# x	y	r	id	split_id	s_prob	t
2.0	0.5	0.0	-1.0	0.0	0.0	0.0
0.23850963758800317	0.09850201217016995	0.033780353705115826	1.0	0.0	0.0	0.0
0.2003365057030929	0.5419910372182638	0.03262521927849731	2.0	0.0	0.0	0.0
0.7528870806195599	0.8776156037364822	0.03405542433523446	3.0	0.0	0.0	0.0
0.4554095529857002	0.7921765654013904	0.03352579854770389	4.0	0.0	0.0	0.0
0.5686251155973493	0.11163044483916941	0.03285193192331179	5.0	0.0	0.0	0.0
0.10679333087390247	0.9593127863780663	0.03413556005372764	6.0	0.0	0.0	0.0
0.9362818211595002	0.2251065740187379	0.03127555158256133	7.0	0.0	0.0	0.0
0.6211020729899955	0.9487538303583887	0.031363226838522294	8.0	0.0	0.0	0.0
0.6884203266352833	0.9732963484471792	0.032219439283679964	9.0	0.0	0.0	0.0
0.033203502234918324	0.23838192276225548	0.03179324317537227	10.0	0.0	0.0	0.0
0.829595122336467	0.45790412344803866	0.031934398412841354	11.0	0.0	0.0	0.0
0.6285341750087328	0.36493999560498563	0.03486214834942922	12.0	0.0	0.0	0.0
0.38431571509710705	0.7831824889271479	0.03434773700558668	13.0	0.0	0.0	0.0
0.12343463154572315	0.587316242822783	0.03278408631415268	14.0	0.0	0.0	0.0
0.5055170897111175	0.15134238016022591	0.031807294672019495	15.0	0.0	0.0	0.0
0.30633863859411875	0.1073757040651728	0.033674390947700555	16.0	0.0	0.0	0.0
0.7027517207650937	0.3846105602389448	0.032143007051147726	17.0	0.0	0.0	0.0
0.3117828488978935	0.7373503212646865	0.03232253010204413	18.0	0.0	0.0	0.0
0.9655492125339123	0.5477086600922227	0.03534618414084323	19.0	0.0	0.0002655225921159854	0.0
0.885722957739082	0.7560052936974829	0.033588100065942025	20.0	0.0	0.0	0.0
0.36872322941943925	0.9368616522170202	0.029053445415659032	21.0	0.0	0.0	0.0
0.8807338168144052	0.5396013060896228	0.029877202284132508	22.0	0.0	0.0	0.0
0.26145669953888606	0.4354529892869926	0.03417043252083472	23.0	0.0	0.0	0.0
0.1607801280559874	0.36174868369614366	0.033032902780026234	24.0	0.0	0.0	0.0
0.5153868243304414	0.8730995823156178	0.03266032960480248	25.0	0.0	0.0	0.0
0.4198619238973774	0.706113884450714	0.031761110581455206	26.0	0.0	0.0	0.0
0.9068944512972366	0.3074060275995988	0.031433525787354255	27.0	0.0	0.0	0.0
0.11673567158691789	0.7965334412389209	0.03602834433411085	28.0	0.0	0.006959782259428948	0.0
0.16050155792346865	0.21552891845093422	0.030766453382869187	29.0	0.0	0.0	0.0
0.10055690471805635	0.04131085623751827	0.0325243416210978	30.0	0.0	0.0	0.0
0.1573642585912987	0.48393893669496957	0.03308234227540315	31.0	0.0	0.0	0.0
0.8447842566100506	0.3205391482151236	0.031498480648780525	32.0	0.0	0.0	0.0
0.8760996682413688	0.1803223732884981	0.03170786769555962	33.0	0.0	0.0	0.0
0.28702604677785515	0.26145669953888606	0.030730837680410225	34.0	0.0	0.0	0.0
0.9655492125339123	0.4379475597493311	0.0343949349333217	35.0	0.0	0.0	0.0
0.0877652300993908	0.5193958020139726	0.0317426337962147	36.0	0.0	0.0	0.0
0.7335541595364369	0.7466506544637138	0.033635406819682974	37.0	0.0	0.0	0.0
0.7198340219935755	0.11490068487650242	0.02792006537243201	38.0	0.0	0.0	0.0
0.19841290174811632	0.28945197760116326	0.031762808666540056	39.0	0.0	0.0	0.0
0.5563876762637054	0.705929954481899	0.03464039776287136	40.0	0.0	0.0	0.0
0.2739295518505783	0.9175287311338973	0.03401263867655246	41.0	0.0	0.0	0.0
0.9678026118864939	0.33253273059111443	0.03211135445719564	42.0	0.0	0.0	0.0
0.6361288146914533	0.7176655381407342	0.03352423655398804	43.0	0.0	0.0	0.0
0.5855175635026637	0.8781495622092192	0.031433569444540975	44.0	0.0	0.0	0.0
0.32615170103424107	0.032168092964519286	0.032168092964519286	45.0	0.0	0.0	0.0
0.5044786550973929	0.06388157261728217	0.03365080239280804	46.0	0.0	0.0	0.0
0.19524620943455884	0.6253032201856134	0.03190450392206477	47.0	0.0	0.0	0.0
0.17882723046506546	0.8398006618270418	0.03159204485789389	48.0	0.0	0.0	0.0
0.7404142283078676	0.4416894154428388	0.03224297579740713	49.0	0.0	0.0	0.0
0.3222784571120818	0.8381624373363794	0.03410516088773629	50.0	0.0	0.0	0.0
0.7478979396948829	0.27517683708174756	0.034400892572713206	51.0	0.0	0.0	0.0
0.11920950781094447	0.28946624122686815	0.034397928009588456	52.0	0.0	0.0	0.0
0.5515411981717127	0.9438025382597232	0.03249251295717942	53.0	0.0	0.0	0.0
0.4080127142012697	0.3244446037129318	0.034710579630949506	54.0	0.0	0.0	0.0
0.6216437200512197	0.9511025850058975	0.031394590065360814	8.0	0.0	0.0	1.0
0.517657329351778	0.8756351104627784	0.03269298993440728	25.0	0.0	0.0	1.0
0.3200637628402971	0.10657921154868978	0.03370806533864825	16.0	0.0	0.0	1.0
0.4531837512869708	0.7902209715057632	0.03355932434625159	4.0	0.0	0.0	1.0
0.8748595223392881	0.17923277857878953	0.03173957556325517	33.0	0.0	0.0	1.0
0.842527375473183	0.32044673929475265	0.0315299791294293	32.0	0.0	0.0	1.0
0.5026164256320286	0.06665204599915193	0.03368445319520084	46.0	0.0	0.0	1.0
0.8815936435970225	0.5380175040038475	0.029907079486416636	22.0	0.0	0.0	1.0
0.08733120465827227	0.5117440969296647	0.03177437643001091	36.0	0.0	0.0	1.0
0.8846502613924637	0.7565574007664327	0.03362168816600796	20.0	0.0	0.0	1.0
0.16116250530315127	0.3644917122965711	0.033065935682806254	24.0	0.0	0.0	1.0
0.418667135727921	0.7064013244553592	0.03179287169203666	26.0	0.0	0.0	1.0
0.7145914356083023	0.11528092027432327	0.02794798543780444	38.0	0.0	0.0	1.0
0.17820246823656813	0.8409689568012163	0.03162363690275178	48.0	0.0	0.0	1.0
0.9666609051336779	0.3339447403568068	0.03214346581165283	42.0	0.0	0.0	1.0
0.23076393093163694	0.10493365807889189	0.03381413405882094	1.0	0.0	0.0	1.0
0.5944807375942681	0.8823425249916976	0.03146500301398551	44.0	0.0	0.0	1.0
0.4983487412363224	0.1511392393562485	0.03183910196669151	15.0	0.0	0.0	1.0
0.7446849578812731	0.27471863330882645	0.03443529346528591	51.0	0.0	0.0	1.0
0.8278828327493049	0.45564452575198805	0.03196633281125419	11.0	0.0	0.0	1.0
0.3812195716690798	0.7755208081598495	0.034382084742592266	13.0	0.0	0.0	1.0
0.968594881620003	0.5520021516666321	0.03538153032498407	19.0	0.0	0.0003554407048085295	1.0
0.568653032551356	0.11384744515721854	0.0328847838552351	5.0	0.0	0.0	1.0
0.15726795698965965	0.48502869315765035	0.03311542461767855	31.0	0.0	0.0	1.0
0.6236059125460349	0.3634545478340867	0.034897010497778644	12.0	0.0	0.0	1.0
0.1109042907978543	0.8018553817282017	0.03606437267844496	28.0	0.0	0.007717224388585464	1.0
0.743700578003314	0.44109333620325664	0.03227521877320453	49.0	0.0	0.0	1.0
0.2538041382848302	0.43868647247881887	0.034204602953355555	23.0	0.0	0.0	1.0
0.11015076742521596	0.29023802994978737	0.03443232593759804	52.0	0.0	0.0	1.0
0.10256492177116878	0.03851758012933118	0.032556865962718895	30.0	0.0	0.0	1.0
0.5510441433194432	0.9420115543308446	0.0325250054701366	53.0	0.0	0.0	1.0
0.6872338325077941	0.9732776721492434	0.03225165872296364	9.0	0.0	0.0	1.0
0.035902336074637796	0.23624156207816052	0.03182503641854764	10.0	0.0	0.0	1.0
0.964742190817288	0.4391161271930265	0.03442932986825502	35.0	0.0	0.0	1.0
0.3613166116782502	0.9335658758266571	0.02908249886107469	21.0	0.0	0.0	1.0
0.32602687681039	0.033403065060241634	0.0322002610574838	45.0	0.0	0.0	1.0
0.10404257873313802	0.9628037937534306	0.034169695613781366	6.0	0.0	0.0	1.0
0.27560792301115167	0.918808913009738	0.03404665131522901	41.0	0.0	0.0	1.0
0.7304704227868022	0.7608361353308393	0.03366904222650265	37.0	0.0	0.0	1.0
0.2763478020330191	0.26318589117124774	0.030761568518090632	34.0	0.0	0.0	1.0
0.11920687127799555	0.5822849462171049	0.03281687040046683	14.0	0.0	0.0	1.0
0.20825391359993606	0.6250984692704388	0.031936408425986836	47.0	0.0	0.0	1.0
0.9372655175601305	0.22430605386747385	0.031306827134143886	7.0	0.0	0.0	1.0
0.20189137299007404	0.5415647791857405	0.032657844497775805	2.0	0.0	0.0	1.0
0.2020973432166337	0.2875261919479973	0.03179457147520659	39.0	0.0	0.0	1.0
0.5210420841683366	0.052104208416833664	0.07795591182364729	-2.0	-1.0	507.28123869475417	1.0
0.32361761642847287	0.8409115366038414	0.03413926604862402	50.0	0.0	0.0	1.0
0.4073769811134852	0.32579252018475374	0.034745290210580454	54.0	0.0	0.0	1.0
0.6428542631996843	0.7234999152044099	0.03355776079054203	43.0	0.0	0.0	1.0
0.9078538909892809	0.30640018050839773	0.031464959313141604	27.0	0.0	0.0	1.0
0.7002855622102399	0.3847894263005186	0.03217515005819887	17.0	0.0	0.0	1.0
0.5564313362056957	0.7093971703269744	0.034675038160634226	40.0	0.0	0.0	1.0
0.7593427281000533	0.8872197904600247	0.03408947975956969	3.0	0.0	0.0	1.0
0.14874863878001282	0.21578793852213551	0.030797219836252054	29.0	0.0	0.0	1.0
0.3151491062936504	0.7352530661227702	0.03235485263214617	18.0	0.0	0.0	1.0
0.6867951418681661	0.9718386403286097	0.032283910381686605	9.0	0.0	0.0	2.0
0.8419078853744579	0.3215068440064962	0.031561509108558726	32.0	0.0	0.0	2.0
0.5669073974795555	0.11362088816805845	0.03291766863909033	5.0	0.0	0.0	2.0
0.11107258017166453	0.8002890068367723	0.036100437051123396	28.0	0.0	0.008528557606439335	2.0
0.10286780154842454	0.9621123227979268	0.03420386530939514	6.0	0.0	0.0	2.0
0.7418679449113628	0.44106448919859037	0.03230749399197773	49.0	0.0	0.0	2.0
0.7430672305381365	0.2755003801000198	0.03446972875875119	51.0	0.0	0.0	2.0
0.03375091809518975	0.2342531257176582	0.03185686145496618	10.0	0.0	0.0	2.0
0.12066618536674886	0.5764614683615404	0.032849687270867296	14.0	0.0	0.0	2.0
0.516293926794121	0.8711627568550844	0.032725682924341686	25.0	0.0	0.0	2.0
0.2661578378508487	0.261204792904752	0.03079233008660872	34.0	0.0	0.0	2.0
0.7724899702437964	0.889690035849499	0.03412356923932926	3.0	0.0	0.0	2.0
0.3625393042853939	0.9371662605705205	0.02911158135993576	21.0	0.0	0.0	2.0
0.9049895773784069	0.30697578851652807	0.03149642427245474	27.0	0.0	0.0	2.0
0.49947299922919436	0.06880833770313532	0.033718137648396034	46.0	0.0	0.0	2.0
0.9679296453273113	0.33446209990527087	0.03217560927746448	42.0	0.0	0.0	2.0
0.16065343030201967	0.3655041863847865	0.033099001618489055	24.0	0.0	0.0	2.0
0.5918297073028345	0.875367983451091	0.03149646801699949	44.0	0.0	0.0	2.0
0.2019487091287709	0.29047476340904776	0.03182636604668179	39.0	0.0	0.0	2.0
0.42463189252136446	0.7102757727012255	0.03182466456372869	26.0	0.0	0.0	2.0
0.5474494008540252	0.7013029705970816	0.03470971319879486	40.0	0.0	0.0	2.0
0.9355223169449478	0.2256356845748729	0.03133813396127803	7.0	0.0	0.0	2.0
0.2531754383126029	0.43642114594351944	0.034238807556308905	23.0	0.0	0.0	2.0
0.3068111637729022	0.7340639910071803	0.032387207484778316	18.0	0.0	0.0	2.0
0.32473603007193097	0.8397390261069754	0.034173405314672646	50.0	0.0	0.0	2.0
0.1150111744982905	0.29727589937969434	0.03446675826353564	52.0	0.0	0.0	2.0
0.6978533612627112	0.3919513729208955	0.032207325208257066	17.0	0.0	0.0	2.0
0.20281685258992976	0.539430915314665	0.032690502342273574	2.0	0.0	0.0	2.0
0.19664616685793815	0.6240358589672909	0.03196834483441282	47.0	0.0	0.0	2.0
0.6438329042730975	0.7253867098006753	0.033591318551332565	43.0	0.0	0.0	2.0
0.9628409061485818	0.4427817547007358	0.03446375919812327	35.0	0.0	0.0	2.0
0.3186972399325904	0.10625954352843714	0.033741773403986895	16.0	0.0	0.0	2.0
0.1867556750766459	0.8431409557707784	0.03165526053965453	48.0	0.0	0.0	2.0
0.71678406150389	0.11467982434276804	0.02797593342324224	38.0	0.0	0.0	2.0
0.08843454205836754	0.5110566925622699	0.03180615080644092	36.0	0.0	0.0	2.0
0.2885632848196824	0.9139958082548676	0.034080697966544234	41.0	0.0	0.0	2.0
0.3710475219017796	0.7680616688395991	0.03441646682733485	13.0	0.0	0.0	2.0
0.151957189037615	0.21817196763474106	0.030828017056088303	29.0	0.0	0.0	2.0
0.6184329124103471	0.9539733473141563	0.03142598465542617	8.0	0.0	0.0	2.0
0.10132338264545648	0.037248377512179034	0.03258942282868161	30.0	0.0	0.0	2.0
0.5489148291194257	0.9441610726119116	0.03255753047560673	53.0	0.0	0.0	2.0
0.9712225181764677	0.5526694129640303	0.03541691185530905	19.0	0.0	0.00046378073946584664	2.0
0.3225173087806162	0.03173428243250857	0.03223246131854128	45.0	0.0	0.0	2.0
0.5003998119287271	0.1510034541309402	0.031870941068658204	15.0	0.0	0.0	2.0
0.15504761816475238	0.48360625304679766	0.033148540042296226	31.0	0.0	0.0	2.0
0.44363246375692367	0.7985067851322714	0.03359288367059784	4.0	0.0	0.0	2.0
0.8796139307762275	0.5344779000190942	0.02993698656590305	22.0	0.0	0.0	2.0
0.39977639809360555	0.32958418885301793	0.03478003550079103	54.0	0.0	0.0	2.0
0.8791284325838734	0.1678520854043546	0.03177131513881842	33.0	0.0	0.0	2.0
0.8821663218397445	0.7599672131146155	0.03365530985417396	20.0	0.0	0.0	2.0
0.8351843026144806	0.4479898891069991	0.03199829914406544	11.0	0.0	0.0	2.0
0.23467851163717968	0.1064160946457379	0.03384794819287976	1.0	0.0	0.0	2.0
0.6199848489358282	0.3615618885506313	0.03493190750827642	12.0	0.0	0.0	2.0
0.7318781716776126	0.7604118199727049	0.03370271126872915	37.0	0.0	0.0	2.0
0.5006432522139931	0.06628606543240552	0.03375185578604443	46.0	0.0	0.0	3.0
0.1867556750766459	0.8509012955947955	0.03168691580019418	48.0	0.0	0.0	3.0
0.307937975067043	0.7359922509819932	0.03241959469226309	18.0	0.0	0.0	3.0
0.15415718083859664	0.36732914557582635	0.03313210062010754	24.0	0.0	0.0	3.0
0.07769996259614144	0.5145986808019903	0.03183795695724736	36.0	0.0	0.0	3.0
0.15712614738609282	0.4874312605462986	0.03318168858233852	31.0	0.0	0.0	3.0
0.6187815622569405	0.3721345072218187	0.03496683941578469	12.0	0.0	0.0	3.0
0.26556390920289896	0.26216481476991754	0.030823122416695325	34.0	0.0	0.0	3.0
0.25206967341497744	0.43704418186928634	0.03427304636386521	23.0	0.0	0.0	3.0
0.9726793058850605	0.5516565563694349	0.03545232876716435	19.0	0.0	0.0005923011836301839	3.0
0.716211006346881	0.10457707772226088	0.02800390935666548	38.0	0.0	0.0	3.0
0.1140254970644469	0.8001308331177651	0.03613653748817452	28.0	0.0	0.009395746046223508	3.0
0.14441701109731814	0.21978626263343143	0.03085884507314439	29.0	0.0	0.0	3.0
0.2033241888008129	0.28990375247470573	0.03185819241272847	39.0	0.0	0.0	3.0
0.32372355984594636	0.8407356847229489	0.034207578719987315	50.0	0.0	0.0	3.0
0.6196900583148985	0.9533162616832382	0.03145741064008159	8.0	0.0	0.0	3.0
0.9609954411543495	0.44069458595341027	0.03449822295732139	35.0	0.0	0.0	3.0
0.3191780197567515	0.10812814964013359	0.03377551517739088	16.0	0.0	0.0	3.0
0.10106115406914039	0.036004423451409105	0.03262201225151029	30.0	0.0	0.0	3.0
0.7034339221494395	0.380918515134408	0.03223953253346532	17.0	0.0	0.0	3.0
0.5066707861277363	0.15433160315880784	0.03190281200972686	15.0	0.0	0.0	3.0
0.9073928166247219	0.3143563844085938	0.03152792069672719	27.0	0.0	0.0	3.0
0.8813948887893484	0.5360626320439937	0.02996692355246895	22.0	0.0	0.0	3.0
0.875967213137073	0.7668899084864491	0.03368896516402813	20.0	0.0	0.0	3.0
0.28599020446059514	0.9137928949367827	0.03411477866451077	41.0	0.0	0.0	3.0
0.6417172522203056	0.7251930362377401	0.033624909869883896	43.0	0.0	0.0	3.0
0.35702789783866873	0.9431671959024325	0.029140692941295693	21.0	0.0	0.0	3.0
0.7404641314788095	0.27565625705600577	0.03450419848750994	51.0	0.0	0.0	3.0
0.36472945891783565	0.5410821643286573	0.03987975951903807	-2.0	-1.0	0.7436613895499136	3.0
0.5150784227665037	0.8712201936138476	0.032758408607266025	25.0	0.0	0.0	3.0
0.0399999255212082	0.22802375857332846	0.03188871831642114	10.0	0.0	0.0	3.0
0.3699335946106532	0.7660700357921287	0.03445088329416218	13.0	0.0	0.0	3.0
0.8780929473676995	0.1675821837958257	0.03180308645395724	33.0	0.0	0.0	3.0
0.9389346137013164	0.22954420951867222	0.0313694720952393	7.0	0.0	0.0	3.0
0.443094458213924	0.8000910156558001	0.03362647655426843	4.0	0.0	0.0	3.0
0.732072088550398	0.7569931385295136	0.03373641397999788	37.0	0.0	0.0	3.0
0.5487371661393018	0.7012014173261053	0.03474442291199365	40.0	0.0	0.0	3.0
0.8330327371034407	0.4430290580838454	0.0320302974432095	11.0	0.0	0.0	3.0
0.6860262659693274	0.9693165056291192	0.032316194292068286	9.0	0.0	0.0	3.0
0.20125883804018632	0.5383183194370632	0.03272319284461584	2.0	0.0	0.0	3.0
0.7716510139742695	0.8883528431543467	0.034157692808568584	3.0	0.0	0.0	3.0
0.8377437278643894	0.3128199437398716	0.03159307061766728	32.0	0.0	0.0	3.0
0.9647709689069336	0.34557151094081784	0.03220778488674195	42.0	0.0	0.0	3.0
0.4004689146413869	0.3288938488461086	0.034814815536291815	54.0	0.0	0.0	3.0
0.5536073965876627	0.9526764912662801	0.03259008800608233	53.0	0.0	0.0	3.0
0.5680945687624952	0.11303795450426549	0.03295058630772942	5.0	0.0	0.0	3.0
0.10568822443851476	0.9759219803122452	0.03423806917470453	6.0	0.0	0.0	3.0
0.32285812776511913	0.03299301900393728	0.03226469377985982	45.0	0.0	0.0	3.0
0.23199516866259695	0.10671293696994055	0.03388179614107263	1.0	0.0	0.0	3.0
0.5923059483888532	0.8791302001089092	0.03152796448501649	44.0	0.0	0.0	3.0
0.12016919593117525	0.2954331911096678	0.03450122502179917	52.0	0.0	0.0	3.0
0.1943769743090876	0.6227384083742178	0.03200031317924723	47.0	0.0	0.0	3.0
0.4260597940576296	0.7109657885118943	0.031856489228292414	26.0	0.0	0.0	3.0
0.7610728075153291	0.44219465747270204	0.0323398014859697	49.0	0.0	0.0	3.0
0.1295083748506332	0.5800670853206084	0.03288253695813816	14.0	0.0	0.0	3.0
0.07549410520072286	0.5121039184352352	0.0318697949142046	36.0	0.0	0.0	4.0
0.0338852872966388	0.23256708012669516	0.031920607034737564	10.0	0.0	0.0	4.0
0.2635964533131454	0.2601021944716491	0.030853945539112016	34.0	0.0	0.0	4.0
0.3178608322009972	0.10814058908833327	0.033809290692568265	16.0	0.0	0.0	4.0
0.4068688930161386	0.31809846313674384	0.0348496303518281	54.0	0.0	0.0	4.0
0.9690454563197645	0.5482121453980097	0.03548778109593151	19.0	0.0	0.0007427708804641497	4.0
0.7587968155381335	0.45333861387046154	0.03237214128745567	49.0	0.0	0.0	4.0
0.18520221273863366	0.8532124103834116	0.031718602715994366	48.0	0.0	0.0	4.0
0.20223150941505286	0.29122085633843	0.0318900506051412	39.0	0.0	0.0	4.0
0.22966970758828445	0.10794711219825515	0.0339156779372137	1.0	0.0	0.0	4.0
0.8767795512690623	0.7674322332417928	0.033722654129192155	20.0	0.0	0.0	4.0
0.1568292932563918	0.4780041135280414	0.033214870270920856	31.0	0.0	0.0	4.0
0.28389899342903363	0.9049785414200859	0.03414889344317528	41.0	0.0	0.0	4.0
0.6968629361076003	0.9740756774881028	0.03234851048636035	9.0	0.0	0.0	4.0
0.6428761999073417	0.7200189143760767	0.03365853477975377	43.0	0.0	0.0	4.0
0.6264771444238011	0.9546019862983118	0.031488868050721666	8.0	0.0	0.0	4.0
0.958685268824508	0.44302667844373833	0.03453272118027871	35.0	0.0	0.0	4.0
0.24280666055069855	0.4365480063089324	0.03430731941022907	23.0	0.0	0.0	4.0
0.8280107825606907	0.3124214243172703	0.03162466368828494	32.0	0.0	0.0	4.0
0.5108118666349949	0.15069324140990703	0.031934714821736584	15.0	0.0	0.0	4.0
0.4272369035925559	0.7000096908200115	0.0318883457175207	26.0	0.0	0.0	4.0
0.4496868257717416	0.8011585569128914	0.033660103030822695	4.0	0.0	0.0	4.0
0.20278808297542775	0.5414576368280454	0.032755916037460454	2.0	0.0	0.0	4.0
0.09400901845658696	0.03161078210551522	0.0326546342637618	30.0	0.0	0.0	4.0
0.7707864701500031	0.8888690675524822	0.03419185050137715	3.0	0.0	0.0	4.0
0.7056021514217511	0.3794511660080903	0.03227177206599879	17.0	0.0	0.0	4.0
0.8945755927306364	0.532089782091975	0.029996890476021415	22.0	0.0	0.0	4.0
0.5503443624325797	0.7021887458331177	0.03477916733490564	40.0	0.0	0.0	4.0
0.30706417266384356	0.7342813134887188	0.03245201428695535	18.0	0.0	0.0	4.0
0.19750543900146708	0.6167986048476399	0.032032313492426474	47.0	0.0	0.0	4.0
0.15362377353937492	0.36896729447318244	0.03316523272072764	24.0	0.0	0.0	4.0
0.840460415615332	0.4459493479193491	0.03206232774065271	11.0	0.0	0.0	4.0
0.5708622548833578	0.10471642826729168	0.03298353689403715	5.0	0.0	0.0	4.0
0.3595828712483208	0.9397058728682453	0.029169833634236985	21.0	0.0	0.0	4.0
0.7332058767238206	0.27100632138741954	0.03453870268599745	51.0	0.0	0.0	4.0
0.6159874202844282	0.3716639639487004	0.035001806255200475	12.0	0.0	3.771560841414612e-11	4.0
0.8814754661573719	0.1688146599395154	0.03183488954041119	33.0	0.0	0.0	4.0
0.5005048944824454	0.06750173877237466	0.033785607641830466	46.0	0.0	0.0	4.0
0.3239064103560697	0.033925801798806776	0.03229695847363968	45.0	0.0	0.0	4.0
0.12199254481213297	0.291503286736814	0.03453572624682096	52.0	0.0	0.0	4.0
0.6008400579724734	0.8804021221951618	0.03155949244950151	44.0	0.0	0.0	4.0
0.10888354204412959	0.7982938645895549	0.03617267402566269	28.0	0.0	0.010320765044866675	4.0
0.136606528984632	0.5787796196791724	0.0329154194950963	14.0	0.0	0.0	4.0
0.8989698756994531	0.31027252608332406	0.031559448617423914	27.0	0.0	0.0	4.0
0.3224484839667057	0.8462648209662519	0.0342417862987073	50.0	0.0	0.0	4.0
0.37213979430224997	0.7665714992845236	0.03448533417745634	13.0	0.0	0.0	4.0
0.5118111308002006	0.871749285619474	0.032791167015873285	25.0	0.0	0.0	4.0
0.10798086324199935	0.9750372232815385	0.03427230724387923	6.0	0.0	0.0	4.0
0.5491130950023053	0.9471847492182733	0.03262267809408841	53.0	0.0	0.0	4.0
0.9726901336803458	0.3492316634468128	0.032239992671628685	42.0	0.0	0.0	4.0
0.7383175711065858	0.7612773432467415	0.03377015039397788	37.0	0.0	0.0	4.0
0.711363668732089	0.09998243984235423	0.02803191326602214	38.0	0.0	0.0	4.0
0.939847194035674	0.22830790102327847	0.03140084156733453	7.0	0.0	0.0	4.0
0.14076150891969208	0.21696143919058217	0.03088970391821753	29.0	0.0	0.0	4.0
0.8980348041071634	0.31232159886354305	0.031591008066041336	27.0	0.0	0.0	5.0
0.09498072545555965	0.03184455364045232	0.03268728889802556	30.0	0.0	0.0	5.0
0.42221465186006346	0.7106581468559466	0.03192023406323822	26.0	0.0	0.0	5.0
0.7464890069949671	0.7524917836738614	0.033803920544371854	37.0	0.0	0.0	5.0
0.15879801709641989	0.36836190063152213	0.033198397953448366	24.0	0.0	0.0	5.0
0.5965295612475521	0.8821598316540814	0.031591051941951005	44.0	0.0	0.0	5.0
0.9755681001236278	0.3509013208325698	0.03227223266430031	42.0	0.0	0.0	5.0
0.13748552052066282	0.2131610133901035	0.030920593622135745	29.0	0.0	0.0	5.0
0.11102019637465799	0.974720355782651	0.03430657955112311	6.0	0.0	0.0	5.0
0.19905843464191522	0.6171515967461065	0.032064345805918895	47.0	0.0	0.0	5.0
0.8429230844672883	0.4451388808614255	0.032094390068393354	11.0	0.0	0.0	5.0
0.4465188354357407	0.8034511071809818	0.03369376313385351	4.0	0.0	0.0	5.0
0.24336449809483507	0.435729281653473	0.034341626729639294	23.0	0.0	0.0	5.0
0.5744913923240011	0.10932220331468503	0.03301652043093119	5.0	0.0	0.0	5.0
0.8937007131627364	0.5314311365301435	0.03002688736649743	22.0	0.0	0.0	5.0
0.13424706696502256	0.5784127668307326	0.03294833491459139	14.0	0.0	0.0	5.0
0.9665673323659528	0.5476652587573231	0.035523268877027434	19.0	0.0	0.0009169690716390733	5.0
0.8741301646828816	0.7671560198540176	0.03375637678332134	20.0	0.0	0.0	5.0
0.7026327556250869	0.37721568190884636	0.03230404383806478	17.0	0.0	0.0	5.0
0.158920580681002	0.4770418122365465	0.03324808514119177	31.0	0.0	0.0	5.0
0.827132662876625	0.31070203342803826	0.03165628835197322	32.0	0.0	0.0	5.0
0.23159309096045366	0.1071486467910494	0.03394959361515091	1.0	0.0	0.0	5.0
0.3247851025685516	0.033466526527152846	0.03232925543211331	45.0	0.0	0.0	5.0
0.18154920391177382	0.8543386147198793	0.031750321318710355	48.0	0.0	0.0	5.0
0.7354740245863189	0.2735392172380093	0.034573241388683444	51.0	0.0	0.0	5.0
0.07905854058733591	0.5134026788717291	0.0319016647091188	36.0	0.0	0.0	5.0
0.510461953918852	0.8632482385662568	0.032823958182889156	25.0	0.0	0.0	5.0
0.6462412622999085	0.7248915247122711	0.03369219331453352	43.0	0.0	0.0	5.0
0.7118679041867105	0.10184471757981298	0.02805994517928816	38.0	0.0	0.0	5.0
0.12673546326190965	0.3030306054664303	0.03457026197306778	52.0	0.0	0.0	5.0
0.5139463158844308	0.14957345630837754	0.03196664953655832	15.0	0.0	0.0	5.0
0.9399106590179278	0.22998719584245753	0.03143224240890186	7.0	0.0	0.0	5.0
0.40911686430411615	0.3172309438402711	0.034884479982179924	54.0	0.0	0.0	5.0
0.6909813262660228	0.9739090010275344	0.03238085899684671	9.0	0.0	0.0	5.0
0.7601659485215708	0.45284948975491185	0.03240451342874312	49.0	0.0	0.0	5.0
0.5472755991494284	0.7036716878503333	0.03481394650224054	40.0	0.0	0.0	5.0
0.28525867227838647	0.9058138156762318	0.03418304233661845	41.0	0.0	0.0	5.0
0.3801361455136535	0.7728734043610573	0.03451981951163379	13.0	0.0	0.0	5.0
0.5462519597285137	0.9484795299770729	0.0326553007721825	53.0	0.0	0.0	5.0
0.10980597842569713	0.7996661903362647	0.036208846699688345	28.0	0.0	0.011305601188965397	5.0
0.6172059618534022	0.372006282797212	0.03503680806145567	12.0	0.0	3.191602644392333e-07	5.0
0.9583406340958152	0.4417213270896351	0.03456725390145898	35.0	0.0	0.0	5.0
0.32124658026212616	0.844759070983497	0.034276028085006	50.0	0.0	0.0	5.0
0.03496283550199913	0.23355049171148037	0.031952527641772296	10.0	0.0	0.0	5.0
0.35810673640700186	0.9378080376983631	0.02919900346787122	21.0	0.0	0.0	5.0
0.3112527553080038	0.7251927971373833	0.0324844663012423	18.0	0.0	0.0	5.0
0.2699687161268192	0.2586514577555706	0.030884799484651126	34.0	0.0	0.0	5.0
0.6189144833914075	0.9608359408330287	0.031520356918772384	8.0	0.0	0.0	5.0
0.3153524200513544	0.10854679117522346	0.03384309998326083	16.0	0.0	0.0	5.0
0.8830417728777613	0.16902797837709868	0.0318667244299516	33.0	0.0	0.0	5.0
0.7621883759097808	0.8815045116955452	0.034226042351878525	3.0	0.0	0.0	5.0
0.20172988343573744	0.5415076404070576	0.03278867195349791	2.0	0.0	0.0	5.0
0.5093029529568527	0.06154765283664255	0.03381939324947229	46.0	0.0	0.0	5.0
0.19443582717308697	0.2961652073761847	0.031921940655746335	39.0	0.0	0.0	5.0
0.15550848266530407	0.48172574825841946	0.033281333226332956	31.0	0.0	0.0	6.0
0.7610759571990315	0.4538918350926351	0.03243691794217186	49.0	0.0	0.0	6.0
0.10993237819062888	0.7983317107542127	0.03624505554638803	28.0	0.0	0.012352252360926741	6.0
0.6886721566416714	0.9735499677194399	0.03241323985584355	9.0	0.0	0.0	6.0
0.07905854058733591	0.5168863976567207	0.03193356637382792	36.0	0.0	0.0	6.0
0.8945297555830705	0.5237147180674693	0.030056914253863927	22.0	0.0	0.0	6.0
0.9420944163127724	0.2172644799172052	0.03146367465131076	7.0	0.0	0.0	6.0
0.8274006214000306	0.30743537554360545	0.03168794464032519	32.0	0.0	0.0	6.0
0.3233789725985609	0.0342356380234421	0.03236158468754542	45.0	0.0	0.0	6.0
0.38434600013828074	0.7706069968719015	0.03455433933114542	13.0	0.0	0.0	6.0
0.3127228713790587	0.7271584004721537	0.03251695076754354	18.0	0.0	0.0	6.0
0.24246368287719605	0.4362368400361562	0.03437596835636893	23.0	0.0	0.0	6.0
0.09518679114735165	0.030728474976917716	0.03271997618692358	30.0	0.0	0.0	6.0
0.18467239706942662	0.8513026745883097	0.03178207164002906	48.0	0.0	0.0	6.0
0.5124692928808859	0.15079097673027533	0.031998616186094876	15.0	0.0	0.0	6.0
0.030954822829657825	0.23749591179426371	0.03198448016941406	10.0	0.0	0.0	6.0
0.20100681925231542	0.5347776279519555	0.0328214606254514	2.0	0.0	0.0	6.0
0.12813998539936786	0.2997599836342017	0.03460483223504084	52.0	0.0	0.0	6.0
0.9732409121847516	0.3495315437474589	0.032304504896964605	42.0	0.0	0.0	6.0
0.7026036858930953	0.3725984045567857	0.032336347881902844	17.0	0.0	0.0	6.0
0.10950871134911282	0.9741588171802651	0.03434088613067423	6.0	0.0	0.0	6.0
0.41253019467302754	0.3162021179556478	0.0349193644621621	54.0	0.0	0.0	6.0
0.9618822574122334	0.5542698271692811	0.035558792145904454	19.0	0.0	0.0011166854404933702	6.0
0.6176703146496896	0.3693009323765363	0.03507184486951712	12.0	0.0	2.37337987130104e-06	6.0
0.543882752680877	0.9474959871756643	0.032687956072954674	53.0	0.0	0.0	6.0
0.20069960186110394	0.6184700708889713	0.03209641015172481	47.0	0.0	0.0	6.0
0.7141408075208372	0.10402646045157746	0.028088005124467446	38.0	0.0	0.0	6.0
0.5971988039840725	0.8830091743827406	0.03162264299389295	44.0	0.0	0.0	6.0
0.7550785341684448	0.8795553889777489	0.0342602683942304	3.0	0.0	0.0	6.0
0.7379499288111486	0.2811429747827259	0.03460781463007213	51.0	0.0	0.0	6.0
0.27115673287606723	0.2601591818330036	0.030915684284135773	34.0	0.0	0.0	6.0
0.28869258073762055	0.9071639021068032	0.034217225378955066	41.0	0.0	0.0	6.0
0.23046092184368736	0.03406813627254509	0.04969939879759519	-2.0	-1.0	20.327252956521676	6.0
0.32029275280664066	0.845312435689853	0.034310304113091	50.0	0.0	0.0	6.0
0.8432940988727835	0.4483987805176278	0.032126484458461745	11.0	0.0	0.0	6.0
0.41865741256218403	0.7007989631581536	0.03195215429730145	26.0	0.0	0.0	6.0
0.5427579185440286	0.71427032890308	0.03484876044874278	40.0	0.0	0.0	6.0
0.353671647360471	0.9463587743006658	0.029228202471339088	21.0	0.0	0.0	6.0
0.898088550678661	0.31338781193166115	0.031622599074107374	27.0	0.0	0.0	6.0
0.3143404133313336	0.10724567565945084	0.033876943083244085	16.0	0.0	0.0	6.0
0.13615654142101152	0.5789752202163506	0.03298128324950598	14.0	0.0	0.0	6.0
0.19920784941857428	0.2940417660429696	0.03195386259640208	39.0	0.0	0.0	6.0
0.9515276744988941	0.4402178039985633	0.03460182115536044	35.0	0.0	0.0	6.0
0.8608271166510416	0.7662753298900005	0.03379013316010466	20.0	0.0	0.0	6.0
0.6204425834345618	0.9640759031038892	0.03155187727569115	8.0	0.0	0.0	6.0
0.5077291279313741	0.06094029473283747	0.03385321264272176	46.0	0.0	0.0	6.0
0.1361909073083552	0.21457061550201323	0.030951514215757876	29.0	0.0	0.0	6.0
0.6420470520477363	0.7240211553861613	0.03372588550784805	43.0	0.0	0.0	6.0
0.8754321844041708	0.1701621100111041	0.031898591154381546	33.0	0.0	0.0	6.0
0.1637492062418134	0.3771406165216134	0.03323159635140181	24.0	0.0	0.0	6.0
0.45781540584357205	0.8102397501337705	0.03372745689698736	4.0	0.0	0.0	6.0
0.5115889623000489	0.8602436927087541	0.032856782141072044	25.0	0.0	0.0	6.0
0.5715954185771328	0.10790020076899508	0.03304953695136211	5.0	0.0	0.0	6.0
0.7452035222513531	0.7531949058003491	0.03383772446491622	37.0	0.0	0.0	6.0
0.2326421015320533	0.10742913853387717	0.03398354320876606	1.0	0.0	0.0	6.0
0.6434485136276963	0.7238392669026469	0.0337596113933559	43.0	0.0	0.0	7.0
0.3213443838689113	0.8466822038259622	0.034344614417204086	50.0	0.0	0.0	7.0
0.7428542482680421	0.7540845667679896	0.03387156218938114	37.0	0.0	0.0	7.0
0.5402509554611725	0.9471173519779926	0.03272064402902763	53.0	0.0	0.0	7.0
0.7539702247054053	0.8808576112783439	0.034294528662624627	3.0	0.0	0.0	7.0
0.6202106732009853	0.9659079511348014	0.03158342915296684	8.0	0.0	0.0	7.0
0.08868614813772605	0.5233138811192098	0.031965499940201744	36.0	0.0	0.0	7.0
0.9413413594252825	0.2189712740127713	0.03149513832596207	7.0	0.0	0.0	7.0
0.5094656503954766	0.061154561062586606	0.033887065855364475	46.0	0.0	0.0	7.0
0.4117995973031377	0.31919746411121824	0.03495428382662426	54.0	0.0	0.0	7.0
0.7608359306351777	0.4496602571596087	0.03246935486011403	49.0	0.0	0.0	7.0
0.42130557154996834	0.7052024013684541	0.03198410645159875	26.0	0.0	0.0	7.0
0.3152849975972678	0.10623010123002043	0.033910820026327324	16.0	0.0	0.0	7.0
0.2891705857662587	0.9105929279560864	0.03425144260433402	41.0	0.0	0.0	7.0
0.2012153973032432	0.5330422770359842	0.03285428208607685	2.0	0.0	0.0	7.0
0.5427579185440286	0.7194042063532146	0.034883609209191514	40.0	0.0	0.0	7.0
0.1160975200480526	0.8025608042774641	0.036281300601934414	28.0	0.0	0.013462727785210404	7.0
0.5149882012705276	0.15062421965823242	0.03203061480228097	15.0	0.0	0.0	7.0
0.5127024601033456	0.8596616891370477	0.03288963892321311	25.0	0.0	0.0	7.0
0.9468698342638513	0.44268982604143337	0.03463642297651579	35.0	0.0	0.0	7.0
0.16233061907507546	0.3741812843620661	0.03326482794775321	24.0	0.0	0.0	7.0
0.2663132412828246	0.2616524060474777	0.030946599968419905	34.0	0.0	0.0	7.0
0.08946894851804807	0.02080083848783186	0.032752696163110495	30.0	0.0	0.0	7.0
0.15651099118078557	0.48293416113447885	0.03331461455955929	31.0	0.0	0.0	7.0
0.8891674729354118	0.5282494784580473	0.030086971168117788	22.0	0.0	0.0	7.0
0.8769539004426965	0.1701381570715567	0.031930489745535924	33.0	0.0	0.0	7.0
0.46006091763802975	0.814849459190537	0.033761184353884345	4.0	0.0	0.0	7.0
0.1807678177909142	0.8493240174580726	0.03181385371166909	48.0	0.0	0.0	7.0
0.6872856000033313	0.9734054114253846	0.03244565309569939	9.0	0.0	0.0	7.0
0.825744881412878	0.30730480375889907	0.03171963258496551	32.0	0.0	0.0	7.0
0.12833166571952354	0.2986432412802965	0.03463943706727588	52.0	0.0	0.0	7.0
0.3180431507536559	0.7273426982413306	0.032549467718311076	18.0	0.0	0.0	7.0
0.7398956298670638	0.28182429612269805	0.0346424224447022	51.0	0.0	0.0	7.0
0.10861222218642973	0.965814629528531	0.0343752270168049	6.0	0.0	0.0	7.0
0.84134316818037	0.4479424031319457	0.032158610942920204	11.0	0.0	0.0	7.0
0.13541045042227035	0.21929584501764854	0.03098246572997363	29.0	0.0	0.0	7.0
0.976511285261246	0.3454344066933252	0.032336809401861566	42.0	0.0	0.0	7.0
0.3529142063130185	0.9447786672030937	0.029257430673810425	21.0	0.0	0.0	7.0
0.19815451117770283	0.2964291441016793	0.03198581645899848	39.0	0.0	0.0	7.0
0.7225954752175592	0.10998402036983806	0.028116093129591912	38.0	0.0	0.0	7.0
0.7038185385780414	0.37218157008651087	0.03236868422978474	17.0	0.0	0.0	7.0
0.617676537951137	0.3683124571874106	0.035106916714386635	12.0	0.0	7.821981540701017e-06	7.0
0.20656810619684712	0.6279558778080028	0.03212850656187653	47.0	0.0	0.0	7.0
0.8598065839196131	0.7663106817752177	0.03382392329326476	20.0	0.0	0.0	7.0
0.5982402530001525	0.882723667052125	0.03165426563688684	44.0	0.0	0.0	7.0
0.1435848700786691	0.5707841818202121	0.03301426453275548	14.0	0.0	0.0	7.0
0.8969329566714518	0.3095971303034461	0.03165422167318148	27.0	0.0	0.0	7.0
0.03438192792067527	0.23972201115893318	0.03201646464958347	10.0	0.0	0.0	7.0
0.23391100293524414	0.10652300163643562	0.03401752675197482	1.0	0.0	0.0	7.0
0.9650446038607701	0.5509545203261245	0.035594350938050356	19.0	0.0	0.0013437201551624867	7.0
0.38962741280736823	0.7725313661139895	0.03458889367047656	13.0	0.0	0.0	7.0
0.5722043511011505	0.10897302432246717	0.03308258648831347	5.0	0.0	0.0	7.0
0.3215333124452704	0.03676925635338467	0.032393946272232965	45.0	0.0	0.0	7.0
0.24344593063903555	0.4369860520172906	0.03441034432472529	23.0	0.0	0.0	7.0
0.5667218306528516	0.10790713129654693	0.03311566907480178	5.0	0.0	0.0	8.0
0.3190274344127857	0.8397158952031902	0.03437895903162129	50.0	0.0	0.0	8.0
0.7549262574458728	0.8794544651755501	0.034328823191287244	3.0	0.0	0.0	8.0
0.7432603288240872	0.7529130821181711	0.03390543375157051	37.0	0.0	0.0	8.0
0.7046190567688079	0.37435726785041756	0.03240105291401452	17.0	0.0	0.0	8.0
0.8583575676677303	0.7664157763278856	0.03385774721655802	20.0	0.0	0.0	8.0
0.032656435782980366	0.23984715801226042	0.03204848111423305	10.0	0.0	0.0	8.0
0.13372325716961994	0.21883331057346614	0.0310134481957036	29.0	0.0	0.0	8.0
0.3219660983785003	0.7188874820255207	0.032582017186029384	18.0	0.0	0.0	8.0
0.08800134413721013	0.5134413343763903	0.03199746544014194	36.0	0.0	0.0	8.0
0.2321044999234289	0.10766434458638392	0.034051544278726795	1.0	0.0	0.0	8.0
0.5132585675516987	0.8604890205222377	0.032922528562136316	25.0	0.0	0.0	8.0
0.2088267819089089	0.6214399196164347	0.03216063506843841	47.0	0.0	0.0	8.0
0.20055973390563303	0.5378681183071896	0.03288713636816293	2.0	0.0	0.0	8.0
0.5949500079018148	0.8844698751655643	0.03168591990252373	44.0	0.0	0.0	8.0
0.4222568555288653	0.7047500704363974	0.032016090558050346	26.0	0.0	0.0	8.0
0.964465165077272	0.5534671519512498	0.035629945288988406	19.0	0.0	0.0015998839120356934	8.0
0.6906410350379956	0.9664055970747534	0.032478098748795085	9.0	0.0	0.0	8.0
0.14389536968779748	0.47478054653587237	0.03334792917411884	31.0	0.0	0.0	8.0
0.09112111866958929	0.01942138221729258	0.032785448859273605	30.0	0.0	0.0	8.0
0.7440241677468232	0.28155097816819125	0.034677064867146896	51.0	0.0	0.0	8.0
0.35073725340134637	0.9429140340799846	0.029286688104484232	21.0	0.0	0.0	8.0
0.39637443545596407	0.7726800623030388	0.03462348256414703	13.0	0.0	0.0	8.0
0.13900991120403236	0.5788443911920034	0.033047278797288235	14.0	0.0	0.0	8.0
0.7203205610985944	0.10991955253812886	0.0281442092227215	38.0	0.0	0.0	8.0
0.3166696350553278	0.10477848986652752	0.033944730846353646	16.0	0.0	0.0	8.0
0.9453583856210678	0.21977852934905334	0.03152663346428803	7.0	0.0	0.0	8.0
0.545188057345931	0.7078761682067649	0.034918492818400704	40.0	0.0	0.0	8.0
0.8266217965768398	0.3066093497770321	0.031751352217550474	32.0	0.0	0.0	8.0
0.26554288706677065	0.26717863351725785	0.03097754656838832	34.0	0.0	0.0	8.0
0.5137352947301751	0.05689833598181562	0.033920952921219834	46.0	0.0	0.0	8.0
0.8799220195395897	0.5351190701070027	0.0301170581392859	22.0	0.0	0.0	8.0
0.12790374549625358	0.29342650492316485	0.034674076504343156	52.0	0.0	0.0	8.0
0.7650604014544033	0.44511829653565377	0.03250182421497414	49.0	0.0	0.0	8.0
0.1760811580574947	0.8620617106420705	0.03184566756538075	48.0	0.0	0.0	8.0
0.6196474739753224	0.9669611243177954	0.0316150125821198	8.0	0.0	0.0	8.0
0.4592254029313256	0.813775255702514	0.033794945538238225	4.0	0.0	0.0	8.0
0.2012356003941391	0.2933577385767469	0.032017802275457474	39.0	0.0	0.0	8.0
0.9780091454271522	0.34600164054261523	0.032369146211263425	42.0	0.0	0.0	8.0
0.8962049069261386	0.305914261402836	0.03168587589485466	27.0	0.0	0.0	8.0
0.31844298488471645	0.03826261904175682	0.0324263402185052	45.0	0.0	0.0	8.0
0.6252075756359855	0.36943488162664495	0.03514202363110102	12.0	0.0	1.8334193470082027e-05	8.0
0.8427064189509542	0.4455754512986676	0.03219076955386312	11.0	0.0	0.0	8.0
0.5425706977665897	0.9468755058524453	0.03275336467305665	53.0	0.0	0.0	8.0
0.4142159690474244	0.31915942862703484	0.034989238110450877	54.0	0.0	0.0	8.0
0.1144568744248959	0.8007052804497072	0.036317581902536346	28.0	0.0	0.014639048074826633	8.0
0.8720620479346639	0.17741585695420015	0.03196242023528146	33.0	0.0	0.0	8.0
0.29007120877151854	0.9170536540582648	0.03428569404693835	41.0	0.0	0.0	8.0
0.10677214165360129	0.9663315542401737	0.0344096022438217	6.0	0.0	0.0	8.0
0.6450700308462658	0.7264602753182924	0.03379337100474925	43.0	0.0	0.0	8.0
0.5146460453360782	0.14846832465402499	0.03206264541708325	15.0	0.0	0.0	8.0
0.14991804388446842	0.3747678213628943	0.03329809277570096	24.0	0.0	0.0	8.0
0.2445418370976716	0.44035169391877843	0.03444475466905001	23.0	0.0	0.0	8.0
0.9512665282705438	0.43732167921062964	0.034671059399492304	35.0	0.0	0.0	8.0
0.3228450778603626	0.718259792798756	0.03261459920321541	18.0	0.0	0.0	9.0
0.9393974909737035	0.21320559495397043	0.031558160097752315	7.0	0.0	0.0	9.0
0.7644114774951908	0.44622877004950046	0.03253432603918911	49.0	0.0	0.0	9.0
0.31428658143695243	0.10664409669684013	0.033978675577199996	16.0	0.0	0.0	9.0
0.710912267349817	0.38649041455761307	0.03243345396692853	17.0	0.0	0.0	9.0
0.23269030908629343	0.10631365354124747	0.03408559582300552	1.0	0.0	0.0	9.0
0.5769537978745328	0.10237879469294635	0.03314878474387658	5.0	0.0	0.0	9.0
0.5344672026357286	0.9443212626533847	0.032786118037729704	53.0	0.0	0.0	9.0
0.46117855291744436	0.8023960733677987	0.03382874048377646	4.0	0.0	0.0	9.0
0.9611398120206798	0.5537926889958648	0.03566557523427739	19.0	0.0	0.0018869979792555114	9.0
0.2668871326998291	0.2667174023545675	0.031008524114956706	34.0	0.0	0.0	9.0
0.2120386965749758	0.5467260774807308	0.03292002350453109	2.0	0.0	0.0	9.0
0.897810707042873	0.3079521985792923	0.03171756177074951	27.0	0.0	0.0	9.0
0.02899767590062009	0.23859178173798062	0.03208052959534728	10.0	0.0	0.0	9.0
0.12785251491239913	0.2944428063628831	0.03470875058084749	52.0	0.0	0.0	9.0
0.17455996474384927	0.8623674072843391	0.03187751323294613	48.0	0.0	0.0	9.0
0.6260076200660777	0.3686765448372098	0.03517716565473212	12.0	0.0	3.5589228588150945e-05	9.0
0.6160588577266654	0.9650548178549457	0.031646627594701916	8.0	0.0	0.0	9.0
0.8562922571884947	0.763300998172179	0.03389160496377458	20.0	0.0	0.0	9.0
0.8781559289027403	0.5410458776454278	0.030147175197425182	22.0	0.0	0.0	9.0
0.20954098063604915	0.6221429647990517	0.03219279570350684	47.0	0.0	0.0	9.0
0.42236422080007135	0.7036165496397148	0.032048106648608396	26.0	0.0	0.0	9.0
0.19852880682349391	0.2943440031651059	0.03204982007773293	39.0	0.0	0.0	9.0
0.0800014211221619	0.5185960078240409	0.032029462905582076	36.0	0.0	0.0	9.0
0.5123297334116527	0.05682304674438845	0.03395487387414105	46.0	0.0	0.0	9.0
0.1334719621284647	0.21711002835600315	0.0310444616438993	29.0	0.0	0.0	9.0
0.7183236037929559	0.11238929637583302	0.02817235343194422	38.0	0.0	0.0	9.0
0.248639953886675	0.44933211812559554	0.034479199423719055	23.0	0.0	0.0	9.0
0.7424431071230377	0.28138614374446025	0.03471174193201404	51.0	0.0	0.0	9.0
0.7571757454099614	0.8830905208505992	0.03436315201447853	3.0	0.0	0.0	9.0
0.09557042958163492	0.9704130815739852	0.03444401184606552	6.0	0.0	0.0	9.0
0.9553745500236661	0.4382554219461587	0.03470573045889179	35.0	0.0	0.0	9.0
0.4141459165161582	0.3205491158612082	0.035024227348561324	54.0	0.0	9.101178477521898e-08	9.0
0.3161635678201603	0.8462068133157322	0.03441333799065291	50.0	0.0	0.0	9.0
0.1469801881983441	0.4724637660098704	0.03338127710329296	31.0	0.0	0.0	9.0
0.09422631435624013	0.021275513528443462	0.032818234308132875	30.0	0.0	0.0	9.0
0.5963333379188048	0.8887182244950882	0.03171760582242625	44.0	0.0	0.0	9.0
0.544457863632236	0.7069613784714354	0.0349534113112191	40.0	0.0	0.0	9.0
0.5140710195026161	0.8712224803783303	0.032955451090698445	25.0	0.0	0.0	9.0
0.14931798158983392	0.37870888050341	0.03333139086847666	24.0	0.0	0.0	9.0
0.28518641780164494	0.9133761811684769	0.03431997974098528	41.0	0.0	0.0	9.0
0.9792700341885372	0.34651579847938346	0.03240151535747469	42.0	0.0	0.0	9.0
0.3945377610951483	0.7729302026490503	0.03465810604671118	13.0	0.0	0.0	9.0
0.12859250036701034	0.5784020750085003	0.03308032607608552	14.0	0.0	0.0	9.0
0.31769995401752427	0.03654942436643115	0.0324587665587237	45.0	0.0	0.0	9.0
0.7435889051064717	0.753842036998755	0.03393933918532208	37.0	0.0	0.0	9.0
0.11607883704661384	0.7968326867765838	0.03635389948443888	28.0	0.0	0.01588324527794782	9.0
0.8355550577180597	0.44691912603446987	0.03222296032341698	11.0	0.0	0.0	9.0
0.8247972673166215	0.30688127727460485	0.031783103569768024	32.0	0.0	0.0	9.0
0.3496787433248774	0.937181005446204	0.02931597479258871	21.0	0.0	0.0	9.0
0.5072271709898182	0.15446930431452344	0.03209470806250033	15.0	0.0	0.0	9.0
0.8675792072283908	0.1758777259904375	0.03199438265551674	33.0	0.0	0.0	9.0
0.7017142706153018	0.9679622368194218	0.032510576847543875	9.0	0.0	0.0	9.0
0.6428373163870108	0.7283484311203222	0.033827164375754	43.0	0.0	0.0	9.0
0.22500134246515383	0.1109047824752263	0.034119681418828526	1.0	0.0	0.0	10.0
0.7654474737265453	0.44693943089939775	0.032566860365228295	49.0	0.0	0.0	10.0
0.5107134187348534	0.8697787934093302	0.03298840654178914	25.0	0.0	0.0	10.0
0.5754813698306729	0.09580513980180462	0.03318193352862045	5.0	0.0	0.0	10.0
0.15059045583488415	0.47080250932731166	0.03341465838039625	31.0	0.0	0.0	10.0
0.41517018515047716	0.32053299311290495	0.03505925157590988	54.0	0.0	1.331311523244949e-06	10.0
0.8307081624804386	0.3152138892116559	0.03181488667333779	32.0	0.0	0.0	10.0
0.21343783930127186	0.6242744312088438	0.03222498849921034	47.0	0.0	0.0	10.0
0.4182894798663822	0.7011485650551258	0.032080154755257	26.0	0.0	0.0	10.0
0.2789345280300439	0.9231267385255076	0.03435429972072626	41.0	0.0	0.0	10.0
0.02569193293744259	0.23616768847424677	0.032112610124942625	10.0	0.0	0.0	10.0
0.9783614985089761	0.35679685934988303	0.03243391687283216	42.0	0.0	0.0	10.0
0.6276561810081018	0.37217191497171154	0.03521234282038685	12.0	0.0	6.127632605057443e-05	10.0
0.596400403114391	0.8871974369813058	0.03174932342824867	44.0	0.0	0.0	10.0
0.2006081172539857	0.2921084223067196	0.03208186989781066	39.0	0.0	0.0	10.0
0.5061301313399513	0.15290198602114158	0.032126802770562825	15.0	0.0	0.0	10.0
0.35783232385123714	0.9345989556465605	0.029345290767381297	21.0	0.0	0.0	10.0
0.7028851804058488	0.9662437208734871	0.032543087424391416	9.0	0.0	0.0	10.0
0.7584974179762245	0.881929296648067	0.034397515166493	3.0	0.0	0.0	10.0
0.13048169983861635	0.5780594113576982	0.0331134064021616	14.0	0.0	0.0	10.0
0.7132598007176714	0.11605377191601261	0.02820052578537616	38.0	0.0	0.0	10.0
0.639569826235564	0.7285440926786854	0.033860991540129746	43.0	0.0	0.0	10.0
0.09430169050716418	0.018881805692385966	0.03285105254244101	30.0	0.0	0.0	10.0
0.8791945718979486	0.5407328160068341	0.030177322372622602	22.0	0.0	0.0	10.0
0.0804968907392727	0.5098610650552565	0.032061492368487654	36.0	0.0	0.0	10.0
0.24737033347814788	0.44936009901822327	0.03451367862314277	23.0	0.0	0.0	10.0
0.10978140728787697	0.8059513650518101	0.036390253383923314	28.0	0.0	0.01719736292466223	10.0
0.7432156239975312	0.2845533539555731	0.03474645367394605	51.0	0.0	0.0	10.0
0.21822552937979584	0.5477279480851753	0.03295294352803562	2.0	0.0	0.0	10.0
0.8935336634575332	0.30543474126639114	0.03174927933252026	27.0	0.0	0.0	10.0
0.7096446561151075	0.3923215461933	0.032465887420895456	17.0	0.0	0.0	10.0
0.5356790054389141	0.9423897986245164	0.03281890415576743	53.0	0.0	0.0	10.0
0.31635258854220044	0.8451830524315194	0.034447751328643555	50.0	0.0	0.0	10.0
0.745106183911127	0.7550298599162197	0.0339732785245074	37.0	0.0	0.0	10.0
0.8550154082682443	0.7631189065742027	0.03392549656873835	20.0	0.0	0.0	10.0
0.15094373690505344	0.3760436633320073	0.033364722259345135	24.0	0.0	0.0	10.0
0.9480404892428835	0.5550750535300868	0.03570124080951166	19.0	0.0	0.0022068942404445124	10.0
0.8362695025960608	0.4393762947427429	0.0322551832837404	11.0	0.0	0.0	10.0
0.8704423518513265	0.17451631456689248	0.03202637703817225	33.0	0.0	0.0	10.0
0.9435130400255407	0.21696160196618114	0.031589718257850063	7.0	0.0	0.0	10.0
0.17318920758706632	0.861954241756245	0.03190939074617907	48.0	0.0	0.0	10.0
0.2699676870217758	0.2687740100689949	0.03103953263907166	34.0	0.0	0.0	10.0
0.3940541502391334	0.773892032358634	0.034692764152757884	13.0	0.0	0.0	10.0
0.4605309874445725	0.8034728646632116	0.03386256922426023	4.0	0.0	0.0	10.0
0.13091902583588474	0.21647881851117015	0.031075506105543195	29.0	0.0	0.0	10.0
0.5129960380198556	0.05762620308221111	0.03398882874801518	46.0	0.0	0.0	10.0
0.3165753166355211	0.03498498410201485	0.03249122532528242	45.0	0.0	0.0	10.0
0.9583325312282684	0.43850743673398895	0.03474043618935068	35.0	0.0	0.0	10.0
0.13365409408009327	0.2936898492701667	0.034743459331428334	52.0	0.0	0.0	10.0
0.3146181588369318	0.10865161222400764	0.03401265425277719	16.0	0.0	0.0	10.0
0.5441153844202633	0.7056641914328674	0.03498836472253032	40.0	0.0	0.0	10.0
0.6152392150601736	0.9641510177053083	0.03167827422229662	8.0	0.0	0.0	10.0
0.32452163424514036	0.7184881263581192	0.032647213802418626	18.0	0.0	0.0	10.0
0.09521238376824559	0.9677207462982689	0.03447845585791158	6.0	0.0	0.0	10.0
0.8302928757538052	0.31638799291977554	0.031846701560011126	32.0	0.0	0.0	11.0
0.5092507154586426	0.15029649812616994	0.032158929573333384	15.0	0.0	0.0	11.0
0.7471740931075637	0.761380622597791	0.0340072518030319	37.0	0.0	0.0	11.0
0.9044798789529095	0.3047100786095569	0.03178102861185278	27.0	0.0	0.0	11.0
0.39530724302954406	0.7769375833512993	0.034727456916910635	13.0	0.0	0.0	11.0
0.12778474753322144	0.30335893062616476	0.03477820279075976	52.0	0.0	0.0	11.0
0.9477808258913419	0.5580134243426971	0.03573694205032117	19.0	0.0	0.002561415238517384	11.0
0.15197075300373394	0.47441301941430997	0.03344807303877664	31.0	0.0	0.0	11.0
0.6271256373293116	0.3710284223877951	0.03524755516320723	12.0	0.0	9.709479300568091e-05	11.0
0.3236820187661834	0.7164104235912453	0.03267986101622104	18.0	0.0	0.0	11.0
0.413580616355611	0.7029999168907316	0.032112234910012256	26.0	0.0	0.0	11.0
0.3114792639919066	0.02708522769255553	0.0325237165506077	45.0	0.0	0.0	11.0
0.46039764447836423	0.8046444760164664	0.033896431793484484	4.0	0.0	0.0	11.0
0.5160652836493652	0.05592222507641268	0.0340228175767632	46.0	0.0	0.0	11.0
0.5095644571456434	0.871993961540663	0.03302139494833092	25.0	0.0	0.0	11.0
0.9541622623369466	0.44114219956990375	0.03477517662554003	35.0	0.0	0.0	11.0
0.2483035944513359	0.4461545742779253	0.03454819230176591	23.0	0.0	0.0	11.0
0.09312643663280928	0.01886330632437473	0.032883903594983444	30.0	0.0	0.0	11.0
0.6388293761401094	0.7273639066609743	0.03389485253166987	43.0	0.0	0.0	11.0
0.10570539435656344	0.7941926474515373	0.036426643637307236	28.0	0.0	0.018583456073983484	11.0
0.5355869952984254	0.9412681114057059	0.03285172305992319	53.0	0.0	0.0	11.0
0.12204571760022107	0.21544283309858522	0.031106581611648736	29.0	0.0	0.0	11.0
0.7595465725785607	0.8828165428167009	0.034431912681659495	3.0	0.0	0.0	11.0
0.8657138979258046	0.1744418851936301	0.03205840341521042	33.0	0.0	0.0	11.0
0.09133405329432079	0.958123474501261	0.034512934313769485	6.0	0.0	0.0	11.0
0.12915968906730976	0.5770109659746551	0.03314651980856376	14.0	0.0	0.0	11.0
0.08382370256523711	0.5093008183172462	0.03209355386085614	36.0	0.0	0.0	11.0
0.5725283802288046	0.09609422414605645	0.033215115462149065	5.0	0.0	0.0	11.0
0.17271496506399306	0.8608219415603043	0.03194130013692525	48.0	0.0	0.0	11.0
0.3561658278573125	0.9395061798476232	0.029374636058148676	21.0	0.0	0.0	11.0
0.7116118364956355	0.1137613515994497	0.028228726311161533	38.0	0.0	0.0	11.0
0.555241195109496	0.714374187823443	0.03502335308725285	40.0	0.0	8.15103788909255e-08	11.0
0.9797226837339797	0.35660274054002883	0.03246635078970499	42.0	0.0	0.0	11.0
0.6071189804038897	0.8808885088062847	0.031781072751676916	44.0	0.0	0.0	11.0
0.8799572060231854	0.5420009469094869	0.030207499694995223	22.0	0.0	0.0	11.0
0.3139001519124439	0.10658026436462467	0.03404666690702997	16.0	0.0	0.0	11.0
0.2789345280300439	0.9260255046608389	0.03438865402044698	41.0	0.0	0.0	11.0
0.15649191756858827	0.379849540869396	0.03339808698160448	24.0	0.0	0.0	11.0
0.8519161508192388	0.7617863009721116	0.03395942206530708	20.0	0.0	0.0	11.0
0.7605080168911649	0.4463615074374813	0.032599427225593516	49.0	0.0	0.0	11.0
0.7432799534934138	0.28557379163904584	0.03478120012761999	51.0	0.0	0.0	11.0
0.616341381979788	0.9625333940064286	0.03170995249651891	8.0	0.0	0.0	11.0
0.27800656622696585	0.26417063192524465	0.031070572171710727	34.0	0.0	0.0	11.0
0.944441340677701	0.215884694077827	0.03162130797610791	7.0	0.0	0.0	11.0
0.21484477607649313	0.6229068001969709	0.032257213487709546	47.0	0.0	0.0	11.0
0.31647287160400905	0.8467721352244558	0.034482199079972194	50.0	0.0	0.0	11.0
0.2130587671821976	0.5509922922737647	0.03298589647156365	2.0	0.0	0.0	11.0
0.20295055140328172	0.29289743517488964	0.03211395176770847	39.0	0.0	0.0	11.0
0.02688912858182964	0.23680306750684804	0.03214472273506756	10.0	0.0	0.0	11.0
0.8401253777076145	0.43512451449108525	0.032287438467024136	11.0	0.0	0.0	11.0
0.41868154960300324	0.31760122866499546	0.035094310827485785	54.0	0.0	5.368644423242586e-06	11.0
0.7095352653918312	0.401008714149963	0.032498353308316345	17.0	0.0	0.0	11.0
0.7015604764224886	0.9652723186688165	0.032575630511815806	9.0	0.0	0.0	11.0
0.22641753106101617	0.10966051629701905	0.03415380110024735	1.0	0.0	0.0	11.0
