# x	y	r	id	split_id	s_prob	t
2.0	0.5	0.0	-1.0	0.0	0.0	0.0
0.6584633577285081	0.5463223412198771	0.11361080771591099	1.0	0.0	3109.043151705961	0.0
0.9569650788029911	0.5185666254840045	0.10907475808103792	2.0	0.0	2601.301548033203	0.0
0.21377553016338985	0.39222926375338796	0.10708637111439577	3.0	0.0	2397.394275640319	0.0
0.082247602636718	0.21730526780467532	0.082247602636718	4.0	0.0	675.024141757353	0.0
0.5257520855324834	0.34158972841656593	0.11826959659745916	5.0	0.0	3695.211970391112	0.0
0.21123033911679612	0.7147939889812809	0.1042806832845616	6.0	0.0	2128.219709244701	0.0
0.491183339866562	0.7094373876935344	0.10266474379711998	7.0	0.0	1982.746990100164	0.0
0.34888428368597457	0.559309812571961	0.10319122833985361	8.0	0.0	2029.3899932930885	0.0
0.7793678537980083	0.3523963094845461	0.10847849894903097	9.0	0.0	2538.988894517491	0.0
0.5843008280825539	0.11151557101249197	0.11151557101249197	10.0	0.0	2867.011564935006	0.0
0.3674462079103522	0.5359705102302911	0.10329441956819345	8.0	0.0	2038.6169413060607	1.0
0.5878034679208086	0.1014109532383206	0.11162708658350445	10.0	0.0	2879.5651909244807	1.0
0.528131613969793	0.3434047197903755	0.1183878661940566	5.0	0.0	3710.9795109706765	1.0
0.08267900303934608	0.2140613406911055	0.08232985023935471	4.0	0.0	678.5554841007095	1.0
0.771186383017718	0.35414790042406097	0.10858697744797999	9.0	0.0	2550.250659279358	1.0
0.6471691337513849	0.5439401999201742	0.11372441852362689	1.0	0.0	3122.542502971957	1.0
0.2201172034784925	0.3808907443982795	0.10719345748551015	3.0	0.0	2408.0943489758342	1.0
0.9692884907410877	0.5186830071213632	0.10918383283911895	2.0	0.0	2612.809692642659	1.0
0.48155572710684325	0.716138433329782	0.1027674085409171	7.0	0.0	1991.7856950348885	1.0
0.2084870425521833	0.7020326500562799	0.10438496396784615	6.0	0.0	2137.8443151069073	1.0
0.22038693302598283	0.6898676108558398	0.10448934893181398	6.0	0.0	2147.5075627891883	2.0
0.5986575073808039	0.11264749366234145	0.11173871367008795	10.0	0.0	2892.1680173303425	2.0
0.5184627971641165	0.34968516534911737	0.11850625406025064	5.0	0.0	3726.807676242346	2.0
0.7805577201926281	0.3499778685840969	0.10869556442542795	9.0	0.0	2561.5569878512874	2.0
0.9720506932738205	0.5145172179109303	0.10929301667195805	2.0	0.0	2624.3632876283405	2.0
0.6439216143644048	0.5559341662327538	0.1138381429421505	1.0	0.0	3136.0944315020856	2.0
0.08267900303934608	0.22087485043010957	0.08241218008959406	4.0	0.0	682.1026707975532	2.0
0.36023009688607455	0.5292492800215143	0.10339771398776162	8.0	0.0	2047.8810837509063	2.0
0.4748913575196517	0.7107150505191915	0.10287017594945799	7.0	0.0	2000.8609078831757	2.0
0.20966729281111862	0.3741469252103479	0.10730065094299565	3.0	0.0	2418.836960610189	2.0
0.5969954881844558	0.10476324413690995	0.11185045238375803	10.0	0.0	2904.82022017554	3.0
0.4844491852447201	0.7275541292332444	0.10297304612540743	7.0	0.0	2009.9727618584718	3.0
0.20535787503547875	0.6828847539408601	0.10459383828074578	6.0	0.0	2157.209592738581	3.0
0.7883227054750085	0.34096982373990886	0.10880425998985337	9.0	0.0	2572.9080406742264	3.0
0.3661999445909347	0.5220395106276609	0.10350111170174937	8.0	0.0	2057.182556170083	3.0
0.20768265176890932	0.36842151806701734	0.10740795159393864	3.0	0.0	2429.6222641582235	3.0
0.08034460137676531	0.22004088312206846	0.08249459226968364	4.0	0.0	685.6657637917986	3.0
0.9670829920600303	0.5099258470959731	0.10940230968863	2.0	0.0	2635.9624964151926	3.0
0.6466683113545908	0.5800678829870843	0.11395198108509264	1.0	0.0	3149.699124632983	3.0
0.5125874746375733	0.34129121124136236	0.11862476031431088	5.0	0.0	3742.696680402229	3.0
0.20371388217845532	0.3676499233474278	0.10751535954553257	3.0	0.0	2440.450413752908	4.0
0.7894722588432068	0.3443548400432189	0.1089130642498432	9.0	0.0	2584.3039787292973	4.0
0.9705354808688401	0.48981141658975386	0.10951171199831862	2.0	0.0	2647.607482977969	4.0
0.5226655347898171	0.3547659762842708	0.11874338507462517	5.0	0.0	3758.6467383595595	4.0
0.3722583191439191	0.5288141481528215	0.10360461281345111	8.0	0.0	2066.5214945656685	4.0
0.6204029725336093	0.11396620553462114	0.11196230283614178	10.0	0.0	2917.521976073454	4.0
0.6598491303817072	0.5711092470271243	0.11406593306617771	1.0	0.0	3163.3567703281396	4.0
0.4722425457592266	0.7156941668542264	0.10307601917153283	7.0	0.0	2019.12139062629	4.0
0.20939561331432857	0.690892070012532	0.10469843211902652	6.0	0.0	2166.9505458776393	4.0
0.07581611326713152	0.21861349163613936	0.08257708686195332	4.0	0.0	689.2448252459973	4.0
0.46776893038257766	0.7147658162550565	0.10317909519070435	7.0	0.0	2028.3069283056693	5.0
0.6149202937158136	0.10876934784046455	0.1120742651389779	10.0	0.0	2930.2734622297976	5.0
0.6656322308384387	0.5692060222354026	0.11417999899924387	1.0	0.0	3177.067557179915	5.0
0.9689936753074246	0.4884567830903413	0.10962122371031692	2.0	0.0	2659.2984118430086	5.0
0.07342820043464436	0.21951778498646102	0.08265966394881527	4.0	0.0	692.8399175420633	5.0
0.18285998505779127	0.6965731470800512	0.10480313055114554	6.0	0.0	2176.730563605975	5.0
0.37068382717498033	0.5266811219151931	0.10370821742626456	8.0	0.0	2075.8980354008495	5.0
0.18360322290360637	0.3749775715679785	0.10762287490507809	3.0	0.0	2451.321564047009	5.0
0.5207906745741148	0.34728423740943487	0.11886212845969979	5.0	0.0	3774.6580657389773	5.0
0.7997295684168928	0.3275392975367561	0.10902197731409304	9.0	0.0	2595.744963539545	5.0
0.18644996760579685	0.6829755952662235	0.10490793368169668	6.0	0.0	2186.549787801798	6.0
0.9735843474291663	0.48713590989401073	0.10973084493402722	2.0	0.0	2671.0354480900173	6.0
0.6623794908213928	0.5682701119832199	0.11429417899824311	1.0	0.0	3190.8316744115627	6.0
0.37498339903766653	0.5279172444654758	0.10381192564369081	8.0	0.0	2085.312315601417	6.0
0.4708286183270524	0.7231580134702792	0.10328227428589505	7.0	0.0	2037.529509470658	6.0
0.5141603958926196	0.32926483930386435	0.11898099058815947	5.0	0.0	3790.730878882822	6.0
0.20119180045253848	0.3811310541160199	0.10773049777998316	3.0	0.0	2462.2358702147767	6.0
0.08274232361276408	0.2115580391615045	0.08274232361276408	4.0	0.0	696.4511032820022	6.0
0.6086982771507373	0.11292322598371522	0.11218633940411687	10.0	0.0	2943.074856444532	6.0
0.7988862325629104	0.33036944067466667	0.10913099929140711	9.0	0.0	2607.231157171688	6.0
0.6732623710700333	0.5929360250897966	0.11440847317724134	1.0	0.0	3204.6493118792546	7.0
0.8052967193689999	0.3353879798627286	0.10924013029069851	9.0	0.0	2618.76272223787	7.0
0.46822876576402206	0.728170461752165	0.10338555656018093	7.0	0.0	2046.789269151779	7.0
0.3764253504418849	0.5201074475890202	0.10391573756933449	8.0	0.0	2094.7644725572673	7.0
0.19515724919127037	0.3801927926391015	0.10783822827776313	3.0	0.0	2473.1934879536257	7.0
0.18158595874177788	0.6848879445450263	0.10501284161537837	6.0	0.0	2196.4083608234737	7.0
0.6051763322498382	0.11895016715941431	0.11229852574352098	10.0	0.0	2955.926337113768	7.0
0.0844922908580385	0.2134634403278612	0.08282506593637684	4.0	0.0	700.0784452886403	7.0
0.5217535885800467	0.3365534880426781	0.11909997157874762	5.0	0.0	3806.865394853439	7.0
0.9761124593979104	0.4892738766466235	0.10984057577896124	2.0	0.0	2682.81875735385	7.0
0.3868179811208269	0.5076167987394757	0.10401965330690381	8.0	0.0	2104.2546441239056	8.0
0.9797740801468057	0.4709157550910964	0.10995041635474019	2.0	0.0	2694.648505826304	8.0
0.796893760809954	0.31548696548812455	0.1093493704209892	9.0	0.0	2630.3398218974226	8.0
0.1738776418315024	0.6837886604232803	0.10511785445699373	6.0	0.0	2206.306425511071	8.0
0.6112814979917154	0.11241082426926449	0.11241082426926449	10.0	0.0	2968.8280832316996	8.0
0.08298904911662594	0.223850917565222	0.0829078910023132	4.0	0.0	703.722006606358	8.0
0.6905717593283432	0.6072042752419411	0.11452288165041857	1.0	0.0	3218.5206600741226	8.0
0.20026766882891195	0.3766495458218342	0.10794606650604088	3.0	0.0	2484.1945734858277	8.0
0.464413221818853	0.7225704802974667	0.1034889421167411	7.0	0.0	2056.086342837517	8.0
0.5370230162777523	0.33402406500425247	0.11921907155032635	5.0	0.0	3823.0618314354856	8.0
0.381013702124229	0.5121511047068994	0.1041236729602107	8.0	0.0	2113.7829686239534	9.0
0.7999278098369933	0.3126827621847481	0.10945871979141018	9.0	0.0	2641.9626198586298	9.0
0.9891439776563203	0.4642246049061674	0.11006036677109492	2.0	0.0	2706.524860257914	9.0
0.20201708045125508	0.378286972088303	0.10805401257254692	3.0	0.0	2495.2392835602063	9.0
0.7016474674635033	0.6189630508821775	0.11463740453206898	1.0	0.0	3232.4459101242965	9.0
0.48113643516336724	0.7346724134380509	0.10359243105885783	7.0	0.0	2065.4208664758003	9.0
0.5403483927462873	0.34114122397684266	0.11933829062187666	5.0	0.0	3839.3204071382443	9.0
0.18438281364452216	0.6922282619702	0.10522297231145071	6.0	0.0	2216.2441251879286	9.0
0.08171084019904204	0.2177873786638623	0.08299079889331551	4.0	0.0	707.3818505018261	9.0
0.6144568403901739	0.11252323509353375	0.11252323509353375	10.0	0.0	2981.7802743925167	9.0
0.5388079797431687	0.33585027949975216	0.11945762891249853	5.0	0.0	3855.6413411979497	10.0
0.18674805333405767	0.6896201693553041	0.10532819528376215	6.0	0.0	2226.2216036622153	10.0
0.19778894917606804	0.40040621437197044	0.10816206658511945	3.0	0.0	2506.3277754538376	10.0
0.6788549411596856	0.6345980074815853	0.11475204193660105	1.0	0.0	3246.425253796953	10.0
0.07990322230839625	0.1917276709152033	0.08307378969220881	4.0	0.0	711.05804046474	10.0
0.8036976711275624	0.3201804528283332	0.10956817851120158	9.0	0.0	2653.6312803805013	10.0
0.3797314764650621	0.5145488453593158	0.1042277966331709	8.0	0.0	2123.3495848486677	10.0
0.612861617034199	0.11541802452710098	0.11263575832862727	10.0	0.0	2994.7830907923476	10.0
0.9917813671731085	0.46367730212485664	0.110170427137866	2.0	0.0	2718.447987959758	10.0
0.46877475528643164	0.7397131878625396	0.10369602348991667	7.0	0.0	2074.7929764754895	10.0
0.39386050560080293	0.5223284587976873	0.10433202442980406	8.0	0.0	2132.954632059454	11.0
0.18758172352394992	0.6707156510829132	0.1054335234790459	6.0	0.0	2236.2390052285014	11.0
0.6781553214697492	0.6260690077424127	0.11486679397853763	1.0	0.0	3260.4588835003697	11.0
0.5339295698366806	0.34443766299231277	0.11957708654141101	5.0	0.0	3872.0248535801156	11.0
0.9813488786030119	0.44704920359946065	0.11028059756500386	2.0	0.0	2730.4180568052616	11.0
0.08730609270120591	0.17465898817391573	0.08315686348190102	4.0	0.0	714.7506402085627	11.0
0.19754480910499098	0.4015796725878874	0.10827022865170456	3.0	0.0	2517.460206973758	11.0
0.4629758876455099	0.7278896366948342	0.10379971951340658	7.0	0.0	2084.2028097078773	11.0
0.7946848215638185	0.3187791208689548	0.10967774668971278	9.0	0.0	2665.3459682745515	11.0
0.6104550894329479	0.11274839408695587	0.11274839408695587	10.0	0.0	3007.8367132311923	11.0
0.38485534561708723	0.529885167169799	0.10443635645423385	8.0	0.0	2142.5982499893917	12.0
0.5372021767336375	0.3441964312985288	0.11969666362795241	5.0	0.0	3888.4711649818732	12.0
0.07710443378176596	0.17657578567678434	0.08324002034538291	4.0	0.0	718.4597136712653	12.0
0.22026860878245103	0.3878163467176252	0.10837849888035625	3.0	0.0	2528.636736458677	12.0
0.4482470798204034	0.7320273277371552	0.10390351923291997	7.0	0.0	2093.650503508182	12.0
0.6789051803296272	0.6314482093402733	0.11498166077251616	1.0	0.0	3274.546992285991	12.0
0.7947042983685993	0.3312500229102613	0.10978742443640248	9.0	0.0	2677.106848906576	12.0
0.1860578316176314	0.672700547355987	0.10553895700252494	6.0	0.0	2246.296474669335	12.0
0.9918283108579766	0.4553209811316271	0.11039087816256885	2.0	0.0	2742.4352352320125	12.0
0.6057712653492304	0.11915256321154859	0.11286114248104281	10.0	0.0	3020.9413231148696	12.0
0.9911630692245453	0.4619026752039312	0.1105012690407314	2.0	0.0	2754.4996922435835	13.0
0.47268444509469426	0.7242613051151899	0.10400742275215288	7.0	0.0	2103.136195677052	13.0
0.8059733944099177	0.3294978862164981	0.10989721186083887	9.0	0.0	2688.914088198447	13.0
0.22496693850806915	0.381222713523969	0.1084868773792366	3.0	0.0	2539.857522780693	13.0
0.6906297515279609	0.6364022636291023	0.11509664243328867	1.0	0.0	3288.689773850487	13.0
0.07740607505102334	0.16060712357315984	0.08332326036572829	4.0	0.0	722.185325016071	13.0
0.5598029551455285	0.35295985805215346	0.11981636029158034	5.0	0.0	3904.9804968343187	13.0
0.17921165138495596	0.6776548592897881	0.10564449595952745	6.0	0.0	2256.3941572568174	13.0
0.3897027359380114	0.5288070108789266	0.10454079281068808	8.0	0.0	2152.2805788447654	13.0
0.6044826065551678	0.1207463164212706	0.11297400362352385	10.0	0.0	3034.0971024569653	13.0
0.6032378633883902	0.12075049463520308	0.11308697762714735	10.0	0.0	3047.3042338807863	14.0
0.17335773359394205	0.6795406274342712	0.10575014045548696	6.0	0.0	2266.5321987541934	14.0
0.5562579633376387	0.36857769556232733	0.11993617665187191	5.0	0.0	3921.5530713048643	14.0
0.2238749569652741	0.3839746679214764	0.10859536425661583	3.0	0.0	2551.1227253470165	14.0
0.4638527262141646	0.7194756401569934	0.10411143017490503	7.0	0.0	2112.6600244820793	14.0
0.38713725589384707	0.5219013500046114	0.10464533360349876	8.0	0.0	2162.0017593065922	14.0
0.06793786833755484	0.17326649044678083	0.08340658362609402	4.0	0.0	725.9275386322038	14.0
0.8029293816052242	0.32882611597094386	0.1100071090726997	9.0	0.0	2700.767852629905	14.0
0.9887315293819126	0.4521994738591189	0.11061177030977212	2.0	0.0	2766.6115974113536	14.0
0.7094609542275405	0.6523273831574967	0.11521173907572195	1.0	0.0	3302.887422537837	14.0
0.5442246854622779	0.3593142974402871	0.12005611282852377	5.0	0.0	3938.1891112995936	15.0
0.725312855005106	0.6415996095528002	0.11532695081479766	1.0	0.0	3317.140133341401	15.0
0.9992603036671897	0.435417907793562	0.11072238208008188	2.0	0.0	2778.7711208763403	15.0
0.79344605304286	0.347687039053169	0.11011711618177239	9.0	0.0	2712.668309240356	15.0
0.07419299868344396	0.17293143285267698	0.0834899902097201	4.0	0.0	729.6864191356358	15.0
0.1709483769399862	0.6824448397763093	0.10585589059594243	6.0	0.0	2276.7107454174366	15.0
0.392156056397875	0.5350292693058765	0.10474997893710225	8.0	0.0	2171.7619325321666	15.0
0.5884791227020146	0.11407116584860197	0.11320006460477448	10.0	0.0	3060.5629006213294	15.0
0.22371319847031393	0.3903966036865174	0.10870395962087243	3.0	0.0	2562.432504101695	15.0
0.4553597913837488	0.7358497981397318	0.10421554160507993	7.0	0.0	2122.222128659308	15.0
0.5456646246792778	0.3578790227802413	0.12017616894135227	5.0	0.0	3954.8888404656323	16.0
0.45754366081357856	0.7415308681712153	0.104319757146685	7.0	0.0	2131.822647414753	16.0
0.5901221181186322	0.11744399643043239	0.11331326466937924	10.0	0.0	3073.873286527246	16.0
0.20958761455078992	0.3773411096136667	0.10881266358049328	3.0	0.0	2573.7870195273526	16.0
0.38561061370896915	0.5258052676331673	0.10485472891603934	8.0	0.0	2181.561240156596	16.0
0.7917460376169982	0.35719319924173487	0.11022723329795416	9.0	0.0	2724.61562563068	16.0
1.0001912130313666	0.4332049186731186	0.11083310446216195	2.0	0.0	2790.9784333510365	16.0
0.17279533136564293	0.6849142908963389	0.10596174648653836	6.0	0.0	2286.9299439968477	16.0
0.7307518489692599	0.6438174910982211	0.11544227776561244	1.0	0.0	3331.4481019060154	16.0
0.07318251155798342	0.16352619456817938	0.08357348019992981	4.0	0.0	733.4620313698405	16.0
0.37482622240375657	0.5216662135334964	0.10495958364495536	8.0	0.0	2191.399824294356	17.0
0.7911906204107582	0.3468299412531779	0.1103374605312521	9.0	0.0	2736.6099699650395	17.0
0.2025368973633305	0.3801844992756163	0.10892147624407376	3.0	0.0	2585.186432646927	17.0
0.4329005461414654	0.7440996964216388	0.10442407690383167	7.0	0.0	2141.4617204259266	17.0
0.07940792819261944	0.1686578491661785	0.08365705368012974	4.0	0.0	737.2544404065458	17.0
0.7133030185064456	0.6653973923755296	0.11555772004337804	1.0	0.0	3345.8115245300805	17.0
0.5477624231108785	0.3542216731292168	0.1202963451102936	5.0	0.0	3971.6524831935244	17.0
1.0009095787379658	0.43973826853104947	0.1109439375666241	2.0	0.0	2803.2337061212543	17.0
0.1733527743133635	0.6871997283468685	0.10606770823302489	6.0	0.0	2297.1899417386494	17.0
0.5992513296242877	0.11365327282516592	0.11342657793404862	10.0	0.0	3087.235576062818	17.0
0.7168481523013297	0.6714640156314172	0.1156732777634214	1.0	0.0	3360.2305981676645	18.0
0.5964314009917132	0.11357336005703052	0.11354000451198265	10.0	0.0	3100.649954309937	18.0
0.7911058627281045	0.3204334851189825	0.11044779799178334	9.0	0.0	2748.6515109727	18.0
0.35897919489357544	0.5265262694287544	0.1050645432286003	8.0	0.0	2201.2778275408373	18.0
1.001945580546454	0.4385467334575812	0.11105488150419071	2.0	0.0	2815.53711104797	18.0
0.08147179639065025	0.15450465557945478	0.08374071073380986	4.0	0.0	741.0637115464905	18.0
0.5350160328920648	0.36612318410801536	0.12041664145540389	5.0	0.0	3988.480264619612	18.0
0.43038995086775444	0.745432126591881	0.10452850098073549	7.0	0.0	2151.139487843361	18.0
0.15874604919393406	0.662561327655237	0.1061737759412579	6.0	0.0	2307.4908863865962	18.0
0.1965168116322863	0.3847763349940384	0.10903039772031782	3.0	0.0	2596.6309050254104	18.0
0.7121613219242656	0.699840149697677	0.1157889510411848	1.0	0.0	3374.7055204306066	19.0
0.19106698532874916	0.38240634455166206	0.10913942811803813	3.0	0.0	2608.120598771605	19.0
0.9996422165678848	0.4380384138529138	0.11116593638569489	2.0	0.0	2827.888820569181	19.0
0.07985628428897053	0.1577176676867342	0.08382445144454366	4.0	0.0	744.8899103201843	19.0
0.5999594749993401	0.11302480958728475	0.11365354451649462	10.0	0.0	3114.1166069700967	19.0
0.3580577574051914	0.5443200542404883	0.10516960777182889	8.0	0.0	2211.1953929739047	19.0
0.43880079318168735	0.7397400891867281	0.10463302948171621	7.0	0.0	2160.8560902921463	19.0
0.7951882043188714	0.3041426632624001	0.1105582457897751	9.0	0.0	2760.740417949849	19.0
0.16965108132381343	0.6668767331516889	0.10627994971719915	6.0	0.0	2317.8329261835806	19.0
0.5297952063332204	0.3605099866995135	0.12053705809685927	5.0	0.0	4005.372410628423	19.0
0.7781466751552502	0.3053786548407568	0.11066880403556487	9.0	0.0	2772.8768607614243	20.0
0.602888072881121	0.12438048684994808	0.1137671980610111	10.0	0.0	3127.6357203663815	20.0
0.05371126274976084	0.16915496032119298	0.08390827589598819	4.0	0.0	748.7331024886674	20.0
0.1766757593163789	0.36070235531235095	0.10924856754615615	3.0	0.0	2619.655676539871	20.0
0.35758112922124813	0.5359172788432573	0.10527477737960071	8.0	0.0	2221.152664155462	20.0
0.9862158196526147	0.4441144077232974	0.11127710232208057	2.0	0.0	2840.2890077017664	20.0
0.4314333944066365	0.755360855753998	0.10473766251119791	7.0	0.0	2170.6116688734637	20.0
0.7141075583209426	0.7255522551466348	0.11590473999222597	1.0	0.0	3389.2364895906353	20.0
0.17527037916804047	0.6694196953084648	0.10638622966691633	6.0	0.0	2328.21620987325	20.0
0.5272876291880755	0.3677096709082827	0.12065759515495612	5.0	0.0	4022.3291478550677	20.0
0.7314080613309293	0.7203376396860883	0.11602064473221818	1.0	0.0	3403.8237045814844	21.0
0.36247561136462303	0.5354070016714476	0.1053800521569803	8.0	0.0	2231.1497851330146	21.0
0.6218277407986906	0.13210359524602644	0.1138809652590721	10.0	0.0	3141.2074814454695	21.0
0.16611346180806522	0.3433868242326811	0.1093578161137023	3.0	0.0	2631.2363015318974	21.0
0.42856634305545765	0.752034831788362	0.1048424001737091	7.0	0.0	2180.40636516613	21.0
0.045722839714895144	0.16583867946748462	0.08399218417188417	4.0	0.0	752.5933540442761	21.0
0.7743113525583887	0.302176406088807	0.11077947283960042	9.0	0.0	2785.061009842951	21.0
0.19171260807788817	0.6877811319981909	0.10649261589658324	6.0	0.0	2338.640886701628	21.0
0.986412694254272	0.4406435826338982	0.11138837942440265	2.0	0.0	2852.7378460433497	21.0
0.5288591533654076	0.3638207953297759	0.12077825275011107	5.0	0.0	4039.350703687647	21.0
0.7385004723954229	0.7161630640138623	0.11613666537695039	1.0	0.0	3418.467365001021	22.0
0.04720640769505312	0.16817056325105822	0.08407617635605605	4.0	0.0	756.4707312114073	22.0
0.3643126844176816	0.5375112283445997	0.10548543220913728	8.0	0.0	2241.1869004412447	22.0
0.9891824733701332	0.45038519924181186	0.11149976780382703	2.0	0.0	2865.2355097741693	22.0
0.1968763491729966	0.6858627273109964	0.1065991085124798	6.0	0.0	2349.107106418734	22.0
0.6281133812207044	0.12052543716572593	0.11399484622433116	10.0	0.0	3154.832077779637	22.0
0.4305142867021962	0.7530065936747283	0.1049472425738828	7.0	0.0	2190.240321228143	22.0
0.5258018229644814	0.36647305240161454	0.12089903100286117	5.0	0.0	4056.4373062696604	22.0
0.17449302005404144	0.32532617608280645	0.10946717392981599	3.0	0.0	2642.8626374984606	22.0
0.778700042093895	0.3039018773004652	0.11089025231244001	9.0	0.0	2797.2930362023776	22.0
0.7369849317644804	0.7111916536476894	0.11625280204232732	1.0	0.0	3433.1676711133787	23.0
0.5288729351605239	0.3643378090698948	0.12101993003386402	5.0	0.0	4073.589184502425	23.0
0.17349653435553852	0.32852264852990437	0.10957664110374579	3.0	0.0	2654.5348487411998	23.0
0.04790216985370492	0.15968859032344182	0.08416025253241209	4.0	0.0	760.3653004472876	23.0
0.9970421538876507	0.43750026183399615	0.11161126757163085	2.0	0.0	2877.782173658965	23.0
0.6302458588763058	0.11798765666000234	0.11410884107055548	10.0	0.0	3168.5096975687716	23.0
0.43747746998317666	0.7393724227176002	0.10505218981645667	7.0	0.0	2200.1136795982356	23.0
0.7898727717575341	0.3033034072904626	0.11100114256475244	9.0	0.0	2809.573111421923	23.0
0.16973663029702846	0.6798733781251219	0.10670570762099227	6.0	0.0	2359.615019280219	23.0
0.36662196519764667	0.5361908566030938	0.10559091764134641	8.0	0.0	2251.26415510359	23.0
0.17181760719968453	0.6884050898751131	0.10681241332861324	6.0	0.0	2370.164776048998	24.0
0.7874746999078278	0.30140157153117786	0.11111214370731717	9.0	0.0	2821.9014076599287	24.0
0.6305288994199428	0.11499942462823838	0.11422294991162603	10.0	0.0	3182.240529642392	24.0
0.359126144688068	0.5292088534533729	0.10569650855898775	8.0	0.0	2261.381694633822	24.0
0.7365835290724937	0.7271276470215688	0.11636905484436964	1.0	0.0	3447.9248238511	24.0
0.4395893614170114	0.7474136393952566	0.10515724200627312	7.0	0.0	2210.0265832974333	24.0
0.16608333956152962	0.32628820712883255	0.10968621774484953	3.0	0.0	2666.2531001143957	24.0
0.9818759056494912	0.43976063661717546	0.11172287883920247	2.0	0.0	2890.378013048849	24.0
0.04327340771142203	0.14685959220645772	0.08424441278494449	4.0	0.0	764.2771284427456	24.0
0.5385837098567297	0.3618066732606829	0.12114094996389788	5.0	0.0	4090.8065680475097	24.0
0.3632417383872793	0.5335782664376106	0.10580220506754673	8.0	0.0	2271.5396650376356	25.0
0.1636735376333224	0.33259164262505275	0.10979590396259437	3.0	0.0	2678.0175570267484	25.0
0.16361741881979344	0.6999649273763121	0.10691922574194185	6.0	0.0	2380.7565279968953	25.0
0.054529624213390554	0.1541711440083825	0.08432865719772942	4.0	0.0	768.206282122984	25.0
0.6293715847182044	0.1187117955757453	0.11433717286153765	10.0	0.0	3196.024763461671	25.0
0.5330609351795045	0.3483299610205516	0.12126209091386177	5.0	0.0	4108.089687329159	25.0
0.7373527008384809	0.7027011877112087	0.116485423899214	1.0	0.0	3462.7390248172765	25.0
0.43567039659872886	0.7425039438971384	0.10526239924827938	7.0	0.0	2219.97917583061	25.0
0.9714508204161546	0.4402532578607323	0.11183460171804166	2.0	0.0	2903.023203883205	25.0
0.77139213475909	0.3050715886101121	0.11122325585102448	9.0	0.0	2834.2780976527147	25.0
0.44393297156753386	0.7456329490681698	0.10536766164752764	7.0	0.0	2229.9716011880632	26.0
0.36989998343034125	0.5372201295064732	0.10590800727261426	8.0	0.0	2281.7382128142417	26.0
0.1629029572362777	0.6963507947383301	0.10702614496768378	6.0	0.0	2391.390426906281	26.0
0.9888820904492195	0.44398516077575695	0.11194643631975969	2.0	0.0	2915.7179226915787	26.0
0.05161407201997991	0.15225111941435757	0.08441298585492714	4.0	0.0	772.1528286483566	26.0
0.7751860690837316	0.30044725458548993	0.1113344791068755	9.0	0.0	2846.703354716442	26.0
0.6394052296476258	0.11445151003439917	0.11445151003439917	10.0	0.0	3209.8625891214665	26.0
0.16804076764266784	0.341556930528127	0.10990569986655695	3.0	0.0	2689.828385443174	26.0
0.522999245681553	0.32734014664126554	0.12138335300477561	5.0	0.0	4125.438773536738	26.0
0.7368485641880247	0.7160407339492276	0.1166019093231132	1.0	0.0	3477.610476287714	26.0
0.529069425326153	0.3358973025313348	0.12150473635778038	5.0	0.0	4142.854058627192	27.0
0.3680552303761293	0.5362852954247758	0.10601391527988686	8.0	0.0	2291.977484957963	27.0
0.7805201045124749	0.3211785970862847	0.11144581358598236	9.0	0.0	2859.1773527489836	27.0
0.6515867252430121	0.10479074698106845	0.11456596154443356	10.0	0.0	3223.754197352366	27.0
0.18730238953280404	0.6959667295698009	0.10713317111265146	6.0	0.0	2402.0666250717286	27.0
0.1484598490331854	0.33132236649551505	0.1100156055664235	3.0	0.0	2701.6857518865945	27.0
0.4493728527150415	0.745684323012185	0.10547302930917515	7.0	0.0	2240.0040038470797	27.0
0.993662859722455	0.4416376719270584	0.11205838275607943	2.0	0.0	2928.4623465955797	27.0
0.04989436524982727	0.1460546862165643	0.08449739884078206	4.0	0.0	776.1168354151455	27.0
0.7283501902168945	0.7201474683816268	0.1167185112324363	1.0	0.0	3492.5393812130765	27.0
0.9939984270174318	0.4438415940313991	0.1121704411388355	2.0	0.0	2941.256653310789	28.0
0.7992663876233559	0.3047080746501372	0.11155725939956833	9.0	0.0	2871.7002662317946	28.0
0.3681571020552821	0.5443753451138379	0.10611992919516675	8.0	0.0	2302.257628959838	28.0
0.2053644797921407	0.7076990828484612	0.10724030428376409	6.0	0.0	2412.785275301671	28.0
0.5274605521701876	0.33061973456507776	0.12162624109413814	5.0	0.0	4160.3357753274895	28.0
0.03812654420867261	0.1301123559057812	0.08458189623962283	4.0	0.0	780.0983700563436	28.0
0.16001989427971475	0.3118230588499896	0.1101256211719899	3.0	0.0	2713.589823439737	28.0
0.45389868990409155	0.7478015045707825	0.10557850233848431	7.0	0.0	2250.076528773515	28.0
0.7338773898869019	0.7140527589514667	0.11683522974366872	1.0	0.0	3507.5259432210705	28.0
0.6455124318929861	0.09997341496206337	0.11468052750597799	10.0	0.0	3237.699779522721	28.0
0.46222812960408494	0.7704397700579413	0.10568408084082279	7.0	0.0	2260.1893214233733	29.0
0.033301319341188185	0.1283197149053797	0.08466647813586244	4.0	0.0	784.0975004424371	29.0
0.519430367531838	0.33475279768007904	0.12174786733523227	5.0	0.0	4177.884157137099	29.0
0.15536949458495516	0.31501308686304436	0.11023574679316188	3.0	0.0	2725.540767746943	29.0
0.3648278477316582	0.5474137495715328	0.1062260491243619	8.0	0.0	2312.578792809223	29.0
0.7264803099719891	0.7159311713707334	0.11695206497341237	1.0	0.0	3522.5703666186087	29.0
0.20675193443176837	0.7095541645798907	0.10734754458804784	6.0	0.0	2423.546530920058	29.0
0.9930004088845721	0.4384361976540651	0.11228261157997432	2.0	0.0	2954.101021148674	29.0
0.7920874979023461	0.3088729203772994	0.11166881665896788	9.0	0.0	2884.272270231799	29.0
0.6339141878563445	0.10594292584948423	0.11479520803348395	10.0	0.0	3251.699527640704	29.0
