# x	y	r	id	split_id	s_prob	t
2.0	0.5	0.0	-1.0	0.0	0.0	0.0
0.871595356024877	0.4212082625083711	0.1157457407386264	1.0	0.0	3369.293490749974	0.0
0.12216512410342889	0.8133362502778998	0.1155578710868834	2.0	0.0	3345.830344478617	0.0
0.28465293945965753	0.24995632423539618	0.09740727628738616	3.0	0.0	1555.556033676079	0.0
0.2902149269092161	0.6512944054176315	0.10116656552548986	4.0	0.0	1853.9403279041003	0.0
0.4732899646314238	0.5192514789002691	0.11141748253792473	5.0	0.0	2855.9996715617795	0.0
0.8783563632023765	0.1471274330820447	0.10907609248299444	6.0	0.0	2601.4421321334926	0.0
0.5179459480824294	0.2736350714194894	0.11107919877460137	7.0	0.0	2818.238636676657	0.0
0.08537659407040338	0.49530688662366096	0.08537659407040338	8.0	0.0	818.2130073717825	0.0
0.2760326170349491	0.4496098271160305	0.09592989770267175	9.0	0.0	1447.6758210124258	0.0
0.501002004008016	0.5751503006012023	0.0440881763527054	-2.0	-1.0	4.804079783375471	1.0
0.49719834317070655	0.2693295936728607	0.11119027797337597	7.0	0.0	2830.600950483444	1.0
0.49356081986194256	0.5290471197407579	0.11152890002046265	5.0	0.0	2868.5101256919156	1.0
0.2872505381547945	0.24214619521398323	0.09750468356367353	3.0	0.0	1562.8512935990955	1.0
0.8783370581858005	0.1440611297586001	0.10918516857547741	6.0	0.0	2612.950832063941	1.0
0.12135655002047065	0.8168424857422099	0.11567342895797027	2.0	0.0	3360.2494910222354	1.0
0.28921561408419216	0.6560190020696278	0.10126773209101533	4.0	0.0	1862.4571832967554	1.0
0.8667224083502374	0.39481574233244937	0.115861486479365	1.0	0.0	3383.803506641304	1.0
0.29898585267054084	0.44049501208613745	0.09602582760037441	9.0	0.0	1454.5243877957923	1.0
0.07395293772140586	0.4789861405364386	0.08546197066447377	8.0	0.0	822.3801031047882	1.0
0.12519111307199404	0.8168304149256734	0.11578910238692823	2.0	0.0	3374.724486450071	2.0
0.5058514555609835	0.5269773337358145	0.11164042892048309	5.0	0.0	2881.0696257513064	2.0
0.8746185941449977	0.39508927109372616	0.11597734796584436	1.0	0.0	3398.369693996492	2.0
0.07797739337008755	0.4924917747202056	0.08554743263513823	8.0	0.0	826.5655116352902	2.0
0.3021622283949128	0.44849994696850437	0.09612185342797477	9.0	0.0	1461.4014006847424	2.0
0.5009144495146842	0.2678414778001643	0.11130146825134933	7.0	0.0	2843.011779878726	2.0
0.8935155783090715	0.1407114466775572	0.10929435374405289	6.0	0.0	2624.504984367601	2.0
0.26937126011775286	0.23100699717042267	0.0976021882472372	3.0	0.0	1570.1766562976427	2.0
0.29773814268445165	0.6573991057752727	0.10136899982310633	4.0	0.0	1871.008638616589	2.0
0.08034320142915556	0.491099265927535	0.08563298006777335	8.0	0.0	830.7693035866101	3.0
0.8689177456893056	0.39201754532563476	0.14511665664226273	1.0	0.0	3412.992252165143	3.0
0.2773240521406206	0.2315837989274898	0.09769979043548442	3.0	0.0	1577.5322331622885	3.0
0.8961138814932886	0.13848591292568135	0.10940364809779693	6.0	0.0	2636.1047524761334	3.0
0.512272942684474	0.5255602030407269	0.11175206934940356	5.0	0.0	2893.678347244641	3.0
0.49477396679754054	0.2733054020131489	0.11141276971960067	7.0	0.0	2855.471298587589	3.0
0.3171027344586392	0.43811230434633014	0.09621797528140273	9.0	0.0	1468.306965394377	3.0
0.30375298195006756	0.6413638564367925	0.10147036882292942	4.0	0.0	1879.5948205946256	3.0
0.12740068791560685	0.8135874754326908	0.11590489148931514	2.0	0.0	3389.2555290347095	3.0
0.08259583916331756	0.4923313921287356	0.08571861304784112	8.0	0.0	834.9915498294525	4.0
0.3166661559352176	0.4292731201992405	0.09631419325668412	9.0	0.0	1475.2411880023874	4.0
0.2758187634866203	0.23552125528961573	0.0977974902259199	3.0	0.0	1584.9181359647055	4.0
0.10336514679077213	0.803962435956983	0.11602079638080444	2.0	0.0	3403.842817710757	4.0
0.5210537478758017	0.5059931120840903	0.11186382141875295	5.0	0.0	2906.3364662653735	4.0
0.3103766510568543	0.6418005833488046	0.10157183919175235	4.0	0.0	1888.2158563929142	4.0
0.6633266533066132	0.3947895791583166	0.04428857715430861	-2.0	-1.0	5.128939220282547	4.0
0.8557102764300228	0.38355629885887454	0.13931199037657221	1.0	0.0	3427.671381162333	4.0
0.8803062882427586	0.11816242649185171	0.10951305174589472	6.0	0.0	2647.750300371033	4.0
0.5025243899872825	0.2708624480281643	0.11152418248932025	7.0	0.0	2867.979680918147	4.0
0.518552571196799	0.2726355506870647	0.11163570667180955	7.0	0.0	2880.537101763424	5.0
0.4749498997995992	0.9959919839679358	0.009218436873747494	-2.0	-1.0	0.0	5.0
0.32427518037578684	0.41975462721622475	0.0964105074499408	9.0	0.0	1482.204174950238	5.0
0.28299234232519077	0.2274698099052791	0.0978952877161458	3.0	0.0	1592.3344768589122	5.0
0.8802089649554368	0.11507174711067965	0.1096225647976406	6.0	0.0	2659.441792585401	5.0
0.8390563763902461	0.3916040907022816	0.1335073241108817	1.0	0.0	3442.407281670743	5.0
0.3196103546752075	0.646661520678388	0.10167341103094409	4.0	0.0	1896.8718736059222	5.0
0.10475523184831452	0.7944297812360174	0.11613681717718523	2.0	0.0	3418.4865520769476	5.0
0.08670741342433903	0.49394791181293535	0.08580433166088895	8.0	0.0	839.2323214827235	5.0
0.5264985599988168	0.5223925346607912	0.1119756852401717	5.0	0.0	2919.0441594976132	5.0
0.3006012024048096	0.2945891783567134	0.027454909819639276	-2.0	-1.0	0.0	5.0
0.10427993040986538	0.7914349479057287	0.1162529539943624	2.0	0.0	3433.18693239829	6.0
0.5259696430378513	0.5213234366786634	0.11208766092541185	5.0	0.0	2931.801604218033	6.0
0.8298601450250485	0.414779948859346	0.12770265784519122	1.0	0.0	3457.200155042805	6.0
0.2812301601102131	0.22168310036867195	0.09799318300386194	3.0	0.0	1599.7813683825207	6.0
0.3223496130051794	0.42426774589443267	0.09650691795739073	9.0	0.0	1489.196033044354	6.0
0.09724437608582949	0.5007922674026631	0.08589013599254983	8.0	0.0	843.4916899143496	6.0
0.886160139240952	0.11414644921647417	0.10973218736243823	6.0	0.0	2671.1793942057275	6.0
0.7695390781563125	0.9979959919839678	0.07635270541082165	-2.0	-1.0	452.57624703908033	6.0
0.5235644987176413	0.2868053334170652	0.11174734237848136	7.0	0.0	2893.1437366032346	6.0
0.32593481898217713	0.6463227491936209	0.10177508444197501	4.0	0.0	1905.563000261946	6.0
0.32879600202230536	0.6405418849321949	0.10187685952641698	4.0	0.0	1914.2893648245167	7.0
0.09666410884784879	0.4968130236898087	0.08597602612854237	8.0	0.0	847.7697267421036	7.0
0.09504590732462524	0.7850148352692992	0.11636920694835676	2.0	0.0	3447.9441596082006	7.0
0.5271649123961029	0.28036801661577043	0.11185908972085983	7.0	0.0	2905.7997615060735	7.0
0.33361070543674404	0.4243740950436956	0.09660342487534812	9.0	0.0	1496.2168694573113	7.0
0.8926229751303071	0.11668739844118774	0.10984191954980066	6.0	0.0	2682.9632708736744	7.0
0.8189575171705868	0.42498466511618593	0.1218979915795007	1.0	0.0	3472.050203302854	7.0
0.5272403029955508	0.5230677271181638	0.11219974858633724	5.0	0.0	2944.608978297778	7.0
0.27392188734190864	0.22184416582906513	0.09809117618686579	3.0	0.0	1607.2589234579855	7.0
0.8314166531891293	0.33222476512291454	0.06767147334038477	10.0	1.0	223.1958591492688	8.0
0.897824986130487	0.12421991035670661	0.10995176146935044	6.0	0.0	2694.7935887878643	8.0
0.27570286325243626	0.2260223993183271	0.09818926736305264	3.0	0.0	1614.7672553938585	8.0
0.11122054089860706	0.4882451436612918	0.0860620021546709	8.0	0.0	852.066503834426	8.0
0.31423738493700126	0.42407406021712984	0.09670002830022346	9.0	0.0	1503.2667917290332	8.0
0.09064808727384989	0.7817039742497311	0.1164855761553051	2.0	0.0	3462.75843531065	8.0
0.801552892514931	0.502875099551864	0.06767147334038477	11.0	1.0	223.1958591492688	8.0
0.5357748512342053	0.2886781566640607	0.11197094881058067	7.0	0.0	2918.505353131017	8.0
0.32408749038873835	0.6468373512228967	0.10197873638594339	4.0	0.0	1923.0510961938141	8.0
0.5127396278571164	0.5323055056034992	0.11231194833492357	5.0	0.0	2957.466460204379	8.0
0.8329850261383291	0.3287298127259258	0.06773914481372514	10.0	0.0	224.58563106450976	9.0
0.5492824967005214	0.296066439139835	0.11208291975939125	7.0	0.0	2931.2606887296224	9.0
0.7933773872633147	0.4868671572410678	0.06773914481372514	11.0	0.0	224.58563106450976	9.0
0.32358521538230667	0.6395962523464137	0.10208071512232932	4.0	0.0	1931.848323708083	9.0
0.5107816831262051	0.5299754300895358	0.11242426028325848	5.0	0.0	2970.3742290036716	9.0
0.27845432544706106	0.22079838484033487	0.09828745663041569	3.0	0.0	1622.3064778860469	9.0
0.3080628086713204	0.43855983803297194	0.09679672832852368	9.0	0.0	1510.345907767989	9.0
0.09548839000220077	0.7867148513035757	0.11660206173146039	2.0	0.0	3477.629961782323	9.0
0.8991630013624935	0.12262758934774877	0.11006171323081979	6.0	0.0	2706.670514705686	9.0
0.1129221514474355	0.48721451406499977	0.08614806415682556	8.0	0.0	856.3820933112557	9.0
0.5247779610426758	0.5168353237361712	0.11253668454354172	5.0	0.0	2983.3324643617243	10.0
0.3138528039468024	0.42561992659370196	0.0968935250568522	9.0	0.0	1517.4543258523959	10.0
0.2743695471005292	0.21558826855332106	0.09838574408704609	3.0	0.0	1629.8767050190736	10.0
0.07328488574381462	0.7981427933257121	0.11671866379319183	2.0	0.0	3492.558941974772	10.0
0.8841220942819695	0.12545363689163294	0.11017177494405059	6.0	0.0	2718.594215945085	10.0
0.8299087640669299	0.3205286576880206	0.06780688395853886	10.0	0.0	225.98255857443755	10.0
0.8116232464929859	0.3687374749498998	0.019639278557114226	-2.0	-1.0	0.0	10.0
0.5478679539195543	0.2788218772965072	0.11219500267915063	7.0	0.0	2944.065946147836	10.0
0.11486881741830722	0.4869867513828719	0.08623421222098238	8.0	0.0	860.7165675448593	10.0
0.3279852092736126	0.6396965248454399	0.10218279583745163	4.0	0.0	1940.6811771450598	10.0
0.7959754920479235	0.49062921296281753	0.06780688395853886	11.0	0.0	225.98255857443755	10.0
0.5195122750744898	0.5044434989884629	0.11264922122808525	5.0	0.0	2996.3413465467747	11.0
0.25933521054195613	0.21591960708108027	0.09848412983113312	3.0	0.0	1637.4780512673483	11.0
0.8270793333662125	0.3269415272786507	0.06787469084249739	10.0	0.0	227.38667232573957	11.0
0.3128962714279395	0.4087566184912405	0.09699041858190904	9.0	0.0	1524.5921546314246	11.0
0.8818814466499418	0.12510525749017298	0.11028194671899462	6.0	0.0	2730.5648603863847	11.0
0.802721436706949	0.4933800353142099	0.06787469084249739	11.0	0.0	227.38667232573957	11.0
0.11449372405342124	0.489677528188616	0.08632044643320334	8.0	0.0	865.0699991606657	11.0
0.08690326316368835	0.8017841698002712	0.116835382456985	2.0	0.0	3507.545579516587	11.0
0.5462746231261592	0.2667293447302937	0.11230719768182977	7.0	0.0	2956.9213038279104	11.0
0.3355245477546202	0.6503247596699846	0.10228497863328907	4.0	0.0	1949.5497867233958	11.0
0.9679358717434869	0.3807615230460922	0.042685370741482966	-2.0	-1.0	2.905189340210697	11.0
