# x	y	r	id	split_id	s_prob	t
2.0	0.5	0.0	-1.0	0.0	0.0	0.0
0.28409718799868994	0.6785547777906293	0.11094808113773613	1.0	0.0	2803.692572187546	0.0
0.7946238896964211	0.4310897345370242	0.11663533138582355	2.0	0.0	3481.885248555411	0.0
0.40348035317021674	0.4803570077963698	0.11473773042240286	3.0	0.0	3244.6778531158734	0.0
0.8793965181527611	0.21577765980742436	0.11017564691558594	4.0	0.0	2719.014328213172	0.0
0.5392658493770164	0.2677854073266514	0.1031159149955295	5.0	0.0	2022.673378418143	0.0
0.6102591004659947	0.584899766977817	0.1077222319778477	6.0	0.0	2461.3964682231904	0.0
0.19906747436029756	0.39777419838405026	0.10532262743158495	7.0	0.0	2225.6928985767017	0.0
0.03075679132577607	0.06430581977701796	0.03075679132577607	8.0	0.0	0.0	0.0
0.3542508608249433	0.10412774152914175	0.10412774152914175	9.0	0.0	2114.156237760937	0.0
0.13497156018898002	0.17299413202595765	0.11500891521614748	10.0	0.0	3277.8956238476753	0.0
0.17938830687800703	0.9039843759619751	0.11522636056812297	11.0	0.0	3304.693964109483	0.0
0.4113584893277542	0.46351551133013297	0.11485246815282525	3.0	0.0	3258.704698100112	1.0
0.8945236388946605	0.19166689731659756	0.11028582256250152	4.0	0.0	2730.9866263246927	1.0
0.35450550769572825	0.10917937205776805	0.10423186927067088	9.0	0.0	2123.7243537555846	1.0
0.6018364658930189	0.5855106455732659	0.10782995420982552	6.0	0.0	2472.350755491234	1.0
0.7923856113098805	0.42047183954180306	0.11675196671720936	2.0	0.0	3496.8306649966025	1.0
0.18761895324426156	0.40738162010668444	0.10542795005901652	7.0	0.0	2235.708184998308	1.0
0.27804249827950756	0.6745674874254307	0.11105902921887385	1.0	0.0	2815.997778973631	1.0
0.04451643549320252	0.052817398073333556	0.0344476062848692	8.0	0.0	0.0	1.0
0.16739346785147094	0.9083548920970932	0.11534158692869108	11.0	0.0	3318.9536798653003	1.0
0.5397473074092006	0.2720157144261778	0.10321903091052502	5.0	0.0	2031.8732422708638	1.0
0.14172524015356697	0.18050363462302005	0.11512392413136362	10.0	0.0	3292.0513980863257	1.0
0.6082814634667681	0.5885256082063366	0.10793778416403534	6.0	0.0	2483.3484985411264	2.0
0.7991274718711054	0.423625674347305	0.11686871868392655	2.0	0.0	3511.8337970330444	2.0
0.35456515745773326	0.10602155848549114	0.10433610113994155	9.0	0.0	2133.3309061900436	2.0
0.04113432860809881	0.04215650861599281	0.03858131903905351	8.0	0.0	0.29397405878279415	2.0
0.1254839937426229	0.18304782254161392	0.11523904805549497	10.0	0.0	3306.262085626495	2.0
0.18521020517244252	0.41291552882896687	0.10553337800907553	7.0	0.0	2245.7635316247	2.0
0.16668901508567094	0.910518339285046	0.11545692851561976	11.0	0.0	3333.2686782689534	2.0
0.41932079043432596	0.4677238932246734	0.11496732062097806	3.0	0.0	3272.785998041053	2.0
0.5421763369934455	0.26919783304881223	0.10332224994143553	5.0	0.0	2041.1102018348608	2.0
0.8759620249314339	0.2024354508963709	0.11039610838506402	4.0	0.0	2743.0060420157215	2.0
0.280346012009532	0.6742093335046402	0.11117008824809271	1.0	0.0	2828.3512968087907	2.0
0.8799280131767461	0.20036250623740193	0.13813313061681132	4.0	0.0	2755.0727443167043	3.0
0.2764959174742005	0.6693859189847489	0.1112812583363408	1.0	0.0	2840.7532987315703	3.0
0.42797344567693163	0.46704154415643656	0.11508228794159903	3.0	0.0	3286.9219465547403	3.0
0.1939517976152137	0.4135495408672619	0.10563891138708459	7.0	0.0	2255.859083702047	3.0
0.797308189204399	0.4289827996948497	0.11698558740261046	2.0	0.0	3526.8948491668075	3.0
0.043712617131393704	0.043483530306698465	0.03861990035809256	8.0	0.0	0.30357766953976295	3.0
0.3598891169820433	0.12118110246611728	0.10444043724108147	9.0	0.0	2142.976034815862	3.0
0.6078627809090339	0.5996040238162578	0.10804572194819936	6.0	0.0	2494.3898540812083	3.0
0.545176178276156	0.2664944830969869	0.10342557219137695	5.0	0.0	2050.384392317792	3.0
0.16716875236512646	0.9084962698179097	0.11557238544413537	11.0	0.0	3347.639155701975	3.0
0.13315288115198673	0.19549958446686386	0.11535428710355045	10.0	0.0	3320.527881615837	3.0
0.8844953788221538	0.19839864968594917	0.13260780539213887	4.0	0.0	2767.186902825981	4.0
0.801452574060226	0.4302035666373728	0.11710257299001306	2.0	0.0	3542.0140265819746	4.0
0.18622002698155857	0.4407430252798174	0.10574455029847166	7.0	0.0	2265.994986967578	4.0
0.35363576864174673	0.13817683867529215	0.10454487767832255	9.0	0.0	2152.6598798578552	4.0
0.2823203908035204	0.6658581584168894	0.1392406744933464	1.0	0.0	2853.203958361328	4.0
0.5398737262000461	0.2523584210359737	0.10352899776356832	5.0	0.0	2059.6959493858485	4.0
0.04116645369095223	0.04854746882671615	0.03865852025845065	8.0	0.0	0.31339810535205004	4.0
0.5938345749851103	0.6165134708730143	0.10815376767014755	6.0	0.0	2505.474979347942	4.0
0.17202399003007623	0.9072958192535819	0.1156879578295795	11.0	0.0	3362.065309201831	4.0
0.13391297470503363	0.19793777108929247	0.11546964139065398	10.0	0.0	3334.8489818539724	4.0
0.4269835874136144	0.4651033649873981	0.11519737022954062	3.0	0.0	3301.112737904262	4.0
0.8028040489508337	0.4480581627996146	0.11721967556300306	2.0	0.0	3557.1915351468306	5.0
0.13113298326702846	0.1748084884688262	0.11558511103204462	10.0	0.0	3349.2255827945874	5.0
0.5414425533091336	0.24160002386691018	0.10363252676133188	5.0	0.0	2069.045009165241	5.0
0.5954477598634695	0.6188493625729273	0.10826192143781768	6.0	0.0	2516.6040321076207	5.0
0.8880441117830029	0.20033970163399048	0.12708248016746643	4.0	0.0	2779.348687711617	5.0
0.43451688701242785	0.4563640952859091	0.11531256759977014	3.0	0.0	3315.3585670018315	5.0
0.03953217116297355	0.01973568328644225	0.038697178778709096	8.0	0.0	0.3234382129103466	5.0
0.2947037806643393	0.6632883962828776	0.13367104751361256	1.0	0.0	2865.7034499001134	5.0
0.18372348194448365	0.42362270468889557	0.10585029484877012	7.0	0.0	2276.1713876511667	5.0
0.16207911835282313	0.9189806727232608	0.11580364578740907	11.0	0.0	3376.547336464024	5.0
0.3556134540224854	0.1383453339858257	0.10464942255600086	9.0	0.0	2162.3825820156317	5.0
0.18733077045842286	0.4186047429112772	0.10595614514361888	7.0	0.0	2286.3884324769274	6.0
0.10445333571272754	0.1663989926625806	0.11570069614307665	10.0	0.0	3363.657881547531	6.0
0.5990842411248346	0.6216961947449385	0.10837018335925548	6.0	0.0	2527.777170658076	6.0
0.5615740140349115	0.24269781782489105	0.1037361592880932	5.0	0.0	2078.4317082436937	6.0
0.14143812807567782	0.9030301547409764	0.11591944943319646	11.0	0.0	3391.0854358442157	6.0
0.01734263317965365	0.02050434261078459	0.0387358759574878	8.0	0.0	0.33370085366669855	6.0
0.37440764226677553	0.13282562542702311	0.10475407197855685	9.0	0.0	2172.1442824651335	6.0
0.43197641727119324	0.4442277972179342	0.11542788016736989	3.0	0.0	3329.6596294108745	6.0
0.818385537613727	0.4251895891957725	0.11733689523856605	2.0	0.0	3572.4275814160696	6.0
0.8924866502173578	0.18050598912772395	0.12155715494279398	4.0	0.0	2791.558269713239	6.0
0.29768647904752343	0.6618701376244336	0.12810142053387868	1.0	0.0	2878.251948134539	6.0
0.369465748709515	0.13529096564026086	0.1048588260505354	9.0	0.0	2181.9451228601815	7.0
0.4388022820022992	0.44054989124534	0.11554330804753725	3.0	0.0	3344.016121348122	7.0
0.5612943079651295	0.2463930688094201	0.10383989544738127	5.0	0.0	2087.8561836719373	7.0
0.12251134790193377	0.1817269112618083	0.11581639683921972	10.0	0.0	3378.1460758809276	7.0
0.038774611833445286	0.038774611833445286	0.038774611833445286	8.0	0.0	0.34418890389305545	7.0
0.16039950692239352	0.8912167832102603	0.11603536888262964	11.0	0.0	3405.679806360345	7.0
0.8949325028584654	0.17613295599703646	0.11603182971812152	4.0	0.0	2803.815820143881	7.0
0.30268335203596863	0.658756971773917	0.12253179355414485	1.0	0.0	2890.849628437668	7.0
0.6007560801551665	0.6137653621104815	0.10847855354261472	6.0	0.0	2538.994553830399	7.0
0.8207222660521547	0.4286659835175944	0.11745423213380461	2.0	0.0	3587.7223726329817	7.0
0.1871894469925863	0.421408287805548	0.10606210128876249	7.0	0.0	2296.646268664815	7.0
0.03881338644527873	0.03881338644527873	0.03881338644527873	8.0	0.0	0.35490525474010326	8.0
0.3660203200426591	0.13074425652288718	0.10496368487658592	9.0	0.0	2191.785245334021	8.0
0.8169151968392363	0.4391857947035917	0.1175716863659384	2.0	0.0	3603.0761167316755	8.0
0.3062915140316685	0.6612320574864188	0.11696216657441098	1.0	0.0	2903.496666770899	8.0
0.5565419398532562	0.2497418128163659	0.10394373534282864	5.0	0.0	2097.318572965214	8.0
0.15825863644552005	0.8911021069570724	0.11615140425151226	11.0	0.0	3420.3306476947546	8.0
0.13656922792521523	0.1655863247101698	0.11593221323605893	10.0	0.0	3392.690364223288	8.0
0.6136424581528102	0.6314550561980905	0.10858703209615733	6.0	0.0	2550.2563409906597	8.0
0.20407660756504936	0.41337852461076496	0.10616816339005124	7.0	0.0	2306.9450439322272	8.0
0.4412624068784678	0.43934190245041055	0.11565885135558478	3.0	0.0	3358.428239685707	8.0
0.9237535286899785	0.09584645038174973	0.06219368018448418	13.0	4.0	128.70159553231025	8.0
0.8532473706391385	0.24260316988803227	0.06219368018448418	12.0	4.0	128.70159553231025	8.0
0.3770878455911143	0.7012581770872968	0.06493135805286675	14.0	1.0	171.61657903257833	9.0
0.4430852669691303	0.4418442221382412	0.11577451020694035	3.0	0.0	3372.896181953273	9.0
0.93484120825889	0.09866205265219494	0.06225587386466866	13.0	0.0	129.58666291624718	9.0
0.8565975294213125	0.24336907296925625	0.06225587386466866	12.0	0.0	129.58666291624718	9.0
0.20073893857601915	0.40758347801851164	0.10627433155344128	7.0	0.0	2317.28490649562	9.0
0.15483594534685524	0.885491044207856	0.11626755565576376	11.0	0.0	3435.0381601963227	9.0
0.03367445442717333	0.051764252381636996	0.038852199831724006	8.0	0.0	0.3658528122961968	9.0
0.5703993923623613	0.2592475896517281	0.10404767907817146	5.0	0.0	2106.819014104782	9.0
0.6155617311282773	0.6318407503100316	0.10869561912825347	6.0	0.0	2561.5626920416307	9.0
0.230946201322222	0.6186049782208634	0.06493135805286675	15.0	1.0	171.61657903257833	9.0
0.820627029714416	0.4415758824337315	0.11768925805230432	2.0	0.0	3618.48902233929	9.0
0.14351258079954277	0.1687284759344006	0.11604814544929498	10.0	0.0	3407.290945665636	9.0
0.3728797105160623	0.11772079750053024	0.10506864856146249	9.0	0.0	2201.664792500875	9.0
0.23167260662751654	0.6081326820231928	0.0649962894109196	15.0	0.0	172.7358889510033	10.0
0.023028690296603448	0.0519988721003158	0.038891052031555726	8.0	0.0	0.37703449764664754	10.0
0.3767702999815208	0.6966802484079564	0.0649962894109196	14.0	0.0	172.7358889510033	10.0
0.18628213201335392	0.4221774585555518	0.1063806058849947	7.0	0.0	2327.6660050721134	10.0
0.940317444690761	0.09954885216289211	0.06231812973853332	13.0	0.0	130.47666984930015	10.0
0.8213211159881495	0.44476874497536906	0.11780694731035661	2.0	0.0	3633.961298778224	10.0
0.8531138350091559	0.2425541391766218	0.06231812973853332	12.0	0.0	130.47666984930015	10.0
0.5908401696292953	0.24823370939536632	0.10415172675724962	5.0	0.0	2116.3576455394223	10.0
0.38098871829847986	0.11238064464352789	0.10517371721002394	9.0	0.0	2211.5839074575033	10.0
0.450623907679248	0.4407691355624502	0.11589028471714728	3.0	0.0	3387.4201463400864	10.0
0.17492297506230992	0.9062859493883749	0.1163838232114195	11.0	0.0	3449.802544882608	10.0
0.6139530337133374	0.6402565646654147	0.10880431474738171	6.0	0.0	2572.9137674245326	10.0
0.12310455368432194	0.1792323021748395	0.11616419359474427	10.0	0.0	3421.9480199636337	10.0
0.17769886867240187	0.9058543491043423	0.11650020703463092	11.0	0.0	3464.6240034419966	11.0
0.820333448422761	0.44035930320392774	0.11792475425766695	2.0	0.0	3649.4931560683563	11.0
0.62673884800806	0.6233839534324236	0.10891311906212908	6.0	0.0	2584.3097281207592	11.0
0.39103168459144666	0.11632916938604386	0.10527889092723396	9.0	0.0	2221.542733784761	11.0
0.20362758093677977	0.422997090858546	0.10648698649087969	7.0	0.0	2338.0884888811192	11.0
0.12258171222368419	0.19306678104682418	0.11628035778833899	10.0	0.0	3436.661787539714	11.0
0.24247548260293772	0.6114631546134548	0.06506128570033051	15.0	0.0	173.86118179464623	11.0
0.3794850664453932	0.6935308878929337	0.06506128570033051	14.0	0.0	173.86118179464623	11.0
0.5927651315266393	0.24582210908771646	0.10425587848400686	5.0	0.0	2125.934606186957	11.0
0.9382722884603203	0.099283421864535	0.06238044786827184	13.0	0.0	131.3716386635142	11.0
0.4470060261915882	0.4402531889920073	0.11600617500186441	3.0	0.0	3402.0003316971547	11.0
0.02542140550297113	0.056910768347879184	0.03892994308358728	8.0	0.0	0.3884532469330253	11.0
0.8557021759131443	0.23637422326829138	0.06238044786827184	12.0	0.0	131.3716386635142	11.0
