# x	y	r	id	split_id	s_prob	t
2.0	0.5	0.0	-1.0	0.0	0.0	0.0
0.11926618318559469	0.34377752479605483	0.030527599070205524	1.0	0.0	0.0	0.0
0.22403814260380941	0.17726494643496354	0.031917831643691705	2.0	0.0	0.0	0.0
0.8997051840541777	0.5353471812709163	0.02995471119162592	3.0	0.0	0.0	0.0
0.13060646583781732	0.725731423494859	0.033326909760361095	4.0	0.0	0.0	0.0
0.6225484478637249	0.6685147653119008	0.03433841620553125	5.0	0.0	0.0	0.0
0.3419065969493009	0.5427195191675458	0.02990406149333287	6.0	0.0	0.0	0.0
0.5202683850064999	0.6406314098143299	0.028768533580869768	7.0	0.0	0.0	0.0
0.8040257750974981	0.31820817755708575	0.032425510702666346	8.0	0.0	0.0	0.0
0.6404531716424415	0.3379785172764235	0.03157507360775911	9.0	0.0	0.0	0.0
0.2864625540698798	0.9262936618691024	0.0334572191235909	10.0	0.0	0.0	0.0
0.8120833715997049	0.70910125530628	0.032394215528420506	11.0	0.0	0.0	0.0
0.34435763807346986	0.38360456030284773	0.03125338717557448	12.0	0.0	0.0	0.0
0.2670694830791476	0.224661785219394	0.03136408694865292	13.0	0.0	0.0	0.0
0.3444011674116394	0.05253642331804127	0.03537348339968779	14.0	0.0	0.00033342171738581783	0.0
0.21655443121679407	0.8963248822040205	0.03226383758358617	15.0	0.0	0.0	0.0
0.9422408127112826	0.40994355031354357	0.03270091895369135	16.0	0.0	0.0	0.0
0.8961405482136706	0.9492931464565396	0.030161910480082238	17.0	0.0	0.0	0.0
0.9668275359559324	0.8198274232958721	0.03552701162514504	18.0	0.0	0.0009367863624589745	0.0
0.884818778433191	0.4697336885294095	0.03440692775789027	19.0	0.0	0.0	0.0
0.793042772371474	0.7818418234588776	0.03261223083917318	20.0	0.0	0.0	0.0
0.9517251800350686	0.5717786926445341	0.03138161799095677	21.0	0.0	0.0	0.0
0.8776696559672412	0.6178833605163803	0.031728898518506465	22.0	0.0	0.0	0.0
0.14811611165723057	0.5775005869949463	0.03007759647312694	23.0	0.0	0.0	0.0
0.9360041880093068	0.8840466524967421	0.03377174182723373	24.0	0.0	0.0	0.0
0.5701597942532688	0.1741467333570405	0.030803523724034408	25.0	0.0	0.0	0.0
0.4293586982729777	0.2204836257257053	0.032670161282616766	26.0	0.0	0.0	0.0
0.6319004131961453	0.08496583932844107	0.03219634926796501	27.0	0.0	0.0	0.0
0.16499294244989426	0.6384427315334991	0.031324274602826135	28.0	0.0	0.0	0.0
0.9287542982144202	0.18163044474405582	0.033509450158253136	29.0	0.0	0.0	0.0
0.9449690062196202	0.28515511893110135	0.030205503552140293	30.0	0.0	0.0	0.0
0.7643613034939157	0.5123143272749966	0.034676620317354995	31.0	0.0	0.0	0.0
0.7034381419933272	0.7782786591373652	0.02987504303848288	32.0	0.0	0.0	0.0
0.30074618432071665	0.8433152598793285	0.030737249397201048	33.0	0.0	0.0	0.0
0.8263297777312395	0.9312408970171547	0.03202802169587898	34.0	0.0	0.0	0.0
0.7727040348247112	0.12604325453463866	0.031094795825416455	35.0	0.0	0.0	0.0
0.07498755747908728	0.5096664605415614	0.0335682762610152	36.0	0.0	0.0	0.0
0.6599643308974528	0.18973779874665578	0.034218450641867175	37.0	0.0	0.0	0.0
0.42619047293578755	0.370127201745255	0.030971252639317368	38.0	0.0	0.0	0.0
0.5314939520870228	0.44605491375193107	0.03517261968846349	39.0	0.0	3.291932786453344e-05	0.0
0.5475529700744863	0.2553172454524307	0.03292300962771344	40.0	0.0	0.0	0.0
0.3138426792479935	0.7117266679909755	0.033892011407224205	41.0	0.0	0.0	0.0
0.7055213687935679	0.34595388150414375	0.030672421222476393	42.0	0.0	0.0	0.0
0.11864254057001009	0.14483553042456376	0.034925763033101735	43.0	0.0	0.0	0.0
0.827136536793644	0.5637042611919498	0.03234142764079511	44.0	0.0	0.0	0.0
0.3680995868038547	0.932496153907928	0.032904662933529345	45.0	0.0	0.0	0.0
0.6204500025926747	0.26643883157498527	0.031998277474533265	46.0	0.0	0.0	0.0
0.4840971133025923	0.31010082355448576	0.03326590828646917	47.0	0.0	0.0	0.0
0.21250811913930368	0.9650122312433232	0.033003686454979884	48.0	0.0	0.0	0.0
0.5617732565825642	0.5825439941343796	0.03287850454035604	49.0	0.0	0.0	0.0
0.05371331823682881	0.689960216716356	0.030463498039329018	50.0	0.0	0.0	0.0
0.60009463980133	0.4410657728272541	0.03323861551938363	51.0	0.0	0.0	0.0
0.5762769793014265	0.3603468020686003	0.0315252388073135	52.0	0.0	0.0	0.0
0.8334852988724526	0.17619975920100509	0.03234234519978385	53.0	0.0	0.0	0.0
0.5542834306927561	0.7116666736397917	0.03339592492383949	54.0	0.0	0.0	0.0
0.6162547211345174	0.5306801294996414	0.03368839374984266	55.0	0.0	0.0	0.0
0.22654232547810219	0.6915133057239735	0.03203175201692542	56.0	0.0	0.0	0.0
0.20394052190369902	0.7527961263011853	0.03275167550572876	57.0	0.0	0.0	0.0
0.26145669953888606	0.5651706533285918	0.031124362879163116	58.0	0.0	0.0	0.0
0.3507881532074054	0.25979253038795724	0.03268235794662481	59.0	0.0	0.0	0.0
0.7552409200923561	0.8398719186628504	0.03303338568800886	60.0	0.0	0.0	0.0
0.8120561992628592	0.70862221724008	0.032426609743948925	11.0	0.0	0.0	1.0
0.9531625395432491	0.5731584032613698	0.03141299960894772	21.0	0.0	0.0	1.0
0.5229719595517701	0.6398902402134926	0.028797302114450633	7.0	0.0	0.0	1.0
0.36806535353925146	0.9327665903782845	0.03293756759646287	45.0	0.0	0.0	1.0
0.7727957179539701	0.12684882379859122	0.031125890621241867	35.0	0.0	0.0	1.0
0.8956963006673069	0.9464939810193591	0.030192072390562315	17.0	0.0	0.0	1.0
0.4314263547367648	0.22392178692388665	0.03270283144389938	26.0	0.0	0.0	1.0
0.6404108470254349	0.3396588368897027	0.03160664868136687	9.0	0.0	0.0	1.0
0.7511992000989972	0.848536298354241	0.03306641907369686	60.0	0.0	0.0	1.0
0.5304106608179066	0.44627261028043747	0.03520779230815195	39.0	0.0	5.74206858772186e-05	1.0
0.31338024226207406	0.714763838509047	0.03392590341863143	41.0	0.0	0.0	1.0
0.20247434285040192	0.7631139457271169	0.032784427181234484	57.0	0.0	0.0	1.0
0.6604459109275622	0.19026215321874232	0.03425266909250904	37.0	0.0	0.0	1.0
0.22273175267699713	0.17544767712199383	0.031949749475335396	2.0	0.0	0.0	1.0
0.9280371573604563	0.1820709967859086	0.03354295960841139	29.0	0.0	0.0	1.0
0.8041537720609178	0.3179859421079978	0.03245793621336901	8.0	0.0	0.0	1.0
0.07567778778319441	0.5094584153989978	0.03360184453727621	36.0	0.0	0.0	1.0
0.6150334654087307	0.5278642992306581	0.0337220821435925	55.0	0.0	0.0	1.0
0.5480420722199733	0.2560448918033715	0.03295593263734115	40.0	0.0	0.0	1.0
0.6197763178780032	0.665887151051744	0.03437275462173678	5.0	0.0	0.0	1.0
0.21342074444838907	0.8908701388814517	0.03229610142116975	15.0	0.0	0.0	1.0
0.4291684853275838	0.37321016055952744	0.03100222389195668	38.0	0.0	0.0	1.0
0.9443102723967676	0.4111095737003885	0.03273361987264504	16.0	0.0	0.0	1.0
0.5540634825509241	0.708495768812137	0.03342932084876333	54.0	0.0	0.0	1.0
0.16704247000404795	0.6365484668441354	0.03135559887742896	28.0	0.0	0.0	1.0
0.7043537878995393	0.7763051471625649	0.02990491808152136	32.0	0.0	0.0	1.0
0.8850813622064464	0.47070348133288936	0.03444133468564815	19.0	0.0	0.0	1.0
0.7056161789451207	0.34093470333310255	0.030703093643698866	42.0	0.0	0.0	1.0
0.7635506528648811	0.5082136184839405	0.034711296937672345	31.0	0.0	0.0	1.0
0.05371331823682881	0.6905538024732177	0.030493961537368344	50.0	0.0	0.0	1.0
0.12114617450189412	0.343676822599211	0.030558126669275727	1.0	0.0	0.0	1.0
0.9641413847096129	0.8185501713670612	0.035562538636770176	18.0	0.0	0.0011392972345021235	1.0
0.6236515487820262	0.2661457517859079	0.03203027575200779	46.0	0.0	0.0	1.0
0.12949879520126872	0.7280799680728366	0.03336023667012145	4.0	0.0	0.0	1.0
0.3408601273086225	0.049939787234731275	0.035408856883087474	14.0	0.0	0.000437415244206818	1.0
0.3407579752934583	0.5444757085327439	0.0299339655548262	6.0	0.0	0.0	1.0
0.14584311096435015	0.5779872192308949	0.030107674069600063	23.0	0.0	0.0	1.0
0.9397670598871612	0.8866981505190412	0.03380551356906096	24.0	0.0	0.0	1.0
0.34594969636330913	0.38525272340351735	0.03128464056275005	12.0	0.0	0.0	1.0
0.8829318033672123	0.61538123487267	0.03176062741702497	22.0	0.0	0.0	1.0
0.6002605539132336	0.44049589815580525	0.033271854134903016	51.0	0.0	0.0	1.0
0.21238699724100124	0.9767678075059137	0.03303669014143486	48.0	0.0	0.0	1.0
0.48360959171590767	0.3135981175632706	0.033299174194755636	47.0	0.0	0.0	1.0
0.2804810943593828	0.9293722648672526	0.033490676342714486	10.0	0.0	0.0	1.0
0.9447615399994487	0.2849862854476734	0.03023570905569243	30.0	0.0	0.0	1.0
0.8346557910965351	0.17637420914179971	0.032374687544983634	53.0	0.0	0.0	1.0
0.2288314662123231	0.6849544443741828	0.032063783768942346	56.0	0.0	0.0	1.0
0.12483507368127592	0.14198604998468267	0.034960688796134835	43.0	0.0	0.0	1.0
0.9018214992150508	0.5347382543214733	0.02998466590281754	3.0	0.0	0.0	1.0
0.5751750786001437	0.35982285361335237	0.03155676404612081	52.0	0.0	0.0	1.0
0.8228085707242296	0.9335916887052351	0.03206004971757486	34.0	0.0	0.0	1.0
0.5609247352253611	0.18175925728992687	0.03083432724775844	25.0	0.0	0.0	1.0
0.26780153054745254	0.22447097535931212	0.03139545103560157	13.0	0.0	0.0	1.0
0.3001353452465521	0.840740602678196	0.030767986646598244	33.0	0.0	0.0	1.0
0.26610215491588524	0.5658033271657047	0.031155487242042278	58.0	0.0	0.0	1.0
0.7935542097390342	0.7749622927989055	0.03264484307001235	20.0	0.0	0.0	1.0
0.5599851345978281	0.5812327686379585	0.032911383044896395	49.0	0.0	0.0	1.0
0.8300559066269324	0.5656532605904131	0.0323737690684359	44.0	0.0	0.0	1.0
0.3526985490500922	0.2597865166551227	0.03271504030457143	59.0	0.0	0.0	1.0
0.6310110885695444	0.08632557553357087	0.03222854561723297	27.0	0.0	0.0	1.0
0.9262368332237697	0.17963202682255192	0.0335765025680198	29.0	0.0	0.0	2.0
0.21387244768261474	0.8902417917017315	0.03232839752259092	15.0	0.0	0.0	2.0
0.5637720413696811	0.36435375404267817	0.03158832081016693	52.0	0.0	0.0	2.0
0.9512522502362634	0.5750388598396933	0.03144441260855667	21.0	0.0	0.0	2.0
0.5210065155361128	0.44675870175109744	0.035243000100460095	39.0	0.0	9.183311870231137e-05	2.0
0.5597006584312548	0.5803774419207817	0.032944294427941286	49.0	0.0	0.0	2.0
0.5501562124173581	0.7085818803028948	0.03346275016961209	54.0	0.0	0.0	2.0
0.2801391854976032	0.9244431008770299	0.033524167019057194	10.0	0.0	0.0	2.0
0.7495513907496756	0.8491841563472826	0.03309948549277055	60.0	0.0	0.0	2.0
0.664876847605849	0.18835695781721473	0.034286921761601544	37.0	0.0	0.0	2.0
0.34653198011420766	0.3855162306216944	0.0313159252033128	12.0	0.0	0.0	2.0
0.7773868557335224	0.12178628718135248	0.031157016511863107	35.0	0.0	0.0	2.0
0.13811045174225262	0.7259507483172208	0.03339359690679157	4.0	0.0	0.0	2.0
0.9420909530076514	0.28531580429055453	0.03026594476474812	30.0	0.0	0.0	2.0
0.5447431012719072	0.2573901271231414	0.03298888856997849	40.0	0.0	0.0	2.0
0.30087767757904627	0.8408321977065504	0.03079875463324484	33.0	0.0	0.0	2.0
0.9437844309779831	0.8869895232466711	0.03383931908263002	24.0	0.0	0.0	2.0
0.34090883436725494	0.5439808472614645	0.02996389952038102	6.0	0.0	0.0	2.0
0.6274792256927949	0.08931239158390147	0.0322607741628502	27.0	0.0	0.0	2.0
0.48329941685137673	0.31395339914676595	0.033332473368950385	47.0	0.0	0.0	2.0
0.3678204169129628	0.9345236723599799	0.03297050516405933	45.0	0.0	0.0	2.0
0.8229953359839233	0.9334686952315695	0.03209210976729243	34.0	0.0	0.0	2.0
0.22825162347318523	0.6854083823663042	0.03209584755271128	56.0	0.0	0.0	2.0
0.21329805544643743	0.9746671948189023	0.03306972683157629	48.0	0.0	0.0	2.0
0.3424340914479386	0.04712563677772467	0.03544426573997056	14.0	0.0	0.0005611880884828224	2.0
0.3553082666107482	0.2564312582929213	0.032747755344876	59.0	0.0	0.0	2.0
0.8818834530982045	0.4683584623723495	0.0344757760203338	19.0	0.0	0.0	2.0
0.2662577326332168	0.5659908588564067	0.031186642729284317	58.0	0.0	0.0	2.0
0.8292021996416432	0.5698332724339733	0.03240614283750433	44.0	0.0	0.0	2.0
0.6140287355795642	0.5289309933414137	0.03375580422573609	55.0	0.0	0.0	2.0
0.4307153674196267	0.22295858442301977	0.03273553427534327	26.0	0.0	0.0	2.0
0.42734261692637815	0.3733657213308467	0.031033226115848633	38.0	0.0	0.0	2.0
0.9622807741569512	0.8171494267071432	0.03559810117540694	18.0	0.0	0.0013693168163513292	2.0
0.07272890279472417	0.5134011912663704	0.03363544638181348	36.0	0.0	0.0	2.0
0.8962773989649562	0.9471595846738252	0.030222264462952876	17.0	0.0	0.0	2.0
0.14478535168886825	0.5704007958795371	0.03013778174366966	23.0	0.0	0.0	2.0
0.20238485576777476	0.7702204835892924	0.03281721160841571	57.0	0.0	0.0	2.0
0.26633069506589824	0.22534922020926645	0.03142684648663717	13.0	0.0	0.0	2.0
0.9015325841871745	0.5347739030181715	0.030014650568720356	3.0	0.0	0.0	2.0
0.6077585852018734	0.4437888166141129	0.03330512598903791	51.0	0.0	0.0	2.0
0.6184277438419016	0.26632670762098615	0.0320623060277598	46.0	0.0	0.0	2.0
0.8346113092006067	0.1767256079075641	0.032407062232528615	53.0	0.0	0.0	2.0
0.7110230008169314	0.340390523713461	0.030733796737342563	42.0	0.0	0.0	2.0
0.7649513220612839	0.5099912219337842	0.034746008234610014	31.0	0.0	0.0	2.0
0.05464921948806543	0.6890620914484665	0.03052445549890571	50.0	0.0	0.0	2.0
0.6221060947277408	0.668695438762114	0.03440712737635851	5.0	0.0	0.0	2.0
0.558977850478961	0.18273049092744376	0.030865161575006194	25.0	0.0	0.0	2.0
0.7082577703663842	0.7748547610713229	0.02993482299960288	32.0	0.0	0.0	2.0
0.5217401115692776	0.6366061974196493	0.028826099416565082	7.0	0.0	0.0	2.0
0.1706096973096974	0.646963432452399	0.031386954476306385	28.0	0.0	0.0	2.0
0.8111267510611553	0.7100049746019089	0.03245903635369287	11.0	0.0	0.0	2.0
0.12500585401588826	0.1420410647843798	0.03499564948493097	43.0	0.0	0.0	2.0
0.22286214903787083	0.17512499979342178	0.03198169922481073	2.0	0.0	0.0	2.0
0.8039683337025666	0.3182473552841006	0.03249039414958237	8.0	0.0	0.0	2.0
0.791773429617592	0.7746854143178931	0.03267748791308236	20.0	0.0	0.0	2.0
0.8847235447003554	0.6144447266439371	0.03179238804444199	22.0	0.0	0.0	2.0
0.9472348924368742	0.4094373709569624	0.03276635349251768	16.0	0.0	0.0	2.0
0.31068483994896484	0.7145170927510028	0.03395982932205006	41.0	0.0	0.0	2.0
0.1185643285753639	0.34712885272320654	0.030588684795945	1.0	0.0	0.0	2.0
0.6395142016932743	0.3380311374802337	0.03163825533004823	9.0	0.0	0.0	2.0
0.36622365592005074	0.9326234278676317	0.03300347566922339	45.0	0.0	0.0	3.0
0.2132894601133533	0.8893380608910463	0.032360725920113506	15.0	0.0	0.0	3.0
0.7777984470388629	0.12357107853443028	0.031188173528374965	35.0	0.0	0.0	3.0
0.20148993471483523	0.7684123444177754	0.03285002882002412	57.0	0.0	0.0	3.0
0.21851321961468972	0.1679954881951061	0.03201368092403554	2.0	0.0	0.0	3.0
0.6257342513107355	0.08948321669437756	0.03229303493701304	27.0	0.0	0.0	3.0
0.8292637496980299	0.5701001731361864	0.032438548980341826	44.0	0.0	0.0	3.0
0.7674481355945287	0.5090636195042656	0.03478075424284462	31.0	0.0	0.0	3.0
0.35453836276893	0.2572695457992414	0.03278050310022087	59.0	0.0	0.0	3.0
0.2118918087337574	0.9811360627725444	0.03310279655840786	48.0	0.0	0.0	3.0
0.5556870006950372	0.712274287788685	0.03349621291978169	54.0	0.0	0.0	3.0
0.568154808978779	0.37307042374560534	0.03161990913097709	52.0	0.0	0.0	3.0
0.31100205262907127	0.7151286705673766	0.033993789151372106	41.0	0.0	0.0	3.0
0.8351030722008186	0.17676750524888876	0.03243946929476114	53.0	0.0	0.0	3.0
0.14813579047903713	0.5699659596775565	0.030167919525413325	23.0	0.0	0.0	3.0
0.9074118382278306	0.5361883234585125	0.030044665219289075	3.0	0.0	0.0	3.0
0.34571334326478503	0.05078765699133645	0.03547971000571053	14.0	0.0	0.0007065067329392605	3.0
0.7478729069362114	0.8521413263097684	0.03313258497826332	60.0	0.0	0.0	3.0
0.9440562972221032	0.2837164311030235	0.030296210709512862	30.0	0.0	0.0	3.0
0.9423178083066057	0.8892319214507532	0.03387315840171265	24.0	0.0	0.0	3.0
0.7095442566602579	0.7745194354533003	0.0374559472782531	32.0	0.0	0.0	3.0
0.2284884205013086	0.6854406322260578	0.03212794340026399	56.0	0.0	0.0	3.0
0.558605689925468	0.18455270340562768	0.030896026736581195	25.0	0.0	0.0	3.0
0.7100417623164366	0.3402379592153197	0.030764530534079904	42.0	0.0	0.0	3.0
0.3011074833225101	0.8428513744636116	0.03082955338787808	33.0	0.0	0.0	3.0
0.9561862846403092	0.5788023071433733	0.03147585702116522	21.0	0.0	0.0	3.0
0.8019462954176805	0.3156476636675296	0.03252288454373195	8.0	0.0	0.0	3.0
0.7889850260737397	0.7834720876544399	0.03271016540099544	20.0	0.0	0.0	3.0
0.12578778558457696	0.13978530341809148	0.035030645134415894	43.0	0.0	1.8418937486330833e-07	3.0
0.521675867654524	0.6345660141484245	0.028854925515981643	7.0	0.0	0.0	3.0
0.5199871564848335	0.4445616545293796	0.035278243100560554	39.0	0.0	0.00013786473378729625	3.0
0.8178107086640829	0.7019182283545584	0.03249149539004656	11.0	0.0	0.0	3.0
0.42721275183319557	0.3748352848911992	0.031064259341964478	38.0	0.0	0.0	3.0
0.6220408925295369	0.6685397621658367	0.03444153450373486	5.0	0.0	0.0	3.0
0.9260767181437232	0.17869918566681078	0.033610079070587814	29.0	0.0	0.0	3.0
0.5438316137849182	0.2533207913059886	0.03302187745854846	40.0	0.0	0.0	3.0
0.26790331276620505	0.22592222923576175	0.0314582733331238	13.0	0.0	0.0	3.0
0.48019489891261785	0.3106155613825583	0.03336580584231933	47.0	0.0	0.0	3.0
0.6093452499741123	0.44436694392142834	0.03333843111502695	51.0	0.0	0.0	3.0
0.9601442304641644	0.82167944487296	0.035633699276582345	18.0	0.0	0.0016286569166936715	3.0
0.42552415406513067	0.22287687087298158	0.03276826980961861	26.0	0.0	0.0	3.0
0.6675029818278015	0.19100801021642216	0.03432120868336314	37.0	0.0	0.0	3.0
0.8956039433312079	0.9485420911215233	0.030252486727415824	17.0	0.0	0.0	3.0
0.16964597150399288	0.6457867707102396	0.03141834143078269	28.0	0.0	0.0	3.0
0.05300342587696845	0.693209733865439	0.030554979954404614	50.0	0.0	0.0	3.0
0.2661999392170227	0.5675200830198879	0.0312178293720136	58.0	0.0	0.0	3.0
0.3474129285599757	0.3857048350129127	0.031347241128516105	12.0	0.0	0.0	3.0
0.34193883755885124	0.5433391317787184	0.0299938634199014	6.0	0.0	0.0	3.0
0.8812896061174336	0.46878820612487926	0.03451025179635413	19.0	0.0	0.0	3.0
0.886803057056689	0.6150007611214262	0.03182418043248643	22.0	0.0	0.0	3.0
0.13730207805775585	0.7257616470486727	0.03342699050369836	4.0	0.0	0.0	3.0
0.6392182615744365	0.3382628183382766	0.03166989358537827	9.0	0.0	0.0	3.0
0.280211994795287	0.9302251871348259	0.033557691186076245	10.0	0.0	0.0	3.0
0.11545704911471141	0.3388450069352178	0.03061927348074094	1.0	0.0	0.0	3.0
0.07427709014160108	0.5126409888125862	0.033669081828195294	36.0	0.0	0.0	3.0
0.8251575414500066	0.9292350167860315	0.03212420187705972	34.0	0.0	0.0	3.0
0.6193436132005259	0.26589121616962264	0.03209436833378756	46.0	0.0	0.0	3.0
0.9371355562119881	0.4069403245285204	0.032799119846010194	16.0	0.0	0.0	3.0
0.5624889327389732	0.5827962908121648	0.032977238722369226	49.0	0.0	0.0	3.0
0.614760032778683	0.5261611047908833	0.03378956002996182	55.0	0.0	0.0	3.0
0.9585890471021743	0.5746304972777487	0.03150733287818638	21.0	0.0	0.0	4.0
0.9274278672738403	0.1781972141743262	0.0336436891496584	29.0	0.0	0.0	4.0
0.5576034981439008	0.5834616478978301	0.03301021596109159	49.0	0.0	0.0	4.0
0.6117203997435003	0.4440282234901528	0.033371769546141974	51.0	0.0	0.0	4.0
0.5690517937023214	0.37012805515325437	0.03165152904010807	52.0	0.0	0.0	4.0
0.36618214235240615	0.932652680296649	0.03303647914489261	45.0	0.0	0.0	4.0
0.26452478501084004	0.568732326372033	0.031249047201385608	58.0	0.0	0.0	4.0
0.05291820501684795	0.6929535026338393	0.030585534934359015	50.0	0.0	0.0	4.0
0.6673671807502413	0.1907853817800145	0.0343555298920465	37.0	0.0	0.0	4.0
0.6142810006093558	0.5280229184409588	0.03382334958999178	55.0	0.0	0.0	4.0
0.352337521404638	0.26349179139747275	0.032813283603321086	59.0	0.0	0.0	4.0
0.6388693953601496	0.33716805015468215	0.03170156347896365	9.0	0.0	0.0	4.0
0.07387877610427997	0.5123786807841001	0.033702750910023484	36.0	0.0	0.0	4.0
0.34479324344165724	0.5431501640618311	0.030023857283321298	6.0	0.0	0.0	4.0
0.7116560525618466	0.7739404986053525	0.03595770938712297	32.0	0.0	0.0	4.0
0.8861802041715388	0.6158335400646864	0.03185600461291891	22.0	0.0	0.0	4.0
0.8171379632437703	0.701618871947833	0.032523986885436604	11.0	0.0	0.0	4.0
0.201188778734335	0.7691713018656751	0.032882878848844145	57.0	0.0	0.0	4.0
0.11544440907401612	0.3388718070489527	0.030649892754221676	1.0	0.0	0.0	4.0
0.714234531687052	0.34108053162666724	0.03079529506461398	42.0	0.0	0.0	4.0
0.8296881942000938	0.5721783838995202	0.03247098752932216	44.0	0.0	0.0	4.0
0.1504841327413723	0.5690935164779026	0.030198087444938734	23.0	0.0	0.0	4.0
0.4275992285595449	0.2222798100924741	0.032801038079428226	26.0	0.0	0.0	4.0
0.9380668405739868	0.8907204723373149	0.03390703156011436	24.0	0.0	0.0	4.0
0.5599832148593169	0.1856311180521544	0.030926922763317773	25.0	0.0	0.0	4.0
0.12471728681641195	0.14129438970147093	0.035065675779550304	43.0	0.0	1.8129911438791169e-06	4.0
0.776289200234188	0.5113087170035092	0.03481553499708746	31.0	0.0	0.0	4.0
0.9235239304504587	0.40004259280224086	0.0328319189658562	16.0	0.0	0.0	4.0
0.8255120693101224	0.9292070586912928	0.040195407598670976	34.0	0.0	0.0	4.0
0.34622120654843297	0.3853781311943887	0.03137858836964462	12.0	0.0	0.0	4.0
0.4271632610369194	0.374231947114114	0.03109532360130644	38.0	0.0	0.0	4.0
0.6217012418526306	0.6693365948599294	0.03447597603823859	5.0	0.0	0.0	4.0
0.31411046381485636	0.7170925550277027	0.03402778294052347	41.0	0.0	0.0	4.0
0.13744851147475634	0.7260825344880564	0.033460417494202054	4.0	0.0	0.0	4.0
0.2112042480102121	0.8912411049764639	0.03239308664603362	15.0	0.0	0.0	4.0
0.6256622881910588	0.08948661720005323	0.03232532797195005	27.0	0.0	0.0	4.0
0.3013926508054497	0.8434560023410465	0.030860382941265953	33.0	0.0	0.0	4.0
0.8015685881332361	0.31578528750536217	0.03255540742827568	8.0	0.0	0.0	4.0
0.8330090533556935	0.17072655870028697	0.032471908764055896	53.0	0.0	0.0	4.0
0.28020142120742003	0.9310648793039037	0.033591248877262316	10.0	0.0	0.0	4.0
0.7460101684991423	0.850284442355679	0.033165717563241576	60.0	0.0	0.0	4.0
0.5205096316574171	0.6396231859017546	0.02888378044149762	7.0	0.0	0.0	4.0
0.17039860666606044	0.6387815225856674	0.03144975977221347	28.0	0.0	0.0	4.0
0.21761183375076296	0.16700155179818194	0.03204569460495957	2.0	0.0	0.0	4.0
0.2670483307127188	0.22685315168949674	0.03148973160645692	13.0	0.0	0.0	4.0
0.6182450279238535	0.2652630807919166	0.03212646270212134	46.0	0.0	0.0	4.0
0.9066419209479268	0.5367023276447203	0.03007470988450836	3.0	0.0	0.0	4.0
0.8959661694155191	0.9483288857410594	0.030282739214143237	17.0	0.0	0.0	4.0
0.5547568104679076	0.7132372583147913	0.03352970913270147	54.0	0.0	0.0	4.0
0.4802310654274047	0.3107638389913915	0.03339917164816165	47.0	0.0	0.0	4.0
0.9440115480527743	0.2872701469779902	0.03032650692022237	30.0	0.0	0.0	4.0
0.9604029735586868	0.8185251314403373	0.035669332975858926	18.0	0.0	0.0019191399205311654	4.0
0.7867571477433569	0.7871766705790914	0.03274287556639643	20.0	0.0	0.0	4.0
0.5424096519537115	0.2534599949466873	0.033054899336007006	40.0	0.0	0.0	4.0
0.21119187839440556	0.981240380258597	0.03313589935496626	48.0	0.0	0.0	4.0
0.5184211119003953	0.445066136672041	0.03531352134366111	39.0	0.0	0.00019723378504465927	4.0
0.777944206370951	0.12315058359182078	0.031219361701903335	35.0	0.0	0.0	4.0
0.2273409150770302	0.6861860021601857	0.03216007134366425	56.0	0.0	0.0	4.0
0.8792788984613902	0.4684235032777364	0.034544762048150476	19.0	0.0	0.0	4.0
0.3459006436447265	0.050512760759186315	0.03551518971571623	14.0	0.0	0.0008751480490758468	4.0
0.4292563966579128	0.37505489100816275	0.031126418924907744	38.0	0.0	0.0	5.0
0.26278389524161544	0.5683250834470387	0.03128029624858699	58.0	0.0	0.0	5.0
0.2984486169410868	0.8393606688665263	0.030891243324207215	33.0	0.0	0.0	5.0
0.5630511602904851	0.3671815795518748	0.03168318056914817	52.0	0.0	0.0	5.0
0.17117220000399336	0.6387790873921055	0.03148120953198568	28.0	0.0	0.0	5.0
0.7471409145393301	0.8491285014724488	0.033198883280804815	60.0	0.0	0.0	5.0
0.8331898879019415	0.16881737785783965	0.032504380672819945	53.0	0.0	0.0	5.0
0.27960751841278203	0.9318384482419348	0.033624840126139574	10.0	0.0	0.0	5.0
0.8793309728899519	0.46842596397414143	0.03457930681019862	19.0	0.0	0.0	5.0
0.1484657901580183	0.5689854034614408	0.03022828553238367	23.0	0.0	0.0	5.0
0.6443154256719172	0.34309780257495026	0.03173326504244261	9.0	0.0	0.0	5.0
0.6107257463915224	0.5342866017113261	0.03385717293958177	55.0	0.0	0.0	5.0
0.3441635297485964	0.38740367353510446	0.03140996695801426	12.0	0.0	0.0	5.0
0.266658955742966	0.22791141902281145	0.03152122133806337	13.0	0.0	0.0	5.0
0.8026149410514877	0.31309911614931124	0.032587962835703956	8.0	0.0	0.0	5.0
0.5605536388985335	0.5834895088679241	0.03304322617705268	49.0	0.0	0.0	5.0
0.05321100987681347	0.6928571402287951	0.03061612046929337	50.0	0.0	0.0	5.0
0.8959891845540069	0.947806988579136	0.030313021953357378	17.0	0.0	0.0	5.0
0.548124860995121	0.25416518413390854	0.03308795423534301	40.0	0.0	0.0	5.0
0.22827139980761835	0.6850202870020592	0.03219223141500791	56.0	0.0	0.0	5.0
0.22659326332883029	0.17040278442834003	0.032077740299564526	2.0	0.0	0.0	5.0
0.6699620890086233	0.18806495969901244	0.03438988542193854	37.0	0.0	0.0	5.0
0.9681429099741979	0.5806033815884157	0.03153884021106456	21.0	0.0	0.0	5.0
0.5588879223909496	0.18488987889122033	0.030957849686081087	25.0	0.0	0.0	5.0
0.3667530950153194	0.9340915651402983	0.0330695156240375	45.0	0.0	0.0	5.0
0.8255120693101224	0.9318542748848659	0.03858759129472413	34.0	0.0	0.0	5.0
0.21379069891525054	0.8890257230988994	0.032425479732679646	15.0	0.0	0.0	5.0
0.6168749584568238	0.6626229356905755	0.03451045201427683	5.0	0.0	0.0	5.0
0.9382215178327952	0.8890874499673848	0.03394093859167447	24.0	0.0	0.0	5.0
0.9598851725311695	0.818376144651444	0.035705002308834784	18.0	0.0	0.0022425988330070368	5.0
0.6198444471852386	0.26471429566856114	0.03215858916482346	46.0	0.0	0.0	5.0
0.12456505642571346	0.1430170407192792	0.03510074145532985	43.0	0.0	6.543417569560006e-06	5.0
0.77676586939643	0.510920809444209	0.034850350532084545	31.0	0.0	0.0	5.0
0.8310267949795589	0.5739219351890031	0.032503458516851484	44.0	0.0	0.0	5.0
0.7134663063615063	0.7755109073647447	0.03445947149599285	32.0	0.0	0.0	5.0
0.8834918839009981	0.6195239147536857	0.03188786061753183	22.0	0.0	0.0	5.0
0.792900590803604	0.7887367348036458	0.03277561844196282	20.0	0.0	0.0	5.0
0.7125458712082314	0.34282870121851816	0.030826090359678593	42.0	0.0	0.0	5.0
0.8178084379711871	0.6982272485894782	0.03255651087232204	11.0	0.0	0.0	5.0
0.07361371085304784	0.5103855153857859	0.0337364536609335	36.0	0.0	0.0	5.0
0.34580762832402884	0.5440080062696432	0.030053881140604616	6.0	0.0	0.0	5.0
0.9236163057999902	0.17911419282858215	0.033677332838808055	29.0	0.0	0.0	5.0
0.6141753942547671	0.44426855636432966	0.033405141315688114	51.0	0.0	0.0	5.0
0.43069807299731233	0.2188627892600359	0.03283383911750765	26.0	0.0	0.0	5.0
0.5500212428414751	0.7137008489962761	0.03356323884183417	54.0	0.0	0.0	5.0
0.6257704003666995	0.08936740451809286	0.032357653299922	27.0	0.0	0.0	5.0
0.12103235718360239	0.34029080904000913	0.030680542646975895	1.0	0.0	0.0	5.0
0.9007759086004598	0.5317256205752741	0.030104784594392864	3.0	0.0	0.0	5.0
0.4710025486079805	0.30156432688544355	0.033432570819809805	47.0	0.0	0.0	5.0
0.9444368873586744	0.2865922086473889	0.03035683342714259	30.0	0.0	0.0	5.0
0.13674291830156154	0.7235401470075835	0.03349387791169625	4.0	0.0	0.0	5.0
0.3524318008961808	0.26182967946475905	0.0328460968869244	59.0	0.0	0.0	5.0
0.34849010514617307	0.0491592997661099	0.03555070490543195	14.0	0.0	0.0010688993401686275	5.0
0.5211102379364912	0.6377384386311101	0.028912664221939114	7.0	0.0	0.0	5.0
0.3158347402476604	0.7169565784535393	0.03406181072346399	41.0	0.0	0.0	5.0
0.51769060535994	0.45083700347843303	0.035348834865004765	39.0	0.0	0.0002716687150297048	5.0
0.20748722232816394	0.9867518659328378	0.03316903525432122	48.0	0.0	0.0	5.0
0.7764269863059734	0.12320314103357108	0.03125058106360523	35.0	0.0	0.0	5.0
0.20116973344125577	0.7692323943175448	0.032915761727692984	57.0	0.0	0.0	5.0
0.9225680405606695	0.39991853277451933	0.032864750884822054	16.0	0.0	0.0	5.0
0.5209987645312673	0.6395067046782005	0.02894157688616105	7.0	0.0	0.0	6.0
0.049574395694355344	0.6973547353660939	0.030646736589762663	50.0	0.0	0.0	6.0
0.8279738800728044	0.9290700364941308	0.036979774990777294	34.0	0.0	0.0	6.0
0.8181195298901381	0.6982498115290023	0.03258906738319436	11.0	0.0	0.0	6.0
0.364182857892244	0.9362102296289039	0.033102585139661536	45.0	0.0	0.0	6.0
0.7767581989847997	0.5108884790295795	0.034885200882616624	31.0	0.0	0.0	6.0
0.8319896103987131	0.5744485667404813	0.03253596197536833	44.0	0.0	0.0	6.0
0.43022141274543996	0.21873854666661918	0.032866672956625154	26.0	0.0	0.0	6.0
0.8834555031938123	0.6209682566084447	0.03191974847814936	22.0	0.0	0.0	6.0
0.6457131213438515	0.34548961443836873	0.03176499830748505	9.0	0.0	0.0	6.0
0.6264027512951591	0.08988865582383275	0.032390010953221915	27.0	0.0	0.0	6.0
0.29748475855587586	0.8410588044350507	0.030922134567531418	33.0	0.0	0.0	6.0
0.6067037312049867	0.5355265688614491	0.03389103011252135	55.0	0.0	0.0	6.0
0.966941917305523	0.5789763495526731	0.03157037905127562	21.0	0.0	0.0	6.0
0.7143242743130643	0.776165324604172	0.03296123360486273	32.0	0.0	0.0	6.0
0.3512083180394821	0.2628125960694382	0.03287894298381132	59.0	0.0	0.0	6.0
0.2126729843088963	0.8910539960802967	0.03245790521241232	15.0	0.0	0.0	6.0
0.15297661842331614	0.5705014628399382	0.030258513817916048	23.0	0.0	0.0	6.0
0.5643141957296389	0.3652236578027084	0.03171486374971732	52.0	0.0	0.0	6.0
0.13185976954089368	0.7227178076906939	0.03352737178960794	4.0	0.0	0.0	6.0
0.2792110015209879	0.9309548524988882	0.03365846496626571	10.0	0.0	0.0	6.0
0.898844152604511	0.5408217851539934	0.030134889378987253	3.0	0.0	0.0	6.0
0.7501023229762679	0.8485139593034532	0.033232082164085616	60.0	0.0	0.0	6.0
0.07334017616445851	0.5083286638218764	0.03377019011459443	36.0	0.0	0.0	6.0
0.9411464714485988	0.2869143255031605	0.030387190260569727	30.0	0.0	0.0	6.0
0.8037678472965436	0.31267079476299964	0.032620550798539656	8.0	0.0	0.0	6.0
0.9270764166760209	0.17976431570949772	0.033711010171646856	29.0	0.0	0.0	6.0
0.263626524866662	0.2261265376829099	0.03155274255940143	13.0	0.0	0.0	6.0
0.61417003680962	0.44469401315277896	0.033438546457003795	51.0	0.0	0.0	6.0
0.6198122557312228	0.26369199703979057	0.03219074775398828	46.0	0.0	0.0	6.0
0.5520964944288204	0.714255744199718	0.033596802080675996	54.0	0.0	0.0	6.0
0.937776466946564	0.8897869844399182	0.03397487953026614	24.0	0.0	0.0	6.0
0.616871510729648	0.6628967339080918	0.0345449624662911	5.0	0.0	0.0	6.0
0.5593620892580071	0.1859645722144625	0.030988807535767163	25.0	0.0	0.0	6.0
0.16770850050733266	0.63854978314711	0.03151269074151766	28.0	0.0	0.0	6.0
0.8328312595174682	0.16804441812912826	0.03253688505349276	53.0	0.0	0.0	6.0
0.4298200458355659	0.37449301334842733	0.031157545343832648	38.0	0.0	0.0	6.0
0.35086669956889804	0.044781609654740956	0.035586255610337375	14.0	0.0	0.0012895583845136116	6.0
0.5600958601910074	0.586261102659969	0.033076269403229726	49.0	0.0	0.0	6.0
0.7912700685583722	0.7900807857271344	0.032808394060404776	20.0	0.0	0.0	6.0
0.3118048854888002	0.7165876726458806	0.03409587253418745	41.0	0.0	0.0	6.0
0.7706194244012772	0.12176722966383735	0.031281831644668835	35.0	0.0	0.0	6.0
0.8952837596990525	0.9486794252023766	0.03034333497531073	17.0	0.0	0.0	6.0
0.3432851116932774	0.38857815321929606	0.03144137692497227	12.0	0.0	0.0	6.0
0.22613069695313012	0.17090643643334558	0.03210981803986409	2.0	0.0	0.0	6.0
0.5453617208945792	0.25616476017626005	0.03312104218957835	40.0	0.0	0.0	6.0
0.6703433749959434	0.18645785767416648	0.034424275307360475	37.0	0.0	0.0	6.0
0.3435827495612163	0.5417335536244333	0.030083935021745216	6.0	0.0	0.0	6.0
0.47003985498657275	0.30147619882892923	0.03346600339062961	47.0	0.0	0.0	6.0
0.5180467258687452	0.4510376572262274	0.035384183699869766	39.0	0.0	0.0003629081972746917	6.0
0.8754907063837953	0.458285359908733	0.034613886117008816	19.0	0.0	0.0	6.0
0.12005392457714062	0.3356493423047794	0.03071122318962287	1.0	0.0	0.0	6.0
0.7128161772799098	0.34277967301014345	0.03085691645003827	42.0	0.0	0.0	6.0
0.20146980497268577	0.7688752906073204	0.03294867748942067	57.0	0.0	0.0	6.0
0.25815431683668383	0.5679599945324383	0.03131157654483557	58.0	0.0	0.0	6.0
0.9233484695000298	0.39984708981058575	0.032897615635706874	16.0	0.0	0.0	6.0
0.2067853276017671	0.9832013032467163	0.03320220428957554	48.0	0.0	0.0	6.0
0.12585260722176952	0.14204771917083972	0.03513584219678517	43.0	0.0	1.6042943812522026e-05	6.0
0.22261953658022518	0.6841415264597285	0.03222442364642292	56.0	0.0	0.0	6.0
0.9564858443505078	0.818752192174043	0.035740707311143614	18.0	0.0	0.002600877323146733	6.0
0.35096408368750825	0.045371215973572326	0.03562184186594771	14.0	0.0	0.0015389334787414555	7.0
0.8333189118555316	0.5754892289640513	0.0325684979373437	44.0	0.0	0.0	7.0
0.15255069264059973	0.5730802050047461	0.030288772331733962	23.0	0.0	0.0	7.0
0.3457299559842482	0.39039473064445934	0.03147281830189724	12.0	0.0	0.0	7.0
0.5605848855223404	0.18489022093173546	0.031019796343302927	25.0	0.0	0.0	7.0
0.956513980080077	0.8172627077953416	0.035776448018454754	18.0	0.0	0.002995829767996838	7.0
0.7432837243127665	0.8537148627941117	0.0332653142462497	60.0	0.0	0.0	7.0
0.7792982486784592	0.5096412449569403	0.03492008608349924	31.0	0.0	0.0	7.0
0.5643829093812225	0.3652720767011437	0.03174657861346703	52.0	0.0	0.0	7.0
0.9235716509982614	0.39908051557817736	0.03293051325134258	16.0	0.0	0.0	7.0
0.88394682484722	0.625285229926207	0.031951668226627504	22.0	0.0	0.0	7.0
0.4273094386559083	0.21809591548380808	0.032899539629581774	26.0	0.0	0.0	7.0
0.4629485221888317	0.30064650282455946	0.03349946939402024	47.0	0.0	0.0	7.0
0.6697236470788237	0.19020996326494108	0.03445869958266783	37.0	0.0	0.0	7.0
0.81990233548423	0.696835924188174	0.032621656450577546	11.0	0.0	0.0	7.0
0.04822085559900186	0.6974872408278932	0.030677383326352423	50.0	0.0	0.0	7.0
0.12134911813518573	0.14337426359037772	0.035170978038981955	43.0	0.0	3.198902247447677e-05	7.0
0.6129224508811365	0.6621289710896647	0.034579507428757386	5.0	0.0	0.0	7.0
0.8946011012002182	0.9516396504792844	0.030373678310286038	17.0	0.0	0.0	7.0
0.6145895226846283	0.4438189185026261	0.0334719850034608	51.0	0.0	0.0	7.0
0.20011604495483062	0.7674560502033274	0.03298162616691009	57.0	0.0	0.0	7.0
0.2983105928013486	0.8411187007132968	0.030953056702098945	33.0	0.0	0.0	7.0
0.12006591420379133	0.33612533963782	0.030741934412812488	1.0	0.0	0.0	7.0
0.27999243154756404	0.9300007649243892	0.03369212343123197	10.0	0.0	0.0	7.0
0.8707525639686756	0.4545276873941409	0.03464850000312582	19.0	0.0	0.0	7.0
0.8051913349409948	0.31370091690189145	0.03265317134933819	8.0	0.0	0.0	7.0
0.4271179075413657	0.37211890915204054	0.031188702889176478	38.0	0.0	0.0	7.0
0.0735031155789584	0.5085646000936731	0.03380396030470902	36.0	0.0	0.0	7.0
0.34277595257091387	0.5412988360338866	0.030114018956766957	6.0	0.0	0.0	7.0
0.8321595701586678	0.9320194722827744	0.03537195868683046	34.0	0.0	0.0	7.0
0.1690125916780045	0.6376909794096225	0.03154420343225918	28.0	0.0	0.0	7.0
0.20938986351897773	0.983758914663629	0.03323540649386512	48.0	0.0	0.0	7.0
0.26352235545193553	0.22632737361156816	0.03158429530196083	13.0	0.0	0.0	7.0
0.22644453614394688	0.17254826934911266	0.03214192785790395	2.0	0.0	0.0	7.0
0.21150527842736463	0.8917119322442008	0.03249036311762473	15.0	0.0	0.0	7.0
0.7920946288798331	0.7909785843587862	0.03284120245446518	20.0	0.0	0.0	7.0
0.6448735564146192	0.3451286218630752	0.03179676330579253	9.0	0.0	0.0	7.0
0.2593674173234367	0.5722266018518257	0.031342888121380405	58.0	0.0	0.0	7.0
0.5532847805234379	0.712463641943202	0.033630398882756665	54.0	0.0	0.0	7.0
0.9358627411882711	0.8905117049799729	0.0340088544097964	24.0	0.0	0.0	7.0
0.5182112248894759	0.45070529592789577	0.03541956788356963	39.0	0.0	0.0004727011787366564	7.0
0.708169786022171	0.3446743516016735	0.030887773366488302	42.0	0.0	0.0	7.0
0.5460711828374315	0.25232222175988717	0.033154163231767925	40.0	0.0	0.0	7.0
0.36330249617032273	0.9390342059206147	0.033135687724801195	45.0	0.0	0.0	7.0
0.8973151904752532	0.5394784359201741	0.030165024268366238	3.0	0.0	0.0	7.0
0.77346830119549	0.12309993103144659	0.0313131134763135	35.0	0.0	0.0	7.0
0.9667723510212386	0.5783340939690863	0.03160194943032689	21.0	0.0	0.0	7.0
0.3608733862552978	0.2608069314975564	0.03291182192679513	59.0	0.0	0.0	7.0
0.2200782272024314	0.6807879250256792	0.03225664807006934	56.0	0.0	0.0	7.0
0.7097105965093897	0.7807069512281907	0.0314629957137326	32.0	0.0	0.0	7.0
0.8331549799495965	0.16718139625673784	0.03256942193854625	53.0	0.0	0.0	7.0
0.6196957791589972	0.26347744703766884	0.032222938501742265	46.0	0.0	0.0	7.0
0.9386569364662735	0.2832604952938411	0.030417577450830294	30.0	0.0	0.0	7.0
0.9273982884429958	0.179534463426596	0.033744721181818496	29.0	0.0	0.0	7.0
0.3113451114736192	0.7166268445820327	0.03412996840672163	41.0	0.0	0.0	7.0
0.1326980247243747	0.7225766425882676	0.033560899161397546	4.0	0.0	0.0	7.0
0.5600331735689316	0.5862464385015694	0.033109345672632955	49.0	0.0	0.0	7.0
0.5204407968847795	0.6399785652175962	0.02897051846304721	7.0	0.0	0.0	7.0
0.611330072817715	0.5391483650499669	0.03392492114263387	55.0	0.0	0.0	7.0
0.6260837253849652	0.08861556435045902	0.03242240096417513	27.0	0.0	0.0	7.0
0.9668877847548727	0.5790329806020227	0.031633551379757215	21.0	0.0	0.0	8.0
0.4642290906004574	0.29886515283873694	0.03353296886341425	47.0	0.0	0.0	8.0
0.9354495803623442	0.8881046023994251	0.0340428632642062	24.0	0.0	0.0	8.0
0.28657995109908635	0.8336035705466045	0.03098400975880104	33.0	0.0	0.0	8.0
0.7376250934044776	0.8509363198030337	0.03329857956049594	60.0	0.0	0.0	8.0
0.6158336974299071	0.4427532411383873	0.03350545698846425	51.0	0.0	0.0	8.0
0.8288647078185551	0.16722191335523565	0.03260199136048479	53.0	0.0	0.0	8.0
0.9230852515155126	0.397996626035837	0.03296344376459392	16.0	0.0	0.0	8.0
0.5217281840789141	0.44819379544382953	0.0354549874514532	39.0	0.0	0.0006028069224015553	8.0
0.627526263519115	0.26394634662163874	0.032255161440244005	46.0	0.0	0.0	8.0
0.4268646278308162	0.21691007290783415	0.032932439169211354	26.0	0.0	0.0	8.0
0.8316049729931384	0.5775030432306406	0.03260106643528104	44.0	0.0	0.0	8.0
0.34662023860453806	0.3887044114727168	0.03150429112019914	12.0	0.0	0.0	8.0
0.21777829682404762	0.6824522943722754	0.0322889047181394	56.0	0.0	0.0	8.0
0.8833840576293761	0.6254433253337808	0.031983619894854126	22.0	0.0	0.0	8.0
0.31140416591947845	0.7169583676322133	0.03416409837512835	41.0	0.0	0.0	8.0
0.6436751418673979	0.35032533008681516	0.031828560069098316	9.0	0.0	0.0	8.0
0.8198349386350843	0.7021881856116525	0.03265427810702812	11.0	0.0	0.0	8.0
0.9285035077926082	0.17886505539260764	0.033778465903000314	29.0	0.0	0.0	8.0
0.17052286619765264	0.638567167876704	0.03157574763569144	28.0	0.0	0.0	8.0
0.8319732466226901	0.9327436401462829	0.03376414238288362	34.0	0.0	0.0	8.0
0.5592215433805527	0.5871301585321949	0.03314245501830558	49.0	0.0	0.0	8.0
0.8952256766468654	0.9510623900213659	0.03040405198859632	17.0	0.0	0.0	8.0
0.8040359372024446	0.3152058429768036	0.03268582452068753	8.0	0.0	0.0	8.0
0.6955799440898262	0.7976052653464848	0.017466631304272857	61.0	32.0	0.0	8.0
0.12967228833947947	0.7188823674895914	0.03359446006055894	4.0	0.0	0.0	8.0
0.22995566738987777	0.16662574682535536	0.03217406978576185	2.0	0.0	0.0	8.0
0.5227750073726251	0.6399418230125522	0.028999488981510252	7.0	0.0	0.0	8.0
0.5619410558426376	0.18644361030651047	0.031050816139646227	25.0	0.0	0.0	8.0
0.12188039552439156	0.14163152052820818	0.03520614901702093	43.0	0.0	5.606912502287287e-05	8.0
0.20895536021994282	0.9823336185278104	0.033268641900358976	48.0	0.0	0.0	8.0
0.5465705731478333	0.2567100899317886	0.03318731739499969	40.0	0.0	0.0	8.0
0.7787561563560611	0.5114604476614194	0.034955006169582734	31.0	0.0	0.0	8.0
0.36047560120707733	0.9361443231843725	0.03316882341252599	45.0	0.0	0.0	8.0
0.6125271533309788	0.5409292839751777	0.0339588460637765	55.0	0.0	0.0	8.0
0.20901899502602397	0.8898887466813613	0.03252285348074235	15.0	0.0	0.0	8.0
0.6117833966997621	0.6645440567960305	0.03461408693618614	5.0	0.0	0.0	8.0
0.7083014371646178	0.33770483905962323	0.030918661139854788	42.0	0.0	0.0	8.0
0.1551919434910899	0.5730053557109149	0.03031906110406569	23.0	0.0	0.0	8.0
0.20057217271523878	0.7679785096657957	0.033014607793076994	57.0	0.0	0.0	8.0
0.2594104397482727	0.5708603458916361	0.031374231009501784	58.0	0.0	0.0	8.0
0.35090584446083234	0.04352172257876366	0.035657463707813655	14.0	0.0	0.0018188434813168897	8.0
0.8977361609855835	0.538436707157417	0.0301951892926346	3.0	0.0	0.0	8.0
0.7743671068269654	0.12144432985384182	0.03134442658978981	35.0	0.0	0.0	8.0
0.28272109174604265	0.9297855825680186	0.0337258155546632	10.0	0.0	0.0	8.0
0.2628022810783241	0.22641622227109867	0.03161587959726279	13.0	0.0	0.0	8.0
0.9582317252651152	0.8178400305273287	0.035812224466473204	18.0	0.0	0.0034293212967497766	8.0
0.36402247287530554	0.26635502453679377	0.03294473374872192	59.0	0.0	0.0	8.0
0.939387881261882	0.2855053022409928	0.030447995028281123	30.0	0.0	0.0	8.0
0.6683736244133466	0.18779620630179178	0.0344931582822505	37.0	0.0	0.0	8.0
0.7903662847364664	0.7932297833017908	0.03287404365691964	20.0	0.0	0.0	8.0
0.5515579474307215	0.7116425411576716	0.03366402928163942	54.0	0.0	0.0	8.0
0.34231216625165256	0.5453738715050647	0.03014413297572372	6.0	0.0	0.0	8.0
0.6266326269979144	0.09222061292341663	0.0324548233651393	27.0	0.0	0.0	8.0
0.07055219883297413	0.5088534815146963	0.033837764265013726	36.0	0.0	0.0	8.0
0.049376512264447885	0.6974981547870811	0.030708060709678773	50.0	0.0	0.0	8.0
0.7230945531993617	0.7637497526263411	0.017466631304272857	62.0	32.0	0.0	8.0
0.42758207406027665	0.37126391380220913	0.03121989159206565	38.0	0.0	0.0	8.0
0.8821241032284525	0.4607475829669925	0.03468314850312894	19.0	0.0	0.0	8.0
0.11617546495782821	0.33383543080025496	0.030772676347225296	1.0	0.0	0.0	8.0
0.563593171762814	0.36500110568885175	0.031778325192080493	52.0	0.0	0.0	8.0
0.8272093844953372	0.5799797085280278	0.03263366750171631	44.0	0.0	0.0	9.0
0.9686643800339753	0.5803186328772554	0.031665184931136965	21.0	0.0	0.0	9.0
0.8823667779029132	0.46088031883492026	0.034717831651632065	19.0	0.0	0.0	9.0
0.26082767700667736	0.2288583206695397	0.03164749547686005	13.0	0.0	0.0	9.0
0.7884014457476569	0.790266530259038	0.032906917700576556	20.0	0.0	0.0	9.0
0.35162330314692075	0.043950121542491595	0.035693121171521465	14.0	0.0	0.0021311178562086752	9.0
0.23369832160022988	0.1665668346710652	0.03220624385554761	2.0	0.0	0.0	9.0
0.26050747398295876	0.569738867967233	0.03140560524051128	58.0	0.0	0.0	9.0
0.629388068228207	0.09086761569814404	0.032487278188504436	27.0	0.0	0.0	9.0
0.1215619048717409	0.14794967043930943	0.03524135516603795	43.0	0.0	8.998078362765227e-05	9.0
0.11665098792222128	0.3367144561337162	0.03080344902357252	1.0	0.0	0.0	9.0
0.5223927423795381	0.4525584482282132	0.03549044243890465	39.0	0.0	0.0007549950501442027	9.0
0.8963992947715126	0.5363643350329984	0.03022538448192723	3.0	0.0	0.0	9.0
0.9340752466975758	0.8897193932195013	0.0340769061274704	24.0	0.0	0.0	9.0
0.8834751374738368	0.6262435938658012	0.032015603514748976	22.0	0.0	0.0	9.0
0.7788017612237823	0.5118207176970283	0.034989961175752315	31.0	0.0	0.0	9.0
0.20887634004480574	0.9824094694015552	0.03330191054225933	48.0	0.0	0.0	9.0
0.8429841960860215	0.954850149923868	0.01809776057281713	64.0	34.0	0.0	9.0
0.6262849092320719	0.26317295458550904	0.03228741660168424	46.0	0.0	0.0	9.0
0.28621508283937663	0.8352819990693201	0.03101499376855984	33.0	0.0	0.0	9.0
0.9575814005699985	0.8199261065971921	0.03584803669093967	18.0	0.0	0.0039032278350674687	9.0
0.7220422106023676	0.7712988572407321	0.017484097935577127	62.0	0.0	0.0	9.0
0.7079899837257126	0.33658261260689637	0.03094957980099464	42.0	0.0	0.0	9.0
0.9274251781506517	0.18000988840655546	0.03381224436890331	29.0	0.0	0.0	9.0
0.6196633494279229	0.5430313166274453	0.033992804909840274	55.0	0.0	0.0	9.0
0.3417794034110332	0.5453115374963887	0.03017427710869944	6.0	0.0	0.0	9.0
0.4661888794650062	0.29990525748554037	0.03356650183227766	47.0	0.0	0.0	9.0
0.8196586962306506	0.7007218644114757	0.03268693238513514	11.0	0.0	0.0	9.0
0.2150911262477987	0.6837508364191069	0.03232119362285754	56.0	0.0	0.0	9.0
0.5452665371657771	0.25596448451405335	0.03322050471239468	40.0	0.0	0.0	9.0
0.737733322612506	0.8496169074132399	0.033331878140056434	60.0	0.0	0.0	9.0
0.134437247635962	0.7206185584832668	0.033628054520619496	4.0	0.0	0.0	9.0
0.6122900390352694	0.6658208701381256	0.03464870102312232	5.0	0.0	0.0	9.0
0.16481108966562955	0.6410658179375353	0.03160732338332713	28.0	0.0	0.0	9.0
0.6447884924403314	0.3497254355850793	0.03186038862916741	9.0	0.0	0.0	9.0
0.5510875964566317	0.7118274658507038	0.033697693310921054	54.0	0.0	0.0	9.0
0.8228928088560453	0.9122697201725016	0.01809776057281713	63.0	34.0	0.0	9.0
0.5621601049336695	0.36333862600702366	0.03181010351727257	52.0	0.0	0.0	9.0
0.34702750946378036	0.38797623638534784	0.03153579541131934	12.0	0.0	0.0	9.0
0.21371493323978896	0.8935650275416713	0.03255537633422309	15.0	0.0	0.0	9.0
0.943451678004661	0.2848209446673813	0.0304784430233094	30.0	0.0	0.0	9.0
0.8981805686934151	0.9488378249457149	0.030434456040584913	17.0	0.0	0.0	9.0
0.2036654185846532	0.7686001235445244	0.033047622400870065	57.0	0.0	0.0	9.0
0.15581638431876665	0.5725712025350497	0.030349380165169755	23.0	0.0	0.0	9.0
0.6960914446857174	0.798134791440786	0.017484097935577127	61.0	0.0	0.0	9.0
0.27825812181338927	0.9287415687759537	0.03375954137021785	10.0	0.0	0.0	9.0
0.6623333592888514	0.18444278329049119	0.03452765144053274	37.0	0.0	0.0	9.0
0.828940876881303	0.16751795318265822	0.03263459335184527	53.0	0.0	0.0	9.0
0.3666065222599755	0.9418827846427547	0.03320199223593852	45.0	0.0	0.0	9.0
0.5650744122098319	0.1905248626247809	0.03108186695578587	25.0	0.0	0.0	9.0
0.4267863650297397	0.37111958782420734	0.03125111148365771	38.0	0.0	0.0	9.0
0.5548293258324981	0.5883640424568348	0.03317559747332388	49.0	0.0	0.0	9.0
0.8050966175180542	0.31456341129569754	0.032718510345208215	8.0	0.0	0.0	9.0
0.925027727833978	0.4004618423865726	0.03299640720835851	16.0	0.0	0.0	9.0
0.3106584718341053	0.7166377372451077	0.03419826247350347	41.0	0.0	0.0	9.0
0.42949884098708563	0.21581651656804152	0.03296537160838056	26.0	0.0	0.0	9.0
0.05092437933718533	0.7068696233573307	0.030738768770388447	50.0	0.0	0.0	9.0
0.06797765734103811	0.5096828386231265	0.03387160202927873	36.0	0.0	0.0	9.0
0.5230589610475627	0.6424367678815276	0.029028488470491758	7.0	0.0	0.0	9.0
0.6135395245303531	0.44040795037145886	0.03353896244545271	51.0	0.0	0.0	9.0
0.7734810052874556	0.11999168011214972	0.031375771016379596	35.0	0.0	0.0	9.0
0.3630937060527039	0.2657264816040419	0.03297767848247064	59.0	0.0	0.0	9.0
0.35172138881588133	0.04506006665063997	0.035728814292692986	14.0	0.0	0.0024775967167158797	10.0
0.8280700761240369	0.16311297255021034	0.032667227945197115	53.0	0.0	0.0	10.0
0.1562613969574538	0.57450091946355	0.03037972954533492	23.0	0.0	0.0	10.0
0.4680448337550955	0.30030260324475344	0.03360006833410994	47.0	0.0	0.0	10.0
0.9462408967712956	0.2846362924756923	0.030508921466332706	30.0	0.0	0.0	10.0
0.709995939751469	0.34331438222683586	0.03098052938079563	42.0	0.0	0.0	10.0
0.5458494605746981	0.7061956582381637	0.03373139100423197	54.0	0.0	0.0	10.0
0.2644083977519829	0.23275708477665463	0.031679142972336906	13.0	0.0	0.0	10.0
0.050751673835331135	0.7076640850092503	0.030769507539158834	50.0	0.0	0.0	10.0
0.6461316095849052	0.3535227127883919	0.031892249017796574	9.0	0.0	0.0	10.0
0.16487127818416233	0.6411604227228913	0.03163893070671045	28.0	0.0	0.0	10.0
0.8844097221078847	0.6279395480488208	0.032047619118263725	22.0	0.0	0.0	10.0
0.826353168708269	0.7014624342113075	0.03271961931752027	11.0	0.0	0.0	10.0
0.8222806062710826	0.913380660259678	0.018115858333389946	63.0	0.0	0.0	10.0
0.7746912104705462	0.12315727236249635	0.03140714678739597	35.0	0.0	0.0	10.0
0.827879517309339	0.5785353563781777	0.03266630116921802	44.0	0.0	0.0	10.0
0.5207526416127488	0.6412312997211203	0.02905751695896225	7.0	0.0	0.0	10.0
0.6618406771186744	0.18392627044255674	0.03456217909197327	37.0	0.0	0.0	10.0
0.28403568001321233	0.9282126725994068	0.03379330091158807	10.0	0.0	0.0	10.0
0.7779475949603347	0.5149753844344173	0.035024951136928065	31.0	0.0	9.941479106601037e-08	10.0
0.6296518484569318	0.08706480111768705	0.03251976546669293	27.0	0.0	0.0	10.0
0.21304009229140536	0.8864403191433861	0.03258793171055731	15.0	0.0	0.0	10.0
0.6140156890121343	0.43201334986872664	0.03357250140789816	51.0	0.0	0.0	10.0
0.20527578516941972	0.7698284347570297	0.03308067002327093	57.0	0.0	0.0	10.0
0.06659489639934024	0.5104391679522614	0.03390547363130801	36.0	0.0	0.0	10.0
0.3688286530047177	0.9407213202676927	0.033235194228174454	45.0	0.0	0.0	10.0
0.8814532536531628	0.46137998957490645	0.03475254948328369	19.0	0.0	0.0	10.0
0.7226219290121075	0.770049377266135	0.0175015820335127	62.0	0.0	0.0	10.0
0.11591001594950302	0.3357618042279694	0.030834252472596087	1.0	0.0	0.0	10.0
0.9553044669663446	0.8212090297924469	0.035883884727630606	18.0	0.0	0.004419436149660783	10.0
0.31008196164781404	0.7175191946448903	0.03423246073597697	41.0	0.0	0.0	10.0
0.6249581558441465	0.26354567284443225	0.032319704018285926	46.0	0.0	0.0	10.0
0.8965646091564103	0.537081191003658	0.030255609866409156	3.0	0.0	0.0	10.0
0.9311794374345855	0.8871097932127547	0.034110983033597865	24.0	0.0	0.0	10.0
0.9245678589026707	0.39756424795147627	0.03302940361556687	16.0	0.0	0.0	10.0
0.8405334108188518	0.9608066054715789	0.018115858333389946	64.0	0.0	0.0	10.0
0.9277619873370433	0.1792057236824088	0.03384605661327221	29.0	0.0	0.0	10.0
0.3474471942798339	0.3912916689516336	0.03156733120673065	12.0	0.0	0.0	10.0
0.6196242440821742	0.5417894546936252	0.03402679771475011	55.0	0.0	0.0	10.0
0.12153135327123346	0.14697944836452564	0.03527659652120398	43.0	0.0	0.0001354316329127414	10.0
0.6956907938811437	0.8002307746638042	0.0175015820335127	61.0	0.0	0.0	10.0
0.4268035455870679	0.37104288522730705	0.03128236259514136	38.0	0.0	0.0	10.0
0.5652312541691068	0.19026774036342792	0.031112948822741654	25.0	0.0	0.0	10.0
0.7377452880096445	0.8495563799708662	0.033365210018196485	60.0	0.0	0.0	10.0
0.9014657796521024	0.9476641800741058	0.030464890496625496	17.0	0.0	0.0	10.0
0.4286883121348529	0.21638765364591006	0.03299833697998894	26.0	0.0	0.0	10.0
0.28946783057065123	0.8324959116310789	0.031046008762328395	33.0	0.0	0.0	10.0
0.21466877282658722	0.9802574966372051	0.03333521245280159	48.0	0.0	0.0	10.0
0.8047566905694665	0.3129508734327338	0.03275122885555342	8.0	0.0	0.0	10.0
0.26111120301972934	0.5647158958361861	0.03143701084575179	58.0	0.0	0.0	10.0
0.7885251483357577	0.7916663584294812	0.03293982461827713	20.0	0.0	0.0	10.0
0.13488793079866457	0.7202702888608079	0.033661682575140114	4.0	0.0	0.0	10.0
0.21368220448191488	0.6845682249045957	0.0323535148164804	56.0	0.0	0.0	10.0
0.3631135342705021	0.26527685187010197	0.03301065616095311	59.0	0.0	0.0	10.0
0.23354293420533215	0.16810418928706244	0.032238450099403154	2.0	0.0	0.0	10.0
0.5618929313040472	0.3626774812289501	0.03184191362078984	52.0	0.0	0.0	10.0
0.603878212083903	0.6632854269289475	0.03468334972414544	5.0	0.0	0.0	10.0
0.5223927423795381	0.45329331608251994	0.03552593288134356	39.0	0.0	0.0009310455855597866	10.0
0.5426019627923027	0.25090543804344917	0.03325372521710707	40.0	0.0	0.0	10.0
0.34186601998744137	0.5447175551990239	0.030204451385808136	6.0	0.0	0.0	10.0
0.5539964150653216	0.5855031962976683	0.0332087730707972	49.0	0.0	0.0	10.0
0.9679593497862776	0.5789381575200561	0.0316968501160681	21.0	0.0	0.0	10.0
0.264454844721042	0.232464426434439	0.03171082211530924	13.0	0.0	0.0	11.0
0.8978671399523902	0.958435245104511	0.030495355387122117	17.0	0.0	0.0	11.0
0.7731741878068764	0.12322895691704476	0.031438553934183364	35.0	0.0	0.0	11.0
0.9589531579221484	0.8134412912001479	0.03591976861235823	18.0	0.0	0.004979843892854774	11.0
0.6198243954915059	0.2599763380693144	0.03235202372230421	46.0	0.0	0.0	11.0
0.6129219743362337	0.4329865590405504	0.033606073909306054	51.0	0.0	0.0	11.0
0.6345440451427159	0.35513129068457483	0.031924141266814365	9.0	0.0	0.0	11.0
0.7875046315085189	0.7926709379840299	0.0329727644428954	20.0	0.0	0.0	11.0
0.7183164591708209	0.34276597078724924	0.031011509910176423	42.0	0.0	0.0	11.0
0.559545850950322	0.579005926766526	0.03324198184386799	49.0	0.0	0.0	11.0
0.3598784922883264	0.2662297634473079	0.03304366681711406	59.0	0.0	0.0	11.0
0.6607375879584839	0.18456622959418614	0.03459674127106524	37.0	0.0	0.0	11.0
0.3483541710186508	0.39049479734581233	0.031598898537937375	12.0	0.0	0.0	11.0
0.9765517180096097	0.5778229982832374	0.031728546966184164	21.0	0.0	0.0	11.0
0.20558872823297933	0.7653168591521767	0.0331137506932942	57.0	0.0	0.0	11.0
0.1204337348108602	0.14476177013798028	0.035311873117725184	43.0	0.0	0.00019413945204860283	11.0
0.827601186603966	0.5759447577055502	0.03269896747038724	44.0	0.0	0.0	11.0
0.8255450137415105	0.7012188449132539	0.03275233893683779	11.0	0.0	0.0	11.0
0.12312915351266478	0.3372125508841229	0.03086508672506868	1.0	0.0	0.0	11.0
0.8018474056843555	0.31165630784662735	0.03278398008440897	8.0	0.0	0.0	11.0
0.6237975922688693	0.0905604132455954	0.032552285232159625	27.0	0.0	0.0	11.0
0.8328583330142544	0.15548108234487037	0.032699895173142306	53.0	0.0	0.0	11.0
0.4247552481973102	0.22100885714541652	0.033031335316968925	26.0	0.0	0.0	11.0
0.3093113007151213	0.716010211973845	0.034266693196712945	41.0	0.0	0.0	11.0
0.7767219345869434	0.5154219738739446	0.035059976088064985	31.0	0.0	1.3807478609351165e-06	11.0
0.066695035083151	0.5096060229693536	0.03393937910493931	36.0	0.0	0.0	11.0
0.2112984263455274	0.8857681891993164	0.032620519642267864	15.0	0.0	0.0	11.0
0.5222945330921936	0.45440466006597735	0.03556145881422489	39.0	0.0	0.0011327489971222349	11.0
0.9305604582046574	0.1802654937720969	0.03387990266988548	29.0	0.0	0.0	11.0
0.8405817040837832	0.9612844040331204	0.018133974191723336	64.0	0.0	0.0	11.0
0.7202160871833206	0.7700720979065442	0.017519083615546212	62.0	0.0	0.0	11.0
0.5460154064123794	0.7054084480814691	0.0337651223952362	54.0	0.0	0.0	11.0
0.5153999002528656	0.6498354660247789	0.02908657447592121	7.0	0.0	0.0	11.0
0.16503422139331153	0.6398047496499549	0.031670569637417156	28.0	0.0	0.0	11.0
0.28435488653904006	0.9289361502311764	0.03382709421249965	10.0	0.0	0.0	11.0
0.7373912698020034	0.849738589927665	0.033398575228214676	60.0	0.0	0.0	11.0
0.4274156156994235	0.37112624427720414	0.031313644957736496	38.0	0.0	0.0	11.0
0.15538763165660438	0.5746995240599364	0.03041010927488025	23.0	0.0	0.0	11.0
0.572210774720897	0.18265196637833137	0.031144061771564393	25.0	0.0	0.0	11.0
0.3692574612823119	0.9463863893567888	0.03326842942240262	45.0	0.0	0.0	11.0
0.5375029335853517	0.26052207363565183	0.03328697894232418	40.0	0.0	0.0	11.0
0.6951919372607416	0.7994129632635787	0.017519083615546212	61.0	0.0	0.0	11.0
0.602650305443767	0.6622602035203341	0.03471803307386958	5.0	0.0	0.0	11.0
0.8882116691699847	0.627299286876546	0.03207966673738198	22.0	0.0	0.0	11.0
0.6159489845393277	0.5381257462864677	0.03406082451246486	55.0	0.0	0.0	11.0
0.14365087368339272	0.7187945786543501	0.033695344257715254	4.0	0.0	0.0	11.0
0.04655418283915613	0.7063410246930582	0.03080027704669799	50.0	0.0	0.0	11.0
0.342423753055203	0.5439619722614175	0.030234655837193942	6.0	0.0	0.0	11.0
0.2330653367798863	0.16752106635380745	0.03227068854950255	2.0	0.0	0.0	11.0
0.9242963275978433	0.39995004428214287	0.03306243301918243	16.0	0.0	0.0	11.0
0.4673190353447403	0.300300318504788	0.03363366840244404	47.0	0.0	0.0	11.0
0.5661178748940264	0.35896543720515	0.03187375553441063	52.0	0.0	0.0	11.0
0.8223964797575137	0.9135909313435956	0.018133974191723336	63.0	0.0	0.0	11.0
0.9426615017135372	0.28751189209502026	0.030539430387799035	30.0	0.0	0.0	11.0
0.8988758266967191	0.540339323373081	0.030285865476275563	3.0	0.0	0.0	11.0
0.26317785250283793	0.5664636142674966	0.03146844785659754	58.0	0.0	0.0	11.0
0.35235950260859905	0.047540169336127515	0.03576454310698567	14.0	0.0	0.0028601308694078398	11.0
0.8812240800945103	0.4631904183791537	0.03478730203276697	19.0	0.0	0.0	11.0
0.2172100187168022	0.9824620465221511	0.03336854766525439	48.0	0.0	0.0	11.0
0.2919630375510293	0.8334769351865021	0.03107705477109072	33.0	0.0	0.0	11.0
0.9294948003803793	0.8857060238329542	0.03414509401663146	24.0	0.0	0.0	11.0
0.2169705659646456	0.683666739287405	0.03238586833129688	56.0	0.0	0.0	11.0
