# x	y	r	id	split_id	s_prob	t
2.0	0.5	0.0	-1.0	0.0	0.0	0.0
0.7247462999595085	0.6061096497152874	0.033080182474814014	1.0	0.0	0.0	0.0
0.602597944715835	0.6348058629894548	0.030976919366447985	2.0	0.0	0.0	0.0
0.4847847872824182	0.502601844875988	0.031089726769357937	3.0	0.0	0.0	0.0
0.6219996418991086	0.7064822100257339	0.032743001463789695	4.0	0.0	0.0	0.0
0.356250377107747	0.540848591320792	0.03541481301993748	5.0	0.0	0.00045681158782429065	0.0
0.7460270118481291	0.9038085935910358	0.030722883226883522	6.0	0.0	0.0	0.0
0.9424744357572817	0.8065203455598364	0.03275186983373195	7.0	0.0	0.0	0.0
0.29673343053478574	0.1488315859970909	0.03307928336690294	8.0	0.0	0.0	0.0
0.2501349331362841	0.041546195796656624	0.0313951978609713	9.0	0.0	0.0	0.0
0.34377752479605483	0.3506375935674855	0.03221356963200087	10.0	0.0	0.0	0.0
0.9779488973386298	0.032684755997140484	0.032684755997140484	11.0	0.0	0.0	0.0
0.7978705740182045	0.8430255680110244	0.03343978893949609	12.0	0.0	0.0	0.0
0.5572338114737718	0.4601126327277374	0.031634213829195144	13.0	0.0	0.0	0.0
0.8790977827344343	0.4792059404421512	0.03581970597243453	14.0	0.0	0.003524960641541952	0.0
0.3949162192739929	0.202210651058348	0.03301801567378952	15.0	0.0	0.0	0.0
0.2078234345986095	0.6880282485987603	0.03158727363530082	16.0	0.0	0.0	0.0
0.46226962175713093	0.12363168149468698	0.033452619470047656	17.0	0.0	0.0	0.0
0.04819449160469725	0.030258775426499202	0.030258775426499202	18.0	0.0	0.0	0.0
0.43249501577056854	0.4371558296923099	0.03308952732693294	19.0	0.0	0.0	0.0
0.28515511893110135	0.6686953275156373	0.031681313910042024	20.0	0.0	0.0	0.0
0.6955119599857756	0.4647641922194694	0.0313527532771232	21.0	0.0	0.0	0.0
0.48097890022466927	0.27517683708174756	0.03278568201441857	22.0	0.0	0.0	0.0
0.3273907282543666	0.978315797583434	0.03172721497261882	23.0	0.0	0.0	0.0
0.9343670817546817	0.9487108619131278	0.030448097421462116	24.0	0.0	0.0	0.0
0.7944291262346969	0.4765722042497452	0.03289305665973789	25.0	0.0	0.0	0.0
0.5507572262106766	0.05357932537314817	0.03245466421695137	26.0	0.0	0.0	0.0
0.3875698210897954	0.6703673203093121	0.03205937001819938	27.0	0.0	0.0	0.0
0.10590690643831216	0.059273456876851545	0.032413857777787825	28.0	0.0	0.0	0.0
0.46341672007411977	0.7842426955391077	0.031373285172524065	29.0	0.0	0.0	0.0
0.48427959545267824	0.050020788339130644	0.032734055154767114	30.0	0.0	0.0	0.0
0.8653404062072161	0.8867950428319612	0.03303881174239011	31.0	0.0	0.0	0.0
0.2346400670687478	0.37433601295970076	0.03253743295567839	32.0	0.0	0.0	0.0
0.8271082612876743	0.6086460978361307	0.029200400598146364	33.0	0.0	0.0	0.0
0.7857071848370303	0.5508694624747488	0.0296553368248558	34.0	0.0	0.0	0.0
0.08808405240636413	0.3306810298687779	0.03169101716412847	35.0	0.0	0.0	0.0
0.04941821024011822	0.8782392463520667	0.03232404953632839	36.0	0.0	0.0	0.0
0.6886225853660419	0.21995764970025633	0.03232058738949696	37.0	0.0	0.0	0.0
0.6684059107012897	0.6401480610507091	0.0312820679905283	38.0	0.0	0.0	0.0
0.832828901916065	0.11997041049125086	0.03169718960922407	39.0	0.0	0.0	0.0
0.4714281424156514	0.3698224496635167	0.03211443424719782	40.0	0.0	0.0	0.0
0.38047658270948004	0.9231337970570491	0.035271411307964975	41.0	0.0	0.0001279569229666322	0.0
0.638760481967576	0.5495795879389765	0.03417271654577989	42.0	0.0	0.0	0.0
0.4554095529857002	0.619427560884453	0.033338172496009594	43.0	0.0	0.0	0.0
0.6281046352413405	0.09131557702481413	0.03287208217840435	44.0	0.0	0.0	0.0
0.08192015097230938	0.6063904246062468	0.030352022808714886	45.0	0.0	0.0	0.0
0.8788628889676514	0.7659835755468367	0.03428786533120252	46.0	0.0	0.0	0.0
0.7235758776870832	0.12612625195702543	0.032271484426866	47.0	0.0	0.0	0.0
0.6302872686220591	0.775442287260248	0.03177628121285881	48.0	0.0	0.0	0.0
0.28328419108434744	0.784692854014375	0.033667824325984884	49.0	0.0	0.0	0.0
0.316934555775564	0.00761162470218309	0.00761162470218309	50.0	0.0	0.0	0.0
0.8096385586377595	0.322573675866178	0.033812343571789825	51.0	0.0	0.0	0.0
0.7334630340255901	0.6802114594288725	0.03123953415789919	52.0	0.0	0.0	0.0
0.958065501146897	0.3019934695518858	0.03351651475095001	53.0	0.0	0.0	0.0
0.5632153789115816	0.5329924425078534	0.033071265886965004	54.0	0.0	0.0	0.0
0.5813853613337917	0.35936859018567	0.034378467046839785	55.0	0.0	0.0	0.0
0.03227234665501098	0.5629041911657204	0.03227234665501098	56.0	0.0	0.0	0.0
0.9108577483466629	0.14277264372748236	0.034189896287190505	57.0	0.0	0.0	0.0
0.6219221313467915	0.8751210332741437	0.03416013247898679	58.0	0.0	0.0	0.0
0.9057779013342581	0.040709002398828804	0.032972276385608804	59.0	0.0	0.0	0.0
0.44592907759363837	0.7087262159825723	0.030734083136463437	60.0	0.0	0.0	0.0
0.3284468650123962	0.07840511405884582	0.03214732355491012	61.0	0.0	0.0	0.0
0.8944539543572667	0.6948883173701911	0.03212517233749939	62.0	0.0	0.0	0.0
0.03881628577517983	0.13859910426871763	0.032272029077204736	63.0	0.0	0.0	0.0
0.7658893736923463	0.1892926925504004	0.03215536844932806	64.0	0.0	0.0	0.0
0.1775615657902413	0.06417000963145258	0.03315612043679062	65.0	0.0	0.0	0.0
0.4623387913934613	0.11996989293004853	0.0334860720895177	17.0	0.0	0.0	1.0
0.5837342982395071	0.37359008812507677	0.03441284551388662	55.0	0.0	0.0	1.0
0.7297590099067904	0.5967798733293767	0.033113262657288825	1.0	0.0	0.0	1.0
0.38038867020216244	0.9266239907255568	0.03530668271927294	41.0	0.0	0.00018460688325205865	1.0
0.6217817214194428	0.7122484250233602	0.032775744465253484	4.0	0.0	0.0	1.0
0.39552952825199694	0.20409418626216286	0.033051033689463306	15.0	0.0	0.0	1.0
0.8768105895979802	0.7654209493350761	0.034322153196533714	46.0	0.0	0.0	1.0
0.05144143567676151	0.13581291360734205	0.032304301106281935	63.0	0.0	0.0	1.0
0.47250204175200866	0.36553699182234384	0.032146548681445015	40.0	0.0	0.0	1.0
0.1051791259006837	0.060816537445395606	0.032446271635565606	28.0	0.0	0.0	1.0
0.6193388696010215	0.8777288064000018	0.034194292611465775	58.0	0.0	0.0	1.0
0.7266048363628324	0.11889431822020842	0.03230375591129286	47.0	0.0	0.0	1.0
0.2809408850891008	0.784050449989609	0.03370149215031087	49.0	0.0	0.0	1.0
0.9439467683239365	0.8070151867430214	0.03278462170356568	7.0	0.0	0.0	1.0
0.342824853045318	0.3479971848101068	0.03224578320163287	10.0	0.0	0.0	1.0
0.7938173510697754	0.4736700788926486	0.032925949716397625	25.0	0.0	0.0	1.0
0.2850624381421215	0.670533909319468	0.03171299522395206	20.0	0.0	0.0	1.0
0.35920700876620804	0.5457649671421488	0.03545022783295741	5.0	0.0	0.0005840862631032451	1.0
0.798446942600998	0.8419312561113167	0.03347322872843558	12.0	0.0	0.0	1.0
0.6895796009465768	0.21339481453968545	0.032352907976886454	37.0	0.0	0.0	1.0
0.4343661283752758	0.4375564207318957	0.03312261685425987	19.0	0.0	0.0	1.0
0.8835242393641705	0.48169999818453113	0.03585552567840696	14.0	0.0	0.004007551591200809	1.0
0.75091801049871	0.89893296707633	0.030753606110110403	6.0	0.0	0.0	1.0
0.44744675890098845	0.7071351255356932	0.030764817219599897	60.0	0.0	0.0	1.0
0.8306844210855469	0.6054233901972241	0.029229600998744505	33.0	0.0	0.0	1.0
0.44692087285769583	0.6187581429065607	0.0333715106685056	43.0	0.0	0.0	1.0
0.9584063593215212	0.3049884029825369	0.033550031265700955	53.0	0.0	0.0	1.0
0.6990589807583015	0.45598677558299744	0.03138410603040032	21.0	0.0	0.0	1.0
0.9078501411139194	0.14202901714337354	0.03422408618347769	57.0	0.0	0.0	1.0
0.6701236758685309	0.6468087012826915	0.031313350058518825	38.0	0.0	0.0	1.0
0.23464822308915584	0.3730405552539374	0.032569970388634066	32.0	0.0	0.0	1.0
0.7452575479582109	0.6809092353039043	0.03127077369205709	52.0	0.0	0.0	1.0
0.3276611778428919	0.9800920428706928	0.03175894218759144	23.0	0.0	0.0	1.0
0.47795273892677187	0.5096746575196154	0.03112081649612729	3.0	0.0	0.0	1.0
0.8110133379378094	0.3214548972140192	0.03384615591536161	51.0	0.0	0.0	1.0
0.17856366138422586	0.06457863838509594	0.03318927655722741	65.0	0.0	0.0	1.0
0.5526363759180072	0.462552596629681	0.03166584804302434	13.0	0.0	0.0	1.0
0.9018958835253914	0.043841896385575604	0.03300524866199441	59.0	0.0	0.0	1.0
0.7661005472267853	0.19080757098240972	0.03218752381777738	64.0	0.0	0.0	1.0
0.6356813960015288	0.5496086666606891	0.034206889262325665	42.0	0.0	0.0	1.0
0.8330762677576123	0.11886604571025496	0.03172888679883329	39.0	0.0	0.0	1.0
0.9806808118782411	0.037569863072142516	0.03271744075313762	11.0	0.0	0.0	1.0
0.0924388455115686	0.32854270700302324	0.031722708181292594	35.0	0.0	0.0	1.0
0.47800456953029086	0.27486674645105463	0.032818467696432985	22.0	0.0	0.0	1.0
0.08361249851710877	0.6032731181609287	0.030382374831523597	45.0	0.0	0.0	1.0
0.6230282570143373	0.7841922210102098	0.031808057494071666	48.0	0.0	0.0	1.0
0.8620457225392328	0.8847423797550452	0.0330718505541325	31.0	0.0	0.0	1.0
0.046048369077630276	0.03305413813422966	0.030289034201925698	18.0	0.0	0.0	1.0
0.46414867411613914	0.7883517788277861	0.031404658457696584	29.0	0.0	0.0	1.0
0.9347396766186159	0.9501589947276631	0.030478545518883574	24.0	0.0	0.0	1.0
0.05042762051235988	0.8744159663514881	0.03235637358586472	36.0	0.0	0.0	1.0
0.03326644094447415	0.5606121234755643	0.03230461900166599	56.0	0.0	0.0	1.0
0.6277115640018511	0.09263468122973768	0.03290495426058275	44.0	0.0	0.0	1.0
0.5908758729056385	0.6416375956308601	0.03100789628581443	2.0	0.0	0.0	1.0
0.8966162623929604	0.6958668502151284	0.03215729750983688	62.0	0.0	0.0	1.0
0.2068568623381202	0.690760953504612	0.03161886090893611	16.0	0.0	0.0	1.0
0.3859949784173957	0.6728426703698179	0.03209142938821758	27.0	0.0	0.0	1.0
0.29844126396916193	0.14679915841905816	0.03311236265026984	8.0	0.0	0.0	1.0
0.31510028915014066	0.015800707913518033	0.008220554678357738	50.0	0.0	0.0	1.0
0.5511220585537844	0.05936654111219657	0.032487118881168314	26.0	0.0	0.0	1.0
0.2460462626194506	0.03899886080206019	0.03142659305883227	9.0	0.0	0.0	1.0
0.7862719092938606	0.5519254878146531	0.029684992161680652	34.0	0.0	0.0	1.0
0.5630471414866737	0.5363299008049156	0.033104337152851965	54.0	0.0	0.0	1.0
0.3253507687245379	0.07906796482875175	0.03217947087846503	61.0	0.0	0.0	1.0
0.4792537973918457	0.05038530046818131	0.032766789209921876	30.0	0.0	0.0	1.0
0.9719438877755511	0.9959919839679358	0.06933867735470942	-2.0	-1.0	259.13773793908115	1.0
0.7891417918644176	0.5509810062690738	0.02971467715384233	34.0	0.0	0.0	2.0
0.4773335528370975	0.04684820742514844	0.03279955599913179	30.0	0.0	0.0	2.0
0.8316302634928484	0.1165612934719868	0.03176061568563212	39.0	0.0	0.0	2.0
0.4484072823813498	0.6177522152845438	0.0334048821791741	43.0	0.0	0.0	2.0
0.04733254769073216	0.029349465476356407	0.03031932323612762	18.0	0.0	0.0	2.0
0.6157200038572525	0.7843532860383955	0.03183986555156573	48.0	0.0	0.0	2.0
0.049121513484403204	0.13283023898656424	0.03233660540738821	63.0	0.0	0.0	2.0
0.6382463439207979	0.547051780229624	0.034241096151587984	42.0	0.0	0.0	2.0
0.4770154292221962	0.2741603901276576	0.03285128616412941	22.0	0.0	0.0	2.0
0.3580912776317035	0.5452344423827806	0.035485678060790365	5.0	0.0	0.000733205022854122	2.0
0.3792782198202758	0.9258310055012712	0.03534198940199221	41.0	0.0	0.0002559870038965073	2.0
0.4614036885960248	0.7929162231008644	0.031436063116154274	29.0	0.0	0.0	2.0
0.725435322938512	0.1186973680723458	0.032336059667204146	47.0	0.0	0.0	2.0
0.6315723607652729	0.09228125153228153	0.03293785921484333	44.0	0.0	0.0	2.0
0.9438877755511021	0.6973947895791582	0.01603206412825651	-2.0	-1.0	0.0	2.0
0.32815035637833884	0.07358626843485572	0.03221165034934349	61.0	0.0	0.0	2.0
0.551276954773281	0.46200821603453884	0.031697513891067355	13.0	0.0	0.0	2.0
0.8333760627620471	0.6041017203028726	0.029258830599743248	33.0	0.0	0.0	2.0
0.551251705152538	0.061938442797762824	0.03251960600004948	26.0	0.0	0.0	2.0
0.9564851372679246	0.30517648194399843	0.033583581296966654	53.0	0.0	0.0	2.0
0.03700638352497039	0.5592760252812902	0.03233692362066765	56.0	0.0	0.0	2.0
0.7969234504985527	0.844868509354042	0.033506701957164015	12.0	0.0	0.0	2.0
0.6974202316800739	0.4476970975012996	0.03141549013643072	21.0	0.0	0.0	2.0
0.7316954781514547	0.5955392923542104	0.03314637591994611	1.0	0.0	0.0	2.0
0.7657678600073937	0.18871133753433525	0.03221971134159516	64.0	0.0	0.0	2.0
0.44596501660214877	0.7085220168363285	0.030795582036819494	60.0	0.0	0.0	2.0
0.4669251421173035	0.12036064193237014	0.03351955816160721	17.0	0.0	0.0	2.0
0.8169218982006252	0.3178762069652278	0.03388000207127697	51.0	0.0	0.0	2.0
0.7971021755996925	0.47374247243788087	0.03295887566611402	25.0	0.0	0.0	2.0
0.08346572445031102	0.604562741212774	0.030412757206355116	45.0	0.0	0.0	2.0
0.329290389257292	0.9805719421817534	0.031790701129779025	23.0	0.0	0.0	2.0
0.7517433565965406	0.8980455921510682	0.03078435971622051	6.0	0.0	0.0	2.0
0.8777246199257706	0.7600957475670059	0.03435647534973024	46.0	0.0	0.0	2.0
0.6183989323662623	0.8784272021088982	0.03422848690407724	58.0	0.0	0.0	2.0
0.6000473939606737	0.6356476488251436	0.031038904182100244	2.0	0.0	0.0	2.0
0.47320089794185777	0.5086259939330665	0.031151937312623414	3.0	0.0	0.0	2.0
0.686938619338196	0.2131530506271997	0.032385260884863334	37.0	0.0	0.0	2.0
0.29711777997081346	0.14726259954658655	0.0331454750129201	8.0	0.0	0.0	2.0
0.24714096259025595	0.038683882992468326	0.0314580196518911	9.0	0.0	0.0	2.0
0.9312047955355031	0.9508693589320238	0.030509024064402455	24.0	0.0	0.0	2.0
0.20813259520651192	0.6928230386591071	0.031650479769845044	16.0	0.0	0.0	2.0
0.9059629371842193	0.14218980359367142	0.03425831026966117	57.0	0.0	0.0	2.0
0.8576489999424376	0.8839449006962029	0.033104922404686626	31.0	0.0	0.0	2.0
0.2882900412627063	0.6653895085056685	0.03174470821917601	20.0	0.0	0.0	2.0
0.3957378911024693	0.2030401744079082	0.03308408472315277	15.0	0.0	0.0	2.0
0.8875459518556433	0.4873694219494747	0.03589138120408537	14.0	0.0	0.004532840009773054	2.0
0.7472464862332591	0.6774559300148231	0.03130204446574914	52.0	0.0	0.0	2.0
0.06149856964064035	0.8722635899805412	0.03238872995945058	36.0	0.0	0.0	2.0
0.3884903281388725	0.6738602096671786	0.0321235208176058	27.0	0.0	0.0	2.0
0.4580802012594072	0.36621847354060605	0.03217869523012646	40.0	0.0	0.0	2.0
0.8999290599393028	0.04418586388690888	0.0330382539106564	59.0	0.0	0.0	2.0
0.3153204265606173	0.017539752815392648	0.009042610146193512	50.0	0.0	0.0	2.0
0.23557291788055734	0.37756814521904386	0.0326025403590227	32.0	0.0	0.0	2.0
0.17206529382970864	0.060970886929810564	0.03322246583378463	65.0	0.0	0.0	2.0
0.5642330278318735	0.5370791400869325	0.03313744149000481	54.0	0.0	0.0	2.0
0.3432418454170802	0.3469653003031038	0.0322780289848345	10.0	0.0	0.0	2.0
0.27620004009270993	0.7907336376479612	0.03373519364246117	49.0	0.0	0.0	2.0
0.09296995088302586	0.3355592427839451	0.031754430889473884	35.0	0.0	0.0	2.0
0.6723189370566531	0.6457307678237505	0.03134466340857734	38.0	0.0	0.0	2.0
0.43106785808362674	0.4352632418452604	0.03315573947111413	19.0	0.0	0.0	2.0
0.8948435016762732	0.6954756271886938	0.03218945480734672	62.0	0.0	0.0	2.0
0.5910295512413701	0.37807168834076493	0.034447258359400504	55.0	0.0	0.0	2.0
0.9450681281830342	0.8065330291763201	0.03281740632526924	7.0	0.0	0.0	2.0
0.979003550065727	0.03395482340515486	0.03275015819389076	11.0	0.0	0.0	2.0
0.620748029573002	0.7163938350708949	0.032808520209718736	4.0	0.0	0.0	2.0
0.10240844201071922	0.06310043160991358	0.032478717907201166	28.0	0.0	0.0	2.0
0.24645747586954142	0.03716080549097874	0.03148947767154299	9.0	0.0	0.0	3.0
0.7864992028345155	0.8403291112156002	0.033540208659121176	12.0	0.0	0.0	3.0
0.38932397475121433	0.6733112152084139	0.0321556443384234	27.0	0.0	0.0	3.0
0.17022929361550748	0.06136396067247912	0.03325568829961841	65.0	0.0	0.0	3.0
0.7329143154518944	0.5925231716478145	0.03317952229586606	1.0	0.0	0.0	3.0
0.8156633045988576	0.3160289996128334	0.033913882073348244	51.0	0.0	0.0	3.0
0.5404329842896182	0.05500752652007339	0.032552125606049524	26.0	0.0	0.0	3.0
0.29998259030383717	0.1526197472123229	0.03317862048793302	8.0	0.0	0.0	3.0
0.7040700097851886	0.4470038208960855	0.03144690562656714	21.0	0.0	0.0	3.0
0.9546323125251621	0.3062828149150249	0.03361716487826362	53.0	0.0	0.0	3.0
0.615388038107862	0.7116845356774111	0.032841328729928454	4.0	0.0	0.0	3.0
0.8988212356419962	0.044847352541463	0.03307129216456706	59.0	0.0	0.0	3.0
0.6396908812237402	0.548042687412824	0.03427533724773957	42.0	0.0	0.0	3.0
0.5914241196418465	0.375934654420916	0.0344817056177599	55.0	0.0	0.0	3.0
0.7461505864288602	0.6744185528295479	0.03133334651021489	52.0	0.0	0.0	3.0
0.6699004365806417	0.6546629433644218	0.031376008071985914	38.0	0.0	0.0	3.0
0.6011321192986928	0.6340117307286772	0.03106994308628234	2.0	0.0	0.0	3.0
0.7715330555007662	0.18001661334314217	0.03225193105293675	64.0	0.0	0.0	3.0
0.8865238090158711	0.48711669859512974	0.035927272585289445	14.0	0.0	0.005102725830326449	3.0
0.8615711728976061	0.8886020177738316	0.03313802732709131	31.0	0.0	0.0	3.0
0.23655883089089097	0.37762718297189735	0.03263514289938172	32.0	0.0	0.0	3.0
0.8934900111909636	0.6822738674176555	0.03222164426215406	62.0	0.0	0.0	3.0
0.9438866328663813	0.801553083469203	0.032850223731594505	7.0	0.0	0.0	3.0
0.45513979294837165	0.699376076300273	0.03082637761885631	60.0	0.0	0.0	3.0
0.45963865602832227	0.7950437741875018	0.03146749917927043	29.0	0.0	0.0	3.0
0.8772027072658509	0.7618375471708756	0.034390831825079966	46.0	0.0	0.0	3.0
0.7243150976318457	0.11797970579867863	0.03236839572687135	47.0	0.0	0.0	3.0
0.9780473703710714	0.031893948055129843	0.032782908352084646	11.0	0.0	0.0	3.0
0.9071221021196442	0.1414676173983397	0.03429256857993083	57.0	0.0	0.0	3.0
0.6879201374639041	0.21355328841967586	0.03241764614574819	37.0	0.0	0.0	3.0
0.2161147888178985	0.6953944048744913	0.03168213024961489	16.0	0.0	0.0	3.0
0.6330407953861326	0.0930138029074517	0.03297079707405817	44.0	0.0	0.0	3.0
0.03418547384515404	0.5473860271982145	0.03236926054428832	56.0	0.0	0.0	3.0
0.9320278445970621	0.950216624470748	0.030539533088466853	24.0	0.0	0.0	3.0
0.373065247148445	0.9210298728523592	0.03537733139139419	41.0	0.0	0.0003438339726500317	3.0
0.47505372468059726	0.04981772408989557	0.03283235555513092	30.0	0.0	0.0	3.0
0.7960804704073354	0.5578113244115596	0.02974439183099617	34.0	0.0	0.0	3.0
0.4795844460047808	0.2759226548877572	0.03288413745029354	22.0	0.0	0.0	3.0
0.748006660829224	0.899736599851867	0.03081514407593673	6.0	0.0	0.0	3.0
0.4470187729506974	0.6172757965383291	0.033438287061353274	43.0	0.0	0.0	3.0
0.4332203168405786	0.43792530263939156	0.03318889521058524	19.0	0.0	0.0	3.0
0.476257564215746	0.4976122393192989	0.031183089249936034	3.0	0.0	0.0	3.0
0.46580849194117707	0.12027258281226623	0.033553077719768815	17.0	0.0	0.0	3.0
0.09245682859788806	0.33371036481396815	0.031786185320363355	35.0	0.0	0.0	3.0
0.34316014039207315	0.34596924180589755	0.03231030701381933	10.0	0.0	0.0	3.0
0.08285828873725183	0.602138733625277	0.038053962454451834	45.0	0.0	0.0	3.0
0.4628089206951325	0.3773122192734265	0.032210873925356584	40.0	0.0	0.0	3.0
0.5458019816164844	0.45859718287367046	0.03172921140495842	13.0	0.0	0.0	3.0
0.32783645509681736	0.07226318969104832	0.032243861999692834	61.0	0.0	0.0	3.0
0.7967603686545126	0.4746714564570993	0.032991834541780125	25.0	0.0	0.0	3.0
0.05867942340783285	0.8673688314460103	0.03242111868941003	36.0	0.0	0.0	3.0
0.8295892541972364	0.12257132304693596	0.031792376301317746	39.0	0.0	0.0	3.0
0.10330925707629207	0.06222478272409493	0.03251119662510836	28.0	0.0	0.0	3.0
0.8360530857459483	0.6084288404156465	0.029288089430342987	33.0	0.0	0.0	3.0
0.2747124947132556	0.7910325724537104	0.03376892883610363	49.0	0.0	0.0	3.0
0.28558440138799096	0.666223643736172	0.03177645292739518	20.0	0.0	0.0	3.0
0.6173388618680771	0.7840806646917994	0.039839631771396614	48.0	0.0	0.0	3.0
0.3157149610783573	0.015876808874578256	0.010127723363736733	50.0	0.0	0.0	3.0
0.5656075827803014	0.5346925613111663	0.03317057893149481	54.0	0.0	0.0	3.0
0.3967166155514262	0.20254420289053549	0.033117168807875914	15.0	0.0	0.0	3.0
0.04878156475168304	0.02288032891665262	0.030349642559363742	18.0	0.0	0.0	3.0
0.32948455560245016	0.9787647140666892	0.0318224918309088	23.0	0.0	0.0	3.0
0.612748048190654	0.8813356608810432	0.034262715390981316	58.0	0.0	0.0	3.0
0.04886105741798297	0.1341055119562411	0.032368942012795596	63.0	0.0	0.0	3.0
0.35947795741234273	0.5410651501751536	0.035521163738851155	5.0	0.0	0.0009059464910166071	3.0
0.3600955340777947	0.5392835293295033	0.03555668490259	5.0	0.0	0.0011040997306110967	4.0
0.6324326263761108	0.09071027927892325	0.033003767871132225	44.0	0.0	0.0	4.0
0.7963774604454454	0.5590289416732117	0.029774136222827163	34.0	0.0	0.0	4.0
0.23597173076353398	0.37860343067681296	0.0326677780422811	32.0	0.0	0.0	4.0
0.46133677070791956	0.3733851795991937	0.03224308479928194	40.0	0.0	0.0	4.0
0.46348682963589793	0.12143078004505645	0.03358663079748858	17.0	0.0	0.0	4.0
0.6128457794097272	0.8782320268793716	0.03429697810637229	58.0	0.0	0.0	4.0
0.6144680638550305	0.713053198469446	0.03287417005865838	4.0	0.0	0.0	4.0
0.24590072958566309	0.04451608832498407	0.03152096714921453	9.0	0.0	0.0	4.0
0.6933903525409183	0.20552478621272965	0.03245006379189394	37.0	0.0	0.0	4.0
0.6727304953479306	0.6626641200931064	0.031407384080057894	38.0	0.0	0.0	4.0
0.3749263525345215	0.9230562835654275	0.03541270872278558	41.0	0.0	0.0004498947424309563	4.0
0.871284061449525	0.7624169558635404	0.03442522265690504	46.0	0.0	0.0	4.0
0.2842883486227779	0.668378759156066	0.039760286725403216	20.0	0.0	0.0	4.0
0.3953052718081675	0.20217633289051734	0.033150285976683784	15.0	0.0	0.0	4.0
0.8954457068100318	0.6850308191498466	0.03225386590641621	62.0	0.0	0.0	4.0
0.42839505656390864	0.4499676615991692	0.03322208410579582	19.0	0.0	0.0	4.0
0.3448667058839717	0.3434645569580242	0.03234261732083315	10.0	0.0	0.0	4.0
0.05847337661904039	0.86917925132728	0.03245353980809943	36.0	0.0	0.0	4.0
0.09340706335381507	0.06438553270936717	0.032543707821733464	28.0	0.0	0.0	4.0
0.9527523778551626	0.30799851498665054	0.033650782043141876	53.0	0.0	0.0	4.0
0.5888178901503957	0.3755294337796511	0.034516187323377655	55.0	0.0	0.0	4.0
0.10049860778915463	0.3269959941897702	0.03181797150568372	35.0	0.0	0.0	4.0
0.3276645133917045	0.9802649876270743	0.031854314322739705	23.0	0.0	0.0	4.0
0.1804716863526322	0.061361273473445374	0.03328894398791803	65.0	0.0	0.0	4.0
0.7958019370788759	0.4752940121899819	0.04128103297040238	25.0	0.0	0.0	4.0
0.8260122687197777	0.321191740800404	0.033947795955421585	51.0	0.0	0.0	4.0
0.2743332958242422	0.7928892467863022	0.03380269776493973	49.0	0.0	0.0	4.0
0.8876310580655162	0.4863468647372673	0.03596319985787473	14.0	0.0	0.005719119925728933	4.0
0.5427170955997771	0.4578344492208203	0.03176094061636338	13.0	0.0	0.0	4.0
0.5566030511465049	0.5447481406624285	0.0332037495104263	54.0	0.0	0.0	4.0
0.8362030858349992	0.6097468087518758	0.029317377519773327	33.0	0.0	0.0	4.0
0.6000710976432094	0.6350048330413587	0.03110101302936862	2.0	0.0	0.0	4.0
0.7218295620087695	0.11910451234996235	0.032400764122598215	47.0	0.0	0.0	4.0
0.9458468815594822	0.9499991025753456	0.030570072621555314	24.0	0.0	0.0	4.0
0.8271666122066279	0.12262471513559439	0.03182416867761906	39.0	0.0	0.0	4.0
0.28456913827655306	0.8877755511022043	0.06352705410821644	-2.0	-1.0	148.57671486442197	4.0
0.5420517496434247	0.0473284636063734	0.03258467773165557	26.0	0.0	0.0	4.0
0.21282805748946296	0.6948833787423173	0.0317138123798645	16.0	0.0	0.0	4.0
0.3137848414257177	0.004631802801671846	0.011343050167385143	50.0	0.0	0.0	4.0
0.32623993376933724	0.0724398033800092	0.03227610586169252	61.0	0.0	0.0	4.0
0.7686046844899188	0.17493221267218306	0.03228418298398968	64.0	0.0	0.0	4.0
0.7466990517446744	0.6754441738462279	0.0313646798567251	52.0	0.0	0.0	4.0
0.45681483114726995	0.7103773084448494	0.030857203996475163	60.0	0.0	0.0	4.0
0.4801046970919621	0.2786443205827741	0.03291702158774383	22.0	0.0	0.0	4.0
0.0838562015546796	0.6009203312256242	0.036531803956273756	45.0	0.0	0.0	4.0
0.4749062221643988	0.05098296673653696	0.03286518791068605	30.0	0.0	0.0	4.0
0.7316179447371635	0.5928350501998375	0.03321270181816192	1.0	0.0	0.0	4.0
0.9425480368420376	0.8020600046043099	0.032883073955326095	7.0	0.0	0.0	4.0
0.7849403987775564	0.8405614350788878	0.03357374886778029	12.0	0.0	0.0	4.0
0.05381824000814312	0.00945281406418024	0.0303799922019231	18.0	0.0	0.0	4.0
0.29920120900198593	0.15335110983243921	0.033211799108420946	8.0	0.0	0.0	4.0
0.630023364108256	0.5497333889733654	0.034309612584987305	42.0	0.0	0.0	4.0
0.4768359631155721	0.49396779778540933	0.031214272339185965	3.0	0.0	0.0	4.0
0.8935735087340495	0.14091286470584952	0.03432686114851075	57.0	0.0	0.0	4.0
0.05079900824931731	0.1331539249404543	0.03240131095480839	63.0	0.0	0.0	4.0
0.03420538900917456	0.5463317333817054	0.032401629804832605	56.0	0.0	0.0	4.0
0.38862482877050725	0.672097319059245	0.03218779998276182	27.0	0.0	0.0	4.0
0.9791899620123823	0.033504663942605394	0.03281569126043673	11.0	0.0	0.0	4.0
0.4451598775485003	0.6173401898251542	0.033471725348414624	43.0	0.0	0.0	4.0
0.9051259100527792	0.03421272410195593	0.03310436345673162	59.0	0.0	0.0	4.0
0.46422369198132574	0.7926472653725315	0.031498966678449695	29.0	0.0	0.0	4.0
0.706472782168118	0.4486969282960125	0.03147835253219371	21.0	0.0	0.0	4.0
0.8613364156750404	0.8897514613037489	0.041463956693022996	31.0	0.0	0.0	4.0
0.7501170673650881	0.899756530417312	0.03084595922001266	6.0	0.0	0.0	4.0
0.618229053283887	0.7831932710979428	0.03824604650054075	48.0	0.0	0.0	4.0
0.7328488896885352	0.5931641888225387	0.033245914519980074	1.0	0.0	0.0	5.0
0.3141535825377391	0.07056059856988535	0.032308381967554214	61.0	0.0	0.0	5.0
0.10030667398703676	0.32422896094885995	0.031849789477189396	35.0	0.0	0.0	5.0
0.2137213218575395	0.6971345365774331	0.03174552619224436	16.0	0.0	0.0	5.0
0.2839891218237568	0.667245396570213	0.038169875256387084	20.0	0.0	0.0	5.0
0.9568576276601919	0.3112965736211678	0.03368443282518501	53.0	0.0	0.0	5.0
0.8242365492567769	0.3192825672671333	0.033981743751377004	51.0	0.0	0.0	5.0
0.8371863793584134	0.6108448765306776	0.029346694897293097	33.0	0.0	0.0	5.0
0.4645688875286931	0.12317981040424915	0.03362021742828607	17.0	0.0	0.0	5.0
0.31421962148206917	0.006760619616116778	0.012363924682449807	50.0	0.0	0.0	5.0
0.25420626639370225	0.036625220070863114	0.031552488116363735	9.0	0.0	0.0	5.0
0.5430708239502942	0.047222219403219606	0.03261726240938722	26.0	0.0	0.0	5.0
0.05352348513443977	0.007000479612914177	0.03041037219412502	18.0	0.0	0.0	5.0
0.6686038251344557	0.6558989739418329	0.03143879146413795	38.0	0.0	0.0	5.0
0.6254734127115433	0.7885760023600731	0.036652461229684886	48.0	0.0	0.0	5.0
0.7769340995743063	0.17253559169069926	0.03231646716697367	64.0	0.0	0.0	5.0
0.632771369419383	0.08658069377800902	0.03303677163900336	44.0	0.0	0.0	5.0
0.4451501097848702	0.6157887316348101	0.03350519707376304	43.0	0.0	0.0	5.0
0.3896092902371883	0.6723341590412517	0.032219987782744576	27.0	0.0	0.0	5.0
0.08682121980621002	0.6096512308938777	0.035009645458095685	45.0	0.0	0.0	5.0
0.8679263646978573	0.7585217414088731	0.03445964787956195	46.0	0.0	0.0	5.0
0.7976157664387971	0.5585148764517205	0.029803910359049987	34.0	0.0	0.0	5.0
0.7230626228063917	0.11729477887593379	0.03243316488672081	47.0	0.0	0.0	5.0
0.7957567518979836	0.47708789837378796	0.03962979165158628	25.0	0.0	0.0	5.0
0.04496966689234472	0.5452094971340499	0.03243403143463743	56.0	0.0	0.0	5.0
0.48002302163593125	0.2772044130497881	0.03294993860933157	22.0	0.0	0.0	5.0
0.9380124255325941	0.7983689793558855	0.03291595702928142	7.0	0.0	0.0	5.0
0.39404269862979246	0.20097957974218827	0.033183436262660466	15.0	0.0	0.0	5.0
0.45970968105774174	0.37282690034375326	0.03227532788408122	40.0	0.0	0.0	5.0
0.5471434819609755	0.4638217342033065	0.03179270155697974	13.0	0.0	0.0	5.0
0.6133923812064558	0.7118966729677281	0.032907044228717035	4.0	0.0	0.0	5.0
0.5546950698023778	0.5517948311481689	0.033236953259936725	54.0	0.0	0.0	5.0
0.0555495435373317	0.8702030827463094	0.03248599334790753	36.0	0.0	0.0	5.0
0.8963580087282004	0.6857450274566673	0.032286119772322625	62.0	0.0	0.0	5.0
0.4721012567496497	0.7928208773375487	0.03153046564512814	29.0	0.0	0.0	5.0
0.4773521710877078	0.5062616664658508	0.03124548661152515	3.0	0.0	0.0	5.0
0.6120163896534533	0.8760209168308188	0.03433127508447866	58.0	0.0	0.0	5.0
0.6950582706868695	0.20560360109940148	0.03248251385568583	37.0	0.0	0.0	5.0
0.44274665400060464	0.7137618053856144	0.030888061200471634	60.0	0.0	0.0	5.0
0.9050375438543156	0.03313545984754871	0.03313746782018835	59.0	0.0	0.0	5.0
0.7454638918513737	0.6811260262405134	0.03139604453658182	52.0	0.0	0.0	5.0
0.2994606132416457	0.15225773348850147	0.03324501090752936	8.0	0.0	0.0	5.0
0.9788858879362159	0.035685975445210204	0.032848506951697165	11.0	0.0	0.0	5.0
0.3749795027046173	0.9241106653492281	0.03544812143150836	41.0	0.0	0.0005759265740010733	5.0
0.46770619116244355	0.05647480871447334	0.03289805309859673	30.0	0.0	0.0	5.0
0.8159224704142861	0.11922634569780242	0.03185599284629667	39.0	0.0	0.0	5.0
0.3591116756088171	0.5403547751367503	0.035592241587492586	5.0	0.0	0.0013294642868828532	5.0
0.897401684174389	0.1338619968850625	0.03436118800965926	57.0	0.0	0.0	5.0
0.9459877959286346	0.951112300076601	0.030600642694176866	24.0	0.0	0.0	5.0
0.8621833925972393	0.8880930490965699	0.03980539842530208	31.0	0.0	0.0	5.0
0.09294019115815555	0.06807373686299435	0.03257625152955519	28.0	0.0	0.0	5.0
0.22919203616383044	0.3759870645688961	0.03270044582032337	32.0	0.0	0.0	5.0
0.7044392557608422	0.4610087922462258	0.0315098308847259	21.0	0.0	0.0	5.0
0.044484536489911325	0.13527617690130847	0.03243371226576319	63.0	0.0	0.0	5.0
0.7834817605930109	0.8331828551924346	0.03360732261664807	12.0	0.0	0.0	5.0
0.06613226452905811	0.7454909819639278	0.09739478957915833	-2.0	-1.0	1554.6224940626284	5.0
0.2748413095881704	0.7917943134286868	0.033836500462704665	49.0	0.0	0.0	5.0
0.6024707107947807	0.6349065799003216	0.031132114042397983	2.0	0.0	0.0	5.0
0.328909468015701	0.9818865631358559	0.031886168637062444	23.0	0.0	0.0	5.0
0.6327853670004933	0.5632570042189263	0.03434392219757229	42.0	0.0	0.0	5.0
0.17473142679313888	0.07024381557735758	0.03332223293190594	65.0	0.0	0.0	5.0
0.3443670387705961	0.34493589475911757	0.03237495993815398	10.0	0.0	0.0	5.0
0.7505107638854497	0.8986207719491341	0.03087680517923267	6.0	0.0	0.0	5.0
0.4225450621240689	0.4457632267328826	0.033255306189901614	19.0	0.0	0.0	5.0
0.5838510475166095	0.3658041718048352	0.034550703510701025	55.0	0.0	0.0	5.0
0.8853224417395815	0.4953195677489448	0.035999163057732604	14.0	0.0	0.006383944153782295	5.0
0.7942750950417689	0.4762407351095685	0.037978550332770186	25.0	0.0	0.0	6.0
0.31359419852714626	0.0055731715102447016	0.012376288607132255	50.0	0.0	0.0	6.0
0.7172474972359205	0.10898682693817242	0.03246559805160752	47.0	0.0	0.0	6.0
0.44762672414727056	0.7129399845180819	0.030918949261672102	60.0	0.0	0.0	6.0
0.05666640432540684	0.8715843641793843	0.03251847934125543	36.0	0.0	0.0	6.0
0.8380511505177206	0.6120639478024827	0.029376041592190386	33.0	0.0	0.0	6.0
0.7837132564564595	0.8307388118568443	0.033640929939264715	12.0	0.0	0.0	6.0
0.8292659447447809	0.30768636857526044	0.03401572549512838	51.0	0.0	0.0	6.0
0.4710022600554409	0.1303084477109852	0.03365383764571435	17.0	0.0	0.0	6.0
0.3777815594841167	0.9255977807878779	0.03548356955293987	41.0	0.0	0.0007236970786124175	6.0
0.2747170456150625	0.7928861526597591	0.033870336963167366	49.0	0.0	0.0	6.0
0.5485229142819882	0.4674299820659736	0.031824494258536715	13.0	0.0	0.0	6.0
0.9565037634399023	0.3075606127429956	0.033718117258010195	53.0	0.0	0.0	6.0
0.5791225933376016	0.36205418272720274	0.03458525421421172	55.0	0.0	0.0	6.0
0.8975598755455574	0.6862351177659851	0.03231840589209494	62.0	0.0	0.0	6.0
0.7981789644079513	0.5576172084353621	0.029833714269409034	34.0	0.0	0.0	6.0
0.4790082075424272	0.2742768187208747	0.032982888547940896	22.0	0.0	0.0	6.0
0.09630099349040491	0.07197748576963531	0.032608827781084745	28.0	0.0	0.0	6.0
0.8962134622230273	0.13426135038006404	0.03439554919766891	57.0	0.0	0.0	6.0
0.3588030265730642	0.5485216840096128	0.03562783382908007	5.0	0.0	0.0015838502308014313	6.0
0.298029369250714	0.14917294150089844	0.03327825591843689	8.0	0.0	0.0	6.0
0.0813106388100349	0.6006173406411932	0.033487486959917614	45.0	0.0	0.0	6.0
0.7058447324017515	0.46088013041437687	0.03154134071561062	21.0	0.0	0.0	6.0
0.6377681973923357	0.5603968370941587	0.03437826611976986	42.0	0.0	0.0	6.0
0.3274946687841189	0.9871117988621431	0.0319180548056995	23.0	0.0	0.0	6.0
0.2114262103524929	0.6965363104731009	0.031777271718436605	16.0	0.0	0.0	6.0
0.8877048574813192	0.49561352966851174	0.03603516222079033	14.0	0.0	0.007099131402313219	6.0
0.04685435981496582	0.13547808167390463	0.03246614597802895	63.0	0.0	0.0	6.0
0.47574554445261075	0.04693008786790952	0.03293095115169532	30.0	0.0	0.0	6.0
0.47134911826112885	0.7935801525215288	0.03156199611077326	29.0	0.0	0.0	6.0
0.9371479718922002	0.7990112889598301	0.0329488729863107	7.0	0.0	0.0	6.0
0.6225953196252563	0.7937987653191287	0.035058875958829026	48.0	0.0	0.0	6.0
0.9821589315830509	0.032254617060892894	0.032881355458648856	11.0	0.0	0.0	6.0
0.6012657972380361	0.6339994710871105	0.031163246156440377	2.0	0.0	0.0	6.0
0.254091944011677	0.03403281652070293	0.03158404060448009	9.0	0.0	0.0	6.0
0.6939374933519832	0.2056848890714979	0.03251499636954151	37.0	0.0	0.0	6.0
0.39287224660315556	0.20210308786834377	0.033216619698923124	15.0	0.0	0.0	6.0
0.5415491553140062	0.04942559558483757	0.032649879671796604	26.0	0.0	0.0	6.0
0.3444132133858009	0.3461576833634368	0.03240733489809213	10.0	0.0	0.0	6.0
0.6085776677725816	0.86522995125938	0.034365606359563136	58.0	0.0	0.0	6.0
0.7503827600968055	0.8974293602990665	0.0309076819844119	6.0	0.0	0.0	6.0
0.23100083154788772	0.37507045214319873	0.032733146266143695	32.0	0.0	0.0	6.0
0.7479736656981967	0.6908805511050553	0.0314274405811184	52.0	0.0	0.0	6.0
0.09747883818911075	0.31996418756013206	0.03188163926666658	35.0	0.0	0.0	6.0
0.8156029212689611	0.12102024801623773	0.03188784883914297	39.0	0.0	0.0	6.0
0.3833356192469186	0.6673587068533853	0.03225220777052732	27.0	0.0	0.0	6.0
0.44351191122238914	0.6171741188740084	0.033538702270836794	43.0	0.0	0.0	6.0
0.46085627014907915	0.3723677484066606	0.0323076032119653	40.0	0.0	0.0	6.0
0.17325768748669645	0.07211415304321339	0.03335555516483785	65.0	0.0	0.0	6.0
0.7337836921695761	0.5925485785932962	0.03327916043450005	1.0	0.0	0.0	6.0
0.045851001537611076	0.03044078256631914	0.03044078256631914	18.0	0.0	0.0	6.0
0.9462977929302837	0.9500475356786962	0.03063124333687104	24.0	0.0	0.0	6.0
0.8638528338226418	0.7550326257016804	0.0344941075274415	46.0	0.0	0.0	6.0
0.4255612739083089	0.44571574932139385	0.03328856149609151	19.0	0.0	0.0	6.0
0.31496409539506787	0.07355404148686631	0.032340690349521764	61.0	0.0	0.0	6.0
0.6697494048305985	0.6545356631409026	0.03147023025560208	38.0	0.0	0.0	6.0
0.9052226644859885	0.03446344468706165	0.03317060528800854	59.0	0.0	0.0	6.0
0.6153051732175163	0.7104940272446381	0.03293995127294575	4.0	0.0	0.0	6.0
0.046129567662916995	0.5461656114749622	0.03246646546607206	56.0	0.0	0.0	6.0
0.620850461564539	0.0797647058733811	0.03306980841064236	44.0	0.0	0.0	6.0
0.5515768967525337	0.5499991838690135	0.03327019021319666	54.0	0.0	0.0	6.0
0.4724721810209806	0.5111879605091486	0.031276732098136674	3.0	0.0	0.0	6.0
0.7718534305009371	0.17969783067407918	0.03234878363414064	64.0	0.0	0.0	6.0
0.28257360970428014	0.6600849716173616	0.03657946378737095	20.0	0.0	0.0	6.0
0.8621691648027417	0.8892229368672306	0.03814684015758116	31.0	0.0	0.0	6.0
0.9344847867376367	0.7932712667984425	0.032981821859297	7.0	0.0	0.0	7.0
0.901185031823748	0.6896282163564775	0.032350724297987035	62.0	0.0	0.0	7.0
0.44408610798208215	0.7157118053660718	0.03094986821093377	60.0	0.0	0.0	7.0
0.8337767994671431	0.3117002172373467	0.03404974122062351	51.0	0.0	0.0	7.0
0.7504930711728812	0.8954846175681128	0.03093858966639631	6.0	0.0	0.0	7.0
0.47011914322824006	0.5068536617417776	0.03130800883023481	3.0	0.0	0.0	7.0
0.8148723158438395	0.12230743613224337	0.031919736687982106	39.0	0.0	0.0	7.0
0.05826259349410693	0.8692416759883	0.03255099782059668	36.0	0.0	0.0	7.0
0.6015468433913992	0.6329349701929335	0.031194409402596813	2.0	0.0	0.0	7.0
0.7911548841091007	0.46308919669851556	0.0363273090139541	25.0	0.0	0.0	7.0
0.2757774431462226	0.795289530512354	0.03390420730013053	49.0	0.0	0.0	7.0
0.17303426605853717	0.07358152912984207	0.03338891072000268	65.0	0.0	0.0	7.0
0.3266764152253042	0.9862961170286109	0.031949972860505195	23.0	0.0	0.0	7.0
0.08230301774446416	0.600856085393455	0.031965328461739544	45.0	0.0	0.0	7.0
0.9543173088419095	0.3072488021557469	0.0337518353752682	53.0	0.0	0.0	7.0
0.6094939855423017	0.8638095014169871	0.0343999719659227	58.0	0.0	0.0	7.0
0.21912690704521076	0.373224275773432	0.03276587941240983	32.0	0.0	0.0	7.0
0.3149952654990298	0.006728080842476273	0.012388664895739386	50.0	0.0	0.0	7.0
0.6389453167376616	0.5604673245309406	0.034412644385889625	42.0	0.0	0.0	7.0
0.8957973840953457	0.1360655980278043	0.03442994474686658	57.0	0.0	0.0	7.0
0.7080501472859744	0.45979721121213657	0.031572882056326225	21.0	0.0	0.0	7.0
0.3905965533178495	0.20169032183650393	0.03324983631862204	15.0	0.0	0.0	7.0
0.3785464810927868	0.9262283110351873	0.0355190531224928	41.0	0.0	0.0008949842609808911	7.0
0.35072494747106076	0.5425980482783418	0.03566346166290915	5.0	0.0	0.0018690782024322061	7.0
0.7325239463058487	0.5937276841508435	0.033312439594934545	1.0	0.0	0.0	7.0
0.47497843948170365	0.04614589056269199	0.032963882102847016	30.0	0.0	0.0	7.0
0.6944010501896685	0.20872941449601398	0.03254751136591105	37.0	0.0	0.0	7.0
0.3253800415784981	0.08192196131597008	0.03237303103987128	61.0	0.0	0.0	7.0
0.549546799696853	0.4618844851154749	0.03185631875279525	13.0	0.0	0.0	7.0
0.8355693461059704	0.6035395525143462	0.02940541763378257	33.0	0.0	0.0	7.0
0.5804838011195794	0.371818968432377	0.03461983946842593	55.0	0.0	0.0	7.0
0.04480270915855386	0.13327223935795685	0.032498612124006974	63.0	0.0	0.0	7.0
0.04458814289126663	0.5459655578893513	0.03249893193153813	56.0	0.0	0.0	7.0
0.037751489750430765	0.030471223348885457	0.030471223348885457	18.0	0.0	0.0	7.0
0.5498344359412779	0.04669890051630549	0.0326825295514684	26.0	0.0	0.0	7.0
0.6748878097087045	0.6545194879622082	0.03150170048585768	38.0	0.0	0.0	7.0
0.34036919261986803	0.34707687883986005	0.03243974223299022	10.0	0.0	0.0	7.0
0.9052743933029759	0.03329042881363607	0.033203775893296546	59.0	0.0	0.0	7.0
0.6220870052779265	0.7928336633762383	0.03346529068797316	48.0	0.0	0.0	7.0
0.2835279234281807	0.6558244380687359	0.034989052318354835	20.0	0.0	0.0	7.0
0.3826597842359014	0.6610682859667998	0.03228445997829785	27.0	0.0	0.0	7.0
0.8629993972501618	0.8898728959418862	0.036488281889860245	31.0	0.0	0.0	7.0
0.9448960888836561	0.9512635244606632	0.030661874580207908	24.0	0.0	0.0	7.0
0.479699973771629	0.2749751488009925	0.03301587143648883	22.0	0.0	0.0	7.0
0.20587530013868505	0.7006607687139599	0.03180904899015504	16.0	0.0	0.0	7.0
0.7183836579831026	0.11072396415059318	0.032498063649659126	47.0	0.0	0.0	7.0
0.4695807425426214	0.7925090846710663	0.03159355810688403	29.0	0.0	0.0	7.0
0.8600296958578145	0.751673608916661	0.03452860163496894	46.0	0.0	0.0	7.0
0.9781221590383307	0.03459655788151869	0.0329142368141075	11.0	0.0	0.0	7.0
0.09725534206844426	0.3186620842264197	0.031913520905933246	35.0	0.0	0.0	7.0
0.10025384117847796	0.0755834295816563	0.03264143660886583	28.0	0.0	0.0	7.0
0.8888659779249268	0.4957271981155071	0.03607119738301112	14.0	0.0	0.007866625634591173	7.0
0.4573339388796712	0.3803510685423984	0.03233991081517726	40.0	0.0	0.0	7.0
0.2650481779689872	0.03786933394363878	0.03161562464508457	9.0	0.0	0.0	7.0
0.612759152120184	0.7098304009766963	0.032972891224218696	4.0	0.0	0.0	7.0
0.6120060851712754	0.08298729932764097	0.033102878219053	44.0	0.0	0.0	7.0
0.47467456860494406	0.12664768102236376	0.03368749148336006	17.0	0.0	0.0	7.0
0.7948389432940027	0.5532095988403364	0.02986354798367844	34.0	0.0	0.0	7.0
0.7880433024317154	0.8301213034120781	0.033674570869203974	12.0	0.0	0.0	7.0
0.2973474845811451	0.1503398191516684	0.03331153417435532	8.0	0.0	0.0	7.0
0.5529930560815797	0.5522251142062313	0.033303460403409854	54.0	0.0	0.0	7.0
0.42977197698324426	0.4527174327165112	0.033321850057587594	19.0	0.0	0.0	7.0
0.7454475444025576	0.7018346198299816	0.03145886802169951	52.0	0.0	0.0	7.0
0.7710237331379857	0.18045504412822744	0.03238113241777478	64.0	0.0	0.0	7.0
0.44430436401107753	0.6155730112409956	0.033572240973107625	43.0	0.0	0.0	7.0
0.6088956544056746	0.08285994146893838	0.033135981097272046	44.0	0.0	0.0	8.0
0.5504591670618681	0.4610828772945214	0.03188817507154804	13.0	0.0	0.0	8.0
0.4680681185754473	0.12877586823962683	0.03372117897484342	17.0	0.0	0.0	8.0
0.07250147772422098	0.5857345668179996	0.01805145742430108	66.0	45.0	0.0	8.0
0.553326126695696	0.0456942370149539	0.032715212081019865	26.0	0.0	0.0	8.0
0.2746478364495793	0.8021286666635058	0.03393811150743066	49.0	0.0	0.0	8.0
0.04294574756930896	0.03366214585088497	0.03050169457223434	18.0	0.0	0.0	8.0
0.8336759336118594	0.6016520909100649	0.02943482305141635	33.0	0.0	0.0	8.0
0.04583658965566086	0.5326517130997291	0.03253143086346967	56.0	0.0	0.0	8.0
0.2244182497749644	0.38029901029256036	0.03279864529182224	32.0	0.0	0.0	8.0
0.2884574998934304	0.6620806134407659	0.033398640849338704	20.0	0.0	0.0	8.0
0.38244804185145576	0.6625872451118984	0.03231674443827614	27.0	0.0	0.0	8.0
0.09922586883676116	0.6375544814769201	0.01805145742430108	67.0	45.0	0.0	8.0
0.06078009523204528	0.8674438994168637	0.032583548818417275	36.0	0.0	0.0	8.0
0.9369100218083626	0.9548775465176731	0.030692536454788113	24.0	0.0	0.0	8.0
0.8238696874734407	0.11802922942892312	0.031951656424670086	39.0	0.0	0.0	8.0
0.5962659876624806	0.7985233692893224	0.01793757446887475	68.0	48.0	0.0	8.0
0.7834658493522684	0.8306861069727616	0.03370824544007318	12.0	0.0	0.0	8.0
0.934245551807603	0.7907455174062978	0.03301480368115629	7.0	0.0	0.0	8.0
0.47837002298464026	0.26777196187549807	0.033048887307925316	22.0	0.0	0.0	8.0
0.7109388906784531	0.10837735371282403	0.03253056171330878	47.0	0.0	0.0	8.0
0.7130270097153574	0.457034166105542	0.03160445493838255	21.0	0.0	0.0	8.0
0.1042216666705718	0.0735727222451007	0.03267407804547469	28.0	0.0	0.0	8.0
0.17334065915095315	0.07661288720908244	0.033422299630722685	65.0	0.0	0.0	8.0
0.5506149200414693	0.5507015827278054	0.03333676386381326	54.0	0.0	0.0	8.0
0.32470521554997483	0.0828991094036189	0.03240540407091115	61.0	0.0	0.0	8.0
0.9063664312605648	0.03356774062930405	0.033236979669189835	59.0	0.0	0.0	8.0
0.8317561624134177	0.3142646281680712	0.03408379096184413	51.0	0.0	0.0	8.0
0.8870884850281274	0.4963496184192617	0.036107268580394127	14.0	0.0	0.008688381934760514	8.0
0.7337964500005845	0.5938038833264783	0.033345752034529476	1.0	0.0	0.0	8.0
0.6342700644313337	0.5680243677123642	0.03444705703027551	42.0	0.0	0.0	8.0
0.45681014568841377	0.38127389274797974	0.03237225072599243	40.0	0.0	0.0	8.0
0.46937910492607876	0.5166304508789692	0.03133931683906504	3.0	0.0	0.0	8.0
0.899837327782616	0.13957027950127113	0.03446437469161344	57.0	0.0	0.0	8.0
0.3475634012544082	0.5457102210571125	0.03569912512457206	5.0	0.0	0.0021869794547626498	8.0
0.7702481949290328	0.1810780928117208	0.03241351355019255	64.0	0.0	0.0	8.0
0.21249741819381113	0.6973049907485451	0.031840858039145194	16.0	0.0	0.0	8.0
0.26403156788605703	0.03780203220232263	0.031647240269729655	9.0	0.0	0.0	8.0
0.3260669094282693	0.9835749784435605	0.0319819228333657	23.0	0.0	0.0	8.0
0.38940452721135005	0.20234232485326042	0.03328308615494066	15.0	0.0	0.0	8.0
0.6445702170034407	0.7877276888969319	0.01793757446887475	69.0	48.0	0.0	8.0
0.9101068314544845	0.6804138337700901	0.03238307502228502	62.0	0.0	0.0	8.0
0.4753397362592556	0.044623042091771176	0.03299684598494986	30.0	0.0	0.0	8.0
0.9554606167993895	0.3061090875513886	0.03378558721064347	53.0	0.0	0.0	8.0
0.30632930561284843	0.004700869864320473	0.012401053560635124	50.0	0.0	0.0	8.0
0.5993633683646534	0.6349276927697142	0.031225603811999406	2.0	0.0	0.0	8.0
0.7478903341460285	0.6993374007964801	0.031490326889721205	52.0	0.0	0.0	8.0
0.7933839241721367	0.5534452187339218	0.029893411531662115	34.0	0.0	0.0	8.0
0.4479792533019548	0.6166554839166275	0.03360581321408073	43.0	0.0	0.0	8.0
0.4432332356966715	0.7148616136106699	0.030980818079144698	60.0	0.0	0.0	8.0
0.8630902576944918	0.8910732708448215	0.03482972362213932	31.0	0.0	0.0	8.0
0.4703752401939893	0.7936595172683011	0.031625151664990914	29.0	0.0	0.0	8.0
0.6102179134922647	0.8649163537564216	0.03443437193788862	58.0	0.0	0.0	8.0
0.7522236768470699	0.8998459988816141	0.030969528256062702	6.0	0.0	0.0	8.0
0.38106662414136344	0.9289038778095989	0.03555457217561529	41.0	0.0	0.0010915765622740992	8.0
0.6933222026345504	0.20831307418196157	0.03258005887727696	37.0	0.0	0.0	8.0
0.43511310334275743	0.45344485137284124	0.03335517190764518	19.0	0.0	0.0	8.0
0.7884999270623854	0.4539700641705555	0.034676067695138	25.0	0.0	0.0	8.0
0.5828454187622129	0.37257973472239286	0.034654459307894354	55.0	0.0	0.0	8.0
0.0447954907466385	0.13212570626077294	0.03253111073613098	63.0	0.0	0.0	8.0
0.6839793349544824	0.6512715315557571	0.031533202186343534	38.0	0.0	0.0	8.0
0.9798837134088955	0.0338127062629098	0.03294715105092161	11.0	0.0	0.0	8.0
0.2987348151727284	0.14976388847567002	0.03334484570852967	8.0	0.0	0.0	8.0
0.3501003918499916	0.3502116658612896	0.032472181975223204	10.0	0.0	0.0	8.0
0.61680404717261	0.7105377915399268	0.03300586411544291	4.0	0.0	0.0	8.0
0.851952560009126	0.7479807287683029	0.0345631302366039	46.0	0.0	0.0	8.0
0.09902381280833648	0.3279137441729341	0.03194543442683918	35.0	0.0	0.0	8.0
0.4801611801586409	0.2698765047794787	0.03308193619523324	22.0	0.0	0.0	9.0
0.47022254770666855	0.5143818761968802	0.0313706561559041	3.0	0.0	0.0	9.0
0.7852765898184055	0.8315611249756978	0.03374195368551325	12.0	0.0	0.0	9.0
0.2971992208473044	0.1492798650636866	0.0333781905542382	8.0	0.0	0.0	9.0
0.0471319437371909	0.03524744214238099	0.03053219626680657	18.0	0.0	0.0	9.0
0.9756658996907036	0.030800717603288178	0.03298009820197253	11.0	0.0	0.0	9.0
0.8406607897842702	0.8971289459185597	0.02000241193483294	74.0	31.0	0.0	9.0
0.5721139854876738	0.37473630686173204	0.03468911376720225	55.0	0.0	0.0	9.0
0.55196531478324	0.5502759347167294	0.03337010062767707	54.0	0.0	0.0	9.0
0.6949906566695259	0.20904294916089552	0.03261263893615424	37.0	0.0	0.0	9.0
0.7927415405358536	0.554181020056364	0.029923304943193774	34.0	0.0	0.0	9.0
0.47679206598419216	0.04578980874836419	0.03302984283093481	30.0	0.0	0.0	9.0
0.07018635759269815	0.5850998897876314	0.018069508881725378	66.0	0.0	0.0	9.0
0.6436961392550077	0.7887546976651706	0.017955512043343624	69.0	0.0	0.0	9.0
0.21155897108355465	0.6978494325200744	0.03187269889718434	16.0	0.0	0.0	9.0
0.43700315550255225	0.45603940854961417	0.03338852707955282	19.0	0.0	0.0	9.0
0.2244182497749644	0.38662166792380487	0.03283144393711406	32.0	0.0	0.0	9.0
0.7973588341832152	0.4265798736676117	0.01891846021952199	73.0	25.0	0.0	9.0
0.7340141786002274	0.5888666139599141	0.033379097786564005	1.0	0.0	0.0	9.0
0.9286681902175342	0.7882637183866394	0.03304781848483745	7.0	0.0	0.0	9.0
0.7862252762248885	0.47462929055506103	0.01891846021952199	72.0	25.0	0.0	9.0
0.8842786040125978	0.8777867384397934	0.02000241193483294	75.0	31.0	0.0	9.0
0.3513887590112374	0.3517254492446124	0.03250465415719842	10.0	0.0	0.0	9.0
0.0990549868038725	0.6359639750792014	0.018069508881725378	67.0	0.0	0.0	9.0
0.8243105956906119	0.11626975951163705	0.03198360808109475	39.0	0.0	0.0	9.0
0.26591997661535494	0.03758108570016233	0.03167888750999938	9.0	0.0	0.0	9.0
0.9049762274602372	0.6788673974095462	0.0324154580973073	62.0	0.0	0.0	9.0
0.04358646270601892	0.5317506491044076	0.032563962294333136	56.0	0.0	0.0	9.0
0.8347522876625852	0.6063195058375891	0.029464257874467763	33.0	0.0	0.0	9.0
0.9337410304570449	0.9574897683163768	0.0307232289912429	24.0	0.0	0.0	9.0
0.3066897719344053	0.0013457834289213083	0.012413454614195758	50.0	0.0	0.0	9.0
0.5526200214426641	0.46397202507031454	0.031920063246619584	13.0	0.0	0.0	9.0
0.6182882417701026	0.7068650207310554	0.03303886997955835	4.0	0.0	0.0	9.0
0.8864290578819788	0.4949739793283177	0.036143375848974514	14.0	0.0	0.009566366553556804	9.0
0.5938888234183346	0.7965385893805279	0.017955512043343624	68.0	0.0	0.0	9.0
0.851952560009126	0.749139569315153	0.0345976933668405	46.0	0.0	0.0	9.0
0.45572108463235633	0.38155044861009957	0.03240462297671842	40.0	0.0	0.0	9.0
0.4450136829287493	0.6166834906032067	0.03363941902729481	43.0	0.0	0.0	9.0
0.8307890383884883	0.3134571415424755	0.03411787475280597	51.0	0.0	0.0	9.0
0.34845599801324145	0.5481361756383625	0.03573482424969663	5.0	0.0	0.0025393958974717634	9.0
0.749880774029794	0.700238156271642	0.031521817216610924	52.0	0.0	0.0	9.0
0.6378261372308712	0.5583999870758803	0.03448150408730578	42.0	0.0	0.0	9.0
0.4703437910215156	0.7949080734293833	0.0316567768166559	29.0	0.0	0.0	9.0
0.37927868193366604	0.9290789092761321	0.035590126747790905	41.0	0.0	0.001315272903397613	9.0
0.5454846098498008	0.03869002949154278	0.03274792729310088	26.0	0.0	0.0	9.0
0.3057202737494117	0.6755350197080376	0.018221525688822824	71.0	20.0	0.0	9.0
0.39130989758214896	0.20118828223322888	0.0333163692410956	15.0	0.0	0.0	9.0
0.5990851971761484	0.6330722892538926	0.0312568294158114	2.0	0.0	0.0	9.0
0.38483811783482424	0.660969761227323	0.03234906118271441	27.0	0.0	0.0	9.0
0.442131646017232	0.7163344825834588	0.03101179889722384	60.0	0.0	0.0	9.0
0.6142727685376288	0.868345452380546	0.0344688063098265	58.0	0.0	0.0	9.0
0.9074013333516346	0.03343342601474579	0.03327021664885902	59.0	0.0	0.0	9.0
0.9009165024437147	0.1394302189777711	0.03449883906630505	57.0	0.0	0.0	9.0
0.7099955463467591	0.10963864239657	0.03256309227502208	47.0	0.0	0.0	9.0
0.7085894184076561	0.4574122410676641	0.031636059393320926	21.0	0.0	0.0	9.0
0.32414964555672926	0.0815726319546249	0.03243780947498206	61.0	0.0	0.0	9.0
0.684326056343946	0.6480443778354645	0.03156473538852987	38.0	0.0	0.0	9.0
0.17231431956826526	0.07767539543490475	0.033455721930353406	65.0	0.0	0.0	9.0
0.2782584477292609	0.7938037365803237	0.033972049618938086	49.0	0.0	0.0	9.0
0.2654387668115208	0.6513188384406239	0.018221525688822824	70.0	20.0	0.0	9.0
0.47012572749711806	0.13415805544861792	0.03375490015381826	17.0	0.0	0.0	9.0
0.9567208917645482	0.30468375218683985	0.03381937279785411	53.0	0.0	0.0	9.0
0.7536956194867679	0.9001611306544234	0.03100049778431876	6.0	0.0	0.0	9.0
0.32565061291319425	0.9821451010387285	0.03201390475619906	23.0	0.0	0.0	9.0
0.770190439745843	0.1822238278670497	0.03244592706374274	64.0	0.0	0.0	9.0
0.6134413872623417	0.09270811129559213	0.033169117078369316	44.0	0.0	0.0	9.0
0.05695214978659296	0.8692937068529201	0.03261613236723569	36.0	0.0	0.0	9.0
0.11258224219181184	0.3304612478476103	0.03197737986126601	35.0	0.0	0.0	9.0
0.10609418844558813	0.06876563061483605	0.03270675212352016	28.0	0.0	0.0	9.0
0.04649331961784931	0.13170592050212915	0.0325636418468671	63.0	0.0	0.0	9.0
0.32374930912050587	0.9829204037182009	0.032045918660955255	23.0	0.0	0.0	10.0
0.9337259514983215	0.9586872505444745	0.030753952220234138	24.0	0.0	0.0	10.0
0.4690044246557143	0.1346654908562115	0.03378865505397208	17.0	0.0	0.0	10.0
0.3229522248519637	0.08182899065999456	0.032470247284457035	61.0	0.0	0.0	10.0
0.5723660557299676	0.3737815562091927	0.03472380288096945	55.0	0.0	0.0	10.0
0.6404213288567879	0.5582937258942926	0.03451598559139308	42.0	0.0	0.0	10.0
0.38315666213809874	0.6616802369167898	0.032381410243897124	27.0	0.0	0.0	10.0
0.04382414997801578	0.5341022531390118	0.03259652625662746	56.0	0.0	0.0	10.0
0.7870054895901374	0.4265472823862994	0.018937378679741507	73.0	0.0	0.0	10.0
0.617607628452878	0.7041489936525767	0.0330719088495379	4.0	0.0	0.0	10.0
0.5503222335387443	0.4637324678140647	0.0319519833098662	13.0	0.0	0.0	10.0
0.7467520298271535	0.6957681828985681	0.03155333903382753	52.0	0.0	0.0	10.0
0.3502292491116217	0.548018782658777	0.03577055907394632	5.0	0.0	0.0029281801409553054	10.0
0.9828997469956406	0.0330130783001745	0.0330130783001745	11.0	0.0	0.0	10.0
0.8842302335076373	0.8701038317956431	0.020022414346767773	75.0	0.0	0.0	10.0
0.0646542567104468	0.8614199845811934	0.03264874849960293	36.0	0.0	0.0	10.0
0.11319108109584403	0.33250444479957514	0.03200935724112727	35.0	0.0	0.0	10.0
0.752629757861044	0.8999399464006232	0.031031498282103078	6.0	0.0	0.0	10.0
0.3795647816272506	0.9278016172156276	0.03562571687453869	41.0	0.0	0.0015678827283096552	10.0
0.10625819856050012	0.07157572402358633	0.032739458875643675	28.0	0.0	0.0	10.0
0.18379600339787358	0.08171890093206842	0.03348917765228376	65.0	0.0	0.0	10.0
0.47398514886058657	0.26445023113049543	0.03311501813142847	22.0	0.0	0.0	10.0
0.8340042327179288	0.6070196754257513	0.029493722132342227	33.0	0.0	0.0	10.0
0.9553072036319278	0.30431527111633044	0.03385319217065196	53.0	0.0	0.0	10.0
0.07239637296781522	0.5911064060233684	0.018087578390607102	66.0	0.0	0.0	10.0
0.4399097587213649	0.7141746684224874	0.03104281069612106	60.0	0.0	0.0	10.0
0.6121646604740393	0.09235810390048635	0.03320228619544768	44.0	0.0	0.0	10.0
0.5969113300582573	0.7973876872028273	0.017973467555386965	68.0	0.0	0.0	10.0
0.826671465297542	0.12111628137617197	0.032015591689175844	39.0	0.0	0.0	10.0
0.5934144723883386	0.6223056690727753	0.031288086245227206	2.0	0.0	0.0	10.0
0.3081705113632808	0.0013224754916140993	0.012425868068809952	50.0	0.0	0.0	10.0
0.35395901892272374	0.34726282098812006	0.03253715881135562	10.0	0.0	0.0	10.0
0.6836253158542666	0.6468623794871415	0.0315963001239184	38.0	0.0	0.0	10.0
0.7345315417981136	0.5915731718167753	0.03341247688435057	1.0	0.0	0.0	10.0
0.9301553137736114	0.7845836996106835	0.033080866303322284	7.0	0.0	0.0	10.0
0.5831663326653306	0.4368737474949899	0.09158316633266532	-2.0	-1.0	1159.4224711800055	10.0
0.7836499541258601	0.827385266020436	0.03377569563919876	12.0	0.0	0.0	10.0
0.03885513871408795	0.030562728463073376	0.030562728463073376	18.0	0.0	0.0	10.0
0.22420653800652973	0.38438649737258795	0.032864275381051175	32.0	0.0	0.0	10.0
0.44176333670385937	0.4523609340757198	0.033421915606632366	19.0	0.0	0.0	10.0
0.44661931307695835	0.6180413354757062	0.0336730584463221	43.0	0.0	0.0	10.0
0.4694448422084137	0.5133555886078895	0.03140202681206	3.0	0.0	0.0	10.0
0.2758139353497657	0.8075268727212747	0.03400602166855702	49.0	0.0	0.0	10.0
0.7877908060210603	0.47395615067851143	0.018937378679741507	72.0	0.0	0.0	10.0
0.26902778770380087	0.6480306261028274	0.018239747214511645	70.0	0.0	0.0	10.0
0.3068015437845201	0.6890988754027696	0.018239747214511645	71.0	0.0	0.0	10.0
0.5473890186753518	0.04247761400257372	0.032780675220393976	26.0	0.0	0.0	10.0
0.7936560170133591	0.5545539199927398	0.029953228248136964	34.0	0.0	0.0	10.0
0.7111705523602702	0.11098452191433195	0.032595655367297104	47.0	0.0	0.0	10.0
0.6118065968016844	0.8663896087320202	0.03450327511613632	58.0	0.0	0.0	10.0
0.47219586025432636	0.7885466655091106	0.03168843359347255	29.0	0.0	0.0	10.0
0.45113482409265065	0.38188308187022546	0.032437027599695134	40.0	0.0	0.0	10.0
0.8262324118298552	0.31107548176352895	0.034151992627558775	51.0	0.0	0.0	10.0
0.203603224559237	0.6960937126400634	0.03190457159608152	16.0	0.0	0.0	10.0
0.0982397830600981	0.6353005722001636	0.018087578390607102	67.0	0.0	0.0	10.0
0.8521431184193169	0.7481756219377113	0.034632291060207335	46.0	0.0	0.0	10.0
0.47654834520123374	0.04411846780439821	0.033062872673765745	30.0	0.0	0.0	10.0
0.6935855409750445	0.21375836416658722	0.032645251575090385	37.0	0.0	0.0	10.0
0.8484263614266686	0.8958211965149161	0.020022414346767773	74.0	0.0	0.0	10.0
0.2652021653266032	0.03551030222205399	0.031710566397509375	9.0	0.0	0.0	10.0
0.7682517378404832	0.17448732501176042	0.03247837299080648	64.0	0.0	0.0	10.0
0.045064646206941325	0.13253476793984872	0.03259620548871397	63.0	0.0	0.0	10.0
0.8873457147017686	0.4956550771354876	0.036179519224823486	14.0	0.0	0.010502556954079978	10.0
0.8973512822722566	0.033303486865507874	0.033303486865507874	59.0	0.0	0.0	10.0
0.2969980634991469	0.14289174475425112	0.03341156874479243	8.0	0.0	0.0	10.0
0.641794843342869	0.790094440955531	0.017973467555386965	69.0	0.0	0.0	10.0
0.7112477706486807	0.46038088763256696	0.031667695452714244	21.0	0.0	0.0	10.0
0.9019200898281771	0.1385484650623601	0.03453333790537135	57.0	0.0	0.0	10.0
0.5504910336958735	0.5507304481965645	0.03340347072830474	54.0	0.0	0.0	10.0
0.3912882207325907	0.19774524992187453	0.033349685610336695	15.0	0.0	0.0	10.0
0.907269757590214	0.6777051442136471	0.032447873555404606	62.0	0.0	0.0	10.0
0.5963160194803497	0.6205482632373915	0.03131937433147243	2.0	0.0	0.0	11.0
0.0955630842304629	0.6233504504764439	0.01810566596899771	67.0	0.0	0.0	11.0
0.7699079194767277	0.1738481844962254	0.03251085136379728	64.0	0.0	0.0	11.0
0.35182079835405017	0.3515154221094852	0.03256969597016697	10.0	0.0	0.0	11.0
0.32212917705489374	0.07766557029612815	0.03250271753174149	61.0	0.0	0.0	11.0
0.6849151441871131	0.22208101304628858	0.03267789682666547	37.0	0.0	0.0	11.0
0.054950499700444536	0.5336466802031034	0.03262912278288409	56.0	0.0	0.0	11.0
0.46499313374779405	0.5159382552431664	0.03143342883887206	3.0	0.0	0.0	11.0
0.3067723697327365	0.0012299155535196327	0.01243829393687876	50.0	0.0	0.0	11.0
0.3109422827149398	0.6896628108999358	0.018257986961726154	71.0	0.0	0.0	11.0
0.7937944739478784	0.5530921455012344	0.0299831814763851	34.0	0.0	0.0	11.0
0.32333897471270073	0.989429403778049	0.03207796457961621	23.0	0.0	0.0	11.0
0.6010364306958814	0.7927223149755942	0.01799144102294235	68.0	0.0	0.0	11.0
0.6976555384436669	0.11111215697647554	0.032628251022664395	47.0	0.0	0.0	11.0
0.9092952251049315	0.6789848282513445	0.032480321428960006	62.0	0.0	0.0	11.0
0.6183666118561255	0.7019594344798078	0.033104980758387435	4.0	0.0	0.0	11.0
0.9507135467572789	0.29961926016761525	0.03388704536282261	53.0	0.0	0.0	11.0
0.8226018253669953	0.3086184824312496	0.03418614462018633	51.0	0.0	0.0	11.0
0.441771179891465	0.711289146068705	0.031073853506817177	60.0	0.0	0.0	11.0
0.9018455260541122	0.13973124574226262	0.03456787124327672	57.0	0.0	0.0	11.0
0.6129839419412743	0.8654314995952677	0.03453777839125245	58.0	0.0	0.0	11.0
0.10661879563374728	0.0732345046843853	0.03277219833451932	28.0	0.0	0.0	11.0
0.8250672619625515	0.12315219206076	0.03204760728086502	39.0	0.0	0.0	11.0
0.44176333670385937	0.45435298061771984	0.033455337522239	19.0	0.0	0.0	11.0
0.037224116114482585	0.02867060321301425	0.030593291191536445	18.0	0.0	0.0	11.0
0.4501369810996589	0.38340873763643507	0.032469464627294824	40.0	0.0	0.0	11.0
0.782071722873232	0.4778792619480912	0.018956316058421248	72.0	0.0	0.0	11.0
0.7480030782920323	0.6956058157589093	0.031584892372861356	52.0	0.0	0.0	11.0
0.6473299507058463	0.7956820684011615	0.01799144102294235	69.0	0.0	0.0	11.0
0.04724589492408461	0.1276740870435748	0.03262880169420268	63.0	0.0	0.0	11.0
0.06254837509767099	0.8657430531871346	0.032681397248102526	36.0	0.0	0.0	11.0
0.5734041647091037	0.37318799921406814	0.03475852668385041	55.0	0.0	0.0	11.0
0.46881880040331725	0.04860277706050737	0.033095935546439505	30.0	0.0	0.0	11.0
0.6131477234200641	0.09176268342199391	0.03323548848164313	44.0	0.0	0.0	11.0
0.7833823415247155	0.42150725899014324	0.018956316058421248	73.0	0.0	0.0	11.0
0.6827565956469606	0.6396347042798727	0.03162789642404231	38.0	0.0	0.0	11.0
0.26056953669977534	0.0231599547159416	0.03174227696390688	9.0	0.0	0.0	11.0
0.846132775059846	0.6023391243101872	0.029523215854474566	33.0	0.0	0.0	11.0
0.46983402700026977	0.13583498451286846	0.03382244370902605	17.0	0.0	0.0	11.0
0.8964171312333351	0.03542072860923967	0.03333679035237338	59.0	0.0	0.0	11.0
0.11218034025953792	0.33321666073876116	0.0320413665983684	35.0	0.0	0.0	11.0
0.8529787317158212	0.7494890454690343	0.03466692335126754	46.0	0.0	0.0	11.0
0.9267025161286966	0.9474927618538634	0.03078470617245437	24.0	0.0	0.0	11.0
0.3947449047264479	0.19866952213045996	0.03338303529594703	15.0	0.0	0.0	11.0
0.1960850166817656	0.7031306563176501	0.03193647616767759	16.0	0.0	0.0	11.0
0.7107647102488216	0.4593397368151975	0.03169936314816695	21.0	0.0	0.0	11.0
0.23149181746677178	0.38136211663029773	0.03289713965643222	32.0	0.0	0.0	11.0
0.6381511329610422	0.5584583791352912	0.03455050157698447	42.0	0.0	0.0	11.0
0.7816684627711126	0.8337413858615228	0.03380947133483795	12.0	0.0	0.0	11.0
0.3854680328334515	0.9209533426010409	0.03566134259141323	41.0	0.0	0.0018512260475631592	11.0
0.18161300486424647	0.08129448976305778	0.033522666829936036	65.0	0.0	0.0	11.0
0.7514850315555432	0.899498182680369	0.03106252978038518	6.0	0.0	0.0	11.0
0.5527584234960069	0.554500731978471	0.03343687419903304	54.0	0.0	0.0	11.0
0.8472216199412709	0.8955393737050814	0.02004243676111454	74.0	0.0	0.0	11.0
0.9306648000189518	0.7926655127326953	0.0331139471696256	7.0	0.0	0.0	11.0
0.26739168063243235	0.8104760728834247	0.03404002769022557	49.0	0.0	0.0	11.0
0.4479260831108925	0.618004303470881	0.03370673150476842	43.0	0.0	0.0	11.0
0.3817527896982808	0.6592427554813737	0.032413791654141016	27.0	0.0	0.0	11.0
0.474418378332932	0.7919447928156554	0.03172012202706602	29.0	0.0	0.0	11.0
0.5468810078473905	0.04033637289377118	0.032813455895614366	26.0	0.0	0.0	11.0
0.3504627495599589	0.5572889287534176	0.035806329633020266	5.0	0.0	0.0033551955404931277	11.0
0.986143167217054	0.03341327798721713	0.03304609137847467	11.0	0.0	0.0	11.0
0.2691965401467012	0.6491389499610724	0.018257986961726154	70.0	0.0	0.0	11.0
0.07066576406260011	0.5919697471046723	0.01810566596899771	66.0	0.0	0.0	11.0
0.2947677202831817	0.13970529864601172	0.03344498031353722	8.0	0.0	0.0	11.0
0.882296912844102	0.8743404215709613	0.02004243676111454	75.0	0.0	0.0	11.0
0.7324248257806388	0.5893081257064604	0.033445889361234916	1.0	0.0	0.0	11.0
0.5507690727121022	0.46037244844219943	0.03198393529317606	13.0	0.0	0.0	11.0
0.47488765538820255	0.26404863625820657	0.033148133149559895	22.0	0.0	0.0	11.0
0.886335982085371	0.4942124926297258	0.03621569874404831	14.0	0.0	0.011498941857823297	11.0
