# x	y	r	id	split_id	s_prob	t
2.0	0.5	0.0	-1.0	0.0	0.0	0.0
0.29706560030068346	0.43621031730425963	0.061361569201439495	1.0	0.0	117.2448430573285	0.0
0.6817892813514861	0.6008640281941194	0.05964745494259825	2.0	0.0	95.8288371299702	0.0
0.8139462710254259	0.5643348936589518	0.057934993220769566	3.0	0.0	77.2104035357647	0.0
0.5455207408876904	0.7655177390839792	0.0551243580986453	4.0	0.0	52.16102104170498	0.0
0.6873980779509933	0.627202361757989	0.059707102397540845	2.0	0.0	96.52624667782096	1.0
0.5205616928847538	0.7532621618928691	0.055179482456743936	4.0	0.0	52.59083242924001	1.0
0.44811228269699105	0.38860000162922026	0.06142293077064093	1.0	0.0	118.06547933912543	1.0
0.8157421558097324	0.6319360157502875	0.05799292821399033	3.0	0.0	77.79699536607907	1.0
0.8199518758659138	0.605410933106789	0.058050921142204316	3.0	0.0	78.38714175451385	2.0
0.6581830485553246	0.6835281803762872	0.05976680949993838	2.0	0.0	97.22773419324697	2.0
0.41007555508394333	0.38704257227428146	0.06148435370141156	1.0	0.0	118.89076235998668	2.0
0.5081311906871897	0.7522818915187002	0.05523466193920067	4.0	0.0	53.023431824196365	2.0
0.5314324463338199	0.7569644756110194	0.055289896601139865	4.0	0.0	53.458833194564825	3.0
0.7883794778953984	0.6294928600417568	0.05810897206334652	3.0	0.0	78.9808596953289	3.0
0.40575735661813633	0.3816327151945118	0.06154583805511296	1.0	0.0	119.72071333466174	3.0
0.6748423894109572	0.7089995417188594	0.059826576309438315	2.0	0.0	97.9333187045011	3.0
0.7937193207786281	0.5353534408553728	0.05816708103540986	3.0	0.0	79.57816624919609	4.0
0.6844707073031311	0.6927586422513782	0.059886402885747744	2.0	0.0	98.64301931336172	4.0
0.40092190412547807	0.40530857709628204	0.06160738389316807	1.0	0.0	120.55535355903022	4.0
0.4898366242502067	0.8034155412136847	0.055345186497741	4.0	0.0	53.897050564078384	4.0
0.39410224586396925	0.4824803638294649	0.06166899127706123	1.0	0.0	121.39470441038296	5.0
0.7929688733352653	0.5115216067313834	0.05822524811644526	3.0	0.0	80.17907854343217	5.0
0.4748301200702918	0.8151635927393781	0.05540053168423873	4.0	0.0	54.33809801240983	5.0
0.733615959187978	0.6957015238284449	0.059946289288633485	2.0	0.0	99.35685519538953	5.0
0.7011732124420756	0.5750010643175713	0.06000623557792211	2.0	0.0	100.07484560018443	6.0
0.601554155782241	0.7479082568254108	0.055455932215922966	4.0	0.0	54.78198967537011	6.0
0.3519032540794024	0.48341037838357226	0.06173066026833828	1.0	0.0	122.23878734770469	6.0
0.8123807785012631	0.49919698570193727	0.0582834733645617	3.0	0.0	80.78361377223264	6.0
0.3751377796940157	0.4730715430828002	0.06179239092860661	1.0	0.0	123.08762391195695	7.0
0.7683772779731197	0.8016482888555311	0.055511388148138885	4.0	0.0	55.22873974510711	7.0
0.6520250941960122	0.608715128545329	0.060066241813500024	2.0	0.0	100.79700985164376	7.0
0.7265632573241425	0.49676503916521914	0.05834175683792626	3.0	0.0	81.39178919690613	7.0
0.6406622918538253	0.6984791692933477	0.060126308055313514	2.0	0.0	101.52336734822131	8.0
0.7829503893248881	0.8057422408586371	0.05556689953628702	4.0	0.0	55.678362470305274	8.0
0.35814095907720267	0.3870924428058187	0.06185418331953521	1.0	0.0	123.94123572636262	8.0
0.7571412148951752	0.46129200180241003	0.05840009859476418	3.0	0.0	82.00362214610966	8.0
0.7707654211645107	0.44700880259815867	0.05845849869335894	3.0	0.0	82.61913001608464	9.0
0.37772748843315723	0.3792490113946414	0.06191603750285474	1.0	0.0	124.79964449669052	9.0
0.6620647284812088	0.7524164633645852	0.06018643436336882	2.0	0.0	102.25393756318692	9.0
0.8034632112184087	0.7847723602537909	0.055622466435823296	4.0	0.0	56.13087215638588	9.0
0.767656146402407	0.7356184379580086	0.055678088902259115	4.0	0.0	56.586283165707975	10.0
0.5453764801760208	0.42863157459440515	0.06197795354035759	1.0	0.0	125.66287201154208	10.0
0.7719579424783851	0.4441615418577829	0.05851695719205229	3.0	0.0	83.2383302708938	10.0
0.5960163202077833	0.6189692572414829	0.06024662079773218	2.0	0.0	102.98874004488727	10.0
0.5972663558457006	0.6214553912883795	0.060306867418529905	2.0	0.0	103.72779441700727	11.0
0.84240188234956	0.38226935313556276	0.058575474149244335	3.0	0.0	83.86124044265858	11.0
0.5455828218266067	0.42926527111089274	0.062039931493897936	1.0	0.0	126.53094014263758	11.0
0.826627499084032	0.7505936068803829	0.055733766991161365	4.0	0.0	57.0446099177698	11.0
