# x	y	r	id	split_id	s_prob	t
2.0	0.5	0.0	-1.0	0.0	0.0	0.0
0.5503368358304929	0.23062166037378667	0.042955163306104445	1.0	0.0	3.2220128802202197	0.0
0.25788310763472133	0.26655276202531497	0.04290163478790564	2.0	0.0	3.157408925970799	0.0
0.36573846769616375	0.2843314795927502	0.043106686664904754	3.0	0.0	3.409652627464453	0.0
0.4722892954602503	0.8838504853753757	0.042589641274382445	4.0	0.0	2.797974306728605	0.0
0.10676324961189904	0.6706831378406309	0.0411744447972907	5.0	0.0	1.5065158681999264	0.0
0.6895064062503328	0.8417171757130741	0.04256745629357822	6.0	0.0	2.773510012165744	0.0
0.42355428380668864	0.7072195967889191	0.04323757409409028	7.0	0.0	3.5774862713351467	0.0
0.49381170320462775	0.7646835793407523	0.041408963178889945	8.0	0.0	1.6847804073135393	0.0
0.4852939269202904	0.43933610533665174	0.040800998415312616	9.0	0.0	1.2493617754831376	0.0
0.7761101726073778	0.8098468609299466	0.04355145267422197	10.0	0.0	4.0022080734926675	0.0
0.7602365010224716	0.1984031685865428	0.04149967955386434	11.0	0.0	1.7573400669097197	0.0
0.14622503156666541	0.5777422724804615	0.042585800323949985	12.0	0.0	2.793728476500476	0.0
0.4054700256223249	0.48862657061075415	0.04162763013016987	13.0	0.0	1.863179790727358	0.0
0.5487137219576115	0.6928334409008345	0.04279939377200311	14.0	0.0	3.036424703139673	0.0
0.9971172835066866	0.9603426751392092	0.042605289684429636	15.0	0.0	2.8153167016149467	0.0
0.5454556881135966	0.13726971028814539	0.04251674686427153	16.0	0.0	2.718127029347329	0.0
0.7958542909792296	0.524530299441425	0.043408649604636	17.0	0.0	3.8050357395911334	0.0
0.7600831399829422	0.6154510369178814	0.04394573223833015	18.0	0.0	4.581710648480268	0.0
0.2987048166366176	0.1695900291621707	0.043315513763718845	19.0	0.0	3.679995047267255	0.0
0.23008759786621258	0.5487423548559652	0.04365789102507577	20.0	0.0	4.153520128155762	0.0
0.39670168931070954	0.1538776285534611	0.04477730317863431	21.0	0.0	5.981873442685	0.0
0.4396184435781256	0.3407322308598026	0.04321556376665113	22.0	0.0	3.5488863082071447	0.0
0.47684108555092003	0.6293748899369223	0.04387952163473894	23.0	0.0	4.480729052666135	0.0
0.40072261728457664	0.8144891899979217	0.04520736006291869	24.0	0.0	6.806444037471877	0.0
0.19029068942775498	0.7047566113264229	0.04120407724448446	25.0	0.0	1.5283103814827967	0.0
0.6162323300085926	0.36058221833615006	0.04391241053976502	26.0	0.0	4.530702277438905	0.0
0.4387495505464977	0.23105050614830025	0.04216095784569853	27.0	0.0	2.350137787593127	0.0
0.31888794979667434	0.7552467858768019	0.04306518268726826	28.0	0.0	3.3575508716022284	0.0
0.27889692280443024	0.6708311264015276	0.043652957755127265	29.0	0.0	4.146424140439606	0.0
0.6026891103931434	0.49434437838802575	0.04188718528742355	30.0	0.0	2.090765259438612	0.0
0.7625237182061659	0.290429067065995	0.04210669882093985	31.0	0.0	2.2971201203957747	0.0
0.7011547245732129	0.5017701265209352	0.04254121805603296	32.0	0.0	2.7447605943379045	0.0
0.8736680725751114	0.9465913433764955	0.04573100502995849	33.0	0.0	7.908628387563411	0.0
0.5888056582594584	0.8759414016070867	0.04392751612062724	34.0	0.0	4.553778509652474	0.0
0.9266297261085276	0.25864287144392273	0.041531579640306224	35.0	0.0	1.78334206553059	0.0
0.16533630966029897	0.2818737114011976	0.042271069135360585	36.0	0.0	2.460224823321923	0.0
0.4182906118494465	0.9506960563484306	0.04107085175722415	37.0	0.0	1.4319533116226637	0.0
0.8438078601610453	0.19743068234018207	0.039523770323840385	38.0	0.0	0.592490806311659	0.0
0.3592960283645133	0.4003128366179916	0.04162536010809745	39.0	0.0	1.8612659795890352	0.0
0.23550280809068294	0.8773737328625434	0.04379005193156282	40.0	0.0	4.346646249008046	0.0
0.32986872350922347	0.9341367095266567	0.0438797043807888	41.0	0.0	4.481005706889476	0.0
0.9340106164687229	0.1633162020522617	0.040574272333897925	42.0	0.0	1.108522523383911	0.0
0.9422608065720425	0.8840067613368494	0.040524854523951395	43.0	0.0	1.0793008398967032	0.0
0.6136132364162327	0.963089765006898	0.04327314598744445	44.0	0.0	3.6240321164521987	0.0
0.3985088312637177	0.5790320293953608	0.04262817452858075	45.0	0.0	2.8408077018247155	0.0
0.15437890654723707	0.4828798840848012	0.04421723619188499	46.0	0.0	5.011666038695978	0.0
0.10810080655439301	0.7637597891079406	0.04187602397093255	47.0	0.0	2.0806168920323245	0.0
0.9909242796478344	0.8000370125678973	0.04346866605065112	48.0	0.0	3.8870935810059564	0.0
0.866707015747661	0.827979732908778	0.04304212008499365	49.0	0.0	3.3288301406817595	0.0
0.9024771426335403	0.7408685231102272	0.04428739687495195	50.0	0.0	5.126984299157428	0.0
0.4443833871705025	0.24082854578348245	0.04220311880354422	27.0	0.0	2.391892777339791	1.0
0.5419300567760432	0.13447364237523654	0.042559263611135795	16.0	0.0	2.764511785436696	1.0
0.5486571708248165	0.691836465725334	0.04284219316577511	14.0	0.0	3.0866869113087176	1.0
0.3976263140519241	0.5830916920835879	0.04267080270310933	45.0	0.0	2.8886998031964595	1.0
0.9270903592752409	0.26089827303437135	0.04157311121994652	35.0	0.0	1.8175774099865976	1.0
0.1535721256059579	0.48380398994613527	0.044261453428076865	46.0	0.0	5.084138999008701	1.0
0.9444603350642473	0.8898682469948948	0.04056537937847534	43.0	0.0	1.1032255148801369	1.0
0.4726604098075902	0.8844675854456531	0.04263223091565682	4.0	0.0	2.8453420282584716	1.0
0.902676140104648	0.7422960551056844	0.0443316842718269	50.0	0.0	5.200679413987274	1.0
0.42056401351387995	0.7021756545603834	0.043280811668184364	7.0	0.0	3.6341152536410135	1.0
0.6150876128436034	0.9756129273020725	0.04331641913343189	44.0	0.0	3.6811971806242667	1.0
0.3261017829053243	0.7621712901997906	0.04310824786995552	28.0	0.0	3.411622923963165	1.0
0.44535010875532266	0.3410030718135258	0.043258779330417774	22.0	0.0	3.605185042260885	1.0
0.7591618354824247	0.6137539927933517	0.04398967797056847	18.0	0.0	4.649565583643252	1.0
0.8451460828041018	0.1961298457854287	0.039563294094164224	38.0	0.0	0.6081564973275846	1.0
0.27893082527399554	0.6707580556552833	0.04369661071288239	29.0	0.0	4.20949564385883	1.0
0.40300498353373077	0.48771077173358535	0.04166925776030003	13.0	0.0	1.8985082223368437	1.0
0.32584055962064	0.9416693089885387	0.04392358408516959	41.0	0.0	4.547764160376246	1.0
0.8666685877562937	0.8267002147202632	0.04308516220507864	49.0	0.0	3.3825652700849815	1.0
0.6996898954689412	0.5017286153467816	0.04258375927408899	32.0	0.0	2.791474025506105	1.0
0.48734382644383345	0.7607661228937213	0.04145037214206883	8.0	0.0	1.7176484723269283	1.0
0.19381810989168108	0.703595733328885	0.04124528132172894	25.0	0.0	1.558963662535234	1.0
0.35382809753017846	0.2952013376112072	0.043149793351569654	3.0	0.0	3.464334065459198	1.0
0.6909666381973159	0.8421729806224133	0.042610023749871793	6.0	0.0	2.820577326257464	1.0
0.26027198930629053	0.2624050527600694	0.04294453642269354	2.0	0.0	3.209117769865088	1.0
0.763481638454824	0.19818833361325786	0.0415411792334182	11.0	0.0	1.7912166680656156	1.0
0.5466559879459856	0.2320155832256684	0.04299811846941055	1.0	0.0	3.2744885189372184	1.0
0.29565353731342586	0.17111220715530728	0.04335882927748256	19.0	0.0	3.7378024088797304	1.0
0.7595615732007867	0.2852860261066902	0.04214880551976078	31.0	0.0	2.338193351390103	1.0
0.9878230576779795	0.9686128629869232	0.04264789497411406	15.0	0.0	2.8628969763389875	1.0
0.4109869543983318	0.8175126455579834	0.04525256742298161	24.0	0.0	6.897280302985649	1.0
0.4861641185965172	0.44070387943634476	0.040841799413727925	9.0	0.0	1.2759095743243023	1.0
0.9845066753803845	0.8033400952090859	0.04351213471670176	48.0	0.0	3.947257321864768	1.0
0.3676354499372244	0.3915700432973006	0.04166698546820554	39.0	0.0	1.896568353285545	1.0
0.22882038758651913	0.8773526972788689	0.04383384198349438	40.0	0.0	4.411932440012237	1.0
0.10824115602017383	0.6721750674216512	0.04121561924208799	5.0	0.0	1.536856015856145	1.0
0.6008806451551983	0.8745434446389265	0.04397144363674786	34.0	0.0	4.621329907339572	1.0
0.4210011019402562	0.9507216540705872	0.04111192260898137	37.0	0.0	1.4612129526709907	1.0
0.6159363680486938	0.3607298635480254	0.043956322950304785	26.0	0.0	4.598002566963942	1.0
0.23325343259035453	0.5446312210795464	0.04370154891610084	20.0	0.0	4.216670560002029	1.0
0.7981126463418868	0.5174434119841784	0.04345205825424063	17.0	0.0	3.8642696057406454	1.0
0.17703894560411151	0.29494232941907056	0.04231334020449594	36.0	0.0	2.5033830285691465	1.0
0.48113080390285995	0.6169996625921665	0.04392340115637367	23.0	0.0	4.54748448576558	1.0
0.6010763939996202	0.492815735570035	0.04192907247271097	30.0	0.0	2.12914522668207	1.0
0.39261199394023233	0.14706362867548686	0.044822080481812944	21.0	0.0	6.064436307756409	1.0
0.10276066394296378	0.763675731300894	0.041917899994903474	47.0	0.0	2.118862684739966	1.0
0.9296164726582434	0.16330236973210982	0.04061484660623182	42.0	0.0	1.132905440458515	1.0
0.8731286133491928	0.946117373404351	0.04577673603498845	33.0	0.0	8.010169574677917	1.0
0.14546799669693625	0.5804422426772317	0.04262838612427393	12.0	0.0	2.8410441093740815	1.0
0.7752222631942759	0.7972571228257487	0.04359500412689619	10.0	0.0	4.063668220715101	1.0
0.4768149118449295	0.8861616842918285	0.04267486314657248	4.0	0.0	2.893289523175582	2.0
0.17448030934682202	0.2956611144319552	0.04235565354470043	36.0	0.0	2.5470869491907564	2.0
0.487165333986884	0.7607520469646253	0.041491822514210894	8.0	0.0	1.750974765563086	2.0
0.2952847517342601	0.1696405468251052	0.04340218810676004	19.0	0.0	3.796270714254618	2.0
0.982076993245536	0.798103347296437	0.04355564685141846	48.0	0.0	4.0080997756626715	2.0
0.547804942509399	0.6901677710955882	0.04288503535894088	14.0	0.0	3.137551835473502	2.0
0.36601984058556414	0.3776696922869716	0.04170865245367374	39.0	0.0	1.9323502807654052	2.0
0.759897665052775	0.6119971280540043	0.044033667648539034	18.0	0.0	4.718156041873215	2.0
0.8659292213140868	0.9494852409199386	0.04582251277102343	33.0	0.0	8.112679048780706	2.0
0.42125803991599464	0.9505873576048518	0.041153034531590346	37.0	0.0	1.4908983400692364	2.0
0.3260916388703453	0.7621394574619286	0.04315135611782547	28.0	0.0	3.466327361127611	2.0
0.6194763403902898	0.3584620120861182	0.04400027927325509	26.0	0.0	4.666034339243737	2.0
0.928072800578222	0.1580002311175348	0.04065546145283804	42.0	0.0	1.1576682267080685	2.0
0.2293986462058041	0.8739837239218662	0.04387767582547787	40.0	0.0	4.47793537106395	2.0
0.6903644190946923	0.8427366497807812	0.04265263377362166	6.0	0.0	2.868222011310806	2.0
0.40778351206760055	0.8177855732013537	0.04529781999040459	24.0	0.0	6.989013217191427	2.0
0.8452428674952838	0.19583884589893968	0.03960285738825838	38.0	0.0	0.624111998095259	2.0
0.5460610998400103	0.23156772682901325	0.04304111658787995	1.0	0.0	3.3275841801903994	2.0
0.32472178199407464	0.9423761491921192	0.04396750766925475	41.0	0.0	4.615250141549581	2.0
0.14887172160059212	0.4810373437334436	0.044305714881504935	46.0	0.0	5.15738081088719	2.0
0.3617194440118158	0.28808993766684227	0.04319294314492122	3.0	0.0	3.5196525817759436	2.0
0.9432402009533769	0.8890865790438359	0.04060594475785381	43.0	0.0	1.1275256111579353	2.0
0.6151005209805035	0.9754766482105337	0.043359735552565316	44.0	0.0	3.7390183128165972	2.0
0.3891311317137473	0.14437375988567014	0.04486690256229475	21.0	0.0	6.147839095773577	2.0
0.5469593121119632	0.13200414005383718	0.042601822874746925	16.0	0.0	2.8114684384236455	2.0
0.14811586221807438	0.5811146409123009	0.042671014510398196	12.0	0.0	2.888939099366084	2.0
0.9882999133687429	0.9687275840776337	0.04269054286908817	15.0	0.0	2.9110587217990513	2.0
0.10291566762972594	0.6772869638054841	0.041256834861330076	5.0	0.0	1.567631753880562	2.0
0.7029822399924757	0.5011741730229565	0.04262634303336308	32.0	0.0	2.83876199222604	2.0
0.8944069644617623	0.7400291075857008	0.04437601595609872	50.0	0.0	5.275152111713325	2.0
0.4858784864975348	0.618936608172691	0.04396732455753004	23.0	0.0	4.614967424482117	2.0
0.4074736453949793	0.47085278400842223	0.041710927018060326	13.0	0.0	1.9343164336724072	2.0
0.2747116669663752	0.671943322904532	0.04374030732359527	29.0	0.0	4.2732675431171	2.0
0.10292364246189666	0.7652881901400086	0.041959817894898374	47.0	0.0	2.1576132627516813	2.0
0.41860660411807704	0.7019715836696732	0.04332409247985254	7.0	0.0	3.6913962236187103	2.0
0.7802074212194346	0.8042847195124236	0.04363859913102308	10.0	0.0	4.125816780398068	2.0
0.4440866733773592	0.34180130633177597	0.043302038109748184	22.0	0.0	3.6621332453249096	2.0
0.7984330336391784	0.5158227199628688	0.043495510312494864	17.0	0.0	3.9241751945840377	2.0
0.3920967213719937	0.5656279054529564	0.042713473505812435	45.0	0.0	2.9371758617060237	2.0
0.9321122438785653	0.25945332715462077	0.04161468433116646	35.0	0.0	1.85228301458514	2.0
0.753993654054843	0.29346872137299895	0.042190954325280534	31.0	0.0	2.37979509331754	2.0
0.761604248437522	0.19053767286724624	0.04158272041265161	11.0	0.0	1.825560386123854	2.0
0.19381810989168108	0.7043182859066717	0.04128652660305066	25.0	0.0	1.590055367310228	2.0
0.4861531953899608	0.4407091579412246	0.04088264121314165	9.0	0.0	1.3028579209863693	2.0
0.5976194722049475	0.4923670794870914	0.04197100154518368	30.0	0.0	2.1680311159994545	2.0
0.23285978684367034	0.5448730444765957	0.043745250465016934	20.0	0.0	4.280521972647065	2.0
0.6014682108585203	0.8749800199236581	0.044015415080384604	34.0	0.0	4.68961461800609	2.0
0.2598669540963111	0.262159731481806	0.042987480959116225	2.0	0.0	3.2614406631774813	2.0
0.4477320649067263	0.24132763208307956	0.04224532192234776	27.0	0.0	2.434181929688094	2.0
0.8670251656572299	0.8265361361863652	0.04312824736728371	49.0	0.0	3.436930183332777	2.0
0.7602617076702273	0.6122676203725145	0.044077701316187566	18.0	0.0	4.787487368367081	3.0
0.406734419034542	0.468196752863446	0.04175263794507838	13.0	0.0	1.9706085763265975	3.0
0.7796167513587164	0.7998431613574485	0.0436822377301541	10.0	0.0	4.188658881829966	3.0
0.5985245854046028	0.5043247050214398	0.04201297254672886	30.0	0.0	2.2074272037030056	3.0
0.4081329124488628	0.8187734022287442	0.04534311781039499	24.0	0.0	7.081648852959447	3.0
0.7551563701048228	0.19314602372560544	0.041624303133064255	11.0	0.0	1.8603753120023896	3.0
0.6194504348285365	0.35841831498047677	0.04404427955252834	26.0	0.0	4.734802921018954	3.0
0.7032281912525984	0.5031171425713856	0.042668969376396436	32.0	0.0	2.8866290949187032	3.0
0.39443872325426044	0.5659468673624207	0.042756186979318246	45.0	0.0	2.986240521938015	3.0
0.38921839604273445	0.14364772839498416	0.04491176946485704	21.0	0.0	6.232087625185443	3.0
0.8941753586665366	0.7392335979395017	0.044420391972054815	50.0	0.0	5.350407929018374	3.0
0.9445190018960727	0.8898501588976837	0.04064655070261166	43.0	0.0	1.152204774633816	3.0
0.9306273060009567	0.2711840622444192	0.041656299015497625	35.0	0.0	1.8874629853216334	3.0
0.4480183483078837	0.24093979269227098	0.04228756724427011	27.0	0.0	2.477009654895852	3.0
0.9420968955798775	0.15937312667555303	0.04069611691429088	42.0	0.0	1.182814549870372	3.0
0.6153727139436475	0.9776269223681912	0.04340309528811788	44.0	0.0	3.7975004931508636	3.0
0.49744071008012664	0.617436006698085	0.044011291882087564	23.0	0.0	4.683183177377899	3.0
0.28409224371391667	0.6763000390027603	0.04378404763091886	29.0	0.0	4.337745022571738	3.0
0.3616129900755155	0.28812275688255673	0.04323613608806613	3.0	0.0	3.5756130685861507	3.0
0.7554228288256365	0.29447578571143174	0.04223314527960581	31.0	0.0	2.4219297296929057	3.0
0.867741677710412	0.9490612565544077	0.04586833528379445	33.0	0.0	8.216163201588131	3.0
0.979347960953875	0.7965429752746247	0.04359920249826987	48.0	0.0	4.069626027037728	3.0
0.8639280670598282	0.8323276590423002	0.04317137561465099	49.0	0.0	3.4919297387365873	3.0
0.5463889479872857	0.6897795842425279	0.042927920394299816	14.0	0.0	3.189024207920369	3.0
0.14829027115532734	0.5800985227893148	0.04271368552490859	12.0	0.0	2.9374180695083396	3.0
0.22761609885239417	0.8746587677075487	0.04392155350130334	40.0	0.0	4.544660301463921	3.0
0.5049497179452521	0.43942771406518427	0.040923523854354785	9.0	0.0	1.330210584366185	3.0
0.3640534485335947	0.3826252900169383	0.04175036110612741	39.0	0.0	1.9686159125400877	3.0
0.10140865145182733	0.7685003579135172	0.042001777712793266	47.0	0.0	2.196872896971172	3.0
0.4825554107405408	0.8784883419578938	0.042717538009719044	4.0	0.0	2.941821416462915	3.0
0.547292455962383	0.23570002366378007	0.04308415770446782	1.0	0.0	3.3813046769132313	3.0
0.8560596263578695	0.19510490155090185	0.03964246024564664	38.0	0.0	0.6403605285376557	3.0
0.18190463313489122	0.2990209246708993	0.04239800919824513	36.0	0.0	2.5913410500153162	3.0
0.4233052091438718	0.9616495610820367	0.041194187566121934	37.0	0.0	1.5210133652378914	3.0
0.49367916435018905	0.7586083381480022	0.0415333143367251	8.0	0.0	1.7847633352433263	3.0
0.5483572584843519	0.13158277931292317	0.04264442469762167	16.0	0.0	2.8590015763463157	3.0
0.15042240734033818	0.47992998144226245	0.04435002059638644	46.0	0.0	5.231396971357938	3.0
0.23403174160437548	0.5441632162125845	0.04378899571548195	20.0	0.0	4.345079553133715	3.0
0.7942058751858991	0.5120133555585277	0.043539005822807356	17.0	0.0	3.9847575585375665	3.0
0.688397647934698	0.8374933399349926	0.042695286407395276	6.0	0.0	2.916448681045992	3.0
0.6029779960025955	0.8750132937555244	0.044059430495464985	34.0	0.0	4.758637976754557	3.0
0.4111909634628922	0.6951177181465396	0.04336741657233239	7.0	0.0	3.74933414251565	3.0
0.444760727315826	0.34055969807386716	0.04334534014785793	22.0	0.0	3.719735866989751	3.0
0.9890603044118382	0.9677749630018643	0.04273323341195725	15.0	0.0	2.959806570932372	3.0
0.2947477073679368	0.16978414548308265	0.0434455902948668	19.0	0.0	3.8554049660501732	3.0
0.09234626650770814	0.6762348611036294	0.0412980916961914	5.0	0.0	1.5988470213455486	3.0
0.26307052565206884	0.2594157650858919	0.05378808555009418	2.0	0.0	3.3143823910353944	3.0
0.3248321284059215	0.942451843362091	0.044011475176924005	41.0	0.0	4.683468959072556	3.0
0.3267422322531323	0.7643227778901657	0.043194507473943294	28.0	0.0	3.5216690534852404	3.0
0.18389547598737271	0.6977611226110052	0.04132781312965371	25.0	0.0	1.6215894485740705	3.0
0.48394332850830235	0.7712143265080597	0.04157484765106182	8.0	0.0	1.8190182490455697	4.0
0.7805244643347478	0.7960171949955274	0.043725919967884254	10.0	0.0	4.2521996778832545	4.0
0.9796456256346157	0.7962814464812319	0.04364280170076814	48.0	0.0	4.131841184043012	4.0
0.28676580448434147	0.6694365398573895	0.04382783167854977	29.0	0.0	4.402933290372488	4.0
0.5495756246449466	0.686385884011342	0.04297084831469411	14.0	0.0	3.2411087830125354	4.0
0.6183217001863176	0.978872975438795	0.043446498383405995	44.0	0.0	3.856648724767581	4.0
0.9057645656826729	0.7453842544149508	0.044464812364026864	50.0	0.0	5.426452427706749	4.0
0.3314574472544479	0.7597392924222892	0.043237701981417236	28.0	0.0	3.577652894028006	4.0
0.5385223830417756	0.4306769215182525	0.04096444737820913	9.0	0.0	1.3579713517373335	4.0
0.49012255883240374	0.6101458190443118	0.04405530317396965	23.0	0.0	4.752137077276814	4.0
0.4480468143669477	0.24096643654910774	0.04232985481151438	27.0	0.0	2.520380384068247	4.0
0.6878503190759078	0.8323990065118344	0.04273798169380267	6.0	0.0	2.9652619708082995	4.0
0.9510125196307097	0.8838485604661083	0.04068719725331427	43.0	0.0	1.1772666691107645	4.0
0.5473039783342276	0.23570670838843932	0.04312724186217229	1.0	0.0	3.4356548444230555	4.0
0.7541710804863296	0.29389979647658704	0.042275378424885414	31.0	0.0	2.464601664775941	4.0
0.6029934138938586	0.8750222384727501	0.04410348992596044	34.0	0.0	4.828405343049468	4.0
0.7943706470221126	0.511472856413945	0.04358254482863016	17.0	0.0	4.046021773310457	4.0
0.4072945633487595	0.46353640176499744	0.04179439058302345	13.0	0.0	2.0073888217466163	4.0
0.5993385855338685	0.5088943830833572	0.042054985519275584	30.0	0.0	2.2473377864388056	4.0
0.11511555639251952	0.7747032931408274	0.042043779490506056	47.0	0.0	2.2366458786153345	4.0
0.18421217396001877	0.6976828194904949	0.051711426178479195	25.0	0.0	1.653569878181301	4.0
0.9258030456088386	0.27165633554706586	0.04169795531451312	35.0	0.0	1.9231214478705994	4.0
0.2258553223626847	0.8862231075123045	0.04396547505480464	40.0	0.0	4.612112514588574	4.0
0.0927514865080013	0.6766439260497407	0.041339389787887586	5.0	0.0	1.6305057763589161	4.0
0.38955106668828227	0.14395133631259033	0.044956681234321894	21.0	0.0	6.317187740620994	4.0
0.14927464153355086	0.5821856393366146	0.04275639921043349	12.0	0.0	2.9864856644932587	4.0
0.42534218793952194	0.9611730546325438	0.04123538175368805	37.0	0.0	1.5515619384486286	4.0
0.44377621960441616	0.33885034101155687	0.043388685488005785	22.0	0.0	3.7779978797489804	4.0
0.8707135368364921	0.945784259354702	0.04591420361907824	33.0	0.0	8.320628453138738	4.0
0.7065624561591634	0.5071362292754531	0.04271163834577283	32.0	0.0	2.93507995557934	4.0
0.7618789077441702	0.6130241447524455	0.04412177901750375	18.0	0.0	4.857564932721758	4.0
0.16976393476542925	0.2886220096571678	0.053050509009304206	36.0	0.0	2.6361498169275848	4.0
0.7503861722088906	0.18916321396892347	0.04166592743619731	11.0	0.0	1.8956655562402887	4.0
0.3697034053898124	0.38619491507882864	0.041792111467233536	39.0	0.0	2.0053694189715543	4.0
0.4080316803362146	0.8214520220954419	0.04538846092820538	24.0	0.0	7.175193310292485	4.0
0.14736921856967308	0.48159998537786974	0.04439437061698282	46.0	0.0	5.306193002419775	4.0
0.35903063754939196	0.2891380428594138	0.04327937222415419	3.0	0.0	3.6322204407463516	4.0
0.48368820772192544	0.8772704096997354	0.04276025554772876	4.0	0.0	2.9909423547714766	4.0
0.2601155916927123	0.26232455224292783	0.0516365621280904	2.0	0.0	3.3679477608442596	4.0
0.6207331372955951	0.3595596892649853	0.04408832383208086	26.0	0.0	4.804313663360631	4.0
0.4116380463918428	0.6945576107851991	0.043410783988904716	7.0	0.0	3.807933994526522	4.0
0.32365496387482373	0.9431151089395997	0.04405548665210093	41.0	0.0	4.752425945870343	4.0
0.8626099391251553	0.8335614094502853	0.04321454699026563	49.0	0.0	3.547568817164276	4.0
0.23229200050524626	0.5439596640342061	0.04383278471119743	20.0	0.0	4.41034851230738	4.0
0.8537878875432814	0.1968376761155495	0.03968210270589228	38.0	0.0	0.656905324812584	4.0
0.5590027228211061	0.13222024355767587	0.04268706912231929	16.0	0.0	2.9071158087698876	4.0
0.9869080650269455	0.9715668003791627	0.0427759666453692	15.0	0.0	3.0091451783745526	4.0
0.9500352502346552	0.16542812689944317	0.04073681303120516	42.0	0.0	1.2083480956673043	4.0
0.4028887109725195	0.5585226909816653	0.04279894316629756	45.0	0.0	3.0358984502198467	4.0
0.28642661166490724	0.17028242351211448	0.04348903588516166	19.0	0.0	3.915210190029029	4.0
0.25913118363870624	0.26185647097332737	0.049485038706086636	2.0	0.0	3.422141602372406	5.0
0.5592210021760146	0.1319396064336078	0.0427297561914416	16.0	0.0	2.9558157668686817	5.0
0.8030764746327196	0.5082244752544466	0.043626127373458785	17.0	0.0	4.107972937993139	5.0
0.33243724618151194	0.757219478709559	0.04328093968339865	28.0	0.0	3.6342837984360017	5.0
0.9502050590913202	0.16590821257398022	0.04077754984423636	42.0	0.0	1.2342725678747684	5.0
0.28815059649216657	0.17634586702963076	0.04353252492104682	19.0	0.0	3.975691435145748	5.0
0.40068712072574036	0.8224835518372453	0.04543384938913358	24.0	0.0	7.269652716427331	5.0
0.44751454234169774	0.24054430825824302	0.042372184666325884	27.0	0.0	2.564298569237593	5.0
0.8547391655895558	0.938188523070438	0.045960117822697315	33.0	0.0	8.426081251898879	5.0
0.9050523794065474	0.7455940354785	0.04450927717639089	50.0	0.0	5.503291194798933	5.0
0.4116462799398025	0.4667698306378269	0.04183618497360647	13.0	0.0	2.0446613613106734	5.0
0.7534521749735716	0.18735857229826627	0.041707593363633506	11.0	0.0	1.931435249073246	5.0
0.3604082497041959	0.28606818061458933	0.04332265159637834	3.0	0.0	3.6894796358842115	5.0
0.2369650331740132	0.545021832291722	0.04387661749590862	20.0	0.0	4.476334084906014	5.0
0.615437972139008	0.981784065852444	0.043489944881789394	44.0	0.0	3.9164680339134748	5.0
0.28442216734317133	0.660036610123163	0.04387165951022831	29.0	0.0	4.4688375785514864	5.0
0.14326816343994558	0.5902165381230926	0.04279915560964392	12.0	0.0	3.0361465507564134	5.0
0.5391955897946458	0.4283646198538108	0.04100541182558733	9.0	0.0	1.3861440288214055	5.0
0.36895619451825445	0.3837438479172244	0.04183390357870077	39.0	0.0	2.0426149903485538	5.0
0.10344957557422062	0.6747035029704773	0.04138072917767547	5.0	0.0	1.662611996137258	5.0
0.97993668485213	0.8001266860962128	0.043686444502468905	48.0	0.0	4.194750378235312	5.0
0.1700261423628527	0.2858537237730171	0.05092848864893204	36.0	0.0	2.6815177569490487	5.0
0.6868729518721454	0.8344712745411121	0.042780719675496466	6.0	0.0	3.01466653765047	5.0
0.49101753935905307	0.6102792067735713	0.044099358477143615	23.0	0.0	4.821834481356049	5.0
0.603740522433532	0.5033796181437857	0.042097040504794854	30.0	0.0	2.2877671812648828	5.0
0.3943039685620904	0.5509801188545299	0.04284174210946385	45.0	0.0	3.0861543347045455	5.0
0.6025712084371292	0.8741414704696749	0.0441475934158864	34.0	0.0	4.898922100809102	5.0
0.3236805845464273	0.9417587698394735	0.04409954213875302	41.0	0.0	4.822126459221792	5.0
0.1885644709458052	0.6993939824909314	0.049642969131340024	25.0	0.0	1.6860006471484184	5.0
0.9426481522257701	0.884880624456974	0.040727884450567575	43.0	0.0	1.2027149763606104	5.0
0.5524331020436258	0.2345747838812796	0.043170369104034455	1.0	0.0	3.4906395405062085	5.0
0.5495550314557484	0.6863521241208154	0.0430138191630088	14.0	0.0	3.293810337274337	5.0
0.9860740684322599	0.9719068826937391	0.042818742612014564	15.0	0.0	3.0590792205422446	5.0
0.39154431030091075	0.14831923847608272	0.04500163791555621	21.0	0.0	6.403145312987377	5.0
0.42461205376715566	0.9591494272275259	0.041276617135441736	37.0	0.0	1.5825479888971472	5.0
0.7631057740717013	0.6118902202252531	0.044165900796521246	18.0	0.0	4.928394129026188	5.0
0.4120615167192372	0.6948480981187088	0.04345419477289362	7.0	0.0	3.867200786880346	5.0
0.4445066761781772	0.339468071510932	0.04343207417349378	22.0	0.0	3.8369242790861193	5.0
0.6964858249132726	0.5068090299965582	0.042754349984118596	32.0	0.0	2.9841192178597993	5.0
0.7811955460082272	0.7957869366462293	0.043769645887852135	10.0	0.0	4.316444345103719	5.0
0.13285263625347218	0.7789704481461743	0.042085823269996554	47.0	0.0	2.276936519292107	5.0
0.8464988742114259	0.18838179930761428	0.039721784808598164	38.0	0.0	0.6737496393764957	5.0
0.14943875689735786	0.4723605316694723	0.0444387649875998	46.0	0.0	5.381774451137758	5.0
0.4932869167201376	0.7651137882566863	0.04161642249871288	8.0	0.0	1.8537435941792495	5.0
0.9294490469292749	0.26532594520674513	0.04173965326982763	35.0	0.0	1.9592625476614955	5.0
0.22635816873155146	0.8882847066911446	0.04400944052985944	40.0	0.0	4.680297317980973	5.0
0.7545036414559662	0.2945032818614485	0.0423176538033103	31.0	0.0	2.5078153236507887	5.0
0.8626595699102463	0.8319852928971626	0.04325776153725589	49.0	0.0	3.6038523221257748	5.0
0.6221909949580199	0.35891097577223824	0.04413241215591294	26.0	0.0	4.874571941761928	5.0
0.49213260743341036	0.8853584000450766	0.04280301580327649	4.0	0.0	3.0406570065028973	5.0
0.7814860552416347	0.7865612834398785	0.043813415533739984	10.0	0.0	4.381398083800036	6.0
0.5607770460739682	0.13171769880193274	0.042772485947633034	16.0	0.0	3.0051061035086377	6.0
0.6918819311638197	0.8326103661078231	0.04282350039517196	6.0	0.0	3.0646670604155446	6.0
0.7574894755294944	0.18568254406643167	0.04174930095699714	11.0	0.0	1.9676885405093856	6.0
0.607531261443422	0.5007440419497321	0.042139137545299646	30.0	0.0	2.3287197257294707	6.0
0.16387797788901232	0.281579107166043	0.04880646828855987	36.0	0.0	2.727449398318768	6.0
0.49189954676219966	0.7535709930460232	0.04165803892121159	8.0	0.0	1.8889434774606002	6.0
0.10548661557387116	0.6755043921306598	0.04142210990685314	5.0	0.0	1.695169677079889	6.0
0.8464995099751754	0.18837263375465388	0.039761506593406756	38.0	0.0	0.6908967410484479	6.0
0.9374494641437564	0.878849703126062	0.04076861233501814	43.0	0.0	1.228553396193817	6.0
0.143390991621474	0.5897946531562862	0.042841954765253557	12.0	0.0	3.0864054165594723	6.0
0.3882212101630978	0.14456090614599057	0.04504663955347176	21.0	0.0	6.489966239568403	6.0
0.4171916871588498	0.9688145865243227	0.041317893752577176	37.0	0.0	1.6139754647763596	6.0
0.4899204232490939	0.8843065171623928	0.042845818819079756	4.0	0.0	3.0909700618923495	6.0
0.19137409029761415	0.7020909150446143	0.047574512084200854	25.0	0.0	1.7188857657278618	6.0
0.36044325772826014	0.28607160774202445	0.04336597424797471	3.0	0.0	3.7473956144850717	6.0
0.9499416810075608	0.16688093898071	0.04081832739408059	42.0	0.0	1.2605916883927506	6.0
0.4096034713437001	0.46300697446638	0.041878021158580074	13.0	0.0	2.0824304064045833	6.0
0.6158623754886096	0.9816904060813891	0.04353343482667118	44.0	0.0	3.976963470029034	6.0
0.6066810002624237	0.8794945473141105	0.04419174100930228	34.0	0.0	4.970193658497763	6.0
0.7092266814984195	0.5088722326223278	0.04279710433410271	32.0	0.0	3.0337515471511125	6.0
0.8639193274455198	0.8319813273078935	0.04330101929879314	49.0	0.0	3.6607851798591327	6.0
0.40042386449411066	0.8294493589673009	0.045479283238522704	24.0	0.0	7.365033225936443	6.0
0.9780837342113107	0.7979771054003624	0.04373013094697137	48.0	0.0	4.258358764764083	6.0
0.5391233726845021	0.42951017617398823	0.04104641723741292	9.0	0.0	1.414732439859435	6.0
0.3603966207262313	0.3878859495634467	0.04187573748227946	39.0	0.0	2.0803568369633467	6.0
0.4108803718362178	0.690973602248715	0.04349764896766651	7.0	0.0	3.92713954992783	6.0
0.13205815529044748	0.7785161897373039	0.042127909093266545	47.0	0.0	2.317749151078729	6.0
0.28303718440069414	0.6577004420629838	0.043915531169738536	29.0	0.0	4.5354631431135175	6.0
0.3270464420972354	0.941663386221985	0.04414364168089177	41.0	0.0	4.892575880851325	6.0
0.4523007831606973	0.33489007998804365	0.04347550624766727	22.0	0.0	3.896520083561853	6.0
0.9332034995234183	0.26097046015384184	0.04178139292309745	35.0	0.0	1.9958904499546577	6.0
0.2579207808289591	0.2590656641034943	0.047333515284082875	2.0	0.0	3.476968767836027	6.0
0.7540047053326652	0.29312043902149065	0.0423599714571136	31.0	0.0	2.5515751523057304	6.0
0.3915682387220397	0.5490265031179028	0.04288458385157331	45.0	0.0	3.137012885454027	6.0
0.9835021900784464	0.971736618897844	0.04286156135462657	15.0	0.0	3.1096133957162237	6.0
0.4910627605370248	0.6102756406279445	0.04414345783562075	23.0	0.0	4.8922807712379495	6.0
0.23782873663840734	0.5446244010493809	0.043920494113404526	20.0	0.0	4.543041529650509	6.0
0.8540859273980966	0.9387133188709516	0.04600607794052001	33.0	0.0	8.532528074868495	6.0
0.5500337369960187	0.2362654903111068	0.04321353947313848	1.0	0.0	3.546263645503373	6.0
0.7609637291669481	0.6099598857694115	0.044210066697317765	18.0	0.0	4.999980375953712	6.0
0.28765341626787894	0.17412620595566783	0.04357605744596786	19.0	0.0	4.0368537736347605	6.0
0.6220068635220924	0.3530635445139318	0.04417654456806885	26.0	0.0	4.945583156230327	6.0
0.45065932122280183	0.24125910837653458	0.042414556850992206	27.0	0.0	2.6087686834434862	6.0
0.545612787546271	0.6874595991795288	0.043056832982171805	14.0	0.0	3.3471336694753973	6.0
0.33319809586273885	0.7546061448759483	0.04332422062308204	28.0	0.0	3.691566705163652	6.0
0.16298048233563814	0.4648424620547319	0.044483203752587394	46.0	0.0	5.458146889737634	6.0
0.22792936355336763	0.8909734196134369	0.04405344997038929	40.0	0.0	4.749220043442023	6.0
0.8038567465602554	0.507956752064948	0.04366975350083224	17.0	0.0	4.170616175145767	6.0
0.9060556679007551	0.7457435654068613	0.04455378645356727	50.0	0.0	5.580929842626247	6.0
0.9850032695594939	0.9759804891490504	0.04290442291598119	15.0	0.0	3.160752424124695	7.0
0.8047726269220888	0.507020464413465	0.04371342325433307	17.0	0.0	4.23395663088715	7.0
0.5626878662187288	0.13364664983835584	0.04281525843358066	16.0	0.0	3.0549914933300357	7.0
0.38767076266601613	0.1438532075063447	0.04509168619302523	21.0	0.0	6.577656444123349	7.0
0.8635343525509901	0.8343840757054382	0.043344320318091926	49.0	0.0	3.718372339416817	7.0
0.5391233726845021	0.4476127719534384	0.041087463654650325	9.0	0.0	1.4437404276836787	7.0
0.6078488631799732	0.9911059842952396	0.043576968261497845	44.0	0.0	4.038140105836462	7.0
0.9447224654304018	0.8891915448683179	0.040809380947353154	43.0	0.0	1.2547856465295268	7.0
0.9089366600146496	0.7374323129042887	0.04459834024002084	50.0	0.0	5.659374008926207	7.0
0.13807548971138156	0.5865751658350188	0.042884796720018804	12.0	0.0	3.1372669720733057	7.0
0.4530577467805428	0.3343051292822798	0.043518981753914936	22.0	0.0	3.9567903349014557	7.0
0.2323317806904119	0.5358629320596111	0.043964414607517925	20.0	0.0	4.610476129335197	7.0
0.4881494276980036	0.8853339634027488	0.04288866463789883	4.0	0.0	3.1418862330918245	7.0
0.3628085424686314	0.2866722474921045	0.04340934022222268	3.0	0.0	3.805973359978651	7.0
0.35502709948706407	0.3891064278743346	0.041917613219761736	39.0	0.0	2.118599189188501	7.0
0.2836454438652737	0.6560788538964005	0.04395944670090827	29.0	0.0	4.602815264126605	7.0
0.7819953451355177	0.7910361338106081	0.04385722894927372	10.0	0.0	4.44706611813362	7.0
0.13566339607923872	0.7763941538946902	0.04217003700235981	47.0	0.0	2.359088126600298	7.0
0.4940650076435679	0.6084572429190704	0.04418760129345636	23.0	0.0	4.963481353082329	7.0
0.410845464868623	0.46429273637102436	0.04191989917973865	13.0	0.0	2.120700188498745	7.0
0.9433217797781444	0.27144531290546897	0.04182317431602055	35.0	0.0	2.0330093399176974	7.0
0.45260333993960883	0.23932119960209175	0.04245697140784319	27.0	0.0	2.653795220813123	7.0
0.5561936407683329	0.23314394080441903	0.043256753012611615	1.0	0.0	3.6025320623953974	7.0
0.5580825766110155	0.6794342198485468	0.043099889815153974	14.0	0.0	3.401083600715353	7.0
0.3990823070939602	0.8300162153648184	0.04552476252176122	24.0	0.0	7.461341020830162	7.0
0.9509030766649476	0.16831122516604535	0.040859145721474664	42.0	0.0	1.2873091973156505	7.0
0.6992718146040903	0.8225990001675215	0.042866323895567125	6.0	0.0	3.1152682398199545	7.0
0.10549394276284908	0.6760862743908276	0.04146353201675999	5.0	0.0	1.7281828348427837	7.0
0.8443006380272671	0.18808725348467978	0.03980126810000016	38.0	0.0	0.7083499150743506	7.0
0.7569702479216125	0.2871287219842563	0.04240233142857071	31.0	0.0	2.595885617713165	7.0
0.4101969242618071	0.6922138278317914	0.04354114661663417	7.0	0.0	3.9877553372290038	7.0
0.6061180698419064	0.8789043883591277	0.044235932750311575	34.0	0.0	5.042225449218407	7.0
0.7565253463947421	0.18610430799709177	0.04179105025795413	11.0	0.0	2.0044296004054303	7.0
0.3876874621597601	0.5535862709007815	0.04292746843542488	45.0	0.0	3.1884788345224564	7.0
0.6079157832711592	0.5009671229766721	0.042181276682844944	30.0	0.0	2.370199777949594	7.0
0.19063186307125232	0.7001854876497486	0.0455060550370617	25.0	0.0	1.7522292634821497	7.0
0.9765218355532537	0.8009884054857535	0.043773861077918336	48.0	0.0	4.322671522460681	7.0
0.628444164652395	0.35495971118095626	0.04422072111263691	26.0	0.0	5.017352731379972	7.0
0.49755029006390156	0.7649683101364428	0.041699696960132794	8.0	0.0	1.9246220253881745	7.0
0.15326604993879034	0.2947034456720385	0.04668444792818771	36.0	0.0	2.773949290574393	7.0
0.7098806465096292	0.5072539383587239	0.042839901438436814	32.0	0.0	3.0839816306664147	7.0
0.2935808956592869	0.16919775012006827	0.04361963350341382	19.0	0.0	4.098702301098527	7.0
0.7610993525219322	0.6092253319896997	0.044254276764015076	18.0	0.0	5.072329116854775	7.0
0.25794990994790695	0.26978949733514357	0.04518199186207911	2.0	0.0	3.5324341319845587	7.0
0.3304942971031949	0.7572015010363929	0.04336754484370512	28.0	0.0	3.749506575526169	7.0
0.16329649746869157	0.46028659764658314	0.044527686956339976	46.0	0.0	5.53531591570038	7.0
0.22846739158456136	0.8910675125248937	0.044097503420359674	40.0	0.0	4.818886047122135	7.0
0.33315629561899185	0.9338080774982525	0.044187785322572656	41.0	0.0	4.963779617021132	7.0
0.8565757499088557	0.9358249125166113	0.046052084018460525	33.0	0.0	8.639975427687276	7.0
0.4169317455065167	0.9681472707376869	0.04135921164632975	37.0	0.0	1.645848333349747	7.0
0.3907440911177132	0.5598610855000316	0.0429703959038603	45.0	0.0	3.240556936040136	8.0
0.18955137122811472	0.6993061965461582	0.04343759798992253	25.0	0.0	1.786035189358472	8.0
0.855743088197515	0.9361402382849512	0.04609813610247898	33.0	0.0	8.748429844741281	8.0
0.1044340129549183	0.6763271936989043	0.04150499554877674	5.0	0.0	1.7616555044129	8.0
0.9802539446326082	0.800311474255598	0.04381763493899625	48.0	0.0	4.3876938539280275	8.0
0.5685707810725169	0.1312908348639456	0.042858073692014234	16.0	0.0	3.1054766328304595	8.0
0.40902147227909397	0.6928567652931462	0.0435846877632508	7.0	0.0	4.049053225641231	8.0
0.4896975236934787	0.6089403917744134	0.04423178889474982	23.0	0.0	5.035441657678845	8.0
0.23313424222477347	0.5333447479523508	0.04400837902212544	20.0	0.0	4.678643190918876	8.0
0.4476800268014141	0.24193411416923502	0.04249942837925103	27.0	0.0	2.699382696641962	8.0
0.7571702904226939	0.18767179760326722	0.041832841308212076	11.0	0.0	2.0416626185429294	8.0
0.6086322173873551	0.5000460188711657	0.04222345795952778	30.0	0.0	2.41221171668991	8.0
0.55658031854126	0.2334626820048626	0.043300009765624224	1.0	0.0	3.6594497168891706	8.0
0.2935488480352295	0.16915961146226147	0.043663253136917234	19.0	0.0	4.161242136596059	8.0
0.8420118022526611	0.1886992583136557	0.039841069368100154	38.0	0.0	0.7261124631913134	8.0
0.5580932686825357	0.6793991467702626	0.043142989704969124	14.0	0.0	3.4556649745087924	8.0
0.38775573331845664	0.14520106908290367	0.04513677787921825	21.0	0.0	6.666221876986171	8.0
0.6078821003453254	0.9911597086030068	0.04362054522975934	44.0	0.0	4.100003037427811	8.0
0.9070279792809371	0.7341183552236579	0.04464293858026085	50.0	0.0	5.738629356937892	8.0
0.25395341558001283	0.23790362677885443	0.024650249364963586	52.0	2.0	0.0	8.0
0.6068983010766383	0.8791776000062713	0.04428016868306188	34.0	0.0	5.115022930805452	8.0
0.9516305072335142	0.16933668687210274	0.04090000486719613	42.0	0.0	1.3144288530029513	8.0
0.4886906515411109	0.8837066804617593	0.04293155330253672	4.0	0.0	3.1934102542535356	8.0
0.7007489924277339	0.820885347971887	0.04290919021946269	6.0	0.0	3.166474798536811	8.0
0.279847034963652	0.6584122822433588	0.04400340614760917	29.0	0.0	4.670899245812905	8.0
0.4110257101525843	0.46489761988348854	0.04196181907891838	13.0	0.0	2.1594749592252356	8.0
0.8066161840424912	0.4962797774377515	0.0437571366775874	17.0	0.0	4.29799947498384	8.0
0.4004700893268634	0.8287335651877143	0.04557028728428298	24.0	0.0	7.558582310659091	8.0
0.7814864043459826	0.7882796441142255	0.04390108617822299	10.0	0.0	4.513453696208771	8.0
0.6298755962570997	0.3481693179202299	0.044264941833749544	26.0	0.0	5.089886116524539	8.0
0.1401090629461579	0.5872302566242167	0.04292768151673882	12.0	0.0	3.1887359494615595	8.0
0.26329701485971346	0.30330337917173733	0.024650249364963586	51.0	2.0	0.0	8.0
0.8666916342218796	0.8265711029484846	0.04338766463841001	49.0	0.0	3.7766187727522293	8.0
0.7550007591349187	0.6052091290493141	0.044298531040779084	18.0	0.0	5.145445819849911	8.0
0.5398429471797981	0.4437154626340674	0.04112855111830497	9.0	0.0	1.4731718537895517	8.0
0.32613403650627476	0.935127495137878	0.04423197310789522	41.0	0.0	5.035743098623726	8.0
0.33323034470732293	0.758045010817671	0.04341091238854882	28.0	0.0	3.80810839378627	8.0
0.15684169261815312	0.2917180130211377	0.04456242756781554	36.0	0.0	2.8210220046336048	8.0
0.21938247677256512	0.8961863477515865	0.04414160092378003	40.0	0.0	4.889300709612954	8.0
0.1588784200952002	0.45936977211923263	0.04457221464329631	46.0	0.0	5.613287151857293	8.0
0.4596582662678814	0.33661641691197725	0.04356250073566885	22.0	0.0	4.01774009808274	8.0
0.4194109287418724	0.9757610984623306	0.04140057085797607	37.0	0.0	1.6781705810250145	8.0
0.4974745812170379	0.764169005561986	0.04174139665709292	8.0	0.0	1.9607833842185727	8.0
0.9837903122981003	0.9743798279911471	0.04294732733889717	15.0	0.0	3.212501048026894	8.0
0.3551269370154068	0.27957256545163767	0.0434527495624449	3.0	0.0	3.865217878826087	8.0
0.9442737197069635	0.26428717460338574	0.041864997490336564	35.0	0.0	2.0706234227019564	8.0
0.35415889716129706	0.3866017876436412	0.04195953083298149	39.0	0.0	2.1573462975540565	8.0
0.940401007087589	0.8896145961213441	0.0408501903283005	43.0	0.0	1.2814154634658905	8.0
0.13994799652873705	0.7752195550250355	0.04221220703936216	47.0	0.0	2.4009578191084273	8.0
0.7041327709892498	0.5030390352386278	0.04288274133987525	32.0	0.0	3.1348141775240492	8.0
0.7461376924629303	0.30052592232255493	0.04244473375999928	31.0	0.0	2.6407512079098865	8.0
0.803472563017923	0.49178854985097853	0.04380089381426498	17.0	0.0	4.362749900939633	9.0
0.4104077302784284	0.6905184464865474	0.04362827245101405	7.0	0.0	4.111038315407384	9.0
0.18910042603875515	0.2701952754584475	0.024312229421136308	55.0	36.0	0.0	9.0
0.9801051443085539	0.7990734687344234	0.04386145257393524	48.0	0.0	4.453430985630433	9.0
0.35402095678547735	0.38685973385174266	0.04200149036381447	39.0	0.0	2.196602432825003	9.0
0.14600204073685374	0.3207410175395175	0.024312229421136308	56.0	36.0	0.0	9.0
0.10998155237116876	0.6813900897269932	0.041546500544325515	5.0	0.0	1.7955917401827577	9.0
0.4463324561937318	0.23921142126338382	0.042541927807630275	27.0	0.0	2.745535647474611	9.0
0.41967682124222633	0.9760295138940713	0.04144197142883404	37.0	0.0	1.7109462134280164	9.0
0.3881624833521521	0.5653347531411324	0.043013366299764155	45.0	0.0	3.2932519662974613	9.0
0.6065592104526788	0.987493209565022	0.04366416577498909	44.0	0.0	4.162557384353576	9.0
0.4899264893573243	0.8806484904753815	0.042974484855839254	4.0	0.0	3.2455468816138193	9.0
0.2037370381391827	0.7255892298735933	0.02453007644415494	54.0	25.0	0.0	9.0
0.1552280529814616	0.4576900637507687	0.0446167868579396	46.0	0.0	5.69206624648524	9.0
0.293014989199765	0.16792870147631495	0.04370691639005415	19.0	0.0	4.224478422731721	9.0
0.8627233869795428	0.8305770030599507	0.04343105230304842	49.0	0.0	3.8355294748067337	9.0
0.6966842983552605	0.5030155882003515	0.04292562408121512	32.0	0.0	3.1862539188311416	9.0
0.459651731630127	0.33664181453357445	0.043606063236404514	22.0	0.0	4.079374461423981	9.0
0.6064830583982169	0.8809782248791951	0.044324448851744934	34.0	0.0	5.188591585917948	9.0
0.25459427667548445	0.23833147181422146	0.024674899614328547	52.0	0.0	0.0	9.0
0.3251785809625455	0.9346433152072441	0.04427620508100311	41.0	0.0	5.108471781274773	9.0
0.2611481979802316	0.30335073648733935	0.024674899614328547	51.0	0.0	0.0	9.0
0.6973453651532622	0.823549925152245	0.04295209940968215	6.0	0.0	3.218291481279593	9.0
0.7461376924629303	0.30098011731433616	0.04248717849375927	31.0	0.0	2.686176432077673	9.0
0.6339079329072544	0.3452124152754605	0.04430920677558329	26.0	0.0	5.163188785770231	9.0
0.5399315006005656	0.4409032864403727	0.04116967966942327	9.0	0.0	1.5030305984078751	9.0
0.34984719707758427	0.2815719825376574	0.04349620231200734	3.0	0.0	3.925134200607289	9.0
0.7798096290558267	0.7850960647035302	0.04394498726440121	10.0	0.0	4.580566090163188	9.0
0.1403114676044747	0.5886822304818159	0.04297060919825556	12.0	0.0	3.2408171029643427	9.0
0.7554979536229106	0.1806229787467292	0.041874674149520286	11.0	0.0	2.079391804704997	9.0
0.4925615318386334	0.6173738534407961	0.044276020683644564	23.0	0.0	5.108167140539933	9.0
0.9430414294392321	0.2634532221838624	0.04190686248782689	35.0	0.0	2.1087369235193307	9.0
0.4009927661215385	0.8276775252349267	0.04561585757156726	24.0	0.0	7.656763332616933	9.0
0.13874014468385296	0.7752461746135005	0.04225441924640152	47.0	0.0	2.4433626225604144	9.0
0.855743088197515	0.9474683152429345	0.04614423423858145	33.0	0.0	8.857897889269822	9.0
0.6097122202618948	0.5021939831656977	0.04226568141748731	30.0	0.0	2.454759941441793	9.0
0.9496433689542947	0.1683296986553229	0.040940904872063325	42.0	0.0	1.3419544321500183	9.0
0.4033568910199148	0.47207553371477584	0.0420037808979973	13.0	0.0	2.1987589904552607	9.0
0.9564284977146056	0.8827231635287156	0.040891040518628796	43.0	0.0	1.308446601350596	9.0
0.5569929130742568	0.6788588419840645	0.04318613269467409	14.0	0.0	3.51088265687045	9.0
0.17606462143410156	0.6712936309931805	0.02453007644415494	53.0	25.0	0.0	9.0
0.3823270802477907	0.13906141589816226	0.04518191465709746	21.0	0.0	6.75566851516497	9.0
0.907186659712904	0.7343001115217518	0.044687581518841106	50.0	0.0	5.818701575497855	9.0
0.9811870602342136	0.977143629328332	0.04299027466623606	15.0	0.0	3.2648640317970177	9.0
0.49607923015637967	0.7637097939761474	0.04178313805375001	8.0	0.0	1.9974317200425133	9.0
0.5690258589382916	0.13116607785263396	0.042900931765706245	16.0	0.0	3.1565662404481856	9.0
0.233989615797518	0.5339474847475648	0.04405238740114756	20.0	0.0	4.747548045615986	9.0
0.55658031854126	0.23451123226035095	0.043343309775389846	1.0	0.0	3.717021557503969	9.0
0.22064574899120212	0.8959572150014978	0.0441857425247038	40.0	0.0	4.960469436039688	9.0
0.843201653795066	0.18987052810612182	0.03988091043746825	38.0	0.0	0.7441877036923472	9.0
0.28056440113656506	0.6570502677913191	0.04404740955375677	29.0	0.0	4.739720416639926	9.0
0.7538437314896104	0.6026308159354495	0.044342829571819856	18.0	0.0	5.219335977923038	9.0
0.3231618283029297	0.759416262157021	0.04345432330093737	28.0	0.0	3.8673771672412727	9.0
0.17852475917630137	0.2727395505105291	0.02433654165055744	55.0	0.0	0.0	10.0
0.8624904762283936	0.83065203241477	0.04347448335535146	49.0	0.0	3.8951094635967536	10.0
0.9788268579551651	0.798085661018201	0.04390531402650917	48.0	0.0	4.519888167983822	10.0
0.23253068655612505	0.5371445150300095	0.0440964397885487	20.0	0.0	4.817196048988222	10.0
0.6961106895521626	0.8239822684623412	0.04299505150909183	6.0	0.0	3.2707230548860764	10.0
0.2594418302681257	0.3122775077705767	0.024699574513942873	51.0	0.0	0.0	10.0
0.7498023214851903	0.3027510041026571	0.042529665672253025	31.0	0.0	2.732165820624104	10.0
0.9549741825308683	0.881344664203203	0.04093193155914742	43.0	0.0	1.3358828328516807	10.0
0.40354993862144867	0.47130516601856387	0.04204578467889529	13.0	0.0	2.2385565743768865	10.0
0.25327959275705164	0.237085324544986	0.024699574513942873	52.0	0.0	0.0	10.0
0.41123630072419437	0.6941113925663858	0.04367190072346506	7.0	0.0	4.17371573024451	10.0
0.5421177597515713	0.4466219902786743	0.041210849349092686	9.0	0.0	1.5333205605773799	10.0
0.49031332226247265	0.7675591695806631	0.041824921191803754	8.0	0.0	2.03457121886116	10.0
0.4231361241777494	0.996973656518601	0.04148341340026287	37.0	0.0	1.7441792554768796	10.0
0.28768591260928483	0.17022194029894472	0.0437506233064442	19.0	0.0	4.28841632574435	10.0
0.14425277820249532	0.45438196123414787	0.04466140364479754	46.0	0.0	5.771658873402302	10.0
0.44792036583894096	0.24307072029793073	0.0425844697354379	27.0	0.0	2.7922586311860726	10.0
0.10480626786702793	0.6863578065263531	0.04158804704486983	5.0	0.0	1.8299956160251725	10.0
0.6097827239183983	0.5021181808118913	0.04230794709890479	30.0	0.0	2.4978488725028	10.0
0.33209043743123373	0.7592757192243855	0.0434977776242383	28.0	0.0	3.9273179263104225	10.0
0.34370389990249867	0.28045770918028273	0.043539698514319346	3.0	0.0	3.985727378108578	10.0
0.6954505191467963	0.501620218787735	0.04296854970529633	32.0	0.0	3.238305607767259	10.0
0.28071100188627995	0.6569958034871994	0.04409145696331052	29.0	0.0	4.809284129411992	10.0
0.32270278529558877	0.932730120986617	0.04432048128608411	41.0	0.0	5.181971145406209	10.0
0.9811065048034462	0.9771258518927628	0.043033264940902295	15.0	0.0	3.3178461620083652	10.0
0.144580540853123	0.5864508692063524	0.04301357980745381	12.0	0.0	3.293515208982342	10.0
0.5627958534216593	0.2215449283971558	0.04338665308516523	1.0	0.0	3.7752525556580565	10.0
0.20288772920502493	0.7231390943906002	0.02455460652059909	54.0	0.0	0.0	10.0
0.8002997922186946	0.49189845659444753	0.043844694708079245	17.0	0.0	4.428213126085339	10.0
0.7539928352376352	0.16930519992829612	0.041916548823669804	11.0	0.0	2.1176213887530935	10.0
0.612327515214272	0.8776365543074219	0.04436877330059667	34.0	0.0	5.2629369221331785	10.0
0.46044865472946356	0.3403077362045951	0.04364966929964091	22.0	0.0	4.141698536672465	10.0
0.5684146729427487	0.1307178966506509	0.04294383269747195	16.0	0.0	3.208265056645658	10.0
0.853805861092508	0.947192047022318	0.04619037847282003	33.0	0.0	8.96838615347275	10.0
0.8961897186439983	0.7294067229323069	0.04473226910035994	50.0	0.0	5.899596379136227	10.0
0.1867372013199271	0.6673286128212159	0.02455460652059909	53.0	0.0	0.0	10.0
0.4877846008540058	0.8814289226464734	0.04301745934069509	4.0	0.0	3.2983008935771068	10.0
0.5650175491331212	0.6789346262139864	0.04322931882736876	14.0	0.0	3.56674153640067	10.0
0.7475263893546907	0.5916622950511476	0.04438717240139167	18.0	0.0	5.294005109015188	10.0
0.4029239234107657	0.8270688193256037	0.04566147342913882	24.0	0.0	7.755890351643586	10.0
0.6080598186455765	0.9888284807182954	0.043707829940764074	44.0	0.0	4.225808289711452	10.0
0.49492457850531907	0.6158599888338252	0.0443202967043282	23.0	0.0	5.1816632819939485	10.0
0.6330134542192332	0.3446706484124366	0.044353515982358864	26.0	0.0	5.2372662381092425	10.0
0.9523270886453894	0.17071772605911253	0.04098184577693538	42.0	0.0	1.3698897298591959	10.0
0.1359428576021731	0.33039675202252194	0.02433654165055744	56.0	0.0	0.0	10.0
0.3698514734043921	0.3823048223853021	0.04204349185417828	39.0	0.0	2.236371886078885	10.0
0.9434430706357403	0.25434550377148285	0.04194876935031472	35.0	0.0	2.1473540877194353	10.0
0.8420684788716034	0.1967312678730342	0.03992079134790571	38.0	0.0	0.7625789714912372	10.0
0.7797063621923268	0.7850944392064756	0.043988932251665606	10.0	0.0	4.648408596258776	10.0
0.13811136984428435	0.776262521604567	0.04229667366564792	47.0	0.0	2.4863069516984524	10.0
0.3928214984339896	0.13654540561447012	0.045227096571754555	21.0	0.0	6.846002362441837	10.0
0.38881836697720684	0.5663105233985656	0.04305637966606392	45.0	0.0	3.3465687238293356	10.0
0.21983055763307388	0.8883697170735406	0.0442299282672285	40.0	0.0	5.032397656153549	10.0
0.4029471450412707	0.8269335285545395	0.045707134902567954	24.0	0.0	7.855969660528785	11.0
0.9845623704060839	0.9746579790326063	0.043076298205843196	15.0	0.0	3.371452247517851	11.0
0.2616968158185775	0.3100296095138974	0.024724274088456812	51.0	0.0	0.0	11.0
0.28796337893246954	0.17031519488474162	0.043794373929750635	19.0	0.0	4.3530610355966814	11.0
0.14459125079523394	0.5864504306833963	0.043056593387261255	12.0	0.0	3.3468350661611055	11.0
0.7582403897990564	0.16847940478043866	0.04195846537249347	11.0	0.0	2.1563556207041756	11.0
0.8961378546880414	0.7314657615859377	0.04477700136946029	50.0	0.0	5.981319508173243	11.0
0.34592575167930684	0.2792605331092565	0.043583238212833664	3.0	0.0	4.047002487410651	11.0
0.13600393486267096	0.33046495848394286	0.024360878192207995	56.0	0.0	0.0	11.0
0.33018876929336494	0.756484686947444	0.043541275401862534	28.0	0.0	3.9879357246225737	11.0
0.6924541484137902	0.8203924310466845	0.043038046560600916	6.0	0.0	3.3237743084024913	11.0
0.5649153332908565	0.6781660113955049	0.043272548146196126	14.0	0.0	3.623246524371339	11.0
0.4972443679224074	0.7693192373906482	0.041866746112995554	8.0	0.0	2.0722060866625753	11.0
0.861532789280243	0.934158382648663	0.04623656885129285	33.0	0.0	9.079901258618122	11.0
0.4449438266544492	0.24343799002210623	0.042627054205173334	27.0	0.0	2.83955622706317	11.0
0.6129139186495057	0.8767759041853238	0.044413142073897266	34.0	0.0	5.338064472040358	11.0
0.17592201934093887	0.2747771417661087	0.024360878192207995	55.0	0.0	0.0	11.0
0.4102115888085169	0.6923322307278376	0.04371557262418852	7.0	0.0	4.237090617432585	11.0
0.7475911208523975	0.5916196663964846	0.04443155957379306	18.0	0.0	5.369458756118362	11.0
0.25329552534318567	0.23713425516225642	0.024724274088456812	52.0	0.0	0.0	11.0
0.2287589324710923	0.5377552975845411	0.044140536228337246	20.0	0.0	4.887592581036358	11.0
0.21951098636749808	0.8880743550702884	0.044274158195495725	40.0	0.0	5.105090824424593	11.0
0.4877522096081627	0.8814275963736765	0.04306047680003578	4.0	0.0	3.3516770908003934	11.0
0.32744794691444684	0.9418786694627632	0.04436480176737019	41.0	0.0	5.256246696359767	11.0
0.6137795205542104	0.9849576725405774	0.04375153777070483	44.0	0.0	4.28976092023548	11.0
0.9536576956578651	0.8805244628522453	0.040972863490706564	43.0	0.0	1.3637279490285437	11.0
0.7474598564497996	0.3015639529983003	0.04257219533792527	31.0	0.0	2.778723925263634	11.0
0.9777301361498152	0.7975810069007042	0.043949219340535674	48.0	0.0	4.587070675446228	11.0
0.3949960484455839	0.5747908966552141	0.04309943604572998	45.0	0.0	3.4005120294997226	11.0
0.6918004809654555	0.503469714317029	0.04301151825500162	32.0	0.0	3.290974019668468	11.0
0.14176925449953462	0.7751095466409567	0.04233897033931356	47.0	0.0	2.529795242129296	11.0
0.39981869107802187	0.4724042395394464	0.04208783046357418	13.0	0.0	2.278872023573001	11.0
0.3918889868870514	0.13212177817529164	0.04527232366832631	21.0	0.0	6.937229449473051	11.0
0.1407591120089505	0.45318323112048975	0.04470606504844233	46.0	0.0	5.8520707320637655	11.0
0.9620154972647504	0.17044317033360357	0.04102282762271231	42.0	0.0	1.3982385597111602	11.0
0.2721735219244623	0.6528036666445882	0.044135548420273826	29.0	0.0	4.879595761362168	11.0
0.604858178544866	0.5090145035968121	0.04235025504600369	30.0	0.0	2.5414829510562384	11.0
0.18627415661671612	0.6673388177643905	0.02457916112711969	53.0	0.0	0.0	11.0
0.5709244583817487	0.1278794002569804	0.04298677653016942	16.0	0.0	3.2605778439934454	11.0
0.45958305977022934	0.3438565534331793	0.04369331896894055	22.0	0.0	4.204717459093175	11.0
0.36985414380676906	0.38188067026654593	0.04208553534603245	39.0	0.0	2.2766589687838064	11.0
0.5366775278766497	0.4397371056197993	0.04125206019844178	9.0	0.0	1.5640456582174096	11.0
0.9434796306189241	0.25428013678451333	0.04199071811966503	35.0	0.0	2.1864791808668684	11.0
0.4233873237486741	0.9987756664775418	0.04152489681366313	37.0	0.0	1.777873751456454	11.0
0.4971962969148521	0.6104360399572737	0.04436461700103252	23.0	0.0	5.255935587278657	11.0
0.8658406528975077	0.8295960478260772	0.0435179578387068	49.0	0.0	3.9553637803012833	11.0
0.6332089443732717	0.34408287350774663	0.044397869498341215	26.0	0.0	5.31212399751341	11.0
0.10822153111305893	0.6902697293571679	0.041629635091914696	5.0	0.0	1.8648712253684323	11.0
0.5668104294235713	0.21897302636620128	0.043430039738250395	1.0	0.0	3.8341477057555693	11.0
0.8435989075844295	0.19620615445828912	0.03996071213925361	38.0	0.0	0.781289618187671	11.0
0.7891313391573536	0.7812359421319757	0.044032921183917266	10.0	0.0	4.716986534972676	11.0
0.19926024528782585	0.7166533776780166	0.02457916112711969	54.0	0.0	0.0	11.0
0.8005635302379623	0.49199455386312313	0.04388853940278732	17.0	0.0	4.494394391668848	11.0
