# x	y	r	id	split_id	s_prob	t
2.0	0.5	0.0	-1.0	0.0	0.0	0.0
0.8456639485471715	0.543071666093705	0.06251651404205999	1.0	0.0	133.33992791230708	0.0
0.18276724646678694	0.6055621358691837	0.06215574222893383	2.0	0.0	128.16369113150563	0.0
0.9079245747935609	0.3887769635048629	0.05708523683607043	3.0	0.0	68.94236170399837	0.0
0.6535957902210456	0.44002679404673983	0.06062258848887762	4.0	0.0	107.65866223460469	0.0
0.06453217308393772	0.5394698931593679	0.06117759777200269	5.0	0.0	114.80725810418946	0.0
0.19368946615573496	0.25301943366521024	0.060677742911225775	6.0	0.0	108.35538834511821	0.0
0.317623354249963	0.5670609484750091	0.05826303275004252	7.0	0.0	80.57104014249755	0.0
0.6289264854819102	0.6199464119065204	0.06215924229511946	8.0	0.0	128.21325404353675	0.0
0.29777763023848225	0.5073913523425527	0.058321295782792555	7.0	0.0	81.17793608059588	1.0
0.6514698352612549	0.44980638804420237	0.06068321107736649	4.0	0.0	108.42462707682559	1.0
0.8549820452535866	0.41773496097368695	0.057142322072906496	3.0	0.0	69.478344962919	1.0
0.17983747360992228	0.6014866403394966	0.062217897971162756	2.0	0.0	129.04575392139574	1.0
0.8190239394747357	0.5535455372483885	0.06257903055610205	1.0	0.0	134.25082463131946	1.0
0.6267184968346204	0.6243377713083482	0.062221401537414574	8.0	0.0	129.09559376019482	1.0
0.21922369179243162	0.2641895300586373	0.060738420654136996	6.0	0.0	109.12535194352114	1.0
0.06671812325895322	0.5449788097125434	0.061238775369774685	5.0	0.0	115.61406163319926	1.0
0.8976947011554216	0.598350174520014	0.06264160958665814	1.0	0.0	135.1667775018042	2.0
0.3022927715643805	0.49881876003045295	0.05837961707857534	7.0	0.0	81.78848345409592	2.0
0.6670189629509566	0.6324364902963396	0.06228362293895198	8.0	0.0	129.9828606871542	2.0
0.06130001414514445	0.5371223393097377	0.06130001414514445	5.0	0.0	116.42544865395641	2.0
0.17745203154125122	0.6024528750149024	0.062280115869133915	2.0	0.0	129.9327426686142	2.0
0.8807835695530783	0.4574783492931212	0.057199464394979395	3.0	0.0	70.01763914477125	2.0
0.6135284687786908	0.4525582073788137	0.06074389428844385	4.0	0.0	109.19498783695465	2.0
0.27209598486526976	0.27139031315107026	0.06079915907479112	6.0	0.0	109.8997298839367	2.0
0.3504774023825674	0.6487176021155022	0.06234239598500304	2.0	0.0	130.82467965345796	3.0
0.9076306700278124	0.6006085945850943	0.06270425119624479	1.0	0.0	136.08780929930023	3.0
0.06392083678989269	0.5367148497021532	0.06136131415928959	5.0	0.0	117.24144013916616	3.0
0.2901140018095547	0.24994775686782128	0.060859958233865905	6.0	0.0	110.67854249044422	3.0
0.8711748591419424	0.46794051541308823	0.05725666385937437	3.0	0.0	70.56026028869886	3.0
0.7646439611194664	0.5749746569861364	0.06234590656189093	8.0	0.0	130.87507710948296	3.0
0.3097665798462476	0.5217715970348491	0.05843799669565391	7.0	0.0	82.40269963549358	3.0
0.6339119733604472	0.4571913253298986	0.06080463818273229	4.0	0.0	109.96976476830432	3.0
0.06142267547344887	0.53370603273045	0.06142267547344887	5.0	0.0	118.06205714182406	4.0
0.811598478937841	0.636572012032448	0.062408252468452816	8.0	0.0	131.77226539708732	4.0
0.2822638788092385	0.27306351214650604	0.06092081819209976	6.0	0.0	111.46181016516014	4.0
0.8498854772938503	0.4989991166605463	0.06276695544744103	1.0	0.0	137.0139428858808	4.0
0.9643024059647046	0.41776161879481505	0.05731392052323374	3.0	0.0	71.10622449690209	4.0
0.17560094020677852	0.4957783441297146	0.05849643469234955	7.0	0.0	83.02060206502283	4.0
0.3001972406816386	0.692336019805681	0.062404738380988034	2.0	0.0	131.72158724104594	4.0
0.5620390925162644	0.3873263658759149	0.060865442820915015	4.0	0.0	110.74897820197846	4.0
0.3552407256468336	0.683066504571968	0.06246714311936902	2.0	0.0	132.6234878816122	5.0
0.4032887143829371	0.5385587742951385	0.058554931127041895	7.0	0.0	83.6422082508931	5.0
0.29832893069258193	0.2557910924285461	0.06098173901029186	6.0	0.0	112.24955338850965	5.0
0.07856888058401074	0.5143141593793727	0.06148409814892231	5.0	0.0	118.8873207954943	5.0
0.8455485647243416	0.493275973961141	0.06282972240288846	1.0	0.0	137.9452012104527	5.0
0.5534498815610848	0.4245719277807809	0.06092630826373592	4.0	0.0	111.53264854714267	5.0
0.9787440950561469	0.5606432045382215	0.05737123444375697	3.0	0.0	71.65554793485957	5.0
0.7891811840855804	0.6910556186038327	0.062470660720921264	8.0	0.0	132.6744480050052	5.0
0.43328760772703345	0.7183859115665966	0.06252961026248838	2.0	0.0	133.53040411080008	6.0
0.8875971111347251	0.5336380584464278	0.06289255212529135	1.0	0.0	138.88160730905665	6.0
0.6188409296945588	0.4682276208772138	0.06098723457199965	4.0	0.0	112.32079629129565	6.0
0.08438643863886264	0.48671695747345073	0.061545582247071226	5.0	0.0	119.71725231458974	6.0
0.42072484765037843	0.492074947862619	0.058613486058168934	7.0	0.0	84.26753576952723	6.0
0.9891159144241297	0.6976673161736042	0.05742860567820072	3.0	0.0	72.20824683155092	6.0
0.7341273857787796	0.623837642448452	0.06253313138164218	8.0	0.0	133.58164747370066	6.0
0.30505311669961144	0.20522839204160453	0.06104272074930214	6.0	0.0	113.04179271949835	6.0
0.9956710746109269	0.6848320695584141	0.05748603428387891	3.0	0.0	72.76433747968011	7.0
0.6054443048666196	0.4474605526676176	0.06104822180657164	4.0	0.0	113.11344200054133	7.0
0.42366867789579593	0.5309664585872372	0.0586720995442271	7.0	0.0	84.8966022658003	7.0
0.33583013564370506	0.2090259121002803	0.06110376347005144	6.0	0.0	113.83854879598579	7.0
0.8531260367738056	0.5808597754414339	0.06295544467741664	1.0	0.0	139.82318430516776	7.0
0.08663048252216324	0.5312338233336695	0.06160712782931829	5.0	0.0	120.55187299465193	7.0
0.7544286677262418	0.678634040165301	0.06259566451302381	8.0	0.0	134.49388642935943	7.0
0.4127893391961598	0.6939917022570186	0.06259213987275086	2.0	0.0	134.44235854995839	7.0
0.8365862245568719	0.6048304335195971	0.06301840012209405	1.0	0.0	140.76995540999837	8.0
0.9771786862139632	0.6649498870233513	0.05754352031816278	3.0	0.0	73.32383623589934	8.0
0.6226999654997155	0.5319495718014604	0.06110927002837821	4.0	0.0	113.91060631986198	8.0
0.7188894858883779	0.667091009066808	0.06265826017753683	8.0	0.0	135.4111875841856	8.0
0.3156487276132801	0.2197366456140732	0.061164867233521485	6.0	0.0	114.63984233495896	8.0
0.09259431496167718	0.5257217836538137	0.06166873495714761	5.0	0.0	121.39120421263272	8.0
0.37768456647589044	0.5360534082017946	0.05873077164377132	7.0	0.0	85.5294254532795	8.0
0.43226457971823407	0.6777311236275263	0.0626547320126236	2.0	0.0	135.35937390643684	8.0
0.6153267988966985	0.5362271276096183	0.06117037929840658	4.0	0.0	114.71230997339224	9.0
0.7198434223078036	0.6701509942583251	0.06272091843771435	8.0	0.0	136.33357373669872	9.0
0.04909318463301702	0.5654225741183572	0.061730403692104745	5.0	0.0	122.2352674271763	9.0
0.852765587812146	0.5894945272566201	0.06308141852221613	1.0	0.0	141.72194392280053	9.0
0.38300605033862556	0.4422376516332024	0.058789502415415085	7.0	0.0	86.16602311446452	9.0
0.9899050520021193	0.6141645832150027	0.05760106383848094	3.0	0.0	73.88675952103414	9.0
0.3359616764032587	0.2795508871487199	0.061226032100755	6.0	0.0	115.4456941328075	9.0
0.3772649024976293	0.6611534456840541	0.06271738674463621	2.0	0.0	136.2814729738844	9.0
0.5859500457964268	0.5093237496785862	0.06123154967770498	4.0	0.0	115.51857376469403	10.0
0.30564041044680895	0.2425301148360886	0.06128725813285575	6.0	0.0	116.25612506559904	10.0
0.37043471253857574	0.7151106853981433	0.06278010413138084	2.0	0.0	137.208678632547	10.0
0.9840667580917549	0.629399763449622	0.05765866490231941	3.0	0.0	74.45312382030856	10.0
0.6286894854219851	0.629330784378722	0.06278363935615205	8.0	0.0	137.26106777203225	10.0
0.8473702446868674	0.6001729436040425	0.06314449994073834	1.0	0.0	142.67917323117032	10.0
0.04074490556350496	0.5641245706197769	0.06179213409579684	5.0	0.0	123.08408417890293	10.0
0.47400184990266414	0.4581514316128858	0.058848291917830496	7.0	0.0	86.80641310102882	10.0
0.02954150629120703	0.5535052230993696	0.06185392622989263	5.0	0.0	123.93767609069269	11.0
0.8642976000921062	0.5246007666696519	0.06320764444067907	1.0	0.0	143.64166681135256	11.0
0.3928525962827869	0.7095678957246228	0.06284288423551221	2.0	0.0	138.14101384956686	11.0
0.554203178518726	0.5178124478605933	0.06129278122738268	4.0	0.0	116.32941857703236	11.0
0.3164192942551052	0.2368962026210269	0.0613485453909886	6.0	0.0	117.07115608935594	11.0
0.9428169472792491	0.6533309150601455	0.05771632356722173	3.0	0.0	75.02294568357173	11.0
0.4450512350787591	0.4278004966343042	0.05890714020974832	7.0	0.0	87.45061333406157	11.0
0.6756509306307007	0.6164565709929741	0.0628464229955082	8.0	0.0	138.1936926622331	11.0
