# x	y	r	id	split_id	s_prob	t
2.0	0.5	0.0	-1.0	0.0	0.0	0.0
0.6175566330376993	0.09681504902454868	0.033000854918046225	1.0	0.0	0.0	0.0
0.49345175253636153	0.12300803887910236	0.030830116170447917	2.0	0.0	0.0	0.0
0.5475614816045984	0.2207402071301975	0.030867395599015718	3.0	0.0	0.0	0.0
0.10741697348948707	0.9611837142248201	0.03122225431310283	4.0	0.0	0.0	0.0
0.6287614082959433	0.5498479922355801	0.0374454417121718	5.0	0.0	0.09359484323476863	0.0
0.9393562226793587	0.1467064582713176	0.032783809718023256	6.0	0.0	0.0	0.0
0.783550160217918	0.2791220446777529	0.030531019383390097	7.0	0.0	0.0	0.0
0.3177860026841995	0.16112417857065092	0.03246619905102508	8.0	0.0	0.0	0.0
0.8882175282014205	0.3231973184817626	0.030484038789978896	9.0	0.0	0.0	0.0
0.3379873398430626	0.27462734668597016	0.0355382241680828	10.0	0.0	0.0009978598748006107	0.0
0.7510161527728061	0.11677161272325624	0.03103489516960142	11.0	0.0	0.0	0.0
0.04006357100634905	0.9605600716092355	0.035742525426839415	12.0	0.0	0.0026200764543489186	0.0
0.7227572871027386	0.590089914479547	0.030392787632442162	13.0	0.0	0.0	0.0
0.9449690062196202	0.6219221313467915	0.030770947504034522	14.0	0.0	0.0	0.0
0.5333960022180836	0.3527469166313974	0.035471690190794804	15.0	0.0	0.0006716615825865802	0.0
0.2355659945409029	0.20780599584024667	0.03225448143848993	16.0	0.0	0.0	0.0
0.17934678008792396	0.7659418908408074	0.033032236145843136	17.0	0.0	0.0	0.0
0.5828371197959857	0.2933615173285814	0.03194537375183086	18.0	0.0	0.0	0.0
0.23089821137524014	0.7179630941468217	0.03098040432704889	19.0	0.0	0.0	0.0
0.2163358233473824	0.8356773386166224	0.03281674413429805	20.0	0.0	0.0	0.0
0.20844707721419412	0.5252575259311767	0.034454946095105715	21.0	0.0	0.0	0.0
0.11888994045983502	0.13851492761706846	0.03485135434252707	22.0	0.0	0.0	0.0
0.8732501054273899	0.9300015834455895	0.03277630113686829	23.0	0.0	0.0	0.0
0.14480169374375199	0.06878067911933643	0.03237173127317426	24.0	0.0	0.0	0.0
0.9474635766819587	0.24087649322459392	0.03569062106045664	25.0	0.0	0.00210813989966141	0.0
0.047547282393364386	0.5283757390090997	0.03319841485566072	26.0	0.0	0.0	0.0
0.7349238154719507	0.3395137748815151	0.032450147711315644	27.0	0.0	0.0	0.0
0.25740412864784473	0.4207308841307358	0.032513309409652795	28.0	0.0	0.0	0.0
0.46788240529739245	0.8632718235780361	0.03125509677920116	29.0	0.0	0.0	0.0
0.4142491403571159	0.20096336582717877	0.03385915044357815	30.0	0.0	0.0	0.0
0.3039355635679552	0.47252914482953634	0.0330929635571074	31.0	0.0	0.0	0.0
0.3754111888687861	0.33499817935907583	0.03479013623118169	32.0	0.0	0.0	0.0
0.8844756725079129	0.7422851561546215	0.03342385643474702	33.0	0.0	0.0	0.0
0.6221946916731418	0.7646725640861924	0.031191270200046764	34.0	0.0	0.0	0.0
0.32831999770097703	0.09393415558135322	0.03181659097420098	35.0	0.0	0.0	0.0
0.8090149160221749	0.9162814459027281	0.032776090841603545	36.0	0.0	0.0	0.0
0.15606109750508676	0.2720586240038245	0.032059488172275226	37.0	0.0	0.0	0.0
0.17052448039091322	0.20821198279776262	0.030276639122675354	38.0	0.0	0.0	0.0
0.736878740198614	0.4955941104857585	0.03447425326886915	39.0	0.0	0.0	0.0
0.9237651572897434	0.7946711358637288	0.03057277363353264	40.0	0.0	0.0	0.0
0.03445078746608755	0.33192831509994714	0.03416250293504852	41.0	0.0	0.0	0.0
0.18964361340655161	0.41409998542974946	0.03239720849147245	42.0	0.0	0.0	0.0
0.4048945011233467	0.9075504492845435	0.031462341536314026	43.0	0.0	0.0	0.0
0.5227629554688382	0.6923937469078526	0.029342750529217504	44.0	0.0	0.0	0.0
0.8164986274091902	0.18474865782197888	0.030278244927110197	45.0	0.0	0.0	0.0
0.80061758508525	0.5481286761160262	0.03295688173993451	46.0	0.0	0.0	0.0
0.613556181131361	0.8403532053733647	0.033615465364947764	47.0	0.0	0.0	0.0
0.19053777203936145	0.9029837016483592	0.03211348167621558	48.0	0.0	0.0	0.0
0.529121645864695	0.8361888348449769	0.031017137503280348	49.0	0.0	0.0	0.0
0.6406272802784392	0.23299175707174316	0.032672682792319135	50.0	0.0	0.0	0.0
0.545871237348033	0.7610676454432277	0.031224405057075796	51.0	0.0	0.0	0.0
0.6612406518635786	0.6263761000386349	0.0297818064612294	52.0	0.0	0.0	0.0
0.791267620337211	0.6290767642469945	0.031835974610561	53.0	0.0	0.0	0.0
0.2627039847700553	0.6038364954948378	0.030392695080718225	54.0	0.0	0.0	0.0
0.2554045233557425	0.42042833216872844	0.032545822719062444	28.0	0.0	0.0	1.0
0.7359193256574943	0.49549408614726986	0.034508727522138016	39.0	0.0	0.0	1.0
0.936832544248997	0.14766216552824846	0.03281659352774127	6.0	0.0	0.0	1.0
0.9418572217071125	0.6202956623090454	0.030801718451538552	14.0	0.0	0.0	1.0
0.1561997921715363	0.27289834256259865	0.0320915476604475	37.0	0.0	0.0	1.0
0.7506524513269038	0.11608107747884257	0.031065930064771017	11.0	0.0	0.0	1.0
0.5435713095560207	0.7631666472545462	0.03125562946213287	51.0	0.0	0.0	1.0
0.18750924120052054	0.904792055910611	0.032145595157891796	48.0	0.0	0.0	1.0
0.03577826795226625	0.9621533077572536	0.03577826795226625	12.0	0.0	0.0030169451600272623	1.0
0.18053742898705788	0.7689425015154824	0.03306526838198898	17.0	0.0	0.0	1.0
0.6285603455021384	0.5498346814526515	0.03748288715388397	5.0	0.0	0.0979604831686487	1.0
0.7345137014129033	0.33991748424500184	0.032482597859026956	27.0	0.0	0.0	1.0
0.16151011656993985	0.20934725023053274	0.030306915761798024	38.0	0.0	0.0	1.0
0.9469616542465367	0.24062214254175873	0.03572631168151709	25.0	0.0	0.0024521614537889036	1.0
0.3253074519307682	0.16536208945433678	0.0324986652500761	8.0	0.0	0.0	1.0
0.24133185833131826	0.2004211854499985	0.03228673591992842	16.0	0.0	0.0	1.0
0.31136769735811487	0.481235219831965	0.0331260565206645	31.0	0.0	0.0	1.0
0.33567784341567974	0.27286265603162857	0.03557376239225088	10.0	0.0	0.001208860563551184	1.0
0.32831999770097703	0.09550667916393477	0.03184840756517518	35.0	0.0	0.0	1.0
0.46220091363538124	0.864118592026105	0.031286351875980355	29.0	0.0	0.0	1.0
0.6163376039996568	0.8417847784668742	0.033649080830312705	47.0	0.0	0.0	1.0
0.7792537155618976	0.28587523007565346	0.030561550402773485	7.0	0.0	0.0	1.0
0.7918322127248293	0.6280673080046631	0.03186781058517156	53.0	0.0	0.0	1.0
0.8171807441929092	0.18667714672801172	0.030308523172037305	45.0	0.0	0.0	1.0
0.5221344187219192	0.6922214371298069	0.029372093279746717	44.0	0.0	0.0	1.0
0.12025955561386739	0.958850555628652	0.03125347656741593	4.0	0.0	0.0	1.0
0.5282288664099386	0.8349469233198801	0.031048154640783625	49.0	0.0	0.0	1.0
0.4159661261732207	0.20104449933054758	0.03389300959402172	30.0	0.0	0.0	1.0
0.7995189494915483	0.9184575416331238	0.03280886693244515	36.0	0.0	0.0	1.0
0.21045942065425122	0.5226019665941889	0.034489401041200816	21.0	0.0	0.0	1.0
0.03480118656899826	0.3322246396462609	0.03419666543798357	41.0	0.0	0.0	1.0
0.8832691747045397	0.9306055794743695	0.03280907743800515	23.0	0.0	0.0	1.0
0.9225354219612398	0.7971168956293927	0.03060334640716617	40.0	0.0	0.0	1.0
0.21727942511248172	0.8363422451813991	0.03284956087843234	20.0	0.0	0.0	1.0
0.7924530817073292	0.5488242774211748	0.03298983862167444	46.0	0.0	0.0	1.0
0.5466630141231663	0.21952301787210166	0.03089826299461473	3.0	0.0	0.0	1.0
0.583686397433673	0.3017640064585462	0.03197731912558269	18.0	0.0	0.0	1.0
0.04732495157622561	0.5275746384493287	0.03323161327051637	26.0	0.0	0.0	1.0
0.1188013407204158	0.1375795260101595	0.03488620569686959	22.0	0.0	0.0	1.0
0.6445939620692209	0.22199776955189263	0.03270535547511145	50.0	0.0	0.0	1.0
0.1806830748795408	0.4112681457343443	0.03242960569996392	42.0	0.0	0.0	1.0
0.7227364230142065	0.5900244414146033	0.0304231804200746	13.0	0.0	0.0	1.0
0.8881139664596557	0.32310160210547056	0.030514522828768872	9.0	0.0	0.0	1.0
0.3746930279119803	0.3512742583102508	0.03482492636741287	32.0	0.0	0.0	1.0
0.6609227462938505	0.6239856004217746	0.029811588267690627	52.0	0.0	0.0	1.0
0.40664757515005384	0.9086580359688907	0.031493803877850335	43.0	0.0	0.0	1.0
0.26448872112655086	0.6043378726410986	0.03042308777579894	54.0	0.0	0.0	1.0
0.1456291811062732	0.06951699390830168	0.03240410300444743	24.0	0.0	0.0	1.0
0.5340286863002917	0.34992229859393364	0.03550716188098559	15.0	0.0	0.000834871788157443	1.0
0.6234830128490471	0.7658784157600539	0.031222461470246807	34.0	0.0	0.0	1.0
0.23210008111375466	0.7186402797102218	0.031011384731375935	19.0	0.0	0.0	1.0
0.49177408725852717	0.12422209939524657	0.03086094628661836	2.0	0.0	0.0	1.0
0.617073998757447	0.0987937814912674	0.03303385577296427	1.0	0.0	0.0	1.0
0.8884325031635011	0.7426222711560951	0.03345728029118176	33.0	0.0	0.0	1.0
0.7983455946408955	0.9203018299874217	0.03284167579937759	36.0	0.0	0.0	2.0
0.7547738884473808	0.11207478144712349	0.031096995994835785	11.0	0.0	0.0	2.0
0.9364711654419151	0.6206181863606676	0.030832520169990087	14.0	0.0	0.0	2.0
0.19002983797507175	0.9065211060672017	0.03217774075304968	48.0	0.0	0.0	2.0
0.8873361660060799	0.32196004321424215	0.030545037351597637	9.0	0.0	0.0	2.0
0.23316921560942397	0.720639543431736	0.031042396116107308	19.0	0.0	0.0	2.0
0.5918598313319471	0.29349389830128253	0.03200929644470827	18.0	0.0	0.0	2.0
0.6323039304432877	0.5520699988869688	0.037520370041037844	5.0	0.0	0.10246437607081305	2.0
0.04778430256531777	0.5276549719439393	0.033264844883786886	26.0	0.0	0.0	2.0
0.22067781212677437	0.8390724273062939	0.03288241043931077	20.0	0.0	0.0	2.0
0.31276387479436707	0.48475379270597185	0.033159182577185156	31.0	0.0	0.0	2.0
0.33604383682042976	0.2723668303618051	0.03560933615464312	10.0	0.0	0.0014479408358312185	2.0
0.936411264479883	0.14683728412543257	0.03284941012126901	6.0	0.0	0.0	2.0
0.7350683708335926	0.4938278850611144	0.03454323624966015	39.0	0.0	0.0	2.0
0.9457582167262563	0.2408639834740254	0.0357620379931986	25.0	0.0	0.0028321082423587995	2.0
0.4624178928159629	0.8646861549667807	0.03131763822785633	29.0	0.0	0.0	2.0
0.18283196349805284	0.7680900486756232	0.03309833365037096	17.0	0.0	0.0	2.0
0.1258152425560525	0.1415314626585267	0.03492109190256646	22.0	0.0	0.0	2.0
0.5313088546226726	0.3586599284958984	0.03554266904286658	15.0	0.0	0.0010227868048247046	2.0
0.8831927645544322	0.9288728833837356	0.032841886515443154	23.0	0.0	0.0	2.0
0.6465284542445597	0.22194294879406143	0.03273806083058656	50.0	0.0	0.0	2.0
0.32486396978744664	0.16564228008474122	0.03253116391532617	8.0	0.0	0.0	2.0
0.8177741671479933	0.18611465989401946	0.030338831695209338	45.0	0.0	0.0	2.0
0.7931243099118299	0.6274529220401465	0.03189967839575673	53.0	0.0	0.0	2.0
0.036654355078044897	0.9612113783656878	0.03581404622021851	12.0	0.0	0.003452448161354482	2.0
0.7337111125331552	0.33926434718868337	0.03251508045688598	27.0	0.0	0.0	2.0
0.3279680364659878	0.09518950425433662	0.03188025597274035	35.0	0.0	0.0	2.0
0.373682089143133	0.35118171373846563	0.03485975129378028	32.0	0.0	0.0	2.0
0.520341044936632	0.6877835750737628	0.029401465373026462	44.0	0.0	0.0	2.0
0.4924128739947201	0.12258222187069791	0.030891807232904977	2.0	0.0	0.0	2.0
0.8891345696078218	0.741109091742992	0.03349073757147294	33.0	0.0	0.0	2.0
0.14584158190538088	0.07016929869558801	0.03243650710745188	24.0	0.0	0.0	2.0
0.25491893357672246	0.4186786590968699	0.032578368541781505	28.0	0.0	0.0	2.0
0.6179010672909914	0.09796931238797923	0.03306688962873723	1.0	0.0	0.0	2.0
0.5441438693736662	0.22280424864961537	0.03092916125760934	3.0	0.0	0.0	2.0
0.7208681689063042	0.5912379785464359	0.030453603600494674	13.0	0.0	0.0	2.0
0.922391366890411	0.7980630133220122	0.030633949753573333	40.0	0.0	0.0	2.0
0.5463410791333736	0.763944744905462	0.031286885091594996	51.0	0.0	0.0	2.0
0.2621370728770267	0.6061315983306922	0.030453510863574736	54.0	0.0	0.0	2.0
0.6235841149543575	0.7678840578483316	0.03125368393171705	34.0	0.0	0.0	2.0
0.7902102280565003	0.549546785341249	0.03302282846029611	46.0	0.0	0.0	2.0
0.2094478419443966	0.5243841763191063	0.034523890442242015	21.0	0.0	0.0	2.0
0.4147070950092388	0.20143265233642008	0.03392690260361574	30.0	0.0	0.0	2.0
0.03539748575566917	0.3335313421943323	0.03423086210342155	41.0	0.0	0.0	2.0
0.16186820335628316	0.20027138147300882	0.030337222677559818	38.0	0.0	0.0	2.0
0.18327832187109575	0.4114235524983035	0.03246203530566388	42.0	0.0	0.0	2.0
0.14932235513908923	0.27905396368286856	0.03212363920810794	37.0	0.0	0.0	2.0
0.6183699523063614	0.8406564631631233	0.03368272991114302	47.0	0.0	0.0	2.0
0.6604023644325889	0.6232218485650791	0.029841399855958312	52.0	0.0	0.0	2.0
0.5236997964604588	0.8390803252730034	0.031079202795424407	49.0	0.0	0.0	2.0
0.12092382480883444	0.9610797705908566	0.03128473004398334	4.0	0.0	0.0	2.0
0.2425855278869191	0.19611513506099637	0.032319022655848344	16.0	0.0	0.0	2.0
0.7805938663610902	0.2849182131756559	0.030592111953176255	7.0	0.0	0.0	2.0
0.4112756695869264	0.9129898714830982	0.03152529768172818	43.0	0.0	0.0	2.0
0.043019501521331945	0.9627426939327464	0.03584986026643873	12.0	0.0	0.00392846193467733	3.0
0.7270658985026137	0.5891982988437682	0.030484057204095166	13.0	0.0	0.0	3.0
0.3169689671754215	0.4860502016387862	0.03319234175976234	31.0	0.0	0.0	3.0
0.049625309643468465	0.5276955455051664	0.04162263716083834	26.0	0.0	0.0	3.0
0.5178398763350427	0.6857481545253107	0.029430866838399485	44.0	0.0	0.0	3.0
0.3236161127887216	0.1641187081502819	0.03256369507924149	8.0	0.0	0.0	3.0
0.6499559587737882	0.2214541519075231	0.03277079889141714	50.0	0.0	0.0	3.0
0.5305762576035257	0.3591761511073677	0.03557821171190944	15.0	0.0	0.0012372020378563775	3.0
0.8848824943529975	0.3254189937013415	0.03057558238894923	9.0	0.0	0.0	3.0
0.24480929637004917	0.1921391746583684	0.03235134167850419	16.0	0.0	0.0	3.0
0.5906272688745404	0.29347449685365157	0.03204130574115297	18.0	0.0	0.0	3.0
0.12347149167908704	0.14466515028383709	0.03495601299446902	22.0	0.0	0.0	3.0
0.8837227149451167	0.9288778882066285	0.03287472840195859	23.0	0.0	0.0	3.0
0.6177373748782374	0.09673842281814267	0.03309995651836597	1.0	0.0	0.0	3.0
0.4902723442690939	0.12413123922109003	0.03865337380017235	2.0	0.0	0.0	3.0
0.14374476925354185	0.07375747706426981	0.03246894361455933	24.0	0.0	0.0	3.0
0.41757416767038763	0.20079993025895965	0.033960829506219356	30.0	0.0	0.0	3.0
0.9224146060112708	0.7980289058270631	0.030664583703326902	40.0	0.0	0.0	3.0
0.7363326048198228	0.4961919815844363	0.03457777948590981	39.0	0.0	0.0	3.0
0.3353087660921342	0.2694334878130741	0.03564494549079776	10.0	0.0	0.0017169158347343227	3.0
0.20617613454093162	0.5266895765536674	0.03455841433268425	21.0	0.0	0.0	3.0
0.1623791501376749	0.19859532866801488	0.030367559900237373	38.0	0.0	0.0	3.0
0.2624760346500152	0.6065848036281949	0.030483964374438306	54.0	0.0	0.0	3.0
0.6330643005072082	0.5533343650405423	0.037557890411078876	5.0	0.0	0.10710895336676174	3.0
0.33059632535759764	0.09777674751528574	0.031912136228713084	35.0	0.0	0.0	3.0
0.7900212874736932	0.5486504932264495	0.033055851288756405	46.0	0.0	0.0	3.0
0.5330803476044434	0.8419034128648127	0.03111028199821983	49.0	0.0	0.0	3.0
0.5460796854850815	0.22373970791588776	0.030960090418866947	3.0	0.0	0.0	3.0
0.6214939681704954	0.8407646810054761	0.033716412641054155	47.0	0.0	0.0	3.0
0.821443004482015	0.18356383792706912	0.030369170526904545	45.0	0.0	0.0	3.0
0.14737473437415202	0.2843473276464718	0.03215576284731605	37.0	0.0	0.0	3.0
0.7563007700003577	0.10957165511833607	0.03112809299083062	11.0	0.0	0.0	3.0
0.733006570231678	0.339127372464614	0.03254759553734286	27.0	0.0	0.0	3.0
0.7965812882269946	0.9211544093071696	0.032874517475176966	36.0	0.0	0.0	3.0
0.22111451833548654	0.838668803969241	0.032915292849750075	20.0	0.0	0.0	3.0
0.9398724176682102	0.1447409366882082	0.032882259531390276	6.0	0.0	0.0	3.0
0.9528609845453867	0.2498781779827294	0.0357978000311918	25.0	0.0	0.003249841055435354	3.0
0.6572127707463846	0.6221274503626831	0.02987124125581427	52.0	0.0	0.0	3.0
0.12662949362686535	0.9632404852958021	0.031316014774027325	4.0	0.0	0.0	3.0
0.5426706410295822	0.7660128290044207	0.031318171976686585	51.0	0.0	0.0	3.0
0.4536898541769658	0.8679419555579397	0.03134895586608419	29.0	0.0	0.0	3.0
0.1906516156242039	0.9052240080556669	0.032209918493802725	48.0	0.0	0.0	3.0
0.1830343293542643	0.4104498861507763	0.03249449734096954	42.0	0.0	0.0	3.0
0.2550911844451586	0.4185652240143195	0.032610946910323284	28.0	0.0	0.0	3.0
0.23410574104780627	0.7197291818181247	0.03107343851222341	19.0	0.0	0.0	3.0
0.1849216249870143	0.7695625232868012	0.033131431984021326	17.0	0.0	0.0	3.0
0.9330697430299056	0.6204359883333079	0.030863352690160075	14.0	0.0	0.0	3.0
0.615766162269036	0.7687489116026223	0.03128493761564876	34.0	0.0	0.0	3.0
0.7823347107552296	0.280449160463792	0.030622704065129427	7.0	0.0	0.0	3.0
0.02977639893477587	0.33103008644172915	0.03426509296552497	41.0	0.0	0.0	3.0
0.8878934977307098	0.7402462152732873	0.033524228309044404	33.0	0.0	0.0	3.0
0.7917349914715245	0.6270907929861144	0.03193157807415248	53.0	0.0	0.0	3.0
0.4081029827268153	0.9135036435216405	0.031556822979409906	43.0	0.0	0.0	3.0
0.3760500695155674	0.35141352832146766	0.034894611045074055	32.0	0.0	0.0	3.0
0.5300319137749564	0.846438624522702	0.031141392280218047	49.0	0.0	0.0	4.0
0.19043134651716137	0.9061791652528638	0.032242128412296525	48.0	0.0	0.0	4.0
0.7239297855360043	0.5931783715424908	0.03051454126129926	13.0	0.0	0.0	4.0
0.7326101428476844	0.4958038940786144	0.034612357265395716	39.0	0.0	0.0	4.0
0.39992046353462	0.9163297514992738	0.031588379802389314	43.0	0.0	0.0	4.0
0.884560890343472	0.3266067641798503	0.03060615797133818	9.0	0.0	0.0	4.0
0.18719506859731327	0.7692383071846901	0.03316456341600534	17.0	0.0	0.0	4.0
0.31992687947268306	0.49193304709286273	0.0332255341015221	31.0	0.0	0.0	4.0
0.6176513820814502	0.0965800239712276	0.03313305647488433	1.0	0.0	0.0	4.0
0.8820135852476084	0.7303368775309841	0.03355775253735344	33.0	0.0	0.0	4.0
0.11521665526570433	0.13891921657937378	0.043738711259329356	22.0	0.0	0.0	4.0
0.4869927545044909	0.12191177689889753	0.03710723884816545	2.0	0.0	0.0	4.0
0.18530051274647988	0.40737979831912396	0.03252699183831051	42.0	0.0	0.0	4.0
0.75694493785315	0.11236497266094829	0.031159221083821447	11.0	0.0	0.0	4.0
0.7901895335483787	0.5501287790097003	0.03308890714004516	46.0	0.0	0.0	4.0
0.5336754229002962	0.3611892349536231	0.035613789923621346	15.0	0.0	0.0014799234010780538	4.0
0.031162415962005648	0.3316784636518181	0.03429935805849049	41.0	0.0	0.0	4.0
0.7972314805262871	0.9211933436673724	0.03290739199265214	36.0	0.0	0.0	4.0
0.7935949674334516	0.6280186708291847	0.03196350965222663	53.0	0.0	0.0	4.0
0.4618843993641347	0.8625756315657904	0.03138030482195027	29.0	0.0	0.0	4.0
0.5911649295191157	0.29376858132071393	0.03207334704689412	18.0	0.0	0.0	4.0
0.6168414728608196	0.7694667993031288	0.031316222553264404	34.0	0.0	0.0	4.0
0.22244023611210584	0.8377957581216661	0.03294820814259982	20.0	0.0	0.0	4.0
0.03963740079094931	0.9659082957276827	0.03588571012670516	12.0	0.0	0.0044468737995941865	4.0
0.41787844240345	0.1995857042169769	0.03399479033572557	30.0	0.0	0.0	4.0
0.6213761339794369	0.8404621799819078	0.033750129053695205	47.0	0.0	0.0	4.0
0.14796513576428053	0.2815465947246363	0.03218791861016336	37.0	0.0	0.0	4.0
0.3353405093040844	0.26930681467719403	0.03568059043628855	10.0	0.0	0.0020176112934393586	4.0
0.2633416247044237	0.6055806453789206	0.03051444833881274	54.0	0.0	0.0	4.0
0.8213258769007732	0.18666305474518538	0.030399539697431446	45.0	0.0	0.0	4.0
0.2543944947725643	0.41751451817840757	0.0326435578572336	28.0	0.0	0.0	4.0
0.7805151660358347	0.28655535407265986	0.030653326769194553	7.0	0.0	0.0	4.0
0.3722418122014666	0.3493615667206351	0.034929505656119124	32.0	0.0	0.0	4.0
0.33158863121147614	0.09659584208114275	0.031944048364941795	35.0	0.0	0.0	4.0
0.5465179456199629	0.22265519444790716	0.03099105050928581	3.0	0.0	0.0	4.0
0.12335752182070527	0.9602163831584869	0.03134733078880135	4.0	0.0	0.0	4.0
0.6506711713959773	0.22385432745475853	0.03280356969030855	50.0	0.0	0.0	4.0
0.049515203515367236	0.5278735202346744	0.039957731674404806	26.0	0.0	0.0	4.0
0.940346042494236	0.14440271582303527	0.03291514179092166	6.0	0.0	0.0	4.0
0.14480733185409045	0.0739849636707455	0.03250141255817388	24.0	0.0	0.0	4.0
0.23362150383470282	0.719845678742301	0.03110451195073563	19.0	0.0	0.0	4.0
0.6314996766825599	0.5497268363043482	0.03759544830148995	5.0	0.0	0.11189665958397654	4.0
0.9219651782504958	0.8045661693427707	0.030695248287030227	40.0	0.0	0.0	4.0
0.9306163291787244	0.6207387105797028	0.030894216042850232	14.0	0.0	0.0	4.0
0.9529050168019049	0.25337496085816524	0.03583359783122299	25.0	0.0	0.0037072314617034863	4.0
0.6571566475802186	0.6227625445043647	0.02990111249707008	52.0	0.0	0.0	4.0
0.8831951927365496	0.9288562885942391	0.03290760313036054	23.0	0.0	0.0	4.0
0.5424136335576404	0.7677007898303781	0.03134949014866327	51.0	0.0	0.0	4.0
0.7350006965224495	0.3399405257662519	0.032580143132880206	27.0	0.0	0.0	4.0
0.2444432913126184	0.1887325357297442	0.03238369302018269	16.0	0.0	0.0	4.0
0.16996740164398483	0.20344554637536608	0.030397927460137607	38.0	0.0	0.0	4.0
0.20569745310588727	0.5265583487579476	0.034592972747016934	21.0	0.0	0.0	4.0
0.5207390975602494	0.6852599155388085	0.029460297705237882	44.0	0.0	0.0	4.0
0.32319767322882476	0.16362073915391728	0.03259625877432073	8.0	0.0	0.0	4.0
0.2061861091697897	0.5263259951624456	0.03462756571976395	21.0	0.0	0.0	5.0
0.5183853047551543	0.6847404670107916	0.029489758002943116	44.0	0.0	0.0	5.0
0.2436326232877898	0.18968504043670212	0.03241607671320287	16.0	0.0	0.0	5.0
0.41800051172626745	0.2006582602622179	0.03402878512606129	30.0	0.0	0.0	5.0
0.7807433583207487	0.28623792446889484	0.030683980095963743	7.0	0.0	0.0	5.0
0.6314326609665121	0.549908975755061	0.037633043749791435	5.0	0.0	0.11682995240455796	5.0
0.6543691183541809	0.22365624601721446	0.03283637325999886	50.0	0.0	0.0	5.0
0.1238965962922658	0.9608033387884498	0.03137867811959015	4.0	0.0	0.0	5.0
0.14634115252231064	0.2807491744072953	0.03222010652877352	37.0	0.0	0.0	5.0
0.041218408772814456	0.9663957125748784	0.03592159583683186	12.0	0.0	0.0050095819636908345	5.0
0.03204749355887543	0.33802767292046226	0.03433365741654898	41.0	0.0	0.0	5.0
0.8822502426031029	0.730753822882173	0.03359131028989079	33.0	0.0	0.0	5.0
0.8943484536200097	0.3211729232408162	0.030636764129309515	9.0	0.0	0.0	5.0
0.14498455998527238	0.07251044131130069	0.032533913970732055	24.0	0.0	0.0	5.0
0.22405582124698922	0.8399000864534639	0.03298115635074242	20.0	0.0	0.0	5.0
0.3220807341049128	0.1646661794815004	0.032628855033095046	8.0	0.0	0.0	5.0
0.7911301502105601	0.5498452638895777	0.0331219960471852	46.0	0.0	0.0	5.0
0.8833387516294599	0.9298861253641286	0.0329405107334909	23.0	0.0	0.0	5.0
0.232369751036141	0.721476108994193	0.031135616462686363	19.0	0.0	0.0	5.0
0.6204030145991372	0.8381387627188447	0.033783879182748895	47.0	0.0	0.0	5.0
0.8211182543769895	0.18647595273318782	0.030429939237128875	45.0	0.0	0.0	5.0
0.5308680770458325	0.8474998077904995	0.03117253367249826	49.0	0.0	0.0	5.0
0.18063263089852688	0.7726159342778228	0.033197727979421346	17.0	0.0	0.0	5.0
0.3303820773637686	0.09797785723003051	0.03197599241330673	35.0	0.0	0.0	5.0
0.1852213289534428	0.4074031226387241	0.03255951883014881	42.0	0.0	0.0	5.0
0.9207153209377633	0.8047524478414415	0.030725943535317254	40.0	0.0	0.0	5.0
0.11976838634657255	0.14221312571512343	0.04198916280895618	22.0	0.0	1.1196772220500861e-07	5.0
0.9300355565288301	0.6204802799633844	0.03092511025889308	14.0	0.0	0.0	5.0
0.3357954631485923	0.2710750451470786	0.03571627102672484	10.0	0.0	0.0023518635790793496	5.0
0.732676022318413	0.4937117707294496	0.03464696962266111	39.0	0.0	0.0	5.0
0.7930130363334196	0.628462540257324	0.031995473161878854	53.0	0.0	0.0	5.0
0.04986841752791329	0.5241444239970994	0.03829282618797127	26.0	0.0	0.0	5.0
0.18936961602566987	0.9069680562466886	0.032274370540708815	48.0	0.0	0.0	5.0
0.6121664622020736	0.7671712408350821	0.03134753877581767	34.0	0.0	0.0	5.0
0.7214391973342376	0.5931077918139156	0.030545055802560554	13.0	0.0	0.0	5.0
0.7982960065944181	0.922267970532727	0.03294029938464479	36.0	0.0	0.0	5.0
0.3987496574751682	0.9152199814980332	0.0316199681821917	43.0	0.0	0.0	5.0
0.7324595566772155	0.34035202764338995	0.032612723276013084	27.0	0.0	0.0	5.0
0.4844000238689099	0.12034141467348547	0.035561103896158554	2.0	0.0	0.0	5.0
0.9555693679377755	0.2518515714203049	0.03586943142905421	25.0	0.0	0.004206161852877699	5.0
0.7560177221408994	0.11164845806096389	0.031190380304905264	11.0	0.0	0.0	5.0
0.590243110974789	0.29341284040029975	0.032105420393941014	18.0	0.0	0.0	5.0
0.545809242122877	0.22591529760021675	0.031022041559795092	3.0	0.0	0.0	5.0
0.656869611933729	0.6200909234778726	0.029931013609567146	52.0	0.0	0.0	5.0
0.3772654808399416	0.34909247267550647	0.03496443516177524	32.0	0.0	0.0	5.0
0.9464134689822994	0.1405156735799976	0.032948056932712584	6.0	0.0	0.0	5.0
0.5349270547776613	0.36423123530326335	0.03564940371354496	15.0	0.0	0.0017527673602728555	5.0
0.46286039922074257	0.8612876677518004	0.03141168512677222	29.0	0.0	0.0	5.0
0.6170979398501296	0.09779281176306484	0.033166189531359205	1.0	0.0	0.0	5.0
0.32221724484069286	0.49029747118179734	0.033258759635623615	31.0	0.0	0.0	5.0
0.1694858816473597	0.20292783777755427	0.03042832538759774	38.0	0.0	0.0	5.0
0.544606959056539	0.7664098038475136	0.03138083963881193	51.0	0.0	0.0	5.0
0.2603816531763672	0.6064121755219297	0.03054496278715155	54.0	0.0	0.0	5.0
0.2510226958222154	0.41841609323365797	0.03267620141509083	28.0	0.0	0.0	5.0
0.6543898026413084	0.2236389759620975	0.03286920963325885	50.0	0.0	0.0	6.0
0.32181520009292763	0.1649024569509257	0.03266148388812814	8.0	0.0	0.0	6.0
0.12589985746433474	0.9590432694517783	0.03141005679770974	4.0	0.0	0.0	6.0
0.18349017659172112	0.7726789111161622	0.033230925707400764	17.0	0.0	0.0	6.0
0.2414799814893384	0.18759253725328576	0.032448492789916066	16.0	0.0	0.0	6.0
0.2495508466879248	0.4195387499081489	0.03270887761650592	28.0	0.0	0.0	6.0
0.8835922001812635	0.7307833979982103	0.03362490160018068	33.0	0.0	0.0	6.0
0.9200385810353765	0.8059447351281587	0.03075666947885257	40.0	0.0	0.0	6.0
0.7822786505472109	0.28564543663806546	0.030714664076059703	7.0	0.0	0.0	6.0
0.9336894304236256	0.6120555999436567	0.03095603536915197	14.0	0.0	0.0	6.0
0.732082523649435	0.4938947433983838	0.03468161659228377	39.0	0.0	0.0	6.0
0.5872708998479311	0.2973868042373196	0.032137525814334954	18.0	0.0	0.0	6.0
0.14314118017443375	0.2835965737401899	0.032252326635302295	37.0	0.0	0.0	6.0
0.41934347515035686	0.2013282183857495	0.03406281391118735	30.0	0.0	0.0	6.0
0.9550365121264124	0.1419120542030869	0.03298100498964529	6.0	0.0	0.0	6.0
0.12123574764441093	0.14330341004040986	0.040239614358583004	22.0	0.0	1.4516738815473218e-06	6.0
0.9578637618440446	0.2552649838719221	0.03590530086048326	25.0	0.0	0.004748525488338373	6.0
0.14409033926461814	0.07190527745250441	0.03256644788470278	24.0	0.0	0.0	6.0
0.18946192915243218	0.90739270536553	0.03230664491124952	48.0	0.0	0.0	6.0
0.3989484719144017	0.9156153937018136	0.03165158815037389	43.0	0.0	0.0	6.0
0.7885629190723304	0.557729495816072	0.03315511804323238	46.0	0.0	0.0	6.0
0.4843245177180937	0.12032869917380967	0.034014968944151666	2.0	0.0	0.0	6.0
0.8862338752192462	0.934986783737313	0.032973451244224385	23.0	0.0	0.0	6.0
0.18590909725045185	0.40367807983770254	0.03259207834897896	42.0	0.0	0.0	6.0
0.5302220930315217	0.8478426462396812	0.031203706206170755	49.0	0.0	0.0	6.0
0.5143106927854714	0.6856128105783235	0.029519247760946055	44.0	0.0	0.0	6.0
0.5416201634462421	0.3668627193102093	0.0356850531172585	15.0	0.0	0.0020575609768656022	6.0
0.5440033599999562	0.7669073547835952	0.031412220478450735	51.0	0.0	0.0	6.0
0.232369751036141	0.7227949844101164	0.031166752079149047	19.0	0.0	0.0	6.0
0.612923845132735	0.7637899047980711	0.031378886314593485	34.0	0.0	0.0	6.0
0.8212349759300912	0.18659085146164717	0.030460369176366	45.0	0.0	0.0	6.0
0.040314766792094656	0.9673550844886842	0.03595751743266869	12.0	0.0	0.005618495567276227	6.0
0.7993701820756557	0.9205069977031178	0.03297323968402943	36.0	0.0	0.0	6.0
0.6581303110313325	0.6228535613616956	0.02996094462317671	52.0	0.0	0.0	6.0
0.7205009744349251	0.5920466882331973	0.03057560085836311	13.0	0.0	0.0	6.0
0.8941776523760785	0.32076511864177487	0.03066740089343882	9.0	0.0	0.0	6.0
0.7527694501600478	0.11269484922066036	0.031221570685210167	11.0	0.0	0.0	6.0
0.22045974333781052	0.8412103763615183	0.03301413750709316	20.0	0.0	0.0	6.0
0.7359677137688344	0.3405178001690226	0.03264533599928909	27.0	0.0	0.0	6.0
0.7940552657859202	0.6272838082046434	0.03202746863504073	53.0	0.0	0.0	6.0
0.32789023511239446	0.09441781275463282	0.03200796840572003	35.0	0.0	0.0	6.0
0.4643826614767818	0.8669097934552052	0.03144309681189899	29.0	0.0	0.0	6.0
0.6218807188801423	0.8392081193097026	0.03381766306193164	47.0	0.0	0.0	6.0
0.03330429918383453	0.33792856113071673	0.03436799107396552	41.0	0.0	0.0	6.0
0.6179337198570571	0.09492211046233343	0.03319935572089056	1.0	0.0	0.0	6.0
0.6310491489425588	0.5549756272767709	0.037670676793541226	5.0	0.0	0.12191130271817485	6.0
0.2614286486161819	0.6059143342530169	0.0305755077499387	54.0	0.0	0.0	6.0
0.3259654344877484	0.49308246518866233	0.033292018395259235	31.0	0.0	0.0	6.0
0.3366469379061262	0.27187201431969316	0.03575198729775156	10.0	0.0	0.0027215197366246002	6.0
0.20743738055880165	0.5243863097104701	0.03466219328548371	21.0	0.0	0.0	6.0
0.16916901891890884	0.21131208243314376	0.030458753712985336	38.0	0.0	0.0	6.0
0.3789323329781037	0.3484492142842824	0.034999399596937014	32.0	0.0	0.0	6.0
0.5421158148351214	0.2306026635430978	0.031053063601354885	3.0	0.0	0.0	6.0
0.04800896140280512	0.5229198870123776	0.03662792070153774	26.0	0.0	0.0	6.0
0.6196561505835262	0.8431273865039894	0.03385148072499357	47.0	0.0	0.0	7.0
0.3379600203027028	0.2715473565762919	0.03578773928504931	10.0	0.0	0.003128437532893713	7.0
0.9182879510177513	0.8052943506937925	0.03078742614833142	40.0	0.0	0.0	7.0
0.20614967287003272	0.5239262748621573	0.03469685547876919	21.0	0.0	0.0	7.0
0.24211145486448865	0.18961814308764569	0.032480941282705976	16.0	0.0	0.0	7.0
0.25598367621703877	0.6028010758950545	0.030606083257688634	54.0	0.0	0.0	7.0
0.1433129694769629	0.07042933821067211	0.03259901433258748	24.0	0.0	0.0	7.0
0.1707579071941553	0.21142732165306932	0.030489212466698317	38.0	0.0	0.0	7.0
0.1430856130270337	0.28300991739887266	0.03228457896193759	37.0	0.0	0.0	7.0
0.4596207721498007	0.8661694074481243	0.03147453990871089	29.0	0.0	0.0	7.0
0.8937123685013513	0.3215388066273006	0.030698068294332255	9.0	0.0	0.0	7.0
0.5427812768803352	0.2293768815640744	0.031084116664956238	3.0	0.0	0.0	7.0
0.7181867881336085	0.5918348402094731	0.030606176459221472	13.0	0.0	0.0	7.0
0.543257415370369	0.7668390686237921	0.031443632698929184	51.0	0.0	0.0	7.0
0.038942453456411216	0.9615708500456596	0.03599347495010135	12.0	0.0	0.006275534728445109	7.0
0.4225357831919249	0.20471740430300545	0.034096876725098535	30.0	0.0	0.0	7.0
0.1920441533877912	0.9105052904126323	0.03233895155616077	48.0	0.0	0.0	7.0
0.32339099166357327	0.09485826836653505	0.03203997637412575	35.0	0.0	0.0	7.0
0.22020138925748564	0.8418164843184648	0.033047151644600245	20.0	0.0	0.0	7.0
0.5289268161525681	0.8492891134150852	0.031234909912376922	49.0	0.0	0.0	7.0
0.18599729151790406	0.4045506465234454	0.03262467042732794	42.0	0.0	0.0	7.0
0.7547544814839292	0.11508758441853285	0.031252792255895376	11.0	0.0	0.0	7.0
0.32761300430015666	0.4953441562530414	0.03332531041365449	31.0	0.0	0.0	7.0
0.8851834644978349	0.9323874494980949	0.033006424695468606	23.0	0.0	0.0	7.0
0.250655048573807	0.4155600988139631	0.03274158649412242	28.0	0.0	0.0	7.0
0.3225488699117125	0.16566198160596723	0.032694145372016266	8.0	0.0	0.0	7.0
0.7814075363844705	0.28755435605563	0.03074537874013576	7.0	0.0	0.0	7.0
0.7365803248393782	0.495036913783423	0.03471629820887605	39.0	0.0	0.0	7.0
0.046678161203993616	0.5268386092692533	0.034963015215104205	26.0	0.0	0.0	7.0
0.6168869268917732	0.09800453477746578	0.03323255507661145	1.0	0.0	0.0	7.0
0.9572503835342989	0.14244466343377285	0.03301398599463493	6.0	0.0	0.0	7.0
0.5850422638172149	0.2982630219057497	0.032169663340149285	18.0	0.0	0.0	7.0
0.037524005216140445	0.33466774389062653	0.03440235906503948	41.0	0.0	0.0	7.0
0.957643960316105	0.2534362546209523	0.03594120616134374	25.0	0.0	0.005336226539853328	7.0
0.646384881356671	0.2247291821644891	0.032902078842892105	50.0	0.0	0.0	7.0
0.12098039092199919	0.14331547652651808	0.03849006590820984	22.0	0.0	5.670617241548825e-06	7.0
0.3948757577196613	0.9169273688549008	0.03168323973852426	43.0	0.0	0.0	7.0
0.6590100578278316	0.6204152701622812	0.029990905567799885	52.0	0.0	0.0	7.0
0.7836320843497907	0.5549920042850415	0.03318827316127561	46.0	0.0	0.0	7.0
0.17847335705754558	0.7777433329386606	0.03326415663310816	17.0	0.0	0.0	7.0
0.5443839049620048	0.3709743889224669	0.03572073817037576	15.0	0.0	0.0023961419516496107	7.0
0.8220617793180891	0.18474840800188475	0.030490829545542362	45.0	0.0	0.0	7.0
0.1237305820091616	0.9569345973081257	0.031441466854507445	4.0	0.0	0.0	7.0
0.6111995497053994	0.7653635625614998	0.031410265200908075	34.0	0.0	0.0	7.0
0.48173599559807895	0.12084888455289891	0.03246883399214477	2.0	0.0	0.0	7.0
0.5125685040995548	0.6866830672491447	0.029548767008706997	44.0	0.0	0.0	7.0
0.6359080976292085	0.5556373771937193	0.03770834747033476	5.0	0.0	0.1271431946751278	7.0
0.37889633453310045	0.3465434836595299	0.03503439899653395	32.0	0.0	2.6050574319924635e-07	7.0
0.23207355805436178	0.7219044290648032	0.031197918831228192	19.0	0.0	0.0	7.0
0.9319111635736675	0.6124597954062826	0.030986991404521116	14.0	0.0	0.0	7.0
0.7990350107625844	0.9205101630429122	0.03300621292371346	36.0	0.0	0.0	7.0
0.7360013884820605	0.3387350861582091	0.03267798133528838	27.0	0.0	0.0	7.0
0.8053415280840399	0.6306082812923244	0.03205949610367577	53.0	0.0	0.0	7.0
0.8804256505744509	0.7341452368915616	0.03365852650178086	33.0	0.0	0.0	7.0
0.39881977143593866	0.9179289106026759	0.031714922978262776	43.0	0.0	0.0	8.0
0.7369076932639131	0.3411982972507723	0.03271065931662367	27.0	0.0	0.0	8.0
0.31886978586325815	0.1623465223040125	0.03272683951738828	8.0	0.0	0.0	8.0
0.9295214099001846	0.6121496415798359	0.031017978395925634	14.0	0.0	0.0	8.0
0.33629525821663697	0.26632320906517687	0.035823527024334355	10.0	0.0	0.0035744855009198773	8.0
0.5431516064010612	0.23145585750732017	0.03111520078162119	3.0	0.0	0.0	8.0
0.2455698509241178	0.1912893703397295	0.032513422223988675	16.0	0.0	0.0	8.0
0.4250108957490214	0.2033837664980979	0.03413097360182363	30.0	0.0	0.0	8.0
0.4523195307784096	0.8638680367659167	0.03150601444861959	29.0	0.0	0.0	8.0
0.6469204034783894	0.2250398662823844	0.032934980921734996	50.0	0.0	0.0	8.0
0.8973347983238893	0.32175572243462913	0.030728766362626583	9.0	0.0	0.0	8.0
0.6184165293907142	0.8466320586878158	0.03388533220571856	47.0	0.0	0.0	8.0
0.9265122733521185	0.8020009184087403	0.03081821357447975	40.0	0.0	0.0	8.0
0.8263139969952991	0.18611820801024834	0.0305213203750879	45.0	0.0	0.0	8.0
0.04961692433587499	0.5003244970449056	0.01940966148310417	58.0	26.0	0.0	8.0
0.21859883142675687	0.839189296445456	0.03308019879624484	20.0	0.0	0.0	8.0
0.16417636802469787	0.21391972507117185	0.030519701679165012	38.0	0.0	0.0	8.0
0.32028493474714353	0.08976628671866634	0.032072016350499874	35.0	0.0	0.0	8.0
0.5135034983776151	0.685922180292128	0.0295783157757157	44.0	0.0	0.0	8.0
0.1680216161370105	0.7759832232409737	0.03329742078974127	17.0	0.0	0.0	8.0
0.7366474311860811	0.49148435422104886	0.03475101450708492	39.0	0.0	0.0	8.0
0.5418171904799473	0.37469099148619944	0.03575645890854613	15.0	0.0	0.0027703586687692905	8.0
0.7838971606814565	0.5543115068765021	0.03322146143443688	46.0	0.0	0.0	8.0
0.6579778677888899	0.6180353656970448	0.03002089647336768	52.0	0.0	0.0	8.0
0.22957623599646673	0.7210825575982671	0.031229116750059415	19.0	0.0	0.0	8.0
0.18562590065850615	0.40483392584700795	0.032657295097755265	42.0	0.0	0.0	8.0
0.25045394362895834	0.41486935217971094	0.03277432808061654	28.0	0.0	0.0	8.0
0.5464753693495313	0.7675705012528978	0.03147507633162811	51.0	0.0	0.0	8.0
0.12004711053881394	0.14154352042139312	0.03674051745783666	22.0	0.0	1.4434940965202259e-05	8.0
0.9570644285837699	0.2537253630098762	0.03597714736750508	25.0	0.0	0.005971180136498333	8.0
0.14280102775470122	0.06858471403507727	0.032631613346920066	24.0	0.0	0.0	8.0
0.7180067895304258	0.5920076195193209	0.03063678263568069	13.0	0.0	0.0	8.0
0.6367306153467522	0.5535258300338929	0.03774605581780509	5.0	0.0	0.1325281257396682	8.0
0.7545159575092645	0.11369792780321836	0.03128404504815127	11.0	0.0	0.0	8.0
0.04883535451095966	0.5478737788101059	0.01940966148310417	57.0	26.0	0.0	8.0
0.038986908282646254	0.9615265349384631	0.03602946842505145	12.0	0.0	0.006982630588211691	8.0
0.03733482015909741	0.3346184323694112	0.03443676142410452	41.0	0.0	0.0	8.0
0.6198066918997229	0.0938331257405258	0.03326578763168806	1.0	0.0	0.0	8.0
0.9569757573467286	0.14295820983603677	0.033046999980629564	6.0	0.0	0.0	8.0
0.8036203611168914	0.6315497087063748	0.03209155559977944	53.0	0.0	0.0	8.0
0.8855063328372437	0.9320655959158631	0.033039431120164074	23.0	0.0	0.0	8.0
0.2553451087717915	0.6020602832246706	0.030636689340946318	54.0	0.0	0.0	8.0
0.3239621367321519	0.4995259458144043	0.03335863572406814	31.0	0.0	0.0	8.0
0.4792370210004107	0.09659653407565638	0.018335797022309246	55.0	2.0	0.0	8.0
0.47954367304888906	0.14175112647880658	0.018335797022309246	56.0	2.0	0.0	8.0
0.37898066915571144	0.346665600192864	0.03506943339553048	32.0	0.0	2.1423241634010992e-06	8.0
0.6111573836584894	0.7652466958658735	0.03144167546610898	34.0	0.0	0.0	8.0
0.1390562326611283	0.2791905953022962	0.03231686354089953	37.0	0.0	0.0	8.0
0.183296985422372	0.910477755212844	0.03237129050771693	48.0	0.0	0.0	8.0
0.20675730085650007	0.5252578028198409	0.034731552334247955	21.0	0.0	0.0	8.0
0.5290727553837594	0.8493975497330163	0.031266144822289295	49.0	0.0	0.0	8.0
0.7982307045979179	0.9207144083269947	0.03303921913663717	36.0	0.0	0.0	8.0
0.7817084303966955	0.2873507260375361	0.03077612411887589	7.0	0.0	0.0	8.0
0.12201494291357069	0.9592897300514998	0.03147290832136195	4.0	0.0	0.0	8.0
0.8842674306969197	0.731098441268188	0.03369218502828264	33.0	0.0	0.0	8.0
0.5873807284997702	0.2985815020769274	0.03220183300348943	18.0	0.0	0.0	8.0
0.956001090404946	0.14317974911482909	0.03308004698061019	6.0	0.0	0.0	9.0
0.5874536718546046	0.29883805184756557	0.03223403483649292	18.0	0.0	0.0	9.0
0.16465686074248448	0.7796468397289665	0.033330718210531005	17.0	0.0	0.0	9.0
0.164944066272797	0.2102779352762347	0.030550221380844175	38.0	0.0	0.0	9.0
0.5437096177704643	0.23195238717328437	0.03114631598240281	3.0	0.0	0.0	9.0
0.8043007038794963	0.6321706154565714	0.032123647155379215	53.0	0.0	0.0	9.0
0.2578436420431485	0.4139524916026067	0.03280710240869715	28.0	0.0	0.0	9.0
0.6469356786213241	0.22534289132306012	0.03296791590265673	50.0	0.0	0.0	9.0
0.18499717598422008	0.9109785620891591	0.03240366179822464	48.0	0.0	0.0	9.0
0.5293609218559885	0.8514647461493078	0.03129741096711158	49.0	0.0	0.0	9.0
0.20882112878879214	0.5269158323808959	0.0347662838865822	21.0	0.0	0.0	9.0
0.8258990784882108	0.18667297046557302	0.030551841695462986	45.0	0.0	0.0	9.0
0.6199158903070552	0.09556530424259954	0.03329905341931975	1.0	0.0	0.0	9.0
0.9597911735314345	0.2555958243332991	0.03601312451487258	25.0	0.0	0.0066553124097623595	9.0
0.1407250785732989	0.27534276332531027	0.032349180404440424	37.0	0.0	0.0	9.0
0.8994720551137494	0.32244421361519976	0.030759495128989206	9.0	0.0	0.0	9.0
0.73676905693119	0.4916809491741204	0.034785765521592	39.0	0.0	0.0	9.0
0.4232051457211451	0.20042347109785982	0.034165104575425445	30.0	0.0	0.0	9.0
0.11594666648701082	0.9617642167649766	0.03150438122968331	4.0	0.0	0.0	9.0
0.3202546145746989	0.0890787387399192	0.03210408836685037	35.0	0.0	0.0	9.0
0.21307303520110585	0.8358424382955958	0.03311327899504108	20.0	0.0	0.0	9.0
0.04256693319634557	0.5057018957357768	0.019429071144587272	58.0	0.0	0.0	9.0
0.47882966629446383	0.09623863140321277	0.018354132819331553	55.0	0.0	0.0	9.0
0.9291141784880601	0.61536669455418	0.031048996374321555	14.0	0.0	0.0	9.0
0.8849216741763827	0.7295899622872031	0.03372587721331092	33.0	0.0	0.0	9.0
0.23224139573947294	0.7127190876738327	0.03126034586680947	19.0	0.0	0.0	9.0
0.8873454197020533	0.9328155281358231	0.03307247055128423	23.0	0.0	0.0	9.0
0.37850131027943973	0.3464736407906112	0.03510450282892601	32.0	0.0	7.3040563535187175e-06	9.0
0.14469602540903742	0.15483462747711715	0.020044776243997055	59.0	22.0	0.0	9.0
0.17439654984180353	0.40158885702571623	0.032689952392853015	42.0	0.0	0.0	9.0
0.7264285275686054	0.34363679673608266	0.03274336997594029	27.0	0.0	0.0	9.0
0.9280278027927702	0.7990334555902842	0.030849031788054225	40.0	0.0	0.0	9.0
0.6604117644215866	0.6300079218097419	0.030050917369841043	52.0	0.0	0.0	9.0
0.043218686829596974	0.5519383407667365	0.019429071144587272	57.0	0.0	0.0	9.0
0.7869085663359425	0.2868299223084185	0.03080690024299476	7.0	0.0	0.0	9.0
0.7567734399392683	0.11204252143541361	0.031315329093199416	11.0	0.0	0.0	9.0
0.7211188651312165	0.5949204813449135	0.03066741941831637	13.0	0.0	0.0	9.0
0.31742707638123613	0.5087384458470094	0.03339199435979221	31.0	0.0	0.0	9.0
0.544176592675709	0.7679131104957424	0.031506551407959736	51.0	0.0	0.0	9.0
0.7812600583348325	0.5564852888378823	0.033254682895871315	46.0	0.0	0.0	9.0
0.4778628187675845	0.14105334359391988	0.018354132819331553	56.0	0.0	0.0	9.0
0.6177931689716304	0.8463732794251572	0.03391921753792427	47.0	0.0	0.0	9.0
0.608071096407964	0.7644006077513279	0.03147311714157509	34.0	0.0	0.0	9.0
0.09805106261531621	0.12756093748078876	0.020044776243997055	60.0	22.0	0.0	9.0
0.038491725421189414	0.33426972481665335	0.03447119818552862	41.0	0.0	0.0	9.0
0.14875864261824176	0.06719106088948032	0.03266424496026698	24.0	0.0	0.0	9.0
0.24490966773287456	0.1928381838314758	0.03254593564621266	16.0	0.0	0.0	9.0
0.39824246537832564	0.9189168277187898	0.031746637901241034	43.0	0.0	0.0	9.0
0.6328063257892237	0.5458799674452195	0.03778380187362289	5.0	0.0	0.13806860674343113	9.0
0.543142541708286	0.37709605452466993	0.03579221536745467	15.0	0.0	0.003182070239802215	9.0
0.3186081877626703	0.16144799637445953	0.03275956635690566	8.0	0.0	0.0	9.0
0.801953699888223	0.9199418240484039	0.0330722583557738	36.0	0.0	0.0	9.0
0.33468958749388716	0.26204257424556054	0.035859350551358686	10.0	0.0	0.00406154298420347	9.0
0.04110838209321275	0.9609735678994555	0.036065497893476496	12.0	0.0	0.007741725355785434	9.0
0.4513251810267755	0.8640419333990159	0.03153752046306821	29.0	0.0	0.0	9.0
0.25566139628240003	0.6015561599895083	0.03066732603028726	54.0	0.0	0.0	9.0
0.5152319365580036	0.6849625892397055	0.029607894091491414	44.0	0.0	0.0	9.0
0.5293941345621297	0.8504100157873546	0.03132870837807869	49.0	0.0	0.0	10.0
0.7293156480158792	0.34561727061110137	0.03277611334591622	27.0	0.0	0.0	10.0
0.039754020051463994	0.9602216557328829	0.03610156339136997	12.0	0.0	0.008554772354116835	10.0
0.044220003736739025	0.5043566470612895	0.019448500215731856	58.0	0.0	0.0	10.0
0.31711148486753815	0.16481326063221943	0.03279232592326256	8.0	0.0	0.0	10.0
0.9559327748196729	0.14453497918336602	0.0331131270275908	6.0	0.0	0.0	10.0
0.9272764673053555	0.7988873834937523	0.030879880819842276	40.0	0.0	0.0	10.0
0.16498117775578472	0.21175128948833422	0.030580771602225016	38.0	0.0	0.0	10.0
0.9009536461745165	0.32234612914802563	0.03079025462411819	9.0	0.0	0.0	10.0
0.18366188270981135	0.9091695877371576	0.03243606546002286	48.0	0.0	0.0	10.0
0.39754279340781523	0.9187250166233616	0.03177838453914227	43.0	0.0	0.0	10.0
0.32124850841303115	0.07842212303326204	0.03213619245521722	35.0	0.0	0.0	10.0
0.6309191868028359	0.5453626190141535	0.037821585675496504	5.0	0.0	0.14376716193910966	10.0
0.9299662843160138	0.6139293754666268	0.031080045370695874	14.0	0.0	0.0	10.0
0.09800896774426147	0.12822867460690532	0.020064821020241052	60.0	0.0	0.0	10.0
0.31005127034291546	0.51581842677097	0.033425386354152	31.0	0.0	0.0	10.0
0.1393926897739697	0.27545628050386706	0.03238152958484486	37.0	0.0	0.0	10.0
0.334829802003471	0.2620403671651417	0.035895209901910044	10.0	0.0	0.004591500181376773	10.0
0.21213799498041655	0.529011418061613	0.03480105017046878	21.0	0.0	0.0	10.0
0.5407180830815038	0.3783055332960522	0.035828007582822126	15.0	0.0	0.003633146548011723	10.0
0.477106507667467	0.10371079754846403	0.018372486952150883	55.0	0.0	0.0	10.0
0.03818563637023364	0.5581629832875199	0.019448500215731856	57.0	0.0	0.0	10.0
0.9585446080902807	0.26169939194793007	0.036049137639387455	25.0	0.0	0.007390560538752311	10.0
0.14713454129069234	0.06714503616696868	0.03269690920522724	24.0	0.0	0.0	10.0
0.12181015287017648	0.9646893078465019	0.03153588561091299	4.0	0.0	0.0	10.0
0.8842655380084419	0.9286430911905321	0.033105543021835514	23.0	0.0	0.0	10.0
0.2451302960246349	0.19155278866060804	0.032578481581858866	16.0	0.0	0.0	10.0
0.5429208409607922	0.23013371679225805	0.03117746229838521	3.0	0.0	0.0	10.0
0.6174333868027669	0.846923369714272	0.03395313675546219	47.0	0.0	0.0	10.0
0.6258819357821203	0.09944058956035695	0.033332352472739066	1.0	0.0	0.0	10.0
0.6428182285842553	0.22410183384577564	0.03300088381855938	50.0	0.0	0.0	10.0
0.7567371598810375	0.112062963194521	0.03134664442229261	11.0	0.0	0.0	10.0
0.03379832358528467	0.3366853761230029	0.034505669383714146	41.0	0.0	0.0	10.0
0.8089885785896526	0.6401927583100688	0.03215577080253459	53.0	0.0	0.0	10.0
0.7812467541956345	0.5564747377413101	0.033287937578767184	46.0	0.0	0.0	10.0
0.7927072124698049	0.28936657398480725	0.030837707143237754	7.0	0.0	0.0	10.0
0.885337835503857	0.7309249018842471	0.033759603090524226	33.0	0.0	0.0	10.0
0.47711227438300224	0.14081677000944132	0.018372486952150883	56.0	0.0	0.0	10.0
0.8008548620945685	0.9187301621828947	0.03310533061412957	36.0	0.0	0.0	10.0
0.21680065602032897	0.8395118453667498	0.03314639227403612	20.0	0.0	0.0	10.0
0.827473076570447	0.18803842561670975	0.030582393537158446	45.0	0.0	0.0	10.0
0.1457716504789761	0.1537890522752288	0.020064821020241052	59.0	0.0	0.0	10.0
0.4501284829869086	0.8658716293308986	0.031569057983531275	29.0	0.0	0.0	10.0
0.17728690284871396	0.40276746848144257	0.03272264234524586	42.0	0.0	0.0	10.0
0.16538517404977515	0.7791127693545433	0.033364048928741535	17.0	0.0	0.0	10.0
0.4255180246294577	0.19868224009429405	0.034199269680000866	30.0	0.0	0.0	10.0
0.3826636664732608	0.3454445041784373	0.03513960733175493	32.0	0.0	1.741424514989376e-05	10.0
0.7385923399604634	0.49567640755049036	0.03482055128711359	39.0	0.0	0.0	10.0
0.23193070710062566	0.7168236553704772	0.03129160621267628	19.0	0.0	0.0	10.0
0.25975522689646985	0.41404282058184577	0.032839909511105846	28.0	0.0	0.0	10.0
0.7220025776172089	0.5983551316137536	0.030698086837734683	13.0	0.0	0.0	10.0
0.5156357537073816	0.6845058834574501	0.029637501985582904	44.0	0.0	0.0	10.0
0.5851112710263873	0.30120267863763645	0.032266268871329405	18.0	0.0	0.0	10.0
0.6177660277477498	0.764243841018275	0.03150459025871666	34.0	0.0	0.0	10.0
0.65802553194253	0.6280155705055324	0.03008096828721088	52.0	0.0	0.0	10.0
0.25822623158967206	0.5987279781130939	0.030697993356317545	54.0	0.0	0.0	10.0
0.5353290825635975	0.7639827054104182	0.03153805795936769	51.0	0.0	0.0	10.0
0.6151327169437186	0.8424185728550745	0.033987089892217645	47.0	0.0	0.0	11.0
0.1634739442911875	0.778375202685238	0.03339741297767027	17.0	0.0	0.0	11.0
0.097359289752173	0.1278572098334251	0.02008488584126129	60.0	0.0	0.0	11.0
0.25984585388970316	0.5986412226465891	0.030728691349673858	54.0	0.0	0.0	11.0
0.45592917095754737	0.865780322198177	0.031600627041514805	29.0	0.0	0.0	11.0
0.03828081133492501	0.9622439937030665	0.03613766495476133	12.0	0.0	0.009423736065429011	11.0
0.5365136274319338	0.7599140815307824	0.031569596017327055	51.0	0.0	0.0	11.0
0.6573309269605576	0.6276959495565586	0.03011104925549809	52.0	0.0	0.0	11.0
0.31012166594185175	0.5160174500684793	0.03345881174050615	31.0	0.0	0.0	11.0
0.2167944092570962	0.8400079265678179	0.03317953866631015	20.0	0.0	0.0	11.0
0.24507671795244038	0.19152391977446878	0.03261106006344072	16.0	0.0	0.0	11.0
0.4747551940225937	0.14860165157318939	0.01839085943910303	56.0	0.0	0.0	11.0
0.03897655634330738	0.5042080552171764	0.019467948715947585	58.0	0.0	0.0	11.0
0.9316569824735307	0.789749136851937	0.030910760700662114	40.0	0.0	0.0	11.0
0.5398066574767851	0.37612941592867555	0.035863835590404944	15.0	0.0	0.004125468292755841	11.0
0.5467746544944714	0.23085781276686482	0.03120863976068359	3.0	0.0	0.0	11.0
0.9265831245440651	0.6127685617903103	0.031111125416066567	14.0	0.0	0.0	11.0
0.03822185433155355	0.5580584996201726	0.019467948715947585	57.0	0.0	0.0	11.0
0.8090366948894288	0.640484075567869	0.03218792657333712	53.0	0.0	0.0	11.0
0.7305230006292772	0.5874006049662227	0.030728784924572414	13.0	0.0	0.0	11.0
0.3871818485384256	0.34814233828677266	0.03517474693908668	32.0	0.0	3.415141524953924e-05	11.0
0.7311893270697795	0.34472634528109786	0.032808889459262136	27.0	0.0	0.0	11.0
0.9592364865404133	0.26251232333317037	0.03608518677702684	25.0	0.0	0.008178872795625125	11.0
0.82832063679973	0.18425449303678026	0.0306129759306956	45.0	0.0	0.0	11.0
0.39662433040219425	0.9182151060623852	0.03181016292368141	43.0	0.0	0.0	11.0
0.3203588703916036	0.16572553256579606	0.03282511824918582	8.0	0.0	0.0	11.0
0.2336436470999907	0.7157262757564976	0.03132289781888895	19.0	0.0	0.0	11.0
0.3205004182281107	0.078122550099836	0.03216832864767243	35.0	0.0	0.0	11.0
0.47820948486342074	0.09340805781170972	0.01839085943910303	55.0	0.0	0.0	11.0
0.16849472465685075	0.20903616331102542	0.030611352373827238	38.0	0.0	0.0	11.0
0.5141505632393982	0.6844450717268501	0.029667139487568484	44.0	0.0	0.0	11.0
0.8873370628747719	0.7279097863334264	0.03379336269361475	33.0	0.0	0.0	11.0
0.25866307123280907	0.41651817784786704	0.03287274942061695	28.0	0.0	0.0	11.0
0.6210186880846006	0.10179069404393665	0.0333656848252118	1.0	0.0	0.0	11.0
0.03686581517561657	0.33362752548759467	0.03454017505309786	41.0	0.0	0.0	11.0
0.7565628544341667	0.11153888377003378	0.0313779910667149	11.0	0.0	0.0	11.0
0.8030169689352002	0.9218608928828338	0.033138435944743694	36.0	0.0	0.0	11.0
0.6410714815361825	0.22033703110605796	0.03303388470237794	50.0	0.0	0.0	11.0
0.9005376146213668	0.3248649672919749	0.030821044878742307	9.0	0.0	0.0	11.0
0.7932453596783255	0.289669789473904	0.03086854485038099	7.0	0.0	0.0	11.0
0.9579696237924074	0.14644144302880358	0.03314624015461838	6.0	0.0	0.0	11.0
0.8835811349913365	0.9331380791117492	0.03313864856485735	23.0	0.0	0.0	11.0
0.1836880669989533	0.9050106183572596	0.032468501525482876	48.0	0.0	0.0	11.0
0.526987268674103	0.851252822079194	0.031360037086456766	49.0	0.0	0.0	11.0
0.13977217387654797	0.27532070943203973	0.0324139111144297	37.0	0.0	0.0	11.0
0.737615706049587	0.49632841774909975	0.0348553718384007	39.0	0.0	0.0	11.0
0.14704296592211308	0.06629268670028336	0.032729606114432465	24.0	0.0	0.0	11.0
0.12807274111761946	0.9661959501459106	0.031567421496523904	4.0	0.0	0.0	11.0
0.5843891566761763	0.3000832774333358	0.03229853514020073	18.0	0.0	0.0	11.0
0.18256610808894527	0.4113007367095612	0.03275536498759111	42.0	0.0	0.0	11.0
0.6172990339956951	0.7635395488780009	0.03153609484897537	34.0	0.0	0.0	11.0
0.21259514743920033	0.5294846807673547	0.034835851220639244	21.0	0.0	0.0	11.0
0.7857711475886388	0.5519645642643103	0.03332122551634595	46.0	0.0	0.0	11.0
0.6302810281007198	0.546631821290096	0.037859407261172	5.0	0.0	0.14962632905427142	11.0
0.14590109590873473	0.1537294882465023	0.02008488584126129	59.0	0.0	0.0	11.0
0.3349357132462997	0.2627359657311002	0.03593110511181195	10.0	0.0	0.005166258190826056	11.0
0.42672734140534907	0.20224323788309137	0.034233468949680865	30.0	0.0	0.0	11.0
