# x	y	r	id	split_id	s_prob	t
2.0	0.5	0.0	-1.0	0.0	0.0	0.0
0.7657042693822125	0.3537679657985806	0.11401830679692489	1.0	0.0	3157.643760594298	0.0
0.5780296311719634	0.2269062502747998	0.10495374510614414	2.0	0.0	2190.851214461114	0.0
0.7493771493546935	0.7805817978662297	0.099667050483632	3.0	0.0	1730.72924652786	0.0
0.11015586821388683	0.36346657111220354	0.11015586821388683	4.0	0.0	2716.86877599146	0.0
0.7175636445172461	0.08821640050053992	0.08821640050053992	5.0	0.0	964.5316031423487	0.0
0.10004440269839468	0.7407794692944462	0.10004440269839468	6.0	0.0	1761.2044080103929	0.0
0.23678544105478344	0.5496690510495568	0.11000272990424519	7.0	0.0	2700.2948403900346	0.0
0.43574841379387536	0.427891811135369	0.12053413040049901	8.0	0.0	4004.9611463251777	0.0
0.9477391254823762	0.23444741012614528	0.09363865547687901	9.0	0.0	1290.4226741141706	0.0
0.4628236356788498	0.06653166127477031	0.06653166127477031	10.0	0.0	200.6413917545164	0.0
0.6317578780735961	0.5533891731528654	0.10937198670194588	11.0	0.0	2632.7409156129333	0.0
0.5702444586183861	0.23281407014087133	0.10505869885125027	2.0	0.0	2200.7270200461326	1.0
0.7144221474241328	0.08830461690104044	0.08830461690104044	5.0	0.0	969.3362478878801	1.0
0.647190583637659	0.5601403004913118	0.10948135868864782	11.0	0.0	2644.373189404399	1.0
0.43818493661743213	0.42791482152543725	0.1206546645308995	8.0	0.0	4021.916311214808	1.0
0.9499202800158943	0.2414439986168063	0.09373229413235588	9.0	0.0	1296.614485741161	1.0
0.10097603341191103	0.7530874228330395	0.10014444710109306	6.0	0.0	1769.3436076058636	1.0
0.24084728872490355	0.5591982916548095	0.11011273263414942	7.0	0.0	2712.193434108681	1.0
0.7629629964975851	0.765601012723292	0.09976671753411562	3.0	0.0	1738.7439621616113	1.0
0.7669822206381862	0.35566919763056093	0.1141323251037218	1.0	0.0	3171.3323205640067	1.0
0.11402706305415346	0.36180205113740105	0.1102660240821007	4.0	0.0	2728.8326284442614	1.0
0.4546656894998536	0.04299714680351016	0.06659819293604508	10.0	0.0	201.91413071496407	1.0
0.731070669754299	0.10553984023449307	0.08839292151794147	5.0	0.0	974.1616504163533	2.0
0.7611353830389134	0.7634808253185696	0.09986648425164972	3.0	0.0	1746.7914346770178	2.0
0.10108824648306712	0.7553134819014886	0.10024459154819415	6.0	0.0	1777.516021670521	2.0
0.23355348001810988	0.5648637971431765	0.11022284536678356	7.0	0.0	2724.1388809211094	2.0
0.46429727627821604	0.03749011833025364	0.06666479112898112	10.0	0.0	203.1935214160745	2.0
0.9581556555219933	0.2347084569269395	0.09382602642648823	9.0	0.0	1302.832293955521	2.0
0.7800026404337251	0.3595778907282954	0.11424645742882551	1.0	0.0	3185.074131773805	2.0
0.11582861794070097	0.3640301303591117	0.1103762901061828	4.0	0.0	2740.843568174404	2.0
0.6450558292165273	0.5573232033088091	0.10959084004733645	11.0	0.0	2656.0513598119396	2.0
0.4294328018270285	0.41531999646992884	0.12077531919543039	8.0	0.0	4038.9362891756214	2.0
0.5742947571406798	0.23181263962761686	0.1051637575501015	2.0	0.0	2210.642379841904	2.0
0.4693699592005638	0.04287564670009124	0.0667314559201101	10.0	0.0	204.47959263274936	3.0
0.24557034224061572	0.5840914153056965	0.11033306821215033	7.0	0.0	2736.131348969013	3.0
0.5697340530393725	0.22129709535201908	0.10526892130765159	2.0	0.0	2220.5974373833515	3.0
0.6422302407328172	0.5775928979136604	0.1371255386092297	11.0	0.0	2667.7755917616105	3.0
0.14467120511353196	0.3628491588414689	0.11048666639628897	4.0	0.0	2752.9017641105156	3.0
0.7690535060388004	0.34212632255610764	0.11436070388625433	1.0	0.0	3198.8693838151676	3.0
0.7596550676658558	0.7741000434756831	0.09996635073590136	3.0	0.0	1754.8717845291505	3.0
0.971510464029219	0.22615281889533073	0.0939198524529147	9.0	0.0	1309.0761960533566	3.0
0.42040860920459105	0.41495049721547705	0.15112011814328227	8.0	0.0	4056.021308332734	3.0
0.10034483613974234	0.7560050022622851	0.10034483613974234	6.0	0.0	1785.7217722189744	3.0
0.7274835818391855	0.08464122634061494	0.0884813144394594	5.0	0.0	979.0078898886833	3.0
0.5778458247100869	0.22888960693224683	0.10537419022895923	2.0	0.0	2230.5923366909124	4.0
0.6461696402077263	0.5640620176545181	0.13164051706486052	11.0	0.0	2679.5460507341163	4.0
0.9661453661959418	0.23560510317182967	0.0940137723053676	9.0	0.0	1315.346289665844	4.0
0.7730816887967178	0.3405132355921424	0.1430938307376757	1.0	0.0	3212.7182669136723	4.0
0.7200172667519287	0.07916619567140142	0.08856979575389885	5.0	0.0	983.875045741331	4.0
0.10236415970054337	0.7557429246531298	0.10044518097588206	6.0	0.0	1793.960981681525	4.0
0.15638384005072908	0.36236958021786997	0.11059715306268525	4.0	0.0	2765.007385748795	4.0
0.43047575871102045	0.43536577169418306	0.14507531341755098	8.0	0.0	4073.1715975690176	4.0
0.7554966828709656	0.774454330534766	0.10006631708663725	3.0	0.0	1762.9851325836994	4.0
0.23741103761250865	0.5877857381882684	0.11044340128036247	7.0	0.0	2748.171006959114	4.0
0.44891301146233437	0.04177986526743353	0.0667981873760302	10.0	0.0	205.7723732470475	4.0
0.1563204820074814	0.3590154530234706	0.11070775021574793	4.0	0.0	2777.160603154835	5.0
0.9685057941378374	0.23894413064717904	0.09410778607767296	9.0	0.0	1321.6426727603307	5.0
0.2331254507420306	0.5838160660325955	0.11055384468164281	7.0	0.0	2760.258024164986	5.0
0.707483467776434	0.07672941699592722	0.08865836554965274	5.0	0.0	988.7631976872143	5.0
0.4298089707199779	0.03954466538000198	0.06686498556340623	10.0	0.0	207.07189224855074	5.0
0.7808110198045957	0.3529857181613317	0.13737007750816868	1.0	0.0	3226.6209719310455	5.0
0.6481626730301304	0.5635692431414082	0.12615549552049132	11.0	0.0	2691.362902766609	5.0
0.43739975814823767	0.43650409616056307	0.13903050869181968	8.0	0.0	4090.3873865275345	5.0
0.7476107674183776	0.7828265907454234	0.10016638340372389	3.0	0.0	1771.1316001183145	5.0
0.10054562615685794	0.7614609770954476	0.10054562615685794	6.0	0.0	1802.233772905522	5.0
0.5623476564108765	0.22786359535587014	0.10547956441918818	2.0	0.0	2240.627222272114	5.0
0.1542380146309028	0.3614007601251506	0.11081845796596367	4.0	0.0	2789.361586965459	6.0
0.1072276453866629	0.7640825416794347	0.10064617178301478	6.0	0.0	1810.5402691567115	6.0
0.7294467329115717	0.7755527978127782	0.1002665497871276	3.0	0.0	1779.3113088239388	6.0
0.990586301846417	0.2310558473799595	0.09420189386375062	9.0	0.0	1327.965443641429	6.0
0.24254744463622963	0.5769498025850414	0.11066439852632444	7.0	0.0	2772.39257042888	6.0
0.44011778854929356	0.4387445876848537	0.13298570396608841	8.0	0.0	4107.668905613969	6.0
0.4442870506489286	0.01993064068621695	0.06693185054896962	10.0	0.0	208.3781787347316	6.0
0.6505431798564472	0.5596667077409417	0.12067047397612217	11.0	0.0	2703.226314454479	6.0
0.5642562971150686	0.2322822631697686	0.10558504398360735	2.0	0.0	2250.702239123149	6.0
0.7109315167709611	0.08874702391520238	0.08874702391520238	5.0	0.0	993.6724257166152	6.0
0.8026766770595036	0.3714770068435509	0.13164632427866163	1.0	0.0	3240.5776903672026	6.0
0.42952659991686304	0.44575066369712757	0.12694089924035712	8.0	0.0	4125.016385999065	7.0
0.7393371453643736	0.75492028658679	0.10036681633691472	3.0	0.0	1787.5243808061593	7.0
0.5459898139770774	0.23130381451170412	0.10569062902759095	2.0	0.0	2260.81753273046	7.0
0.11070585187711178	0.7622360587801985	0.10074681795479778	6.0	0.0	1818.8805941206037	7.0
0.7897795398172528	0.36486232998764334	0.12592257104915464	1.0	0.0	3254.5886143622993	7.0
0.6982840270377227	0.09079510709176306	0.08883577093911757	5.0	0.0	998.6028100980946	7.0
0.46592112827131904	0.0137058717415098	0.06699878239951858	10.0	0.0	209.69126191132267	7.0
0.13695632855647788	0.3465975527906174	0.11092927642392962	4.0	0.0	2801.6105083905672	7.0
0.9822033113043334	0.24429655021351016	0.09429609575761436	9.0	0.0	1334.314700952125	7.0
0.22729987045376804	0.5701699024812097	0.11077506292485075	7.0	0.0	2784.574816163559	7.0
0.6427241938247037	0.5452400035396844	0.11518545243175297	11.0	0.0	2715.1364529531593	7.0
0.9886910365317642	0.24950863211373717	0.09439039185337196	9.0	0.0	1340.6905436748839	8.0
0.7231465249203587	0.5854762211185269	0.06174001744046216	14.0	11.0	122.36720278566278	8.0
0.7734893384622159	0.36522134625103814	0.1201988178196476	1.0	0.0	3268.6539366987963	8.0
0.20841433543218094	0.5596850667303277	0.11088583798777558	7.0	0.0	2796.804932354138	8.0
0.724822671664145	0.7559729953599005	0.10046718315325162	3.0	0.0	1795.770938586551	8.0
0.5954526120362865	0.4954653273131806	0.06174001744046216	15.0	11.0	122.36720278566278	8.0
0.4700622408978903	0.02309165214870613	0.06706578118191808	10.0	0.0	211.01117109268603	8.0
0.7008977823112947	0.0632000949733	0.08892460671005668	5.0	0.0	1003.5544313794086	8.0
0.4363807252917874	0.560950291548762	0.06925601753989445	12.0	8.0	257.2708556611425	8.0
0.10933246830689836	0.7894809503016129	0.10084756477275257	6.0	0.0	1827.2548719038336	8.0
0.13678221427726628	0.34856784360392074	0.11104020570035354	4.0	0.0	2813.9075392149794	8.0
0.5489509895406489	0.23738267717800696	0.10579631965661854	2.0	0.0	2270.9732490723195	8.0
0.423752555046638	0.37343105660706605	0.06925601753989445	13.0	8.0	257.2708556611425	8.0
0.8563702399420533	0.3683452879032974	0.06787866562734556	17.0	1.0	227.46916031499785	9.0
0.20612039519673594	0.5584501716291385	0.11099672382576335	7.0	0.0	2809.083090559928	9.0
0.9832111509409922	0.2496294021401937	0.09448478224522532	9.0	0.0	1347.0930711327585	9.0
0.44519613047936574	0.027440356287213377	0.0671328469631	10.0	0.0	212.33793570218498	9.0
0.43477939424836876	0.5790710789890092	0.06932527355743434	12.0	0.0	258.8344000419503	9.0
0.5546684253837263	0.24873320854815037	0.10590211597627515	2.0	0.0	2281.16953462043	9.0
0.7028086091354018	0.37299529779521884	0.06787866562734556	16.0	1.0	227.46916031499785	9.0
0.10531541664028433	0.7860402109293243	0.10094841233752531	6.0	0.0	1835.6632270355292	9.0
0.7099515394730993	0.7578079171531157	0.10056765033640486	3.0	0.0	1804.051105104028	9.0
0.5993090278870967	0.4851843227859089	0.06180175745790262	15.0	0.0	123.2167620993631	9.0
0.4196758087227525	0.3709618573999596	0.06932527355743434	13.0	0.0	258.8344000419503	9.0
0.7032546264437095	0.0650935266791122	0.08901353131676673	5.0	0.0	1008.527370388425	9.0
0.7255913333969197	0.5700716939711492	0.06180175745790262	14.0	0.0	123.2167620993631	9.0
0.14137374029646677	0.34289497932397844	0.11115124590605388	4.0	0.0	2826.25285180029	9.0
0.10998672894745225	0.782792401074929	0.10104936074986283	6.0	0.0	1844.1057844686875	10.0
0.7091354420681099	0.07798047493078374	0.08910254484808348	5.0	0.0	1013.5217082340471	10.0
0.710355780845277	0.7604628734285566	0.10066821798674125	3.0	0.0	1812.3650037162065	10.0
0.6063422032965362	0.4893838747817843	0.06186355921536051	15.0	0.0	124.07109994946937	10.0
0.5407623152126713	0.23746512722463337	0.10600801809225141	2.0	0.0	2291.4065363415157	10.0
0.8587933404815741	0.3772802674855891	0.0679465442929729	17.0	0.0	228.88091485530154	10.0
0.14274978302997102	0.3407017371273419	0.11126239715195992	4.0	0.0	2838.646619086728	10.0
0.20154163985929474	0.5624222762535744	0.1111077205495891	7.0	0.0	2821.409462916289	10.0
0.6997720514134512	0.5813664899312012	0.06186355921536051	14.0	0.0	124.07109994946937	10.0
0.45353529119623237	0.5975340676415597	0.06939459883099176	12.0	0.0	260.40583954166243	10.0
0.707193656205563	0.3770775696833811	0.0679465442929729	16.0	0.0	228.88091485530154	10.0
0.42085780006215134	0.3801842253653739	0.06939459883099176	13.0	0.0	260.40583954166243	10.0
0.464385161737003	0.031296554162413455	0.06719997981006309	10.0	0.0	213.67158527255575	10.0
0.9921313982470866	0.24592628761778637	0.09457926702747053	9.0	0.0	1353.5223829905067	10.0
0.4049408952919161	0.3612421227218786	0.06946399342982275	13.0	0.0	261.9852075380702	11.0
0.6865139965711046	0.7460224078835529	0.10076888620472797	3.0	0.0	1820.7127582007608	11.0
0.6067759884820572	0.47954725106007917	0.06192542277457587	15.0	0.0	124.93023805429324	11.0
0.4507666614767569	0.05330939706152573	0.06726717978987315	10.0	0.0	215.01214944628185	11.0
0.7037314070145878	0.5699443121370253	0.06192542277457587	14.0	0.0	124.93023805429324	11.0
0.7067611287840698	0.07776312269054288	0.08919164739293156	5.0	0.0	1018.53752630714	11.0
0.990010893487574	0.24791105217922652	0.094673846294498	9.0	0.0	1359.978579255706	11.0
0.47723967456168576	0.5962643365215098	0.06946399342982275	12.0	0.0	261.9852075380702	11.0
0.5408869900029014	0.21766246494108774	0.10611402611034365	2.0	0.0	2301.684401698927	11.0
0.8450617664454452	0.36471287036972716	0.06801449083726586	17.0	0.0	230.29991908379225	11.0
0.20066903789786844	0.5666948037089284	0.11121882827013868	7.0	0.0	2833.784222136485	11.0
0.6920953157467996	0.37750029010751507	0.06801449083726586	16.0	0.0	230.29991908379225	11.0
0.1201138301939603	0.7991617724816714	0.10115041011061268	6.0	0.0	1852.582669581549	11.0
0.1446360492882471	0.34158413036638485	0.11137365954911187	4.0	0.0	2851.0890145950234	11.0
