# x	y	r	id	split_id	s_prob	t
2.0	0.5	0.0	-1.0	0.0	0.0	0.0
0.9543236454533893	0.7971657063260673	0.032269137727172936	1.0	0.0	0.0	0.0
0.3550314081955848	0.8439538274216973	0.03183513127763152	2.0	0.0	0.0	0.0
0.37433601295970076	0.3949162192739929	0.03259457751618643	3.0	0.0	0.0	0.0
0.054407351164795115	0.9075504492845435	0.03342092182663627	4.0	0.0	0.0	0.0
0.4254448278600994	0.9332006768252085	0.03055294327233651	5.0	0.0	0.0	0.0
0.7699913965546914	0.34339739315008616	0.032550736332870055	6.0	0.0	0.0	0.0
0.523579862523003	0.8467456635010043	0.032895065236317855	7.0	0.0	0.0	0.0
0.6359812869127476	0.9091102244343378	0.03311550365383475	8.0	0.0	0.0	0.0
0.32189575961799005	0.6354043208586033	0.03349566058060505	9.0	0.0	0.0	0.0
0.4748715000530239	0.3797445348094209	0.034304070063431016	10.0	0.0	0.0	0.0
0.8482566301386029	0.572595347595222	0.026684436061874404	11.0	0.0	0.0	0.0
0.8293398173961278	0.459837071253553	0.03308785777693265	12.0	0.0	0.0	0.0
0.5191421900761944	0.9827874244579362	0.032114778855861836	13.0	0.0	0.0	0.0
0.3523143480890487	0.9241370778119861	0.031932893242654574	14.0	0.0	0.0	0.0
0.39772867894367553	0.6236229591703997	0.03134749030039071	15.0	0.0	0.0	0.0
0.7535107232351445	0.11801889795442547	0.03279887153390848	16.0	0.0	0.0	0.0
0.036945357928425994	0.7154685236844832	0.02927801507838977	17.0	0.0	0.0	0.0
0.2969488177361884	0.5442862780790607	0.033144873942427426	18.0	0.0	0.0	0.0
0.5299948580857825	0.16283563467688564	0.03595260140478748	19.0	0.0	0.005532400690498207	0.0
0.6181191275877408	0.3824122915437187	0.03265580367104017	20.0	0.0	0.0	0.0
0.7102055230472973	0.2837566238584588	0.032213806273532056	21.0	0.0	0.0	0.0
0.07186934440116423	0.5533214436324843	0.030406262295178132	22.0	0.0	0.0	0.0
0.0868367671751949	0.21530714598562484	0.03283502693817043	23.0	0.0	0.0	0.0
0.7956496952143851	0.7332913104419442	0.03140070317866495	24.0	0.0	0.0	0.0
0.8601536105001131	0.9574418585313124	0.032953488972371305	25.0	0.0	0.0	0.0
0.7094233972193968	0.9418539504543095	0.03282661824220041	26.0	0.0	0.0	0.0
0.6605879735130374	0.8108858438689287	0.03295680055048456	27.0	0.0	0.0	0.0
0.26025400546180416	0.6062284822206561	0.031869433416287986	28.0	0.0	0.0	0.0
0.8327133354143902	0.3930452914272391	0.031674872249812004	29.0	0.0	0.0	0.0
0.4428135546780211	0.8469477363603194	0.03466414407212873	30.0	0.0	0.0	0.0
0.7609944346221599	0.20470522152068646	0.03126922970056673	31.0	0.0	0.0	0.0
0.5781512289014636	0.2405707219504252	0.034762810478020024	32.0	0.0	0.0	0.0
0.697826441473845	0.4423046458011549	0.03567806452744215	33.0	0.0	0.0019952303818655537	0.0
0.20033972321159418	0.25459663076745537	0.03187873838500823	34.0	0.0	0.0	0.0
0.524333519220353	0.5800515215833733	0.033102144347512526	35.0	0.0	0.0	0.0
0.6980107845107137	0.3560838771191807	0.032819543431540706	36.0	0.0	0.0	0.0
0.33754109864020865	0.12176075364793314	0.030531293386932907	37.0	0.0	0.0	0.0
0.41923828128179275	0.12238439626351776	0.03195692084682768	38.0	0.0	0.0	0.0
0.3474784000469535	0.4959496415977395	0.03193112929736972	39.0	0.0	0.0	0.0
0.21530714598562484	0.5196447423909152	0.03105926218213489	40.0	0.0	0.0	0.0
0.1953505822869173	0.3506375935674855	0.032471561703564696	41.0	0.0	0.0	0.0
0.31010082355448576	0.033827144850502935	0.03415615785792999	42.0	0.0	0.0	0.0
0.4066534481593881	0.5494218701007625	0.03201386751291828	43.0	0.0	0.0	0.0
0.7965420637104826	0.2745531944661629	0.031561615515373245	44.0	0.0	0.0	0.0
0.9611837142248201	0.5614287976350842	0.0306429697299037	45.0	0.0	0.0	0.0
0.9374852948326049	0.8657663940403746	0.030878911932174586	46.0	0.0	0.0	0.0
0.5052845127630473	0.9144833317828973	0.03417393279903505	47.0	0.0	0.0	0.0
0.6334150907340192	0.3098466552675284	0.03352056162275099	48.0	0.0	0.0	0.0
0.7960219453676886	0.5192732721037425	0.03152966301235054	49.0	0.0	0.0	0.0
0.12051346841676391	0.37807786865320847	0.03440086927570647	50.0	0.0	0.0	0.0
0.8844756725079129	0.19722151013367112	0.031411924721443524	51.0	0.0	0.0	0.0
0.582584201489299	0.5347456986189185	0.03265097377771873	52.0	0.0	0.0	0.0
0.13735181903754842	0.1086642587206563	0.033836541019673774	53.0	0.0	0.0	0.0
0.5763962204091149	0.05565463639596434	0.03260976183016997	54.0	0.0	0.0	0.0
0.41736735343503895	0.7154685236844832	0.030251355970900267	55.0	0.0	0.0	0.0
0.2920151877025321	0.4435603432895926	0.03474983161936151	56.0	0.0	0.0	0.0
0.5291943826053656	0.30655817071952496	0.030208719666710685	57.0	0.0	0.0	0.0
0.5410257108039023	0.38395315342457137	0.03193612679208059	58.0	0.0	0.0	0.0
0.6043638794449028	0.45986075880499844	0.02957091710968086	59.0	0.0	0.0	0.0
0.7783501775724215	0.8155162483851846	0.0325510443814705	60.0	0.0	0.0	0.0
0.7857118916915988	0.8807167841964632	0.03230667063902378	61.0	0.0	0.0	0.0
0.6026843330389001	0.5999766829306739	0.03289259675158204	62.0	0.0	0.0	0.0
0.21760415123439697	0.5167670446181669	0.03109032144431702	40.0	0.0	0.0	1.0
0.054579999643554505	0.9077695592158829	0.03345434274846291	4.0	0.0	0.0	1.0
0.7594965615053354	0.20369153591216968	0.0313004989302673	31.0	0.0	0.0	1.0
0.6602696691120847	0.8131692382966341	0.03298975735103504	27.0	0.0	0.0	1.0
0.5297858047991761	0.1637972995783128	0.03598855400619227	19.0	0.0	0.006182742728640278	1.0
0.3729236735627617	0.39439151471017114	0.03262717209370262	3.0	0.0	0.0	1.0
0.5413884842282695	0.3846315336932883	0.03196806291887267	58.0	0.0	0.0	1.0
0.878751536928108	0.19458756178380962	0.031443336646164964	51.0	0.0	0.0	1.0
0.44384294079551617	0.8461928900274386	0.034698808216200853	30.0	0.0	0.0	1.0
0.3545043985822913	0.4892847253674161	0.031963060426667085	39.0	0.0	0.0	1.0
0.29704176605516824	0.5430902257206655	0.03317801881636985	18.0	0.0	0.0	1.0
0.6963382875372436	0.4435956305115873	0.035713742591969584	33.0	0.0	0.002327045178603271	1.0
0.07334071495150915	0.5506111771070672	0.030436668557473307	22.0	0.0	0.0	1.0
0.6360387460568467	0.9095641410648432	0.03314861915748858	8.0	0.0	0.0	1.0
0.41900438716106914	0.7199177550176944	0.030281607326871164	55.0	0.0	0.0	1.0
0.9379614429735621	0.8661489199674618	0.030909790844106756	46.0	0.0	0.0	1.0
0.5795078911838526	0.5305780999737338	0.03268362475149644	52.0	0.0	0.0	1.0
0.794242238506714	0.5180023632298902	0.031561192675362885	49.0	0.0	0.0	1.0
0.8289353409825189	0.4593033099206862	0.033120945634709575	12.0	0.0	0.0	1.0
0.19776685530983207	0.25631430214149004	0.031910617123393235	34.0	0.0	0.0	1.0
0.2843566421643788	0.44120318303259426	0.034784581450980866	56.0	0.0	0.0	1.0
0.6165589508095113	0.3833438826276178	0.03268845947471121	20.0	0.0	0.0	1.0
0.3220726256812101	0.6361294467683735	0.033529156241185645	9.0	0.0	0.0	1.0
0.3984724521483025	0.6242519512414141	0.031378837790691096	15.0	0.0	0.0	1.0
0.4743266837920755	0.3796598259242835	0.03433837413349444	10.0	0.0	0.0	1.0
0.5257437924529998	0.3046989270001868	0.030238928386377394	57.0	0.0	0.0	1.0
0.3976928352281793	0.5518178211101475	0.03204588138043119	43.0	0.0	0.0	1.0
0.775839840198501	0.8050391359559763	0.03258359542585197	60.0	0.0	0.0	1.0
0.605539317220502	0.45955437823924583	0.029600488026790536	59.0	0.0	0.0	1.0
0.5792779349673418	0.2397873602689227	0.03479757328849804	32.0	0.0	0.0	1.0
0.7562568632077566	0.11566673703896813	0.03283167040544239	16.0	0.0	0.0	1.0
0.7102271425894056	0.941841298905813	0.03285944486044261	26.0	0.0	0.0	1.0
0.1198036930803161	0.3770074277990832	0.034435270144982176	50.0	0.0	0.0	1.0
0.9607191255735236	0.5604901216074144	0.0306736126996336	45.0	0.0	0.0	1.0
0.3348026527981617	0.12140534486005158	0.030561824680319837	37.0	0.0	0.0	1.0
0.70992494202862	0.2842813056958322	0.032246020079805586	21.0	0.0	0.0	1.0
0.35300460656354316	0.9246635742207967	0.031964826135897226	14.0	0.0	0.0	1.0
0.13226228618991484	0.11380208379973084	0.03387037756069344	53.0	0.0	0.0	1.0
0.7704434706234464	0.343865398501176	0.032583287069202924	6.0	0.0	0.0	1.0
0.63420649630827	0.30969279288065305	0.03355408218437374	48.0	0.0	0.0	1.0
0.4240331929087947	0.932485326626773	0.03058349621560884	5.0	0.0	0.0	1.0
0.7020307163734344	0.35975262023821797	0.032852362974972245	36.0	0.0	0.0	1.0
0.5162945238923404	0.9869108450851818	0.0321468936347177	13.0	0.0	0.0	1.0
0.8489106648804369	0.5723709383079628	0.026711120497936277	11.0	0.0	0.0	1.0
0.30845711705913925	0.03214681392695925	0.03419031401578792	42.0	0.0	0.0	1.0
0.3569499299320733	0.844736151134849	0.031866966408909146	2.0	0.0	0.0	1.0
0.08421509005536873	0.21275871097750013	0.032867861965108595	23.0	0.0	0.0	1.0
0.5052398674885268	0.9144121727283312	0.03420810673183408	47.0	0.0	0.0	1.0
0.795585815854092	0.7333262505622926	0.031432103881843615	24.0	0.0	0.0	1.0
0.6041095350307211	0.6003006276628342	0.03292548934833362	62.0	0.0	0.0	1.0
0.577229335613284	0.055877400533829384	0.03264237159200013	54.0	0.0	0.0	1.0
0.41870158707805305	0.12257232914916613	0.0319888777676745	38.0	0.0	0.0	1.0
0.5230587324667347	0.8466713450728847	0.03292796030155417	7.0	0.0	0.0	1.0
0.036790363485020426	0.7154064561142736	0.02930729309346816	17.0	0.0	0.0	1.0
0.7866970956880196	0.8897905811259866	0.0323389773096628	61.0	0.0	0.0	1.0
0.19025853307815008	0.3493103392033598	0.03250403326526825	41.0	0.0	0.0	1.0
0.5236383184136965	0.5795001795732726	0.03313524649186003	35.0	0.0	0.0	1.0
0.8024672107266417	0.26652616460726125	0.03159317713088861	44.0	0.0	0.0	1.0
0.25689451736641544	0.615341905701682	0.03190130284970427	28.0	0.0	0.0	1.0
0.8620361579064308	0.9569511682103299	0.03298644246134367	25.0	0.0	0.0	1.0
0.9531547668337823	0.7952494798563777	0.03230140686490011	1.0	0.0	0.0	1.0
0.8286007067609354	0.39121526524092604	0.031706547122061814	29.0	0.0	0.0	1.0
0.8287984911625604	0.4588102137823097	0.03315406658034428	12.0	0.0	0.0	2.0
0.35238110041208237	0.9235150750542885	0.03199679096203312	14.0	0.0	0.0	2.0
0.19087741514022424	0.349173760751992	0.032536537298533515	41.0	0.0	0.0	2.0
0.57854904801848	0.5304659139621875	0.032716308376247935	52.0	0.0	0.0	2.0
0.3583399258412095	0.8467488652078735	0.03189883337531805	2.0	0.0	0.0	2.0
0.4137580137556342	0.12261901598886248	0.03202086664544217	38.0	0.0	0.0	2.0
0.22278707330187683	0.518152890369398	0.031121411765761334	40.0	0.0	0.0	2.0
0.07585103108806093	0.5518242564266177	0.03046710522603078	22.0	0.0	0.0	2.0
0.5824131530468765	0.23977749091960404	0.03483237086178654	32.0	0.0	0.0	2.0
0.6360885145156591	0.908686741877479	0.03318176777664607	8.0	0.0	0.0	2.0
0.2971922985454743	0.5420579333105076	0.03321119683518622	18.0	0.0	0.0	2.0
0.528727803635315	0.30794798117680544	0.030269167314763767	57.0	0.0	0.0	2.0
0.5251346259161151	0.5810492175880745	0.03316838173835189	35.0	0.0	0.0	2.0
0.3552321356233125	0.4891432412007735	0.03199502348709375	39.0	0.0	0.0	2.0
0.33641674753513057	0.12284159860778263	0.030592386505000152	37.0	0.0	0.0	2.0
0.6952011225372381	0.35397691226329214	0.032885215337947214	36.0	0.0	0.0	2.0
0.44009435127018326	0.8426397206800513	0.03473350702441705	30.0	0.0	0.0	2.0
0.7595456239777957	0.20376069947070927	0.03133179942919756	31.0	0.0	0.0	2.0
0.9531087087377643	0.7959800843195544	0.032333708271765	1.0	0.0	0.0	2.0
0.6957260964647565	0.44321422150934425	0.03574945633456155	33.0	0.0	0.00269413266848062	2.0
0.5419913119557256	0.3882813180970217	0.03200003098179154	58.0	0.0	0.0	2.0
0.28438254803686414	0.4432604750826301	0.03481936603243184	56.0	0.0	0.0	2.0
0.5058620813181224	0.9142160492758035	0.034242314838565914	47.0	0.0	0.0	2.0
0.8787514155165734	0.19456827743920677	0.031474779982811125	51.0	0.0	0.0	2.0
0.13806300017101553	0.11229011432912854	0.03390424793825413	53.0	0.0	0.0	2.0
0.8015199227627948	0.27116437769017354	0.031624770308019495	44.0	0.0	0.0	2.0
0.3972178654047345	0.549205142924067	0.03207792726181162	43.0	0.0	0.0	2.0
0.0552676990727983	0.9084996708437548	0.033487797091211365	4.0	0.0	0.0	2.0
0.5771772745518593	0.060011783880549265	0.03267501396359213	54.0	0.0	0.0	2.0
0.03633718758335547	0.7127662230285432	0.029336600386561624	17.0	0.0	0.0	2.0
0.3081393976305696	0.03252012241074775	0.0342245043298037	42.0	0.0	0.0	2.0
0.4216962447477293	0.7195338688415731	0.030311888934198034	55.0	0.0	0.0	2.0
0.11614502886874845	0.37839294977985605	0.03446970541512715	50.0	0.0	0.0	2.0
0.662410719569672	0.8132974471816342	0.033022747108386076	27.0	0.0	0.0	2.0
0.3692870299190695	0.4007985907040686	0.03265979926579632	3.0	0.0	0.0	2.0
0.7128474207663751	0.9432745135533869	0.032892304305303044	26.0	0.0	0.0	2.0
0.5356549904128337	0.1574870157362286	0.03602454256019846	19.0	0.0	0.006882876641768121	2.0
0.7096787191441326	0.28339411743677895	0.032278266099885385	21.0	0.0	0.0	2.0
0.7618274526966202	0.1195920386416325	0.032864502075847825	16.0	0.0	0.0	2.0
0.519712251835389	0.8421377360541061	0.03296088826185572	7.0	0.0	0.0	2.0
0.6068111016221246	0.4597933347839086	0.029630088514817323	59.0	0.0	0.0	2.0
0.7857852450547556	0.8914957266412692	0.03237131628697246	61.0	0.0	0.0	2.0
0.4241979663590009	0.9317908144908079	0.030614079711824446	5.0	0.0	0.0	2.0
0.8297747883629262	0.3910778960267374	0.03173825366918387	29.0	0.0	0.0	2.0
0.19803924268603754	0.2566690915367357	0.031942527740516626	34.0	0.0	0.0	2.0
0.08149420402269854	0.2117086881638333	0.0329007298270737	23.0	0.0	0.0	2.0
0.8615618286776933	0.9594325961627312	0.033019428903805007	25.0	0.0	0.0	2.0
0.3979683439140783	0.6339162543762411	0.031410216628481785	15.0	0.0	0.0	2.0
0.795131310477777	0.7330269379646263	0.03146353598572545	24.0	0.0	0.0	2.0
0.7725971225688397	0.8059943084662372	0.03261617902127782	60.0	0.0	0.0	2.0
0.515311766057463	0.9858271817834391	0.03217904052835241	13.0	0.0	0.0	2.0
0.4735142717471915	0.38050086771494085	0.03437271250762793	10.0	0.0	0.0	2.0
0.7811634877377794	0.34488199099321803	0.03261587035627212	6.0	0.0	0.0	2.0
0.8498677924213797	0.5716690790132815	0.02673783161843421	11.0	0.0	0.0	2.0
0.6031408448773398	0.5988397069152105	0.03295841483768195	62.0	0.0	0.0	2.0
0.9593237757362917	0.5616111119971386	0.03070428631233323	45.0	0.0	0.0	2.0
0.3269973747524303	0.6353637390733087	0.03356268539742683	9.0	0.0	0.0	2.0
0.617526480470446	0.3836288774500265	0.032721147934185915	20.0	0.0	0.0	2.0
0.2515881933880427	0.6183317188883585	0.03193320415255397	28.0	0.0	0.0	2.0
0.6379421517176368	0.3086686841748399	0.033587636266558106	48.0	0.0	0.0	2.0
0.7956888865769359	0.5156307693980033	0.03159275386803825	49.0	0.0	0.0	2.0
0.9386744440059575	0.8683386197648519	0.03094070063495086	46.0	0.0	0.0	2.0
0.5793902886495799	0.5318647541210036	0.03274902468462418	52.0	0.0	0.0	3.0
0.9514801590987313	0.7952554167805492	0.032366041980036765	1.0	0.0	0.0	3.0
0.8391900669655814	0.3881782391816625	0.03176999192285305	29.0	0.0	0.0	3.0
0.3495924929535336	0.9225582613375373	0.03202878775299515	14.0	0.0	0.0	3.0
0.6112070583729822	0.3835294050572522	0.0327538690821201	20.0	0.0	0.0	3.0
0.6075489523977966	0.4594194267148962	0.029659718603332136	59.0	0.0	0.0	3.0
0.5427248457839446	0.3892367589362103	0.032032031012773333	58.0	0.0	0.0	3.0
0.4743977406777973	0.38045354448457064	0.03440708522013556	10.0	0.0	0.0	3.0
0.520702617371464	0.8405592156848423	0.03299384915011757	7.0	0.0	0.0	3.0
0.5772606691728691	0.05998892171901797	0.03270768897755572	54.0	0.0	0.0	3.0
0.05731450302303209	0.9093950572066646	0.03352128488830257	4.0	0.0	0.0	3.0
0.5823890832677578	0.24015930192726936	0.034867203232648324	32.0	0.0	0.0	3.0
0.7951015806969324	0.7283048220601779	0.03149499952171118	24.0	0.0	0.0	3.0
0.03536439589358656	0.7116660231228883	0.03670742123368523	17.0	0.0	0.0	3.0
0.1882813997381656	0.3478990459814007	0.032569073835832046	41.0	0.0	0.0	3.0
0.7816873286171948	0.8943833129536513	0.040504609504074286	61.0	0.0	0.0	3.0
0.7728668159712683	0.805431697737945	0.0326487952002991	60.0	0.0	0.0	3.0
0.7109773088896038	0.9447385567724949	0.03292519660960835	26.0	0.0	0.0	3.0
0.8308664520494001	0.46312780441337886	0.03318722064692462	12.0	0.0	0.0	3.0
0.6671374950608852	0.8111224318746643	0.03305576985549446	27.0	0.0	0.0	3.0
0.957595163016757	0.5643281590234117	0.03073499059864556	45.0	0.0	0.0	3.0
0.8018405966861037	0.272639508083267	0.03165639507832751	44.0	0.0	0.0	3.0
0.7710233708222711	0.33738411619782577	0.03264848622662839	6.0	0.0	0.0	3.0
0.6388717724230955	0.3001359150325157	0.042026529878530824	48.0	0.0	0.0	3.0
0.19738682420340778	0.25629605983977877	0.03197447026825714	34.0	0.0	0.0	3.0
0.33512596879179096	0.12621795101803507	0.03062297889150515	37.0	0.0	0.0	3.0
0.3980988515102176	0.6332971553578981	0.03930203355638783	15.0	0.0	0.0	3.0
0.849836687805706	0.5721624813247381	0.026764569450052643	11.0	0.0	0.0	3.0
0.08182661887425176	0.21099222704530374	0.03293363055690077	23.0	0.0	0.0	3.0
0.11774151549563143	0.3845978787687974	0.034504175120542276	50.0	0.0	0.0	3.0
0.22276465030460385	0.5178795336576822	0.031152533177527093	40.0	0.0	0.0	3.0
0.37211184294661986	0.4002862251442631	0.03269245906506211	3.0	0.0	0.0	3.0
0.324973392264437	0.6374069261982832	0.03359624808282425	9.0	0.0	0.0	3.0
0.41971773777126825	0.723348378954909	0.03034220082313223	55.0	0.0	0.0	3.0
0.2982414100864058	0.5512758997855156	0.0332444080320214	18.0	0.0	0.0	3.0
0.3527445231584117	0.4894820341060312	0.03202701851058084	39.0	0.0	0.0	3.0
0.9310461547139082	0.864103560488219	0.030971641335585807	46.0	0.0	0.0	3.0
0.6038532828788049	0.597304173454453	0.03299137325251963	62.0	0.0	0.0	3.0
0.41541424826811535	0.1220969664693356	0.032052887512087604	38.0	0.0	0.0	3.0
0.24994599505013962	0.61656610125087	0.03196513735670652	28.0	0.0	0.0	3.0
0.44024519836933423	0.8422795585444022	0.03476824053144146	30.0	0.0	0.0	3.0
0.861283367457199	0.9586902329998037	0.03305244833270881	25.0	0.0	0.0	3.0
0.7142421806762932	0.28389894613010935	0.032310544365985266	21.0	0.0	0.0	3.0
0.6347972758676704	0.9088625982454244	0.03321494954442271	8.0	0.0	0.0	3.0
0.7662595298705485	0.11683075346655729	0.03289736657792367	16.0	0.0	0.0	3.0
0.35834297047372293	0.8462652724195452	0.031930732208693365	2.0	0.0	0.0	3.0
0.5344855017769978	0.15637849447912977	0.03606056710275865	19.0	0.0	0.007634743122352461	3.0
0.6939338910210381	0.4441653858126821	0.035785205790896106	33.0	0.0	0.003098349857452831	3.0
0.3065996289625623	0.03064014070568653	0.0342587288341335	42.0	0.0	0.0	3.0
0.7603534165814875	0.20360365117316354	0.03920391403578344	31.0	0.0	0.0	3.0
0.3974563354566516	0.5529879151037215	0.03211000518907343	43.0	0.0	0.0	3.0
0.5279053154254402	0.5787358692844567	0.03320155012009024	35.0	0.0	0.0	3.0
0.13851608094982634	0.11215974948480227	0.03393815218619238	53.0	0.0	0.0	3.0
0.5276681113173439	0.3058069306521971	0.030299436482078525	57.0	0.0	0.0	3.0
0.5113169204261833	0.921905757214587	0.034276557153404476	47.0	0.0	0.0	3.0
0.8772599070825352	0.19378869508774585	0.03150625476279394	51.0	0.0	0.0	3.0
0.7905018986346563	0.5268109273449074	0.03162434662190628	49.0	0.0	0.0	3.0
0.07127052959917779	0.5522726668336237	0.030497572331256807	22.0	0.0	0.0	3.0
0.5107445445732546	0.993642856359917	0.03221121956888076	13.0	0.0	0.0	3.0
0.7024245430375978	0.3626840772336052	0.041147625691606446	36.0	0.0	0.0	3.0
0.28497536669515383	0.4432810106877284	0.034854185398464264	56.0	0.0	0.0	3.0
0.42607210595512773	0.9332203192392912	0.030644693791536268	5.0	0.0	0.0	3.0
0.5422029666187246	0.3906365087541175	0.032064063043786104	58.0	0.0	0.0	4.0
0.325095544655646	0.6352534255406591	0.03362984433090707	9.0	0.0	0.0	4.0
0.8549372437572412	0.5722748913864093	0.02679133401950269	11.0	0.0	0.0	4.0
0.3755789432426323	0.4019616586112516	0.032725151524127166	3.0	0.0	0.0	4.0
0.3583903499863887	0.8466815701555968	0.031962662940902054	2.0	0.0	0.0	4.0
0.8367050626501071	0.3882017074283243	0.0318017619147759	29.0	0.0	0.0	4.0
0.952235514120496	0.5681048218782622	0.030765725589244203	45.0	0.0	0.0	4.0
0.6418261999625782	0.30088616154138464	0.04034546868338959	48.0	0.0	0.0	4.0
0.5855759906132878	0.5230510022507059	0.0327817737093088	52.0	0.0	0.0	4.0
0.5768731979055127	0.05865805203802964	0.03274039666653328	54.0	0.0	0.0	4.0
0.39934191708988664	0.63414985927186	0.03772995221413232	15.0	0.0	0.0	4.0
0.7729987026136821	0.8054395952815598	0.032681443995499396	60.0	0.0	0.0	4.0
0.6042209426856909	0.5970814896690212	0.03302436462577214	62.0	0.0	0.0	4.0
0.42907211693113406	0.9297400507748753	0.030675338485327802	5.0	0.0	0.0	4.0
0.6949883932434273	0.44314034334678903	0.035820990996687	33.0	0.0	0.003541564514520701	4.0
0.3064724915591206	0.03069575770664282	0.03429298756296763	42.0	0.0	0.0	4.0
0.28531801238921806	0.44293073029570873	0.034889039583862726	56.0	0.0	0.0	4.0
0.5128541449946742	0.9947624694166644	0.032243430788449635	13.0	0.0	0.0	4.0
0.03607388709268218	0.7100849974056399	0.035239124384337815	17.0	0.0	0.0	4.0
0.7728047453681376	0.3363951360337551	0.03268113471285501	6.0	0.0	0.0	4.0
0.41394529162590615	0.12099107508906676	0.032084940399599686	38.0	0.0	0.0	4.0
0.9493121303074825	0.7917012118467326	0.0323984080220168	1.0	0.0	0.0	4.0
0.4409184954223956	0.8425842530051101	0.0348030087719729	30.0	0.0	0.0	4.0
0.22122782707880662	0.517816607802715	0.031183685710704616	40.0	0.0	0.0	4.0
0.7937737951725796	0.5276417918430725	0.03956996371066023	49.0	0.0	0.0	4.0
0.08021327594108955	0.21352809211754897	0.032966564187457664	23.0	0.0	0.0	4.0
0.054545589298158066	0.905741101053338	0.03355480617319087	4.0	0.0	0.0	4.0
0.7840607693583417	0.8952481149765863	0.03888442512391131	61.0	0.0	0.0	4.0
0.528390676195172	0.3063726006652533	0.0303297359185606	57.0	0.0	0.0	4.0
0.6205632395338371	0.38008373777243515	0.032786622951202216	20.0	0.0	0.0	4.0
0.5868336876978331	0.24197169705164837	0.03490207043588097	32.0	0.0	0.0	4.0
0.7641916153245926	0.1165623694835929	0.03293026394450159	16.0	0.0	0.0	4.0
0.199395442913724	0.2544859643107038	0.03200644473852539	34.0	0.0	0.0	4.0
0.5347235370561527	0.16015437000112764	0.03609662766986141	19.0	0.0	0.008440293970295443	4.0
0.7138544581881028	0.283702466609247	0.03234285491035125	21.0	0.0	0.0	4.0
0.33524674339833405	0.12611183820329636	0.03065360187039665	37.0	0.0	0.0	4.0
0.25192224468939534	0.6192084251855187	0.03199710249406323	28.0	0.0	0.0	4.0
0.07106078192941619	0.5492488181523092	0.03052806990358806	22.0	0.0	0.0	4.0
0.6690283283886126	0.8188745817898587	0.03308882562534995	27.0	0.0	0.0	4.0
0.93028101927715	0.8676232559032634	0.03100261297692139	46.0	0.0	0.0	4.0
0.7097386501896621	0.9444323001815789	0.041197652257772444	26.0	0.0	0.0	4.0
0.13803784260748708	0.11362846881863875	0.03397209033837857	53.0	0.0	0.0	4.0
0.7969465027989359	0.7246923962017336	0.039408118151541105	24.0	0.0	0.0	4.0
0.5235680490307453	0.5855160020190879	0.033234751670210325	35.0	0.0	0.0	4.0
0.760230528553711	0.20276093357701494	0.0376357574743521	31.0	0.0	0.0	4.0
0.3483484340800068	0.9224127046832374	0.03206081654074814	14.0	0.0	0.0	4.0
0.8665011778262938	0.9618058194417716	0.03308550078104151	25.0	0.0	0.0	4.0
0.6345943297769253	0.9096946485890947	0.03324816449396713	8.0	0.0	0.0	4.0
0.465096618076332	0.3861424773139542	0.03444149230535569	10.0	0.0	0.0	4.0
0.18462611929728168	0.3435490358317225	0.032601642909667876	41.0	0.0	0.0	4.0
0.39796080512859605	0.5491945416232497	0.0321421151942625	43.0	0.0	0.0	4.0
0.4181169778844628	0.7250055503005205	0.030372543023955357	55.0	0.0	0.0	4.0
0.8014546339509209	0.27700709260793516	0.03168805147340583	44.0	0.0	0.0	4.0
0.7055256954633601	0.36240018781109357	0.03950172066394219	36.0	0.0	0.0	4.0
0.12225144635961031	0.38915060228813114	0.034538679295662816	50.0	0.0	0.0	4.0
0.8762473568608103	0.1956821471582809	0.031537761017556724	51.0	0.0	0.0	4.0
0.8316146816201666	0.4644460429295715	0.03322040786757154	12.0	0.0	0.0	4.0
0.5099465763491827	0.9203559367955938	0.034310833710557875	47.0	0.0	0.0	4.0
0.3532596465752616	0.4886609909895622	0.03205904552909142	39.0	0.0	0.0	4.0
0.29783472922698845	0.54973554019221	0.03327765244005342	18.0	0.0	0.0	4.0
0.5213557431597491	0.8428563306388039	0.03302684299926768	7.0	0.0	0.0	4.0
0.6080881395313827	0.45972322814290034	0.029689378321935463	59.0	0.0	0.0	4.0
0.5124417943577313	0.9944757755768895	0.03227567421923808	13.0	0.0	0.0	5.0
0.2527638850633055	0.619770312399591	0.03202909959655729	28.0	0.0	0.0	5.0
0.3247537739517401	0.6365156770689204	0.033663474175237976	9.0	0.0	0.0	5.0
0.6054824326834032	0.5986416417761184	0.03305738899039791	62.0	0.0	0.0	5.0
0.11471706743450241	0.38269715424592277	0.03457321797495848	50.0	0.0	0.0	5.0
0.7749255068346192	0.34563999700523806	0.03271381584756786	6.0	0.0	0.0	5.0
0.5095441048315008	0.9202401337441245	0.03434514454426843	47.0	0.0	0.0	5.0
0.6194578212151803	0.38099494184608484	0.03281940957415341	20.0	0.0	0.0	5.0
0.5238831109772656	0.5854911562093779	0.03326798642188053	35.0	0.0	0.0	5.0
0.712071504910978	0.2821359602367682	0.0323751977652616	21.0	0.0	0.0	5.0
0.35253899616203693	0.49339404274693927	0.032091104574620506	39.0	0.0	0.0	5.0
0.930239193240573	0.867660473546324	0.031033615589898308	46.0	0.0	0.0	5.0
0.057629972754821866	0.9040791764791022	0.03358836097936406	4.0	0.0	0.0	5.0
0.5412180469268212	0.3908344366834729	0.03209612710682989	58.0	0.0	0.0	5.0
0.94635138525079	0.7935718013087755	0.03243080643003882	1.0	0.0	0.0	5.0
0.3583778343931243	0.8466913681626996	0.031994625603842954	2.0	0.0	0.0	5.0
0.8308958203207608	0.389293210416062	0.03183356367669067	29.0	0.0	0.0	5.0
0.3963015777128776	0.5447711274395353	0.03217425730945676	43.0	0.0	0.0	5.0
0.5293370492004646	0.8427306989596584	0.03305986984226695	7.0	0.0	0.0	5.0
0.805956481203637	0.2671319800765218	0.031719739524879234	44.0	0.0	0.0	5.0
0.8769631711095804	0.193698208608988	0.03156929877857428	51.0	0.0	0.0	5.0
0.35692615518734183	0.9230348314271678	0.032092877357288885	14.0	0.0	0.0	5.0
0.5861182461253979	0.24190620323936357	0.034936972506316846	32.0	0.0	0.0	5.0
0.5287196445946629	0.3069196191890587	0.030360065654479157	57.0	0.0	0.0	5.0
0.7109173921917286	0.9441408579084657	0.03954974616746154	26.0	0.0	0.0	5.0
0.3790136548819593	0.40336224548612426	0.03275787667565129	3.0	0.0	0.0	5.0
0.033573147386693404	0.7073963147844533	0.03377082753499041	17.0	0.0	0.0	5.0
0.590904304720826	0.524992460800375	0.03281455548301811	52.0	0.0	0.0	5.0
0.5733539974044296	0.06268902704483202	0.03277313706319981	54.0	0.0	0.0	5.0
0.13629168496831653	0.11305380639767815	0.03400606242871695	53.0	0.0	0.0	5.0
0.6353701691713195	0.30143620399180776	0.038664407488248356	48.0	0.0	0.0	5.0
0.1979384019647413	0.25180209293019806	0.032038451183263914	34.0	0.0	0.0	5.0
0.0826874694989396	0.21386505747507997	0.03299953075164512	23.0	0.0	0.0	5.0
0.8287209793693755	0.46571190990886063	0.03325362827543911	12.0	0.0	0.0	5.0
0.9533010201101625	0.5681417316649695	0.030796491314833443	45.0	0.0	0.0	5.0
0.69761028760514	0.36570470275580785	0.03785581563627793	36.0	0.0	0.0	5.0
0.532817178018577	0.16122849540551576	0.03613272429753127	19.0	0.0	0.00930149213864695	5.0
0.6385384541441178	0.909682232884621	0.033281412658461094	8.0	0.0	0.0	5.0
0.421370107215208	0.1250522295694009	0.03211702533999928	38.0	0.0	0.0	5.0
0.1841786434006262	0.3467590573265473	0.03263424455257754	41.0	0.0	0.0	5.0
0.3983448622357505	0.6359591757200109	0.0361578708718768	15.0	0.0	0.0	5.0
0.7618621574937566	0.11476225919233117	0.03296319420844609	16.0	0.0	0.0	5.0
0.43276070561315905	0.9330222306848014	0.030706013823813126	5.0	0.0	0.0	5.0
0.2201620966233177	0.5120444726544209	0.031214869396415316	40.0	0.0	0.0	5.0
0.46408654270052857	0.385564949022647	0.03447593379766104	10.0	0.0	0.0	5.0
0.7915286937688285	0.5281520975941765	0.03798716516223382	49.0	0.0	0.0	5.0
0.28872846713830147	0.4418557458960297	0.034923928623446586	56.0	0.0	0.0	5.0
0.6077694533492756	0.45753780407702244	0.029719067700257396	59.0	0.0	0.0	5.0
0.8661287371836214	0.9590052418539897	0.03311858628182255	25.0	0.0	0.0	5.0
0.4181169778844628	0.7330531799701036	0.03040291556697931	55.0	0.0	0.0	5.0
0.7965053017757228	0.7275900942255662	0.03783179342547946	24.0	0.0	0.0	5.0
0.3088267012442729	0.03419815920407514	0.034327280550530595	42.0	0.0	0.0	5.0
0.7601154880022082	0.2013584847210502	0.036067600912920765	31.0	0.0	0.0	5.0
0.33754388778390637	0.12704855447353042	0.030684255472267042	37.0	0.0	0.0	5.0
0.6693906927437617	0.8186488205310668	0.033121914450975294	27.0	0.0	0.0	5.0
0.29244727072464577	0.5531393196155331	0.033310930092493474	18.0	0.0	0.0	5.0
0.8512966642368268	0.5716618050721005	0.026818125353522192	11.0	0.0	0.0	5.0
0.7847757038604053	0.8983482993117349	0.03726424074374834	61.0	0.0	0.0	5.0
0.7746638994401576	0.8051806878721893	0.03271412543949489	60.0	0.0	0.0	5.0
0.43967741100717367	0.8442879438052859	0.03483781178074487	30.0	0.0	0.0	5.0
0.6928686809862797	0.4424427436856205	0.03585681198768369	33.0	0.0	0.004025655216011614	5.0
0.07125728855799306	0.5501527672394907	0.030558597973491645	22.0	0.0	0.0	5.0
0.5821738567897868	0.5197046127479458	0.03284737003850112	52.0	0.0	0.0	6.0
0.7734793262816422	0.34671454353360004	0.03274652966341543	6.0	0.0	0.0	6.0
0.7974542040072894	0.7267349773842929	0.036255468699417814	24.0	0.0	0.0	6.0
0.7626826031362668	0.11853638678792557	0.03299615740265453	16.0	0.0	0.0	6.0
0.28956042488078265	0.4366136519846287	0.03495885255207003	56.0	0.0	0.0	6.0
0.22000085580154688	0.5119323672126429	0.031246084265811727	40.0	0.0	0.0	6.0
0.7114572994358916	0.9438499455982781	0.037901840077150646	26.0	0.0	0.0	6.0
0.8500371419952683	0.5731044914648399	0.026844943478875713	11.0	0.0	0.0	6.0
0.5374724425128823	0.1631267922742049	0.036168857021828794	19.0	0.0	0.01022031177927829	6.0
0.35430179279456087	0.8498003792695583	0.032026620229446794	2.0	0.0	0.0	6.0
0.6048605661370255	0.5989421511167338	0.0330904463793883	62.0	0.0	0.0	6.0
0.4187021568490568	0.7319752795331635	0.030433318482546285	55.0	0.0	0.0	6.0
0.039159367839525575	0.7063102607554576	0.032302530685643004	17.0	0.0	0.0	6.0
0.3978870578044649	0.6341322804763364	0.0345857895296213	15.0	0.0	0.0	6.0
0.30622640778988647	0.0348584770017253	0.03436160783108112	42.0	0.0	0.0	6.0
0.9465322889603281	0.7937247874585973	0.03246323723646885	1.0	0.0	0.0	6.0
0.5476819594017743	0.3980528448644768	0.032128223233936715	58.0	0.0	0.0	6.0
0.7113455094159487	0.28051815645046185	0.032407572963026855	21.0	0.0	0.0	6.0
0.6384780523803556	0.910480212267706	0.033314694071119554	8.0	0.0	0.0	6.0
0.43628685557705427	0.8481715657227592	0.03487264959252561	30.0	0.0	0.0	6.0
0.671470574263683	0.8140140256583233	0.033155036365426264	27.0	0.0	0.0	6.0
0.6883651156054117	0.44513185008248296	0.035892668799671366	33.0	0.0	0.004552511390215841	6.0
0.05915152533607257	0.9059609618836655	0.03362194934034342	4.0	0.0	0.0	6.0
0.29152746093369	0.5533852647550008	0.033344241022585965	18.0	0.0	0.0	6.0
0.6180804527000383	0.3827429741655723	0.03285222898372756	20.0	0.0	0.0	6.0
0.5250553281421177	0.5842308411466598	0.03330125440830241	35.0	0.0	0.0	6.0
0.38015590692333695	0.4027652126353161	0.03279063455232694	3.0	0.0	0.0	6.0
0.5775708498600791	0.23475781898769751	0.03497190947882316	32.0	0.0	0.0	6.0
0.6057960403292406	0.45486434379113155	0.029748786767957648	59.0	0.0	0.0	6.0
0.08788453259243897	0.21404508695604604	0.03303253028239676	23.0	0.0	0.0	6.0
0.5281519204860423	0.8429073303202187	0.03309292971210921	7.0	0.0	0.0	6.0
0.8649690198816536	0.9617259803213184	0.03315170486810437	25.0	0.0	0.0	6.0
0.07173492131454208	0.5548783173622363	0.03058915657146513	22.0	0.0	0.0	6.0
0.18389237594347269	0.3440945863206462	0.032666878797130115	41.0	0.0	0.0	6.0
0.3594663777469808	0.9195934919500428	0.03212497023464617	14.0	0.0	0.0	6.0
0.4639023437102739	0.3856845967265512	0.0345104097314587	10.0	0.0	0.0	6.0
0.5126672726605717	0.9127832664815783	0.034379489688812694	47.0	0.0	0.0	6.0
0.3491332900837422	0.49542761064846946	0.032123195679195124	39.0	0.0	0.0	6.0
0.11373897343953449	0.3878140005883861	0.03460779119293343	50.0	0.0	0.0	6.0
0.5783503428352486	0.06702339420980183	0.032805910200263	54.0	0.0	0.0	6.0
0.327284878295736	0.6348027522434837	0.03369713764941321	9.0	0.0	0.0	6.0
0.1980346820434712	0.24961882126031665	0.032070489634447176	34.0	0.0	0.0	6.0
0.7582666977028436	0.20292196459910247	0.03449944435148943	31.0	0.0	0.0	6.0
0.8789812653169541	0.19129655149209687	0.03160086807735285	51.0	0.0	0.0	6.0
0.43388011254408093	0.9366130031536467	0.030736719837636935	5.0	0.0	0.0	6.0
0.5270789705586748	0.3099876523432295	0.030390425720133632	57.0	0.0	0.0	6.0
0.3959782345006573	0.5448446225166399	0.03220643156676621	43.0	0.0	0.0	6.0
0.8305235069205344	0.3876310172687354	0.03186539724036736	29.0	0.0	0.0	6.0
0.6421225543506239	0.2968777702412177	0.03698334629310713	48.0	0.0	0.0	6.0
0.9380558064793354	0.8680298354889745	0.031064649205488203	46.0	0.0	0.0	6.0
0.4206959508063656	0.12492995084778494	0.03214914236533928	38.0	0.0	0.0	6.0
0.3373486460122815	0.12800451820794126	0.030714939727739306	37.0	0.0	0.0	6.0
0.805412880767236	0.2668982450613556	0.03175145926440411	44.0	0.0	0.0	6.0
0.6949009963026648	0.3639690196351085	0.03620991060861368	36.0	0.0	0.0	6.0
0.7846457438696579	0.9017870639881351	0.03564405636358538	61.0	0.0	0.0	6.0
0.13899510178668714	0.11155292854198658	0.03404006849114566	53.0	0.0	0.0	6.0
0.9542779441321719	0.5685258222374097	0.03082728780614827	45.0	0.0	0.0	6.0
0.251449337819709	0.6248794515315923	0.032061128696153844	28.0	0.0	0.0	6.0
0.8278477633588064	0.46062449508026165	0.033286881903714545	12.0	0.0	0.0	6.0
0.7914756603551713	0.5278179386331642	0.036404366613807415	49.0	0.0	0.0	6.0
0.5128682400985932	0.9949172494469181	0.03230794989345732	13.0	0.0	0.0	6.0
0.7723612630519817	0.8025764712000358	0.03274683956493438	60.0	0.0	0.0	6.0
0.7591073857911498	0.20272530408552952	0.03293128779005809	31.0	0.0	0.0	7.0
0.4200717929814637	0.730345327693984	0.030463751801028827	55.0	0.0	0.0	7.0
0.7855377721536878	0.9039550739285821	0.0340238719834224	61.0	0.0	0.0	7.0
0.060425070187611396	0.9069072359820948	0.03365557128968376	4.0	0.0	0.0	7.0
0.6734686801800922	0.8148288017487192	0.03318819140179169	27.0	0.0	0.0	7.0
0.5489524022336675	0.398706730253754	0.032160351457170645	58.0	0.0	0.0	7.0
0.5775970367232002	0.23465863264810688	0.03500688138830198	32.0	0.0	2.0854855620200397e-09	7.0
0.807102141988741	0.26478193154517476	0.03178321072366851	44.0	0.0	0.0	7.0
0.3964565662711127	0.5439635347544817	0.03223863799833297	43.0	0.0	0.0	7.0
0.6899935429727706	0.3636441358275649	0.03456400558094942	36.0	0.0	0.0	7.0
0.7728376940355902	0.801081395262117	0.03277958640449931	60.0	0.0	0.0	7.0
0.1848081292921407	0.3449517194090313	0.03269954567592724	41.0	0.0	0.0	7.0
0.5252143738049864	0.5806242810509554	0.03333455566271071	35.0	0.0	0.0	7.0
0.6413465071957035	0.2965324469127608	0.035302285097965895	48.0	0.0	0.0	7.0
0.68635529204826	0.4469202312413597	0.03592856146847103	33.0	0.0	0.0051240333620228284	7.0
0.5366632330176457	0.16208640883708583	0.03620502587885062	19.0	0.0	0.011198738288868526	7.0
0.8502416886362608	0.5719966401785622	0.026871788422354586	11.0	0.0	0.0	7.0
0.5861604335188846	0.518981526087841	0.032880217408539615	52.0	0.0	0.0	7.0
0.1150036980449597	0.38781001936328274	0.03464239898412636	50.0	0.0	0.0	7.0
0.19806297268943207	0.25074198150706	0.03210256012408162	34.0	0.0	0.0	7.0
0.42084888356646055	0.12350650960449047	0.032181291507704615	38.0	0.0	0.0	7.0
0.08312785958150608	0.21949349207439622	0.03306556281267915	23.0	0.0	0.0	7.0
0.39984157827201755	0.6372915528758772	0.03301370818736578	15.0	0.0	0.0	7.0
0.8873698228502729	0.18865245586627133	0.0316324689454302	51.0	0.0	0.0	7.0
0.7952357082232032	0.5294066944990907	0.03482156806538101	49.0	0.0	0.0	7.0
0.7642752154244777	0.11730568077039287	0.03302915356005719	16.0	0.0	0.0	7.0
0.9379941604804873	0.8704772287147317	0.031095713854693688	46.0	0.0	0.0	7.0
0.5276241208901287	0.8419909352973015	0.033126022641821316	7.0	0.0	0.0	7.0
0.7135977871338747	0.9468673994439333	0.03625393398683975	26.0	0.0	0.0	7.0
0.6182010505752172	0.3823803758294171	0.03288508121271128	20.0	0.0	0.0	7.0
0.07479321511038325	0.5563562001288032	0.030619745728036593	22.0	0.0	0.0	7.0
0.7970659286523276	0.7273806132928783	0.034679143973356176	24.0	0.0	0.0	7.0
0.8300632383472767	0.38844192315212606	0.031897262637607726	29.0	0.0	0.0	7.0
0.7064061710528108	0.2760670009166688	0.03243998053598988	21.0	0.0	0.0	7.0
0.4367416837471242	0.8511587634404728	0.034907522242118134	30.0	0.0	0.0	7.0
0.33928902130336375	0.1278515000609359	0.03074565466746704	37.0	0.0	0.0	7.0
0.37873676341492263	0.4055876769608765	0.032823425186879265	3.0	0.0	0.0	7.0
0.14102260367247202	0.11159761222239029	0.0340741085596368	53.0	0.0	0.0	7.0
0.25092562704047683	0.6245711966577018	0.032093189824849995	28.0	0.0	0.0	7.0
0.7755466099908714	0.3444918932638595	0.03277927619307884	6.0	0.0	0.0	7.0
0.3509856673258719	0.8546021289400976	0.032058646849676235	2.0	0.0	0.0	7.0
0.30106250357850656	0.035233005722441944	0.034395969438912204	42.0	0.0	0.0	7.0
0.4661113291559476	0.3862455458771434	0.03454492014119015	10.0	0.0	0.0	7.0
0.5808640162140879	0.06701548142031816	0.03283871611046326	54.0	0.0	0.0	7.0
0.3513786802506488	0.4896633004962306	0.032155318874874314	39.0	0.0	0.0	7.0
0.8651054709224296	0.9614588041258706	0.033184856572972474	25.0	0.0	0.0	7.0
0.03941472080963758	0.7062297728207163	0.03083423383629559	17.0	0.0	0.0	7.0
0.8260108583447408	0.45963473565952	0.033320168785618255	12.0	0.0	0.0	7.0
0.6029637039849969	0.4566538050304664	0.029778535554725604	59.0	0.0	0.0	7.0
0.29042991273988117	0.5481787401581797	0.033377585263608546	18.0	0.0	0.0	7.0
0.43600911702115247	0.9309371877037242	0.03076745655747457	5.0	0.0	0.0	7.0
0.6050209057024697	0.6007565661907538	0.033123536825767685	62.0	0.0	0.0	7.0
0.2901253971886279	0.43510746513148635	0.03499381140462209	56.0	0.0	0.0	7.0
0.3616041161990287	0.9206265276976238	0.03215709520488082	14.0	0.0	0.0	7.0
0.21619143498442728	0.5120163222232443	0.031277330350077535	40.0	0.0	0.0	7.0
0.945750361683078	0.7964749113607598	0.03249570047370531	1.0	0.0	0.0	7.0
0.9574608102281763	0.5635918334031563	0.030858115093954416	45.0	0.0	0.0	7.0
0.5116939279255381	0.9109903641753346	0.034413869178501505	47.0	0.0	0.0	7.0
0.5120778716404892	0.9978362936561783	0.03234025784335077	13.0	0.0	0.0	7.0
0.6395787562490497	0.9107303994144953	0.033348008765190666	8.0	0.0	0.0	7.0
0.32870834342390115	0.6351642265828035	0.033730834787062625	9.0	0.0	0.0	7.0
0.5302934162730262	0.3050047096794356	0.030420816145853763	57.0	0.0	0.0	7.0
0.8630710383832935	0.9626390838065882	0.033218041429545445	25.0	0.0	0.0	8.0
0.33912715973595725	0.127995527717725	0.030776400322134505	37.0	0.0	0.0	8.0
0.29099725521142217	0.5493434117202733	0.03341096284887215	18.0	0.0	0.0	8.0
0.8853965670058344	0.1888456287008352	0.03166410141437563	51.0	0.0	0.0	8.0
0.39115796040890327	0.6093462232740318	0.01864349832900488	63.0	15.0	0.0	8.0
0.7156363894071993	0.3618497896128828	0.018857321722849558	69.0	36.0	0.0	8.0
0.5293860724827846	0.3048164205485191	0.030451236961999615	57.0	0.0	0.0	8.0
0.6050538023425033	0.6007972512238162	0.03315666036259345	62.0	0.0	0.0	8.0
0.6347678641477001	0.2693633420565993	0.019260109945446163	72.0	48.0	0.0	8.0
0.6858546535946057	0.4475084627602858	0.0359644900299395	33.0	0.0	0.005742132397827504	8.0
0.5763060455091301	0.2265242084611694	0.03504188826969028	32.0	0.0	4.703890823520851e-07	8.0
0.5368184113515366	0.16260717039932682	0.036241230904729464	19.0	0.0	0.012238768355018692	8.0
0.24986862517370123	0.6239843723528118	0.03212528301467484	28.0	0.0	0.0	8.0
0.8248755321802428	0.45955957466208797	0.03335348895440387	12.0	0.0	0.0	8.0
0.8095403582629674	0.2665935841963409	0.03181499393439218	44.0	0.0	0.0	8.0
0.6035063910185476	0.45643648584910274	0.029808314090280327	59.0	0.0	0.0	8.0
0.3288875105965773	0.6341938338071275	0.033764565621849686	9.0	0.0	0.0	8.0
0.42339416026241633	0.12841373703076314	0.032213472799212314	38.0	0.0	0.0	8.0
0.4217473708847084	0.7332973779941021	0.030494215552829853	55.0	0.0	0.0	8.0
0.5244121719373688	0.5809165764455237	0.033367890218373414	35.0	0.0	0.0	8.0
0.6472619973094964	0.3195230823813001	0.019260109945446163	71.0	48.0	0.0	8.0
0.7637630094525278	0.9175676871524024	0.01888829763336339	73.0	61.0	0.0	8.0
0.7943759288193938	0.5304430632541581	0.0332387695169546	49.0	0.0	0.0	8.0
0.3488703952698966	0.4903339831802831	0.032187474193749184	39.0	0.0	0.0	8.0
0.9604805534636701	0.5655533281106332	0.030888973209048366	45.0	0.0	0.0	8.0
0.28796526258964705	0.4388040034152983	0.035028805216026714	56.0	0.0	1.5296545541332307e-07	8.0
0.9457241051114496	0.7965007578870752	0.032528196174179014	1.0	0.0	0.0	8.0
0.6154935351607848	0.3814513860288258	0.03291796629392399	20.0	0.0	0.0	8.0
0.02573432587075066	0.6985984915183746	0.01623218334378245	66.0	17.0	0.0	8.0
0.7639452919932228	0.11722410767416853	0.03306218271361724	16.0	0.0	0.0	8.0
0.7068579747040593	0.27230803454151153	0.032472420516525866	21.0	0.0	0.0	8.0
0.39871721907111407	0.5470668316217343	0.032270876636331304	43.0	0.0	0.0	8.0
0.1844546839877394	0.34384258169935	0.032732245221603166	41.0	0.0	0.0	8.0
0.21677730692151537	0.5130794811135363	0.03130860768042761	40.0	0.0	0.0	8.0
0.673083526511402	0.8164078774590368	0.033221379593193476	27.0	0.0	0.0	8.0
0.7744480903263177	0.8006616417567581	0.032812365990903807	60.0	0.0	0.0	8.0
0.30194702292178727	0.03188276726312855	0.034430365408351114	42.0	0.0	0.0	8.0
0.5141975567853232	0.9965156814609106	0.03237259810119412	13.0	0.0	0.0	8.0
0.3780654184225353	0.40512091286149726	0.03285624861206614	3.0	0.0	0.0	8.0
0.737530541607391	0.21252351056910024	0.01796654867302608	68.0	31.0	0.0	8.0
0.4657103214397467	0.38493012491347284	0.03457946506133133	10.0	0.0	0.0	8.0
0.8275869987480393	0.3895625228723276	0.03192915990024533	29.0	0.0	0.0	8.0
0.06665557975994868	0.7157078807746747	0.01623218334378245	65.0	17.0	0.0	8.0
0.1390602690494933	0.1116903393033311	0.034108182668196436	53.0	0.0	0.0	8.0
0.2002631127897925	0.2497959745775401	0.0321346626842057	34.0	0.0	0.0	8.0
0.36172678243036777	0.9178449168881332	0.032189252300085694	14.0	0.0	0.0	8.0
0.43581434543012226	0.9285627450272378	0.03079822401403204	5.0	0.0	0.0	8.0
0.8046734076669453	0.8870361511372559	0.01888829763336339	74.0	61.0	0.0	8.0
0.7087993091706078	0.948966521702585	0.034606027896528856	26.0	0.0	0.0	8.0
0.586236372322061	0.5201861184033247	0.03291309762594815	52.0	0.0	0.0	8.0
0.640398809945137	0.9133609229118439	0.03338135677395585	8.0	0.0	0.0	8.0
0.5148736054709415	0.9138197047874835	0.03444828304768	47.0	0.0	0.0	8.0
0.4011469492159907	0.6575017551285839	0.01864349832900488	64.0	15.0	0.0	8.0
0.08569641713069508	0.21871929262484424	0.03309862837549183	23.0	0.0	0.0	8.0
0.9376120952538061	0.8707254017750229	0.031126809568548377	46.0	0.0	0.0	8.0
0.7732757123725043	0.3446853697405141	0.03281205546927191	6.0	0.0	0.0	8.0
0.7958258944674473	0.7276789385031325	0.03310281924729453	24.0	0.0	0.0	8.0
0.5828741816990134	0.07190104259734018	0.03287155482657372	54.0	0.0	0.0	8.0
0.05928252916938011	0.9031593719223366	0.03368922686097344	4.0	0.0	0.0	8.0
0.07278822282730857	0.5589007561227929	0.030650365473764627	22.0	0.0	0.0	8.0
0.7789001545761254	0.1886674438903428	0.01796654867302608	67.0	31.0	0.0	8.0
0.11536232821931088	0.3878820891253123	0.034677041383110487	50.0	0.0	0.0	8.0
0.8489560676539936	0.5702082617539941	0.02689866021077694	11.0	0.0	0.0	8.0
0.668299072803292	0.35837902967424634	0.018857321722849558	70.0	36.0	0.0	8.0
0.5319032920537428	0.8398224526182622	0.03315914866446314	7.0	0.0	0.0	8.0
0.5488037308490961	0.39854279391281466	0.03219251180862781	58.0	0.0	0.0	8.0
0.3443243069020406	0.8559407855698895	0.03209070549652591	2.0	0.0	0.0	8.0
0.43729086050580923	0.8527758891285663	0.034942429764360246	30.0	0.0	0.0	8.0
0.8256369782150096	0.45895569563408367	0.03338684244335827	12.0	0.0	0.0	9.0
0.059820235001932766	0.9034276148127439	0.03372291608783441	4.0	0.0	0.0	9.0
0.5994046768242633	0.6031842105444051	0.03318981702295604	62.0	0.0	0.0	9.0
0.35077389409439963	0.4843606619894227	0.03221966166794293	39.0	0.0	0.0	9.0
0.13264811027159593	0.11375593796604011	0.03414229085086463	53.0	0.0	0.0	9.0
0.3305254825555474	0.6317235421348806	0.03379833018747153	9.0	0.0	0.0	9.0
0.7775998321635854	0.18991561362636225	0.017984515221699107	67.0	0.0	0.0	9.0
0.30007447669697024	0.03194763342289491	0.03446479577375946	42.0	0.0	0.0	9.0
0.3657863893111743	0.924488027875079	0.03222144155238578	14.0	0.0	0.0	9.0
0.7622802359501939	0.12233766672164245	0.03309524489633085	16.0	0.0	0.0	9.0
0.24932731667398936	0.6287405526142075	0.03215740829768951	28.0	0.0	0.0	9.0
0.7738216513826613	0.5492183570459647	0.01908874061987911	80.0	49.0	0.0	9.0
0.8279130771646418	0.3897150619897218	0.03196108906014557	29.0	0.0	0.0	9.0
0.030161018338519155	0.6985845567383426	0.01624841552712623	66.0	0.0	0.0	9.0
0.772727954974736	0.344407792054565	0.03284486752474118	6.0	0.0	0.0	9.0
0.5350940913409198	0.1631626390381088	0.03627747213563419	19.0	0.0	0.013342410002522342	9.0
0.8654182790043518	0.9596212864630608	0.033251259470974986	25.0	0.0	0.0	9.0
0.5772957969013865	0.22514740296405	0.035076930157959964	32.0	0.0	2.9138678172557775e-06	9.0
0.5261186972189335	0.5804487422354522	0.033401258108591785	35.0	0.0	0.0	9.0
0.730211180391569	0.9669456155361614	0.018549015702679354	77.0	26.0	0.0	9.0
0.7729699778828727	0.8031194914714508	0.032845178356894704	60.0	0.0	0.0	9.0
0.3365600371446281	0.8453276584416392	0.03212279620202243	2.0	0.0	0.0	9.0
0.34200392155613274	0.13306383613726924	0.03080717672245664	37.0	0.0	0.0	9.0
0.5238105537524109	0.993618188678312	0.03240497069929531	13.0	0.0	0.0	9.0
0.770858875886169	0.7294678742981394	0.01806013226729791	76.0	24.0	0.0	9.0
0.07247989695548747	0.5607674966640567	0.03068101583923839	22.0	0.0	0.0	9.0
0.8794363147227918	0.18890191700177458	0.03169576551579	51.0	0.0	0.0	9.0
0.8168897220268626	0.5226682053438455	0.01908874061987911	79.0	49.0	0.0	9.0
0.9605703275142167	0.5652716104486015	0.03091986218225741	45.0	0.0	0.0	9.0
0.44084594709593394	0.9245723391619217	0.030829022238046067	5.0	0.0	0.0	9.0
0.41843566895943524	0.7313481184030837	0.03052470976838268	55.0	0.0	0.0	9.0
0.6138536254342919	0.3831924332204591	0.03295088426021791	20.0	0.0	0.0	9.0
0.5284565868258747	0.3043600175953717	0.03048168819896161	57.0	0.0	0.0	9.0
0.6730963508230451	0.8165347572147234	0.033254600972786666	27.0	0.0	0.0	9.0
0.8472652731256624	0.5693514466119225	0.02692555887098771	11.0	0.0	0.0	9.0
0.6669086892728817	0.35844473009284644	0.018876179044572405	70.0	0.0	0.0	9.0
0.6332821733965781	0.2748503993136888	0.01927937005539161	72.0	0.0	0.0	9.0
0.8050825227761013	0.8889181193545724	0.018907185930996752	74.0	0.0	0.0	9.0
0.6475795335251227	0.3195663282721028	0.01927937005539161	71.0	0.0	0.0	9.0
0.5806671027566687	0.072491186715862	0.032904426381400294	54.0	0.0	0.0	9.0
0.6877300194718717	0.45037581041367275	0.03600045451996943	33.0	0.0	0.00640873075050763	9.0
0.5861824851957521	0.5216119814354648	0.032946010723574094	52.0	0.0	0.0	9.0
0.390542123794774	0.6105710302533457	0.018662141827333882	63.0	0.0	0.0	9.0
0.6999303466060609	0.9415268431880545	0.018549015702679354	78.0	26.0	0.0	9.0
0.7153130760515853	0.2802218981830207	0.03250489293704239	21.0	0.0	0.0	9.0
0.7160020973303809	0.36668122771589035	0.018876179044572405	69.0	0.0	0.0	9.0
0.7637548876464686	0.9178901290545822	0.018907185930996752	73.0	0.0	0.0	9.0
0.2010479752951465	0.2475317578758217	0.0321667973468899	34.0	0.0	0.0	9.0
0.549174768443523	0.4007892188260366	0.032224704320436434	58.0	0.0	0.0	9.0
0.08725024491316441	0.22212427919534797	0.033131727003867316	23.0	0.0	0.0	9.0
0.185649942409738	0.3449899012984538	0.03276497746682477	41.0	0.0	0.0	9.0
0.8098964861349062	0.264904192755198	0.03184680892832657	44.0	0.0	0.0	9.0
0.2877403156697622	0.5524697235708892	0.033444373811721016	18.0	0.0	0.0	9.0
0.37150299430958594	0.4006797924451143	0.0328891048606782	3.0	0.0	0.0	9.0
0.3998414967418076	0.6592938067755583	0.018662141827333882	64.0	0.0	0.0	9.0
0.11563050202527121	0.38604305900010055	0.034711718424493596	50.0	0.0	0.0	9.0
0.4350053154925579	0.853028725422782	0.034977372194124605	30.0	0.0	0.0	9.0
0.4002029350851818	0.5464934758506106	0.03230314751296763	43.0	0.0	0.0	9.0
0.0645422580868117	0.7206658093665714	0.01624841552712623	65.0	0.0	0.0	9.0
0.5331200177851922	0.8385786162777633	0.0331923078131276	7.0	0.0	0.0	9.0
0.6023833662741599	0.45595361242207005	0.029838122404370605	59.0	0.0	0.0	9.0
0.6457473878207152	0.9032707149833763	0.0334147381307298	8.0	0.0	0.0	9.0
0.9361191531007728	0.7937371269139856	0.03256072437035319	1.0	0.0	0.0	9.0
0.5243771651922338	0.9154817326959476	0.03448273133072768	47.0	0.0	0.0	9.0
0.7362631574409713	0.21282841558908275	0.017984515221699107	68.0	0.0	0.0	9.0
0.8158164839077477	0.7246595877247869	0.01806013226729791	75.0	24.0	0.0	9.0
0.29286176814885506	0.43891191645401684	0.03506383402124274	56.0	0.0	1.664702324433165e-06	9.0
0.2165165464386231	0.5182523921804483	0.03133991628810804	40.0	0.0	0.0	9.0
0.4724914651134332	0.38594078529041104	0.03461404452639266	10.0	0.0	0.0	9.0
0.42075401206587937	0.13151581273530275	0.03224568627201152	38.0	0.0	0.0	9.0
0.9348658115141794	0.8636752100201227	0.03115793637811692	46.0	0.0	0.0	9.0
0.43222663045363285	0.8547518507664258	0.035012349566318726	30.0	0.0	1.2054101716785226e-08	10.0
0.5781862015226448	0.22473768524332613	0.03511200708811792	32.0	0.0	8.993246439104041e-06	10.0
0.6509695468899559	0.31779443444292393	0.019298649425446998	71.0	0.0	0.0	10.0
0.41991679936512033	0.7350807852783625	0.03055523447815106	55.0	0.0	0.0	10.0
0.5408157362423538	0.40213818673123153	0.03225692902475687	58.0	0.0	0.0	10.0
0.0598102703133647	0.9029000916886598	0.03375663900392224	4.0	0.0	0.0	10.0
0.18641653004166275	0.3452692200627071	0.03279774244429159	41.0	0.0	0.0	10.0
0.6454378306463259	0.9067736882010413	0.03344815286886053	8.0	0.0	0.0	10.0
0.30073928129435545	0.03356339270025181	0.034499260569533216	42.0	0.0	0.0	10.0
0.4718763489926455	0.3854402112822695	0.034648658570919054	10.0	0.0	0.0	10.0
0.5220117243714387	0.9109906307942722	0.0345172140620584	47.0	0.0	0.0	10.0
0.9357484754751554	0.792667774683307	0.03259328509472354	1.0	0.0	0.0	10.0
0.7779005803249613	0.18828672235829136	0.018002499736920804	67.0	0.0	0.0	10.0
0.08937541377389432	0.21939199479087715	0.03316485873087118	23.0	0.0	0.0	10.0
0.3438008304188633	0.1329902609696198	0.03083798389917909	37.0	0.0	0.0	10.0
0.53112148969335	0.5792118089556495	0.03343465936670037	35.0	0.0	0.0	10.0
0.8201549294790859	0.5225345100904633	0.019107829360498988	79.0	0.0	0.0	10.0
0.8078141340768176	0.886915035440619	0.018926093116927747	74.0	0.0	0.0	10.0
0.7303072815607979	0.9618580918595782	0.018567564718382033	77.0	0.0	0.0	10.0
0.07256876597683921	0.5605211888019255	0.030711696855077623	22.0	0.0	0.0	10.0
0.3910024757780767	0.6074141180319492	0.018680803969161212	63.0	0.0	0.0	10.0
0.9610222030905008	0.5659625072965115	0.030950782044439663	45.0	0.0	0.0	10.0
0.5208941068314182	0.9919990411716185	0.0324373756699946	13.0	0.0	0.0	10.0
0.7340391157722056	0.21491008933564232	0.018002499736920804	68.0	0.0	0.0	10.0
0.44389266073228956	0.9362549907412528	0.03085985126028411	5.0	0.0	0.0	10.0
0.7170006672812468	0.3656343576637466	0.018895055223616977	69.0	0.0	0.0	10.0
0.2483666615083679	0.6269710245118253	0.032189565705987196	28.0	0.0	0.0	10.0
0.763893387930336	0.12210761489860836	0.03312834014122718	16.0	0.0	0.0	10.0
0.7612825349879647	0.9163062385464406	0.018926093116927747	73.0	0.0	0.0	10.0
0.5499829166214258	0.8421888352235621	0.03322550012094072	7.0	0.0	0.0	10.0
0.9338782826975256	0.8639392623436883	0.031189094314495035	46.0	0.0	0.0	10.0
0.40080641581545257	0.5491103610354062	0.032335450660480596	43.0	0.0	0.0	10.0
0.2878626626862231	0.5518508262703862	0.033477818185532734	18.0	0.0	0.0	10.0
0.8102334107285677	0.265405441734337	0.031878655737254895	44.0	0.0	0.0	10.0
0.6770162510861367	0.3543395806513599	0.018895055223616977	70.0	0.0	0.0	10.0
0.6151567352692575	0.3830529537961944	0.03298383514447813	20.0	0.0	0.0	10.0
0.2187107643085813	0.5190833339979071	0.031371256204396146	40.0	0.0	0.0	10.0
0.822628378183128	0.4586802787540477	0.03342022928580162	12.0	0.0	0.0	10.0
0.3468068740955119	0.48209244880808777	0.03225188132961087	39.0	0.0	0.0	10.0
0.5336913646582457	0.16315822339642816	0.03631374960776982	19.0	0.0	0.01451168263976399	10.0
0.7695657933158904	0.3424376932121699	0.03287771239226592	6.0	0.0	0.0	10.0
0.7705464967927745	0.8030813440808893	0.03287802353525159	60.0	0.0	0.0	10.0
0.7157510454380006	0.27952382906370293	0.03253739782997943	21.0	0.0	0.0	10.0
0.8460634981607937	0.5684932454661514	0.026952484429858696	11.0	0.0	0.0	10.0
0.13307285554573464	0.11367336043080492	0.034176433141715486	53.0	0.0	0.0	10.0
0.7716864087586354	0.7257733538512126	0.018078192399565204	76.0	0.0	0.0	10.0
0.8189582073426417	0.7282581916237251	0.018078192399565204	75.0	0.0	0.0	10.0
0.05541233754906215	0.7246597465206486	0.016264663942653353	65.0	0.0	0.0	10.0
0.5856052074485492	0.07253782191010663	0.03293733080778169	54.0	0.0	0.0	10.0
0.6020925118346838	0.45629535554521733	0.029867960526774973	59.0	0.0	0.0	10.0
0.7856364392697172	0.541857474696917	0.019107829360498988	80.0	0.0	0.0	10.0
0.6345056191679095	0.2737478736280628	0.019298649425446998	72.0	0.0	0.0	10.0
0.6976471527145344	0.9402213870820213	0.018567564718382033	78.0	0.0	0.0	10.0
0.6873895672602979	0.4506564475596594	0.036036454974489394	33.0	0.0	0.007125761704671163	10.0
0.8275787409481062	0.39235625637653326	0.03199305014920571	29.0	0.0	0.0	10.0
0.8779548246988924	0.19015477939655132	0.03172746128130579	51.0	0.0	0.0	10.0
0.67378956196898	0.817392088491194	0.03328785557375945	27.0	0.0	0.0	10.0
0.3765378416273384	0.9213945145921788	0.03225366299393816	14.0	0.0	0.0	10.0
0.4024359767241527	0.6592202829016325	0.018680803969161212	64.0	0.0	0.0	10.0
0.5988618620907836	0.6029091375682439	0.033223006839978995	62.0	0.0	0.0	10.0
0.3337529706487876	0.8427332425075913	0.032154918998224445	2.0	0.0	0.0	10.0
0.42188709161110366	0.13126575822726844	0.032277931958283525	38.0	0.0	0.0	10.0
0.5282173299874028	0.3044646818991396	0.03051216988716057	57.0	0.0	0.0	10.0
0.11484487588912615	0.38334462406240566	0.03474643014291808	50.0	0.0	0.0	10.0
0.20484643101319494	0.24427825325908864	0.032198964144236786	34.0	0.0	0.0	10.0
0.36860801242516744	0.40207875674420274	0.032921993965538875	3.0	0.0	0.0	10.0
0.861276868066222	0.9610131871348876	0.03328451073044596	25.0	0.0	0.0	10.0
0.03528446172624021	0.6953925346420053	0.016264663942653353	66.0	0.0	0.0	10.0
0.5860761381746703	0.5224521032686478	0.03297895673429767	52.0	0.0	0.0	10.0
0.3294091699947354	0.6371893516054783	0.033832128517659	9.0	0.0	0.0	10.0
0.2844948495265499	0.4424472414039822	0.035098897855263975	56.0	0.0	6.190711914655367e-06	10.0
0.29727702439039144	0.0343046356852987	0.03453375983010275	42.0	0.0	0.0	11.0
0.4252928010240492	0.13461828113885654	0.0323102098902418	38.0	0.0	0.0	11.0
0.20458105657961015	0.2472812511231656	0.03223116310838102	34.0	0.0	0.0	11.0
0.28796142535499547	0.5557717796335859	0.033511296003718265	18.0	0.0	0.0	11.0
0.8769449925488338	0.19244355144002612	0.03175918874258709	51.0	0.0	0.0	11.0
0.8221789674063594	0.5199322475762046	0.019126937189859486	79.0	0.0	0.0	11.0
0.8081085774799893	0.886098961132038	0.018945019210044673	74.0	0.0	0.0	11.0
0.8482355518460749	0.5672147800203544	0.02697943691428855	11.0	0.0	0.0	11.0
0.44632353286951043	0.9368398056199712	0.030890711111544393	5.0	0.0	0.0	11.0
0.634982302276718	0.2729664128540947	0.019317948074872443	72.0	0.0	0.0	11.0
0.282759527153539	0.4406732532534562	0.035133996753119234	56.0	0.0	1.5397946242501348e-05	11.0
0.3756729910672977	0.9187941920439713	0.0322859166569321	14.0	0.0	0.0	11.0
0.5234587269018175	0.15696053067104443	0.03635006335737759	19.0	0.0	0.015748617105401763	11.0
0.6529652144853572	0.9111407134148357	0.03348160102172938	8.0	0.0	0.0	11.0
0.7704925812324732	0.8031073981105994	0.03291090155878684	60.0	0.0	0.0	11.0
0.7636489199548671	0.9168755392168584	0.018945019210044673	73.0	0.0	0.0	11.0
0.5786958506459022	0.22467154050737384	0.035147119095206035	32.0	0.0	2.0379198986120173e-05	11.0
0.5214471368816473	0.9948921882559947	0.03246981304566459	13.0	0.0	0.0	11.0
0.7689239215073561	0.34579561119625524	0.03291059010465818	6.0	0.0	0.0	11.0
0.5211516733405358	0.9166392309595514	0.034551731276120455	47.0	0.0	0.0	11.0
0.674347036165967	0.8151674552431345	0.033321143429333205	27.0	0.0	0.0	11.0
0.39486702489663433	0.6053318253343288	0.01869948477313037	63.0	0.0	0.0	11.0
0.9629149897842709	0.5672261499105827	0.0309817328264841	45.0	0.0	0.0	11.0
0.6123713302155404	0.385177528592526	0.0330168189796226	20.0	0.0	0.0	11.0
0.3546572007968601	0.3958709629579397	0.03295491595950441	3.0	0.0	0.0	11.0
0.7715320646778155	0.7230523258282971	0.018096270591964767	76.0	0.0	0.0	11.0
0.5537910645045777	0.8387570681978213	0.033258725621061656	7.0	0.0	0.0	11.0
0.763185110538741	0.11621480971225755	0.0331614684813684	16.0	0.0	0.0	11.0
0.5897345595537772	0.5219757851973031	0.03301193569103196	52.0	0.0	0.0	11.0
0.40292333966521504	0.6647353200936862	0.01869948477313037	64.0	0.0	0.0	11.0
0.6504727694458575	0.3181635518929032	0.019317948074872443	71.0	0.0	0.0	11.0
0.11516035601189004	0.383283289487215	0.034781176573061	50.0	0.0	0.0	11.0
0.716222248337942	0.36401048831927774	0.018913950278840592	69.0	0.0	0.0	11.0
0.7817134517321277	0.5403435463799132	0.019126937189859486	80.0	0.0	0.0	11.0
0.4009448081883145	0.5487550835555107	0.03236778611114107	43.0	0.0	0.0	11.0
0.4204321085457474	0.7276517778997369	0.030585789712629208	55.0	0.0	0.0	11.0
0.24930982014665037	0.6290378188718173	0.03222175527169318	28.0	0.0	0.0	11.0
0.22049448797041835	0.5184460969515168	0.03140262746060054	40.0	0.0	0.0	11.0
0.06949885063827294	0.5613420441173634	0.030742408551932696	22.0	0.0	0.0	11.0
0.7328625031953279	0.21492120120132707	0.018020502236657722	68.0	0.0	0.0	11.0
0.08970115248401579	0.21898390797387246	0.03319802358960205	23.0	0.0	0.0	11.0
0.33937877975223746	0.8368353171150111	0.03218707391722267	2.0	0.0	0.0	11.0
0.822868271210171	0.4588318424178593	0.03345364951508742	12.0	0.0	0.0	11.0
0.5418152459306992	0.40337433378682785	0.03228918595378162	58.0	0.0	0.0	11.0
0.5855544111872609	0.07241654089077286	0.03297026813858947	54.0	0.0	0.0	11.0
0.055793618471364076	0.7268002020358615	0.016280928606596006	65.0	0.0	0.0	11.0
0.6785217007143283	0.3552907190155922	0.018913950278840592	70.0	0.0	0.0	11.0
0.7074053329562997	0.2801291286376865	0.032569935227809405	21.0	0.0	0.0	11.0
0.6877202499355479	0.4483887562782803	0.03607249142946388	33.0	0.0	0.00789516962190362	11.0
0.7349626996704625	0.9608307074274677	0.018586132283100413	77.0	0.0	0.0	11.0
0.829389746042167	0.38818065019228853	0.03202504319935492	29.0	0.0	0.0	11.0
0.8607874756830608	0.960054938709148	0.0333177952411764	25.0	0.0	0.0	11.0
0.1310459717155311	0.10513014296157125	0.0342106095748572	53.0	0.0	0.0	11.0
0.8100075780561936	0.26493432941519074	0.03191053439299214	44.0	0.0	0.0	11.0
0.7773745369430981	0.18809879283865577	0.018020502236657722	67.0	0.0	0.0	11.0
0.5293184646048611	0.305372354887845	0.030542682057047726	57.0	0.0	0.0	11.0
0.5243746037328254	0.5823122071542065	0.03346809402606707	35.0	0.0	0.0	11.0
0.9347955589391587	0.8658841221898494	0.031220283408809526	46.0	0.0	0.0	11.0
0.33860398421087234	0.13083286375817918	0.030868821883078268	37.0	0.0	0.0	11.0
0.18993552840855574	0.3506496057420569	0.032830540186735875	41.0	0.0	0.0	11.0
0.05834520015327693	0.9011113131826257	0.03379039564292616	4.0	0.0	0.0	11.0
0.6984465945891328	0.9444036244263834	0.018586132283100413	78.0	0.0	0.0	11.0
0.60173001795378	0.4552496122541132	0.029897828487301745	59.0	0.0	0.0	11.0
0.8200751100884748	0.7296044940625852	0.018096270591964767	75.0	0.0	0.0	11.0
0.43085219923481805	0.8557730858339349	0.03504736191588504	30.0	0.0	6.799355674047547e-07	11.0
0.03667312665508045	0.6961520932774505	0.016280928606596006	66.0	0.0	0.0	11.0
0.3285766379885508	0.6374119598038099	0.033865960646176654	9.0	0.0	0.0	11.0
0.5993464030089904	0.6026320928097398	0.03325622984681897	62.0	0.0	0.0	11.0
0.34901949949497874	0.4819739289848381	0.03228413321094048	39.0	0.0	0.0	11.0
0.9355703771648939	0.7915455926058034	0.032625878379818264	1.0	0.0	0.0	11.0
0.4717094175507859	0.3824972728242926	0.03468330722948997	10.0	0.0	0.0	11.0
