# x	y	r	id	split_id	s_prob	t
2.0	0.5	0.0	-1.0	0.0	0.0	0.0
0.5193800866327417	0.3876926616353516	0.12354719553908546	1.0	0.0	4443.287412914247	0.0
0.712851849064869	0.5380454908460834	0.11437553497999695	2.0	0.0	3200.663153128957	0.0
0.47175067963307266	0.11074182884984432	0.10364623741403725	3.0	0.0	2070.285250183947	0.0
0.47369525949286734	0.6509625727775009	0.1242891613155704	4.0	0.0	4555.921212985892	0.0
0.662350052463787	0.20990071841089264	0.09929303741040857	5.0	0.0	1700.8726789112472	0.0
0.9336515717862021	0.4748892861871363	0.1099762883763379	6.0	0.0	2697.4399541863504	0.0
0.8932203349079495	0.2229226915694417	0.11664872094212102	7.0	0.0	3483.5987913850354	0.0
0.28692082643630035	0.4828237720162407	0.11419358546484695	8.0	0.0	3178.70329322714	0.0
0.9218186478032687	0.4779667046156822	0.11008626466471422	6.0	0.0	2709.3273037906188	1.0
0.7033844978929968	0.5406913813316928	0.11448991051497694	2.0	0.0	3214.519008477283	1.0
0.6604336716249102	0.21057177276277836	0.09939233044781896	5.0	0.0	1708.765249165854	1.0
0.4819675706507805	0.6462327339529567	0.12441345047688596	4.0	0.0	4574.973028379248	1.0
0.2738286109614684	0.47443636185054017	0.11430777905031178	8.0	0.0	3192.473771756464	1.0
0.506192330229762	0.3779793979753575	0.12367074273462453	1.0	0.0	4461.912124611744	1.0
0.8943558919409627	0.22083099399295006	0.11676536966306313	7.0	0.0	3498.550826046432	1.0
0.47110414435195896	0.099343655312061	0.10374988365145128	3.0	0.0	2079.676941387074	1.0
0.4759195697034727	0.10670621786537586	0.10385363353510273	3.0	0.0	2089.106427114537	2.0
0.4746128439055437	0.6483991368316016	0.12453786392736282	4.0	0.0	4594.097014841807	2.0
0.6567164832253413	0.20306139636578566	0.09949172277826678	5.0	0.0	1716.6901268571867	2.0
0.696287795727786	0.5524919905947938	0.1146044004254919	2.0	0.0	3228.4287105542526	2.0
0.5068948438343116	0.36941511878745464	0.12379441347735914	1.0	0.0	4480.6075119787965	2.0
0.27438079114605973	0.4569008679500383	0.11442208682936209	8.0	0.0	3206.2977931653336	2.0
0.8895349850861864	0.21670172571312576	0.11688213503272618	7.0	0.0	3513.5605997553944	2.0
0.9296223534712211	0.47506751481217563	0.11019635092937892	6.0	0.0	2721.2614661312136	2.0
0.7154308617234468	0.41482965931863724	0.048697394789579164	-2.0	-1.0	16.447272723848613	2.0
0.2635754125121846	0.47710674624452387	0.11453650891619144	8.0	0.0	3220.1755480206025	3.0
0.6644133032820063	0.20991362324317106	0.09959121450104504	5.0	0.0	1724.6474309076273	3.0
0.9225512780206344	0.48359091235954954	0.11030654728030828	6.0	0.0	2733.242609214198	3.0
0.49420420944634763	0.37450577759486753	0.12391820789083649	1.0	0.0	4499.37382258674	3.0
0.4793598716008234	0.1152628168928421	0.10395748716863781	3.0	0.0	2098.5738449431724	3.0
0.6914571540390076	0.5501200130220735	0.11471900482591738	2.0	0.0	3242.3924509427316	3.0
0.9000545420492553	0.19198930911146858	0.1169990171677589	7.0	0.0	3528.6283170922097	3.0
0.47078944237525994	0.6632592268518603	0.12466240179129018	4.0	0.0	4613.293424896411	3.0
0.24413777106725754	0.4836396082546245	0.11465104542510762	8.0	0.0	3234.1072275263687	4.0
0.9129386674446891	0.19801648851418055	0.11711601618492665	7.0	0.0	3543.754183319428	4.0
0.7063806976508137	0.5568735270200553	0.11483372383074328	2.0	0.0	3256.4104218660977	4.0
0.46900642668906706	0.6615260234911693	0.12478706419308146	4.0	0.0	4632.562511901706	4.0
0.6740906361688574	0.20887515832140507	0.09969080571554607	5.0	0.0	1732.637280645192	4.0
0.46030042474693006	0.11130766039927864	0.10406144465580644	3.0	0.0	2108.079332916032	4.0
0.92058048360653	0.48006725393393407	0.11041685382758858	6.0	0.0	2745.2709016102285	4.0
0.49341528333204593	0.3670913567220757	0.1240421260987273	1.0	0.0	4518.211304826896	4.0
0.7030009854295708	0.5640040770122673	0.114948557554574	2.0	0.0	3270.482816190295	5.0
0.6332665330661322	0.02004008016032064	0.04048096192384769	-2.0	-1.0	1.0537809157537765	5.0
0.6951202420694683	0.18992402766460104	0.09979049652126161	5.0	0.0	1740.6597958048528	5.0
0.9261583519414132	0.4952687516087081	0.11052727068141616	6.0	0.0	2757.3465124563722	5.0
0.9134966955825858	0.20353744556617642	0.11723313220111156	7.0	0.0	3558.9384043840582	5.0
0.4690878816854063	0.6485881570561394	0.12491185125727453	4.0	0.0	4651.904530054821	5.0
0.5027023866504456	0.3644191802913676	0.12416616822482603	1.0	0.0	4537.120207913187	5.0
0.2371179401528569	0.5051982338842889	0.11476569647053272	8.0	0.0	3248.0930235260203	5.0
0.45266728336442286	0.11511557131147881	0.10416550610046224	3.0	0.0	2117.623029543892	5.0
0.6881425757258319	0.19931271470233303	0.09989028701778287	5.0	0.0	1748.7150965298597	6.0
0.697801206588523	0.553642136362181	0.11506350611212857	2.0	0.0	3284.609827425902	6.0
0.5138382419576462	0.35805205993394246	0.12429033439305084	1.0	0.0	4556.100781884773	6.0
0.24125672106876755	0.5076695252490081	0.11488046216700325	8.0	0.0	3262.133128504292	6.0
0.47628670170069015	0.6477695383334047	0.1250367631085318	4.0	0.0	4671.319734394044	6.0
0.4504345319067261	0.1327538956256124	0.1042696716065627	3.0	0.0	2127.2050738067696	6.0
0.910867904037075	0.2062877079307631	0.11735036533331267	7.0	0.0	3574.1811869197645	6.0
0.9339950962789492	0.49099248881582414	0.11063779795209756	6.0	0.0	2769.469611457933	6.0
0.7072665385086083	0.563691219730072	0.11517856961824068	2.0	0.0	3298.791649730202	7.0
0.47713157011994584	0.6451182782604985	0.1251617998716403	4.0	0.0	4690.808380801508	7.0
0.2299321415430376	0.5066328369794993	0.11499534262917024	8.0	0.0	3276.227735589329	7.0
0.6885596134244508	0.21586942977804366	0.09999017730480064	5.0	0.0	1756.803303373069	7.0
0.5176247494882239	0.3709044166599352	0.12441462472744388	1.0	0.0	4575.153277608679	7.0
0.9147404350592033	0.20627551759489646	0.11746771569864596	7.0	0.0	3589.4827382490653	7.0
0.4471529168196498	0.1350506580124038	0.10437394127816925	3.0	0.0	2136.8256051554463	7.0
0.9524986996985919	0.5011134124975224	0.11074843575004965	6.0	0.0	2781.6403688902865	7.0
0.9494490957419184	0.5028826456940315	0.1108591841857997	6.0	0.0	2793.8589556007164	8.0
0.44613590752563614	0.14308484367891142	0.1044783152194474	3.0	0.0	2146.484763512991	8.0
0.2435400060188283	0.5157175782737572	0.1151103379717994	8.0	0.0	3290.377038554751	8.0
0.684549108395074	0.21449392009709575	0.10009016748210543	5.0	0.0	1764.9245372982757	8.0
0.9231747451228237	0.20642990096363356	0.1175851834143446	7.0	0.0	3604.843266385553	8.0
0.7222644616870914	0.5553805091189873	0.1152937481878589	2.0	0.0	3313.0284779092667	8.0
0.5162814035835988	0.36604410232970597	0.12453903935217131	1.0	0.0	4594.277946782451	8.0
0.47841192528908516	0.623199583149996	0.12528696167151193	4.0	0.0	4710.370726005894	8.0
0.4788328769597184	0.6332685790914446	0.12541224863318343	4.0	0.0	4730.007027585124	9.0
0.44590632991646906	0.13513680703724823	0.10458279353466685	3.0	0.0	2156.182689276292	9.0
0.24349327934249723	0.5082957683849373	0.11522544830977119	8.0	0.0	3304.581231821733	9.0
0.280561122244489	0.6973947895791582	0.0871743486973948	-2.0	-1.0	908.973209203698	9.0
0.7232161836403784	0.5507725420158681	0.11540904193604674	2.0	0.0	3327.320507420038	9.0
0.6845054887616926	0.20079572748922317	0.10019025764958753	5.0	0.0	1773.0789196815522	9.0
0.927689583441775	0.19340523453149597	0.11770276859775892	7.0	0.0	3620.2629800361033	9.0
0.68937875751503	0.19238476953907813	0.05751503006012024	-2.0	-1.0	73.04618979606835	9.0
0.5123790920236088	0.37201838664874765	0.12466357839152346	1.0	0.0	4613.475041936813	9.0
0.9660007928091587	0.5026774785824017	0.11097004336998548	6.0	0.0	2806.1255430102588	9.0
0.9436962282014539	0.19153243437117878	0.11782047136635668	7.0	0.0	3635.7420886031027	10.0
0.2518257839485745	0.5058982584559788	0.11534067375808095	8.0	0.0	3318.840510461081	10.0
0.5170607138276562	0.37861808714216205	0.12478824196991498	1.0	0.0	4632.744816438315	10.0
0.6811755709474874	0.20240486921340614	0.10029044790723711	5.0	0.0	1781.2665723125872	10.0
0.72305589306824	0.5550138593186744	0.11552445097798278	2.0	0.0	3341.6679343724177	10.0
0.4440162952843438	0.13596361374476842	0.1046873763282015	3.0	0.0	2165.9195233175888	10.0
0.47629378650157467	0.6293325530093649	0.1255376608818166	4.0	0.0	4749.7175439690845	10.0
0.9707331634160185	0.5051890555933896	0.11108101341335545	6.0	0.0	2818.4403031155534	10.0
0.524265661355634	0.37143578436227853	0.12491303021188488	1.0	0.0	4652.087524492018	11.0
0.9226533593085806	0.1843123053656503	0.11793829183772302	7.0	0.0	3651.2808021866826	11.0
0.489526069621567	0.6540767023205725	0.1256631985426984	4.0	0.0	4769.502534442344	11.0
0.6765008046011387	0.19932632156243446	0.10039073835514434	5.0	0.0	1789.4876173960295	11.0
0.2510346753355198	0.5009135513825363	0.11545601443183902	8.0	0.0	3333.1550701953233	11.0
0.9698497168913295	0.5018428805817927	0.11119209442676879	6.0	0.0	2830.803408490696	11.0
0.7695390781563125	0.7094188376753506	0.021442885771543088	-2.0	-1.0	0.0	11.0
0.44743681587109013	0.1308049884863108	0.1047920637045297	3.0	0.0	2175.6954069860167	11.0
0.7255045833089707	0.5426270613108877	0.11563997542896075	2.0	0.0	3356.07095553137	11.0
0.9021815575675391	0.2044644017592682	0.11805623012956072	7.0	0.0	3666.8793315869557	12.0
0.9941397030529762	0.49806623550850765	0.11130328652119555	6.0	0.0	2843.2150322891007	12.0
0.6681765905261049	0.17600572335470177	0.10049112909349947	5.0	0.0	1797.7421775528405	12.0
0.4867717939714595	0.6581742893885884	0.12578886174124107	4.0	0.0	4789.36225914688	12.0
0.5133775068203562	0.36993017374815473	0.12503794324209674	1.0	0.0	4671.503421144162	12.0
0.24010394932583526	0.5036892969097407	0.11557147044627085	8.0	0.0	3347.5251074008042	12.0
0.45194609066572955	0.14006187367017073	0.10489685576823422	3.0	0.0	2185.510482109147	12.0
0.7090751499699964	0.5425753431169322	0.1157556154043897	2.0	0.0	3370.5297683190224	12.0
0.45230759453678426	0.13186431950696237	0.10500175262400245	3.0	0.0	2195.3648909945387	13.0
0.9037016360082464	0.2022926965271145	0.11817428635969027	7.0	0.0	3682.5378883062635	13.0
0.5103877644075867	0.380773537397413	0.12516298118533883	1.0	0.0	4690.992762284868	13.0
0.4841447970381269	0.6580998440305035	0.1259146506029823	4.0	0.0	4809.296979084819	13.0
0.22041311459876559	0.4859446190770766	0.11568704191671711	8.0	0.0	3361.9508191097843	13.0
0.7029500655633572	0.5429421211344814	0.11587137101979407	2.0	0.0	3385.044570816783	13.0
0.6645991671469423	0.19078180573753348	0.10059162022259296	5.0	0.0	1806.030375821647	13.0
0.9966136534469255	0.5038702120393918	0.11141458980771674	6.0	0.0	2855.675348245371	13.0
0.8919062719799292	0.20799307814396928	0.11829246064604994	7.0	0.0	3698.256684551426	14.0
0.46238538148664154	0.14465414089724038	0.10510675437662644	3.0	0.0	2205.2587764312943	14.0
0.705541240971032	0.541140562071389	0.11598724239081386	2.0	0.0	3399.6155617674553	14.0
0.9805991400921945	0.48869056177872466	0.11152600439752444	6.0	0.0	2868.184530677164	14.0
0.6688288836318769	0.19798904787945618	0.10069221184281554	5.0	0.0	1814.352335660097	14.0
0.48810086799619784	0.6638282347681004	0.12604056525358526	4.0	0.0	4829.306956121188	14.0
0.21566134601664103	0.5054261999603659	0.11580272895863382	8.0	0.0	3376.4324030125485	14.0
0.5070551984062734	0.3841377245815431	0.12528814416652415	1.0	0.0	4710.555804650815	14.0
0.9664242496656794	0.48128162317789863	0.11163753040192195	6.0	0.0	2880.7427544870784	15.0
0.7144649074352507	0.5289545645522317	0.11610322963320466	2.0	0.0	3414.242940577357	15.0
0.9035647270589799	0.21417938404414913	0.11841075310669598	7.0	0.0	3714.0359332360085	15.0
0.5074801337082699	0.3859960442695379	0.12541343231069066	1.0	0.0	4730.1928058279655	15.0
0.49739246765908873	0.675284238323966	0.12616660581883882	4.0	0.0	4849.39245298666	15.0
0.4596420790096895	0.14334971383461706	0.10521186113100305	3.0	0.0	2215.192281691619	15.0
0.6635872450805878	0.20899992925735353	0.10079290405465835	5.0	0.0	1822.7081809462238	15.0
0.21733483647103136	0.5034346426558798	0.11591853168759245	8.0	0.0	3390.970057459522	15.0
0.5050627045190398	0.3881471210640924	0.12553884574300134	1.0	0.0	4749.9040242542615	16.0
0.5024099279965876	0.673702721492444	0.12629277242465764	4.0	0.0	4869.553733280332	16.0
0.22077602254930023	0.500775433980093	0.11603445021928002	8.0	0.0	3405.563981463385	16.0
0.45081499679071535	0.15008259327078807	0.10531707299213404	3.0	0.0	2225.1655505323833	16.0
0.9059078525731526	0.21471197042240495	0.11852916385980267	7.0	0.0	3729.8758479825756	16.0
0.9679358717434869	0.32064128256513025	0.08897795591182364	-2.0	-1.0	1006.5359169823779	16.0
0.9650133388954776	0.48285722153040656	0.11174916793232387	6.0	0.0	2893.3501951645353	16.0
0.6697174008776552	0.20206689631667804	0.100893696958713	5.0	0.0	1831.0980359798123	16.0
0.7198874951792479	0.5285269388592155	0.11621933286283785	2.0	0.0	3428.9269073184632	16.0
0.671378229994842	0.19418829226217946	0.1009945906556717	5.0	0.0	1839.5220254837689	17.0
0.716423189592457	0.5291327931640813	0.11633555219570067	2.0	0.0	3443.667662730537	17.0
0.9492622398795054	0.48540789060287665	0.11186091710025618	6.0	0.0	2906.0070287876683	17.0
0.5089223721272966	0.39224482433484803	0.12566438458874432	1.0	0.0	4769.689719222351	17.0
0.4574047138604743	0.14871511590069436	0.10542239006512616	3.0	0.0	2235.178727196692	17.0
0.4847675238862782	0.6620843907124024	0.1264190651970823	4.0	0.0	4889.791061472486	17.0
0.9039476957128649	0.21130863702690456	0.11864769302366246	7.0	0.0	3745.7766431249793	17.0
0.2058306237079043	0.507766874787872	0.11615048466949929	8.0	0.0	3420.21437470121	17.0
0.9099437843757271	0.23589175471246643	0.11876634071668611	7.0	0.0	3761.7385337106325	18.0
0.7167146735268557	0.5137018527343864	0.11645188774789636	2.0	0.0	3458.4654082232737	18.0
0.4937344882257394	0.6793724652887067	0.12654548426227935	4.0	0.0	4910.10470290737	18.0
0.9592200254198567	0.5006328839485391	0.11197277801735643	6.0	0.0	2918.7134320252217	18.0
0.20064478685505194	0.5166411571910222	0.11626663515416877	8.0	0.0	3434.921437516587	18.0
0.8236472945891783	0.5350701402805611	0.06953907815631262	-2.0	-1.0	263.7012572250738	18.0
0.500232979691495	0.3906687393422069	0.12579004897333304	1.0	0.0	4789.550150882324	18.0
0.45773704435576323	0.14285625441571018	0.10552781245519127	3.0	0.0	2245.2319564154604	18.0
0.6867501098597035	0.19317064124771582	0.10109558524632736	5.0	0.0	1847.9802746054972	18.0
0.4768704053139128	0.1530107654457136	0.10563334026764645	3.0	0.0	2255.325383408993	19.0
0.7147418876476044	0.5147809082497591	0.11656833963564424	2.0	0.0	3473.3203458784587	19.0
0.5067169672731422	0.6693401333744033	0.12667202974654163	4.0	0.0	4930.494923806001	19.0
0.4853492322834214	0.38577048151792903	0.12591583902230635	1.0	0.0	4809.4855802444445	19.0
0.6921764292311453	0.21057689242224478	0.10119668083157368	5.0	0.0	1856.4729089182783	19.0
0.9129473189582711	0.23784272097944456	0.11888510705740278	7.0	0.0	3777.761735502797	19.0
0.2136231512069459	0.5015851482181072	0.11638290178932292	8.0	0.0	3449.6853709217726	19.0
0.9462267411102536	0.4851700707558091	0.11208475079537378	6.0	0.0	2931.4695821384516	19.0
0.46063021948618166	0.15312759128961842	0.1057389736079141	3.0	0.0	2265.4591538885675	20.0
0.711505340628179	0.5360377399631814	0.11668490797527988	2.0	0.0	3488.2326784521206	20.0
0.4841057440230024	0.6675570105428756	0.12679870177628816	4.0	0.0	4950.961991268948	20.0
0.5013394221778174	0.39694965955650086	0.12604175486132865	1.0	0.0	4829.496269181899	20.0
0.9483577593131381	0.4854876773077167	0.11219683554616913	6.0	0.0	2944.2756569830344	20.0
0.9182819620516675	0.23238921344553842	0.11900399216446017	7.0	0.0	3793.846464982885	20.0
0.2299793822929179	0.4966551496251214	0.11649928469111223	8.0	0.0	3464.5063765998275	20.0
0.6944125954472248	0.20115155980246596	0.10129787751240524	5.0	0.0	1865.0000544226532	20.0
0.949309938207453	0.4775656332140645	0.11230903238171529	6.0	0.0	2957.1318350109864	21.0
0.4947296428711899	0.6620041059419081	0.12692550047806445	4.0	0.0	4971.50617327915	21.0
0.7995991983967935	0.0060120240480961915	0.09058116232464929	-2.0	-1.0	1098.911827682658	21.0
0.4844679907576305	0.3971089924444324	0.12616779661618996	1.0	0.0	4849.582480433548	21.0
0.7100339634595807	0.5412127346694527	0.11680159288325515	2.0	0.0	3503.2026093766945	21.0
0.22619833174537848	0.508783797245907	0.11661578397580333	8.0	0.0	3479.3846569067805	21.0
0.6916197146733124	0.20595184518859963	0.10139917538991763	5.0	0.0	1873.5618375478123	21.0
0.31462925851703405	0.969939879759519	0.058116232464929855	-2.0	-1.0	79.05532595948799	21.0
0.45302677744249753	0.14100864358265272	0.10584471258152199	3.0	0.0	2275.633414058022	21.0
0.9325347034238023	0.22178675959965277	0.11912299615662461	7.0	0.0	3809.992939352754	21.0
0.48960283415790096	0.4049599304148618	0.12629396441280613	1.0	0.0	4869.744477606701	22.0
0.5390781563126252	0.907815631262525	0.03687374749498998	-2.0	-1.0	0.04210301237492331	22.0
0.6774048072523394	0.1955280881973242	0.10150057456530755	5.0	0.0	1882.158385152987	22.0
0.9351738396692548	0.23064341297186172	0.11924211915278123	7.0	0.0	3826.2013765370234	22.0
0.4456667290719538	0.1375089761717805	0.1059505572941035	3.0	0.0	2285.848310615355	22.0
0.2256653322529446	0.5031565958007056	0.11673239975977912	8.0	0.0	3494.3204148737827	22.0
0.947993895962146	0.48268058284224913	0.11242134141409699	6.0	0.0	2970.038295272577	22.0
0.493674821227153	0.6759395586893889	0.1270524259785425	4.0	0.0	4992.127738704728	22.0
0.7091076949703018	0.5202084336964536	0.11691839447613839	2.0	0.0	3518.2303427632	22.0
0.9779559118236472	0.7334669338677354	0.06492985971943888	-2.0	-1.0	171.5908074670391	22.0
0.5118555522569128	0.6770282445003896	0.127179478404521	4.0	0.0	5012.826957301811	23.0
0.7097939837689871	0.5178511983824557	0.11703531287061451	2.0	0.0	3533.316083403416	23.0
0.22316381362332813	0.5058123895401735	0.11684913215953888	8.0	0.0	3509.313854209279	23.0
0.6701894030730062	0.1728856120737642	0.10160207513987285	5.0	0.0	1890.789824528846	23.0
0.444145959540322	0.13989933364565071	0.1060565078513976	3.0	0.0	2296.1039907543154	23.0
0.48728362184886076	0.40713068262882834	0.12642025837721893	1.0	0.0	4889.982525179882	23.0
0.9182549024957338	0.22779420482366122	0.11936136127193399	7.0	0.0	3842.4719951853854	23.0
0.9571324581601924	0.4978764582242459	0.11253376275551107	6.0	0.0	2982.9952174182595	23.0
0.845691382765531	0.4749498997995992	0.08937875751503006	-2.0	-1.0	1029.1242569749606	24.0
0.49142744108756026	0.4091331321805915	0.12654667863559613	1.0	0.0	4910.2968885056025	24.0
0.6731043134454472	0.17554587044049813	0.10170367721501271	5.0	0.0	1899.4562833988975	24.0
0.7218329871755761	0.511001942380612	0.11715234818348512	2.0	0.0	3548.4600367720673	24.0
0.44160243405654964	0.1297492470782921	0.10616256435924898	3.0	0.0	2306.400602166015	24.0
0.9588234204553856	0.5033006348017793	0.11264629651826656	6.0	0.0	2996.0027817006035	24.0
0.2093788145519303	0.5073373422585719	0.1169659812916984	8.0	0.0	3524.3651793011836	24.0
0.904932988144178	0.20770288769163534	0.11948072263320592	7.0	0.0	3858.805014674936	24.0
0.5136423082512509	0.6706170139230255	0.12730665788292553	4.0	0.0	5033.604099717375	24.0
0.956910879015773	0.5028277616678734	0.11275894281478481	6.0	0.0	3009.0611689762327	25.0
0.9013682614642701	0.20719452153554704	0.11960020335583911	7.0	0.0	3875.2006551125	25.0
0.5179312366782987	0.6718553735795444	0.12743396454080844	4.0	0.0	5054.4594374920725	25.0
0.432740390255159	0.1242279916467315	0.10626872692360821	3.0	0.0	2316.7382930405347	25.0
0.7130116927368443	0.5138436146827414	0.1172695005316686	2.0	0.0	3563.6624090290147	25.0
0.18145346858493686	0.5083046935201957	0.11708294727299008	8.0	0.0	3539.4745952190588	25.0
0.6690749022906117	0.17563467377109926	0.10180538089222771	5.0	0.0	1908.1578899208978	25.0
0.488308125490841	0.4004774164136835	0.1266732253142317	1.0	0.0	4930.687833813173	25.0
0.1831091149081431	0.5035283893502679	0.11720003022026305	8.0	0.0	3554.6423077163013	26.0
0.9602905885363408	0.503331472938769	0.11287170175759959	6.0	0.0	3022.1705607077706	26.0
0.5148589481527375	0.6707139738464257	0.12756139850534923	4.0	0.0	5075.393243063099	26.0
0.4318634971327634	0.1276361376742238	0.10637499565053181	3.0	0.0	2327.1172120685396	26.0
0.7216532002942251	0.49417323756446624	0.11738677003220026	2.0	0.0	3578.923407021459	26.0
0.8941144722029105	0.213814606240552	0.11971980355919494	7.0	0.0	3891.659137336976	26.0
0.4768431590456698	0.4124218952347864	0.1267998985395459	1.0	0.0	4951.155628211481	26.0
0.6654767489006314	0.17204782917647163	0.10190718627311993	5.0	0.0	1916.8947726882568	26.0
0.8256513026052104	0.4789579158316633	0.08857715430861722	-2.0	-1.0	984.2805481034876	27.0
0.17379668530407294	0.5032644883354936	0.11731723025048331	8.0	0.0	3569.8685232323464	27.0
0.47914926799476926	0.4174870253578744	0.12692669843808543	1.0	0.0	4971.700539691814	27.0
0.5105557092193688	0.6919662336750184	0.12768895990385457	4.0	0.0	5096.405789767048	27.0
0.7354365653619689	0.48200836414979675	0.11750415680223245	2.0	0.0	3594.243238286141	27.0
0.4387915520042022	0.12545239636848785	0.10648137064618234	3.0	0.0	2337.537508442895	27.0
0.6678674917871733	0.17327832283095487	0.10200909345939303	5.0	0.0	1925.6670607314547	27.0
0.9847644273638735	0.49825273884416604	0.11298457345935717	6.0	0.0	3035.3311389657897	27.0
0.8916361465520772	0.2192454948201161	0.11983952336275412	7.0	0.0	3908.1806829216757	27.0
0.03006012024048096	0.5370741482965932	0.07034068136272545	-2.0	-1.0	282.491073579724	27.0
0.16901724767371665	0.5200742941173851	0.11743454748073379	8.0	0.0	3585.1534488948573	28.0
0.8496993987975952	0.9058116232464929	0.07034068136272545	-2.0	-1.0	282.491073579724	28.0
0.43883085019284407	0.11921048686462679	0.10658785201682851	3.0	0.0	2347.999331860296	28.0
0.7457450119638143	0.4700496873607951	0.11762166095903466	2.0	0.0	3609.62211105156	28.0
0.9028694948731578	0.22399198972270742	0.11995936288611686	7.0	0.0	3924.7655141766877	28.0
0.5005062877067014	0.4066642922746502	0.12705362513652352	1.0	0.0	4992.322837130667	28.0
0.6631062177314987	0.17808477442168702	0.10211110255285241	5.0	0.0	1934.474883519463	28.0
0.9765775837306065	0.4910597613912283	0.11309755803281651	6.0	0.0	3048.543086430772	28.0
0.5052598604803513	0.676688463259359	0.1278166488637584	4.0	0.0	5117.497351842773	28.0
0.5078131277661918	0.6797661439140206	0.12794446551262215	4.0	0.0	5138.668204434278	29.0
0.901147057147508	0.22269526728780878	0.12007932224900296	7.0	0.0	3941.4138541512266	29.0
0.44488222883504813	0.13215782489283923	0.10669443986884533	3.0	0.0	2358.5028325228936	29.0
0.9834397768827456	0.49143082829032064	0.11321065559084932	6.0	0.0	3061.8065863950687	29.0
0.16555057153865363	0.5208164832263456	0.11755198202821451	8.0	0.0	3600.497292521945	29.0
0.6691333957226262	0.1652667188225971	0.10221321365540526	5.0	0.0	1943.3183709611646	29.0
0.49660528295832235	0.40164885343930895	0.12718067876166003	1.0	0.0	5013.022790292564	29.0
0.736575556194824	0.4647076630526934	0.11773928261999368	2.0	0.0	3625.060234240194	29.0
