# x	y	r	id	split_id	s_prob	t
2.0	0.5	0.0	-1.0	0.0	0.0	0.0
0.7790288971592413	0.7197574164183923	0.03137093883881765	1.0	0.0	0.0	0.0
0.08371855409727184	0.13360996334404074	0.030638056768722683	2.0	0.0	0.0	0.0
0.8947680583584516	0.8981802253214978	0.031751621237492304	3.0	0.0	0.0	0.0
0.42777923715724736	0.19216916655402014	0.029472573519117126	4.0	0.0	0.0	0.0
0.01819135347039917	0.6686830402493454	0.01819135347039917	5.0	0.0	0.0	0.0
0.5374422408789695	0.1218909521874626	0.03563599672507108	6.0	0.0	0.0016464350843676812	0.0
0.6124678552374946	0.6875657985165022	0.034434877738226975	7.0	0.0	0.0	0.0
0.5822031653961367	0.8923678304802631	0.031682127109627804	8.0	0.0	0.0	0.0
0.7116166692053559	0.07711513705208338	0.0340467605216643	9.0	0.0	0.0	0.0
0.37759774098917703	0.5575358209725068	0.03296081657135746	10.0	0.0	0.0	0.0
0.9443453636040355	0.6281585575026376	0.033884502562132955	11.0	0.0	0.0	0.0
0.061267419936225836	0.7890583523234673	0.03182298778010649	12.0	0.0	0.0	0.0
0.6077274528921885	0.15233840002625407	0.030346545956587558	13.0	0.0	0.0	0.0
0.5036358336285977	0.6663397523983342	0.0321832243175162	14.0	0.0	0.0	0.0
0.11739525533884086	0.21031800506094794	0.032560450528635904	15.0	0.0	0.0	0.0
0.7049369770741666	0.7108205096676633	0.0336254675082252	16.0	0.0	0.0	0.0
0.3051116826298089	0.09993326210247173	0.033564855641169636	17.0	0.0	0.0	0.0
0.441626109782984	0.6038179563296622	0.03178406083932437	18.0	0.0	0.0	0.0
0.8502812160822286	0.4553841243324844	0.02966674887218073	19.0	0.0	0.0	0.0
0.7307512347610202	0.6512738519897934	0.030936047973738088	20.0	0.0	0.0	0.0
0.5188479311605727	0.4226066586782632	0.034795481992014946	21.0	0.0	0.0	0.0
0.2627039847700553	0.7747145721650213	0.030167378616910823	22.0	0.0	0.0	0.0
0.6493624064325144	0.4086363568168544	0.0320663948544962	23.0	0.0	0.0	0.0
0.5742887789740586	0.586802806561058	0.03040571607306089	24.0	0.0	0.0	0.0
0.7083628609728894	0.7928060391236815	0.03326652627560968	25.0	0.0	0.0	0.0
0.6679651413935945	0.6360896850584814	0.031751795601691966	26.0	0.0	0.0	0.0
0.7510161527728061	0.4373239171337465	0.033439157346411445	27.0	0.0	0.0	0.0
0.46435511469006896	0.13984422605540256	0.03347297152684841	28.0	0.0	0.0	0.0
0.5945822860618816	0.23578213368526255	0.032122287811970296	29.0	0.0	0.0	0.0
0.898819452666359	0.5732780073311918	0.036094176167684344	30.0	0.0	0.008383815790992344	0.0
0.21904900167913252	0.5121610310038999	0.03255553963957956	31.0	0.0	0.0	0.0
0.9056795214377896	0.7609944346221599	0.030495273809554434	32.0	0.0	0.0	0.0
0.46344691697641666	0.3700666893925938	0.0354872028802057	33.0	0.0	0.0007401325685094662	0.0
0.5643002249262664	0.520798947817311	0.03130941397540125	34.0	0.0	0.0	0.0
0.5311703460768844	0.8330612855243097	0.030588851786882768	35.0	0.0	0.0	0.0
0.7505394044936803	0.887974202529142	0.033176882104301725	36.0	0.0	0.0	0.0
0.0434860005283592	0.5398336559984728	0.03452679862077825	37.0	0.0	0.0	0.0
0.8010520506429141	0.9318635542171816	0.030343637308888182	38.0	0.0	0.0	0.0
0.8063865667795459	0.38581319334714514	0.03213119820026612	39.0	0.0	0.0	0.0
0.8969485248196051	0.04068721362193366	0.030257621653800113	40.0	0.0	0.0	0.0
0.07899512129088965	0.6729327860809255	0.031803548288168185	41.0	0.0	0.0	0.0
0.4977632924590438	0.735405634907316	0.036388314006877975	42.0	0.0	0.017125493291544558	0.0
0.6700738142096165	0.29060655706479227	0.03437457246445431	43.0	0.0	0.0	0.0
0.7800678899347463	0.7994469289841907	0.03402126384196817	44.0	0.0	0.0	0.0
0.6823356631083136	0.861235289921795	0.0300295288331329	45.0	0.0	0.0	0.0
0.31259539401682424	0.9362380096014357	0.029971047192020622	46.0	0.0	0.0	0.0
0.7740909295494367	0.03881628577517983	0.03200278476728959	47.0	0.0	0.0	0.0
0.9312488686767587	0.23775828014667086	0.03381815076236659	48.0	0.0	0.0	0.0
0.6389388599265549	0.08190655835075383	0.033933338689395166	49.0	0.0	0.0	0.0
0.40375289514360435	0.10208553723736702	0.02852868673018944	50.0	0.0	0.0	0.0
0.4233472635852589	0.7453020701452705	0.03375665614585138	51.0	0.0	0.0	0.0
0.35126123618307015	0.781574640936452	0.02979623620436744	52.0	0.0	0.0	0.0
0.8262881803698223	0.8657577910298753	0.035790473276423124	53.0	0.0	0.0031611241370228527	0.0
0.6569136792012471	0.9258683284980227	0.03201275709966905	54.0	0.0	0.0	0.0
0.28971315772380746	0.6556080019322783	0.03298106676255982	55.0	0.0	0.0	0.0
0.454298992013696	0.05299403911200412	0.03327830889603035	56.0	0.0	0.0	0.0
0.5876217874896379	0.32195003325059335	0.03100071437122095	57.0	0.0	0.0	0.0
0.6956069400452028	0.15754698501460826	0.03197016309448075	58.0	0.0	0.0	0.0
0.9521931893820655	0.8578511706921106	0.03158684054699885	59.0	0.0	0.0	0.0
0.5670962631447771	0.7621393769959925	0.031135492852217197	60.0	0.0	0.0	0.0
0.4143326906269576	0.3181068010058083	0.03500936773937458	61.0	0.0	5.261199476080947e-09	0.0
0.7491452249260522	0.2801659780064244	0.032044804544270875	62.0	0.0	0.0	0.0
0.4276579204106477	0.6719576264255699	0.031999260479275676	63.0	0.0	0.0	0.0
0.5978543762948914	0.9682799938226266	0.03468243394570036	64.0	0.0	0.0	0.0
0.223705944573342	0.7016482403302918	0.033585188798482955	65.0	0.0	0.0	0.0
0.6566814897842967	0.21419816751788479	0.03203090171260649	66.0	0.0	0.0	0.0
0.6466913066151618	0.7558078620090583	0.03321130574218087	67.0	0.0	0.0	0.0
0.03918014848073357	0.6086973586221907	0.03305498595628927	68.0	0.0	0.0	0.0
0.17851223166613278	0.7516397953883907	0.03325463677958283	69.0	0.0	0.0	0.0
0.13922274688430225	0.521515670237669	0.02994356381600401	70.0	0.0	0.0	0.0
0.46441767383679666	0.260919248759412	0.03171226977722366	71.0	0.0	0.0	0.0
0.3188318201726703	0.1953505822869173	0.03464814989602107	72.0	0.0	0.0	0.0
0.6197833958998712	0.822240226688353	0.03392071152598106	73.0	0.0	0.0	0.0
0.3557472135952733	0.710249532464417	0.031920504740269896	74.0	0.0	0.0	0.0
0.324948329392794	0.4942554253265602	0.03046634601642854	75.0	0.0	0.0	0.0
0.9674201403806663	0.45603319560128486	0.03127813263415907	76.0	0.0	0.0	0.0
0.8033133102207926	0.9325919913819324	0.030373980946197067	38.0	0.0	0.0	1.0
0.21478976216677834	0.5086949137582589	0.03258809517921913	31.0	0.0	0.0	1.0
0.9042442258016454	0.7593711558255989	0.030525769083363984	32.0	0.0	0.0	1.0
0.9048719099296597	0.5648586643563914	0.03613027034385202	30.0	0.0	0.009241170265440246	1.0
0.7848928216490604	0.7191460694532347	0.03140230977765646	1.0	0.0	0.0	1.0
0.8254683139907649	0.8679860744945016	0.03582626374969954	53.0	0.0	0.003610239991473918	1.0
0.5063611501839848	0.6621547987371872	0.03221540754183371	14.0	0.0	0.0	1.0
0.4217430071016099	0.6765192287663133	0.03203125973975495	63.0	0.0	0.0	1.0
0.7746449978738855	0.04032216687627101	0.03203478755205688	47.0	0.0	0.0	1.0
0.4751083740350323	0.36834681494295957	0.0355226900830859	33.0	0.0	0.0009139296248292794	1.0
0.38088773997255504	0.5615015500135482	0.03299377738792881	10.0	0.0	0.0	1.0
0.08096473397692808	0.13710486432333258	0.0306686948254914	2.0	0.0	0.0	1.0
0.5225173951561567	0.4305532944759915	0.03483027747400696	21.0	0.0	0.0	1.0
0.31163386909694774	0.9353266105674881	0.03000101823921264	46.0	0.0	0.0	1.0
0.4608563187159388	0.25455176624149434	0.03174398204700088	71.0	0.0	0.0	1.0
0.08015530429646874	0.6727970430222479	0.031835351836456346	41.0	0.0	0.0	1.0
0.6088722231033825	0.6885272236452563	0.0344693126159652	7.0	0.0	0.0	1.0
0.7448890046442787	0.6548150983682393	0.030966984021711823	20.0	0.0	0.0	1.0
0.42244174385114575	0.20322480665967751	0.02950204609263624	4.0	0.0	0.0	1.0
0.9347460176427811	0.23908263692889242	0.03385196891312896	48.0	0.0	0.0	1.0
0.6073793993410764	0.1497212018397232	0.03037689250254414	13.0	0.0	0.0	1.0
0.5707010615809127	0.7615323163413238	0.031166628345069412	60.0	0.0	0.0	1.0
0.3079998415172919	0.10014273509210846	0.033598420496810805	17.0	0.0	0.0	1.0
0.6479109302113163	0.40910393216009067	0.032098461249350695	23.0	0.0	0.0	1.0
0.03784025798561038	0.608095429568844	0.03308804094224556	68.0	0.0	0.0	1.0
0.42670930723110756	0.7460662539835028	0.03379041280199723	51.0	0.0	0.0	1.0
0.45458964455709827	0.05141982702763277	0.03331158720492637	56.0	0.0	0.0	1.0
0.7209956985377519	0.0807469029914056	0.03408080728218596	9.0	0.0	0.0	1.0
0.6947917253033227	0.1584346079825262	0.03200213325757523	58.0	0.0	0.0	1.0
0.06083262410030343	0.7959553759905267	0.03185481076788659	12.0	0.0	0.0	1.0
0.66713776872964	0.6387985403892719	0.03178354739729365	26.0	0.0	0.0	1.0
0.5266380178692849	0.8433337511937818	0.030619440638669646	35.0	0.0	0.0	1.0
0.6448639450002964	0.7547630359927878	0.03324451704792305	67.0	0.0	0.0	1.0
0.621435111093247	0.8217423764478816	0.03395463223750703	73.0	0.0	0.0	1.0
0.9455295738183604	0.8508652408966135	0.03161842738754584	59.0	0.0	0.0	1.0
0.5908021151439268	0.23509648498226926	0.03215441009978226	29.0	0.0	0.0	1.0
0.2509741379886633	0.7742342887954285	0.03019754599552773	22.0	0.0	0.0	1.0
0.5965087304540073	0.9689512901113606	0.03471711637964606	64.0	0.0	0.0	1.0
0.4399229423290379	0.6045376060197946	0.03181584490016369	18.0	0.0	0.0	1.0
0.5852255551376115	0.3208837643694934	0.031031715085592167	57.0	0.0	0.0	1.0
0.9491417267783337	0.6274128114478086	0.033918387064695084	11.0	0.0	0.0	1.0
0.7823062770985169	0.800326980439274	0.034055285105810136	44.0	0.0	0.0	1.0
0.3243134766054851	0.49268442595147965	0.030496812362444965	75.0	0.0	0.0	1.0
0.5657276766945982	0.5235510377878706	0.03134072338937664	34.0	0.0	0.0	1.0
0.6559860156663843	0.21523283728726197	0.03206293261431909	66.0	0.0	0.0	1.0
0.012487820757121248	0.669533093691547	0.018209544823869567	5.0	0.0	0.0	1.0
0.5699627996828811	0.5889608883943878	0.03043612178913395	24.0	0.0	0.0	1.0
0.29713232819122687	0.6593091701363815	0.03301404782932237	55.0	0.0	0.0	1.0
0.40650861549344314	0.3107581915120668	0.03504437710711395	61.0	0.0	5.593156089389595e-07	1.0
0.17759518791287757	0.7618245011734643	0.03328789141636241	69.0	0.0	0.0	1.0
0.6369827214639284	0.07680089942361577	0.033967272028084555	49.0	0.0	0.0	1.0
0.32185112822091255	0.19530305613793575	0.03468279804591709	72.0	0.0	0.0	1.0
0.1387108426849699	0.5225665350915893	0.029973507379820012	70.0	0.0	0.0	1.0
0.5013838265333403	0.7361332118035616	0.03642470232088485	42.0	0.0	0.01850769651093742	1.0
0.714600832698997	0.7213427190568836	0.03365909297573342	16.0	0.0	0.0	1.0
0.9699102437264242	0.45583682585695195	0.03130941076679323	76.0	0.0	0.0	1.0
0.5919710690311736	0.8943307732019077	0.03171380923673743	8.0	0.0	0.0	1.0
0.8956364952860996	0.8909549069759021	0.03178337285872979	3.0	0.0	0.0	1.0
0.35611527575328983	0.705803194325028	0.031952425245010165	74.0	0.0	0.0	1.0
0.8997414932462942	0.042501405213691563	0.03028787927545391	40.0	0.0	0.0	1.0
0.6560961737506257	0.9330512995577764	0.03204476985676871	54.0	0.0	0.0	1.0
0.406498489710765	0.10235431854446234	0.028557215416919628	50.0	0.0	0.0	1.0
0.539513351592937	0.12093793516482579	0.03567163272179615	6.0	0.0	0.0019389897536967737	1.0
0.7480649027326547	0.8949701441450023	0.03321005898640602	36.0	0.0	0.0	1.0
0.8503021639680417	0.45205687663834565	0.029696415621052907	19.0	0.0	0.0	1.0
0.11512699413231287	0.21141411432022134	0.03259301097916453	15.0	0.0	0.0	1.0
0.35299625730939305	0.7835902189458387	0.029826032440571804	52.0	0.0	0.0	1.0
0.7054782418936202	0.7909580338386978	0.03329979280188528	25.0	0.0	0.0	1.0
0.4705566136336011	0.13465777319707672	0.033506444498375254	28.0	0.0	0.0	1.0
0.8073173527188489	0.39399149779729503	0.03216332939846638	39.0	0.0	0.0	1.0
0.6700905321243313	0.28795117486144783	0.034408947036918755	43.0	0.0	0.0	1.0
0.22817055613239554	0.6940053781315537	0.033618773987281435	65.0	0.0	0.0	1.0
0.7580099021043502	0.4388212259051575	0.033472596503757855	27.0	0.0	0.0	1.0
0.7505090379193442	0.2804940817014128	0.03207684934881514	62.0	0.0	0.0	1.0
0.6947819373613675	0.8576541258527739	0.03005955836196603	45.0	0.0	0.0	1.0
0.04374972842764802	0.5302833217461417	0.034561325419399026	37.0	0.0	0.0	1.0
0.8903702640140643	0.8799689570615346	0.031815156231588516	3.0	0.0	0.0	2.0
0.7625325131265328	0.44284553555772327	0.03350606910026161	27.0	0.0	0.0	2.0
0.956336563042866	0.8584803581490574	0.03165004581493338	59.0	0.0	0.0	2.0
0.909685913021334	0.5628404311434211	0.03616640061419587	30.0	0.0	0.010156011710492407	2.0
0.41385048451249773	0.20450524633466402	0.029531548138728873	4.0	0.0	0.0	2.0
0.8996398882451102	0.7625295866597182	0.030556294852447343	32.0	0.0	0.0	2.0
0.3950951786356166	0.09753908300902171	0.028585772632336543	50.0	0.0	0.0	2.0
0.42211134878959533	0.6755372489414546	0.032063290999494704	63.0	0.0	0.0	2.0
0.5601578904230741	0.5149426224249773	0.03137206411276602	34.0	0.0	0.0	2.0
0.7421299074493305	0.6438047603334321	0.03099795100573353	20.0	0.0	0.0	2.0
0.7816977621102683	0.7209996889661829	0.03143371208743412	1.0	0.0	0.0	2.0
0.6579896243666115	0.2841369365798816	0.03444335598395567	43.0	0.0	0.0	2.0
0.4978168597613943	0.7345995025261045	0.03646112702320573	42.0	0.0	0.0199638313780639	2.0
0.175757984582089	0.7612198755141399	0.03332117930777877	69.0	0.0	0.0	2.0
0.6231945360743868	0.8215813130516748	0.033988586869744535	73.0	0.0	0.0	2.0
0.5055120786306632	0.6615801895766811	0.03224762294937554	14.0	0.0	0.0	2.0
0.31964930370925493	0.19112260141485488	0.034717480843963006	72.0	0.0	0.0	2.0
0.32478843664455487	0.48991727702554466	0.030527309174807407	75.0	0.0	0.0	2.0
0.7483044696806657	0.279919455908174	0.03210892619816395	62.0	0.0	0.0	2.0
0.6426436439547353	0.41198498192123734	0.03213055971060004	23.0	0.0	0.0	2.0
0.21630464980062986	0.5178667102892052	0.03262068327439835	31.0	0.0	0.0	2.0
0.014112442797101046	0.6755332617263596	0.018227754368693436	5.0	0.0	0.0	2.0
0.04314869542507881	0.5290689673494603	0.03459588674481842	37.0	0.0	0.0	2.0
0.629377075802516	0.07542138479415685	0.03400123930011264	49.0	0.0	0.0	2.0
0.23267015085466256	0.6901513244610676	0.03365239276126871	65.0	0.0	0.0	2.0
0.4271009646291718	0.7440850392927343	0.033824203214799224	51.0	0.0	0.0	2.0
0.955557643618117	0.6261707714722983	0.03395230545175978	11.0	0.0	0.0	2.0
0.7479337268895682	0.8956088922475886	0.033243269045392425	36.0	0.0	0.0	2.0
0.8210951279907761	0.9341387050339558	0.03040435492714326	38.0	0.0	0.0	2.0
0.8267976430890349	0.853951534632606	0.03586209001344924	53.0	0.0	0.0041005094452089	2.0
0.6050782522026171	0.6766245521723504	0.03450378192858116	7.0	0.0	0.0	2.0
0.5637314978472454	0.757547346179013	0.03119779497341448	60.0	0.0	0.0	2.0
0.7136606109608088	0.719501730043844	0.03369275206870915	16.0	0.0	0.0	2.0
0.772559472465484	0.8019053384387809	0.03408934039091594	44.0	0.0	0.0	2.0
0.05944351342331189	0.7952732845450973	0.03188666557865447	12.0	0.0	0.0	2.0
0.63871468394195	0.7541511087600623	0.03327776156497097	67.0	0.0	0.0	2.0
0.5259783222641374	0.8447324743209131	0.030650060079308313	35.0	0.0	0.0	2.0
0.3570441366870604	0.7053176968418067	0.03198437767025517	74.0	0.0	0.0	2.0
0.8089481315527589	0.3936316081489955	0.032195492727864844	39.0	0.0	0.0	2.0
0.44028371341301664	0.5981773476661894	0.03184766074506385	18.0	0.0	0.0	2.0
0.7749097827875404	0.03833110948402779	0.03206682233960893	47.0	0.0	0.0	2.0
0.5914321768441275	0.23168398863613224	0.03218656450988204	29.0	0.0	0.0	2.0
0.8196392785571142	0.4929859719438877	0.07815631262525048	-2.0	-1.0	514.4142201004748	2.0
0.9700387598064373	0.449033281164068	0.03134072017756002	76.0	0.0	0.0	2.0
0.8496988612293688	0.45322002866431793	0.029726112036673958	19.0	0.0	0.0	2.0
0.9410592791417094	0.24499176664622302	0.03388582088204208	48.0	0.0	0.0	2.0
0.45534612480598036	0.05064649118035995	0.033344898792131296	56.0	0.0	0.0	2.0
0.12223695918963587	0.21021677135671357	0.03262560399014369	15.0	0.0	0.0	2.0
0.7144541460197236	0.07422591020796822	0.034114888089468144	9.0	0.0	0.0	2.0
0.3538476792580599	0.7857359277183245	0.02985585847301237	52.0	0.0	0.0	2.0
0.573021801386407	0.597456873743235	0.03046655791092308	24.0	0.0	0.0	2.0
0.08045568388325332	0.6718544294897647	0.031867187188292796	41.0	0.0	0.0	2.0
0.7049020707639452	0.7935872883842076	0.03333309259468716	25.0	0.0	0.0	2.0
0.6834790524944421	0.8653512402864462	0.030089617920327993	45.0	0.0	0.0	2.0
0.8960417624678746	0.04440562304981638	0.03031816715472936	40.0	0.0	0.0	2.0
0.295649973532822	0.6590786913135337	0.033047061877151694	55.0	0.0	0.0	2.0
0.3058753599134706	0.103218984449238	0.03363201891730761	17.0	0.0	0.0	2.0
0.24528646612693283	0.7679626305596227	0.030227743541523255	22.0	0.0	0.0	2.0
0.45904149308285874	0.2505076202367539	0.03177572602904788	71.0	0.0	0.0	2.0
0.5180387858669565	0.4318114480046424	0.03486510775148096	21.0	0.0	0.0	2.0
0.6085060428770458	0.14968927436375054	0.03040726939504668	13.0	0.0	0.0	2.0
0.6679376284767832	0.6382273514632906	0.03181533094469094	26.0	0.0	0.0	2.0
0.5919012840743686	0.8957151523507596	0.03174552304597417	8.0	0.0	0.0	2.0
0.5411659539845703	0.12256820473590625	0.035707304354517945	6.0	0.0	0.002264638933780816	2.0
0.07391029808007854	0.13517093080300588	0.030699363520316887	2.0	0.0	0.0	2.0
0.47032164394447357	0.13546384182874288	0.033539950942873625	28.0	0.0	0.0	2.0
0.47397094360686626	0.3694114348617785	0.035558212773168986	33.0	0.0	0.0011132156000712712	2.0
0.5958041244993079	0.969845512658034	0.0347518334960257	64.0	0.0	0.0	2.0
0.1267480798328221	0.527269853188319	0.03000348088719983	70.0	0.0	0.0	2.0
0.6553567026872552	0.21744619998248663	0.03209499554693341	66.0	0.0	0.0	2.0
0.31182425454661744	0.9369994228700068	0.03003101925745185	46.0	0.0	0.0	2.0
0.5831785314651783	0.3192603339369095	0.031062746800677755	57.0	0.0	0.0	2.0
0.6543986276190648	0.933282491752636	0.032076814626625476	54.0	0.0	0.0	2.0
0.04834452128455385	0.6116258425998793	0.0331211289831878	68.0	0.0	0.0	2.0
0.4082131003553439	0.3109034106196675	0.03507942148422106	61.0	0.0	3.2062248180864117e-06	2.0
0.3815150146509329	0.5606053754053504	0.033026771165316736	10.0	0.0	0.0	2.0
0.6939733041901084	0.16006232525117223	0.0320341353908328	58.0	0.0	0.0	2.0
0.7742848408743697	0.03946516713185754	0.032098889161948536	47.0	0.0	0.0	3.0
0.3819269042649439	0.558133178372049	0.03305979793648205	10.0	0.0	0.0	3.0
0.898703081578923	0.7632256562817481	0.03058685114729979	32.0	0.0	0.0	3.0
0.2331387244802817	0.6918818934310855	0.033686045154029974	65.0	0.0	0.0	3.0
0.9425276672715109	0.24629836774357353	0.03391970670292412	48.0	0.0	0.0	3.0
0.6927926916130388	0.7916753920539087	0.03336642568728185	25.0	0.0	0.0	3.0
0.5229223412498415	0.8365853875287478	0.03068071013938762	35.0	0.0	0.0	3.0
0.45986343542523717	0.25173043913385773	0.031807501755076927	71.0	0.0	0.0	3.0
0.29603916184770385	0.6576045871344252	0.033080108939028845	55.0	0.0	0.0	3.0
0.07847615679313331	0.6731050885109583	0.03189905437548109	41.0	0.0	0.0	3.0
0.17491281280774798	0.7628003326724603	0.03335450048708654	69.0	0.0	0.0	3.0
0.427833533774646	0.7466615652377562	0.03385802741801402	51.0	0.0	0.0	3.0
0.7721252337985762	0.7923413937503322	0.03412342973130685	44.0	0.0	0.0	3.0
0.6828640354612888	0.8671622416210775	0.030119707538248316	45.0	0.0	0.0	3.0
0.046931674974282016	0.5281336310697422	0.034630482631563236	37.0	0.0	0.0	3.0
0.6299059164869536	0.07650701778822766	0.034035240539412745	49.0	0.0	0.0	3.0
0.7550322018235136	0.4528770265016889	0.03353957516936187	27.0	0.0	0.0	3.0
0.40322103023587974	0.31101342978528945	0.035114500905705275	61.0	0.0	9.607419187318555e-06	3.0
0.4622171676900425	0.12694794812138457	0.0335734908938165	28.0	0.0	0.0	3.0
0.01518833305262903	0.675004970099442	0.018245982123062127	5.0	0.0	0.0	3.0
0.7436358358549546	0.9050270925265737	0.03327651231443781	36.0	0.0	0.0	3.0
0.3079371294105418	0.10197021417928598	0.033665650936224915	17.0	0.0	0.0	3.0
0.6549353483803155	0.9323228682530719	0.0321088914412521	54.0	0.0	0.0	3.0
0.1208699099538098	0.19993720727966235	0.03265822959413383	15.0	0.0	0.0	3.0
0.35529570425833024	0.7874813613262795	0.02988571433148538	52.0	0.0	0.0	3.0
0.058863894760828615	0.794102196654455	0.03191855224423312	12.0	0.0	0.0	3.0
0.24723574558203773	0.7730614551416505	0.030257971285064775	22.0	0.0	0.0	3.0
0.9085821097060098	0.5679180308485369	0.03620256701481006	30.0	0.0	0.011130324757303356	3.0
0.6465468755061649	0.4104219317044681	0.032162690270310636	23.0	0.0	0.0	3.0
0.955436887834202	0.6240418924753418	0.033986257757211535	11.0	0.0	0.0	3.0
0.5189460396062443	0.4355310603548926	0.034899972859232437	21.0	0.0	0.0	3.0
0.49909183905283583	0.7317583467072618	0.03649758815022893	42.0	0.0	0.021495975530257283	3.0
0.12542332064193967	0.522496491838618	0.030033484368087025	70.0	0.0	0.0	3.0
0.8539438708826877	0.458488520822524	0.02975583814871063	19.0	0.0	0.0	3.0
0.05926855163110093	0.6042330052327386	0.033154250112170984	68.0	0.0	0.0	3.0
0.6166055498917516	0.1484137002580618	0.030437676664441724	13.0	0.0	0.0	3.0
0.351915889705883	0.7106266654263366	0.03201636204792543	74.0	0.0	0.0	3.0
0.6388025634028183	0.749498836145278	0.03331103932653594	67.0	0.0	0.0	3.0
0.5046404245259419	0.6625056008396206	0.03227987057232491	14.0	0.0	0.0	3.0
0.5941278661503434	0.895194292378239	0.031777268569020134	8.0	0.0	0.0	3.0
0.8101305473144026	0.3879879636250603	0.03222768822059271	39.0	0.0	0.0	3.0
0.07557560662360238	0.1261514025279895	0.0307300628838372	2.0	0.0	0.0	3.0
0.7128209602371197	0.7189487816028874	0.03372644482077786	16.0	0.0	0.0	3.0
0.5845140403063108	0.32027899670567334	0.03109380954747843	57.0	0.0	0.0	3.0
0.8980567525280826	0.8841210728191131	0.031846971387820104	3.0	0.0	0.0	3.0
0.7424338744760283	0.6452930763406135	0.03102894895673926	20.0	0.0	0.0	3.0
0.41569095236719183	0.1971607521792997	0.029561079686867598	4.0	0.0	0.0	3.0
0.21695854925825112	0.5159006486567387	0.03265330395767274	31.0	0.0	0.0	3.0
0.9714302450716875	0.44741903964092644	0.03137206089773757	76.0	0.0	0.0	3.0
0.8882677997787353	0.0398298877711124	0.030348485321884087	40.0	0.0	0.0	3.0
0.6301931332463578	0.8170977246797392	0.034022575456614274	73.0	0.0	0.0	3.0
0.9576074676469372	0.8585243830708473	0.03168169586074831	59.0	0.0	0.0	3.0
0.5736586539675823	0.5987234783398462	0.030497024468833997	24.0	0.0	0.0	3.0
0.6686572015065922	0.6368184007996833	0.031847146275635625	26.0	0.0	0.0	3.0
0.5618982962181971	0.7572623171199345	0.03122899276838789	60.0	0.0	0.0	3.0
0.3184853358805997	0.19181761371490405	0.034752198324806964	72.0	0.0	0.0	3.0
0.6049663157297073	0.6776080764348879	0.034538285710509736	7.0	0.0	0.0	3.0
0.7138713911716825	0.0724737571292132	0.03414900297755761	9.0	0.0	0.0	3.0
0.4544525812179373	0.052898352690935874	0.033378243690923425	56.0	0.0	0.0	3.0
0.5415030931115	0.11933608617059759	0.03574301165887246	6.0	0.0	0.0026252269830990826	3.0
0.4472348272299493	0.6052595747753516	0.03187950840580891	18.0	0.0	0.0	3.0
0.5872098339120718	0.2302735437501097	0.03221875107439192	29.0	0.0	0.0	3.0
0.8285707157545035	0.8567207162921873	0.03589795210346269	53.0	0.0	0.004633823528337189	3.0
0.5596636777697835	0.5175280694478597	0.03140343617687878	34.0	0.0	0.0	3.0
0.4221518438171695	0.6733934726146898	0.0320953542904942	63.0	0.0	0.0	3.0
0.8228128094264671	0.9377806282640007	0.0304347592820704	38.0	0.0	0.0	3.0
0.3116611179219916	0.9391546523694289	0.0300610502767093	46.0	0.0	0.0	3.0
0.7835273185004051	0.7202670425744649	0.031465145799521546	1.0	0.0	0.0	3.0
0.7518930930344111	0.28182402016679237	0.032141035124362116	62.0	0.0	0.0	3.0
0.47237127194898115	0.3694870248664406	0.03559377098594215	33.0	0.0	0.0013397904911158776	3.0
0.38965750191541104	0.0946969155044473	0.028614358404968877	50.0	0.0	0.0	3.0
0.7018717920487911	0.16387917211662326	0.03206616952622363	58.0	0.0	0.0	3.0
0.5962832584084024	0.9721914995706135	0.034786585329521724	64.0	0.0	0.0	3.0
0.32303102190688965	0.4887599389659328	0.03055783648398221	75.0	0.0	0.0	3.0
0.6625250451381148	0.2154216611168267	0.03212709054248034	66.0	0.0	0.0	3.0
0.6575331265625957	0.2827643971056242	0.03447779933993962	43.0	0.0	0.0	3.0
0.3505214561544663	0.7940351802869793	0.029915600045816865	52.0	0.0	0.0	4.0
0.744954902624881	0.6447367213555121	0.031059977905695996	20.0	0.0	0.0	4.0
0.11686903613823578	0.20193310520650729	0.03269088782372796	15.0	0.0	0.0	4.0
0.3887712251442394	0.09677615265986016	0.028642972763373842	50.0	0.0	0.0	4.0
0.9571099482162753	0.6260585812883552	0.03402024401496875	11.0	0.0	0.0	4.0
0.24801650122489954	0.7835918376956832	0.030288229256349837	22.0	0.0	0.0	4.0
0.5764672185047899	0.3133866241667807	0.031124903357025904	57.0	0.0	0.0	4.0
0.4384026578715774	0.6059001561950561	0.03191138791421471	18.0	0.0	0.0	4.0
0.6130111145065822	0.6789108185110828	0.03457282399622024	7.0	0.0	0.0	4.0
0.6954025464603274	0.7942356681306311	0.033399792112969125	25.0	0.0	0.0	4.0
0.7861857187483334	0.036339952575691864	0.03213098805111048	47.0	0.0	0.0	4.0
0.7504315400272041	0.27702970477702865	0.03217317615948648	62.0	0.0	0.0	4.0
0.049036834691953406	0.527641175191053	0.0346651131141948	37.0	0.0	0.0	4.0
0.7835273185004051	0.7238644890007485	0.031496610945321066	1.0	0.0	0.0	4.0
0.645713813921698	0.4076892494443407	0.032194852960580944	23.0	0.0	0.0	4.0
0.5202738797559646	0.43460785675818464	0.034934872832091665	21.0	0.0	0.0	4.0
0.465624316381946	0.13525102668419892	0.03360706438471031	28.0	0.0	0.0	4.0
0.6537217085916992	0.21648203302977456	0.03215921763302282	66.0	0.0	0.0	4.0
0.07812054002087428	0.6679783030307144	0.031930953429856565	41.0	0.0	0.0	4.0
0.8114762174477794	0.3873481039835923	0.032259915908813296	39.0	0.0	0.0	4.0
0.8448998198263257	0.46469245556254296	0.029785593986859336	19.0	0.0	0.0	4.0
0.6534103161732953	0.294296098947802	0.034512277139279554	43.0	0.0	0.0	4.0
0.7093483368694631	0.1566891516124245	0.03209823569574985	58.0	0.0	0.0	4.0
0.31686082883260847	0.1909943899501012	0.034786950523131764	72.0	0.0	0.0	4.0
0.4100045845851383	0.30020128181944655	0.035149615406610976	61.0	0.0	2.1434281279653078e-05	4.0
0.753694962898662	0.45297401404508936	0.03357311474453122	27.0	0.0	0.0	4.0
0.3128315054238964	0.9411574822901789	0.030091111326986004	46.0	0.0	0.0	4.0
0.3078811266808043	0.10019174484422692	0.03369931658716114	17.0	0.0	0.0	4.0
0.5952118871486917	0.8949976722762207	0.03180904583758915	8.0	0.0	0.0	4.0
0.658105816081986	0.930681526160822	0.03214100033269335	54.0	0.0	0.0	4.0
0.01470923031140734	0.6765418097288969	0.018264228105185187	5.0	0.0	0.0	4.0
0.23414469789754574	0.692178212217968	0.033719731199184	65.0	0.0	0.0	4.0
0.6178110185165564	0.150520996868789	0.03046811434110616	13.0	0.0	0.0	4.0
0.5148611676552045	0.6587414442988356	0.03231215044289723	14.0	0.0	0.0	4.0
0.414323391494188	0.19731203733064873	0.029590640766554464	4.0	0.0	0.0	4.0
0.3207519439253651	0.4829091462884423	0.03058839432046619	75.0	0.0	0.0	4.0
0.42307074637647685	0.6726064017782895	0.032127449644784686	63.0	0.0	0.0	4.0
0.6333870744533797	0.06588452427622693	0.034069275779952155	49.0	0.0	0.0	4.0
0.47411480554300817	0.36891322602165494	0.035629364756928086	33.0	0.0	0.0015954648223726053	4.0
0.9442980133667993	0.2464716766301783	0.03395362640962704	48.0	0.0	0.0	4.0
0.5753597484270038	0.5952865097754937	0.030527521493302828	24.0	0.0	0.0	4.0
0.9104908557154439	0.5661538827358135	0.03623876958182487	30.0	0.0	0.012166105324766363	4.0
0.05967237858582714	0.6051482740170859	0.03318740436228315	68.0	0.0	0.0	4.0
0.9566226580489553	0.8640529605897762	0.03171337755660905	59.0	0.0	0.0	4.0
0.05648142458614158	0.799323031962563	0.03195047079647735	12.0	0.0	0.0	4.0
0.8951917740882472	0.7652627476102992	0.030617437998447086	32.0	0.0	0.0	4.0
0.6207293983492196	0.8174049291704126	0.03405659803207088	73.0	0.0	0.0	4.0
0.827117959691307	0.8581872568880965	0.035933850055566145	53.0	0.0	0.005212084174175402	4.0
0.713978548556914	0.7170510641306156	0.03376017126559863	16.0	0.0	0.0	4.0
0.7464939787800259	0.9058689849958572	0.03330978882675224	36.0	0.0	0.0	4.0
0.07649516903802821	0.12476457330785096	0.030760792946721034	2.0	0.0	0.0	4.0
0.7088963620504051	0.06684717555678438	0.03418315198053516	9.0	0.0	0.0	4.0
0.880945331307879	0.032889151704379366	0.030378833807205966	40.0	0.0	0.0	4.0
0.5436289554018893	0.11475416792207377	0.03577875467053133	6.0	0.0	0.0030226089708804693	4.0
0.21542411035488954	0.5168973538575363	0.03268595726163041	31.0	0.0	0.0	4.0
0.4181897028134716	0.7627358292931808	0.03389188544543203	51.0	0.0	0.0	4.0
0.6850306876046219	0.8672099920042448	0.030149827245786562	45.0	0.0	0.0	4.0
0.5599156440524511	0.5200209455784462	0.03143483961305566	34.0	0.0	0.0	4.0
0.8217868014879361	0.9334560543474236	0.030465194041352468	38.0	0.0	0.0	4.0
0.4971526770563411	0.7323407290773387	0.03653408573837916	42.0	0.0	0.023106218273113655	4.0
0.3846889305788099	0.5628597060684799	0.03309285773441852	10.0	0.0	0.0	4.0
0.5235636470189972	0.8375933969650575	0.030711390849527002	35.0	0.0	0.0	4.0
0.4506907388609976	0.048835730142347496	0.03341162193461435	56.0	0.0	0.0	4.0
0.7852975270271277	0.7924719552353668	0.034157553161038155	44.0	0.0	0.0	4.0
0.30193933168266734	0.6584081430371653	0.03311318904796787	55.0	0.0	0.0	4.0
0.1657085324748819	0.7591631820371715	0.03338785498757362	69.0	0.0	0.0	4.0
0.6362882850345607	0.7444188738504905	0.03334435036586247	67.0	0.0	0.0	4.0
0.5689297433188878	0.764813614044744	0.031260221761156275	60.0	0.0	0.0	4.0
0.12075590292903642	0.5307195961380189	0.030063517852455108	70.0	0.0	0.0	4.0
0.9708498438776609	0.45123096958776304	0.031403432958635305	76.0	0.0	0.0	4.0
0.4602827586448236	0.25392410609581595	0.031839309256832	71.0	0.0	0.0	4.0
0.35142189117147143	0.7096285683340762	0.03204837840997335	74.0	0.0	0.0	4.0
0.6673154922262693	0.6381391567883989	0.03187899342191126	26.0	0.0	0.0	4.0
0.8932882286344894	0.8888151273226945	0.031878818359207924	3.0	0.0	0.0	4.0
0.58652855377295	0.9761198021672681	0.03482137191485124	64.0	0.0	0.0	4.0
0.5876580750941174	0.2290785560205183	0.03225096982546631	29.0	0.0	0.0	4.0
0.6304451695363755	0.0657640667772593	0.0341033450557321	49.0	0.0	0.0	5.0
0.6227597701559724	0.8178396163991591	0.03409065463010295	73.0	0.0	0.0	5.0
0.3525953779954783	0.7103292644843922	0.03208042678838332	74.0	0.0	0.0	5.0
0.6950872835159341	0.7931528164985736	0.033433191905082094	25.0	0.0	0.0	5.0
0.3878182785683672	0.10212585581761131	0.028671615736137215	50.0	0.0	0.0	5.0
0.5795135724118575	0.9764512842380889	0.03485619328676609	64.0	0.0	0.0	5.0
0.9644068512070678	0.8619057698897891	0.03174509093416566	59.0	0.0	0.0	5.0
0.3026619988359836	0.10010959189939869	0.0337330159037483	17.0	0.0	0.0	5.0
0.7832035973909447	0.719918034522882	0.03152810755626639	1.0	0.0	0.0	5.0
0.46819384699832395	0.13429640880395338	0.033640671449095015	28.0	0.0	0.0	5.0
0.7452165148874862	0.9063163113764362	0.03334309861557899	36.0	0.0	0.0	5.0
0.04478591909293607	0.7982523879423383	0.031982421267273825	12.0	0.0	0.0	5.0
0.6350222752375989	0.7477304369293151	0.033377694716228326	67.0	0.0	0.0	5.0
0.4619663199357927	0.2562974290056453	0.03187114856608883	71.0	0.0	0.0	5.0
0.8214790562741976	0.9369385232765243	0.030495659235393817	38.0	0.0	0.0	5.0
0.7064828582015623	0.14309595793742247	0.0321303339314456	58.0	0.0	0.0	5.0
0.3162128628403352	0.19290241397796634	0.03482173747365489	72.0	0.0	0.0	5.0
0.7506451854709528	0.4526171857565068	0.03360668785927575	27.0	0.0	0.0	5.0
0.6828146034271474	0.864886717449051	0.030179977073032344	45.0	0.0	0.0	5.0
0.3195154385126716	0.47948206900007206	0.030618982714786653	75.0	0.0	0.0	5.0
0.5416324202672888	0.11467241897514999	0.035814533425201855	6.0	0.0	0.003458650721398726	5.0
0.34669338677354705	0.312625250501002	0.09098196392785571	-2.0	-1.0	1122.856776177807	5.0
0.5246163804320226	0.8375635639968854	0.030742102240376525	35.0	0.0	0.0	5.0
0.846504641423052	0.4655441709846682	0.029815379580846194	19.0	0.0	0.0	5.0
0.9571820308139779	0.6222425827378315	0.03405426425898371	11.0	0.0	0.0	5.0
0.05083331305710402	0.5295484470133652	0.034699778227308985	37.0	0.0	0.0	5.0
0.615656715929784	0.14602687971059447	0.030498582455447263	13.0	0.0	0.0	5.0
0.6177957650941331	0.6815110538341717	0.034607396820216456	7.0	0.0	0.0	5.0
0.8104968854133748	0.3829758761896018	0.0322921758247221	39.0	0.0	0.0	5.0
0.6391278960298006	0.40285981189426956	0.03222704781354152	23.0	0.0	0.0	5.0
0.9633324488926991	0.4511126402128533	0.03143483639159394	76.0	0.0	0.0	5.0
0.16524969023235364	0.760075750676578	0.03342124284256119	69.0	0.0	0.0	5.0
0.05513712011106356	0.6008494460749743	0.03322059176664543	68.0	0.0	0.0	5.0
0.375258465330628	0.5571822655798179	0.03312595059215294	10.0	0.0	0.0	5.0
0.41805547491585854	0.7596920431846488	0.033925777330877455	51.0	0.0	0.0	5.0
0.420582462799454	0.6822940230256673	0.032159577094429466	63.0	0.0	0.0	5.0
0.4744287353010025	0.3704503226239717	0.03566499412168501	33.0	0.0	0.00188205968930788	5.0
0.25098924080362295	0.7845494694560755	0.030318517485606183	22.0	0.0	0.0	5.0
0.3474562854962648	0.792577706460557	0.029945515645862678	52.0	0.0	0.0	5.0
0.4938428030014611	0.7388268393877876	0.03657061982411753	42.0	0.0	0.024796660628069844	5.0
0.516718951657565	0.44087096546799565	0.03496980770492375	21.0	0.0	0.0	5.0
0.21904060819987514	0.5156564783323433	0.03271864321889204	31.0	0.0	0.0	5.0
0.7087501832243699	0.06563098066701775	0.034217335132515694	9.0	0.0	0.0	5.0
0.4464720848719723	0.052784334783215946	0.03344503355654896	56.0	0.0	0.0	5.0
0.12740942284616083	0.5237442503081751	0.03009358137030756	70.0	0.0	0.0	5.0
0.07780022027218474	0.12589671504950076	0.03079155373966775	2.0	0.0	0.0	5.0
0.1264828833834863	0.19488329443616922	0.03272357871155169	15.0	0.0	0.0	5.0
0.8963384789217665	0.7650992158782116	0.03064805543644553	32.0	0.0	0.0	5.0
0.5589349835865826	0.5223216102734971	0.03146627445266871	34.0	0.0	0.0	5.0
0.01576192688462053	0.6773239883066935	0.018282492333290372	5.0	0.0	0.0	5.0
0.5884095330262138	0.22813712638353173	0.03228322079529177	29.0	0.0	0.0	5.0
0.8888756904655218	0.03832912880892239	0.030409212641013168	40.0	0.0	0.0	5.0
0.6008207718951729	0.8968827811348824	0.031840854883426736	8.0	0.0	0.0	5.0
0.41309789080158327	0.20294945648766757	0.029620231407321014	4.0	0.0	0.0	5.0
0.23569978264230204	0.6941014686414405	0.03375345093038318	65.0	0.0	0.0	5.0
0.2974511275018344	0.6588475179545926	0.03314630223701583	55.0	0.0	0.0	5.0
0.7121418426440517	0.7186043245180413	0.033793931436864225	16.0	0.0	0.0	5.0
0.577489406641313	0.3133189531464988	0.031156028260382926	57.0	0.0	0.0	5.0
0.6532901157809661	0.2931773184079404	0.03454678941641883	43.0	0.0	0.0	5.0
0.9113117635605612	0.5675586643074755	0.03627500835140669	30.0	0.0	0.013265360665812409	5.0
0.7549317396064718	0.2650324062392279	0.032205349335645964	62.0	0.0	0.0	5.0
0.6706660356741363	0.6375730052066508	0.031910872415333164	26.0	0.0	0.0	5.0
0.31755952659143655	0.954007590133539	0.030121202438312986	46.0	0.0	0.0	5.0
0.8879644594366918	0.8966570827141944	0.03191069717756713	3.0	0.0	0.0	5.0
0.6563084171982437	0.9298544570325892	0.03217314133302604	54.0	0.0	0.0	5.0
0.07495111289533675	0.6667091050109886	0.03196288438328642	41.0	0.0	0.0	5.0
0.5136076585336022	0.6562245398539543	0.032344462593340124	14.0	0.0	0.0	5.0
0.44384428778488594	0.6061253973961951	0.03194329930212892	18.0	0.0	0.0	5.0
0.4080932764518859	0.3040025880222886	0.03518476502201758	61.0	0.0	4.036818731378844e-05	5.0
0.9516765967164572	0.2469135157941211	0.03398758003603666	48.0	0.0	0.0	5.0
0.571041668872186	0.7649667882213645	0.03129148198291743	60.0	0.0	0.0	5.0
0.8261655826381266	0.8505254391240269	0.03596978390562171	53.0	0.0	0.0058372042641678945	5.0
0.7891268141760888	0.7895891093235627	0.03419171071419919	44.0	0.0	0.0	5.0
0.5793966541315976	0.6038457806376991	0.030558049014796126	24.0	0.0	0.0	5.0
0.7459836670089798	0.6442475488654363	0.03109103788360169	20.0	0.0	0.0	5.0
0.6537809036988571	0.21883212398398824	0.03219137685065584	66.0	0.0	0.0	5.0
0.7842858810174791	0.03767866836234838	0.03216311903916159	47.0	0.0	0.0	5.0
0.5659363734865164	0.5249730095387395	0.03149774072712137	34.0	0.0	0.0	6.0
0.6389549559603959	0.7391872846442739	0.03341107241094455	67.0	0.0	0.0	6.0
0.618239105401149	0.8232367496479269	0.03412474528473305	73.0	0.0	0.0	6.0
0.4161061868420791	0.7586731883491334	0.033959703108208325	51.0	0.0	0.0	6.0
0.7033836636017887	0.7896009972433097	0.033466625096987175	25.0	0.0	0.0	6.0
0.32020768687208057	0.9542332087244308	0.030151323640751296	46.0	0.0	0.0	6.0
0.9129175668904637	0.5690616751012666	0.0363112833597581	30.0	0.0	0.014430109413851255	6.0
0.04655096435496082	0.5965992917230908	0.03325381235841207	68.0	0.0	0.0	6.0
0.8205255281418353	0.9388349482124477	0.030526154894629207	38.0	0.0	0.0	6.0
0.07757233169901319	0.1248156623283126	0.030822345293407414	2.0	0.0	0.0	6.0
0.5102182141429205	0.44076863903602037	0.03500477751262867	21.0	0.0	6.978808642088552e-10	6.0
0.6790416805852854	0.6330600481445714	0.031942783287748494	26.0	0.0	0.0	6.0
0.6511811842029868	0.2924239005111309	0.03458133620583525	43.0	0.0	0.0	6.0
0.5785725595793993	0.6045078383157012	0.03058860706381092	24.0	0.0	0.0	6.0
0.1715083183094487	0.760688442096974	0.03345466408540375	69.0	0.0	0.0	6.0
0.5777106899155825	0.3106213089611283	0.031187184288643307	57.0	0.0	0.0	6.0
0.3098147233775695	0.1996951432138309	0.03485655921112854	72.0	0.0	0.0	6.0
0.7445301332813493	0.6502068321074583	0.03112212892148529	20.0	0.0	0.0	6.0
0.5771075102183477	0.2251912280859739	0.03231550401608706	29.0	0.0	0.0	6.0
0.3188318257390618	0.47855595187070343	0.030649601697501437	75.0	0.0	0.0	6.0
0.6634007662499439	0.9308659596306162	0.032205314474359065	54.0	0.0	0.0	6.0
0.44533783276967653	0.05398853913995793	0.033478478590105505	56.0	0.0	0.0	6.0
0.7803457301326536	0.7101019547079879	0.03155963566382265	1.0	0.0	0.0	6.0
0.7503874583633018	0.2625095207405651	0.03223755468498161	62.0	0.0	0.0	6.0
0.05569211328265645	0.5230956060163627	0.03473447800553629	37.0	0.0	0.0	6.0
0.8195737248941702	0.8594862432278446	0.036005753689527326	53.0	0.0	0.006511107672878325	6.0
0.07788384955373273	0.6737862159887129	0.031994847267669706	41.0	0.0	0.0	6.0
0.2982873361351324	0.6582179854734433	0.033179448539252844	55.0	0.0	0.0	6.0
0.5824680109189388	0.9711689310591193	0.03489104948005285	64.0	0.0	0.0	6.0
0.5139063357501455	0.6596043946169463	0.03237680705593346	14.0	0.0	0.0	6.0
0.6497757734955553	0.2149388855889914	0.032223568227506494	66.0	0.0	0.0	6.0
0.49346964026416695	0.7371608543751857	0.036607190443941645	42.0	0.0	0.02656941538022295	6.0
0.7064300435701851	0.7172681745773953	0.03382772536830109	16.0	0.0	0.0	6.0
0.2206244812709661	0.516995923739911	0.03275136186211093	31.0	0.0	0.0	6.0
0.5581566945805357	0.7801258608038558	0.031322773464900346	60.0	0.0	0.0	6.0
0.7475237241115188	0.9100456672683084	0.033376441714194564	36.0	0.0	0.0	6.0
0.3865374480274509	0.10305274260971649	0.028700287351873348	50.0	0.0	0.0	6.0
0.2512600484129086	0.7834080284598157	0.030348836003091788	22.0	0.0	0.0	6.0
0.8861376599556489	0.03987185400951431	0.03043962185365418	40.0	0.0	0.0	6.0
0.6195573908069922	0.07343611214720482	0.03413744840078783	49.0	0.0	0.0	6.0
0.7475766868885497	0.4600749486413825	0.033640294547135026	27.0	0.0	0.0	6.0
0.47549492567214496	0.37065064994888297	0.035700659115806686	33.0	0.0	0.0022014068021292132	6.0
0.23222005781876265	0.690064691221269	0.03378720438131356	65.0	0.0	0.0	6.0
0.4203036543841621	0.6813363838457407	0.03219173667152389	63.0	0.0	0.0	6.0
0.6370393798482027	0.40362079698543546	0.03225927486135506	23.0	0.0	0.0	6.0
0.016585000528775096	0.6779852258118075	0.01830077482562366	5.0	0.0	0.0	6.0
0.12515124568081706	0.5222975694046285	0.030123674951677865	70.0	0.0	0.0	6.0
0.3401574633394001	0.7853018240945078	0.029975461161508538	52.0	0.0	0.0	6.0
0.5204624762502095	0.8419736501700594	0.030772844342616897	35.0	0.0	0.0	6.0
0.5452376972358526	0.11853908297435259	0.03585034795862705	6.0	0.0	0.003935228858296114	6.0
0.415182530659895	0.20475789721254609	0.029649851638728332	4.0	0.0	0.0	6.0
0.3496941741121484	0.710539683604206	0.0321125072151717	74.0	0.0	0.0	6.0
0.6978256279786467	0.14000315385840403	0.03216246426537704	58.0	0.0	0.0	6.0
0.7834831812131088	0.035827895949718094	0.03219528215820074	47.0	0.0	0.0	6.0
0.30731664119119045	0.09225821231320537	0.03376674891965204	17.0	0.0	0.0	6.0
0.46332136997641654	0.2583692378197574	0.031903019714654916	71.0	0.0	0.0	6.0
0.6153136411731304	0.13997860094375836	0.03052908103790271	13.0	0.0	0.0	6.0
0.9631889133593627	0.8631988211078374	0.03177683602509982	59.0	0.0	0.0	6.0
0.8925348390831055	0.764847406862366	0.03067870349188197	32.0	0.0	0.0	6.0
0.7114086348924116	0.0622130658994661	0.03425155246764821	9.0	0.0	0.0	6.0
0.12710459557295617	0.19264314622185363	0.03275630229026324	15.0	0.0	0.0	6.0
0.5928135678577484	0.890297510917754	0.03187269573831016	8.0	0.0	0.0	6.0
0.6901414368606051	0.867392881636072	0.030210157050105373	45.0	0.0	0.0	6.0
0.8116903101736047	0.3869808795104347	0.03232446800054682	39.0	0.0	0.0	6.0
0.6125005724974898	0.6718188725235549	0.03464200421703667	7.0	0.0	0.0	6.0
0.9580709762579818	0.6230746239800865	0.03408831852324269	11.0	0.0	0.0	6.0
0.7849416956746034	0.7783663993625776	0.03422590242491339	44.0	0.0	0.0	6.0
0.9586760816815199	0.4509219833546756	0.03146627122798553	76.0	0.0	0.0	6.0
0.8453521077580145	0.4645569872767411	0.029845194960427035	19.0	0.0	0.0	6.0
0.4074493469992819	0.31128934411504566	0.035219949787039594	61.0	0.0	6.810054874506477e-05	6.0
0.9598969648430888	0.25196343024670276	0.034021567616072695	48.0	0.0	0.0	6.0
0.375678713264313	0.5549061479587744	0.03315907654274509	10.0	0.0	0.0	6.0
0.4431078636339169	0.605444761381935	0.031975242601431045	18.0	0.0	0.0	6.0
0.8882940386558605	0.8891834601155727	0.03194260787474469	3.0	0.0	0.0	6.0
0.04425752004647912	0.8002039083514889	0.032014403688541096	12.0	0.0	0.0	6.0
0.4641500610341162	0.13797478820124087	0.03367431212054411	28.0	0.0	0.0	6.0
0.706135219902235	0.0612565720723785	0.034285804020115856	9.0	0.0	0.0	7.0
0.7124253609615184	0.7231698639112788	0.03386155309366939	16.0	0.0	0.0	7.0
0.04457689468250624	0.596692573325605	0.03328706617077048	68.0	0.0	0.0	7.0
0.6173265943707709	0.06381351157223507	0.03417158584918861	49.0	0.0	0.0	7.0
0.8199758217238219	0.3888641548884867	0.03235679246854736	39.0	0.0	0.0	7.0
0.7455504501890333	0.4623958478033093	0.03367393484168216	27.0	0.0	0.0	7.0
0.6968561675309682	0.14959469437715786	0.03219462672964241	58.0	0.0	0.0	7.0
0.5833058513861888	0.8927118977980469	0.03190456843404847	8.0	0.0	0.0	7.0
0.5102854723009664	0.4425483019673419	0.03503978229014129	21.0	0.0	4.029482880696378e-07	7.0
0.015653499933138786	0.6786957302627188	0.01831907560044928	5.0	0.0	0.0	7.0
0.5657993275148776	0.5260556474138051	0.03152923846784849	34.0	0.0	0.0	7.0
0.1729387436811857	0.7599407866701328	0.03348811874948915	69.0	0.0	0.0	7.0
0.7474989172303697	0.9120156838891772	0.03340981815590875	36.0	0.0	0.0	7.0
0.9092161946918956	0.5663474678827791	0.036347594643117855	30.0	0.0	0.015662381629340416	7.0
0.3667176391514189	0.549782496848499	0.03319223561928783	10.0	0.0	0.0	7.0
0.888324248419777	0.8915825419134906	0.031974550482619435	3.0	0.0	0.0	7.0
0.04691474519929558	0.8025683603857386	0.032046418092229634	12.0	0.0	0.0	7.0
0.578610810147224	0.31170630411191247	0.031218371472931945	57.0	0.0	0.0	7.0
0.32547442678211286	0.9462902255320792	0.030181474964392045	46.0	0.0	0.0	7.0
0.33885053554239536	0.7841240673853663	0.030005436622670044	52.0	0.0	0.0	7.0
0.5455475202154579	0.12204506406465099	0.035886198306585675	6.0	0.0	0.004454230849049168	7.0
0.7439082159847288	0.6486102613913312	0.031153251050406772	20.0	0.0	0.0	7.0
0.9603215503438103	0.6204637661931035	0.03412240684176593	11.0	0.0	0.0	7.0
0.12315709909173081	0.5207160741325646	0.03015379862662954	70.0	0.0	0.0	7.0
0.8245774151002995	0.862305539415055	0.03604175944321685	53.0	0.0	0.007235729313251227	7.0
0.6103536054204448	0.6700262925073208	0.0346766462212537	7.0	0.0	0.0	7.0
0.2348171197402051	0.6896608959681404	0.03382099158569487	65.0	0.0	0.0	7.0
0.08468353965623518	0.685422210705809	0.03202684211493737	41.0	0.0	0.0	7.0
0.4633903768098899	0.13699807835171712	0.03370798643266465	28.0	0.0	0.0	7.0
0.8952029293383319	0.7692839873821121	0.03070938219537385	32.0	0.0	0.0	7.0
0.4743057750830076	0.3700852145938547	0.03573635977492249	33.0	0.0	0.0025553485296256895	7.0
0.648657550191526	0.29003182771869845	0.03461591754204108	43.0	0.0	0.0	7.0
0.7093670781286517	0.790647405349661	0.03350009172208416	25.0	0.0	0.0	7.0
0.4484321501862044	0.6086239254032477	0.03200721784403247	18.0	0.0	0.0	7.0
0.42239434459338565	0.7609643816574766	0.03399366281131653	51.0	0.0	0.0	7.0
0.7817790934674338	0.7102936709174992	0.03159119529948647	1.0	0.0	0.0	7.0
0.7859202776102937	0.7879571609397562	0.0342601283273383	44.0	0.0	0.0	7.0
0.8272516803828186	0.932618338604269	0.03055668104952383	38.0	0.0	0.0	7.0
0.05590634967737688	0.5243926874486691	0.034769212483541825	37.0	0.0	0.0	7.0
0.5880669012339558	0.9703704725506879	0.0349259405295329	64.0	0.0	0.0	7.0
0.5701868067741713	0.6046926501281688	0.030619195670874726	24.0	0.0	0.0	7.0
0.4063567204586409	0.31048812373389456	0.03525516973682663	61.0	0.0	0.00010633285411643101	7.0
0.46103830965061465	0.2568657380761791	0.03193492273436957	71.0	0.0	0.0	7.0
0.9512027768185126	0.4552576345536883	0.031497737499213516	76.0	0.0	0.0	7.0
0.29535363397743436	0.6589629689846178	0.03321262798779209	55.0	0.0	0.0	7.0
0.784224712834183	0.03657646362257502	0.03222747744035894	47.0	0.0	0.0	7.0
0.8821908337304061	0.03834872605475152	0.03047006147550783	40.0	0.0	0.0	7.0
0.7461152574954859	0.26394537903787707	0.032269792239666584	62.0	0.0	0.0	7.0
0.42159095224112286	0.6832515207896994	0.032223928408195414	63.0	0.0	0.0	7.0
0.3453377713431629	0.7104711105922065	0.032144619722386865	74.0	0.0	0.0	7.0
0.636617167930946	0.4063937793084669	0.03229153413621641	23.0	0.0	0.0	7.0
0.41670383900129593	0.208892602950375	0.029679501490367056	4.0	0.0	0.0	7.0
0.30573967052962486	0.09017718624125538	0.03380051566857169	17.0	0.0	0.0	7.0
0.523258030842511	0.8485321217078099	0.030803617186959512	35.0	0.0	0.0	7.0
0.9617988080830551	0.25326803492805255	0.03405558918368876	48.0	0.0	0.0	7.0
0.6922644197488736	0.868451964561639	0.030240367207155474	45.0	0.0	0.0	7.0
0.5775028921799692	0.2233156239713355	0.03234781952010314	29.0	0.0	0.0	7.0
0.8418467388316954	0.46991653417208606	0.02987504015538746	19.0	0.0	0.0	7.0
0.44562866972208076	0.056543963584698397	0.03351195706869561	56.0	0.0	0.0	7.0
0.681720781349818	0.629524612339546	0.03197472607103624	26.0	0.0	0.0	7.0
0.5576677188771435	0.7789583837054858	0.03135409623836524	60.0	0.0	0.0	7.0
0.25501655706748644	0.7787018587223425	0.030379184839094877	22.0	0.0	0.0	7.0
0.4936708706259492	0.7387505370829186	0.036643797634385585	42.0	0.0	0.028426607126220915	7.0
0.6382128613970874	0.7384286550188199	0.03344448348335549	67.0	0.0	0.0	7.0
0.6132419435845659	0.14962615292639858	0.03055961011894061	13.0	0.0	0.0	7.0
0.21854093071391942	0.5196401788342915	0.03278411322397304	31.0	0.0	0.0	7.0
0.12684094290728506	0.19169315511952972	0.032789058592553495	15.0	0.0	0.0	7.0
0.5160410795761227	0.6602625254532	0.03240918386298939	14.0	0.0	0.0	7.0
0.6651360483584439	0.9309260708764685	0.03223751978883342	54.0	0.0	0.0	7.0
0.32404454042461894	0.47442191093562663	0.030680251299198935	75.0	0.0	0.0	7.0
0.6179373293151861	0.8207259993323279	0.034158870030017774	73.0	0.0	0.0	7.0
0.0761579496334501	0.12444700038258207	0.03085316763870082	2.0	0.0	0.0	7.0
0.6502841870090712	0.21801704478400444	0.032255791795734	66.0	0.0	0.0	7.0
0.3863770886508766	0.10195306129175848	0.02872898763922522	50.0	0.0	0.0	7.0
0.31197242005230624	0.2018733132778384	0.03489141577033966	72.0	0.0	0.0	7.0
0.9630575219007115	0.8608824391703965	0.031808612861124914	59.0	0.0	0.0	7.0
0.12433404809727182	0.1927898109208236	0.03282184765114605	15.0	0.0	0.0	8.0
0.8959452856399612	0.768251323781029	0.03074009157756922	32.0	0.0	0.0	8.0
0.7496080147460832	0.26464727810237426	0.03230206203190625	62.0	0.0	0.0	8.0
0.6113177763689736	0.05839857913920697	0.0342057574350378	49.0	0.0	0.0	8.0
0.9524342726872312	0.45284631999688646	0.03152923523671273	76.0	0.0	0.0	8.0
0.6126164895208188	0.14813282045519113	0.030590169729059546	13.0	0.0	0.0	8.0
0.3275261766411072	0.9506404591193142	0.030211656439356433	46.0	0.0	0.0	8.0
0.962283970097285	0.859035508926955	0.03184042147398604	59.0	0.0	0.0	8.0
0.29206357267437527	0.6499433536948086	0.033245840615779884	55.0	0.0	0.0	8.0
0.8186738496891445	0.8575206648677937	0.03607780120266006	53.0	0.0	0.008013015181930427	8.0
0.6905969928876433	0.865556885276736	0.030270607574362625	45.0	0.0	0.0	8.0
0.3910119885943098	0.10753991934273631	0.02875771662686444	50.0	0.0	0.0	8.0
0.22446914766386583	0.699462508302383	0.03385481257728056	65.0	0.0	0.0	8.0
0.36796073553683994	0.5453033822433991	0.03322542785490711	10.0	0.0	0.0	8.0
0.32287438079625347	0.47498737614738795	0.03071093155049813	75.0	0.0	0.0	8.0
0.5790296685702071	0.3129926615816343	0.031249589844404874	57.0	0.0	0.0	8.0
0.74348308017424	0.46265093680702807	0.03370760877652384	27.0	0.0	0.0	8.0
0.6094724470887234	0.6692715508667361	0.03471132286747495	7.0	0.0	0.0	8.0
0.9600988856918975	0.25326268374434946	0.03408964477287245	48.0	0.0	0.0	8.0
0.6400204668982251	0.7384002019670033	0.03347792796683884	67.0	0.0	0.0	8.0
0.4964999932222275	0.7380887259897391	0.03668044143201996	42.0	0.0	0.030370372322508388	8.0
0.565496559644622	0.527071703361548	0.031560767706316335	34.0	0.0	0.0	8.0
0.5454539682797352	0.12352904772196852	0.03592208450489225	6.0	0.0	0.005017555049747102	8.0
0.015360422840473054	0.6802289473741434	0.01833739467604973	5.0	0.0	0.0	8.0
0.045946762398927504	0.596896738152256	0.03332035323694125	68.0	0.0	0.0	8.0
0.6463550329671899	0.29093709275346485	0.03465053345958312	43.0	0.0	0.0	8.0
0.41668330799509584	0.20893296529105126	0.02970918099185742	4.0	0.0	0.0	8.0
0.45978393729589906	0.13781781273962643	0.03374169441909731	28.0	0.0	0.0	8.0
0.3362621379399048	0.7792096525783495	0.030035442059292712	52.0	0.0	0.0	8.0
0.6488713653461321	0.21700813279519698	0.03228804758752973	66.0	0.0	0.0	8.0
0.8368681820627202	0.47423546953938056	0.029904915195542843	19.0	0.0	0.0	8.0
0.46885381676046206	0.26196335347003336	0.031966857657103935	71.0	0.0	0.0	8.0
0.35250020060868437	0.7138281083486145	0.03217676434210925	74.0	0.0	0.0	8.0
0.42054786935287963	0.6793007011326835	0.0322561523366036	63.0	0.0	0.0	8.0
0.6357856874759585	0.4057512450225087	0.03232382567035262	23.0	0.0	0.0	8.0
0.8966813908385823	0.9000131946063835	0.03200652503310205	3.0	0.0	0.0	8.0
0.47440862308992293	0.36464051840057266	0.03577209613469741	33.0	0.0	0.0029457379432358266	8.0
0.7824557696567753	0.7069828868957596	0.031622786494785955	1.0	0.0	0.0	8.0
0.5879386709740279	0.9718215362099555	0.03496086647006243	64.0	0.0	0.0	8.0
0.043830496749406624	0.8007002961938694	0.03207846451032186	12.0	0.0	0.0	8.0
0.12359933644733923	0.5222714713638327	0.030183952425256164	70.0	0.0	0.0	8.0
0.6697942199169105	0.6279520388910567	0.032006700797107275	26.0	0.0	0.0	8.0
0.17311355464975825	0.7543893439369723	0.033521606868238636	69.0	0.0	0.0	8.0
0.40863500252726137	0.31369982684058567	0.03529042490656345	61.0	0.0	0.00015677671089520118	8.0
0.961272459416369	0.6181933782021609	0.03415652924860769	11.0	0.0	0.0	8.0
0.08197822006826569	0.686687756173423	0.0320588689570523	41.0	0.0	0.0	8.0
0.4467282045539942	0.6079908848949517	0.0320392250618765	18.0	0.0	0.0	8.0
0.4435805666217201	0.05703669257192082	0.0335454690257643	56.0	0.0	0.0	8.0
0.7779261426672645	0.03869337116395549	0.032259704917799295	47.0	0.0	0.0	8.0
0.7521336586254499	0.9118259125088766	0.033443227974064654	36.0	0.0	0.0	8.0
0.5761100349476839	0.21670821895653844	0.03238016733962324	29.0	0.0	0.0	8.0
0.5700086736110253	0.6060998692307885	0.030649814866545597	24.0	0.0	0.0	8.0
0.8282887403261046	0.9332919679268492	0.03058723773057335	38.0	0.0	0.0	8.0
0.5589367960221041	0.7795520565698674	0.031385450334603604	60.0	0.0	0.0	8.0
0.5112265043620244	0.4289818172472056	0.03507482207243143	21.0	0.0	2.6808293682734075e-06	8.0
0.04989228583144416	0.5242222574299374	0.03480398169602536	37.0	0.0	0.0	8.0
0.8806384108784258	0.028567043687067837	0.030500531536983334	40.0	0.0	0.0	8.0
0.7867949149123394	0.7864385669948993	0.03429438845566564	44.0	0.0	0.0	8.0
0.693502349356486	0.05813311290884435	0.034320089824135966	9.0	0.0	0.0	8.0
0.7127282773764118	0.7101965244570316	0.03389541464676305	16.0	0.0	0.0	8.0
0.21854093071391942	0.5244441720496102	0.03281689733719701	31.0	0.0	0.0	8.0
0.3027018976725371	0.19816092987851	0.03492630718611	72.0	0.0	0.0	8.0
0.7072764130923311	0.7976774338334195	0.03353359181380624	25.0	0.0	0.0	8.0
0.5257213289844632	0.8534312535346171	0.03083442080414647	35.0	0.0	0.0	8.0
0.6644681617141528	0.9332751013782045	0.03226975730862225	54.0	0.0	0.0	8.0
0.907655448801063	0.565455084077481	0.036383942237760966	30.0	0.0	0.01696421884653887	8.0
0.819061229699199	0.3903424946593918	0.03238914926101591	39.0	0.0	0.0	8.0
0.5112272407887064	0.6560330769122188	0.032441593046852374	14.0	0.0	0.0	8.0
0.07285234910988006	0.12447821829555288	0.030884020806339518	2.0	0.0	0.0	8.0
0.7456476901059853	0.6449049297829299	0.031184404301457174	20.0	0.0	0.0	8.0
0.3066262359654354	0.08964021226808332	0.03383431618424026	17.0	0.0	0.0	8.0
0.6164573876418965	0.8199993073762403	0.03419302890004779	73.0	0.0	0.0	8.0
0.6986936512893444	0.15013594223605178	0.03222682135637205	58.0	0.0	0.0	8.0
0.25530261121745806	0.776550866726533	0.03040956402393397	22.0	0.0	0.0	8.0
0.4184806260088286	0.7634370568123756	0.034027656474127844	51.0	0.0	0.0	8.0
0.5794884301467269	0.8919697277114028	0.031936473002482514	8.0	0.0	0.0	8.0
0.4205246553977453	0.6756135233725102	0.032288408488940205	63.0	0.0	0.0	9.0
0.5857856861229649	0.898471796666186	0.031968409475484995	8.0	0.0	0.0	9.0
0.6344218080107283	0.40524454402594934	0.03235614949602297	23.0	0.0	0.0	9.0
0.3029682632867513	0.1968973506298021	0.03496123349329611	72.0	0.0	0.0	9.0
0.6456460647076175	0.2898678690845749	0.0346851839930427	43.0	0.0	0.0	9.0
0.5111253808361463	0.4303177797054089	0.035109896894503854	21.0	0.0	8.49446897177586e-06	9.0
0.44769468674506885	0.6074220158593288	0.03207126428693837	18.0	0.0	0.0	9.0
0.553684869595129	0.11780637266946303	0.03595800658939714	6.0	0.0	0.005627110749813369	9.0
0.8219804104996933	0.387282115209579	0.03242153841027692	39.0	0.0	0.0	9.0
0.9093845977500382	0.5623634727863206	0.03642032617999872	30.0	0.0	0.018337674120445513	9.0
0.4730024754361614	0.3704055254242005	0.0358078682308321	33.0	0.0	0.0033744388611012255	9.0
0.7761812623593571	0.03751252344271475	0.03229196462271709	47.0	0.0	0.0	9.0
0.1705433109853114	0.7537538548692138	0.033555128475106874	69.0	0.0	0.0	9.0
0.8432095049001415	0.4720596650335894	0.02993482011073838	19.0	0.0	0.0	9.0
0.5751197965724246	0.21628244045056136	0.03241254750696286	29.0	0.0	0.0	9.0
0.49807379674713026	0.7377621352298482	0.036717121873451976	42.0	0.0	0.03240285933350151	9.0
0.5872833380045779	0.9673275213357315	0.03499582733653248	64.0	0.0	0.0	9.0
0.3567786924158492	0.7100690167523781	0.03220894110645135	74.0	0.0	0.0	9.0
0.5722151716264559	0.30376079437366355	0.03128083943424927	57.0	0.0	0.0	9.0
0.4667198041106468	0.26094864077400853	0.031998824514761035	71.0	0.0	0.0	9.0
0.323847297742191	0.47655999188888226	0.030741642482048626	75.0	0.0	0.0	9.0
0.820358008871388	0.858908929094679	0.03611387900386272	53.0	0.0	0.008844922404847466	9.0
0.6987963072562144	0.06138528289653471	0.0343544099139601	9.0	0.0	0.0	9.0
0.8963371476977773	0.7669053728013984	0.030770831669146785	32.0	0.0	0.0	9.0
0.9605609484350381	0.6133141166933768	0.03419068577785629	11.0	0.0	0.0	9.0
0.7891672047437046	0.7843039633626561	0.0343286828441213	44.0	0.0	0.0	9.0
0.7527541926574047	0.9110682710191633	0.03347667120203872	36.0	0.0	0.0	9.0
0.6500443349413892	0.21617050189088333	0.032320335635117256	66.0	0.0	0.0	9.0
0.5691382765531061	0.5190380761523046	0.07915831663326653	-2.0	-1.0	551.0836188334437	9.0
0.6989826070882311	0.15188540782980542	0.03225904817772842	58.0	0.0	0.0	9.0
0.7406680130762779	0.6440017142482759	0.031215588705758628	20.0	0.0	0.0	9.0
0.9492407666153395	0.45307793927074336	0.031560764471949436	76.0	0.0	0.0	9.0
0.7081797920387577	0.7982168469202032	0.03356712540562004	25.0	0.0	0.0	9.0
0.8799147013072727	0.027346301443159853	0.030531032068520314	40.0	0.0	0.0	9.0
0.043668965065624524	0.6053181183661588	0.033353673590178184	68.0	0.0	0.0	9.0
0.3359841418393715	0.7819600596410675	0.030065477501352002	52.0	0.0	0.0	9.0
0.4445673843307012	0.05594855254517046	0.03357901449479006	56.0	0.0	0.0	9.0
0.04287617563964614	0.8003181380262525	0.03211054297483218	12.0	0.0	0.0	9.0
0.39219614126108493	0.10623418282952399	0.028786474343491304	50.0	0.0	0.0	9.0
0.07205134992717704	0.12269327676426586	0.030914904827145855	2.0	0.0	0.0	9.0
0.4725136843238722	0.13415508510423627	0.033775436113516404	28.0	0.0	0.0	9.0
0.6409881452242407	0.7389946635152842	0.033511405894805675	67.0	0.0	0.0	9.0
0.37188472183022675	0.5447941082636902	0.033258653282762014	10.0	0.0	0.0	9.0
0.7874587663387114	0.6987336660091672	0.031654409281280736	1.0	0.0	0.0	9.0
0.6251002232017996	0.8230503061020601	0.03422722192894783	73.0	0.0	0.0	9.0
0.23387546939795986	0.6972621059310511	0.03388866738985784	65.0	0.0	0.0	9.0
0.08035057823996591	0.6854299807516808	0.03209092782600935	41.0	0.0	0.0	9.0
0.41852566048571954	0.20743368127056402	0.029738890172849274	4.0	0.0	0.0	9.0
0.5320404314093048	0.847556662253438	0.03086525522495061	35.0	0.0	0.0	9.0
0.6900007592989873	0.8628950004649956	0.030300878181936983	45.0	0.0	0.0	9.0
0.6020551548018341	0.6756609602892582	0.03474603419034242	7.0	0.0	0.0	9.0
0.047858358585480126	0.5163904955698738	0.03483878567772138	37.0	0.0	0.0	9.0
0.7554038898145573	0.4675119357127048	0.03374131638530036	27.0	0.0	0.0	9.0
0.12173195454135123	0.18610978064255232	0.03285466949879719	15.0	0.0	0.0	9.0
0.6151514332998961	0.14874267270369881	0.030620759898788603	13.0	0.0	0.0	9.0
0.39831100246356216	0.3143180413867291	0.03532571533147001	61.0	0.0	0.00022115388756560606	9.0
0.6700007824389934	0.6208977220317013	0.03203870749790438	26.0	0.0	0.0	9.0
0.29809983016542124	0.6490048269306133	0.033279086456395664	55.0	0.0	0.0	9.0
0.7497264675078756	0.26339669989018305	0.03233436409393815	62.0	0.0	0.0	9.0
0.9650276701672864	0.25293638776978117	0.03412373441764532	48.0	0.0	0.0	9.0
0.5586387427338847	0.7730305231131976	0.0314168357849382	60.0	0.0	0.0	9.0
0.5588150824445757	0.5151256356930948	0.03159232847402265	34.0	0.0	0.0	9.0
0.5582017001098017	0.6011983711514486	0.03068046468141214	24.0	0.0	0.0	9.0
0.8901191884100602	0.8952011475478463	0.03203853155813515	3.0	0.0	0.0	9.0
0.6573342936384777	0.9254087575458534	0.03230202706593087	54.0	0.0	0.0	9.0
0.255277845976975	0.7775340656838867	0.0304399735879579	22.0	0.0	0.0	9.0
0.9613014101899203	0.8576687072307991	0.031872261895460025	59.0	0.0	0.0	9.0
0.41649151210062163	0.7658971003012448	0.03406168413060197	51.0	0.0	0.0	9.0
0.6165748290538398	0.0611043364192668	0.034239963192472835	49.0	0.0	0.0	9.0
0.20451259370261887	0.522443589002685	0.03284971423453421	31.0	0.0	0.0	9.0
0.82828176694915	0.9321843548436205	0.03061782496830392	38.0	0.0	0.0	9.0
0.33240774232213444	0.9518800825526397	0.030241868095795786	46.0	0.0	0.0	9.0
0.31467870382058144	0.08200753289351649	0.03386815050042449	17.0	0.0	0.0	9.0
0.5160483524251938	0.6554690000065787	0.03247403463989922	14.0	0.0	0.0	9.0
0.12446534702245907	0.52367128443978	0.030214136377681416	70.0	0.0	0.0	9.0
0.7019675758619361	0.7095147802951077	0.03392931006140981	16.0	0.0	0.0	9.0
0.017756937020178394	0.668106084068269	0.01835573207072578	5.0	0.0	0.0	9.0
0.5106463863086759	0.4314819411065298	0.035145006791398356	21.0	0.0	1.951394168031584e-05	10.0
0.12065784073751303	0.18716712015699616	0.03288752416829598	15.0	0.0	0.0	10.0
0.4495823870631661	0.05386664508103378	0.03361259350928485	56.0	0.0	0.0	10.0
0.4220643241949984	0.7716663006625234	0.03409574581473257	51.0	0.0	0.0	10.0
0.8243666563893339	0.8589467865455275	0.03614999288286658	53.0	0.0	0.009733419282866862	10.0
0.6709973824226149	0.6210849739654358	0.032070746205402276	26.0	0.0	0.0	10.0
0.3155319514882585	0.09166295029356585	0.03390201865092492	17.0	0.0	0.0	10.0
0.5752838924507626	0.3027078694922587	0.03131212027368352	57.0	0.0	0.0	10.0
0.3912262502014057	0.10835955738539084	0.02881526081783479	50.0	0.0	0.0	10.0
0.5592093077500249	0.601481433375943	0.03071114514609355	24.0	0.0	0.0	10.0
0.42004527366547173	0.20746717170040646	0.02976862906302212	4.0	0.0	0.0	10.0
0.16990253896245994	0.7528383968787716	0.03358868360358198	69.0	0.0	0.0	10.0
0.3341283028270859	0.7849598240676057	0.030095542978853352	52.0	0.0	0.0	10.0
0.8829605986747182	0.8961760901678099	0.03207057008969328	3.0	0.0	0.0	10.0
0.4436111858356854	0.609589222923266	0.032103335551225305	18.0	0.0	0.0	10.0
0.4878827592957836	0.7412805144642229	0.03675383899532542	42.0	0.0	0.034526228480174836	10.0
0.23307416166648193	0.6979397536419484	0.03392255605724769	65.0	0.0	0.0	10.0
0.6485939610469352	0.2916788128402936	0.034719869177035734	43.0	0.0	0.0	10.0
0.7410028174619717	0.645302970020441	0.031246804294464383	20.0	0.0	0.0	10.0
0.04456830341115057	0.6042748092223567	0.03338702726376836	68.0	0.0	0.0	10.0
0.9534000090184593	0.859781438832717	0.031904134157355483	59.0	0.0	0.0	10.0
0.621785654014389	0.8229145897122601	0.034261449150876776	73.0	0.0	0.0	10.0
0.04609218436873747	0.7014028056112224	0.0022044088176352704	-2.0	-1.0	0.0	10.0
0.5679117186867205	0.7778482024569433	0.031448252620723136	60.0	0.0	0.0	10.0
0.5759708376244912	0.2146160705264631	0.03244496005446982	29.0	0.0	0.0	10.0
0.6644778393160932	0.9292584409757317	0.0323343290929968	54.0	0.0	0.0	10.0
0.2567269759996304	0.7750896953092458	0.030470413561545853	22.0	0.0	0.0	10.0
0.9083099191020962	0.5622377338588705	0.036456746506178715	30.0	0.0	0.01978481207389393	10.0
0.6406833817804948	0.740996273625451	0.03354491730070048	67.0	0.0	0.0	10.0
0.041831286264677116	0.8078137760671702	0.032142653517807006	12.0	0.0	0.0	10.0
0.5516379928137106	0.1215207599096388	0.035993964595986534	6.0	0.0	0.0062848182170824884	10.0
0.8052075331325287	0.7866325049321993	0.034363011526965415	44.0	0.0	0.0	10.0
0.6271318988574007	0.4091134650726543	0.03238850564551899	23.0	0.0	0.0	10.0
0.6963392937853247	0.14925040231313147	0.032291307225906146	58.0	0.0	0.0	10.0
0.7560579983246378	0.4661903451482473	0.03377505770168566	27.0	0.0	0.0	10.0
0.12388580980848114	0.5220650489931734	0.030244350514059094	70.0	0.0	0.0	10.0
0.7770208583371009	0.03688044082841863	0.032324256587339804	47.0	0.0	0.0	10.0
0.021636509555896223	0.667094864543896	0.018374087802796504	5.0	0.0	0.0	10.0
0.6141404037373099	0.14884164793135776	0.030651380658687388	13.0	0.0	0.0	10.0
0.9679983368797926	0.2567064909533514	0.03415785815206296	48.0	0.0	0.0	10.0
0.8251906986945912	0.3875149516607504	0.032453959948687196	39.0	0.0	0.0	10.0
0.9630727143140733	0.6131478324706684	0.034224876463634146	11.0	0.0	0.0	10.0
0.32280107105279043	0.4761713035042699	0.03077238412453067	75.0	0.0	0.0	10.0
0.07292598927569392	0.12324587116773383	0.030945819731973	2.0	0.0	0.0	10.0
0.046877720134901914	0.5174316125245481	0.0348736244633991	37.0	0.0	0.0	10.0
0.5192028715107759	0.6517149268891909	0.032506508674539115	14.0	0.0	0.0	10.0
0.9494767453360977	0.45541263943013227	0.03159232523642138	76.0	0.0	0.0	10.0
0.6106106941908703	0.6773802681777198	0.03478078022453276	7.0	0.0	0.0	10.0
0.47256774242802335	0.367424298023833	0.03584367609906293	33.0	0.0	0.0038433258925323344	10.0
0.7540278266992678	0.9113746796230215	0.033510147873240755	36.0	0.0	0.0	10.0
0.39765380549399615	0.31337911740811	0.035361041046801475	61.0	0.0	0.00030119635587766425	10.0
0.8774234678617543	0.026829328510285265	0.030561563100588832	40.0	0.0	0.0	10.0
0.6793823394428787	0.8634286077933288	0.030331179060118917	45.0	0.0	0.0	10.0
0.2035181478386625	0.5209020272023976	0.032882563948768734	31.0	0.0	0.0	10.0
0.8472017669635554	0.4773974773190463	0.029964754930849116	19.0	0.0	0.0	10.0
0.36473777724716583	0.5427377192894667	0.03329191193604477	10.0	0.0	0.0	10.0
0.32954501438509404	0.9549193623097356	0.03027210996389158	46.0	0.0	0.0	10.0
0.6996992956397907	0.7070760276337819	0.03396323937147122	16.0	0.0	0.0	10.0
0.786343297156126	0.6983509315331337	0.03168606369056201	1.0	0.0	0.0	10.0
0.3020576042706159	0.1975919581128866	0.0349961947267894	72.0	0.0	0.0	10.0
0.5882697514322482	0.9656636542416476	0.03503082316386901	64.0	0.0	1.8741813789802109e-07	10.0
0.470334043763225	0.13290883742925144	0.03380921154962992	28.0	0.0	0.0	10.0
0.8946229568731309	0.7643201323791945	0.030801602500815928	32.0	0.0	0.0	10.0
0.4706533454174959	0.259763015980235	0.032030823339275795	71.0	0.0	0.0	10.0
0.8155224983607344	0.9324655536349938	0.030648442793272224	38.0	0.0	0.0	10.0
0.5616711576813705	0.5161662935025	0.031623920802496666	34.0	0.0	0.0	10.0
0.4245737191367917	0.6760099084241527	0.03232069689742914	63.0	0.0	0.0	10.0
0.7498870563625731	0.26466532219501926	0.03236669845803209	62.0	0.0	0.0	10.0
0.6113496707217781	0.06346893432276557	0.0342742031556653	49.0	0.0	0.0	10.0
0.6562375375644115	0.2086089065233876	0.03235265597075237	66.0	0.0	0.0	10.0
0.35503322618564864	0.7110816521115035	0.0322411500475578	74.0	0.0	0.0	10.0
0.6985470023726824	0.059510628013720396	0.034388764323874055	9.0	0.0	0.0	10.0
0.5327217240051	0.8488701767003014	0.030896120480175558	35.0	0.0	0.0	10.0
0.29986634346846763	0.6531491306229797	0.03331236554285206	55.0	0.0	0.0	10.0
0.5811121130424712	0.894260139324572	0.032000377884960476	8.0	0.0	0.0	10.0
0.08040629856133444	0.6869043504540623	0.03212301875383536	41.0	0.0	0.0	10.0
0.7168751474197866	0.7907344868598163	0.033600692531025655	25.0	0.0	0.0	10.0
0.7582130236798502	0.46987814021985375	0.03380883275938734	27.0	0.0	0.0	11.0
0.2087238707111389	0.5184267311486719	0.0329154465127175	31.0	0.0	0.0	11.0
0.33029268080814655	0.9527624510152841	0.030302382073855466	46.0	0.0	0.0	11.0
0.4919469572031544	0.7447175141341046	0.03679059283432074	42.0	0.0	0.03674265208863403	11.0
0.823624288830472	0.9363947953366227	0.030679091236065492	38.0	0.0	0.0	11.0
0.7868233791610284	0.6992486768959865	0.03171774975425257	1.0	0.0	0.0	11.0
0.8874267121922618	0.8995826296239892	0.03210264065978297	3.0	0.0	0.0	11.0
0.4502289677169539	0.05164579759907518	0.033646206102794125	56.0	0.0	0.0	11.0
0.7788197231700584	0.0376673647739016	0.03235658084392714	47.0	0.0	0.0	11.0
0.07248101307066349	0.1220595876974268	0.03097676555170497	2.0	0.0	0.0	11.0
0.6716240535053137	0.6176908416459213	0.032102816951607674	26.0	0.0	0.0	11.0
0.6148061896867544	0.15321436360629165	0.030682032039346073	13.0	0.0	0.0	11.0
0.32413263292024763	0.47713490256627694	0.030803156508655196	75.0	0.0	0.0	11.0
0.8259076188154735	0.39081285206007527	0.03248641390863588	39.0	0.0	0.0	11.0
0.3874432069702281	0.11723471275745291	0.028844076078652622	50.0	0.0	0.0	11.0
0.6614588419379549	0.9356594862769307	0.03236666342208979	54.0	0.0	0.0	11.0
0.7195462170486986	0.788446626209503	0.033634293223556676	25.0	0.0	0.0	11.0
0.6573906511672971	0.22001745431024028	0.03238500862672312	66.0	0.0	0.0	11.0
0.5712741987975166	0.2161945795989161	0.032477405014524285	29.0	0.0	0.0	11.0
0.36389648077888476	0.5449383391657039	0.03332520384798081	10.0	0.0	0.0	11.0
0.07976575354684833	0.6836641277515915	0.03215514177258919	41.0	0.0	0.0	11.0
0.6055256876517692	0.6687263826815641	0.03481556100475729	7.0	0.0	0.0	11.0
0.46170119793270165	0.367937779740542	0.03587951977516199	33.0	0.0	0.004354284482374737	11.0
0.9705327315740218	0.26080306775566375	0.034192016010215015	48.0	0.0	0.0	11.0
0.5169925351329961	0.6625374132885977	0.03253901518321365	14.0	0.0	0.0	11.0
0.36135783480886235	0.7179680190877787	0.032273391197605354	74.0	0.0	0.0	11.0
0.5366631532583774	0.8468271204595637	0.03092701660065573	35.0	0.0	0.0	11.0
0.56448825524888	0.6134461024089601	0.030741856291239638	24.0	0.0	0.0	11.0
0.3153039527438243	0.08888343842478422	0.03393592066957584	17.0	0.0	0.0	11.0
0.8061588078670107	0.7857308217245119	0.03439737453849238	44.0	0.0	0.0	11.0
0.33784094941670884	0.783527068865301	0.030125638521832202	52.0	0.0	0.0	11.0
0.6062621745025033	0.06358105656379082	0.03430847735882096	49.0	0.0	0.0	11.0
0.4448914859551347	0.6088137721621332	0.03213543888677653	18.0	0.0	0.0	11.0
0.6358641241570753	0.7527036689471096	0.033578462218001176	67.0	0.0	0.0	11.0
0.4249519183132893	0.7716572108083821	0.0341298415605473	51.0	0.0	0.0	11.0
0.12272042442010186	0.5123691457464612	0.03027459486457315	70.0	0.0	0.0	11.0
0.5746011480376307	0.3048046480874894	0.0313434323939572	57.0	0.0	0.0	11.0
0.30114378223614063	0.20481098347906107	0.035031190921516187	72.0	0.0	1.942068763582938e-07	11.0
0.035873397390328236	0.5133433470705365	0.0349084980878625	37.0	0.0	0.0	11.0
0.39764715634034886	0.3123230021830063	0.03539640208784827	61.0	0.0	0.00039864633318131837	11.0
0.8214665914529375	0.8559064475802372	0.03618614287574944	53.0	0.0	0.01068048533764454	11.0
0.0167731765873034	0.6706142677359634	0.018392461890599298	5.0	0.0	0.0	11.0
0.9085094252658393	0.5598055724388805	0.03649320325268489	30.0	0.0	0.021307708944803494	11.0
0.9515651792307444	0.8604239366541507	0.031936038291512835	59.0	0.0	0.0	11.0
0.6171049893493762	0.8214392317716893	0.034295710600027646	73.0	0.0	0.0	11.0
0.8766211244281488	0.030520184231877922	0.030592124663689418	40.0	0.0	0.0	11.0
0.22999880890342797	0.6968845532412902	0.03395647861330493	65.0	0.0	0.0	11.0
0.5854305704418558	0.9716834428871787	0.03506585398703287	64.0	0.0	1.8277895748042283e-06	11.0
0.7379545130672713	0.6432400300687332	0.03127805109875884	20.0	0.0	0.0	11.0
0.42426464697671856	0.6775232207337418	0.032353017594326565	63.0	0.0	0.0	11.0
0.7119280779422328	0.7141528797242712	0.033997202610842686	16.0	0.0	0.0	11.0
0.8446934568922935	0.4762813364027138	0.029994719685779964	19.0	0.0	0.0	11.0
0.6269517972104948	0.40721202189655537	0.0324208941511645	23.0	0.0	0.0	11.0
0.469035015899929	0.1329866249065839	0.033843020761179544	28.0	0.0	0.0	11.0
0.7476685804981744	0.26324407557307133	0.03239906515649012	62.0	0.0	0.0	11.0
0.698934812615095	0.15254440152278298	0.03232359853313205	58.0	0.0	0.0	11.0
0.5624305237663576	0.517676559146678	0.03165554472329916	34.0	0.0	0.0	11.0
0.7468860004963681	0.9087876468926692	0.03354365802111399	36.0	0.0	0.0	11.0
0.6845334333711637	0.8706901249690083	0.030361510239179032	45.0	0.0	0.0	11.0
0.510697929006393	0.43284577013742426	0.03518015179818975	21.0	0.0	3.741931027434475e-05	11.0
0.9512456018156417	0.4562950609068269	0.0316239175616578	76.0	0.0	0.0	11.0
0.04242622367207736	0.806963801062029	0.03217479617132481	12.0	0.0	0.0	11.0
0.17030788586443876	0.7456922836399104	0.033622272287185555	69.0	0.0	0.0	11.0
0.5894812379784785	0.90365051859668	0.03203237826284543	8.0	0.0	0.0	11.0
0.9571687447717695	0.6162812037570441	0.034259101340097776	11.0	0.0	0.0	11.0
0.09418837675350701	0.9679358717434869	0.01503006012024048	-2.0	-1.0	0.0	11.0
0.47078257857652794	0.25879124371019935	0.03206285416261507	71.0	0.0	0.0	11.0
0.5676928177420738	0.7765728709257861	0.031479700873343855	60.0	0.0	0.0	11.0
0.7001856838309899	0.05734816619913388	0.034423153088197926	9.0	0.0	0.0	11.0
0.04527215881841784	0.6054452011093938	0.033420414291032124	68.0	0.0	0.0	11.0
0.1205048974782366	0.19020117604516315	0.03292041169246428	15.0	0.0	0.0	11.0
0.3001347304974519	0.6519509167522521	0.033345677908394905	55.0	0.0	0.0	11.0
0.2518219056576288	0.7743901825614211	0.030500883975107397	22.0	0.0	0.0	11.0
0.6481159273752879	0.29029975368541727	0.034754589046212765	43.0	0.0	0.0	11.0
0.550213983292242	0.1243529020078643	0.03602995856058252	6.0	0.0	0.0069926087428626715	11.0
0.4210281925421839	0.20594347870912333	0.02979839769208514	4.0	0.0	0.0	11.0
0.8955936605997983	0.7635301855077752	0.03083240410331674	32.0	0.0	0.0	11.0
