# x	y	r	id	split_id	s_prob	t
2.0	0.5	0.0	-1.0	0.0	0.0	0.0
0.6743081110558988	0.7316832316896831	0.033837793187699486	1.0	0.0	0.0	0.0
0.3581213049545009	0.06937477393882578	0.032191768717610404	2.0	0.0	0.0	0.0
0.2852390913481352	0.6921810023486018	0.03306792885798503	3.0	0.0	0.0	0.0
0.2417957944975569	0.2804878647236171	0.034096217320152444	4.0	0.0	0.0	0.0
0.46538783483505397	0.887593885585836	0.03377946551749022	5.0	0.0	0.0	0.0
0.9281306555988357	0.14982467134924066	0.035496093953133315	6.0	0.0	0.0007813970627665867	0.0
0.4703769757597309	0.35500309187657775	0.03257797641799155	7.0	0.0	0.0	0.0
0.945217017782232	0.6106331182116782	0.029413772836159813	8.0	0.0	0.0	0.0
0.8052730603286672	0.4566568382168694	0.03215785446377266	9.0	0.0	0.0	0.0
0.8983542474797872	0.9120011258280843	0.03354696724314815	10.0	0.0	0.0	0.0
0.1404700321154715	0.6038364954948378	0.03416300612064392	11.0	0.0	0.0	0.0
0.31633724971033184	0.7566289363130676	0.03325910282494722	12.0	0.0	0.0	0.0
0.4610223365259617	0.2296509261440709	0.03540630462023094	13.0	0.0	0.000429274663630963	0.0
0.9225178720585742	0.05814920685830278	0.03011033790222026	14.0	0.0	0.0	0.0
0.13875438569606285	0.35026464501586596	0.03510842644169741	15.0	0.0	8.158035498695426e-06	0.0
0.7634890050844982	0.8919593838949282	0.03163011524424192	16.0	0.0	0.0	0.0
0.23089821137524014	0.887593885585836	0.03217192501884259	17.0	0.0	0.0	0.0
0.8401970468014055	0.08995498025311796	0.032551625031786886	18.0	0.0	0.0	0.0
0.6181802756532838	0.943721720988451	0.03345903717398242	19.0	0.0	0.0	0.0
0.25969058862446986	0.3555198139915789	0.03181394650408029	20.0	0.0	0.0	0.0
0.9258608980733695	0.5478162242683421	0.033022820913205346	21.0	0.0	0.0	0.0
0.5383540208584535	0.6849100355208373	0.03275324045308151	22.0	0.0	0.0	0.0
0.04061096504584036	0.7763274218977808	0.03217332979069647	23.0	0.0	0.0	0.0
0.0756112000946719	0.057525564242718166	0.034180538941967126	24.0	0.0	0.0	0.0
0.8726264628118052	0.38057243911554683	0.03066313034932741	25.0	0.0	0.0	0.0
0.4547859103701156	0.7491452249260522	0.0317448436295948	26.0	0.0	0.0	0.0
0.8545408269598516	0.23588735229991703	0.029508721347513128	27.0	0.0	0.0	0.0
0.3444011674116394	0.893830311741682	0.03312852631816096	28.0	0.0	0.0	0.0
0.3437412886810622	0.1868055799706453	0.030467542996720307	29.0	0.0	0.0	0.0
0.954947288068974	0.2676931256947322	0.03236825763490263	30.0	0.0	0.0	0.0
0.6942646747546064	0.22528542783497862	0.03094986277851864	31.0	0.0	0.0	0.0
0.33198300691899113	0.6329680146327926	0.03448588134767618	32.0	0.0	0.0	0.0
0.3025884480425581	0.23913169078651716	0.03371116941391395	33.0	0.0	0.0	0.0
0.04506290642017584	0.7113254778854319	0.03156127308888743	34.0	0.0	0.0	0.0
0.540848591320792	0.1965978675180865	0.03236493011036795	35.0	0.0	0.0	0.0
0.7510161527728061	0.7017483861416217	0.032344738055239575	36.0	0.0	0.0	0.0
0.19399620503590595	0.3905668951538802	0.031010357024165085	37.0	0.0	0.0	0.0
0.5446220500539363	0.5696352511635295	0.03408561718604318	38.0	0.0	0.0	0.0
0.7996602767884058	0.6368895541208222	0.0337617934803538	39.0	0.0	0.0	0.0
0.5545687288636535	0.9175287311338973	0.032480572089966686	40.0	0.0	0.0	0.0
0.7637923937144714	0.5724775316233438	0.029611844071607916	41.0	0.0	0.0	0.0
0.2672686027148481	0.6077867778068909	0.03174994216084268	42.0	0.0	0.0	0.0
0.47254356697046174	0.5230705120282912	0.03235704599153284	43.0	0.0	0.0	0.0
0.4109977919343754	0.17688207560518335	0.031174183473167878	44.0	0.0	0.0	0.0
0.3637340884947624	0.8239823387962055	0.03352586791753032	45.0	0.0	0.0	0.0
0.10492240302714863	0.1866195856687327	0.03375273325840935	46.0	0.0	0.0	0.0
0.6905228190610987	0.0868367671751949	0.03144473917907468	47.0	0.0	0.0	0.0
0.9382902543058291	0.8382453523267785	0.033804363516603694	48.0	0.0	0.0	0.0
0.4086363568168544	0.6749317536714835	0.03490562500013051	49.0	0.0	0.0	0.0
0.23152185399082476	0.14421188780897914	0.030363872525679403	50.0	0.0	0.0	0.0
0.14483553042456376	0.11302975702974857	0.03675753081835442	51.0	0.0	0.0347447204170237	0.0
0.627534914887053	0.826476909258544	0.034562963374888206	52.0	0.0	0.0	0.0
0.689248629429554	0.5405807608590382	0.035481896311940445	53.0	0.0	0.0007162106615794528	0.0
0.2273072963469155	0.14382607370783018	0.030394236398205078	50.0	0.0	0.0	1.0
0.13102690191894084	0.35053232983487637	0.035143534868139106	15.0	0.0	1.892571161477008e-05	1.0
0.4657373218797707	0.3514177560157386	0.03261055439440954	7.0	0.0	0.0	1.0
0.8545476362550635	0.23480580106393423	0.029538230068860638	27.0	0.0	0.0	1.0
0.26280707235596606	0.35118459206941	0.03184576045058436	20.0	0.0	0.0	1.0
0.8739169609026418	0.37358293313815893	0.030693793479676736	25.0	0.0	0.0	1.0
0.7721954669874709	0.5692346840598593	0.02964145591567952	41.0	0.0	0.0	1.0
0.2835887882951627	0.6910336008978449	0.03310099678684301	3.0	0.0	0.0	1.0
0.3584943987267428	0.07430378792223132	0.03222396048632801	2.0	0.0	0.0	1.0
0.47382022387425654	0.522921141358173	0.03238940303752437	43.0	0.0	0.0	1.0
0.6919720989121145	0.22661546981540545	0.030980812641297154	31.0	0.0	0.0	1.0
0.5471022376690121	0.5669004082505452	0.03411970280322922	38.0	0.0	0.0	1.0
0.9499356406273428	0.6212911008665224	0.029443186608995968	8.0	0.0	0.0	1.0
0.1351398709419731	0.10610597652157681	0.036794288349172775	51.0	0.0	0.036970615882154334	1.0
0.7487788187025924	0.7086194701059492	0.03237708279329481	36.0	0.0	0.0	1.0
0.35674542755674504	0.891751495192615	0.03316165484447912	28.0	0.0	0.0	1.0
0.3405904416000796	0.18063610459876694	0.030498010539717024	29.0	0.0	0.0	1.0
0.038803392247674755	0.7763444925177481	0.03220550312048716	23.0	0.0	0.0	1.0
0.5413298799229022	0.6851635734708327	0.03278599369353459	22.0	0.0	0.0	1.0
0.9221726768679882	0.5427318818716487	0.033055843734118545	21.0	0.0	0.0	1.0
0.40955744753277334	0.6781713306342122	0.03494053062513064	49.0	0.0	0.0	1.0
0.46499638702183543	0.8891987664008428	0.0338132449830077	5.0	0.0	0.0	1.0
0.8035512153655838	0.455700907574408	0.03219001231823643	9.0	0.0	0.0	1.0
0.46801771043954055	0.23955499447377415	0.03544171092485117	13.0	0.0	0.0005515620745626393	1.0
0.3645769291992851	0.822279425127798	0.03355939378544785	45.0	0.0	0.0	1.0
0.2595154673309075	0.5983205813700363	0.03178169210300352	42.0	0.0	0.0	1.0
0.33093683163011073	0.6326090559477119	0.03452036722902385	32.0	0.0	0.0	1.0
0.6747104593497438	0.7307866412870525	0.033871630980887184	1.0	0.0	0.0	1.0
0.5395838942290375	0.19279533732814605	0.032397295040478315	35.0	0.0	0.0	1.0
0.5543550901083848	0.9164480309031655	0.032513052662056646	40.0	0.0	0.0	1.0
0.3047896677340534	0.2408106767104849	0.03374488058332786	33.0	0.0	0.0	1.0
0.6169546857323963	0.9418218462206673	0.0334924962111564	19.0	0.0	0.0	1.0
0.6267907755084969	0.8274461640154065	0.03459752633826309	52.0	0.0	0.0	1.0
0.9277028969374201	0.14893231873747784	0.03553159004708644	6.0	0.0	0.00096141412234374	1.0
0.2367776748927259	0.8849776580814556	0.03220409694386143	17.0	0.0	0.0	1.0
0.9019984962997611	0.9092575844315848	0.033580514210391293	10.0	0.0	0.0	1.0
0.07397336977385713	0.058742511104335524	0.03421471948090909	24.0	0.0	0.0	1.0
0.6914696849844097	0.09016699836625751	0.03147618391825375	47.0	0.0	0.0	1.0
0.7618139940944859	0.8844812974559159	0.031661745359486154	16.0	0.0	0.0	1.0
0.8033732228167144	0.6382424268429692	0.03379555527383415	39.0	0.0	0.0	1.0
0.8597194388777555	0.2545090180360721	0.019839679358717433	-2.0	-1.0	0.0	1.0
0.40897057844186735	0.18143690502830725	0.031205357656641043	44.0	0.0	0.0	1.0
0.919163329812575	0.06692384531281372	0.030140448240122478	14.0	0.0	0.0	1.0
0.4423985774978991	0.7559207295548644	0.03177658847322439	26.0	0.0	0.0	1.0
0.6910839016817225	0.5363492022670386	0.03551737820825238	53.0	0.0	0.0008863482088230512	1.0
0.24011881917837244	0.2806094927390213	0.03413031353747259	4.0	0.0	0.0	1.0
0.3171397139455416	0.7573992157168274	0.033292361927772164	12.0	0.0	0.0	1.0
0.10410590751235275	0.18511559983634965	0.03378648599166775	46.0	0.0	0.0	1.0
0.8411909670013377	0.08758189900802121	0.03258417665681867	18.0	0.0	0.0	1.0
0.048756929910094615	0.712313211579244	0.03159283436197632	34.0	0.0	0.0	1.0
0.9558922284956843	0.26622830582050744	0.032400625892537525	30.0	0.0	0.0	1.0
0.9392223439325866	0.8385983310619791	0.03383816788012029	48.0	0.0	0.0	1.0
0.19463551453502684	0.3914681322450833	0.031041367381189247	37.0	0.0	0.0	1.0
0.14147586304656248	0.6104425416007745	0.034197169126764564	11.0	0.0	0.0	1.0
0.632581606088077	0.8278661625823972	0.03463212386460135	52.0	0.0	0.0	2.0
0.7548919369212502	0.7105887365035574	0.032409459876088106	36.0	0.0	0.0	2.0
0.40943690247644987	0.18253091797178567	0.03123656301429768	44.0	0.0	0.0	2.0
0.7729283174351987	0.5701410393795869	0.029671097371595196	41.0	0.0	0.0	2.0
0.34365635855315013	0.17780244753816643	0.03052850855025674	29.0	0.0	0.0	2.0
0.23621494738914156	0.8838037453057971	0.032236301040805285	17.0	0.0	0.0	2.0
0.3314427553194455	0.6340988170879999	0.03455488759625287	32.0	0.0	0.0	2.0
0.8557786682268698	0.22180904405164314	0.029567768298929497	27.0	0.0	0.0	2.0
0.19891853065751786	0.39113037325914396	0.031072408748570434	37.0	0.0	0.0	2.0
0.4446984460618571	0.7548973403671279	0.03180836506169761	26.0	0.0	0.0	2.0
0.6948867919443923	0.22536222244015586	0.03101179345393845	31.0	0.0	0.0	2.0
0.8034175062171272	0.6400005116531544	0.03382935082910798	39.0	0.0	0.0	2.0
0.2424068222276646	0.28375033448841713	0.03416444385101006	4.0	0.0	0.0	2.0
0.9477629321152014	0.6184976957433426	0.02947262979560496	8.0	0.0	0.0	2.0
0.14267373546734283	0.612824930805375	0.034231366295891325	11.0	0.0	0.0	2.0
0.8758644919300496	0.37491887820557435	0.03072448727315641	25.0	0.0	0.0	2.0
0.6759522675328796	0.7285663651201479	0.03390550261186807	1.0	0.0	0.0	2.0
0.07302315361000247	0.06286295186874714	0.03424893420038999	24.0	0.0	0.0	2.0
0.5381434494169255	0.19277266365800497	0.03242969233551879	35.0	0.0	0.0	2.0
0.2826190069156123	0.6905873581370331	0.03313409778362985	3.0	0.0	0.0	2.0
0.47245055086483617	0.5212911456330631	0.03242179244056189	43.0	0.0	0.0	2.0
0.3086200512148503	0.7657858280317467	0.033325654289699934	12.0	0.0	0.0	2.0
0.35273699398730884	0.07101189090030408	0.032256184446814336	2.0	0.0	0.0	2.0
0.9568512044441606	0.2658582254086242	0.03243302651843006	30.0	0.0	0.0	2.0
0.13561716416656736	0.10751143136291502	0.036831082637521946	51.0	0.0	0.03929197037128063	2.0
0.053041452307113574	0.7109031704935489	0.03162442719633829	34.0	0.0	0.0	2.0
0.9231168793423903	0.5403953693338006	0.03308889957785266	21.0	0.0	0.0	2.0
0.6208760522034192	0.9460915125631522	0.03352598870736755	19.0	0.0	0.0	2.0
0.04368647688292135	0.7777828503217706	0.03223770862360764	23.0	0.0	0.0	2.0
0.6978233217344363	0.08538371755774683	0.031507660102172	47.0	0.0	0.0	2.0
0.8037882795351511	0.4542071867080167	0.03222220233055466	9.0	0.0	0.0	2.0
0.5544853882728613	0.914569574120891	0.0325455657147187	40.0	0.0	0.0	2.0
0.9407905305981116	0.8474019023942165	0.033872006048000405	48.0	0.0	0.0	2.0
0.8415438839186199	0.08552578146492316	0.032616760833475485	18.0	0.0	0.0	2.0
0.31004652302438196	0.24548833158357655	0.03377862546391119	33.0	0.0	0.0	2.0
0.6913322006781093	0.5352406714163327	0.03555289558646063	53.0	0.0	0.0010817062610328776	2.0
0.927464716452806	0.15009852361075113	0.03556712163713353	6.0	0.0	0.0011673702602905678	2.0
0.2605448204718848	0.5978311289289118	0.031813473795106524	42.0	0.0	0.0	2.0
0.5464365065907202	0.5676252702595244	0.034153822506032445	38.0	0.0	0.0	2.0
0.5399321273832568	0.6898542785320414	0.03281877968722812	22.0	0.0	0.0	2.0
0.1295261742746	0.35029899435141315	0.035178678403007244	15.0	0.0	3.650868248428196e-05	2.0
0.46317479348872126	0.8898885968237015	0.03384705822799071	5.0	0.0	0.0	2.0
0.757577262148353	0.8865286459278866	0.03169340710484564	16.0	0.0	0.0	2.0
0.10601528823681132	0.1850133233886357	0.03382027247765942	46.0	0.0	0.0	2.0
0.9244561968142208	0.0668405316589432	0.030170588688362598	14.0	0.0	0.0	2.0
0.903622321295747	0.9102835119827689	0.03361409472460168	10.0	0.0	0.0	2.0
0.26245374839745744	0.34977463223686067	0.03187760621103494	20.0	0.0	0.0	2.0
0.45829045556820525	0.3538166730774253	0.03264316494880395	7.0	0.0	0.0	2.0
0.3582327868511381	0.8929158952033207	0.03319481649932359	28.0	0.0	0.0	2.0
0.40331737649024585	0.6833150649634246	0.034975471155755763	49.0	0.0	0.0	2.0
0.4587982448566688	0.23559084767855962	0.03547715263577601	13.0	0.0	0.0006952675426532551	2.0
0.3643852086705563	0.8206843273039371	0.0335929531792333	45.0	0.0	0.0	2.0
0.2243508431669842	0.14351784690812977	0.03042463063460328	50.0	0.0	0.0	2.0
0.9226314800367235	0.5352707121565952	0.03312198847743051	21.0	0.0	0.0	3.0
0.9250261020247882	0.14778703819012223	0.03560268875877066	6.0	0.0	0.0014010681079952292	3.0
0.9484365179410609	0.615302354354062	0.02950210242540056	8.0	0.0	0.0	3.0
0.6935848609001292	0.08878879471883083	0.03153916776227417	47.0	0.0	0.0	3.0
0.8764273814967397	0.3718701948956752	0.03075521176042956	25.0	0.0	0.0	3.0
0.26800722783947106	0.3590493656775231	0.031909483817245975	20.0	0.0	0.0	3.0
0.3497554548264826	0.06945349856612426	0.03228844063126115	2.0	0.0	0.0	3.0
0.44255106564970187	0.7501121313882703	0.03184017342675931	26.0	0.0	0.0	3.0
0.5355659347000914	0.6885382465151563	0.03285159846691534	22.0	0.0	0.0	3.0
0.042047308253853714	0.7790007915782331	0.03226994633223124	23.0	0.0	0.0	3.0
0.33284257728689354	0.6348192927435157	0.03458944248384912	32.0	0.0	0.0	3.0
0.363438043260398	0.8200942216485575	0.033626546132412526	45.0	0.0	0.0	3.0
0.4044754943282851	0.1876881353050375	0.031267799577311975	44.0	0.0	0.0	3.0
0.8394100529870082	0.08092668822684419	0.032649377594308956	18.0	0.0	0.0	3.0
0.9445796167002554	0.8459396482599283	0.033905878054048405	48.0	0.0	0.0	3.0
0.32101177005591064	0.23865673256555645	0.033812404089375095	33.0	0.0	0.0	3.0
0.45785556791866105	0.35281395941038823	0.03267580811375275	7.0	0.0	0.0	3.0
0.5388503536254804	0.19167684078431413	0.032462122027854305	35.0	0.0	0.0	3.0
0.12113200669552794	0.3459115267712719	0.03521385708141025	15.0	0.0	6.259661958551987e-05	3.0
0.30870906706611123	0.7637672818403423	0.03335897994398963	12.0	0.0	0.0	3.0
0.7532038907945414	0.7080429259563492	0.03244186933596419	36.0	0.0	0.0	3.0
0.8052346048872615	0.45280126752270494	0.03225442453288521	9.0	0.0	0.0	3.0
0.07199110885781528	0.0643983440253059	0.034283183134590375	24.0	0.0	0.0	3.0
0.22395863326469928	0.1423863771216704	0.030455055265237882	50.0	0.0	0.0	3.0
0.35847089755275985	0.8952716885191009	0.03322801131582291	28.0	0.0	0.0	3.0
0.6309929409843791	0.8292797885343414	0.03466675598846595	52.0	0.0	0.0	3.0
0.059240116449573686	0.7047239884066461	0.031656051623534624	34.0	0.0	0.0	3.0
0.6782262378800157	0.7296652332512237	0.03393940811447993	1.0	0.0	0.0	3.0
0.1439002540526953	0.6135998414095738	0.03426559766218721	11.0	0.0	0.0	3.0
0.23625909322950378	0.8828026829481693	0.032268537341846086	17.0	0.0	0.0	3.0
0.6946427375536286	0.22696511066709943	0.031042805247392384	31.0	0.0	0.0	3.0
0.20072304622349987	0.38973591700496035	0.031103481157319	37.0	0.0	0.0	3.0
0.28214560411682027	0.6934535470547298	0.033167231881413475	3.0	0.0	0.0	3.0
0.40085963635195315	0.6798961961855005	0.035010446626911516	49.0	0.0	7.296392823263886e-09	3.0
0.2332299048863889	0.28019180926706944	0.034198608294861065	4.0	0.0	0.0	3.0
0.8034750638065672	0.6415234957984037	0.03386318017993708	39.0	0.0	0.0	3.0
0.6233791530141464	0.9477174186782195	0.03355951469607492	19.0	0.0	0.0	3.0
0.13394638083334653	0.10512441710800417	0.03686791372015946	51.0	0.0	0.04171098158641939	3.0
0.5518229476429922	0.9126682950412831	0.03257811128043341	40.0	0.0	0.0	3.0
0.3393950059232216	0.16767684804809985	0.03055903705880699	29.0	0.0	0.0	3.0
0.9037652471540384	0.9027171244571344	0.03364770881932628	10.0	0.0	0.0	3.0
0.4716520736782652	0.5202094171627354	0.032454214233002446	43.0	0.0	0.0	3.0
0.7722765256153734	0.5660341553928863	0.029700768468966788	41.0	0.0	0.0	3.0
0.7559660070993689	0.8872094593112324	0.03172510051195048	16.0	0.0	0.0	3.0
0.4775433617858578	0.23802686168335108	0.035512629788411784	13.0	0.0	0.0008621671887283355	3.0
0.5485927558355929	0.5663923969791187	0.034187976328538476	38.0	0.0	0.0	3.0
0.46458531729489844	0.8890583659878378	0.0338809052862187	5.0	0.0	0.0	3.0
0.11495019619129287	0.1877679107880115	0.03385409275013707	46.0	0.0	0.0	3.0
0.683981409630383	0.5307884524199464	0.035588448482047084	53.0	0.0	0.0013040832436814753	3.0
0.8566318150704355	0.2245457219416356	0.029597336067228423	27.0	0.0	0.0	3.0
0.25185811866134894	0.5994632799810187	0.03184528726890163	42.0	0.0	0.0	3.0
0.955521051884612	0.2658205307762679	0.032465459544948484	30.0	0.0	0.0	3.0
0.9249868061946956	0.0658631484690755	0.030200759277050956	14.0	0.0	0.0	3.0
0.1453583345300835	0.1094120085642533	0.03690478163387962	51.0	0.0	0.04422985938670365	4.0
0.6988388702886087	0.08698606402777342	0.03157070693003644	47.0	0.0	0.0	4.0
0.11596247043388282	0.18798463103785903	0.03388794684288721	46.0	0.0	0.0	4.0
0.4560822439943429	0.3569742410650124	0.0327084839218665	7.0	0.0	0.0	4.0
0.8031518335419224	0.4523963421836171	0.032286678957418095	9.0	0.0	0.0	4.0
0.35534532515023526	0.8217205216926821	0.03366017267854494	45.0	0.0	0.0	4.0
0.9401382654839504	0.8458697380963369	0.03393978393210245	48.0	0.0	0.0	4.0
0.2800960283793928	0.6958011792994899	0.033200399113294886	3.0	0.0	0.0	4.0
0.3956344123684483	0.6788118741310826	0.03504545707353843	49.0	0.0	6.011521378468387e-07	4.0
0.4672657750642009	0.8868203554086425	0.03391478619150491	5.0	0.0	0.0	4.0
0.5488448351483007	0.5650271025432272	0.03422216430486701	38.0	0.0	0.0	4.0
0.23931963471228987	0.8727632241946536	0.032300805879187926	17.0	0.0	0.0	4.0
0.329179769060847	0.6349923730687925	0.03462403192633296	32.0	0.0	0.0	4.0
0.8389081992368699	0.08452679571250592	0.03268202697190326	18.0	0.0	0.0	4.0
0.12267932657108278	0.34798035464631505	0.03524907093849165	15.0	0.0	9.888926420842381e-05	4.0
0.06116306189753583	0.7019767152537274	0.031687707675158154	34.0	0.0	0.0	4.0
0.860199626655004	0.22797043753580842	0.029626933403295648	27.0	0.0	0.0	4.0
0.925932881712475	0.06375491974689414	0.030230960036328004	14.0	0.0	0.0	4.0
0.87239528972749	0.3746360831073075	0.030785966972189986	25.0	0.0	0.0	4.0
0.9209484570023758	0.14487514558744607	0.035638291447529426	6.0	0.0	0.001664320835246258	4.0
0.9042989186166345	0.9036855571879698	0.0336813565281456	10.0	0.0	0.0	4.0
0.33967148484124027	0.15889675322430205	0.030589596095865795	29.0	0.0	0.0	4.0
0.6938659880399571	0.2277692331637862	0.031073848052639772	31.0	0.0	0.0	4.0
0.6286905790379061	0.8276790319746342	0.03470142274445441	52.0	0.0	0.0	4.0
0.5489194942816776	0.19396553045193785	0.032494584149882155	35.0	0.0	0.0	4.0
0.200580750470239	0.3884114810645412	0.031134584638476317	37.0	0.0	0.0	4.0
0.7550300605327194	0.7003457086928314	0.03247431120530015	36.0	0.0	0.0	4.0
0.9279059167616974	0.5361248330414584	0.03315511046590794	21.0	0.0	0.0	4.0
0.4033513576691799	0.1988099942114463	0.031299067376889284	44.0	0.0	0.0	4.0
0.553277748800359	0.9130769851259575	0.03261068939171384	40.0	0.0	0.0	4.0
0.26748482411904123	0.36052631185941647	0.031941393301063215	20.0	0.0	0.0	4.0
0.4724338690868765	0.5195225301280177	0.032486668447235446	43.0	0.0	0.0	4.0
0.8030137032175687	0.642534500124252	0.033897043360117014	39.0	0.0	0.0	4.0
0.754374367256104	0.8811809048688795	0.03175682561246243	16.0	0.0	0.0	4.0
0.22600933094267875	0.1427984821374124	0.030485510320503117	50.0	0.0	0.0	4.0
0.48164755708021423	0.2518000934202875	0.035548142418200195	13.0	0.0	0.0010540475623201928	4.0
0.6801986759656735	0.7316563868927857	0.033973347522594406	1.0	0.0	0.0	4.0
0.06654608378863847	0.0738191609220034	0.03431746631772496	24.0	0.0	0.0	4.0
0.31827127587035897	0.23563485589143973	0.03384621649346447	33.0	0.0	0.0	4.0
0.4397791927973577	0.7482362664785531	0.031872013600186065	26.0	0.0	0.0	4.0
0.5365707002637568	0.6891908988043375	0.03288445006538225	22.0	0.0	0.0	4.0
0.03805819782930531	0.7714269384274023	0.03230221627856347	23.0	0.0	0.0	4.0
0.6841234957261046	0.5290562938046558	0.03562403693052913	53.0	0.0	0.0015552881032903088	4.0
0.9560828728875452	0.2648450658936791	0.03249792500449343	30.0	0.0	0.0	4.0
0.35823952981417123	0.8924511055502953	0.03326123932713873	28.0	0.0	0.0	4.0
0.3433916383259487	0.057370952202586534	0.03232072907189241	2.0	0.0	0.0	4.0
0.24822473305410606	0.6000516557056176	0.03187713255617053	42.0	0.0	0.0	4.0
0.3095094437170253	0.7659425949184993	0.03339233892393362	12.0	0.0	0.0	4.0
0.7729447770543176	0.5671453439332682	0.02973046923743575	41.0	0.0	0.0	4.0
0.6261888051266717	0.947280569569381	0.03359307421077099	19.0	0.0	0.0	4.0
0.13488969765528572	0.612314844737659	0.03429986325984939	11.0	0.0	0.0	4.0
0.23329741610572982	0.2828720562249421	0.03423280690315592	4.0	0.0	0.0	4.0
0.9516798524555503	0.618415606841086	0.02953160452782596	8.0	0.0	0.0	4.0
0.3170526474583298	0.23414697062173387	0.03388006270995793	33.0	0.0	0.0	5.0
0.4741406435196694	0.5130578876195712	0.03251915511568268	43.0	0.0	0.0	5.0
0.9573190169499541	0.2675538950053721	0.03253042292949792	30.0	0.0	0.0	5.0
0.36017171235904216	0.8958552445344773	0.033294500566465865	28.0	0.0	0.0	5.0
0.47955446708380484	0.25014012922736306	0.03558369056061839	13.0	0.0	0.0012727056848405027	5.0
0.06117821218735691	0.07028417173013712	0.03435178378404268	24.0	0.0	0.0	5.0
0.530848736542968	0.694967155601637	0.03291733451544763	22.0	0.0	0.0	5.0
0.14296257249652325	0.10616637544734252	0.03694168641551349	51.0	0.0	0.04685082583769429	5.0
0.0518385080818765	0.695139042650732	0.03171939538283331	34.0	0.0	0.0	5.0
0.6296282681832381	0.8271584474816372	0.03473612416719886	52.0	0.0	0.0	5.0
0.7077104488345739	0.08972112728749412	0.03160227763696647	47.0	0.0	0.0	5.0
0.919995574251738	0.144626774501969	0.03567392973897695	6.0	0.0	0.0019589521938740972	5.0
0.6925366278143071	0.2250833333414956	0.03110492190069241	31.0	0.0	0.0	5.0
0.22368481992515654	0.2735280083098567	0.03426703971005907	4.0	0.0	0.0	5.0
0.6304087761050955	0.9422585427004792	0.03362666728498176	19.0	0.0	0.0	5.0
0.929187110224945	0.5351087585884495	0.033188265576373846	21.0	0.0	0.0	5.0
0.9513924482413405	0.6196618833044225	0.029561136132353782	8.0	0.0	0.0	5.0
0.2687303850751748	0.3574440611032921	0.031973334694364274	20.0	0.0	0.0	5.0
0.3633196833445686	0.8131468511739652	0.03369383285122348	45.0	0.0	0.0	5.0
0.9363163686333815	0.06943437991976226	0.030261190996364328	14.0	0.0	0.0	5.0
0.20162960763547566	0.38826190340172	0.03116571922311479	37.0	0.0	0.0	5.0
0.4559565258755017	0.35592827744748456	0.032741192405788364	7.0	0.0	0.0	5.0
0.24884536212323186	0.6038092172672893	0.031909009688726696	42.0	0.0	0.0	5.0
0.7601444018799423	0.8818928588844092	0.03178858243807489	16.0	0.0	0.0	5.0
0.3342933844465621	0.6287489005448935	0.03465865595825929	32.0	0.0	0.0	5.0
0.24159506843401837	0.8619690725506123	0.03233310668506711	17.0	0.0	0.0	5.0
0.30884105770126447	0.7645482666193217	0.03342573126285755	12.0	0.0	0.0	5.0
0.5436043746406081	0.9126809048681875	0.03264330008110555	40.0	0.0	0.0	5.0
0.339371547889982	0.16071270354799638	0.030620185691961656	29.0	0.0	0.0	5.0
0.5482455793660487	0.5664835501873798	0.034256386469171875	38.0	0.0	0.0	5.0
0.9410551479209516	0.8450843975623903	0.03397372371603455	48.0	0.0	0.0	5.0
0.8022013430210126	0.6434649965957745	0.033930940403477126	39.0	0.0	0.0	5.0
0.5482118662545709	0.1953298189270317	0.03252707873403203	35.0	0.0	0.0	5.0
0.8024163750979916	0.443430435467885	0.03231896563637551	9.0	0.0	0.0	5.0
0.46053975337413483	0.8901757355995548	0.033948700977696415	5.0	0.0	0.0	5.0
0.8409758254356777	0.08502422153189643	0.032714708998875165	18.0	0.0	0.0	5.0
0.8737322848587805	0.37591945471114113	0.030816752939162174	25.0	0.0	0.0	5.0
0.7539815508553118	0.701404167195313	0.032506785516505446	36.0	0.0	0.0	5.0
0.8585489391378591	0.2398118405049471	0.02965656033669894	27.0	0.0	0.0	5.0
0.13365927661732696	0.612660500826563	0.03433416312310924	11.0	0.0	0.0	5.0
0.35095851337400935	0.055600847982254044	0.0323530498009643	2.0	0.0	0.0	5.0
0.9029544643304953	0.9016579313738781	0.03371503788467374	10.0	0.0	0.0	5.0
0.11749587803347364	0.1827177484201724	0.03392183478973009	46.0	0.0	0.0	5.0
0.6784681610880582	0.7365489197007464	0.034007320870117	1.0	0.0	0.0	5.0
0.4050449861243183	0.20020606402639787	0.03133036644426617	44.0	0.0	0.0	5.0
0.6842224735100089	0.5316752637282508	0.03565966096745966	53.0	0.0	0.001837140350872346	5.0
0.12307922990601076	0.3493223866183098	0.03528432000943014	15.0	0.0	0.00014709646927713038	5.0
0.03406325304954325	0.7715653257862335	0.032334518494842035	23.0	0.0	0.0	5.0
0.39595442568682754	0.6806083822493775	0.035080502530611964	49.0	0.0	3.3389396776328795e-06	5.0
0.7712641109061219	0.569578948511739	0.029760199706673183	41.0	0.0	0.0	5.0
0.4285247858820025	0.7421721775985961	0.03190388561378625	26.0	0.0	0.0	5.0
0.22720709934321665	0.1443999458644844	0.03051599583082362	50.0	0.0	0.0	5.0
0.28173338719634144	0.6956927826768414	0.033233599512408174	3.0	0.0	0.0	5.0
0.335928085150217	0.6286406798949767	0.03469331461421754	32.0	0.0	0.0	6.0
0.368223349803423	0.8217861809320791	0.0337275266840747	45.0	0.0	0.0	6.0
0.30925408650535974	0.7629838633139605	0.0334591569941204	12.0	0.0	0.0	6.0
0.950371270650134	0.6199212008583308	0.029590697268486132	8.0	0.0	0.0	6.0
0.8468946573975725	0.2469712675388855	0.029686216897035638	27.0	0.0	0.0	6.0
0.628957055438425	0.828184700711524	0.03477086029136606	52.0	0.0	0.0	6.0
0.40872909427775	0.1995856473381654	0.03136169681071043	44.0	0.0	0.0	6.0
0.7591195824990083	0.8822809540187253	0.031820371020512966	16.0	0.0	0.0	6.0
0.242904892664331	0.8641470875758211	0.032365439791752174	17.0	0.0	0.0	6.0
0.3458695955974786	0.06222925376794885	0.03238540285076526	2.0	0.0	0.0	6.0
0.46265850880881154	0.9005498135480393	0.03398264967867411	5.0	0.0	0.0	6.0
0.6803432612254685	0.5213334850916888	0.03569532062842711	53.0	0.0	0.002151470105687281	6.0
0.2005168911540937	0.3914077890346836	0.0311968849423379	37.0	0.0	0.0	6.0
0.4726063071898187	0.2560160299108917	0.03561927425117901	13.0	0.0	0.0015199490928665682	6.0
0.33709887101050356	0.16059096705246295	0.030650805877653613	29.0	0.0	0.0	6.0
0.47456452929028503	0.5147053684451562	0.03255167427079836	43.0	0.0	0.0	6.0
0.3969452334557664	0.6810718810119021	0.03511558303314257	49.0	0.0	9.882395602289762e-06	6.0
0.12474689096002912	0.35069705132237866	0.03531960432943956	15.0	0.0	0.0002089382414993679	6.0
0.9192018757728904	0.14571631908083996	0.03570960366871592	6.0	0.0	0.0022867965613642127	6.0
0.24986449070814742	0.6050066553608081	0.03194091869841542	42.0	0.0	0.0	6.0
0.45279897745734227	0.36522610838743685	0.032773933598194145	7.0	0.0	0.0	6.0
0.9392979037493226	0.8383832051111569	0.03400769743975058	48.0	0.0	0.0	6.0
0.9509515815392204	0.2669709995802338	0.03256295335242741	30.0	0.0	0.0	6.0
0.6319947123880627	0.9414040100138441	0.03366029395226674	19.0	0.0	0.0	6.0
0.7054775304179445	0.09629625938083779	0.03163387991460343	47.0	0.0	0.0	6.0
0.21817237092844644	0.27281257593354385	0.034301306749769125	4.0	0.0	0.0	6.0
0.5499424937161986	0.568477361286768	0.03429064285564104	38.0	0.0	0.0	6.0
0.8947750073595241	0.9134526727711594	0.03374875292255841	10.0	0.0	0.0	6.0
0.23172138873465525	0.14033182930138266	0.030546511826654438	50.0	0.0	0.0	6.0
0.1404558357266062	0.10318320341223766	0.036978628101929	51.0	0.0	0.04957611526096173	6.0
0.06264185260608089	0.07094652889630271	0.03438613556782672	24.0	0.0	0.0	6.0
0.2750744534309728	0.7003849832838852	0.03326683311192058	3.0	0.0	0.0	6.0
0.7544067148690907	0.7047628844120812	0.03253929230202195	36.0	0.0	0.0	6.0
0.9289561613677477	0.5335250024708521	0.033221453841950216	21.0	0.0	0.0	6.0
0.5494258324563385	0.19905803449092596	0.03255960581276606	35.0	0.0	0.0	6.0
0.6745255357080217	0.735574111217824	0.03404132819098711	1.0	0.0	0.0	6.0
0.7738726166781241	0.5691396670235467	0.029789959906379854	41.0	0.0	0.0	6.0
0.8027555139935102	0.4449905064805122	0.032351284602011886	9.0	0.0	0.0	6.0
0.10989952985110704	0.19261212684270548	0.03395575662451982	46.0	0.0	0.0	6.0
0.8731015290885233	0.3777027351323104	0.030847569692101333	25.0	0.0	0.0	6.0
0.5319893933908223	0.6953827726138496	0.03295025184996307	22.0	0.0	0.0	6.0
0.5431344974477434	0.9116681681098919	0.03267594338118666	40.0	0.0	0.0	6.0
0.8415213771870979	0.0878782462966327	0.032747423707874035	18.0	0.0	0.0	6.0
0.13098217742159185	0.6103083960329704	0.03436849728623234	11.0	0.0	0.0	6.0
0.9391728179098257	0.07008364346352507	0.03029145218736069	14.0	0.0	0.0	6.0
0.3627950401855923	0.8935503833751212	0.033327795067032324	28.0	0.0	0.0	6.0
0.2665359048145712	0.3569886694584422	0.032005308029058634	20.0	0.0	0.0	6.0
0.3190270546524856	0.23295111385484332	0.033913942772667884	33.0	0.0	0.0	6.0
0.03898435031236076	0.7727492345796454	0.032366853013336874	23.0	0.0	0.0	6.0
0.04684220743373714	0.6966107492799027	0.03175111477821614	34.0	0.0	0.0	6.0
0.8037376920054441	0.644462942502691	0.0339648713438806	39.0	0.0	0.0	6.0
0.428983624830951	0.7431141072129431	0.031935789499400034	26.0	0.0	0.0	6.0
0.6946429819944369	0.22805266903407326	0.0311360268225931	31.0	0.0	0.0	6.0
0.3004465379448036	0.7638460825369756	0.03349261615111452	12.0	0.0	0.0	7.0
0.8414465196369477	0.0865585358768783	0.0327801711315819	18.0	0.0	0.0	7.0
0.1097438488145782	0.1946688591258275	0.03398971238114434	46.0	0.0	0.0	7.0
0.8480021328819207	0.2465115147530521	0.02971590311393267	27.0	0.0	0.0	7.0
0.7739318176190522	0.5707061345440663	0.02981974986628623	41.0	0.0	0.0	7.0
0.9511775601776251	0.6221125843175175	0.029620287965754614	8.0	0.0	0.0	7.0
0.7598480561854806	0.881414025206784	0.031852191391533474	16.0	0.0	0.0	7.0
0.9548985266875236	0.26863872628929275	0.03259551630577984	30.0	0.0	0.0	7.0
0.548344851629518	0.19942134495722874	0.032592165418578824	35.0	0.0	0.0	7.0
0.6384986621073945	0.950821729191506	0.033693954246219	19.0	0.0	0.0	7.0
0.675480723825267	0.735090066806354	0.0340753695191781	1.0	0.0	0.0	7.0
0.04146812751890049	0.6937150926276541	0.03178286589299435	34.0	0.0	0.0	7.0
0.706639154583941	0.09685759993565574	0.031665513794518034	47.0	0.0	0.0	7.0
0.24104439061352465	0.8644243764513332	0.032397805231543925	17.0	0.0	0.0	7.0
0.9473881675774993	0.8370207764086963	0.03404170513719033	48.0	0.0	0.0	7.0
0.12449082977660587	0.3518749569975937	0.035354923933768996	15.0	0.0	0.00028614478350164063	7.0
0.05797148982685066	0.06474747880472731	0.03442052170339455	24.0	0.0	0.0	7.0
0.5403824266404672	0.6901537214541613	0.03298320210181303	22.0	0.0	0.0	7.0
0.47264909527179705	0.2594140077608989	0.035654893525430185	13.0	0.0	0.0017975958817260107	7.0
0.9121081959152867	0.13659612576190414	0.035745313272384636	6.0	0.0	0.0026496989848823205	7.0
0.5443770475297409	0.9153270258903121	0.03270861932456784	40.0	0.0	0.0	7.0
0.6792860523868085	0.5198230722702761	0.03573101594905553	53.0	0.0	0.002500118138996754	7.0
0.8710493898698365	0.37798222006724375	0.030878417261793432	25.0	0.0	0.0	7.0
0.33476146479807556	0.6290993520831707	0.03472800792883175	32.0	0.0	0.0	7.0
0.45197107165143857	0.36301895447356053	0.03280670753179234	7.0	0.0	0.0	7.0
0.7530957571353368	0.7051490391539995	0.03257183159432397	36.0	0.0	0.0	7.0
0.3446168702273383	0.0637392753229446	0.03241778825361602	2.0	0.0	0.0	7.0
0.9315996609690428	0.06790462049054705	0.030321743639548048	14.0	0.0	0.0	7.0
0.89737992085297	0.9085069003632144	0.03378250167548097	10.0	0.0	0.0	7.0
0.46983516739232883	0.5128802505139699	0.032584225945069156	43.0	0.0	0.0	7.0
0.6962636560419034	0.22715290626992699	0.03116716284941569	31.0	0.0	0.0	7.0
0.8077353238258249	0.643420950553628	0.033998836215224475	39.0	0.0	0.0	7.0
0.27205378324056273	0.6997581433021114	0.033300099945032496	3.0	0.0	0.0	7.0
0.3700781650653737	0.8189108988699287	0.03376125421075877	45.0	0.0	0.0	7.0
0.8035798912538561	0.4430897526959202	0.032383635886613894	9.0	0.0	0.0	7.0
0.13098217742159185	0.6127463174485192	0.03440286578351857	11.0	0.0	0.0	7.0
0.5492742086044728	0.5677588512548795	0.034324933498496676	38.0	0.0	0.0	7.0
0.23011981440105422	0.14152183710265054	0.030577058338481088	50.0	0.0	0.0	7.0
0.34178390122519137	0.16057621905134015	0.030681456683531262	29.0	0.0	0.0	7.0
0.3204944149588949	0.23258831111902312	0.033947856715440546	33.0	0.0	0.0	7.0
0.6330352993251375	0.8344201469144551	0.03480563115165742	52.0	0.0	0.0	7.0
0.2669215185003392	0.36080381147943597	0.03203731333708769	20.0	0.0	0.0	7.0
0.14226429761751305	0.10577234454691625	0.037015606730030924	51.0	0.0	0.05240797428375288	7.0
0.25166711101875217	0.6069693862928296	0.03197285961711383	42.0	0.0	0.0	7.0
0.46367317719751355	0.8970646741104907	0.03401663232835278	5.0	0.0	0.0	7.0
0.41159727851055017	0.2025549076024368	0.03139305850752114	44.0	0.0	0.0	7.0
0.22080645567585067	0.27745333340238687	0.03433560805651889	4.0	0.0	0.0	7.0
0.4266617826855139	0.7429310065600093	0.03196772528889943	26.0	0.0	0.0	7.0
0.39859262397290296	0.6817679629341098	0.03515069861617571	49.0	0.0	2.190320999773121e-05	7.0
0.3507387077206246	0.8945775616626109	0.03336112286209935	28.0	0.0	0.0	7.0
0.9300357185056382	0.532889577800224	0.03325467529579216	21.0	0.0	0.0	7.0
0.03824820609160437	0.7735113208356357	0.03239921986635021	23.0	0.0	0.0	7.0
0.20123184808602668	0.3906769017107422	0.031228081827280235	37.0	0.0	0.0	7.0
0.29945636220800476	0.7670223142332433	0.03352610876726563	12.0	0.0	0.0	8.0
0.7524696675584133	0.7082145661928624	0.03260440342591829	36.0	0.0	0.0	8.0
0.12964338280904994	0.6088840853999633	0.034437268649302084	11.0	0.0	0.0	8.0
0.4214962041952018	0.20934525946590568	0.031424451566028654	44.0	0.0	0.0	8.0
0.14335528745854906	0.10274857573225928	0.03705262233676095	51.0	0.0	0.055348661888928063	8.0
0.8089257478540033	0.6441522486429585	0.0340328350514397	39.0	0.0	0.0	8.0
0.366792679847515	0.8223990084404104	0.033795015464969526	45.0	0.0	0.0	8.0
0.059057986513084255	0.06360842906506198	0.034454942225097936	24.0	0.0	0.0	8.0
0.45244507152152946	0.3647695640301439	0.03283951423932412	7.0	0.0	0.0	8.0
0.8025845567852765	0.4440451667908532	0.032416019522500505	9.0	0.0	0.0	8.0
0.19869692405535264	0.3888180480928773	0.03125930990910751	37.0	0.0	0.0	8.0
0.16432865731462926	0.4348697394789579	0.09519038076152304	-2.0	-1.0	1395.6009164476966	8.0
0.4268238377898071	0.7405947226147613	0.03199969301418833	26.0	0.0	0.0	8.0
0.8425071380280593	0.24951711438064778	0.0297456190170466	27.0	0.0	0.0	8.0
0.2277914407520869	0.14339239630904804	0.030607635396819564	50.0	0.0	0.0	8.0
0.6705113705498428	0.736486082612793	0.03410944488869727	1.0	0.0	0.0	8.0
0.6968909531354526	0.21609389473430912	0.031198330012265102	31.0	0.0	0.0	8.0
0.47325101078251436	0.2647027085158756	0.03569054841895561	13.0	0.0	0.00210747474905304	8.0
0.8397318805464781	0.08549027661258354	0.03281295130271348	18.0	0.0	0.0	8.0
0.1236650425211532	0.35272984534692525	0.03539027885770276	15.0	0.0	0.0003804565361491541	8.0
0.9500580857880255	0.623331491593302	0.029649908253720367	8.0	0.0	0.0	8.0
0.2225684101647721	0.2782506898891749	0.03436994366457541	4.0	0.0	0.0	8.0
0.4000736652190803	0.6731393176660754	0.03518584931479188	49.0	0.0	4.108306784189608e-05	8.0
0.32171979787717797	0.2320430435984958	0.03398180457215598	33.0	0.0	0.0	8.0
0.3482631677111379	0.8938989064341476	0.03339448398496145	28.0	0.0	0.0	8.0
0.9318211407247072	0.06584316931048645	0.030352065383187594	14.0	0.0	0.0	8.0
0.7499427324920286	0.8844677869211435	0.031884043582925	16.0	0.0	0.0	8.0
0.3371525445716043	0.1629599362657541	0.03071213814021479	29.0	0.0	0.0	8.0
0.46575182606762433	0.8964094784629367	0.03405064896068113	5.0	0.0	0.0	8.0
0.8998441224535391	0.9073730034369354	0.033816284177156444	10.0	0.0	0.0	8.0
0.8717644277021261	0.37203316861289054	0.03090929567905522	25.0	0.0	0.0	8.0
0.6382383306284134	0.9537676605865225	0.03372764820046522	19.0	0.0	0.0	8.0
0.7736215242480554	0.576861668523046	0.029849569616152514	41.0	0.0	0.0	8.0
0.47178438052760724	0.5128495684529202	0.03261681017101422	43.0	0.0	0.0	8.0
0.04164410885083255	0.776771022437067	0.03243161908621656	23.0	0.0	0.0	8.0
0.25251547694562143	0.6077837263863145	0.03200483247673094	42.0	0.0	0.0	8.0
0.9473881675774993	0.843263706773957	0.03407574684232751	48.0	0.0	0.0	8.0
0.5493573443134022	0.2028191599652684	0.032624757583997396	35.0	0.0	0.0	8.0
0.24314067471936118	0.8641523105292429	0.03243020303677546	17.0	0.0	0.0	8.0
0.5389747635735802	0.5766936971292159	0.03435925843199517	38.0	0.0	0.0	8.0
0.33587629408507347	0.6298234970106215	0.03476273593676058	32.0	0.0	0.0	8.0
0.5493139040154332	0.9212778590777017	0.0327413279438924	40.0	0.0	0.0	8.0
0.266341114715236	0.7058231268387497	0.03333340004497753	3.0	0.0	0.0	8.0
0.10911185736954003	0.19381267544193634	0.034023702093525475	46.0	0.0	0.0	8.0
0.913273810380835	0.1381545984061046	0.03578105858565702	6.0	0.0	0.00304951522521435	8.0
0.6342148706173116	0.8348001314045591	0.03484043678280907	52.0	0.0	0.0	8.0
0.9555419743728295	0.26991844756228045	0.032628111822085616	30.0	0.0	0.0	8.0
0.5406625296003745	0.688521822892386	0.03301618530391484	22.0	0.0	0.0	8.0
0.93122877214024	0.5357892079864083	0.03328792997108795	21.0	0.0	0.0	8.0
0.3450802810075221	0.06634079588753257	0.032450206041869635	2.0	0.0	0.0	8.0
0.6758750906305558	0.5186045028015804	0.035766746965004585	53.0	0.0	0.00288493591806116	8.0
0.7192880627187748	0.10297002882452794	0.03169717930831255	47.0	0.0	0.0	8.0
0.03202132812593907	0.6938043076913617	0.03181464875888734	34.0	0.0	0.0	8.0
0.2679313586814964	0.36172543013927083	0.03206935065042477	20.0	0.0	0.0	8.0
0.9147999555847766	0.13572211140698712	0.035816839644242676	6.0	0.0	0.003488111801019045	9.0
0.9314895617036867	0.0669067904004031	0.03038241744857078	14.0	0.0	0.0	9.0
0.47077302883772015	0.26768964103813336	0.03572623896737456	13.0	0.0	0.002451425038671573	9.0
0.7224316756071341	0.11222682470088628	0.031728876487620856	47.0	0.0	0.0	9.0
0.6396452035223237	0.9495376542969679	0.03376137584866568	19.0	0.0	0.0	9.0
0.03373676306680592	0.6918641992591575	0.03184646340764623	34.0	0.0	0.0	9.0
0.12675526765438172	0.611087002587294	0.03447170591795138	11.0	0.0	0.0	9.0
0.0	0.052104208416833664	0.09178356713426852	-2.0	-1.0	1171.7851449856548	9.0
0.24453095816832507	0.614034518501449	0.03203683730920767	42.0	0.0	0.0	9.0
0.040805923073584625	0.777984715440469	0.03246405070530277	23.0	0.0	0.0	9.0
0.3428770649157255	0.06652850601735169	0.0324826562479115	2.0	0.0	0.0	9.0
0.9580945977868766	0.2657337491076276	0.032660739933907695	30.0	0.0	0.0	9.0
0.9321220616176362	0.5379602831657093	0.03332121790105903	21.0	0.0	0.0	9.0
0.8405144656624434	0.24681756270130806	0.029775364636063645	27.0	0.0	0.0	9.0
0.4543729381319027	0.36555569834199636	0.03287235375356344	7.0	0.0	0.0	9.0
0.5369666555817137	0.5713401854348553	0.03439361769042716	38.0	0.0	0.0	9.0
0.2643941831188221	0.3644945574634973	0.032101420001075194	20.0	0.0	0.0	9.0
0.7723229587231709	0.5773722166972817	0.02987941918576866	41.0	0.0	0.0	9.0
0.06571058433974819	0.06375504424565696	0.03448939716732303	24.0	0.0	0.0	9.0
0.5467114309177301	0.20458559721407082	0.03265738234158139	35.0	0.0	0.0	9.0
0.24146985375953894	0.864809215840654	0.03246263323981224	17.0	0.0	0.0	9.0
0.2629057338838505	0.707933540757359	0.0333667334450225	3.0	0.0	0.0	9.0
0.3954924970096885	0.6704428533490191	0.035221035164106664	49.0	0.0	6.911369068518525e-05	9.0
0.3666090280350362	0.8206896456843475	0.03382881048043449	45.0	0.0	0.0	9.0
0.8061732124132964	0.4452512900793216	0.032448435542023	9.0	0.0	0.0	9.0
0.9535861157043044	0.6260225053942667	0.029679558161974085	8.0	0.0	0.0	9.0
0.6936400795499179	0.2031210943738509	0.031229528342277362	31.0	0.0	0.0	9.0
0.3358723108564335	0.16290751657314875	0.030742850278355	29.0	0.0	0.0	9.0
0.8708353766652213	0.36788542032845817	0.030940204974734275	25.0	0.0	0.0	9.0
0.7499773654287212	0.8872181310899168	0.031915927626507926	16.0	0.0	0.0	9.0
0.7512811244325419	0.7080906539163278	0.03263700782934421	36.0	0.0	0.0	9.0
0.8979655219568871	0.908310172417882	0.0338501004613336	10.0	0.0	0.0	9.0
0.9530408603622742	0.8488281222232293	0.034109822589169836	48.0	0.0	0.0	9.0
0.42382814696992577	0.7412360773342982	0.03203169270720251	26.0	0.0	0.0	9.0
0.6683161363368738	0.7403536687182646	0.034143554333585964	1.0	0.0	0.0	9.0
0.33668155319724097	0.6269219940439167	0.03479749867269734	32.0	0.0	0.0	9.0
0.46184528228828575	0.9030945658850472	0.034084699609641805	5.0	0.0	0.0	9.0
0.41806957360240865	0.20933447277947803	0.031455876017594676	44.0	0.0	0.0	9.0
0.5482999259983521	0.9221574926186751	0.03277406927183629	40.0	0.0	0.0	9.0
0.8071478544363635	0.6439894945869411	0.03406686788649113	39.0	0.0	0.0	9.0
0.10885522946869437	0.19231754414293106	0.034057725795619	46.0	0.0	0.0	9.0
0.14489442919077197	0.10036264183115846	0.03708967495909771	51.0	0.0	0.05840044946499745	9.0
0.20172289920783112	0.38769385444936794	0.031290569219016615	37.0	0.0	0.0	9.0
0.31830219179120595	0.23414253818327824	0.034015786376728134	33.0	0.0	0.0	9.0
0.6745432257031646	0.5160757812814323	0.03580251371196959	53.0	0.0	0.0033077856503069825	9.0
0.8418926432223092	0.084254822698958	0.03284576425401619	18.0	0.0	0.0	9.0
0.2980409308515924	0.7665166499780529	0.0335596348760329	12.0	0.0	0.0	9.0
0.23444623395442343	0.1394754014319113	0.03063824303221638	50.0	0.0	0.0	9.0
0.6362094512426038	0.8348440895403443	0.034875277219591876	52.0	0.0	0.0	9.0
0.1225898185626997	0.3520217611462783	0.03542566913656046	15.0	0.0	0.0004936242210931141	9.0
0.5469967574845618	0.6874551167798749	0.03304920148921875	22.0	0.0	0.0	9.0
0.2305633011695441	0.2773152762918686	0.03440431360823998	4.0	0.0	0.0	9.0
0.3510810464017995	0.905451811564657	0.033427878468946404	28.0	0.0	0.0	9.0
0.4713396510566272	0.5141591348910487	0.03264942698118523	43.0	0.0	0.0	9.0
0.4538014749149196	0.3630044008527278	0.032905226107317	7.0	0.0	0.0	10.0
0.3328306202666178	0.16079272911685588	0.030773593128633352	29.0	0.0	0.0	10.0
0.4195839781036705	0.2088148575159259	0.03148733189361227	44.0	0.0	0.0	10.0
0.03880226850484237	0.6952459794430422	0.03187830987105387	34.0	0.0	0.0	10.0
0.264095214740515	0.6997765504766148	0.03340010017846752	3.0	0.0	0.0	10.0
0.8062259611333755	0.646009689071508	0.034100934754377615	39.0	0.0	0.0	10.0
0.2454480928431473	0.6154760779744051	0.03206887414651688	42.0	0.0	0.0	10.0
0.5457796828493409	0.9212927587863352	0.03280684334110812	40.0	0.0	0.0	10.0
0.47232653331033747	0.5155138712779386	0.032682076408166415	43.0	0.0	0.0	10.0
0.23095617212080904	0.14161940683683652	0.030668881275248593	50.0	0.0	0.0	10.0
0.36539679128355906	0.820406069521638	0.033862639290914924	45.0	0.0	0.0	10.0
0.7479059952037977	0.8886009977881806	0.03194784355413443	16.0	0.0	0.0	10.0
0.053740625008599434	0.06111344480600878	0.03452388656449035	24.0	0.0	0.0	10.0
0.6937473721117029	0.2052495414226468	0.03126075787061964	31.0	0.0	0.0	10.0
0.5543382558651343	0.6911175370593352	0.033082250690707964	22.0	0.0	0.0	10.0
0.26807376587329923	0.3662158621471833	0.03213352142107626	20.0	0.0	0.0	10.0
0.47209360988287086	0.26686688892453964	0.035761965206341936	13.0	0.0	0.002831296784520987	10.0
0.7714688772861432	0.578922084877216	0.029909298604954428	41.0	0.0	0.0	10.0
0.3484101664602898	0.9053761226245123	0.03346130634741535	28.0	0.0	0.0	10.0
0.3394804619161692	0.07158169541966243	0.03251513890415941	2.0	0.0	0.0	10.0
0.8635930757202147	0.3685024516108812	0.030971145179709007	25.0	0.0	0.0	10.0
0.2387652985076035	0.2662037076918522	0.034438717921848216	4.0	0.0	0.0	10.0
0.24572591954307565	0.8594771988448282	0.03249509587305205	17.0	0.0	0.0	10.0
0.7280919268293472	0.10935847560591487	0.03176060536410848	47.0	0.0	0.0	10.0
0.20385694427849116	0.3888611139719389	0.03132185978823563	37.0	0.0	0.0	10.0
0.9515790734517702	0.8475760527468348	0.034143932411759004	48.0	0.0	0.0	10.0
0.39903304358724206	0.6777110804252405	0.035256256199270766	49.0	0.0	0.0001076968784161636	10.0
0.14714973703774978	0.10471081684056406	0.0371267646340568	51.0	0.0	0.06156562085637063	10.0
0.5353907982219681	0.572308261892454	0.03442801130811758	38.0	0.0	0.0	10.0
0.64572027326055	0.9511620486975666	0.03379513722451435	19.0	0.0	0.0	10.0
0.42455199821404727	0.7426316437508448	0.03206372439990971	26.0	0.0	0.0	10.0
0.46439015784558696	0.9092797010474707	0.03411878430925144	5.0	0.0	0.0	10.0
0.901877333082844	0.9070227910259873	0.033883950561794926	10.0	0.0	0.0	10.0
0.5444730217349176	0.20474794502172994	0.03269003972392297	35.0	0.0	0.0	10.0
0.10843000650457389	0.1938130998952367	0.03409178352141461	46.0	0.0	0.0	10.0
0.8075475295921599	0.4455636688249067	0.03248088397756502	9.0	0.0	0.0	10.0
0.9156576315920327	0.14325803906848794	0.03585265648388691	6.0	0.0	0.003967366033180042	10.0
0.7531936621392907	0.7083756981762085	0.03266964483717355	36.0	0.0	0.0	10.0
0.3377361623665255	0.6256985575086842	0.034832296171370035	32.0	0.0	0.0	10.0
0.3208929803591967	0.23650699063080396	0.03404980216310486	33.0	0.0	0.0	10.0
0.6356092576757072	0.8326814770487453	0.03491015249681147	52.0	0.0	0.0	10.0
0.30536562188492566	0.7660317399132961	0.033593194510908926	12.0	0.0	0.0	10.0
0.8468633972392537	0.08379978396058611	0.0328786100182702	18.0	0.0	0.0	10.0
0.9338587582669888	0.0676699981471795	0.030412799866019347	14.0	0.0	0.0	10.0
0.6744115138431898	0.5181650832949897	0.03583831622568155	53.0	0.0	0.0037705403276220295	10.0
0.9458063047731717	0.6306678780206229	0.029709237720136054	8.0	0.0	0.0	10.0
0.9604660719918282	0.26234567201838555	0.0326934006738416	30.0	0.0	0.0	10.0
0.11776977857421374	0.35783178499670926	0.035461094805697015	15.0	0.0	0.0006274088834317126	10.0
0.033017982111821435	0.7764706103795389	0.032496514756008066	23.0	0.0	0.0	10.0
0.12268839123541471	0.615628582339117	0.03450617762386933	11.0	0.0	0.0	10.0
0.9330880179576987	0.5336477711581041	0.03335453911896009	21.0	0.0	0.0	10.0
0.8438122940979307	0.2494669584904488	0.029805140000699705	27.0	0.0	0.0	10.0
0.6698344449459056	0.7389854231618286	0.03417769788791954	1.0	0.0	0.0	10.0
0.20740546178921127	0.3871186945390535	0.031353181648023865	37.0	0.0	0.0	11.0
0.9444923586545232	0.6307965074109368	0.029738946957856185	8.0	0.0	0.0	11.0
0.03169486142041906	0.7752477232803094	0.03252901127076407	23.0	0.0	0.0	11.0
0.1207320458993422	0.3585051007096632	0.035496555900502706	15.0	0.0	0.000783581934442168	11.0
0.4662118269586274	0.515880027844066	0.03271475848457458	43.0	0.0	0.0	11.0
0.05056928382608789	0.05724139342094922	0.03455841045105483	24.0	0.0	0.0	11.0
0.5506927890478981	0.6904563210325225	0.033115332941398665	22.0	0.0	0.0	11.0
0.3589687192263189	0.8205477364268239	0.03389650193020584	45.0	0.0	0.0	11.0
0.9642144763383754	0.25810633264922705	0.03272609407451543	30.0	0.0	0.0	11.0
0.7484101543385548	0.8907871928137174	0.03197979139768856	16.0	0.0	0.0	11.0
0.3981007200393427	0.6766566488442282	0.035291512455470034	49.0	0.0	0.00015854455115515975	11.0
0.5327409021288035	0.5763598304085303	0.0344624393194257	38.0	0.0	0.0	11.0
0.3308522546038834	0.16207778995623315	0.030804366721761983	29.0	0.0	0.0	11.0
0.5420418920669651	0.20449448613988586	0.03272272976364689	35.0	0.0	0.0	11.0
0.3048127751507089	0.7672432227602325	0.03362678770541983	12.0	0.0	0.0	11.0
0.24218561821218287	0.8603762219815783	0.032527590968925095	17.0	0.0	0.0	11.0
0.646753970954369	0.9519712933839626	0.03382893236173886	19.0	0.0	0.0	11.0
0.9352824625291335	0.5327042131680086	0.033387893658079044	21.0	0.0	0.0	11.0
0.8070689019737554	0.44470791226894446	0.032513364861542576	9.0	0.0	0.0	11.0
0.7505882868400688	0.7113599563084948	0.03270231448201072	36.0	0.0	0.0	11.0
0.8666133724899148	0.3675084685850876	0.031002116324888713	25.0	0.0	0.0	11.0
0.9204626404644138	0.14637916518337557	0.0358885091403708	6.0	0.0	0.004489166089328478	11.0
0.1410347073379072	0.10729463748512012	0.037163891398690856	51.0	0.0	0.06484647241381936	11.0
0.040653635889376726	0.7056392860501163	0.03191018818092492	34.0	0.0	0.0	11.0
0.4735652588544456	0.26746698944255903	0.03579772717154828	13.0	0.0	0.0032489507547524	11.0
0.2761188571848462	0.36174940351066603	0.03216565494249733	20.0	0.0	0.0	11.0
0.8437866110795508	0.24810731879883918	0.0298349451407004	27.0	0.0	0.0	11.0
0.5442795496331124	0.9229679940130774	0.032839650184449225	40.0	0.0	0.0	11.0
0.12034660620496593	0.19467738952153238	0.03412587530493602	46.0	0.0	0.0	11.0
0.9305647427643085	0.0707531533276738	0.030443212665885365	14.0	0.0	0.0	11.0
0.3217368398161329	0.23704013839508778	0.03408385196526796	33.0	0.0	0.0	11.0
0.6754602767998605	0.5157469669119694	0.03587415454190723	53.0	0.0	0.004275083770792776	11.0
0.9519893926435982	0.8508174986107834	0.034178076344170756	48.0	0.0	0.0	11.0
0.807539721079182	0.6458054236185024	0.03413503568913199	39.0	0.0	0.0	11.0
0.8463008226137967	0.0826261901058718	0.032911488628288466	18.0	0.0	0.0	11.0
0.3398022114972671	0.06858697000266761	0.03254765404306357	2.0	0.0	0.0	11.0
0.9000024910853832	0.9069696606693879	0.03391783451235672	10.0	0.0	0.0	11.0
0.7732591509908437	0.5760686096637838	0.02993920790355938	41.0	0.0	0.0	11.0
0.701138496679831	0.20966282704754202	0.03129201862849026	31.0	0.0	0.0	11.0
0.45317750177477506	0.3600444110133346	0.03293813133342431	7.0	0.0	0.0	11.0
0.2449395848179163	0.6164269795223966	0.032100943020663394	42.0	0.0	0.0	11.0
0.12172782150667122	0.6138048138061964	0.034540683801493194	11.0	0.0	0.0	11.0
0.631008076887257	0.8188472324920635	0.03494506264930827	52.0	0.0	0.0	11.0
0.4201238571933657	0.2096875140756697	0.031518819225505874	44.0	0.0	0.0	11.0
0.4610905380106904	0.8997607671086855	0.03415290309356069	5.0	0.0	0.0	11.0
0.33688969459165413	0.626396306832771	0.0348671284675414	32.0	0.0	0.0	11.0
0.6635359143966121	0.7339902556354424	0.03421187558580746	1.0	0.0	0.0	11.0
0.3501251073998034	0.9038693720300688	0.03349476765376276	28.0	0.0	0.0	11.0
0.22846249292813864	0.14523025430171532	0.030699550156523838	50.0	0.0	0.0	11.0
0.23672714064297498	0.2664291770125313	0.03447315663977006	4.0	0.0	0.0	11.0
0.26622213624503205	0.6980456876581356	0.033433500278645986	3.0	0.0	0.0	11.0
0.43560692504199416	0.7406264973154639	0.03209578812430962	26.0	0.0	0.0	11.0
0.736323949313617	0.10710171341327489	0.03179236596947258	47.0	0.0	0.0	11.0
