# x	y	r	id	split_id	s_prob	t
2.0	0.5	0.0	-1.0	0.0	0.0	0.0
0.5787917374916289	0.8835571379542992	0.0984813911720417	1.0	0.0	1637.2661415802022	0.0
0.19092186730370764	0.30264514872964715	0.12242794161023662	2.0	0.0	4276.916137561561	0.0
0.31472961868776517	0.11157297851380907	0.10025617362936648	3.0	0.0	1778.4628123176383	0.0
0.4882171942079581	0.6573925722347549	0.11622465904493266	4.0	0.0	3429.601535616915	0.0
0.5149485995946139	0.2504634171234179	0.0877585896116551	5.0	0.0	939.8520764504832	0.0
0.31033924725639095	0.4995790816651359	0.10025832380818073	6.0	0.0	1778.6386181694156	0.0
0.5085034203649744	0.4408787467291641	0.0877775194890641	7.0	0.0	940.864101356534	0.0
0.48394113991325544	0.4512571962909318	0.08786529700855315	7.0	0.0	945.5663391062693	1.0
0.3106212424849699	0.3947895791583166	0.01943887775551102	-2.0	-1.0	0.0	1.0
0.5008885186327663	0.25077328424046186	0.08784634820126674	5.0	0.0	944.5499294444426	1.0
0.504679463207401	0.6563027351494449	0.11634088370397758	4.0	0.0	3444.344899645879	1.0
0.18295848608148255	0.2942430299975634	0.12255036955184685	2.0	0.0	4294.908587253504	1.0
0.32614183034469063	0.11597313808523024	0.10035642980299583	3.0	0.0	1786.6724240926121	1.0
0.843687374749499	0.27054108216432865	0.020641282565130262	-2.0	-1.0	0.0	1.0
0.29843604207569724	0.5038174460473843	0.1003585821319889	6.0	0.0	1786.848946900544	1.0
0.5798578624407681	0.8812592951534033	0.09857987256321374	1.0	0.0	1644.8978512475744	1.0
0.5058725624730964	0.6636785875070403	0.11645722458768154	4.0	0.0	3459.145263006355	2.0
0.17075737802530172	0.28379237206270175	0.12267291992139868	2.0	0.0	4312.969495719686	2.0
0.30535132517064334	0.5281392543317988	0.10045894071412087	6.0	0.0	1795.0927513568956	2.0
0.49470493882950334	0.23489895096757935	0.087934194549468	5.0	0.0	949.2681325454059	2.0
0.4869890260129126	0.4391407781795521	0.0879531623055617	7.0	0.0	950.2889437157572	2.0
0.5976842167833861	0.8959536840749257	0.09867845243577694	1.0	0.0	1652.5609069416685	2.0
0.33827049332839954	0.12056621582879122	0.10045678623279881	3.0	0.0	1794.9155089601795	2.0
0.3401797278705732	0.11505834571345486	0.1005572430190316	3.0	0.0	1803.192189815982	3.0
0.4992249222495697	0.2257665710223492	0.08802212874401746	5.0	0.0	954.0067634943989	3.0
0.17062375464844526	0.2864431642274965	0.12279559284132006	2.0	0.0	4331.099103184581	3.0
0.30462966568368566	0.542455381933723	0.10055939965483499	6.0	0.0	1803.3701544430774	3.0
0.5091035534134202	0.6776891961310282	0.11657368181226921	4.0	0.0	3474.002827810994	3.0
0.6113238523828807	0.9207049973397643	0.0987771308882127	1.0	0.0	1660.2554243032064	3.0
0.48585006647847995	0.44155566321023465	0.08804111546786725	7.0	0.0	955.0319929843985	3.0
0.5164083828389886	0.22242582091003182	0.08811015087276147	5.0	0.0	958.7659003033192	4.0
0.48298373799478767	0.4448388232562432	0.0881291565833351	7.0	0.0	959.7955649826595	4.0
0.18447089366829153	0.2876229160787637	0.12291838843416138	2.0	0.0	4349.297650669152	4.0
0.6093528461322735	0.9198279443996774	0.0988759080191009	1.0	0.0	1667.9815193678646	4.0
0.5061640037351397	0.6797605422760516	0.11669025549408146	4.0	0.0	3488.9177968467884	4.0
0.340702768172431	0.1254343081135503	0.10065780026205062	3.0	0.0	1811.5025899742175	4.0
0.29650338433324075	0.5517634156794007	0.10065995905448981	6.0	0.0	1811.6812794822831	4.0
0.5283027030328924	0.6933607285235369	0.11680694574957554	4.0	0.0	3503.890373577243	5.0
0.6104718388138792	0.9127772681169443	0.09897478392711999	1.0	0.0	1675.7393085675556	5.0
0.5157939530100539	0.2261458495429183	0.08819826102363422	5.0	0.0	963.5456212558267	5.0
0.18196311466219547	0.2840401030851855	0.12304130682259552	2.0	0.0	4367.565379993395	5.0
0.505320101812578	0.4416534313778025	0.08821728573991842	7.0	0.0	964.5797380529609	5.0
0.33327522197837606	0.09730145708357223	0.10075845806231266	3.0	0.0	1819.846833169003	5.0
0.29294354419100865	0.5499027567078705	0.10076061901354429	6.0	0.0	1820.0262502176556	5.0
0.2950083927370978	0.548134144730736	0.10086137963255781	6.0	0.0	1828.405190813649	6.0
0.49682909543269915	0.2325198120396082	0.08828645928465785	5.0	0.0	968.3460049082413	6.0
0.6125480101443866	0.9133044904880164	0.0990737587110471	1.0	0.0	1683.52890873172	6.0
0.4942757955002041	0.42453286067715795	0.08830550302565833	7.0	0.0	969.3845908105759	6.0
0.3297647986041021	0.0981928930203162	0.10085921652037497	3.0	0.0	1828.2250435557382	6.0
0.530917807047419	0.693517324351848	0.1169237526953251	4.0	0.0	3518.9207621445403	6.0
0.1787774757229516	0.2869474386662862	0.12316434812941811	2.0	0.0	4385.9025337789	6.0
0.2974444876145299	0.5471228343926898	0.10096224101219035	6.0	0.0	1836.8182258574009	7.0
0.5263289573526316	0.6946213016185346	0.11704067644802041	4.0	0.0	3534.009167371727	7.0
0.17831820473865984	0.2921445850764734	0.12328751247754752	2.0	0.0	4404.309355451412	7.0
0.5066313251154472	0.22641279935831404	0.0883747457439425	5.0	0.0	973.167130090437	7.0
0.520121441367352	0.42150888341957393	0.08839380852868398	7.0	0.0	974.2102021445282	7.0
0.374749498997996	0.0501002004008016	0.02104208416833667	-2.0	-1.0	0.0	7.0
0.6103528217629373	0.9203460959902675	0.09917283246975812	1.0	0.0	1691.350437088622	7.0
0.34194456653899	0.09754048075784615	0.10096007573689533	3.0	0.0	1836.6373457124766	7.0
0.515841710164021	0.6804138151053596	0.11715771712446842	4.0	0.0	3549.1557947648907	8.0
0.3042334311123069	0.5515326387044367	0.10106320325320253	6.0	0.0	1845.265480360105	8.0
0.6179386030058501	0.9231100996793775	0.09927200530222786	1.0	0.0	1699.2040112666461	8.0
0.17653385144142772	0.30035277909986946	0.12341079999002505	2.0	0.0	4422.786089243401	8.0
0.3342728702012722	0.10294632191519576	0.10106103581263222	3.0	0.0	1845.0838646412983	8.0
0.5124920005594665	0.2306539401559019	0.08846312048968642	5.0	0.0	978.0090759067473	8.0
0.524177160300786	0.4295751021890257	0.08848220233721266	7.0	0.0	979.0566512184948	8.0
0.524636684219028	0.4478185526252874	0.08857068453954986	7.0	0.0	983.9240174717079	9.0
0.2945401059633618	0.5266481739069465	0.10116426645645572	6.0	0.0	1853.7470797583883	9.0
0.27054108216432865	0.7054108216432865	0.09498997995991984	-2.0	-1.0	1381.7075304854075	9.0
0.5266671685253418	0.6916207672206404	0.11727487484159287	4.0	0.0	3564.3608505153616	9.0
0.5114365919782424	0.22665643524437343	0.0885515836101761	5.0	0.0	982.871921736867	9.0
0.33682492123982893	0.10070408468661447	0.10116209684844484	3.0	0.0	1853.5647257696862	9.0
0.623183369013307	0.9222268627543514	0.09937127730753008	1.0	0.0	1707.089749295601	9.0
0.17995323461470078	0.29595655088013395	0.12353421079001506	2.0	0.0	4441.3329801966465	9.0
0.6337837797624302	0.9176689430006117	0.0994706485848376	1.0	0.0	1715.0077696080245	10.0
0.5012205739831609	0.45503762220347616	0.0886592552240894	7.0	0.0	988.8123806198653	10.0
0.3320093677491846	0.10142179387258943	0.10126325894529327	3.0	0.0	1862.0800549519122	10.0
0.290901126565267	0.5304153924857602	0.10126543072291216	6.0	0.0	1862.2631499156942	10.0
0.18518149783901186	0.31272748835348996	0.12365774500080506	2.0	0.0	4459.950274164823	10.0
0.5224553194597457	0.22333523547073522	0.08864013519378626	5.0	0.0	987.7557472367588	10.0
0.5277477554053898	0.694155862874425	0.11739214971643444	4.0	0.0	3579.6245415019057	10.0
0.5191054370132704	0.22285750827996326	0.08872877532898003	5.0	0.0	992.6606323395628	11.0
0.33910709603008804	0.08873149503637115	0.10136452220423856	3.0	0.0	1870.6299784704206	11.0
0.5032681494155437	0.4458962218395038	0.08874791447931349	7.0	0.0	993.7218206560387	11.0
0.6325020895485765	0.9095931236130701	0.09957011923342243	1.0	0.0	1722.9581910404938	11.0
0.28795946167935726	0.5237905360250712	0.10136669615363507	6.0	0.0	1870.8138171236706	11.0
0.5244238010678548	0.6975113566826684	0.11750954186615087	4.0	0.0	3594.9470752929374	11.0
0.17846931952628553	0.30395753119556607	0.12378140274580586	2.0	0.0	4478.6382178160975	11.0
