# x	y	r	id	split_id	s_prob	t
2.0	0.5	0.0	-1.0	0.0	0.0	0.0
0.036544529771587106	0.31993421802935806	0.02083492728635507	1.0	0.0	0.0	0.0
0.9085601320257282	0.4478839071246149	0.029983935786385803	2.0	0.0	0.0	0.0
0.5148280511237137	0.158280708391936	0.023812205033287393	3.0	0.0	0.0	0.0
0.9653484129250571	0.25502315624444727	0.03065409195842348	4.0	0.0	0.0	0.0
0.4536441405461449	0.2490892114526252	0.02498221545284756	5.0	0.0	0.0	0.0
0.4041811307086559	0.20870478164231432	0.019612416562342805	6.0	0.0	0.0	0.0
0.4920512438062175	0.1682445560092809	0.023836017238320677	3.0	0.0	0.0	1.0
0.41389685901619444	0.212524648452058	0.019632028978905147	6.0	0.0	0.0	1.0
0.450690465761322	0.24930343619291662	0.025007197668300406	5.0	0.0	0.0	1.0
0.9070240713884723	0.45890302055574994	0.030013919722172187	2.0	0.0	0.0	1.0
0.03133375301315836	0.32654726753879026	0.020855762213641424	1.0	0.0	0.0	1.0
0.980886685131595	0.2494720930956271	0.030684746050381902	4.0	0.0	0.0	1.0
0.41320518967768344	0.21456136292928932	0.019651661007884052	6.0	0.0	0.0	2.0
0.914860520216462	0.4562142155372256	0.030043933641894355	2.0	0.0	0.0	2.0
0.9750818347188006	0.25518628994790743	0.03071543079643228	4.0	0.0	0.0	2.0
0.48189454011530747	0.167314778833067	0.023859853255558994	3.0	0.0	0.0	2.0
0.028144609994289995	0.33832563415537115	0.020876617975855064	1.0	0.0	0.0	2.0
0.4550815437508797	0.24821774844407063	0.025032204865968705	5.0	0.0	0.0	2.0
0.4087194692376916	0.18380006246266875	0.019671312668891935	6.0	0.0	0.0	3.0
0.4576498800420651	0.23203488320105872	0.02505723707083467	5.0	0.0	0.0	3.0
0.4717239453234595	0.1683104341256533	0.023883713108814552	3.0	0.0	0.0	3.0
0.030875120458151644	0.3245132372211187	0.020897494593830918	1.0	0.0	0.0	3.0
0.9064233704514946	0.45835674300536566	0.030073977575536245	2.0	0.0	0.0	3.0
0.9742058894551602	0.25203009122538345	0.03074614622722871	4.0	0.0	0.0	3.0
0.012174869618634485	0.32730031908691715	0.020918392088424748	1.0	0.0	0.0	4.0
0.904758513915296	0.45235794571648386	0.03010405155311178	2.0	0.0	0.0	4.0
0.4101802569424006	0.17281562940788472	0.019690983981560824	6.0	0.0	0.0	4.0
0.4730315614632629	0.17108291422387126	0.023907596821923362	3.0	0.0	0.0	4.0
0.462023409937538	0.2248650422859246	0.0250822943079055	5.0	0.0	0.0	4.0
0.9793772225301035	0.2572504926964232	0.030776892373455936	4.0	0.0	0.0	4.0
0.44688821550981456	0.16436902998031094	0.023931504418745284	3.0	0.0	0.0	5.0
0.3968279411159246	0.16318337829942345	0.019710674965542383	6.0	0.0	0.0	5.0
0.9890697988658724	0.24090120306837093	0.03080766926582939	4.0	0.0	0.0	5.0
0.902635644101503	0.4505396365791465	0.030134155604664887	2.0	0.0	0.0	5.0
0.474816971810106	0.21915470441528567	0.025107376602213405	5.0	0.0	0.0	5.0
0.0029346864308577164	0.3282048912858559	0.02093931048051317	1.0	0.0	0.0	5.0
0.00728520821189996	0.34216025765437824	0.02096024979099368	1.0	0.0	0.0	6.0
0.45578900275871237	0.14520730140937987	0.02395543592316403	3.0	0.0	0.0	6.0
0.3993627302619205	0.17679351592583764	0.019730385640507924	6.0	0.0	0.0	6.0
0.9428869758706183	0.48287658526600047	0.03016428976026955	2.0	0.0	0.0	6.0
0.9917185185303867	0.23630234862350946	0.030838476935095217	4.0	0.0	0.0	6.0
0.4801427529544901	0.22413956551023972	0.025132483978815616	5.0	0.0	0.0	6.0
0.4599622184760314	0.1461007552925994	0.02397939135908719	3.0	0.0	0.0	7.0
0.41106612727963066	0.1596167235214081	0.01975011602614843	6.0	0.0	0.0	7.0
0.9283743767655669	0.4713670969487381	0.030194454050029816	2.0	0.0	0.0	7.0
0.010649602545270503	0.3384504213729718	0.02098121004078467	1.0	0.0	0.0	7.0
0.9957424321789808	0.20282374334929015	0.030869315412030307	4.0	0.0	0.0	7.0
0.4773709749068787	0.22495601840499874	0.02515761646279443	5.0	0.0	0.0	7.0
0.45938597060014696	0.1449724405927766	0.024003370750446274	3.0	0.0	0.0	8.0
0.9330978867698003	0.4858734839373965	0.030224648504079844	2.0	0.0	0.0	8.0
0.41149435260257766	0.15691851273075702	0.019769866142174575	6.0	0.0	0.0	8.0
0.012226374043516518	0.3429082890201178	0.021002191250825454	1.0	0.0	0.0	8.0
0.4779841605983466	0.22539975682344937	0.02518277407925722	5.0	0.0	0.0	8.0
0.9906575801755944	0.20712388695827655	0.030900184727442333	4.0	0.0	0.0	8.0
0.9877431499042464	0.21157991599283077	0.03093108491216977	4.0	0.0	0.0	9.0
0.9342162744957353	0.4904587158494983	0.03025487315258392	2.0	0.0	0.0	9.0
0.49222116222396617	0.22661272428194357	0.025207956853336475	5.0	0.0	0.0	9.0
0.005757141445096603	0.3350096746480285	0.021023193442076277	1.0	0.0	0.0	9.0
0.4045200074991165	0.13794028377197579	0.019789636008316746	6.0	0.0	0.0	9.0
0.46456013495248744	0.15078098246575636	0.024027374121196717	3.0	0.0	0.0	9.0
0.4043168876339967	0.13760729482382206	0.01980942564432506	6.0	0.0	0.0	10.0
0.004809564980384198	0.3370187787038639	0.02104421663551835	1.0	0.0	0.0	10.0
0.9785397183301926	0.2036968684233424	0.030962015997081937	4.0	0.0	0.0	10.0
0.9356888592882832	0.485837635009608	0.0302851280257365	2.0	0.0	0.0	10.0
0.49214512978571356	0.22663408369829413	0.025233164810189807	5.0	0.0	0.0	10.0
0.4746394038997092	0.1564600799602338	0.02405140149531791	3.0	0.0	0.0	10.0
0.013078869134111864	0.33657583139478314	0.021065260852153867	1.0	0.0	0.0	11.0
0.4782126414789513	0.15231481977206723	0.02407545289681323	3.0	0.0	0.0	11.0
0.9776782770664861	0.18850998334041197	0.030992978013079014	4.0	0.0	0.0	11.0
0.5133396369606688	0.22251351951642945	0.025258397974999992	5.0	0.0	0.0	11.0
0.9281470638242452	0.4949284333485854	0.030315413153762235	2.0	0.0	0.0	11.0
0.40374168247043213	0.1381735170864684	0.019829235069969385	6.0	0.0	0.0	11.0
