# x	y	r	id	split_id	s_prob	t
2.0	0.5	0.0	-1.0	0.0	0.0	0.0
0.3966640646632459	0.4140816009095384	0.03242959651819896	1.0	0.0	0.0	0.0
0.03335836957220806	0.5498592623297399	0.03335836957220806	2.0	0.0	0.0	0.0
0.11864254057001009	0.11490068487650242	0.03336032933310864	3.0	0.0	0.0	0.0
0.3344228855622856	0.050665495471287444	0.03718249062682729	4.0	0.0	0.0665330044756729	0.0
0.11537410407506701	0.5652236733635067	0.03178216775824216	5.0	0.0	0.0	0.0
0.31623150719715293	0.2285500781539296	0.03293250188723342	6.0	0.0	0.0	0.0
0.8208641257182825	0.7584998641598214	0.0314671894733213	7.0	0.0	0.0	0.0
0.4942280623861361	0.08415098170154332	0.030561141916770108	8.0	0.0	0.0	0.0
0.2174904506619394	0.2675776663952579	0.03377132602335587	9.0	0.0	0.0	0.0
0.15105260901823162	0.1836905892596656	0.03356359072346559	10.0	0.0	0.0	0.0
0.39478413242970833	0.10740163924029404	0.03223984234190469	11.0	0.0	0.0	0.0
0.9548560576135162	0.45474613093005056	0.030552992986887552	12.0	0.0	0.0	0.0
0.3425302395648856	0.8807338168144052	0.02943008300111215	13.0	0.0	0.0	0.0
0.4783452014242324	0.5395544768062216	0.03512219468874135	14.0	0.0	1.1677152784272948e-05	0.0
0.6992538156792834	0.3250682463285165	0.03288296861227873	15.0	0.0	0.0	0.0
0.7653599329312522	0.658093403050699	0.03243094480922461	16.0	0.0	0.0	0.0
0.26776147790060845	0.5405336308131228	0.029884759096227474	17.0	0.0	0.0	0.0
0.6103572355388989	0.387726655821317	0.03155704628744709	18.0	0.0	0.0	0.0
0.9281126766614833	0.5310921829959039	0.030833289780042378	19.0	0.0	0.0	0.0
0.5165309519600723	0.14215519459449716	0.03113060229903697	20.0	0.0	0.0	0.0
0.14857738611807142	0.2957570433960397	0.028761766245918103	21.0	0.0	0.0	0.0
0.8969485248196051	0.04879456762453361	0.03162985351195195	22.0	0.0	0.0	0.0
0.6121015165494126	0.9717908006305896	0.033270245781379645	23.0	0.0	0.0	0.0
0.5121424731076578	0.6175671723034722	0.03253370919269186	24.0	0.0	0.0	0.0
0.2086570164896495	0.5044555188776553	0.03429885171937582	25.0	0.0	0.0	0.0
0.46517592688664144	0.2080947910695064	0.0341229128393872	26.0	0.0	0.0	0.0
0.815251342178021	0.13735181903754842	0.03350731626947826	27.0	0.0	0.0	0.0
0.262172643562476	0.11944137986662622	0.03373483224010311	28.0	0.0	0.0	0.0
0.05544919365015192	0.3146937585265339	0.033690807729520385	29.0	0.0	0.0	0.0
0.9331197965235126	0.7397905856922831	0.03362933666152221	30.0	0.0	0.0	0.0
0.02792087023970711	0.24569430659180985	0.02792087023970711	31.0	0.0	0.0	0.0
0.31744601135853473	0.6943865462804087	0.033901951988150374	32.0	0.0	0.0	0.0
0.5554451139532876	0.8779206030615192	0.03164364610549421	33.0	0.0	0.0	0.0
0.4223564943597158	0.9462162914507894	0.034172049147335765	34.0	0.0	0.0	0.0
0.3175845349415011	0.40988364204802363	0.03177298741045542	35.0	0.0	0.0	0.0
0.5550913267673974	0.7949075370735955	0.03319964734920431	36.0	0.0	0.0	0.0
0.6743081110558988	0.540848591320792	0.033828723978287116	37.0	0.0	0.0	0.0
0.4871509772439761	0.8519590753953113	0.032296002388040555	38.0	0.0	0.0	0.0
0.46538783483505397	0.6905228190610987	0.0321182913397928	39.0	0.0	0.0	0.0
0.48864900694455143	0.7617854356370042	0.036703858756895975	40.0	0.0	0.03165780108012939	0.0
0.6826469388453482	0.9392425081626694	0.03257476809975855	41.0	0.0	0.0	0.0
0.42187218601690324	0.03224095516356583	0.03224095516356583	42.0	0.0	0.0	0.0
0.43021173827540504	0.6222226265991887	0.034240784402998825	43.0	0.0	0.0	0.0
0.383936863280483	0.25909872269201184	0.03422294299786352	44.0	0.0	0.0	0.0
0.3288101020220241	0.16042659581417903	0.03256258606146601	45.0	0.0	0.0	0.0
0.1603730105521504	0.44897739674456044	0.0324158709673344	46.0	0.0	0.0	0.0
0.6705662553623912	0.19909243798042495	0.029884630362592382	47.0	0.0	0.0	0.0
0.8439389024949131	0.6094492790350993	0.032156941456443766	48.0	0.0	0.0	0.0
0.3463416554295861	0.6247998802312839	0.03102532036857122	49.0	0.0	0.0	0.0
0.2171780738323787	0.8975721674351897	0.03441169844952788	50.0	0.0	0.0	0.0
0.558739720010707	0.44379019334978514	0.03191475476800409	51.0	0.0	0.0	0.0
0.5826326465649609	0.23713463753108624	0.03172906053216743	52.0	0.0	0.0	0.0
0.6094492790350993	0.15419016965833293	0.03263181018114296	53.0	0.0	0.0	0.0
0.3861020508182744	0.5475642467262235	0.031587125661742654	54.0	0.0	0.0	0.0
0.13021060875162818	0.6432859723556915	0.03228738267681463	55.0	0.0	0.0	0.0
0.24007167843209443	0.1862476403256671	0.03344175532085233	56.0	0.0	0.0	0.0
0.08178017984000492	0.44844608967296323	0.032822061093891686	57.0	0.0	0.0	0.0
0.5275247244223712	0.9480717047424412	0.03369511870847774	58.0	0.0	0.0	0.0
0.3712177998817777	0.7541343658507291	0.03433668335342666	59.0	0.0	0.0	0.0
0.40874406153230325	0.4865595617117742	0.03209829736832731	60.0	0.0	0.0	0.0
0.401591251632214	0.18178332401805106	0.028078822629298374	61.0	0.0	0.0	0.0
0.2909819364717304	0.765934844224835	0.031489626368204515	62.0	0.0	0.0	0.0
0.3444011674116394	0.9649255699183278	0.030074944013543096	63.0	0.0	0.0	0.0
0.6961356026013602	0.6599643308974528	0.03281122229408613	64.0	0.0	0.0	0.0
0.5067075005865915	0.27618583378394834	0.0329638941222388	65.0	0.0	0.0	0.0
0.8858162385946151	0.4669031788494222	0.032234665181994714	66.0	0.0	0.0	0.0
0.6941165586434378	0.6613122640762474	0.03284403351638021	64.0	0.0	0.0	1.0
0.5263655369504259	0.9479802911278666	0.03372881382718621	58.0	0.0	0.0	1.0
0.6984579301475707	0.3263547098039704	0.032915851580891005	15.0	0.0	0.0	1.0
0.8211848856256972	0.7558311701305934	0.03149865666279462	7.0	0.0	0.0	1.0
0.028884557254841504	0.24644874243993986	0.027948791109946813	31.0	0.0	0.0	1.0
0.5064477745066123	0.27029621882072385	0.03299685801636104	65.0	0.0	0.0	1.0
0.3380561862452309	0.8857301009085949	0.02945951308411326	13.0	0.0	0.0	1.0
0.6093042104068824	0.15546480795874726	0.0326644419913241	53.0	0.0	0.0	1.0
0.15027346025748353	0.18565415894873266	0.033597154314189054	10.0	0.0	0.0	1.0
0.26851842715250074	0.5373431262683013	0.0299146438553237	17.0	0.0	0.0	1.0
0.3146812315940116	0.22732060307412247	0.032965434389120654	6.0	0.0	0.0	1.0
0.16286764268990578	0.44704964646522866	0.03244828683830173	46.0	0.0	0.0	1.0
0.48696406429748057	0.850553578387612	0.03232829839042859	38.0	0.0	0.0	1.0
0.9249590159335799	0.7348477731253176	0.033662965998183726	30.0	0.0	0.0	1.0
0.3440962664871244	0.9659979398748397	0.030105018957556635	63.0	0.0	0.0	1.0
0.13563231610840223	0.6478709868702732	0.03231967005949144	55.0	0.0	0.0	1.0
0.0576917222468994	0.3149704600272144	0.0337244985372499	29.0	0.0	0.0	1.0
0.5537919318429638	0.8808331962244397	0.0316752897515997	33.0	0.0	0.0	1.0
0.3180206897028841	0.41233215129640777	0.031804760397865874	35.0	0.0	0.0	1.0
0.38294672821630027	0.2588138313226561	0.03425716594086138	44.0	0.0	0.0	1.0
0.4799935674111172	0.5399073794816901	0.03515731688343009	14.0	0.0	2.4917586600281538e-05	1.0
0.46344772959336433	0.6915213736118065	0.03215040963113259	39.0	0.0	0.0	1.0
0.8910149433830599	0.46021931467307764	0.032266899847176705	66.0	0.0	0.0	1.0
0.5605892376454366	0.7863848314159434	0.03323284699655351	36.0	0.0	0.0	1.0
0.1157521820169732	0.5702185341763116	0.031813949926000396	5.0	0.0	0.0	1.0
0.5129321810525848	0.6147217031738299	0.03256624290188455	24.0	0.0	0.0	1.0
0.4312655932148861	0.6214899159105246	0.03427502518740182	43.0	0.0	0.0	1.0
0.8942222000313312	0.05046939614056227	0.0316614833654639	22.0	0.0	0.0	1.0
0.07931749443536508	0.43745143086904964	0.032854883154985574	57.0	0.0	0.0	1.0
0.48533571521420465	0.760106415225539	0.036740562615652866	40.0	0.0	0.0337480689788805	1.0
0.6096197070689837	0.38687105992650744	0.03158860333373453	18.0	0.0	0.0	1.0
0.33186055271425796	0.1525955541745994	0.032595148647527473	45.0	0.0	0.0	1.0
0.4064549881527337	0.18335011735560608	0.02810690145192767	61.0	0.0	0.0	1.0
0.4657221116551271	0.2066386908213061	0.03415703575222658	26.0	0.0	0.0	1.0
0.9576038721451327	0.4616710284557551	0.030583545979874435	12.0	0.0	0.0	1.0
0.21854985900055748	0.8972874988895972	0.0344461101479774	50.0	0.0	0.0	1.0
0.5771749526413881	0.23233949655907898	0.031760789592699595	52.0	0.0	0.0	1.0
0.4071202547604463	0.47780815835535095	0.03213039566569564	60.0	0.0	0.0	1.0
0.49517955773754896	0.08337666637198428	0.030591703058686876	8.0	0.0	0.0	1.0
0.33630190362852047	0.6198700867085873	0.03105634568893979	49.0	0.0	0.0	1.0
0.2076570365222391	0.5061667382777434	0.03433315057109519	25.0	0.0	0.0	1.0
0.614577953930876	0.9694434640296962	0.03330351602716102	23.0	0.0	0.0	1.0
0.11006802656227206	0.11367787226901477	0.033393689662441745	3.0	0.0	0.0	1.0
0.31775075282344484	0.6929409205286869	0.03393585394013852	32.0	0.0	0.0	1.0
0.33599202063552913	0.051926100726220926	0.03721967311745411	4.0	0.0	0.06999178040180709	1.0
0.14678201005750624	0.3010437724890184	0.02879052801216402	21.0	0.0	0.0	1.0
0.3730697696877909	0.7534463322156261	0.03437102003678009	59.0	0.0	0.0	1.0
0.23633801016326955	0.1849137836354572	0.03347519707617318	56.0	0.0	0.0	1.0
0.21932645127601114	0.2679949845933695	0.03380509734937922	9.0	0.0	0.0	1.0
0.5174819572492332	0.14284339979697058	0.031161732901336003	20.0	0.0	0.0	1.0
0.034311807136967985	0.546247986643936	0.03339172794178026	2.0	0.0	0.0	1.0
0.673463751718951	0.187529810031414	0.02991451499295497	47.0	0.0	0.0	1.0
0.6772314081252737	0.5443723018575376	0.0338625527022654	37.0	0.0	0.0	1.0
0.4202396436622502	0.03376899333279401	0.03227319611872939	42.0	0.0	0.0	1.0
0.4240631142923878	0.9471220335714888	0.034206221196483096	34.0	0.0	0.0	1.0
0.8427361638705253	0.6189506921229542	0.032189098397900205	48.0	0.0	0.0	1.0
0.8142755593149648	0.13791792121292298	0.03354082358574774	27.0	0.0	0.0	1.0
0.39849167487148723	0.4098677085726538	0.03246202611471716	1.0	0.0	0.0	1.0
0.2872523464934491	0.7631270544709351	0.03152111599457272	62.0	0.0	0.0	1.0
0.7674602671884576	0.6591083636823345	0.03246337575403383	16.0	0.0	0.0	1.0
0.3944083827532509	0.10457617928256134	0.03227208218424659	11.0	0.0	0.0	1.0
0.26648414681368354	0.1201395672113669	0.03376856707234321	28.0	0.0	0.0	1.0
0.3819239716473013	0.559077242869989	0.03161871278740439	54.0	0.0	0.0	1.0
0.6760103681923233	0.9262478568370962	0.03260734286785831	41.0	0.0	0.0	1.0
0.9275282390609385	0.5299825509999805	0.030864123069822415	19.0	0.0	0.0	1.0
0.5565564256957122	0.44400392800193555	0.031946669522772086	51.0	0.0	0.0	1.0
0.37372140231498624	0.7524361897812166	0.034405391056816864	59.0	0.0	0.0	2.0
0.2871421656696774	0.7675013173062553	0.031552637110567286	62.0	0.0	0.0	2.0
0.1369098540100416	0.6514828576366183	0.03235198972955093	55.0	0.0	0.0	2.0
0.8917690597295562	0.05169318321015521	0.03169314484882936	22.0	0.0	0.0	2.0
0.2082475446227048	0.5075015053092575	0.034367483721666287	25.0	0.0	0.0	2.0
0.6744629413799526	0.9255120628703558	0.03263995021072617	41.0	0.0	0.0	2.0
0.5216356028754843	0.9424931644035174	0.033762542641013395	58.0	0.0	0.0	2.0
0.47871738676697057	0.764405395373588	0.036777303178268515	40.0	0.0	0.03593060471980891	2.0
0.5812157688065356	0.22929740284583847	0.03179255038229229	52.0	0.0	0.0	2.0
0.6717364863998875	0.18712575424729055	0.02994442950794792	47.0	0.0	0.0	2.0
0.49077823601944437	0.07375396328654325	0.03062229476174556	8.0	0.0	0.0	2.0
0.459281879794415	0.685238687263106	0.03218256004076372	39.0	0.0	0.0	2.0
0.11704825905439784	0.5747769791153354	0.03184576387592639	5.0	0.0	0.0	2.0
0.8133678482939003	0.1387892262174494	0.033574364409333486	27.0	0.0	0.0	2.0
0.3169010947589622	0.6921149994646139	0.03396978979407865	32.0	0.0	0.0	2.0
0.11093792579213588	0.11308916797873267	0.03342708335210418	3.0	0.0	0.0	2.0
0.2201407721649158	0.9007737526563235	0.03448055625812538	50.0	0.0	0.0	2.0
0.3162847996558469	0.22626458009368153	0.03299839982350977	6.0	0.0	0.0	2.0
0.14607296092742508	0.29444420693711737	0.02881931854017618	21.0	0.0	0.0	2.0
0.5613864966787705	0.8795542449646594	0.0317069650413513	33.0	0.0	0.0	2.0
0.9228315521258994	0.7343500996946528	0.03369662896418191	30.0	0.0	0.0	2.0
0.4083423460630232	0.18556769253830202	0.028135008353379592	61.0	0.0	0.0	2.0
0.4367584946636804	0.6219579014376256	0.03430930021258922	43.0	0.0	0.0	2.0
0.3395922418661684	0.6187872327353778	0.031087402034628727	49.0	0.0	0.0	2.0
0.5208794835536552	0.6077391870464193	0.03259880914478643	24.0	0.0	0.0	2.0
0.3997448797221269	0.4077538217837743	0.03249448814083187	1.0	0.0	0.0	2.0
0.23976844421305832	0.18646619538008294	0.03350867227324935	56.0	0.0	0.0	2.0
0.7639333968737843	0.6690795745324488	0.03249583912978786	16.0	0.0	0.0	2.0
0.34479887552109617	0.965070752227207	0.03013512397651419	63.0	0.0	0.0	2.0
0.33789078682790574	0.05433584411365569	0.03725689279057156	4.0	0.0	0.0735720337956991	2.0
0.26749367935244917	0.12121136022721739	0.033802335639415544	28.0	0.0	0.0	2.0
0.3406952092362863	0.8848246119022728	0.02948897259719737	13.0	0.0	0.0	2.0
0.48801139220149337	0.8504577026378809	0.03236062668881901	38.0	0.0	0.0	2.0
0.6939368219090438	0.6623212799013697	0.032876877549896585	64.0	0.0	0.0	2.0
0.26873630740697063	0.5358489894706224	0.029944558499179017	17.0	0.0	0.0	2.0
0.556858346301511	0.43868118141709395	0.031978616192294855	51.0	0.0	0.0	2.0
0.46759256195515503	0.2058344425169099	0.0341911927879788	26.0	0.0	0.0	2.0
0.40767234907348837	0.4767599343636917	0.03216252606136133	60.0	0.0	0.0	2.0
0.0796844614714111	0.4351392032556558	0.03288773803814055	57.0	0.0	0.0	2.0
0.4166134514303522	0.9445659407124106	0.034240427417679575	34.0	0.0	0.0	2.0
0.15250895531147762	0.18369004845147174	0.03363075146850324	10.0	0.0	0.0	2.0
0.5591436526454425	0.7823782727134655	0.03326607984355006	36.0	0.0	0.0	2.0
0.9604620221806748	0.46656204822472913	0.030614129525854305	12.0	0.0	0.0	2.0
0.15423052029577317	0.4390907471182395	0.032480735125140034	46.0	0.0	0.0	2.0
0.21615453648531224	0.2673783116805912	0.033838902446728596	9.0	0.0	0.0	2.0
0.3937839386256934	0.10373022024670114	0.032304354266430836	11.0	0.0	0.0	2.0
0.6101969986939318	0.385950928363168	0.03162019193706826	18.0	0.0	0.0	2.0
0.4903643662950039	0.536494338035592	0.03519247420031351	14.0	0.0	4.5634946502559615e-05	2.0
0.333331744315937	0.1521113833823682	0.032627743796174995	45.0	0.0	0.0	2.0
0.3796489370314896	0.5574954861047678	0.031650331500191795	54.0	0.0	0.0	2.0
0.9185236375875686	0.529840811891448	0.030894987192892236	19.0	0.0	0.0	2.0
0.6990820231766793	0.327258396508591	0.032948767432471895	15.0	0.0	0.0	2.0
0.4222597794293811	0.030157115622062428	0.032305469314848116	42.0	0.0	0.0	2.0
0.043911057514660165	0.5561855186850515	0.03342511966972204	2.0	0.0	0.0	2.0
0.6121575949133948	0.9621662367042986	0.03333681954318818	23.0	0.0	0.0	2.0
0.6072865233602888	0.1546568245906082	0.03269710643331542	53.0	0.0	0.0	2.0
0.8936643762211658	0.4585686575813522	0.03229916674702388	66.0	0.0	0.0	2.0
0.6780867864276109	0.5475314449819404	0.033896415254967664	37.0	0.0	0.0	2.0
0.31815352470548	0.4107127719124511	0.03183656515826373	35.0	0.0	0.0	2.0
0.06428677016308526	0.32252458299083275	0.03375822303578715	29.0	0.0	0.0	2.0
0.8373948982841353	0.6196097411114178	0.0322212874962981	48.0	0.0	0.0	2.0
0.8206708732883629	0.7581956755241188	0.03153015531945741	7.0	0.0	0.0	2.0
0.5079429058065382	0.14776457009428964	0.031192894634237335	20.0	0.0	0.0	2.0
0.5079942453259081	0.2698300907180364	0.0330298548743774	65.0	0.0	0.0	2.0
0.38495134660507074	0.2586048386300657	0.034291423106802235	44.0	0.0	0.0	2.0
0.029208830875843247	0.24826916727609677	0.027976739901056757	31.0	0.0	0.0	2.0
0.33563676140454013	0.054700851846138994	0.03729414968336213	4.0	0.0	0.07727610518742267	3.0
0.26819589118705095	0.5346447293715538	0.02997450305767819	17.0	0.0	0.0	3.0
0.5603262340720215	0.8817308098586603	0.031738672006392646	33.0	0.0	0.0	3.0
0.13607705432374156	0.6530401791961155	0.03238434171928048	55.0	0.0	0.0	3.0
0.7000547244229517	0.3270437352055729	0.032981716199904365	15.0	0.0	0.0	3.0
0.5811019264920955	0.22823780092990148	0.03182434293267458	52.0	0.0	0.0	3.0
0.6936175632817181	0.6612740195264433	0.03290975442744648	64.0	0.0	0.0	3.0
0.3994508440531561	0.19002324261444725	0.028163143361732968	61.0	0.0	0.0	3.0
0.20724037039178003	0.5064456147942948	0.03440185120538795	25.0	0.0	0.0	3.0
0.40940227667505186	0.47807944104615974	0.032194688587422686	60.0	0.0	0.0	3.0
0.9681429221975372	0.4700123721844704	0.030644743655380155	12.0	0.0	0.0	3.0
0.08239079974389714	0.4336809766296758	0.03292062577617869	57.0	0.0	0.0	3.0
0.3178381580519492	0.6909102371190227	0.03400375958387272	32.0	0.0	0.0	3.0
0.5073065643187512	0.2725028420863224	0.03306288472925178	65.0	0.0	0.0	3.0
0.5577693739387852	0.7812599014381133	0.033299345923393606	36.0	0.0	0.0	3.0
0.21653144566277943	0.2685358386855124	0.03387274134917532	9.0	0.0	0.0	3.0
0.4160753173008744	0.9429479475289693	0.03427466784509725	34.0	0.0	0.0	3.0
0.31002729486116265	0.2304421505205784	0.03303139822333328	6.0	0.0	0.0	3.0
0.26271432062787375	0.11673266581519988	0.033836137975054956	28.0	0.0	0.0	3.0
0.8921521490670977	0.053568906374728505	0.03172483799367819	22.0	0.0	0.0	3.0
0.6803885385802432	0.5456096293401228	0.033930311670222625	37.0	0.0	0.0	3.0
0.42322905806626865	0.029305505441990568	0.03233777478416296	42.0	0.0	0.0	3.0
0.37420665095110045	0.7551603048855065	0.03443979644787368	59.0	0.0	0.0	3.0
0.11963866429612204	0.5721947153727593	0.031877609639802316	5.0	0.0	0.0	3.0
0.8091986091459445	0.12883476183589007	0.03360793877374282	27.0	0.0	0.0	3.0
0.6021876506959541	0.38226544456415235	0.03165181212900533	18.0	0.0	0.0	3.0
0.6129875801492393	0.9601845661466178	0.033370156362731364	23.0	0.0	0.0	3.0
0.6714590569659179	0.925426937056918	0.03267259016093689	41.0	0.0	0.0	3.0
0.38441472122449544	0.2571742232139444	0.034325714529909034	44.0	0.0	0.0	3.0
0.5586841087919072	0.43909617251613403	0.03201059480848715	51.0	0.0	0.0	3.0
0.4765023112098203	0.2038513082142345	0.03422538398076678	26.0	0.0	0.0	3.0
0.23736404709025274	0.19295394862292725	0.033542180945522596	56.0	0.0	0.0	3.0
0.5261286948891519	0.9406939043920648	0.0337963051836544	58.0	0.0	0.0	3.0
0.48575216970524704	0.07386473168702959	0.030652917056507304	8.0	0.0	0.0	3.0
0.5015691387039927	0.8502442936481931	0.032392987315507826	38.0	0.0	0.0	3.0
0.1494868852901115	0.29166599686593003	0.028848137858716354	21.0	0.0	0.0	3.0
0.3413548935590961	0.6229224769516307	0.031118489436663354	49.0	0.0	0.0	3.0
0.5265277726458585	0.6131609374040139	0.03263140795393121	24.0	0.0	0.0	3.0
0.15333413636470297	0.18164806494779925	0.033664382219971735	10.0	0.0	0.0	3.0
0.46322209588630403	0.6939309561824036	0.03221474260080448	39.0	0.0	0.0	3.0
0.04331892051529409	0.56138830103546	0.03345854478939175	2.0	0.0	0.0	3.0
0.34395896613101834	0.9661937443028309	0.0301652591004907	63.0	0.0	0.0	3.0
0.484891030121374	0.7658906394694306	0.03681408048144678	40.0	0.0	0.038207588320190666	3.0
0.7710767922260304	0.6680608539508377	0.032528334968917647	16.0	0.0	0.0	3.0
0.8881982463163787	0.44594523297845845	0.032331465913770896	66.0	0.0	0.0	3.0
0.834952311355803	0.6217287036063733	0.0322535087837944	48.0	0.0	0.0	3.0
0.30864972988377704	0.41472846806885294	0.031868401723421994	35.0	0.0	0.0	3.0
0.06630983551393564	0.31955537896403896	0.033791981258822934	29.0	0.0	0.0	3.0
0.39833995184160653	0.40014454914058084	0.032526982628972696	1.0	0.0	0.0	3.0
0.4336348728895332	0.6216239179169207	0.034343609512801805	43.0	0.0	0.0	3.0
0.9223928294622079	0.5331128993977494	0.030925882180085126	19.0	0.0	0.0	3.0
0.39361646262604294	0.10638683707193602	0.03233665862069726	11.0	0.0	0.0	3.0
0.6821575530990812	0.17478178209434242	0.029974373937455865	47.0	0.0	0.0	3.0
0.8219865310967238	0.7571522684772326	0.03156168547477686	7.0	0.0	0.0	3.0
0.5105002443335198	0.14598653670178646	0.03122408752887157	20.0	0.0	0.0	3.0
0.3769807975180443	0.5562267986678434	0.031681981831691984	54.0	0.0	0.0	3.0
0.027615182901452845	0.25019013323540773	0.03500589580119726	31.0	0.0	0.0	3.0
0.2922206614534989	0.7624387829513375	0.03158418974767785	62.0	0.0	0.0	3.0
0.9183170348904398	0.7436177468468926	0.033730325593146086	30.0	0.0	0.0	3.0
0.10946579479990781	0.11394322741007627	0.04182563804432035	3.0	0.0	0.0	3.0
0.15342066363621495	0.4292178585510698	0.03251321586026517	46.0	0.0	0.0	3.0
0.3342466889845813	0.1513075111372087	0.032660371539971166	45.0	0.0	0.0	3.0
0.491099517840888	0.5382810704607246	0.03522766667451382	14.0	0.0	7.552284917267116e-05	3.0
0.6004976737504973	0.15909296275736062	0.032729803539748734	53.0	0.0	0.0	3.0
0.32747215323279555	0.8810199445713456	0.029518461569794565	13.0	0.0	0.0	3.0
0.2140032144022434	0.8962730964970284	0.0345150368143835	50.0	0.0	0.0	3.0
0.6958470689254255	0.3149052475244991	0.033014697916104264	15.0	0.0	0.0	4.0
0.5894658636854541	0.22811885472422194	0.03185616727560725	52.0	0.0	0.0	4.0
0.32621218139226715	0.05822426419101786	0.037331443833045486	4.0	0.0	0.08110634784257797	4.0
0.5018046637426808	0.8539803500494025	0.03242538030282333	38.0	0.0	0.0	4.0
0.806960931388539	0.1284579290813229	0.033641546712516554	27.0	0.0	0.0	4.0
0.40954728608917473	0.47672974735986035	0.03222688327601011	60.0	0.0	0.0	4.0
0.11746628164210429	0.5719405435182703	0.03190948724944211	5.0	0.0	0.0	4.0
0.3326645529755385	0.1496064698086451	0.032693031911511135	45.0	0.0	0.0	4.0
0.697179037394718	0.6615323268630642	0.03294266418187392	64.0	0.0	0.0	4.0
0.4740544869568316	0.767894269594454	0.03685089456192822	40.0	0.0	0.040581211882567914	4.0
0.56805845974891	0.8803283361024	0.039713013347998795	33.0	0.0	0.0	4.0
0.02004008016032064	0.9278557114228456	0.0468937875751503	-2.0	-1.0	10.76813538000053	4.0
0.4948108806905809	0.5388820735036124	0.03526289434118833	14.0	0.0	0.00011628499753157939	4.0
0.3260284180615094	0.8824057751394015	0.029547980031364357	13.0	0.0	0.0	4.0
0.5289438074795666	0.6128163863481615	0.03266403936188514	24.0	0.0	0.0	4.0
0.6769801372739486	0.9217195200402493	0.03270526275109782	41.0	0.0	0.0	4.0
0.058026875349314055	0.3165962832343587	0.033825773240081757	29.0	0.0	0.0	4.0
0.6058781226283402	0.14985311633241064	0.0409531666791106	53.0	0.0	0.0	4.0
0.8920383627014264	0.058086311976569424	0.03175656283167186	22.0	0.0	0.0	4.0
0.8076152304609218	0.6633266533066132	0.037474949899799596	-2.0	-1.0	0.09702400773450393	4.0
0.2363286496284256	0.19376452399646416	0.033575723126468116	56.0	0.0	0.0	4.0
0.40131167022990527	0.11251748976433275	0.032368995279317955	11.0	0.0	0.0	4.0
0.921299268142012	0.5329569464693165	0.030956808062265206	19.0	0.0	0.0	4.0
0.6831203575447068	0.17542455960884742	0.030004348311393318	47.0	0.0	0.0	4.0
0.11022044088176351	0.06412825651302605	0.0721442885771543	-2.0	-1.0	327.98660557326536	4.0
0.60305557407768	0.9632875719982466	0.03340352651909409	23.0	0.0	0.0	4.0
0.08823872474423516	0.43388355236978104	0.032953546401954865	57.0	0.0	0.0	4.0
0.5561414196799069	0.4389278411098883	0.032042605403295635	51.0	0.0	0.0	4.0
0.7717382968591617	0.6755464921622355	0.03256086330388656	16.0	0.0	0.0	4.0
0.8340596568753611	0.6192546376905433	0.032285762292578186	48.0	0.0	0.0	4.0
0.3407789599337621	0.6211908330568099	0.031149607926100015	49.0	0.0	0.0	4.0
0.37651162242633773	0.554687769052379	0.031713663813523675	54.0	0.0	0.0	4.0
0.15445992703755548	0.42893295039431717	0.03254572907612543	46.0	0.0	0.0	4.0
0.5636180193983993	0.7846025821635236	0.03333264526931699	36.0	0.0	0.0	4.0
0.15415422831762812	0.18467688605231267	0.0336980466021917	10.0	0.0	0.0	4.0
0.39824856678596077	0.19011044163061744	0.028191306505094698	61.0	0.0	0.0	4.0
0.5205738373956192	0.9447137367417044	0.033830101488838055	58.0	0.0	0.0	4.0
0.5130216867988219	0.14413756908297437	0.03125531161640044	20.0	0.0	0.0	4.0
0.9134389162112113	0.7456069179080002	0.03376405591873923	30.0	0.0	0.0	4.0
0.681561301842898	0.545350817201187	0.033964241981892844	37.0	0.0	0.0	4.0
0.30975777898115653	0.414252033807145	0.03987533765643176	35.0	0.0	0.0	4.0
0.4222985696636453	0.02858646183996029	0.032370112558947124	42.0	0.0	0.0	4.0
0.029063154588859993	0.25007594607504674	0.03360565996914937	31.0	0.0	0.0	4.0
0.8163475190730474	0.753539686110038	0.031593247160251636	7.0	0.0	0.0	4.0
0.26863026514165195	0.5370832414302671	0.030004477560735866	17.0	0.0	0.0	4.0
0.39579278538426976	0.40831521070780774	0.032559509611601666	1.0	0.0	0.0	4.0
0.33969065834705986	0.974682770521325	0.030195424359591185	63.0	0.0	0.0	4.0
0.47457569924375537	0.20506853562563232	0.03425960936474754	26.0	0.0	0.0	4.0
0.4551712022539426	0.6959459487955488	0.03224695734340528	39.0	0.0	0.0	4.0
0.484353418429479	0.07386032855952768	0.030683569973563807	8.0	0.0	0.0	4.0
0.21022236487484264	0.8949758294049176	0.034549551851197874	50.0	0.0	0.0	4.0
0.3179201737694025	0.6919937626245735	0.03403776334345659	32.0	0.0	0.0	4.0
0.30600447208909365	0.2240302677799725	0.03306442962155661	6.0	0.0	0.0	4.0
0.4330136915173009	0.6257036818795029	0.034377953122314606	43.0	0.0	0.0	4.0
0.50663278515243	0.2668970590797363	0.033095947613981026	65.0	0.0	0.0	4.0
0.14630562062878674	0.29083679289871145	0.028876985996575066	21.0	0.0	0.0	4.0
0.10976575768281643	0.1127462080572364	0.04015261252254754	3.0	0.0	0.0	4.0
0.2678189905803262	0.12913919529162068	0.033869974113030006	28.0	0.0	0.0	4.0
0.8798505305762105	0.44443112142254515	0.032363797379684665	66.0	0.0	0.0	4.0
0.21730257657421248	0.2677475257353295	0.03390661409052449	9.0	0.0	0.0	4.0
0.0432371652575043	0.5603916301549869	0.03349200333418114	2.0	0.0	0.0	4.0
0.2899690349042514	0.7649532290498317	0.031615773937425526	62.0	0.0	0.0	4.0
0.3744610585722391	0.7534156778229117	0.03447423624432155	59.0	0.0	0.0	4.0
0.5926696716685007	0.37872937735191686	0.039604329926417915	18.0	0.0	0.0	4.0
0.9657985303614075	0.47453229881345516	0.03067538839903553	12.0	0.0	0.0	4.0
0.4175397257615184	0.9474452971313895	0.03430894251294234	34.0	0.0	0.0	4.0
0.13295730869556358	0.6512039046084614	0.032416726060999754	55.0	0.0	0.0	4.0
0.20894496639245674	0.5084484515466751	0.034436253056593334	25.0	0.0	0.0	4.0
0.3853171662141887	0.25588491836403415	0.034360040244438936	44.0	0.0	0.0	4.0
0.32785354473639566	0.058822321819239035	0.03736877527687853	4.0	0.0	0.0850651278136354	5.0
0.49570299772359866	0.07090203455420373	0.03071425354353737	8.0	0.0	0.0	5.0
0.6016986185445903	0.9691717645711819	0.033436930045613183	23.0	0.0	0.0	5.0
0.39464669616562226	0.40760117098228554	0.03259206912121326	1.0	0.0	0.0	5.0
0.26545212317039996	0.1285539907117406	0.03390384408714303	28.0	0.0	0.0	5.0
0.4703079218744265	0.20662357023780836	0.03429386897411228	26.0	0.0	0.0	5.0
0.5552278775129484	0.4397004029284368	0.03207464800869893	51.0	0.0	0.0	5.0
0.9138790143147311	0.7428338977519529	0.033797819974657965	30.0	0.0	0.0	5.0
0.41574502550181675	0.9480234379081247	0.03434325145545528	34.0	0.0	0.0	5.0
0.1441286228541182	0.18477156732931752	0.03373174464879389	10.0	0.0	0.0	5.0
0.47079428210609925	0.7691288965570022	0.036887745456490144	40.0	0.0	0.0430536796438048	5.0
0.23657234510794511	0.19471167452054777	0.03360929884959458	56.0	0.0	0.0	5.0
0.687511858440163	0.5457824004100728	0.033998206223874734	37.0	0.0	0.0	5.0
0.8771846325404296	0.43674038474380544	0.03239616117706435	66.0	0.0	0.0	5.0
0.8069163947600403	0.1270435868083107	0.033675188259229064	27.0	0.0	0.0	5.0
0.37945721935271914	0.7651368505616013	0.03450871048056586	59.0	0.0	0.0	5.0
0.7696135727018819	0.6799082417709962	0.03259342416719044	16.0	0.0	0.0	5.0
0.11080460248859943	0.11302398160689406	0.03847958700077472	3.0	0.0	0.0	5.0
0.3398198283844747	0.6192529600799614	0.03118075753402611	49.0	0.0	0.0	5.0
0.13319869751015007	0.6489571473136927	0.03244914278706075	55.0	0.0	0.0	5.0
0.6853499620655228	0.1746907942814939	0.030034352659704708	47.0	0.0	0.0	5.0
0.09051545951382331	0.427038156146219	0.03298649994835682	57.0	0.0	0.0	5.0
0.14711518812804222	0.288678527958682	0.02890586298257164	21.0	0.0	0.0	5.0
0.5960479699973719	0.37893167424800694	0.038020156729361196	18.0	0.0	0.0	5.0
0.3847458222501452	0.25868239405253324	0.03439440028468337	44.0	0.0	0.0	5.0
0.49470394270669865	0.5400921921003778	0.035298157235529516	14.0	0.0	0.00016963522264745734	5.0
0.37855785541778686	0.5569728471723181	0.031745377477337196	54.0	0.0	0.0	5.0
0.043552303605832926	0.5591980003914374	0.03352549533751532	2.0	0.0	0.0	5.0
0.8401401248415367	0.6278262970676136	0.03231804805487076	48.0	0.0	0.0	5.0
0.6781305721466752	0.9213885056381725	0.032737968013848914	41.0	0.0	0.0	5.0
0.8914710921400444	0.056940172750640776	0.03178831939450353	22.0	0.0	0.0	5.0
0.15899815074712434	0.43454561422502763	0.03257827480520155	46.0	0.0	0.0	5.0
0.2945802962932089	0.7684704804144767	0.031647389711362946	62.0	0.0	0.0	5.0
0.6967334622400992	0.6635820147397805	0.03297560684605579	64.0	0.0	0.0	5.0
0.036942918677774245	0.24854398907324907	0.03220542413710148	31.0	0.0	0.0	5.0
0.45629547953714233	0.696579415402656	0.03227920430074868	39.0	0.0	0.0	5.0
0.4106207967239355	0.47304249910073354	0.03225911015928611	60.0	0.0	0.0	5.0
0.8223037781028326	0.7464513689062798	0.03162484040741188	7.0	0.0	0.0	5.0
0.32398300587328505	0.8811314366902684	0.029577528011395716	13.0	0.0	0.0	5.0
0.31761781688472035	0.690232211209983	0.03407180110680004	32.0	0.0	0.0	5.0
0.3315370910224392	0.15040093298355525	0.03272572494342264	45.0	0.0	0.0	5.0
0.5894404241872337	0.22912882222859388	0.03188802344288286	52.0	0.0	0.0	5.0
0.5712386981540677	0.778713631493163	0.03336597791458631	36.0	0.0	0.0	5.0
0.2701123245279945	0.5362358480123953	0.0300344820382966	17.0	0.0	0.0	5.0
0.220812874436339	0.2684529497338372	0.033940520704615014	9.0	0.0	0.0	5.0
0.4307716096707785	0.6249969717234855	0.03441233107543692	43.0	0.0	0.0	5.0
0.4094804125007991	0.11503587211844155	0.03240136427459727	11.0	0.0	0.0	5.0
0.3100390462724477	0.40929339737957515	0.03828032415017449	35.0	0.0	0.0	5.0
0.3042836036201396	0.22451370283687277	0.033097494051178164	6.0	0.0	0.0	5.0
0.965128844553242	0.47287510204727573	0.030706063787434564	12.0	0.0	0.0	5.0
0.20689941600530926	0.511663663683947	0.03447068930964992	25.0	0.0	0.0	5.0
0.11556339724305557	0.5656985338789932	0.03194139673669155	5.0	0.0	0.0	5.0
0.51904922752789	0.9466486345516238	0.03386393159032689	58.0	0.0	0.0	5.0
0.5154508232295054	0.1414590190766178	0.03128656692801684	20.0	0.0	0.0	5.0
0.5677440881840529	0.8814340153386001	0.03812449281407884	33.0	0.0	0.0	5.0
0.421400092410653	0.040456418599515376	0.03240248267150607	42.0	0.0	0.0	5.0
0.21047607942443744	0.8936924041577415	0.034584101403049065	50.0	0.0	0.0	5.0
0.5316293040487688	0.6102708891610947	0.03269670340124702	24.0	0.0	0.0	5.0
0.9213470880354273	0.5304253972497408	0.030987764870327467	19.0	0.0	0.0	5.0
0.05757587676810626	0.3191281235233281	0.033859599013321834	29.0	0.0	0.0	5.0
0.6043012893305351	0.14889806168359243	0.03931504001194617	53.0	0.0	0.0	5.0
0.34274581216442557	0.9715595429560413	0.030225619783950775	63.0	0.0	0.0	5.0
0.5053477406314113	0.26528714993477687	0.033129043561595004	65.0	0.0	0.0	5.0
0.503437070132408	0.8529916359516982	0.03245780568312615	38.0	0.0	0.0	5.0
0.40136237399740304	0.1919697149358208	0.02821949781159979	61.0	0.0	0.0	5.0
0.7022847313084608	0.32048996796437795	0.03304771261402036	15.0	0.0	0.0	5.0
0.049205614578761	0.3225413006958772	0.03389345861233515	29.0	0.0	0.0	6.0
0.9215884885995048	0.540009183971623	0.03101875263519779	19.0	0.0	0.0	6.0
0.38191517578321466	0.7683383824668759	0.03454321919104642	59.0	0.0	0.0	6.0
0.2100040929283264	0.8946931360447709	0.03461868550445211	50.0	0.0	0.0	6.0
0.49438446522534435	0.0699093886975971	0.030744967797080903	8.0	0.0	0.0	6.0
0.6923321748173872	0.6614892238525911	0.03300858245290184	64.0	0.0	0.0	6.0
0.2019810310807173	0.5064302621464996	0.03450515999895957	25.0	0.0	0.0	6.0
0.40325154795698875	0.19013331905829756	0.028247717309411387	61.0	0.0	0.0	6.0
0.6948056323198654	0.5368770617448565	0.034032204430098606	37.0	0.0	0.0	6.0
0.5064910821007924	0.26895469831002383	0.033162172605156595	65.0	0.0	0.0	6.0
0.33916676464081374	0.6200401560234776	0.031211938291560135	49.0	0.0	0.0	6.0
0.1589000235937273	0.4293508364691656	0.032610853080006746	46.0	0.0	0.0	6.0
0.25698357723327364	0.11737859898367248	0.033937747931230174	28.0	0.0	0.0	6.0
0.30006788384594646	0.217194135620463	0.03313059154522934	6.0	0.0	0.0	6.0
0.11416050858575888	0.11228338095650592	0.03680656147900191	3.0	0.0	0.0	6.0
0.31743457648104834	0.6931388936031259	0.034105872907906835	32.0	0.0	0.0	6.0
0.6826158244262391	0.1703329165093277	0.03006438701236441	47.0	0.0	0.0	6.0
0.30455439143001384	0.7702147978034551	0.0316790371010743	62.0	0.0	0.0	6.0
0.5939014208761171	0.2385872742633053	0.03191991146632574	52.0	0.0	0.0	6.0
0.46831634988889104	0.20896359307375179	0.03432816284308639	26.0	0.0	0.0	6.0
0.3034594071671677	0.40665857897480884	0.03668531064391722	35.0	0.0	0.0	6.0
0.32498133440264304	0.884642667505049	0.029607105539407107	13.0	0.0	0.0	6.0
0.9228632249747324	0.7491645987617613	0.03383161779463262	30.0	0.0	0.0	6.0
0.5186096393712137	0.9479430616902467	0.03389779552191721	58.0	0.0	0.0	6.0
0.6046761948931111	0.9672642070471905	0.03347036697565879	23.0	0.0	0.0	6.0
0.33230875087906464	0.15146022418282692	0.032758450668366065	45.0	0.0	0.0	6.0
0.3369339366358745	0.06539344504740992	0.0374061440521554	4.0	0.0	0.08915482399163466	6.0
0.49531805691320835	0.5383205599563315	0.03533345539276504	14.0	0.0	0.0002372975258566612	6.0
0.03677831280223543	0.2501725484731051	0.030805188305053594	31.0	0.0	0.0	6.0
0.5441549881007764	0.44178089659543707	0.03210672265670762	51.0	0.0	0.0	6.0
0.4617340988575857	0.6947895597359857	0.03231148350504943	39.0	0.0	0.0	6.0
0.4080168594413281	0.9539181162465832	0.034377594706910736	34.0	0.0	0.0	6.0
0.5802608228748385	0.7727721493295472	0.03339934389250089	36.0	0.0	0.0	6.0
0.8214143981938202	0.7503080042399469	0.031656465247819295	7.0	0.0	0.0	6.0
0.411116494346261	0.1230466317923216	0.03243376563887186	11.0	0.0	0.0	6.0
0.5685955716066269	0.8881605771794607	0.03653597228015889	33.0	0.0	0.0	6.0
0.15020279637637474	0.2907965301632277	0.02893476884555421	21.0	0.0	0.0	6.0
0.5132026381691148	0.1394837591139491	0.031317853494944856	20.0	0.0	0.0	6.0
0.8973260880565616	0.04960500940374873	0.03182010771389803	22.0	0.0	0.0	6.0
0.13350457134166338	0.6476679038840366	0.03248159192984781	55.0	0.0	0.0	6.0
0.3858228596278354	0.2582667523078341	0.03442879468496805	44.0	0.0	0.0	6.0
0.5337095300426633	0.6219489746384343	0.03272940010464827	24.0	0.0	0.0	6.0
0.9654527354955815	0.47065398578980755	0.030736769851221996	12.0	0.0	0.0	6.0
0.22020530695421034	0.26670020395852934	0.03397446122531963	9.0	0.0	0.0	6.0
0.42698383710026233	0.040579477554437034	0.03243488515417757	42.0	0.0	0.0	6.0
0.5030762171950133	0.8540542165242669	0.032490263488809276	38.0	0.0	0.0	6.0
0.7693356011437819	0.6782887608985768	0.03262601759135762	16.0	0.0	0.0	6.0
0.09174221566269827	0.4287675190678522	0.03301948644830517	57.0	0.0	0.0	6.0
0.6791478624154718	0.9165627067926421	0.03277070598186276	41.0	0.0	0.0	6.0
0.38474693655368836	0.4022669918799582	0.03262466119033447	1.0	0.0	0.0	6.0
0.14467522505768066	0.1880809376630733	0.03376547639344268	10.0	0.0	0.0	6.0
0.3875934197060921	0.5526764800444637	0.03177712285481453	54.0	0.0	0.0	6.0
0.7019800282151001	0.3224911817083015	0.03308076032663438	15.0	0.0	0.0	6.0
0.8775004165023562	0.44927724915777684	0.03242855733824141	66.0	0.0	0.0	6.0
0.61844352300025	0.14992377255420108	0.037676913344781744	53.0	0.0	0.0	6.0
0.43177366480578255	0.6249179495772748	0.03444674340651235	43.0	0.0	0.0	6.0
0.4105946871745221	0.47407906814910655	0.0322913692694454	60.0	0.0	0.0	6.0
0.841044208027322	0.6284805465854846	0.03235036610292563	48.0	0.0	0.0	6.0
0.23599899151775197	0.193515594534746	0.033642908148444166	56.0	0.0	0.0	6.0
0.4724666962972716	0.7689970098432646	0.03692463320194663	40.0	0.0	0.045627208024413335	6.0
0.04173422117448311	0.5611401572354612	0.03355902083285283	2.0	0.0	0.0	6.0
0.27531583537196525	0.5427431143466788	0.030064516520334893	17.0	0.0	0.0	6.0
0.3447827476515817	0.9716301036615622	0.030255845403734723	63.0	0.0	0.0	6.0
0.5953714922512084	0.38051871535117565	0.036435983532304476	18.0	0.0	0.0	6.0
0.8081535710391714	0.12581029890519901	0.03370886344748829	27.0	0.0	0.0	6.0
0.12426673824945292	0.5623179028460177	0.03197333813342824	5.0	0.0	0.0	6.0
0.13361467417868236	0.6466431076329306	0.03251407352177765	55.0	0.0	0.0	7.0
0.30288107801492403	0.4050556917714773	0.03509029713765995	35.0	0.0	0.0	7.0
0.3038483614330836	0.7710032386627061	0.031710716138175374	62.0	0.0	0.0	7.0
0.46045750321746637	0.6941627162599253	0.032343794988554476	39.0	0.0	0.0	7.0
0.3838255777738652	0.26211745989784674	0.03446322347965302	44.0	0.0	0.0	7.0
0.9314412538381476	0.5333413252495968	0.031049771387832985	19.0	0.0	0.0	7.0
0.8218117101488729	0.751273642082865	0.03168812171306711	7.0	0.0	0.0	7.0
0.049126494101058085	0.32114643646867413	0.03392735207094748	29.0	0.0	0.0	7.0
0.6891719119490781	0.9081932673784082	0.03280347668784462	41.0	0.0	0.0	7.0
0.8793288397553165	0.4582297714916846	0.03246098589557965	66.0	0.0	0.0	7.0
0.3851361326438889	0.4040573307251122	0.0326572858515248	1.0	0.0	0.0	7.0
0.16117978549360965	0.4296613217912384	0.03264346393308675	46.0	0.0	0.0	7.0
0.48690963687684274	0.0638264644169132	0.03077571276487798	8.0	0.0	0.0	7.0
0.11577501779617382	0.11306357262474276	0.035133535957229095	3.0	0.0	0.0	7.0
0.3231789463752465	0.8858459590993985	0.029636712644946512	13.0	0.0	0.0	7.0
0.5681467481499857	0.8897391384496356	0.03494745174623894	33.0	0.0	0.0	7.0
0.8983644777554521	0.04953626580571294	0.031851927821611926	22.0	0.0	0.0	7.0
0.3989926970653158	0.18974345021142752	0.028275965026720796	61.0	0.0	0.0	7.0
0.601366885758295	0.3684053498054507	0.03485181033524777	18.0	0.0	0.0	7.0
0.5038524972522391	0.2710744737088355	0.03319533477776175	65.0	0.0	0.0	7.0
0.14898294070484525	0.2905752723214062	0.02896370361439976	21.0	0.0	0.0	7.0
0.34370731222674655	0.9738378161438862	0.030286101249138456	63.0	0.0	0.0	7.0
0.4239659206136786	0.04639794223322625	0.03246732003933175	42.0	0.0	0.0	7.0
0.5035766572864149	0.8427061091229926	0.03252275375229808	38.0	0.0	0.0	7.0
0.5168049418705553	0.14393892064547048	0.0313491713484398	20.0	0.0	0.0	7.0
0.9642331438720361	0.4694382272746901	0.030767506621073214	12.0	0.0	0.0	7.0
0.27429870301235343	0.5430566911619698	0.030094581036855226	17.0	0.0	0.0	7.0
0.47786234616455076	0.20500070771573148	0.03436249100592947	26.0	0.0	0.0	7.0
0.13499722219728147	0.18841618966990867	0.033799241869836114	10.0	0.0	0.0	7.0
0.034947162841297105	0.5702147226766917	0.03359257985368568	2.0	0.0	0.0	7.0
0.3825566354955467	0.7668068349513669	0.03457776241023747	59.0	0.0	0.0	7.0
0.5779603095970135	0.7776498248830279	0.033432743236393385	36.0	0.0	0.0	7.0
0.8336766528611795	0.6373613175618473	0.03238271646902855	48.0	0.0	0.0	7.0
0.09135921865439196	0.4266931573172329	0.03305250593475347	57.0	0.0	0.0	7.0
0.7645438913865212	0.6804572055898447	0.032658643608948976	16.0	0.0	0.0	7.0
0.3175082912562586	0.694112753755258	0.03413997878081474	32.0	0.0	0.0	7.0
0.4091878326777519	0.9535651684080714	0.03441197230161764	34.0	0.0	0.0	7.0
0.5168500401094501	0.9454291579199334	0.03393169331743912	58.0	0.0	0.0	7.0
0.539442992428804	0.620834294332288	0.032762129504752914	24.0	0.0	0.0	7.0
0.4171207772824608	0.1234061760607657	0.03246619940451073	11.0	0.0	0.0	7.0
0.3313127812291758	0.15183739403562202	0.03279120911903443	45.0	0.0	0.0	7.0
0.4735687260010438	0.7668391948361393	0.036961557835148574	40.0	0.0	0.048304025677964546	7.0
0.12321569136799973	0.5617343846186592	0.03200531147156166	5.0	0.0	0.0	7.0
0.3401465926037434	0.6202889732642649	0.03124315022985169	49.0	0.0	0.0	7.0
0.33796128051788277	0.05684603491134604	0.03744355019620755	4.0	0.0	0.09337782815786966	7.0
0.23606853007816447	0.19903793807243567	0.033676551056592605	56.0	0.0	0.0	7.0
0.20505782218275778	0.507684898251872	0.034539665158958524	25.0	0.0	0.0	7.0
0.5467008397494797	0.42890260370002053	0.032138829379364325	51.0	0.0	0.0	7.0
0.6055865920468196	0.23538385097784187	0.03195183137779206	52.0	0.0	0.0	7.0
0.22134443131466297	0.26692912061822877	0.03400843568654494	9.0	0.0	0.0	7.0
0.4110950880946158	0.47064751612469996	0.03232366063871484	60.0	0.0	0.0	7.0
0.6953297001322056	0.5358509175435265	0.0340662366345287	37.0	0.0	0.0	7.0
0.4933831252052438	0.5425606801001424	0.035368788848157806	14.0	0.0	0.0003210061210126014	7.0
0.2559958418260356	0.11795163544895804	0.0339716856791614	28.0	0.0	0.0	7.0
0.6823632192461472	0.17136856211421073	0.03009445139937677	47.0	0.0	0.0	7.0
0.6044880634681541	0.9639475208705647	0.03350383734263444	23.0	0.0	0.0	7.0
0.30256986375274614	0.21848188195918147	0.03316372213677457	6.0	0.0	0.0	7.0
0.7035639452631142	0.3230910049658734	0.03311384108696101	15.0	0.0	0.0	7.0
0.9228569274460742	0.7481643337281622	0.033865449412427244	30.0	0.0	0.0	7.0
0.03808807475815125	0.24872830563395062	0.029404952473005702	31.0	0.0	0.0	7.0
0.804398954547407	0.13901569646310016	0.033742572310935776	27.0	0.0	0.0	7.0
0.4346065343776144	0.6205265154375034	0.034481190149918864	43.0	0.0	0.0	7.0
0.6916193608992537	0.6607228384550083	0.03304159103535474	64.0	0.0	0.0	7.0
0.21531561833535573	0.8906943998023733	0.03465330418995655	50.0	0.0	0.0	7.0
0.6202949532744125	0.14812406591218302	0.03603878667761733	53.0	0.0	0.0	7.0
0.3854512939393683	0.5544422493391871	0.03180889997766934	54.0	0.0	0.0	7.0
0.6113692443185218	0.14501167680219587	0.0344006600104529	53.0	0.0	0.0	8.0
0.8081057122277223	0.12874211016958867	0.03377631488324671	27.0	0.0	0.0	8.0
0.38655632153967007	0.7680952849773512	0.0346123401726477	59.0	0.0	0.0	8.0
0.2559133486659884	0.11694596886946255	0.03400565736484056	28.0	0.0	0.0	8.0
0.6005751482655084	0.24371703004193673	0.03198378320916985	52.0	0.0	0.0	8.0
0.13575882623010618	0.11824468850048098	0.0344006600104529	67.0	3.0	0.0	8.0
0.6902841336865061	0.9065608864669015	0.03283628016453246	41.0	0.0	0.0	8.0
0.46287988137813574	0.6949095233218331	0.03237613878354303	39.0	0.0	0.0	8.0
0.14864985445590498	0.28948265335956314	0.028992667318014156	21.0	0.0	0.0	8.0
0.23560624182320464	0.19634461580749354	0.03371022760764919	56.0	0.0	0.0	8.0
0.49378637957058713	0.0740317498924361	0.030806488477642856	8.0	0.0	0.0	8.0
0.39281732813208997	0.1884619570640328	0.028304240991747512	61.0	0.0	0.0	8.0
0.21448927290950598	0.8900722927521628	0.03468795749414651	50.0	0.0	0.0	8.0
0.5482808924742554	0.42740492173964906	0.03217096820874368	51.0	0.0	0.0	8.0
0.5714325472110393	0.7855183187633804	0.033466175979629774	36.0	0.0	0.0	8.0
0.4179246432869401	0.04223732301240247	0.03249978735937108	42.0	0.0	0.0	8.0
0.03249533652122123	0.5706435097722832	0.03362617243353937	2.0	0.0	0.0	8.0
0.473887232214208	0.7652280183544983	0.036998519392983716	40.0	0.0	0.05108637354074119	8.0
0.8107086076466171	0.7529284463902353	0.03171980983478018	7.0	0.0	0.0	8.0
0.33314862471519424	0.14899152148294914	0.03282400032815346	45.0	0.0	0.0	8.0
0.6888080179957303	0.662867197412317	0.03307463262639009	64.0	0.0	0.0	8.0
0.41352102236525	0.12024342407532605	0.03249866560391524	11.0	0.0	0.0	8.0
0.38159885593310255	0.39530402663127934	0.032689943137376325	1.0	0.0	0.0	8.0
0.540375036209791	0.6201508288976906	0.03279489163425766	24.0	0.0	0.0	8.0
0.3378809276219442	0.622032385970757	0.03127439338008154	49.0	0.0	0.0	8.0
0.12243910758054408	0.5632788936995987	0.03203731678303322	5.0	0.0	0.0	8.0
0.7626614290710981	0.6839773788043351	0.032691302252557924	16.0	0.0	0.0	8.0
0.1624873359468149	0.430334306136248	0.032676107397019837	46.0	0.0	0.0	8.0
0.3867076281438433	0.5559960250012095	0.031840708877647006	54.0	0.0	0.0	8.0
0.301164307545585	0.7706892005475185	0.03174242685431355	62.0	0.0	0.0	8.0
0.7007195620444782	0.32203427535873297	0.03314695492804797	15.0	0.0	0.0	8.0
0.40714847888866584	0.4728712070065044	0.03235598429935355	60.0	0.0	0.0	8.0
0.8971690239408049	0.04782834519152435	0.03188377974943354	22.0	0.0	0.0	8.0
0.29997323507176904	0.21804460061462574	0.03319688585891134	6.0	0.0	0.0	8.0
0.3886882253812791	0.25701960956706515	0.03449768670313267	44.0	0.0	0.0	8.0
0.340274459441404	0.056984551072672064	0.037480993746403755	4.0	0.0	0.09773654503592866	8.0
0.2628135968686457	0.5475722122197881	0.030124675617892078	17.0	0.0	0.0	8.0
0.6051151359476274	0.36956091657724544	0.03326763713819105	18.0	0.0	0.0	8.0
0.32365403009695815	0.8818933045992334	0.029666349357591455	13.0	0.0	0.0	8.0
0.13394131473752194	0.1905162317858709	0.033833041111705944	10.0	0.0	0.0	8.0
0.6967723694515321	0.5345833853478714	0.034100302871163224	37.0	0.0	0.0	8.0
0.9218501878114679	0.7475371119720629	0.03389931486183967	30.0	0.0	0.0	8.0
0.832399956475681	0.6378632675953103	0.03241509918549758	48.0	0.0	0.0	8.0
0.0933584934677672	0.42577319542566133	0.03308555844068822	57.0	0.0	0.0	8.0
0.01541449144784433	0.25921382442333735	0.015761211508849078	69.0	31.0	0.0	8.0
0.05534342063633167	0.24385196526679326	0.015761211508849078	70.0	31.0	0.0	8.0
0.6836303242817677	0.1794865539981474	0.030124545850776143	47.0	0.0	0.0	8.0
0.05665962462560167	0.32102785940469575	0.03396127942301842	29.0	0.0	0.0	8.0
0.5048848410351027	0.8428341744033143	0.032555276506050376	38.0	0.0	0.0	8.0
0.08656061721330448	0.11248728074067824	0.018495481360130683	68.0	3.0	0.0	8.0
0.20276682343034066	0.5098840107800025	0.03457420482411748	25.0	0.0	0.0	8.0
0.4937509614352452	0.5414063825932829	0.03540415763700596	14.0	0.0	0.00042250547690514395	8.0
0.6030904871680837	0.9597454663956937	0.03353734117997707	23.0	0.0	0.0	8.0
0.5136245245279192	0.9404290550617069	0.033965625010756555	58.0	0.0	0.0	8.0
0.34480723958000886	0.9733811968579303	0.03031638735038759	63.0	0.0	0.0	8.0
0.5028339353897531	0.27227124592462737	0.03322853011253951	65.0	0.0	0.0	8.0
0.5671925565723636	0.8929413013043356	0.03335893121231899	33.0	0.0	0.0	8.0
0.9292917082489522	0.5320761080136812	0.031080821159220815	19.0	0.0	0.0	8.0
0.9550827797186692	0.46389604482888747	0.030798274127694283	12.0	0.0	0.0	8.0
0.1398263365821222	0.6439722433200037	0.03254658759529943	55.0	0.0	0.0	8.0
0.43520573910243615	0.6284427249465006	0.034515671340068776	43.0	0.0	0.0	8.0
0.3052445899140993	0.40410922273994127	0.03349528363140268	35.0	0.0	0.0	8.0
0.31293430778000353	0.7017982913671592	0.03417411875959555	32.0	0.0	0.0	8.0
0.47688416837403474	0.20572751706658052	0.034396853496935394	26.0	0.0	0.0	8.0
0.5151298702584952	0.14558783289166385	0.031380520519788235	20.0	0.0	0.0	8.0
0.8779559068329917	0.4598429164916103	0.03249344688147523	66.0	0.0	0.0	8.0
0.4080594642963477	0.9538821553495546	0.03444638427391925	34.0	0.0	0.0	8.0
0.2204932760882792	0.2678558763420754	0.03404244412223149	9.0	0.0	0.0	8.0
0.018174343270197863	0.25516325673364715	0.015776972720357926	69.0	0.0	0.0	9.0
0.3431683748610685	0.9717881173014344	0.030346703737737974	63.0	0.0	0.0	9.0
0.8689399260969509	0.4579719485129824	0.0325259403283567	66.0	0.0	0.0	9.0
0.700165927585562	0.32348244379922353	0.033180101882976015	15.0	0.0	0.0	9.0
0.1989365316426772	0.5057764376261248	0.03460877902894159	25.0	0.0	0.0	9.0
0.3132419994372484	0.7036611920942214	0.03420829287835514	32.0	0.0	0.0	9.0
0.6132837535441185	0.12025011338025236	0.018438937419351407	79.0	53.0	0.0	9.0
0.2103265012175699	0.8811001783936979	0.03472264545164065	50.0	0.0	0.0	9.0
0.23422509620489254	0.20009837864268157	0.03374393783525684	56.0	0.0	0.0	9.0
0.5062160768583546	0.5405811655432375	0.035439561794642964	14.0	0.0	0.0005435503597794877	9.0
0.13251834059192166	0.10625116529017753	0.010552966799649764	71.0	67.0	0.0	9.0
0.06614485620551534	0.25298649348900504	0.015776972720357926	70.0	0.0	0.0	9.0
0.1654782842729366	0.4368885324143562	0.032708783504416854	46.0	0.0	0.0	9.0
0.5899795151060983	0.9002386439361385	0.018838452644718864	76.0	33.0	0.0	9.0
0.3248874660807836	0.8801775187401155	0.029696015706949044	13.0	0.0	0.0	9.0
0.9274308521848708	0.5308839673023718	0.03111190198038003	19.0	0.0	0.0	9.0
0.8105534981854088	0.744717068082457	0.03175152964461495	7.0	0.0	0.0	9.0
0.393837959133406	0.18916207784910408	0.028332545232739256	61.0	0.0	0.0	9.0
0.8868917528894829	0.04870395058057941	0.031915663529182965	22.0	0.0	0.0	9.0
0.8293171204389164	0.6336868282850755	0.03244751428468307	48.0	0.0	0.0	9.0
0.09863356865997731	0.43341150429106096	0.03311864399912891	57.0	0.0	0.0	9.0
0.383013597547541	0.7644736233884922	0.03464695251282034	59.0	0.0	0.0	9.0
0.9563562526111048	0.4633100590888819	0.030829072401821974	12.0	0.0	0.0	9.0
0.39383922244672986	0.3949571520473638	0.0327226330805137	1.0	0.0	0.0	9.0
0.39295948331756864	0.26392363924260803	0.034532184389835796	44.0	0.0	0.0	9.0
0.25344539028144875	0.11454695813767082	0.0340396630222054	28.0	0.0	0.0	9.0
0.3010275471293848	0.7696608268615593	0.03177416928116786	62.0	0.0	0.0	9.0
0.6147870209702615	0.16859648072179412	0.018438937419351407	80.0	53.0	0.0	9.0
0.2888333526017617	0.38640392746794056	0.019236054478580757	78.0	35.0	0.0	9.0
0.6021881551993755	0.248466748427826	0.03201576699237901	52.0	0.0	0.0	9.0
0.5028648309260377	0.2747247877312586	0.033261758642652045	65.0	0.0	0.0	9.0
0.3378809276219442	0.6262478344252451	0.031305667773461616	49.0	0.0	0.0	9.0
0.4220462927640446	0.03769247979419287	0.03253228714673045	42.0	0.0	0.0	9.0
0.14679796998059988	0.13021366232405132	0.010552966799649764	72.0	67.0	0.0	9.0
0.14054135015010563	0.642893902477317	0.03257913418289472	55.0	0.0	0.0	9.0
0.5681780324163807	0.7876910641636898	0.0334996421556094	36.0	0.0	0.0	9.0
0.5372707765509849	0.4299074926554123	0.032203139176952424	51.0	0.0	0.0	9.0
0.12132772660284678	0.562171005730307	0.03206935409981625	5.0	0.0	0.0	9.0
0.031362395072429806	0.5703020252506279	0.0336597986059729	2.0	0.0	0.0	9.0
0.47862345488828395	0.7666231166076953	0.03703551791237669	40.0	0.0	0.05397650488158945	9.0
0.9196376382726303	0.7480989661874833	0.033933214176701504	30.0	0.0	0.0	9.0
0.7610077373495202	0.6825609364261226	0.03272399355481048	16.0	0.0	0.0	9.0
0.5269234205520368	0.9385324976930581	0.03399959063576731	58.0	0.0	0.0	9.0
0.14509591330797894	0.2783301211401014	0.02902165998533217	21.0	0.0	0.0	9.0
0.22564351643831368	0.27267643356261034	0.03407648656635372	9.0	0.0	0.0	9.0
0.3833089650408508	0.5539375264897954	0.03187254958652465	54.0	0.0	0.0	9.0
0.408893480717031	0.9532865747552287	0.03448083065819317	34.0	0.0	0.0	9.0
0.49216125299547014	0.07440113696607498	0.030837294966120494	8.0	0.0	0.0	9.0
0.5141863763271454	0.14630748528992552	0.03141190104030802	20.0	0.0	0.0	9.0
0.4758066683245388	0.20661570791513786	0.034431250350432326	26.0	0.0	0.0	9.0
0.699843491062403	0.5344576370185721	0.034134403174034385	37.0	0.0	0.0	9.0
0.32037761350943195	0.4251580034748817	0.019236054478580757	77.0	35.0	0.0	9.0
0.13911062041788505	0.19690938842133712	0.033866874152817646	10.0	0.0	0.0	9.0
0.3393799709055165	0.05985384258734703	0.03751847474015015	4.0	0.0	0.10223339234379125	9.0
0.43791758901217503	0.631395444201649	0.03455018701140884	43.0	0.0	0.0	9.0
0.2705651837170402	0.5511450349055417	0.030154800293509965	17.0	0.0	0.0	9.0
0.6879183764318815	0.6658527374616781	0.03310770725901648	64.0	0.0	0.0	9.0
0.5087821427689442	0.8418183337225822	0.03258783178255642	38.0	0.0	0.0	9.0
0.33523461210812766	0.14214888121504304	0.03285682432848161	45.0	0.0	0.0	9.0
0.592573456372939	0.3508049749340215	0.01878689706335877	73.0	18.0	0.0	9.0
0.05535567007624622	0.3195151609734405	0.033995240702441434	29.0	0.0	0.0	9.0
0.6886434462061469	0.9078453215908805	0.03286911644469699	41.0	0.0	0.0	9.0
0.6140338186771397	0.9640479816056992	0.033570878521157047	23.0	0.0	0.0	9.0
0.08446804854118996	0.11170986113831596	0.018513976841490812	68.0	0.0	0.0	9.0
0.4066414025013947	0.4713465942879525	0.0323883402836529	60.0	0.0	0.0	9.0
0.4118686721194123	0.12147115958639201	0.03253116426951915	11.0	0.0	0.0	9.0
0.5389604492367533	0.6205675085918025	0.032827686525891915	24.0	0.0	0.0	9.0
0.6850155934943537	0.17799717497616233	0.030154670396626917	47.0	0.0	0.0	9.0
0.544348662603475	0.8879043389227477	0.018838452644718864	75.0	33.0	0.0	9.0
0.8044136952826182	0.13076153421827255	0.03381009119812995	27.0	0.0	0.0	9.0
0.6197937610381232	0.39064360947210286	0.01878689706335877	74.0	18.0	0.0	9.0
0.4670546897405125	0.6969921911937882	0.03240851492232657	39.0	0.0	0.0	9.0
0.29941310766464224	0.21712634362375371	0.03323008274477025	6.0	0.0	0.0	9.0
0.5238769795362708	0.9416862965850943	0.03403359022640307	58.0	0.0	0.0	10.0
0.8082330995910324	0.7450628998522717	0.03178328117425956	7.0	0.0	0.0	10.0
0.621596209147197	0.3871143492661293	0.018805683960422127	74.0	0.0	0.0	10.0
0.3927313880419858	0.7625843235284987	0.03468159946533316	59.0	0.0	0.0	10.0
0.9228337002367539	0.5309852829508834	0.031143013882360408	19.0	0.0	0.0	10.0
0.14522002505312065	0.14195163929329171	0.011502733811618242	72.0	0.0	0.0	10.0
0.6897821145726891	0.9073038902885908	0.03290198556114168	41.0	0.0	0.0	10.0
0.3362153141953784	0.1398876917165398	0.03288968115281009	45.0	0.0	0.0	10.0
0.31456097330823146	0.7035571777117389	0.034242501171233494	32.0	0.0	0.0	10.0
0.5286572689107918	0.4363075335858034	0.03223534231612937	51.0	0.0	0.0	10.0
0.4024993421570682	0.47315856281881036	0.03242072862393655	60.0	0.0	0.0	10.0
0.8271243658857163	0.6344857943348835	0.032479961798967755	48.0	0.0	0.0	10.0
0.30351251615615904	0.7747621067821451	0.03180594345044902	62.0	0.0	0.0	10.0
0.02779795276129851	0.5655982615331331	0.03369345840457887	2.0	0.0	0.0	10.0
0.08983569166427399	0.1187013116382001	0.0185324908183323	68.0	0.0	0.0	10.0
0.11981922170655292	0.5652677468384079	0.03210142345391606	5.0	0.0	0.0	10.0
0.16745652804533015	0.4382342457593749	0.03274149228792127	46.0	0.0	0.0	10.0
0.5924230825567718	0.9013817420476375	0.01885729109736358	76.0	0.0	0.0	10.0
0.6122607475498523	0.11912206940633963	0.018457376356770756	79.0	0.0	0.0	10.0
0.8055258246993097	0.12810621695935082	0.03384390128932808	27.0	0.0	0.0	10.0
0.6107683735720184	0.25087714668430444	0.03204778275937139	52.0	0.0	0.0	10.0
0.22174864643278838	0.26859317153150086	0.03411056305292007	9.0	0.0	0.0	10.0
0.5123271271489277	0.1539301446475159	0.03144331294134833	20.0	0.0	0.0	10.0
0.10143296593048746	0.4349426917839528	0.03315176264312803	57.0	0.0	0.0	10.0
0.6026512234320094	0.9616859012241173	0.0336044493996782	23.0	0.0	0.0	10.0
0.3070597524971306	0.22178789545677188	0.03326331282751501	6.0	0.0	0.0	10.0
0.46969438826538834	0.7770028765659852	0.03707255343028906	40.0	0.0	0.05697668535182743	10.0
0.21114641114469848	0.8804829162533773	0.03475736809709229	50.0	0.0	0.0	10.0
0.13608770749130775	0.646203064841397	0.032611713317077615	55.0	0.0	0.0	10.0
0.42058115490564224	0.03680507671564648	0.03256481943387717	42.0	0.0	0.0	10.0
0.24333804346533736	0.11974911776382625	0.0340737026852276	28.0	0.0	0.0	10.0
0.3869211386623162	0.5402559229383508	0.03190442213611117	54.0	0.0	0.0	10.0
0.6990276029778563	0.5352812666891127	0.03416853757720842	37.0	0.0	0.0	10.0
0.537180249297659	0.6198284837619926	0.032860514212417806	24.0	0.0	0.0	10.0
0.20370836449942906	0.5071352377907801	0.03464338780797053	25.0	0.0	0.0	10.0
0.9205153253694766	0.7474029000097958	0.0339671473908782	30.0	0.0	0.0	10.0
0.44923128297088144	0.6222609556263136	0.03458473719842025	43.0	0.0	0.0	10.0
0.3283022037334268	0.88818861598909	0.02972571172265599	13.0	0.0	0.0	10.0
0.14562604225408235	0.09762442380455272	0.01171379314761124	71.0	0.0	0.0	10.0
0.27115109278163246	0.5538402720481522	0.03018495509380347	17.0	0.0	0.0	10.0
0.022651033370434878	0.2513288216395117	0.015792749693078284	69.0	0.0	0.0	10.0
0.33937622168369486	0.9724022032022206	0.03037705044147571	63.0	0.0	0.0	10.0
0.5956006958629722	0.3477102836722443	0.018805683960422127	73.0	0.0	0.0	10.0
0.4082149536067005	0.9523171768371994	0.03451531148885136	34.0	0.0	0.0	10.0
0.14697535886058447	0.2765486541956757	0.029050681645317496	21.0	0.0	0.0	10.0
0.8789102278533065	0.046730529937746075	0.03194757919271214	22.0	0.0	0.0	10.0
0.06698515538048835	0.25385640516406904	0.015792749693078284	70.0	0.0	0.0	10.0
0.3919877228694104	0.1833558985431048	0.028360877777971992	61.0	0.0	0.0	10.0
0.3924973531777102	0.26695879447246035	0.03456671657422563	44.0	0.0	0.0	10.0
0.3220389801641042	0.42200367939431954	0.019255290533059338	77.0	0.0	0.0	10.0
0.7539379647481355	0.6737038957729864	0.03275671754836529	16.0	0.0	0.0	10.0
0.567621898378737	0.7901026389677723	0.03353314179776501	36.0	0.0	0.0	10.0
0.6981804400848182	0.32365160383663727	0.03321328198485899	15.0	0.0	0.0	10.0
0.3340261760867116	0.05592791788592874	0.037555993214890296	4.0	0.0	0.10687080084620959	10.0
0.13861242867389792	0.19951565184405617	0.03390074102697046	10.0	0.0	0.0	10.0
0.6860730357156297	0.18098678854553263	0.03018482506702354	47.0	0.0	0.0	10.0
0.05625973569722247	0.32093617840508964	0.03402923594314387	29.0	0.0	0.0	10.0
0.4744113476166361	0.21040799668400373	0.034465681600782755	26.0	0.0	0.0	10.0
0.8695329831727876	0.45669371941485276	0.032558466268685055	66.0	0.0	0.0	10.0
0.4122552991669257	0.12044043194196129	0.03256369543378867	11.0	0.0	0.0	10.0
0.28955528233565325	0.3857366878397926	0.019255290533059338	78.0	0.0	0.0	10.0
0.49114476262047807	0.07461875985794296	0.03086813226108661	8.0	0.0	0.0	10.0
0.5516633860992206	0.8825404699983868	0.01885729109736358	75.0	0.0	0.0	10.0
0.338269559526303	0.6276146954114467	0.03133697344123507	49.0	0.0	0.0	10.0
0.2278486460434653	0.19176866370562431	0.03377768177309209	56.0	0.0	0.0	10.0
0.1723446893787575	0.03006012024048096	0.008817635270541082	-2.0	-1.0	0.0	10.0
0.9564813736845966	0.46214547867914485	0.030859901474223794	12.0	0.0	0.0	10.0
0.5042819997367337	0.8461379872841879	0.03262041961433897	38.0	0.0	0.0	10.0
0.38353187632808733	0.3875965591681089	0.03275535571359421	1.0	0.0	0.0	10.0
0.6870189692312159	0.6662597560142138	0.033140814966275495	64.0	0.0	0.0	10.0
0.4973005489214063	0.546372307206256	0.0354750013564376	14.0	0.0	0.0006859058761108372	10.0
0.6139390024184276	0.1695928709055321	0.018457376356770756	80.0	0.0	0.0	10.0
0.5005105639874615	0.27423623765732036	0.033295020401294693	65.0	0.0	0.0	10.0
0.47040534682964386	0.6957543020163752	0.03244092343724889	39.0	0.0	0.0	10.0
0.026856697957750045	0.5636346982951583	0.033727151862983445	2.0	0.0	0.0	11.0
0.8126381015304063	0.7382343906633305	0.03181506445543382	7.0	0.0	0.0	11.0
0.5208895889582684	0.1468612504249235	0.03147475625428967	20.0	0.0	0.0	11.0
0.3095273100540421	0.21885134911208579	0.033296576140342524	6.0	0.0	0.0	11.0
0.05597290400547673	0.3197915598352913	0.03406326517908701	29.0	0.0	0.0	11.0
0.49075655008425006	0.5569499784315375	0.03551047635779404	14.0	0.0	0.000851347515379075	11.0
0.2705844682598347	0.5518940544570773	0.030215140048897273	17.0	0.0	0.0	11.0
0.1188019260217007	0.5641459994846124	0.03213352487736997	5.0	0.0	0.0	11.0
0.8251897477607127	0.632697734060129	0.03251244176076672	48.0	0.0	0.0	11.0
0.4018870041734267	0.47450041204716886	0.03245314935256048	60.0	0.0	0.0	11.0
0.8715250237105783	0.45991363897787935	0.03259102473495373	66.0	0.0	0.0	11.0
0.6905746097554335	0.9064076006363895	0.032934887546702825	41.0	0.0	0.0	11.0
0.148079166204465	0.2775062153519275	0.02907973232696281	21.0	0.0	0.0	11.0
0.923947652894711	0.5303850640342651	0.031174156896242766	19.0	0.0	0.0	11.0
0.09105250266888164	0.4355877325612877	0.033184914405771156	57.0	0.0	0.0	11.0
0.2065454340462045	0.5053676787495586	0.034678031195778496	25.0	0.0	0.0	11.0
0.1772524615218144	0.44066943595947167	0.03277423378020918	46.0	0.0	0.0	11.0
0.3255701639184252	0.9007562576752751	0.029755437434378643	13.0	0.0	0.0	11.0
0.39003303342915063	0.27170993900478224	0.03460128329079985	44.0	0.0	0.0	11.0
0.3926379963653204	0.7609378634377459	0.03471628106479849	59.0	0.0	0.0	11.0
0.3116239460272222	0.7045856293109959	0.03427674367240472	32.0	0.0	0.0	11.0
0.876234612872481	0.053473473956444924	0.031979526771904854	22.0	0.0	0.0	11.0
0.506173903758412	0.28111911462084105	0.03332831542169599	65.0	0.0	0.0	11.0
0.9213758133327756	0.7482499498494388	0.034001114538269074	30.0	0.0	0.0	11.0
0.47304121435336666	0.7775016868962763	0.03710962598371935	40.0	0.0	0.06008919303546634	11.0
0.14751256568730606	0.14171262909429558	0.01151423654542986	72.0	0.0	0.0	11.0
0.5685894346966733	0.7761540529241657	0.03356667493956277	36.0	0.0	0.0	11.0
0.14290870453465299	0.19676328133056878	0.033934641767997424	10.0	0.0	0.0	11.0
0.22769811703922174	0.19575168817022645	0.033811459454865175	56.0	0.0	0.0	11.0
0.4472420913821409	0.622583077242048	0.03461932193561867	43.0	0.0	0.0	11.0
0.06265099768575341	0.255560436462831	0.01580854244277136	70.0	0.0	0.0	11.0
0.5977133803434377	0.34836161372269303	0.018824489644382547	73.0	0.0	0.0	11.0
0.8110047106721769	0.12767415158360887	0.033877745190617405	27.0	0.0	0.0	11.0
0.527524373915829	0.4415189577702483	0.0322675776584455	51.0	0.0	0.0	11.0
0.3221936817888048	0.42071657557427594	0.019274545823592396	77.0	0.0	0.0	11.0
0.21134666040719377	0.8780416957843717	0.03479212546518938	50.0	0.0	0.0	11.0
0.37851851635216704	0.3833024483405167	0.032788111069307804	1.0	0.0	0.0	11.0
0.6982971436352747	0.5336535156930498	0.034202706114785625	37.0	0.0	0.0	11.0
0.33786454853744136	0.14163863859685055	0.0329225708339629	45.0	0.0	0.0	11.0
0.6995264948292688	0.32364736659248455	0.03324649526684385	15.0	0.0	0.0	11.0
0.4912966506118855	0.08064882909504822	0.030899000393347694	8.0	0.0	0.0	11.0
0.33613013414388815	0.6242047155387156	0.031368310414676304	49.0	0.0	0.0	11.0
0.6855555917751379	0.6638607365014552	0.033173955781241764	64.0	0.0	0.0	11.0
0.30318072373102317	0.7763866644940651	0.03183774939389947	62.0	0.0	0.0	11.0
0.6896359779459511	0.17940136031185738	0.030215009892090562	47.0	0.0	0.0	11.0
0.4199387667980166	0.03766397502403634	0.032597384253311046	42.0	0.0	0.0	11.0
0.38708314782105985	0.19252043731129273	0.028389238655749962	61.0	0.0	0.0	11.0
0.24333804346533736	0.12613439449818953	0.034107776387912826	28.0	0.0	0.0	11.0
0.5940644507960818	0.9007244556559778	0.018876148388460943	76.0	0.0	0.0	11.0
0.13929587787886635	0.643524448021	0.03264432503039469	55.0	0.0	0.0	11.0
0.4086883688585627	0.953982230145447	0.03454982680034021	34.0	0.0	0.0	11.0
0.555988939584827	0.8843681723880462	0.018876148388460943	75.0	0.0	0.0	11.0
0.5382100606683808	0.6201318242388415	0.03289337472663022	24.0	0.0	0.0	11.0
0.6024069136347945	0.9573788114998888	0.03363805384907788	23.0	0.0	0.0	11.0
0.33526440187586587	0.05563826215867205	0.03759354920810518	4.0	0.0	0.11165121440718906	11.0
0.2237408978392847	0.26881356249288824	0.03414467361597298	9.0	0.0	0.0	11.0
0.02161217651280008	0.25264724538922223	0.01580854244277136	69.0	0.0	0.0	11.0
0.28822886221556004	0.38245434393043726	0.019274545823592396	78.0	0.0	0.0	11.0
0.5037833434502391	0.8448578491874407	0.03265304003395331	38.0	0.0	0.0	11.0
0.953392617580564	0.4616652340447822	0.030890761375698014	12.0	0.0	0.0	11.0
0.1518694074329715	0.09649200007818462	0.01172550694075885	71.0	0.0	0.0	11.0
0.41462722864061596	0.11316909581100983	0.032596259129222455	11.0	0.0	0.0	11.0
0.3351005652142454	0.9728751937278096	0.03040742749191718	63.0	0.0	0.0	11.0
0.09183622064151596	0.11242350259578594	0.01855102330915063	68.0	0.0	0.0	11.0
0.6152732784372443	0.11389154567543126	0.018475833733127524	79.0	0.0	0.0	11.0
0.623051799391742	0.38781774530365887	0.018824489644382547	74.0	0.0	0.0	11.0
0.751907496368078	0.672800383538089	0.03278947426591365	16.0	0.0	0.0	11.0
0.4628942472671502	0.20646113750437106	0.034500147282383535	26.0	0.0	0.0	11.0
0.4727994660362596	0.6963622639828054	0.03247336436068614	39.0	0.0	0.0	11.0
0.5242686726303355	0.9390002199295356	0.03406762381662947	58.0	0.0	0.0	11.0
0.614094395835727	0.2532840584560005	0.032079830542130754	52.0	0.0	0.0	11.0
0.38804425790753827	0.5393419421740655	0.03193632655824728	54.0	0.0	0.0	11.0
0.6136600588686213	0.16808207625766033	0.018475833733127524	80.0	0.0	0.0	11.0
