# x	y	r	id	split_id	s_prob	t
2.0	0.5	0.0	-1.0	0.0	0.0	0.0
0.08646082199515648	0.7927063545678033	0.030052088135919624	1.0	0.0	0.0	0.0
0.5373836042470921	0.24369442771023056	0.030336326454958124	2.0	0.0	0.0	0.0
0.5809720895117622	0.6860380688451936	0.03297305384909885	3.0	0.0	0.0	0.0
0.22091992952588635	0.8308424075676363	0.031666529948664306	4.0	0.0	0.0	0.0
0.6319894017243836	0.6123421466903207	0.0314568370738178	5.0	0.0	0.0	0.0
0.4785739003717549	0.07909692766922997	0.032771547501387915	6.0	0.0	0.0	0.0
0.5989909525543766	0.9452061884343713	0.03455342939398243	7.0	0.0	0.0	0.0
0.5051355816011752	0.33313235489594706	0.03294678044202165	8.0	0.0	0.0	0.0
0.38316058127734587	0.11734094319588459	0.03483998440266731	9.0	0.0	0.0	0.0
0.8313726573451611	0.5675233851825395	0.033728040804272386	10.0	0.0	0.0	0.0
0.2720586240038245	0.5077955326948076	0.03414409512054584	11.0	0.0	0.0	0.0
0.6630087054843141	0.9833337039179703	0.0316005580999016	12.0	0.0	0.0	0.0
0.8384520839567049	0.8469895758315112	0.030033231401759414	13.0	0.0	0.0	0.0
0.9335349105110617	0.25599097007332505	0.028414558305742056	14.0	0.0	0.0	0.0
0.22786269804203169	0.28705202693271187	0.03357426817722857	15.0	0.0	0.0	0.0
0.9824566789100455	0.6938501017198879	0.03224639772447568	16.0	0.0	0.0	0.0
0.4470940334926717	0.14123078379995288	0.031154310254655464	17.0	0.0	0.0	0.0
0.7425339113614919	0.9752385049213999	0.030530330324168055	18.0	0.0	0.0	0.0
0.6386615614425774	0.49113904684482385	0.03216709775025415	19.0	0.0	0.0	0.0
0.7385587185845541	0.6931634406344596	0.03258240889477781	20.0	0.0	0.0	0.0
0.8587885370069324	0.9899127542024552	0.029667576291277024	21.0	0.0	0.0	0.0
0.3260300097347367	0.6411533461416652	0.030905316341398228	22.0	0.0	0.0	0.0
0.8164986274091902	0.47973161499350003	0.0335087469656516	23.0	0.0	0.0	0.0
0.9561945733001432	0.8589063252689438	0.032608695679973	24.0	0.0	0.0	0.0
0.3169217789113007	0.145798350715147	0.02981972923302442	25.0	0.0	0.0	0.0
0.459861812139575	0.8610479602691656	0.033129855583798815	26.0	0.0	0.0	0.0
0.7167611895860875	0.09475527281194254	0.032157597321781396	27.0	0.0	0.0	0.0
0.12304652677936107	0.7162934995423328	0.03189700760144638	28.0	0.0	0.0	0.0
0.38693676853522563	0.7168634792671467	0.03286379066424847	29.0	0.0	0.0	0.0
0.4537830225335689	0.2919721183942262	0.02881776003438232	30.0	0.0	0.0	0.0
0.06750384609207194	0.31072446617007043	0.03353725211771617	31.0	0.0	0.0	0.0
0.03277840151829226	0.0673290166161882	0.030693216846618833	32.0	0.0	0.0	0.0
0.9774440272616656	0.5540908926563376	0.032902240765607646	33.0	0.0	0.0	0.0
0.3799882400607518	0.4207275763305006	0.030581545572852403	34.0	0.0	0.0	0.0
0.16251652958912846	0.3542377393670871	0.034321452221106365	35.0	0.0	0.0	0.0
0.3076062530921473	0.054407351164795115	0.03239991823021344	36.0	0.0	0.0	0.0
0.1511941401799361	0.25278217828397453	0.031002163061247912	37.0	0.0	0.0	0.0
0.15217573635320564	0.1428545658521521	0.03073678366242183	38.0	0.0	0.0	0.0
0.438031182653488	0.3552085935648401	0.03409985517221828	39.0	0.0	0.0	0.0
0.19971608059600957	0.7298123038429293	0.032605080260618355	40.0	0.0	0.0	0.0
0.3651087272889232	0.8466583639755766	0.03200935354743383	41.0	0.0	0.0	0.0
0.17851692570432592	0.5037162123145811	0.03395672850257002	42.0	0.0	0.0	0.0
0.3718414424973623	0.5283757390090997	0.03268627997834719	43.0	0.0	0.0	0.0
0.7037280551137873	0.6257747339171492	0.030481242426326174	44.0	0.0	0.0	0.0
0.7989704714804247	0.07531434629795382	0.03074897880701291	45.0	0.0	0.0	0.0
0.11142357779718969	0.5355530897861346	0.033467650228383716	46.0	0.0	0.0	0.0
0.5456638626442911	0.9010617972821758	0.03050744544521198	47.0	0.0	0.0	0.0
0.4260983500532235	0.5788907908714533	0.03324669741618179	48.0	0.0	0.0	0.0
0.1037221474758349	0.09860742744184224	0.03154453420181011	49.0	0.0	0.0	0.0
0.7419221806595054	0.2204576348750463	0.03386208864786099	50.0	0.0	0.0	0.0
0.491916642101455	0.42604838636574033	0.03509941929131154	51.0	0.0	6.289150149996203e-06	0.0
0.763048359650817	0.9036911331902346	0.032294691613241944	52.0	0.0	0.0	0.0
0.8086976789558696	0.7789387643365688	0.03410978198653945	53.0	0.0	0.0	0.0
0.47519505570712767	0.2191125541594007	0.03198020475752009	54.0	0.0	0.0	0.0
0.5599503698901571	0.8248089637255944	0.031991223835275924	55.0	0.0	0.0	0.0
0.026527332050324218	0.8374585758137065	0.026527332050324218	56.0	0.0	0.0	0.0
0.7096476276892195	0.8505446703343851	0.0320313648594987	57.0	0.0	0.0	0.0
0.8599423837418937	0.14915114267997104	0.03223473011738339	58.0	0.0	0.0	0.0
0.29686196756586136	0.8597275996232266	0.03468258986631431	59.0	0.0	0.0	0.0
0.47753182849986203	0.9367397425097168	0.03269617885041561	60.0	0.0	0.0	0.0
0.25977134227328325	0.9270012795734727	0.03210308920807935	61.0	0.0	0.0	0.0
0.15916348764212981	0.6545000331842572	0.029058875742132208	62.0	0.0	0.0	0.0
0.2789953303888062	0.7801274280273693	0.03134480075206363	63.0	0.0	0.0	0.0
0.3026570113478991	0.5709567613678898	0.0350162430970542	64.0	0.0	2.7427518034528475e-08	0.0
0.8343282191490905	0.9132401032154288	0.03062190395727578	65.0	0.0	0.0	0.0
0.09455117678928765	0.6178655242447363	0.03484560900977153	66.0	0.0	0.0	0.0
0.9732626519025401	0.6271490476605266	0.03230481851679215	67.0	0.0	0.0	0.0
0.898978758604812	0.5987768183620915	0.029698340398709677	68.0	0.0	0.0	0.0
0.6613154326696769	0.6769716324439552	0.034791748346981795	69.0	0.0	0.0	0.0
0.16603937935444055	0.06688020347648733	0.03405875093165582	70.0	0.0	0.0	0.0
0.5171501719285767	0.5620524402506688	0.03285288250191286	71.0	0.0	0.0	0.0
0.8736588619007053	0.7363497661271612	0.031150645521385658	72.0	0.0	0.0	0.0
0.9176148231778737	0.18136129692448402	0.03360876175061154	73.0	0.0	0.0	0.0
0.6913164674392419	0.16602690086202496	0.03509174848888825	74.0	0.0	4.942842068089703e-06	0.0
0.22837688644619963	0.5711330629507912	0.03544293149644549	75.0	0.0	0.0005561470846373595	0.0
0.9412276195929031	0.7663496707445919	0.03280160207951749	76.0	0.0	0.0	0.0
0.40498865528116257	0.640925803171474	0.030969503975247514	77.0	0.0	0.0	0.0
0.8302187649520517	0.25522027338304	0.02978050744293484	78.0	0.0	0.0	0.0
0.1916087265934096	0.946839934066374	0.02915413713197401	79.0	0.0	0.0	0.0
0.3887679077281978	0.22369993670775196	0.03085480880003105	80.0	0.0	0.0	0.0
0.7808033053265535	0.1522637412151877	0.033199435650985196	81.0	0.0	0.0	0.0
0.7171255750867307	0.7674701812722324	0.036429946304458324	82.0	0.0	0.018712816680505284	0.0
0.7572525789286522	0.3344228855622856	0.032528211377694516	83.0	0.0	0.0	0.0
0.8966719449950826	0.5319102394121346	0.0336148803424498	84.0	0.0	0.0	0.0
0.2234195368370034	0.648915521997803	0.031098640259477627	85.0	0.0	0.0	0.0
0.6474894646114092	0.7588764416530057	0.033548307540783015	86.0	0.0	0.0	0.0
0.6123972999305015	0.5521309787734316	0.031214744247136213	87.0	0.0	0.0	0.0
0.9086759878978166	0.6675812441009299	0.030813514104299725	88.0	0.0	0.0	0.0
0.09052543894784267	0.45774395334118034	0.03401082762898523	89.0	0.0	0.0	0.0
0.03291840939220068	0.5595665256488668	0.029867379485913267	90.0	0.0	0.0	0.0
0.026453436054354084	0.7469840770420522	0.026453436054354084	91.0	0.0	0.0	0.0
0.5301509924971644	0.7570294309297297	0.032609481304655887	92.0	0.0	0.0	0.0
0.6176136441974457	0.5437007746156567	0.031245958991383348	87.0	0.0	0.0	1.0
0.7429394527636021	0.6917829306920423	0.03261499130367258	20.0	0.0	0.0	1.0
0.2763092643301319	0.7793178098567574	0.03137614555281569	63.0	0.0	0.0	1.0
0.6699253202407395	0.9847594252621342	0.0316321586580015	12.0	0.0	0.0	1.0
0.10462690217782777	0.5448071766473236	0.0335011178786121	46.0	0.0	0.0	1.0
0.5784521741964314	0.6781303867607724	0.033006026902947946	3.0	0.0	0.0	1.0
0.4823793731470076	0.21077813351082975	0.03201218496227761	54.0	0.0	0.0	1.0
0.7991246330248798	0.06715314999070736	0.03077972778581992	45.0	0.0	0.0	1.0
0.7572919833175008	0.9053082434868325	0.032326986304855185	52.0	0.0	0.0	1.0
0.641497469675054	0.7650795970377856	0.033581855848323794	86.0	0.0	0.0	1.0
0.16668289055450994	0.06783756704735026	0.034092809682587474	70.0	0.0	0.0	1.0
0.4763835865444991	0.07971224168585117	0.0328043190488893	6.0	0.0	0.0	1.0
0.28745708838087036	0.8631036302834906	0.03471727245618062	59.0	0.0	0.0	1.0
0.4517880239261562	0.2818803377497038	0.0288465777944167	30.0	0.0	0.0	1.0
0.7182404330098375	0.765693235410976	0.03646637625076278	82.0	0.0	0.02017977077380806	1.0
0.3744303084198586	0.5248685004538544	0.03271896625832553	43.0	0.0	0.0	1.0
0.029700845866726295	0.06961571362260509	0.03072391006346545	32.0	0.0	0.0	1.0
0.265135413036059	0.4916003760687124	0.03417823921566639	11.0	0.0	0.0	1.0
0.9711693058002667	0.6257811875432157	0.032337123335308936	67.0	0.0	0.0	1.0
0.6544382504837009	0.6892951577039503	0.034826540095328776	69.0	0.0	0.0	1.0
0.8741245010374793	0.7336369214008531	0.03118179616690704	72.0	0.0	0.0	1.0
0.7548771020861451	0.3441620055223301	0.032560739589072206	83.0	0.0	0.0	1.0
0.3684033978623291	0.8429357369942365	0.03204136290098126	41.0	0.0	0.0	1.0
0.732796194630358	0.9836860472792318	0.03056086065449222	18.0	0.0	0.0	1.0
0.4461931549007041	0.14296765434973216	0.031185464564910115	17.0	0.0	0.0	1.0
0.9336097169356884	0.26804259888479137	0.028442972864047796	14.0	0.0	0.0	1.0
0.9084044046518616	0.6692837857897584	0.03084432761840402	88.0	0.0	0.0	1.0
0.45676496812811107	0.8624026928001474	0.03316298543938261	26.0	0.0	0.0	1.0
0.156281078031562	0.6629222538553607	0.029087934617874338	62.0	0.0	0.0	1.0
0.2577764440520929	0.9279652895407823	0.032135192297287424	61.0	0.0	0.0	1.0
0.3818693902286525	0.11691601078582037	0.03487482438706997	9.0	0.0	0.0	1.0
0.12295015817057924	0.71527607723273	0.03192890460904782	28.0	0.0	0.0	1.0
0.22694269236020853	0.5713653105225541	0.03547837442794193	75.0	0.0	0.0007006221150476222	1.0
0.3175306351001494	0.14452820832104746	0.02984954896225744	25.0	0.0	0.0	1.0
0.025896703378944275	0.8342685153314254	0.026553859382374537	56.0	0.0	0.0	1.0
0.19477228510396624	0.7332959366625721	0.03263768534087897	40.0	0.0	0.0	1.0
0.8304982199652001	0.2562523762326864	0.02981028795037777	78.0	0.0	0.0	1.0
0.18056982207997307	0.49969839378543796	0.033990685231072584	42.0	0.0	0.0	1.0
0.4127212341798359	0.6398230590442666	0.03100047347922276	77.0	0.0	0.0	1.0
0.3255927196037515	0.643800893073044	0.030936221657739623	22.0	0.0	0.0	1.0
0.7859016400216413	0.13964746106323964	0.033232635086636174	81.0	0.0	0.0	1.0
0.09348467108298454	0.6177814195214391	0.034880454618781295	66.0	0.0	0.0	1.0
0.6289891456138559	0.6126593933521114	0.03148829391089161	5.0	0.0	0.0	1.0
0.7429812445000962	0.21916457008799672	0.03389595073650885	50.0	0.0	0.0	1.0
0.6076383500653523	0.9489812615422217	0.034587982823376405	7.0	0.0	0.0	1.0
0.8579283607200697	0.985832269153675	0.029697243867568297	21.0	0.0	0.0	1.0
0.08455394810463678	0.7924588712224448	0.030082140224055542	1.0	0.0	0.0	1.0
0.2263511784359772	0.28356693976462655	0.033607842445405794	15.0	0.0	0.0	1.0
0.30830641519712215	0.571773642786886	0.03505125934015125	64.0	0.0	8.619836080470122e-07	1.0
0.8375568406356403	0.9164183037587166	0.03065252586123305	65.0	0.0	0.0	1.0
0.16536739285783275	0.34488608562899914	0.03435577367332747	35.0	0.0	0.0	1.0
0.30647805732255745	0.0487003275165207	0.03243231814844365	36.0	0.0	0.0	1.0
0.9352687139924982	0.7691372400979757	0.032834403681597006	76.0	0.0	0.0	1.0
0.8209988555422022	0.5651138483832423	0.03376176884507665	10.0	0.0	0.0	1.0
0.6412614161556726	0.47953199567362115	0.0321992648480044	19.0	0.0	0.0	1.0
0.5385092214751477	0.2488723734781955	0.03036666278141308	2.0	0.0	0.0	1.0
0.710303925748826	0.8579713905522024	0.0320633962243582	57.0	0.0	0.0	1.0
0.4357987201421484	0.3538564381386862	0.03413395502739049	39.0	0.0	0.0	1.0
0.15271991242092525	0.1436865858807344	0.03076752044608425	38.0	0.0	0.0	1.0
0.4897130727234616	0.4248966236548502	0.035134518710602844	51.0	0.0	1.5578586911146886e-05	1.0
0.5042640990567364	0.33269072853176473	0.032979727222463666	8.0	0.0	0.0	1.0
0.9061784716597722	0.5239780174425529	0.033648495222792243	84.0	0.0	0.0	1.0
0.5311597739887151	0.7578825344774567	0.03264209078596054	92.0	0.0	0.0	1.0
0.8606683547730051	0.15173049256572646	0.03226696484750077	58.0	0.0	0.0	1.0
0.09155712250497898	0.45692575738868285	0.03404483845661421	89.0	0.0	0.0	1.0
0.8372713453015405	0.8461463969533182	0.030063264633161172	13.0	0.0	0.0	1.0
0.5608368867103677	0.8260259240969193	0.032023215059111196	55.0	0.0	0.0	1.0
0.7085909123580789	0.6263747529755648	0.0305117236687525	44.0	0.0	0.0	1.0
0.9266947029258583	0.1854324904263223	0.033642370512362144	73.0	0.0	0.0	1.0
0.10331868989201004	0.09757168110220123	0.03157607873601192	49.0	0.0	0.0	1.0
0.19531265090394911	0.9471555018927712	0.029183291269105984	79.0	0.0	0.0	1.0
0.7161944191270413	0.09344847900909681	0.032189754919103176	27.0	0.0	0.0	1.0
0.06847100783018288	0.31198421151124345	0.03357078936983388	31.0	0.0	0.0	1.0
0.8112632751677382	0.7681249001922018	0.03414389176852599	53.0	0.0	0.0	1.0
0.8157036895886285	0.4790331810089357	0.03354225571261725	23.0	0.0	0.0	1.0
0.5152662774691765	0.5625561690542927	0.03288573538441477	71.0	0.0	0.0	1.0
0.43354604586831685	0.5780193998881514	0.03327994411359797	48.0	0.0	0.0	1.0
0.3821189299404959	0.4203962933324996	0.03061212711842525	34.0	0.0	0.0	1.0
0.9795282982125532	0.546924903276899	0.03293514300637325	33.0	0.0	0.0	1.0
0.22008878728045744	0.647324410054495	0.0311297388997371	85.0	0.0	0.0	1.0
0.14881129477344496	0.2631149569944184	0.031033165224309156	37.0	0.0	0.0	1.0
0.47482965316131354	0.9363196040579463	0.032728875029266025	60.0	0.0	0.0	1.0
0.38808892724801575	0.2255453117779349	0.030885663608831077	80.0	0.0	0.0	1.0
0.6853338156205931	0.1671509858914378	0.03512684023737713	74.0	0.0	1.3060238629236665e-05	1.0
0.9772818353921587	0.6965804776650613	0.03227864412220015	16.0	0.0	0.0	1.0
0.535918186104448	0.8989930818830446	0.030537952890657187	47.0	0.0	0.0	1.0
0.2194720050637336	0.8344913905721297	0.03169819647861297	4.0	0.0	0.0	1.0
0.8972021949817567	0.5963727832356186	0.029728038739108384	68.0	0.0	0.0	1.0
0.3881665336486568	0.7146647353634408	0.032896654454912716	29.0	0.0	0.0	1.0
0.03709621609522375	0.5590777163336937	0.029897246865399178	90.0	0.0	0.0	1.0
0.957281246122071	0.8514543519167457	0.03264130437565297	24.0	0.0	0.0	1.0
0.027177562336412473	0.7478796427197878	0.026479889490408436	91.0	0.0	0.0	1.0
0.02119375613460323	0.07514155147843901	0.03075463397352891	32.0	0.0	0.0	2.0
0.02694015732332459	0.7491216143290104	0.02650636937989884	91.0	0.0	0.0	2.0
0.10481284379144594	0.45219013781874273	0.034078883295070826	89.0	0.0	0.0	2.0
0.976688508797409	0.6949986997544941	0.032310922766322345	16.0	0.0	0.0	2.0
0.08732035785950412	0.7930148046239502	0.030112222364279594	1.0	0.0	0.0	2.0
0.4023228955974673	0.6475492717923326	0.03103147395270198	77.0	0.0	0.0	2.0
0.4308484598238621	0.5775301108023569	0.03331322405771157	48.0	0.0	0.0	2.0
0.27414002881972455	0.7766001825460654	0.0314075216983685	63.0	0.0	0.0	2.0
0.22816021860840063	0.28162194130638035	0.0336414502878512	15.0	0.0	0.0	2.0
0.4834394193963046	0.2101541929011401	0.03204419714723988	54.0	0.0	0.0	2.0
0.905633377897055	0.6710837250196715	0.03087517194602242	88.0	0.0	0.0	2.0
0.47269155184771666	0.9366382662753415	0.032761603904295285	60.0	0.0	0.0	2.0
0.7850292534268954	0.1408450242567147	0.033265867721722804	81.0	0.0	0.0	2.0
0.8592301945718434	0.9842427941401775	0.02972694111143586	21.0	0.0	0.0	2.0
0.7618771218288853	0.9044765894845113	0.032359313291160034	52.0	0.0	0.0	2.0
0.8205602499671986	0.5641685120380335	0.03379553061392172	10.0	0.0	0.0	2.0
0.22096659007176847	0.6504117386437459	0.031160868638636836	85.0	0.0	0.0	2.0
0.6618115460865012	0.9910057374672605	0.0316637908166595	12.0	0.0	0.0	2.0
0.44287993309947155	0.14863741735283156	0.03121665002947502	17.0	0.0	0.0	2.0
0.7229698174066093	0.7636906679709216	0.03650284262701354	82.0	0.0	0.021723034353215098	2.0
0.47519057667880316	0.06860814962974252	0.03283712336793819	6.0	0.0	0.0	2.0
0.0678584242893254	0.3088854330470338	0.03360436015920371	31.0	0.0	0.0	2.0
0.5594583565379145	0.8287676145675364	0.032055238274170304	55.0	0.0	0.0	2.0
0.9773150993761806	0.5455844154521056	0.03296807814937962	33.0	0.0	0.0	2.0
0.632127083045521	0.763871982887898	0.033615437704172114	86.0	0.0	0.0	2.0
0.19596399862618677	0.7332321022349044	0.03267032302621985	40.0	0.0	0.0	2.0
0.30365879749473246	0.042417906681592475	0.032464750466592085	36.0	0.0	0.0	2.0
0.900364553537367	0.5114471504805193	0.033682143718015034	84.0	0.0	0.0	2.0
0.16049767884248864	0.6551701497098765	0.029117022552492208	62.0	0.0	0.0	2.0
0.4395007402113699	0.35632794236735205	0.03416808898241788	39.0	0.0	0.0	2.0
0.44859208994303007	0.2859363299057874	0.028875424372211113	30.0	0.0	0.0	2.0
0.1553833843653287	0.14292022561643258	0.03079828796653033	38.0	0.0	0.0	2.0
0.21890190670481421	0.8307093816979652	0.031729894675091574	4.0	0.0	0.0	2.0
0.5438077413951627	0.24240314162506132	0.03039702944419449	2.0	0.0	0.0	2.0
0.1668964511314334	0.056899182500254095	0.03412690249227006	70.0	0.0	0.0	2.0
0.9344989885019499	0.7627331921690208	0.0328672380852786	76.0	0.0	0.0	2.0
0.2948851296195648	0.8647564085233271	0.0347519897286368	59.0	0.0	0.0	2.0
0.8038952710668228	0.0678028727047424	0.030810507513605735	45.0	0.0	0.0	2.0
0.09520530453600906	0.10807410205139728	0.03160765481474793	49.0	0.0	0.0	2.0
0.5329780735565536	0.8878570019233553	0.03056849084354784	47.0	0.0	0.0	2.0
0.9339976230598132	0.2659416487226121	0.028471415836911842	14.0	0.0	0.0	2.0
0.9611391925571001	0.6275353016461499	0.03236946045864424	67.0	0.0	0.0	2.0
0.2221563804778305	0.5717730958633299	0.03551385280236987	75.0	0.0	0.0008683527061208451	2.0
0.2576014768597094	0.9263367599980771	0.03216732748958471	61.0	0.0	0.0	2.0
0.7448551597144009	0.22007011650900912	0.03392984668724535	50.0	0.0	0.0	2.0
0.318789454678117	0.14444487179800622	0.029879398511219693	25.0	0.0	0.0	2.0
0.09632264410867936	0.6210321005590879	0.03491533507340007	66.0	0.0	0.0	2.0
0.11764656064167313	0.7220893030593561	0.03196083351365686	28.0	0.0	0.0	2.0
0.7133678462284916	0.8612242709152684	0.03209545962058256	57.0	0.0	0.0	2.0
0.8396779386047805	0.26325422999648296	0.029840098238328144	78.0	0.0	0.0	2.0
0.16617516241098468	0.35019131411834925	0.034390129447000796	35.0	0.0	0.0	2.0
0.383066289198231	0.11477602951299833	0.034909699211457035	9.0	0.0	0.0	2.0
0.5777340227780147	0.6744975889446309	0.033039032929850894	3.0	0.0	0.0	2.0
0.7552189568121114	0.34623174450470845	0.03259330032866128	83.0	0.0	0.0	2.0
0.024985281187870207	0.8329663849360127	0.02658041324175691	56.0	0.0	0.0	2.0
0.19531265090394911	0.9490576690542322	0.029212474560375085	79.0	0.0	0.0	2.0
0.10580541252671062	0.5449676803232811	0.033534618996490705	46.0	0.0	0.0	2.0
0.4749498997995992	0.783567134268537	0.07735470941883767	-2.0	-1.0	486.2785282485806	2.0
0.4535514052153107	0.8620676608710196	0.03319614842482199	26.0	0.0	0.0	2.0
0.7455389246944337	0.6931208552902505	0.032647606294976254	20.0	0.0	0.0	2.0
0.817448248651272	0.4865981462779746	0.033575797968329865	23.0	0.0	0.0	2.0
0.8632448057419378	0.14909663411937463	0.03229923181234827	58.0	0.0	0.0	2.0
0.6551202673757288	0.6881447420339865	0.0348613666354241	69.0	0.0	0.0	2.0
0.26474293190592146	0.4879473077038586	0.03421241745488205	11.0	0.0	0.0	2.0
0.928246012686911	0.18608797476302347	0.0336760128828745	73.0	0.0	0.0	2.0
0.6377627269190278	0.6195329315429485	0.0315197822048025	5.0	0.0	0.0	2.0
0.8362908845343535	0.9144005260597924	0.03068317838709428	65.0	0.0	0.0	2.0
0.03822167501114233	0.5608968997850347	0.029927144112264575	90.0	0.0	0.0	2.0
0.9580519835319189	0.8483786793982006	0.03267394568002862	24.0	0.0	0.0	2.0
0.7163504604680939	0.08518776768269239	0.03222194467402228	27.0	0.0	0.0	2.0
0.3687407089306449	0.8492194856375606	0.032073404263882235	41.0	0.0	0.0	2.0
0.6056527622938545	0.9526942776440477	0.03462257080619978	7.0	0.0	0.0	2.0
0.8135059334646002	0.7680895990865748	0.03417803566029451	53.0	0.0	0.0	2.0
0.7105362271765485	0.6257345477054133	0.03054223539242125	44.0	0.0	0.0	2.0
0.3905790868215226	0.23049786697725308	0.030916549272439905	80.0	0.0	0.0	2.0
0.7444185047062116	0.9847951094263121	0.030591421515146707	18.0	0.0	0.0	2.0
0.3070821878573744	0.5723652355534912	0.035086310599491397	64.0	0.0	4.1150240122078685e-06	2.0
0.37608140212388474	0.7190681510497364	0.03292955110936763	29.0	0.0	0.0	2.0
0.5298201474080773	0.7580136778690084	0.03267473287674649	92.0	0.0	0.0	2.0
0.8722849561678783	0.7321399221881627	0.031212977963073946	72.0	0.0	0.0	2.0
0.1502372019063599	0.26266550727699095	0.031064198389533462	37.0	0.0	0.0	2.0
0.8366490363371639	0.8452330491555518	0.03009332789779433	13.0	0.0	0.0	2.0
0.4893568750505731	0.42723604092389	0.035169653229313445	51.0	0.0	3.125117611091355e-05	2.0
0.5029194476482634	0.33278825368932197	0.033012706949686124	8.0	0.0	0.0	2.0
0.3760784241517377	0.5242562015630229	0.032751685224583854	43.0	0.0	0.0	2.0
0.3244091967400885	0.6433948083419105	0.03096715787939736	22.0	0.0	0.0	2.0
0.8973896556184767	0.5948131273360944	0.02975776677784749	68.0	0.0	0.0	2.0
0.6861494551481613	0.171729867296436	0.03516196707761451	74.0	0.0	2.719319347477267e-05	2.0
0.17927964697851606	0.5015665673291876	0.034024675916303655	42.0	0.0	0.0	2.0
0.6483781938700509	0.4789542612860016	0.0322314641128524	19.0	0.0	0.0	2.0
0.5165997516161163	0.564122951464189	0.03291862111979918	71.0	0.0	0.0	2.0
0.38318190513810735	0.4198576274983613	0.030642739245543674	34.0	0.0	0.0	2.0
0.6068050316918765	0.5429317872400482	0.031277204950374726	87.0	0.0	0.0	2.0
0.5514012960819312	0.8234970062783903	0.03208729351244447	55.0	0.0	0.0	3.0
0.7542277186545115	0.34635405156743104	0.03262589362898993	83.0	0.0	0.0	3.0
0.2500240477055407	0.9325345769443717	0.03219949481707429	61.0	0.0	0.0	3.0
0.3925258662225159	0.6468265222006147	0.031062505426654678	77.0	0.0	0.0	3.0
0.5276054424440683	0.8983730996317312	0.030599059334391384	47.0	0.0	0.0	3.0
0.5151512673114338	0.5633889277466354	0.032951539740918974	71.0	0.0	0.0	3.0
0.9321880840206631	0.264966634610568	0.02849988725274875	14.0	0.0	0.0	3.0
0.9027162741881722	0.5079955870283895	0.033715825861733044	84.0	0.0	0.0	3.0
0.5083004630954501	0.3279347582566147	0.03304571965663581	8.0	0.0	0.0	3.0
0.7500755584958688	0.9916140606216534	0.03062201293666185	18.0	0.0	0.0	3.0
0.9753043633026673	0.5515053014055463	0.033001046227528995	33.0	0.0	0.0	3.0
0.8709930321099146	0.7314438088902725	0.031244190941037017	72.0	0.0	0.0	3.0
0.019692034644396516	0.07435663096182815	0.030785388607502434	32.0	0.0	0.0	3.0
0.1584138757294262	0.35802624407207556	0.03442451957644779	35.0	0.0	0.0	3.0
0.7151520476243934	0.08559054626882948	0.032254166618696296	27.0	0.0	0.0	3.0
0.18361745544195973	0.954891998616381	0.029241687034935456	79.0	0.0	0.0	3.0
0.4534747464244145	0.8651110734045155	0.03322934457324681	26.0	0.0	0.0	3.0
0.6354552405878523	0.6211588958707808	0.0315513019870073	5.0	0.0	0.0	3.0
0.1798644545636923	0.5067049501456595	0.03405870059221996	42.0	0.0	0.0	3.0
0.37669552724860517	0.7298829229082912	0.032962480660476995	29.0	0.0	0.0	3.0
0.08695889730382847	0.6191616055196895	0.034950250408473466	66.0	0.0	0.0	3.0
0.4787396352879715	0.07468148923852101	0.032869960491306124	6.0	0.0	0.0	3.0
0.10786552381191968	0.4482653720432291	0.034112962178365895	89.0	0.0	0.0	3.0
0.9333842285519874	0.7627296830174806	0.03290010532336387	76.0	0.0	0.0	3.0
0.165024937694724	0.05311789168826642	0.03416102939476232	70.0	0.0	0.0	3.0
0.4895208232004174	0.429401991639926	0.03520482288254276	51.0	0.0	5.499401090958145e-05	3.0
0.1960956806659692	0.7290502976902171	0.03270299334924606	40.0	0.0	0.0	3.0
0.9765737647917606	0.6935998660619552	0.03234323368908866	16.0	0.0	0.0	3.0
0.3230377710286941	0.6419928250567419	0.030998125037276753	22.0	0.0	0.0	3.0
0.42828290586297374	0.5777812669472878	0.03334653728176928	48.0	0.0	0.0	3.0
0.7247307143987524	0.7637072977870955	0.03653934546964055	82.0	0.0	0.02334469840877773	3.0
0.9245254506512789	0.18237910624628775	0.03370968889575737	73.0	0.0	0.0	3.0
0.1566474822022925	0.14227964028827947	0.030829086254496856	38.0	0.0	0.0	3.0
0.6693794687153324	0.9970103719973165	0.03169545460747616	12.0	0.0	0.0	3.0
0.7454319261316332	0.6959520564627628	0.032680253901271224	20.0	0.0	0.0	3.0
0.12020747288667741	0.7309246050280918	0.03199279434717051	28.0	0.0	0.0	3.0
0.021847503458958112	0.7531084695808268	0.026532875749278737	91.0	0.0	0.0	3.0
0.44988758722323235	0.14745730390809117	0.031247866679504493	17.0	0.0	0.0	3.0
0.7722297387057852	0.900481389475627	0.032391672604451194	52.0	0.0	0.0	3.0
0.21754743052215536	0.8329616453291048	0.03176162456976666	4.0	0.0	0.0	3.0
0.30281609785373104	0.04086565281362442	0.03249721521705867	36.0	0.0	0.0	3.0
0.6662367826410445	0.6913541727046975	0.03489622800205952	69.0	0.0	0.0	3.0
0.3070821878573744	0.5736957273491614	0.035121396910090884	64.0	0.0	1.144993107971004e-05	3.0
0.9569137449838275	0.8480819948968471	0.032706619625708644	24.0	0.0	0.0	3.0
0.54454109032985	0.24314344896979145	0.03042742647363868	2.0	0.0	0.0	3.0
0.8876342286805691	0.6026504019415404	0.029787524544625334	68.0	0.0	0.0	3.0
0.1533872603278597	0.6591747693448099	0.029146139575044697	62.0	0.0	0.0	3.0
0.6364752053555612	0.7686063099693817	0.03364905314187628	86.0	0.0	0.0	3.0
0.5789116439680528	0.6791831889557461	0.03307207196278074	3.0	0.0	0.0	3.0
0.7112183421993498	0.6137091167200772	0.030572777627813668	44.0	0.0	0.0	3.0
0.6079442761873478	0.5435927219741855	0.0313084821553251	87.0	0.0	0.0	3.0
0.2645848695477941	0.4897359537216214	0.034246629872336926	11.0	0.0	0.0	3.0
0.8381195321102356	0.9145331545922364	0.03071386156548137	65.0	0.0	0.0	3.0
0.37765605998371565	0.5283828999389334	0.03278443690980844	43.0	0.0	0.0	3.0
0.5966358664045073	0.9501846968644408	0.03465719337700598	7.0	0.0	0.0	3.0
0.7414729567056855	0.22829031521210202	0.033963776533932594	50.0	0.0	0.0	3.0
0.8294672531884597	0.27281129723314623	0.029869938336566468	78.0	0.0	0.0	3.0
0.4364801977985944	0.36633875543628	0.034202257071400295	39.0	0.0	0.0	3.0
0.9601852617389705	0.6271809025159354	0.032401829919102884	67.0	0.0	0.0	3.0
0.8027841471702395	0.07212138358990768	0.03084131802111934	45.0	0.0	0.0	3.0
0.9032533475857675	0.6705269692028024	0.03090604711796844	88.0	0.0	0.0	3.0
0.6820161026966419	0.1607105641634628	0.03519712904469212	74.0	0.0	4.902660563743666e-05	3.0
0.8181629049664062	0.4857028218604786	0.03360937376629819	23.0	0.0	0.0	3.0
0.1489383943398371	0.2755155058820901	0.031095262587922994	37.0	0.0	0.0	3.0
0.8689332821745398	0.1372298333752682	0.032331531044160616	58.0	0.0	0.0	3.0
0.0703125021730436	0.30667390560157815	0.03363796451936291	31.0	0.0	0.0	3.0
0.3954089111315192	0.23090935950021016	0.03094746582171234	80.0	0.0	0.0	3.0
0.6517521959671159	0.47598985618710166	0.03226369557696525	19.0	0.0	0.0	3.0
0.2904593663971886	0.8668055735565227	0.03478674171836543	59.0	0.0	0.0	3.0
0.3818734547547371	0.4225436857935964	0.030673381984789215	34.0	0.0	0.0	3.0
0.44936621359891893	0.28379078199936303	0.02890429979658332	30.0	0.0	0.0	3.0
0.22071126137498287	0.28933340295884585	0.03367509173813905	15.0	0.0	0.0	3.0
0.8203680061067687	0.5628501795131566	0.03382932614453564	10.0	0.0	0.0	3.0
0.3158019949361416	0.14649417527519207	0.02990927790973091	25.0	0.0	0.0	3.0
0.27636725053958316	0.7774117072727911	0.031438929220066865	63.0	0.0	0.0	3.0
0.812182008550801	0.7686687577857736	0.0342122136959548	53.0	0.0	0.0	3.0
0.4826299389535673	0.21166790786309786	0.03207624134438712	54.0	0.0	0.0	3.0
0.8358821110741859	0.8446248247230731	0.030123421225692122	13.0	0.0	0.0	3.0
0.7759436660527789	0.13707327114324383	0.03329913358944452	81.0	0.0	0.0	3.0
0.22174879676718462	0.6545725164451365	0.031192029507275468	85.0	0.0	0.0	3.0
0.0940190048714154	0.10999162803802878	0.031639262469562675	49.0	0.0	0.0	3.0
0.03806101996597054	0.5596888497837141	0.029957071256376838	90.0	0.0	0.0	3.0
0.3830412558593481	0.11345078336571256	0.03494460891066849	9.0	0.0	0.0	3.0
0.8702505409175024	0.9847635435249275	0.029756668052547293	21.0	0.0	0.0	3.0
0.3761541674767733	0.844711132478929	0.032105477668146115	41.0	0.0	0.0	3.0
0.7119965743899784	0.8602962627198799	0.03212755508020314	57.0	0.0	0.0	3.0
0.021915438726386408	0.8289153126143598	0.026606993654998665	56.0	0.0	0.0	3.0
0.09957922437311609	0.791580499838863	0.03014233458664387	1.0	0.0	0.0	3.0
0.5403036924689579	0.7510129958463628	0.032707407609623235	92.0	0.0	0.0	3.0
0.10632948577736735	0.5461161102848117	0.03356815361548719	46.0	0.0	0.0	3.0
0.4766474473073604	0.9403409323890772	0.03279436550819958	60.0	0.0	0.0	3.0
0.22734499962112237	0.5695662778649124	0.035549366655172235	75.0	0.0	0.00106112576750661	3.0
0.9580870025169281	0.8417274790716387	0.03273932624533435	24.0	0.0	0.0	4.0
0.7168896286741199	0.8558868167470048	0.032159682635283335	57.0	0.0	0.0	4.0
0.15984444264890152	0.3582579042752083	0.034458944096024235	35.0	0.0	0.0	4.0
0.7389827618874703	0.22875819982252707	0.03399774031046652	50.0	0.0	0.0	4.0
0.9302792346283699	0.264088281776875	0.028528387140001495	14.0	0.0	0.0	4.0
0.37731729939227177	0.5176249364140544	0.032817221346718245	43.0	0.0	0.0	4.0
0.010118204469040042	0.83271564759509	0.026633600648653662	56.0	0.0	0.0	4.0
0.7198725871139787	0.7623754697941253	0.036575884815110184	82.0	0.0	0.025046865653322925	4.0
0.8307041823498343	0.2733339444253742	0.02989980827490303	78.0	0.0	0.0	4.0
0.4542030947447654	0.8641985955856777	0.03326257391782005	26.0	0.0	0.0	4.0
0.21310686415565017	0.8353183551746342	0.03179338619433642	4.0	0.0	0.0	4.0
0.6737028684651525	0.1627105472125111	0.035232326173736804	74.0	0.0	8.025542405221131e-05	4.0
0.7465338038926309	0.693922396150455	0.03271293415517249	20.0	0.0	0.0	4.0
0.8670272032109626	0.7330227384284645	0.03127543513197805	72.0	0.0	0.0	4.0
0.47649565153125834	0.9420586652740909	0.032827159873707774	60.0	0.0	0.0	4.0
0.798426046476332	0.7717803408840022	0.03424642590965075	53.0	0.0	0.0	4.0
0.9583930462103378	0.6285799882465634	0.032434231749021984	67.0	0.0	0.0	4.0
0.0391770789765394	0.552035357547214	0.02998702832763321	90.0	0.0	0.0	4.0
0.3752442037078822	0.8458365333096866	0.03213758314581426	41.0	0.0	0.0	4.0
0.4787932223767203	0.07346633471974498	0.03290283045179743	6.0	0.0	0.0	4.0
0.028823250824036587	0.7575157249375464	0.02655940862502801	91.0	0.0	0.0	4.0
0.4510267329583245	0.2844924113310452	0.0289332040963799	30.0	0.0	0.0	4.0
0.5780542421918511	0.6774508554362849	0.03310514403474352	3.0	0.0	0.0	4.0
0.2488525336130395	0.9353818568382806	0.032231694311891365	61.0	0.0	0.0	4.0
0.7680588995639039	0.9003106127626463	0.032424064277055645	52.0	0.0	0.0	4.0
0.9395242923738905	0.7634501632129681	0.03293300542868723	76.0	0.0	0.0	4.0
0.835027173823799	0.8462235431591475	0.030153544646917812	13.0	0.0	0.0	4.0
0.15002506129017795	0.27704738451486255	0.031126357850510912	37.0	0.0	0.0	4.0
0.8997877954963498	0.6630797364946748	0.030936953165086406	88.0	0.0	0.0	4.0
0.11857102686294443	0.7291651720195368	0.03202478714151768	28.0	0.0	0.0	4.0
0.4829380364040989	0.4258550606900401	0.035240027705425295	51.0	0.0	8.850424352147002e-05	4.0
0.27715308438600894	0.7782673397033897	0.03147036814928693	63.0	0.0	0.0	4.0
0.9830966515551058	0.6938258228951278	0.032375576922777746	16.0	0.0	0.0	4.0
0.8194798489598847	0.5664914985283933	0.033863155470680174	10.0	0.0	0.0	4.0
0.18214945460874513	0.5087903283258295	0.03409275929281218	42.0	0.0	0.0	4.0
0.6337526440897372	0.7666098624239733	0.03368270219501815	86.0	0.0	0.0	4.0
0.39231670610924335	0.23526845296513071	0.03097841328753405	80.0	0.0	0.0	4.0
0.155449177268352	0.13882270098149493	0.03085991534075135	38.0	0.0	0.0	4.0
0.7134302620635717	0.08565018998591986	0.03228642078531499	27.0	0.0	0.0	4.0
0.226346358914644	0.5690281912248278	0.0355849160218274	75.0	0.0	0.0012807386821549471	4.0
0.21744983382151545	0.291280821271943	0.03370876682987718	15.0	0.0	0.0	4.0
0.29851176921635675	0.8676963631391066	0.034821528460083795	59.0	0.0	0.0	4.0
0.9222493498681809	0.18968025813529268	0.033743398584653125	73.0	0.0	0.0	4.0
0.3129507162091724	0.5767162056024661	0.03515651830700097	64.0	0.0	2.4540047490972938e-05	4.0
0.61004252956202	0.5447404044978705	0.03133979063748042	87.0	0.0	0.0	4.0
0.30377442015557826	0.04180900912623768	0.032529712432275724	36.0	0.0	0.0	4.0
0.3917735075823127	0.6475131533870511	0.031093567932081328	77.0	0.0	0.0	4.0
0.5206367311472107	0.3268054567801476	0.033078765376292445	8.0	0.0	0.0	4.0
0.5552785728292999	0.8272187751624506	0.032119380805956915	55.0	0.0	0.0	4.0
0.634071521621787	0.6191820046538801	0.0315828532889943	5.0	0.0	0.0	4.0
0.6700286132124421	0.9991888301232599	0.03172715006208363	12.0	0.0	0.0	4.0
0.7114341586387862	0.608815207987014	0.030603350405441477	44.0	0.0	0.0	4.0
0.6526835703744581	0.47391438732678015	0.03229595927254221	19.0	0.0	0.0	4.0
0.32397767905662045	0.6429906996384815	0.031029123162314026	22.0	0.0	0.0	4.0
0.22069250643234914	0.65458249199406	0.03122322153678274	85.0	0.0	0.0	4.0
0.08732565388306654	0.6182200770921311	0.034985200658881936	66.0	0.0	0.0	4.0
0.1779459683353937	0.055210270969621625	0.03419519042415708	70.0	0.0	0.0	4.0
0.8874879976338194	0.5949090402228547	0.029817312069169957	68.0	0.0	0.0	4.0
0.6638953717860033	0.6916131891057715	0.034931124230061575	69.0	0.0	0.0	4.0
0.4518540466729499	0.14572956863946354	0.031279114546184	17.0	0.0	0.0	4.0
0.4945050270185098	0.20673813298588004	0.0321083175857315	54.0	0.0	0.0	4.0
0.7757397775460164	0.13413389168310766	0.03333243272303396	81.0	0.0	0.0	4.0
0.8055328732505689	0.06901265208443201	0.030872159339140455	45.0	0.0	0.0	4.0
0.5445075092602517	0.24447664307458625	0.030457853900112315	2.0	0.0	0.0	4.0
0.5286636462990453	0.898181162252069	0.03062965839372577	47.0	0.0	0.0	4.0
0.59752018053409	0.949633748990498	0.03469185057038298	7.0	0.0	0.0	4.0
0.18158621819155993	0.9525947266980904	0.029270928721970388	79.0	0.0	0.0	4.0
0.3841699583869012	0.422274991608459	0.030704055366774	34.0	0.0	0.0	4.0
0.5127354098844805	0.5629820889130154	0.03298449128065989	71.0	0.0	0.0	4.0
0.8604833387053491	0.9930234441360558	0.029786424720599836	21.0	0.0	0.0	4.0
0.3149248282614081	0.1452409850410728	0.029939187187640638	25.0	0.0	0.0	4.0
0.9052061822514822	0.5083346925757751	0.033749541687594774	84.0	0.0	0.0	4.0
0.3819156007288374	0.10842529612015422	0.034979553519579154	9.0	0.0	0.0	4.0
0.8729061193973902	0.13967041605968958	0.03236386257520477	58.0	0.0	0.0	4.0
0.8275551689918672	0.4778608828856118	0.03364298314006448	23.0	0.0	0.0	4.0
0.10493236852090376	0.4443946769298385	0.034147075140544256	89.0	0.0	0.0	4.0
0.4395657103409376	0.5697240881795815	0.03337988381905104	48.0	0.0	0.0	4.0
0.09242019674320444	0.10713305806665346	0.031670901732032235	49.0	0.0	0.0	4.0
0.43602579719099216	0.3638776624788268	0.03423645932847169	39.0	0.0	0.0	4.0
0.8390129575704146	0.9122395748276677	0.030744575427046845	65.0	0.0	0.0	4.0
0.7530368026704007	0.34626013583990906	0.03265851952261892	83.0	0.0	0.0	4.0
0.2640783829587337	0.490602680761493	0.03428087650220926	11.0	0.0	0.0	4.0
0.9797427399002058	0.5533151569803427	0.03303404727375652	33.0	0.0	0.0	4.0
0.03040925610395967	0.06710375150573769	0.030816173996109933	32.0	0.0	0.0	4.0
0.7510089400401034	0.9910958676145175	0.03065263494959851	18.0	0.0	0.0	4.0
0.10590495698164615	0.5498462114742036	0.03360172176910268	46.0	0.0	0.0	4.0
0.1553596747280534	0.6579801195711635	0.029175285714619737	62.0	0.0	0.0	4.0
0.3767441540154904	0.7287802499157168	0.03299544314113747	29.0	0.0	0.0	4.0
0.18878963379509672	0.7405339994471141	0.03273569634259531	40.0	0.0	0.0	4.0
0.5391469451635686	0.7519422987194353	0.032740115017232854	92.0	0.0	0.0	4.0
0.10126770360470494	0.7934660656391401	0.03017247692123051	1.0	0.0	0.0	4.0
0.07782870645495575	0.3033293656937449	0.03367160248388227	31.0	0.0	0.0	4.0
0.37551514018929105	0.7282518037518249	0.033028438584278605	29.0	0.0	0.0	5.0
0.6096951968170462	0.5463381679933877	0.0313711304281179	87.0	0.0	0.0	5.0
0.5297422967464245	0.7559161019432584	0.03277285513225008	92.0	0.0	0.0	5.0
0.07670376348689979	0.30433036242389233	0.03370527408636615	31.0	0.0	0.0	5.0
0.49198861000546845	0.4190414141570896	0.035275267733130715	51.0	0.0	0.00013348912710853256	5.0
0.1840252343315787	0.5079271924275303	0.034126852052104986	42.0	0.0	0.0	5.0
0.6692399621875554	0.16638935216067327	0.035267558499910534	74.0	0.0	0.00012258468943571188	5.0
0.30243923431655356	0.042749844404847935	0.032562242144707994	36.0	0.0	0.0	5.0
0.845937068919188	0.9190017345790982	0.030775320002473888	65.0	0.0	0.0	5.0
0.382195352609819	0.5136552361111124	0.03285003856806496	43.0	0.0	0.0	5.0
0.8217369202088277	0.5665696848728998	0.03389701862615085	10.0	0.0	0.0	5.0
0.6516791985820515	0.4735267881099193	0.03232825523181475	19.0	0.0	0.0	5.0
0.033474252704239614	0.06914997273544354	0.030846990170106038	32.0	0.0	0.0	5.0
0.7545213531698385	0.3433533309365956	0.032691178042141535	83.0	0.0	0.0	5.0
0.43900746114837186	0.35950154648975297	0.03427069578780016	39.0	0.0	0.0	5.0
0.4728540732837028	0.9306311213038555	0.03285998703358148	60.0	0.0	0.0	5.0
0.5289736305471411	0.8992714108145442	0.030660288052119494	47.0	0.0	0.0	5.0
0.7947478858837471	0.7679570877395728	0.0342806723355604	53.0	0.0	0.0	5.0
0.4402788147217377	0.5712867522453077	0.03341326370287009	48.0	0.0	0.0	5.0
0.7173083174894669	0.08752421245214441	0.0323187072061003	27.0	0.0	0.0	5.0
0.6320371580476578	0.6247111235799202	0.03161443614228329	5.0	0.0	0.0	5.0
0.278417687481002	0.7804953303798455	0.03150183851743621	63.0	0.0	0.0	5.0
0.9602969206365959	0.6247333138204124	0.032466665980771005	67.0	0.0	0.0	5.0
0.8005158797862524	0.06164933226365365	0.030903031498479592	45.0	0.0	0.0	5.0
0.8589867789455766	0.9933241904576529	0.02981621114532043	21.0	0.0	0.0	5.0
0.5517213196543704	0.24917672172416486	0.030488311754012423	2.0	0.0	0.0	5.0
0.4798855474539507	0.20675230420704083	0.03214042590331723	54.0	0.0	0.0	5.0
0.36961037687704873	0.10978655007933809	0.03501453307309873	9.0	0.0	1.9645014504021674e-08	5.0
0.26710767633252724	0.5007686588994722	0.03431515737871147	11.0	0.0	0.0	5.0
0.9816643782843494	0.7000366172333986	0.03240795249970052	16.0	0.0	0.0	5.0
0.8719066114794448	0.13793501480424564	0.03239622643777997	58.0	0.0	0.0	5.0
0.7160606390041805	0.7736002696651071	0.03661246069992529	82.0	0.0	0.02683165057018755	5.0
0.22470634543705048	0.6603213592471039	0.03125444475831952	85.0	0.0	0.0	5.0
0.4776563684215315	0.07367993907954962	0.03293573328224922	6.0	0.0	0.0	5.0
0.7514827477619614	0.2277724499601687	0.03403173805077698	50.0	0.0	0.0	5.0
0.3168692953911019	0.5749725270162537	0.03519167482530797	64.0	0.0	4.506871776754906e-05	5.0
0.8358271143596816	0.8441699555821927	0.030183698191564728	13.0	0.0	0.0	5.0
0.6694202020251903	0.9980158291409787	0.031758877212145716	12.0	0.0	0.0	5.0
0.7095791337961427	0.6079616224010137	0.030633953755846915	44.0	0.0	0.0	5.0
0.4433413566249497	0.2915063788566534	0.028962137300476278	30.0	0.0	0.0	5.0
0.8227223065181344	0.4789593800450363	0.033676626123204545	23.0	0.0	0.0	5.0
0.8305148934798406	0.2783425618931528	0.02992970808317793	78.0	0.0	0.0	5.0
0.9295101676560873	0.2569300924750978	0.028556915527141492	14.0	0.0	0.0	5.0
0.7522632875107992	0.9911393189869634	0.030683287584548104	18.0	0.0	0.0	5.0
0.8868338372258803	0.5941103425842722	0.029847129381239124	68.0	0.0	0.0	5.0
0.5197049059363992	0.3283549236956675	0.033111844141668734	8.0	0.0	0.0	5.0
0.15327669221982193	0.13324555104764552	0.030890775256092098	38.0	0.0	0.0	5.0
0.3748727514938158	0.8482761385916728	0.03216972072896007	41.0	0.0	0.0	5.0
0.45089789533364855	0.14623701996192204	0.03131039366073018	17.0	0.0	0.0	5.0
0.39203250489651337	0.2367552363861133	0.03100939170082158	80.0	0.0	0.0	5.0
0.11609102678778398	0.7302130615159468	0.032056811928659196	28.0	0.0	0.0	5.0
0.7051949444749985	0.8479215438535117	0.03219184231791861	57.0	0.0	0.0	5.0
0.026613230736447356	0.7566307217468683	0.026585968033653037	91.0	0.0	0.0	5.0
0.18000601719512008	0.9526096500310315	0.029300199650692357	79.0	0.0	0.0	5.0
0.7801183099471583	0.13299261711964208	0.03336576515575699	81.0	0.0	0.0	5.0
0.7440319321721193	0.6949795272060336	0.03274564708932766	20.0	0.0	0.0	5.0
0.013598775477279532	0.8300953296321059	0.026660234249302313	56.0	0.0	0.0	5.0
0.3928645561199645	0.638973257484761	0.031124661500013407	77.0	0.0	0.0	5.0
0.20777872170427542	0.8279065789711533	0.03182517958053076	4.0	0.0	0.0	5.0
0.9498318779308039	0.8330730601213834	0.03277206557157968	24.0	0.0	0.0	5.0
0.5755469002560193	0.6779219618317636	0.03313824917877826	3.0	0.0	0.0	5.0
0.7662603446075916	0.8902189782817154	0.0324564883413327	52.0	0.0	0.0	5.0
0.14368282455316975	0.6578443031586213	0.029204461000334355	62.0	0.0	0.0	5.0
0.30815170143824944	0.1404042182835597	0.029969126374828275	25.0	0.0	0.0	5.0
0.8681954088463059	0.7321048050824311	0.03130671056711003	72.0	0.0	0.0	5.0
0.16817585821843295	0.368831388076034	0.03449340304012025	35.0	0.0	0.0	5.0
0.6650511303049506	0.6899619803552967	0.034966055354291634	69.0	0.0	0.0	5.0
0.0876766422416868	0.6262940032375692	0.035020185859540816	66.0	0.0	5.2640700687334174e-08	5.0
0.10179847430442436	0.7925707697348126	0.030202649398151735	1.0	0.0	0.0	5.0
0.8994957233317995	0.6616942110869015	0.03096789011825149	88.0	0.0	0.0	5.0
0.11550198374061219	0.5359228774408982	0.033635323490871775	46.0	0.0	0.0	5.0
0.1014443075317611	0.44597316722200697	0.034181222215684794	89.0	0.0	0.0	5.0
0.9783124371356865	0.5518893495776113	0.03306708132103028	33.0	0.0	0.0	5.0
0.29959345626783734	0.865019632854733	0.034856349988543874	59.0	0.0	0.0	5.0
0.4549481292988682	0.8649506994292803	0.03329583649173787	26.0	0.0	0.0	5.0
0.9491348402925234	0.7672286769646703	0.03296593843411592	76.0	0.0	0.0	5.0
0.17791936322950277	0.05732309202479936	0.034229385614581234	70.0	0.0	0.0	5.0
0.3111188165175717	0.64235800453551	0.031060152285476338	22.0	0.0	0.0	5.0
0.24704968574016417	0.9218252930037681	0.03226392600620325	61.0	0.0	0.0	5.0
0.599033319644247	0.950643935223794	0.03472654242095336	7.0	0.0	0.0	5.0
0.38009253859440256	0.4238780830125972	0.03073475942214077	34.0	0.0	0.0	5.0
0.0945799931729277	0.10785895128190116	0.03170257263376426	49.0	0.0	0.0	5.0
0.14572922600146074	0.272655831096708	0.03115748420836142	37.0	0.0	0.0	5.0
0.5209129735797002	0.5627503483845709	0.033017475771940544	71.0	0.0	0.0	5.0
0.5531486814466844	0.8275912607387734	0.03215150018676287	55.0	0.0	0.0	5.0
0.6357140990433164	0.7668769968878947	0.03371638489721317	86.0	0.0	0.0	5.0
0.03173362567468263	0.5442837728959352	0.03001701535596084	90.0	0.0	0.0	5.0
0.92267873039439	0.1886177180443754	0.03377714198323777	73.0	0.0	0.0	5.0
0.23387188662884736	0.5690992619024752	0.03562050093784923	75.0	0.0	0.0015289993497589194	5.0
0.9041121173895009	0.5116946787437665	0.033783291229282364	84.0	0.0	0.0	5.0
0.1916937141034801	0.7403417431780116	0.0327684320389379	40.0	0.0	0.0	5.0
0.22026865129646858	0.2918472864473627	0.03374247559670705	15.0	0.0	0.0	5.0
0.13874231353234698	0.2672566292423937	0.03118864169256978	37.0	0.0	0.0	6.0
0.012548135139188687	0.8256669313408442	0.02668689448355161	56.0	0.0	0.0	6.0
0.5325448035131559	0.7543137196031485	0.032805627987382326	92.0	0.0	0.0	6.0
0.3159618668191611	0.5763988303605971	0.03522686650013327	64.0	0.0	7.472932985308489e-05	6.0
0.39309602758413587	0.23595457247326068	0.031040401092522398	80.0	0.0	0.0	6.0
0.7175132520156737	0.08932485949342	0.032351025913306394	27.0	0.0	0.0	6.0
0.07542277719300788	0.3043747365816551	0.03373897936045251	31.0	0.0	0.0	6.0
0.3794520378792391	0.4289379204157006	0.030765494181562908	34.0	0.0	0.0	6.0
0.8470223953551628	0.9170025618296619	0.030806095322476357	65.0	0.0	0.0	6.0
0.8595867669894574	0.9964629957704834	0.02984602735646575	21.0	0.0	0.0	6.0
0.3810839845902882	0.5130743457358173	0.03288288860663302	43.0	0.0	0.0	6.0
0.026661569777869196	0.7550956268817092	0.026612554001686686	91.0	0.0	0.0	6.0
0.14788574773843297	0.6600748903480003	0.029233665461334685	62.0	0.0	0.0	6.0
0.4787996638906239	0.9371048054872015	0.032892847020615054	60.0	0.0	0.0	6.0
0.7244128354350642	0.7770847300924537	0.03664907316062521	82.0	0.0	0.028701179461208426	6.0
0.3102898510783142	0.1414708673783843	0.0299990955012031	25.0	0.0	0.0	6.0
0.09970477811647631	0.4478199779057403	0.03421540343790047	89.0	0.0	0.0	6.0
0.230629627904167	0.5710352343908197	0.035656121438787075	75.0	0.0	0.001807726230211415	6.0
0.6951955818542775	0.8439172961664516	0.03222403416023653	57.0	0.0	0.0	6.0
0.8304121841566009	0.48381782067382306	0.03371030274932774	23.0	0.0	0.0	6.0
0.7421386261607823	0.6892508670777351	0.032778392736416986	20.0	0.0	0.0	6.0
0.9822064951673076	0.7047999003140588	0.032440360452200216	16.0	0.0	0.0	6.0
0.26679794184429984	0.5020385266088226	0.03434947253609018	11.0	0.0	0.0	6.0
0.7535965210590376	0.34458986804879016	0.03272386922018367	83.0	0.0	0.0	6.0
0.17147687612131232	0.36341979291438814	0.03452789644316037	35.0	0.0	0.0	6.0
0.3017986918481773	0.04456079389852781	0.0325948043868527	36.0	0.0	0.0	6.0
0.3696467848937694	0.10785913703567035	0.03504954760617182	9.0	0.0	7.784809810118531e-07	6.0
0.7102340281759233	0.609553295614438	0.03066458770960276	44.0	0.0	0.0	6.0
0.030425301045930598	0.5483017729328695	0.030047032371316798	90.0	0.0	0.0	6.0
0.8879657460632788	0.5944130002419924	0.029876976510620358	68.0	0.0	0.0	6.0
0.44701362874554734	0.13819187873123262	0.031341704054390906	17.0	0.0	0.0	6.0
0.08497733692063635	0.6283529052436003	0.035055206045400356	66.0	0.0	1.0768120120019375e-06	6.0
0.6371110224038368	0.7663175985194655	0.033750101282110374	86.0	0.0	0.0	6.0
0.4555839671553889	0.8640422907821811	0.0333291323282296	26.0	0.0	0.0	6.0
0.20912444298897484	0.8259314964283219	0.03185700476011129	4.0	0.0	0.0	6.0
0.7897761393950045	0.13210850848896397	0.03339913092091274	81.0	0.0	0.0	6.0
0.3689419860049755	0.8490079248945661	0.032201890449689026	41.0	0.0	0.0	6.0
0.5575443029270157	0.2580797937193065	0.030518800065766433	2.0	0.0	0.0	6.0
0.6618099767372352	0.47387772453309673	0.03236058348704656	19.0	0.0	0.0	6.0
0.09054128440845831	0.11670919148248496	0.03173427520639802	49.0	0.0	0.0	6.0
0.37749204815065684	0.7336247662661115	0.03306146702286288	29.0	0.0	0.0	6.0
0.10145463312873847	0.7936737246953393	0.030232852047549885	1.0	0.0	0.0	6.0
0.8266024483060376	0.8463892092717539	0.030213881889756287	13.0	0.0	0.0	6.0
0.8731886108055233	0.1369949278207522	0.03242862266421775	58.0	0.0	0.0	6.0
0.44269033000091473	0.3628626730517189	0.03430496648358796	39.0	0.0	0.0	6.0
0.19588610460280662	0.7427039179056896	0.032801200470976836	40.0	0.0	0.0	6.0
0.036657960647240626	0.07089136679719285	0.03087783716027614	32.0	0.0	0.0	6.0
0.5978876866566848	0.9488680074284398	0.03476126896337431	7.0	0.0	0.0	6.0
0.5249849041777843	0.5674144334417477	0.03305049324771248	71.0	0.0	0.0	6.0
0.9283580483293091	0.25731731211809494	0.02858547244266863	14.0	0.0	0.0	6.0
0.1844479407496752	0.5039927983255055	0.034160978904157084	42.0	0.0	0.0	6.0
0.1163828917218819	0.5368121439519944	0.033668958814362646	46.0	0.0	0.0	6.0
0.9610176276357765	0.6273950794449897	0.03249913264675177	67.0	0.0	0.0	6.0
0.541991526429475	0.8965699779856566	0.03069094834017161	47.0	0.0	0.0	6.0
0.23967916236683365	0.9128262469869921	0.03229618993220945	61.0	0.0	0.0	6.0
0.2917959618759222	0.7851799677292225	0.03153334035595364	63.0	0.0	0.0	6.0
0.633523331378586	0.6180761028556957	0.03164605057842557	5.0	0.0	0.0	6.0
0.6131144886400686	0.5462412701245963	0.031402501558546014	87.0	0.0	0.0	6.0
0.9781829070909045	0.5570317912616666	0.0331001484023513	33.0	0.0	0.0	6.0
0.9488230020466735	0.8328370557670167	0.03280483763715126	24.0	0.0	0.0	6.0
0.6661923349450909	0.6887655764778372	0.03500102140964592	69.0	0.0	6.821210263296962e-12	6.0
0.9471538609300287	0.766224809797208	0.03299890437255003	76.0	0.0	0.0	6.0
0.47813465318935	0.21170586169284888	0.03217256632922054	54.0	0.0	0.0	6.0
0.7979986609301928	0.060333631091494935	0.030933934529978068	45.0	0.0	0.0	6.0
0.5742916696024024	0.6807669265399522	0.033171387427957034	3.0	0.0	0.0	6.0
0.29625259829661754	0.8529818810697928	0.03489120633853241	59.0	0.0	0.0	6.0
0.922560946926129	0.18763777001713167	0.03381091912522101	73.0	0.0	0.0	6.0
0.4344445494669754	0.291590399823372	0.02899109943777675	30.0	0.0	0.0	6.0
0.17179557250632083	0.9528940649148289	0.029329499850343044	79.0	0.0	0.0	6.0
0.8314541904570604	0.27650338359636617	0.029959637791261103	78.0	0.0	0.0	6.0
0.5476005849006415	0.8331920006158409	0.03218365168694963	55.0	0.0	0.0	6.0
0.6692730444110471	0.9967914908208172	0.03179063608935786	12.0	0.0	0.0	6.0
0.10732441506819154	0.7285086866064535	0.032088868740587854	28.0	0.0	0.0	6.0
0.9112426054314059	0.5102149822815654	0.03381707452051164	84.0	0.0	0.0	6.0
0.49075311962454415	0.4205694111484198	0.035310543000863844	51.0	0.0	0.00019166605773079937	6.0
0.17274321300647316	0.06158982895998877	0.03426361500019581	70.0	0.0	0.0	6.0
0.7967950263957654	0.7678474321549853	0.03431495300789596	53.0	0.0	0.0	6.0
0.7655644950639852	0.90402309371018	0.03248894482967402	52.0	0.0	0.0	6.0
0.8208566928803451	0.5671104237594299	0.033930915644776995	10.0	0.0	0.0	6.0
0.44101641911629924	0.5702329518097304	0.033446676966572955	48.0	0.0	0.0	6.0
0.5206603583139955	0.32790061071018545	0.033144955985810395	8.0	0.0	0.0	6.0
0.15000251500816872	0.14374827804080662	0.030921666031348185	38.0	0.0	0.0	6.0
0.9008594652507519	0.6613203489881171	0.03099885800836974	88.0	0.0	0.0	6.0
0.30562118663626897	0.6430363470282427	0.03109121243776181	22.0	0.0	0.0	6.0
0.48113022752810497	0.0785770517937558	0.032968669015531464	6.0	0.0	0.0	6.0
0.38377059359264704	0.6357244303570637	0.03115578616151342	77.0	0.0	0.0	6.0
0.2334945097064443	0.6574291646126903	0.03128569920307783	85.0	0.0	0.0	6.0
0.22844983797733107	0.28076391086369634	0.03377621807230376	15.0	0.0	0.0	6.0
0.8678376544839811	0.7311863869236852	0.031338017277677134	72.0	0.0	0.0	6.0
0.7541657012997248	0.9896692109668263	0.030713970872132648	18.0	0.0	0.0	6.0
0.7504333605242544	0.24163610771458366	0.03406576978882775	50.0	0.0	0.0	6.0
0.6714309613746297	0.16824223030645158	0.03530282605841044	74.0	0.0	0.00017772957623662933	6.0
0.7984216984489124	0.05832683516306419	0.030964868464508043	45.0	0.0	0.0	7.0
0.8683333351939166	0.9869395482297372	0.02987587338382221	21.0	0.0	0.0	7.0
0.2259604780422055	0.5671367932713248	0.03569177756022586	75.0	0.0	0.002118748387246683	7.0
0.098963653224047	0.7935088165481703	0.03026308489959743	1.0	0.0	0.0	7.0
0.11260082635215145	0.714963213939928	0.03212095760932844	28.0	0.0	0.0	7.0
0.16905992814403098	0.06722140108951696	0.034297878615196	70.0	0.0	0.0	7.0
0.39860331224152895	0.23158691730927006	0.031071441493614918	80.0	0.0	0.0	7.0
0.827311440331946	0.8478446667630359	0.03024409577164604	13.0	0.0	0.0	7.0
0.5462286819840093	0.8333088843275834	0.032215835338636575	55.0	0.0	0.0	7.0
0.5351992010688558	0.8982040634939661	0.030721639288511775	47.0	0.0	0.0	7.0
0.300372631076964	0.6416682989230812	0.031122303650199568	22.0	0.0	0.0	7.0
0.025792194637892035	0.7566273009017085	0.02663916655568837	91.0	0.0	0.0	7.0
0.4409173874442428	0.5691874139133022	0.03348012364353953	48.0	0.0	0.0	7.0
0.2298971668916549	0.28139705336490295	0.03380999429037606	15.0	0.0	0.0	7.0
0.6697664940951467	0.16884870623207784	0.03533812888446884	74.0	0.0	0.00024741543474249283	7.0
0.6918225235705773	0.8474092224577712	0.032256258194396766	57.0	0.0	0.0	7.0
0.2913484889717709	0.8524960550129108	0.03492609754487094	59.0	0.0	0.0	7.0
0.9547563308062434	0.6230527126535789	0.032531631779398516	67.0	0.0	0.0	7.0
0.8357468289973886	0.26411973192343075	0.02998959742905236	78.0	0.0	0.0	7.0
0.8742928855747916	0.13634495441321548	0.03246105128688196	58.0	0.0	0.0	7.0
0.23199095268843117	0.6596063151710906	0.03131698490228091	85.0	0.0	0.0	7.0
0.294431574391307	0.7844574295327422	0.031564873696309594	63.0	0.0	0.0	7.0
0.0931257259804864	0.10126237544451347	0.03176600948160442	49.0	0.0	0.0	7.0
0.47935236903828093	0.9382394287526703	0.03292573986763567	60.0	0.0	0.0	7.0
0.3701536463555826	0.10941576092513167	0.03508459715377799	9.0	0.0	3.874781597801302e-06	7.0
0.8053655555172101	0.7786126059523689	0.03434926796090385	53.0	0.0	0.0	7.0
0.7113148271012781	0.6070613143983514	0.030695252297312358	44.0	0.0	0.0	7.0
0.6383707063361731	0.7662342047743338	0.03378385138339248	86.0	0.0	0.0	7.0
0.3762586587900566	0.7342793541293676	0.03309452848988574	29.0	0.0	0.0	7.0
0.036633242294335705	0.0718727042818927	0.030908714997436415	32.0	0.0	0.0	7.0
0.528126254845141	0.5651108886481604	0.03308354374096019	71.0	0.0	0.0	7.0
0.8286894753240436	0.48385578708531807	0.03374401305207707	23.0	0.0	0.0	7.0
0.10111461645376849	0.4472962025218408	0.03424961884133837	89.0	0.0	0.0	7.0
0.23790711578372833	0.9072654327275883	0.032328486122141654	61.0	0.0	0.0	7.0
0.5637784852329843	0.6722114251308986	0.03320455881538499	3.0	0.0	0.0	7.0
0.48994092778173237	0.421476405521474	0.03534585354386471	51.0	0.0	0.0002647626165384054	7.0
0.8459800890112772	0.9157621527151482	0.03083690141779883	65.0	0.0	0.0	7.0
0.37904445726216807	0.5125427382363571	0.03291577149523965	43.0	0.0	0.0	7.0
0.15564233354088045	0.152958237159607	0.03095258769737953	38.0	0.0	0.0	7.0
0.0856718803587295	0.6274119799128578	0.03509026125144575	66.0	0.0	4.706347880301109e-06	7.0
0.9425884630554737	0.7648124303882108	0.033031903276922576	76.0	0.0	0.0	7.0
0.6630345682265728	0.6921111972522008	0.035036022431055566	69.0	0.0	2.991569090227131e-07	7.0
0.908608038017289	0.5062416847489519	0.03385089159503215	84.0	0.0	0.0	7.0
0.6109372060505656	0.5562569760759488	0.03143390406010456	87.0	0.0	0.0	7.0
0.07537716413880914	0.3055816661809824	0.033772718339812956	31.0	0.0	0.0	7.0
0.6361800112553154	0.6245329702941523	0.03167769662900399	5.0	0.0	0.0	7.0
0.8990502398077685	0.6564970478479509	0.031029856866378106	88.0	0.0	0.0	7.0
0.44244148392213634	0.36681003674058327	0.03433927145007155	39.0	0.0	0.0	7.0
0.7553268259720246	0.9847751265419912	0.03074468484300478	18.0	0.0	0.0	7.0
0.431547626864991	0.2951731788464163	0.029020090537214525	30.0	0.0	0.0	7.0
0.7667166283094791	0.9023770643143462	0.03252143377450369	52.0	0.0	0.0	7.0
0.7584224012833342	0.34198959183483585	0.03275659308940385	83.0	0.0	0.0	7.0
0.5589647656055686	0.2599299715862601	0.030549318865832197	2.0	0.0	0.0	7.0
0.3168167184887164	0.5755249312189539	0.0352620933666334	64.0	0.0	0.00011522535699270975	7.0
0.657626958186709	0.47682527783121365	0.03239294407053361	19.0	0.0	0.0	7.0
0.9264325948991081	0.26042960077386546	0.028614057915111298	14.0	0.0	0.0	7.0
0.8140925435003079	0.5728307109393567	0.033964846560421764	10.0	0.0	0.0	7.0
0.5959827959200594	0.9491764777061911	0.03479603023233768	7.0	0.0	0.0	7.0
0.9909248820863412	0.699546082465975	0.032472800812652414	16.0	0.0	0.0	7.0
0.7883692797680142	0.12448877325493517	0.03343253005183365	81.0	0.0	0.0	7.0
0.8873457741591761	0.5930767610162333	0.029906853487130975	68.0	0.0	0.0	7.0
0.923067154142332	0.1889618807242014	0.033844730044346225	73.0	0.0	0.0	7.0
0.531465967074287	0.7557946855175153	0.03283843361536971	92.0	0.0	0.0	7.0
0.13581435194525746	0.2685816516417867	0.031219830334262344	37.0	0.0	0.0	7.0
0.20876765045534956	0.8245800957187412	0.03188886176487139	4.0	0.0	0.0	7.0
0.9642161620925638	0.5452390525999271	0.03313324855075365	33.0	0.0	0.0	7.0
0.7148005149824069	0.7741946469653253	0.036685722233785835	82.0	0.0	0.03065759049495398	7.0
0.45534821278176685	0.8565554785132381	0.033362461460557824	26.0	0.0	0.0	7.0
0.18714457640550378	0.506647320988539	0.034195139883061235	42.0	0.0	0.0	7.0
0.939381911071145	0.8393076418895734	0.0328376424747884	24.0	0.0	0.0	7.0
0.6688323802541741	0.9992653151581087	0.03182242672544721	12.0	0.0	0.0	7.0
0.7517674632905749	0.24137673598074488	0.03409983555861657	50.0	0.0	0.0	7.0
0.19992336104333372	0.7381378949825007	0.03283400167144781	40.0	0.0	0.0	7.0
0.38017152778272506	0.6322259120852339	0.031186941947674927	77.0	0.0	0.0	7.0
0.7423218189989924	0.6926303887772165	0.032811171129153396	20.0	0.0	0.0	7.0
0.013501964823182886	0.827166168316935	0.02671358137803516	56.0	0.0	0.0	7.0
0.37556430553501097	0.8509847449988647	0.032234092340138715	41.0	0.0	0.0	7.0
0.029686444062190353	0.551173425623154	0.03007707940368811	90.0	0.0	0.0	7.0
0.1475718326560572	0.6584869382859926	0.029262899126796017	62.0	0.0	0.0	7.0
0.3091319507329007	0.13967592307248952	0.0300290945967043	25.0	0.0	0.0	7.0
0.16612290681460948	0.36626126653202024	0.03456242433960353	35.0	0.0	0.0	7.0
0.4468351390295714	0.13630745369527789	0.031373045758445295	17.0	0.0	0.0	7.0
0.27292026844440026	0.49076119280733194	0.03438382200862627	11.0	0.0	0.0	7.0
0.47994502861437777	0.07766117826578262	0.03300163768454699	6.0	0.0	0.0	7.0
0.11386803581519385	0.5397670058869372	0.03370262777317701	46.0	0.0	0.0	7.0
0.3016575334436483	0.04557341047989012	0.032627399191239546	36.0	0.0	0.0	7.0
0.8669555817706587	0.7288348268456544	0.031369355294954805	72.0	0.0	0.0	7.0
0.7132743089916733	0.09178408987963478	0.0323833769392197	27.0	0.0	0.0	7.0
0.5230638276533047	0.3313808343076182	0.033178100941796206	8.0	0.0	0.0	7.0
0.37881440470051575	0.4274677395459236	0.030796259675744467	34.0	0.0	0.0	7.0
0.4747722057570951	0.21165293427535634	0.032204738895549756	54.0	0.0	0.0	7.0
0.17120085782434497	0.9537324365185931	0.029358829350193384	79.0	0.0	0.0	7.0
0.23027495450856356	0.28738977436098434	0.033843804284666434	15.0	0.0	0.0	8.0
0.8362028352622471	0.2614630089526007	0.030019587026481408	78.0	0.0	0.0	8.0
0.6561196492281303	0.4900691731708086	0.032425337014604136	19.0	0.0	0.0	8.0
0.20660963953848535	0.8259435202631595	0.03192075062663626	4.0	0.0	0.0	8.0
0.47866049184653603	0.06691578992640448	0.03303463932223153	6.0	0.0	0.0	8.0
0.879992560053928	0.12841635414443872	0.032493512338168835	58.0	0.0	0.0	8.0
0.7967329379195602	0.0581076596279692	0.030995833332972546	45.0	0.0	0.0	8.0
0.37522516546016965	0.7340512768798481	0.03312762301837562	29.0	0.0	0.0	8.0
0.307489756402329	0.14248613416548403	0.030059123691301	25.0	0.0	0.0	8.0
0.1607198876720707	0.3657666568599989	0.03459698676394313	35.0	0.0	0.0	8.0
0.3747713402371434	0.8501534245470456	0.03226632643247885	41.0	0.0	0.0	8.0
0.9488624263001769	0.7620251388549046	0.0330649351801995	76.0	0.0	0.0	8.0
0.6940671035508927	0.8537551264056866	0.032288514452591156	57.0	0.0	0.0	8.0
0.42793031278313415	0.3017373772345806	0.029049110627751736	30.0	0.0	0.0	8.0
0.1004267442174853	0.4495027215453513	0.0342838684601797	89.0	0.0	0.0	8.0
0.1577432802173628	0.15338044013593158	0.030983540285076907	38.0	0.0	0.0	8.0
0.1339720827738524	0.268150693232327	0.0312510501645966	37.0	0.0	0.0	8.0
0.9900204379360744	0.7001833967178438	0.032505273613465065	16.0	0.0	0.0	8.0
0.035701089326497674	0.0712588388783896	0.030939623712433847	32.0	0.0	0.0	8.0
0.8790567020896155	0.5831458493429427	0.029936760340618103	68.0	0.0	0.0	8.0
0.15409786696408784	0.6497866903568933	0.02929216202592281	62.0	0.0	0.0	8.0
0.6785262680159004	0.16714566070423736	0.03537346701335331	74.0	0.0	0.00033337783334275173	8.0
0.29695758942860984	0.6420026160757331	0.031153425953849765	22.0	0.0	0.0	8.0
0.9182210588527232	0.19108183346084784	0.03387857477439057	73.0	0.0	0.0	8.0
0.012920515397934162	0.8255546330182215	0.026740294959413193	56.0	0.0	0.0	8.0
0.44444307524220195	0.36662680466232833	0.03437361072152161	39.0	0.0	0.0	8.0
0.027780958959643887	0.757079341896064	0.026665805722244054	91.0	0.0	0.0	8.0
0.5423540444245587	0.8240578099208983	0.03224805117397521	55.0	0.0	0.0	8.0
0.6394288843979657	0.7663243596811041	0.03381763523477587	86.0	0.0	0.0	8.0
0.22704565511082747	0.5662073027454886	0.03572746933778608	75.0	0.0	0.00246390553229503	8.0
0.4917443769726121	0.4187565509518319	0.035381199397408566	51.0	0.0	0.0003545166120630938	8.0
0.08890500484482855	0.6331081317247346	0.03512535151269719	66.0	0.0	1.2605750640659608e-05	8.0
0.39911339713319854	0.23032466712769994	0.03110251293510853	80.0	0.0	0.0	8.0
0.3804862842114116	0.512889610389583	0.03294868726673489	43.0	0.0	0.0	8.0
0.3694556473737485	0.11045418698148522	0.03511968175093177	9.0	0.0	1.0971443643370549e-05	8.0
0.5958636302915997	0.9464742474621802	0.03483082626257002	7.0	0.0	0.0	8.0
0.6648641170941757	0.6927005640824964	0.03507105845348662	69.0	0.0	2.2962926067293665e-06	8.0
0.4718489706585844	0.9318125165858299	0.032958665607503296	60.0	0.0	0.0	8.0
0.5268799014657104	0.32968276827879267	0.033211279042738	8.0	0.0	0.0	8.0
0.9438572280921306	0.8492997368977548	0.032870480117263186	24.0	0.0	0.0	8.0
0.7423218189989924	0.696090168031843	0.03284398230028255	20.0	0.0	0.0	8.0
0.2333954509411079	0.6589600384008351	0.03134830188718318	85.0	0.0	0.0	8.0
0.8276123368554931	0.8490783000639156	0.030274339867417684	13.0	0.0	0.0	8.0
0.9660860914892689	0.5467413087562238	0.033166381799304395	33.0	0.0	0.0	8.0
0.2946249928999274	0.05449847884277641	0.03266002659043078	36.0	0.0	0.0	8.0
0.8653855872050151	0.7262610222662135	0.031400724650249755	72.0	0.0	0.0	8.0
0.11693047256176324	0.5364744119239326	0.03373633040095018	46.0	0.0	0.0	8.0
0.03726762012554083	0.547684964194581	0.030107156483091795	90.0	0.0	0.0	8.0
0.4852011746333689	0.2202496064705257	0.0322369436344453	54.0	0.0	0.0	8.0
0.8640864511690982	0.9832082272953014	0.02990574925720603	21.0	0.0	0.0	8.0
0.7695719642408256	0.9008846359453404	0.032553955208278196	52.0	0.0	0.0	8.0
0.4444240347762844	0.14464359935677865	0.031404418804203735	17.0	0.0	0.0	8.0
0.10591695100453231	0.7106403042482831	0.03215307856693776	28.0	0.0	0.0	8.0
0.8042717949185717	0.7763308984970283	0.03438361722886475	53.0	0.0	0.0	8.0
0.827574353961409	0.48252872358799304	0.033777757065129144	23.0	0.0	0.0	8.0
0.8156756241085619	0.5711286540202952	0.03399881140698218	10.0	0.0	0.0	8.0
0.5644378925181246	0.6710665255158623	0.03323776337420037	3.0	0.0	0.0	8.0
0.0882598703582912	0.11125126919511098	0.03179777549108602	49.0	0.0	0.0	8.0
0.19890775565939067	0.7367976663185761	0.03286683567311925	40.0	0.0	0.0	8.0
0.9621681935631696	0.6168226624259023	0.03256416341117791	67.0	0.0	0.0	8.0
0.8479044420223767	0.9088283398761186	0.030867738319216624	65.0	0.0	0.0	8.0
0.18733408724350767	0.5052222890646674	0.03422933502294429	42.0	0.0	0.0	8.0
0.7147112794668079	0.09343002965174994	0.03241576031615891	27.0	0.0	0.0	8.0
0.43824713364217377	0.5620686558513912	0.03351360376718306	48.0	0.0	0.0	8.0
0.1690662206551185	0.06622193301941617	0.03433217649381119	70.0	0.0	0.0	8.0
0.3001142387453813	0.7797238479906012	0.0315964385700059	63.0	0.0	0.0	8.0
0.3258179580258522	0.5790638873389783	0.03529735546000003	64.0	0.0	0.00016827039959821377	8.0
0.7426789497255017	0.25032331546382364	0.03413393539417518	50.0	0.0	0.0	8.0
0.7037026093107972	0.6097268659276592	0.030725947549609667	44.0	0.0	0.0	8.0
0.38054220432996544	0.42530314495125277	0.03082705593542021	34.0	0.0	0.0	8.0
0.8888630110981387	0.6628492489215949	0.03106088672324448	88.0	0.0	0.0	8.0
0.789365527649232	0.12265368332272927	0.03346596258188548	81.0	0.0	0.0	8.0
0.07274223164073741	0.3091046751508718	0.03380649105815277	31.0	0.0	0.0	8.0
0.668609477196923	0.9978608222378744	0.03185424915217265	12.0	0.0	0.0	8.0
0.5322517830119539	0.75649392024002	0.03287127204898507	92.0	0.0	0.0	8.0
0.6103078044153049	0.5571442460128743	0.03146533796416466	87.0	0.0	0.0	8.0
0.9278650500310074	0.2650245521792885	0.028642671973026404	14.0	0.0	0.0	8.0
0.7564360337355425	0.989585005660928	0.03077542952784778	18.0	0.0	0.0	8.0
0.38108670175101217	0.6306369361251636	0.0312181288896226	77.0	0.0	0.0	8.0
0.5330249155012509	0.8997361682452193	0.030752360927800284	47.0	0.0	0.0	8.0
0.5517857433344068	0.25899824324444226	0.030579868184698024	2.0	0.0	0.0	8.0
0.760451534963586	0.3402515708371711	0.03278934968249325	83.0	0.0	0.0	8.0
0.7156713556294276	0.7731036541642902	0.036722407956019616	82.0	0.0	0.032703033754927446	8.0
0.4474438693353267	0.8615494179683953	0.033395823922018376	26.0	0.0	0.0	8.0
0.23683069316124217	0.9078899212396158	0.032360814608263795	61.0	0.0	0.0	8.0
0.5267553159560172	0.5639952352756443	0.03311662728470115	71.0	0.0	0.0	8.0
0.27869919410550154	0.4890193431582014	0.03441820583063489	11.0	0.0	0.0	8.0
0.6377364745476174	0.6240638303192554	0.03170937432563299	5.0	0.0	0.0	8.0
0.289031687872382	0.8648059382872051	0.03496102364241581	59.0	0.0	0.0	8.0
0.9100663094237031	0.5085988238435825	0.03388474248662718	84.0	0.0	0.0	8.0
0.17757848287197703	0.9540338013047396	0.029388188179543574	79.0	0.0	0.0	8.0
0.095446597715073	0.7893233026297584	0.030293347984497024	1.0	0.0	0.0	8.0
0.37785522294278584	0.7329594457092047	0.033160750641393996	29.0	0.0	0.0	9.0
0.19988534523245094	0.7357197019341722	0.032899702508792365	40.0	0.0	0.0	9.0
0.23268356548733285	0.6626842290196735	0.031379650189070366	85.0	0.0	0.0	9.0
0.4508019733743586	0.36065712391845123	0.03440798433224313	39.0	0.0	0.0	9.0
0.559804126198255	0.26650334412989474	0.030610448052882717	2.0	0.0	0.0	9.0
0.8036165151719995	0.7771207655863851	0.034418000846093616	53.0	0.0	0.0	9.0
0.6763131111304146	0.16605893996701546	0.03540884048036666	74.0	0.0	0.0004373626010050202	9.0
0.23139242096372073	0.2878619442502832	0.0338776480889511	15.0	0.0	0.0	9.0
0.11383185475834706	0.5365427016989468	0.03377006673135113	46.0	0.0	0.0	9.0
0.5994765210724511	0.9467820593922134	0.03486565708883258	7.0	0.0	0.0	9.0
0.875356252492114	0.1221822549982003	0.032526005850507	58.0	0.0	0.0	9.0
0.8092487951136895	0.5671971338711222	0.03403281021838916	10.0	0.0	0.0	9.0
0.6327560513835445	0.6302233858510121	0.03174108369995862	5.0	0.0	0.0	9.0
0.541319168860769	0.8255974135284837	0.03228029922514918	55.0	0.0	0.0	9.0
0.4433503946040566	0.14225110636246557	0.03143582322300793	17.0	0.0	0.0	9.0
0.38151822454653395	0.5171204201939665	0.03298163595400162	43.0	0.0	0.0	9.0
0.165490844476591	0.06717794196987965	0.034366508670305	70.0	0.0	0.0	9.0
0.9176703470528567	0.26563502424784896	0.02867131464499943	14.0	0.0	0.0	9.0
0.11234240387067425	0.7099704148054193	0.03218523164550469	28.0	0.0	0.0	9.0
0.3808321002557758	0.42656022627188644	0.030857882991355626	34.0	0.0	0.0	9.0
0.6964831819669981	0.8549604245790576	0.032320802967043746	57.0	0.0	0.0	9.0
0.15510465377333704	0.6500970776907913	0.02932145418794873	62.0	0.0	0.0	9.0
0.275905928735395	0.4966110522409395	0.03445262403646552	11.0	0.0	0.0	9.0
0.2912533981110996	0.632910839497406	0.031184579379803613	22.0	0.0	0.0	9.0
0.1701541343464864	0.9577826311192098	0.029417576367723113	79.0	0.0	0.0	9.0
0.4872838929885701	0.2193228441854039	0.03226918057807974	54.0	0.0	0.0	9.0
0.0734032811913747	0.30295187182963207	0.03384029754921092	31.0	0.0	0.0	9.0
0.08933092619487021	0.11828569617460244	0.0318295732665771	49.0	0.0	0.0	9.0
0.6598874554093349	0.4897242561289915	0.032457762351618735	19.0	0.0	0.0	9.0
0.33737407032559313	0.5712432885198435	0.035332652815460025	64.0	0.0	0.00023558822742586472	9.0
0.4740558131079357	0.9363428431023684	0.032991624273110795	60.0	0.0	0.0	9.0
0.23457608330170437	0.9089037972281954	0.03239317542287205	61.0	0.0	0.0	9.0
0.7522713841422217	0.33822904025320344	0.03282213903217574	83.0	0.0	0.0	9.0
0.18137820039004784	0.5014067036859741	0.034263564357967236	42.0	0.0	0.0	9.0
0.08309574073597695	0.6274611617319455	0.03516047686420988	66.0	0.0	2.6449487563695584e-05	9.0
0.991937944538014	0.6986229531968032	0.032537778887078525	16.0	0.0	0.0	9.0
0.6127026602335031	0.5548742379932904	0.03149680330212882	87.0	0.0	0.0	9.0
0.6408722877160777	0.764691911325397	0.033851452870010644	86.0	0.0	0.0	9.0
0.8907279863762633	0.5849794627598854	0.029966697100958718	68.0	0.0	0.0	9.0
0.15254763934736248	0.15237032126437539	0.03101452382536198	38.0	0.0	0.0	9.0
0.7737649028376111	0.8969102821792391	0.03258650916348647	52.0	0.0	0.0	9.0
0.9699114258272719	0.6146998992949891	0.032596727574589084	67.0	0.0	0.0	9.0
0.09550126678586	0.7914937064840666	0.030323641332481516	1.0	0.0	0.0	9.0
0.4544311369139251	0.8610868460512192	0.03342921974594039	26.0	0.0	0.0	9.0
0.5650793745571006	0.6597574387340477	0.033271001137574564	3.0	0.0	0.0	9.0
0.15155299550679113	0.3583067516513705	0.034631583750707066	35.0	0.0	0.0	9.0
0.7958179676773968	0.059299424618723194	0.031026829166305513	45.0	0.0	0.0	9.0
0.5291096599717318	0.33147410245891074	0.03324449032178073	8.0	0.0	0.0	9.0
0.028030308993586057	0.7560283435437238	0.026692471527966295	91.0	0.0	0.0	9.0
0.9147259389723529	0.19828515797870683	0.033912453349164956	73.0	0.0	0.0	9.0
0.3644207222210442	0.8578441797799965	0.032298592758911324	41.0	0.0	0.0	9.0
0.7410911703699348	0.6945484062876032	0.03287682628258283	20.0	0.0	0.0	9.0
0.7198722494016985	0.7754706200049274	0.03675913036397563	82.0	0.0	0.03483967128821064	9.0
0.9415567119170881	0.8503408145797634	0.03290335059738045	24.0	0.0	0.0	9.0
0.10192089370131459	0.4530080499298602	0.03431815232863988	89.0	0.0	0.0	9.0
0.5311998348926462	0.7576107447147314	0.03290414332103406	92.0	0.0	0.0	9.0
0.13289050164265837	0.2674956023683411	0.03128230121476119	37.0	0.0	0.0	9.0
0.2944323632474451	0.05013035961612314	0.03269268661702121	36.0	0.0	0.0	9.0
0.8638204134958238	0.7203327119405288	0.0314321253749	72.0	0.0	0.0	9.0
0.5250175469285331	0.556670622738968	0.03314974391198584	71.0	0.0	0.0	9.0
0.6739467813522205	0.9994329746082842	0.03188610340132482	12.0	0.0	0.0	9.0
0.011050287796280329	0.8272187989066685	0.026767035254372604	56.0	0.0	0.0	9.0
0.2865102151401139	0.8591557510076654	0.03499598466605822	59.0	0.0	0.0	9.0
0.2060248905676035	0.8229855440899816	0.031952671377262896	4.0	0.0	0.0	9.0
0.7149925097247297	0.0893756449449774	0.03244817607647507	27.0	0.0	0.0	9.0
0.9661242925924673	0.5447189710619746	0.0331995481811037	33.0	0.0	0.0	9.0
0.8282769515376259	0.4836970239158244	0.03381153482219427	23.0	0.0	0.0	9.0
0.8635736031572516	0.9802203405081759	0.02993565500646323	21.0	0.0	0.0	9.0
0.9484269556932318	0.7669529583319333	0.033098000115379694	76.0	0.0	0.0	9.0
0.851294582276906	0.9087749765530555	0.030898606057535836	65.0	0.0	0.0	9.0
0.6675907569533203	0.6967570368707342	0.0351061295119401	69.0	0.0	7.650476320009147e-06	9.0
0.8921939778825014	0.6591762723902118	0.03109194760996772	88.0	0.0	0.0	9.0
0.036800606971444966	0.5449641143515398	0.030137263639574884	90.0	0.0	0.0	9.0
0.7982050968939929	0.13051930865768174	0.03349942854446736	81.0	0.0	0.0	9.0
0.30758247167557495	0.785128315047117	0.0316280350085759	63.0	0.0	0.0	9.0
0.03884380142202325	0.0736559505305601	0.030970563336146277	32.0	0.0	0.0	9.0
0.30066462059287274	0.14656146444549575	0.0300891828149923	25.0	0.0	0.0	9.0
0.7558202497129062	0.9904303192926145	0.030806204957375623	18.0	0.0	0.0	9.0
0.7022671992772929	0.6089766051153886	0.030756673497159274	44.0	0.0	0.0	9.0
0.4383911422218756	0.5609857794019592	0.033547117370950244	48.0	0.0	0.0	9.0
0.535178820065329	0.8926707400679849	0.03078311328872808	47.0	0.0	0.0	9.0
0.9144553872503187	0.5002655797393867	0.033918627229113804	84.0	0.0	0.0	9.0
0.7430031625099073	0.25353097604014724	0.03416806932956935	50.0	0.0	0.0	9.0
0.4763419691331439	0.059640092837906354	0.03306767396155376	6.0	0.0	0.0	9.0
0.3986730131679617	0.23152156985830344	0.031133615448043637	80.0	0.0	0.0	9.0
0.3721363719402916	0.109341322087464	0.035154801432682695	9.0	0.0	2.374132215265945e-05	9.0
0.42556520160695116	0.29916361556348886	0.029078159738379485	30.0	0.0	0.0	9.0
0.3799340530482923	0.6306187925793267	0.03124934701851222	77.0	0.0	0.0	9.0
0.22201804003402018	0.5663181052788228	0.035763196807123865	75.0	0.0	0.0028450480683943624	9.0
0.8255803171759787	0.8529959812802181	0.0303046142072851	13.0	0.0	0.0	9.0
0.8339833618031625	0.2656133873994524	0.030049606613507886	78.0	0.0	0.0	9.0
0.4982118842402413	0.42906737155286845	0.03541658059680597	51.0	0.0	0.0004626761226944609	9.0
0.009896814968316807	0.8213839102425999	0.026793802289626974	56.0	0.0	0.0	10.0
0.5388089731907906	0.826810434634048	0.03231257952437433	55.0	0.0	0.0	10.0
0.15100656931009437	0.35916562863175755	0.03466621533445777	35.0	0.0	0.0	10.0
0.2916826226452142	0.6315639009165885	0.031215763959183414	22.0	0.0	0.0	10.0
0.6716242764566519	0.15879044131573777	0.03544424932084702	74.0	0.0	0.0005611258698081656	10.0
0.3879503573288473	0.42915387986931713	0.030888740874346978	34.0	0.0	0.0	10.0
0.167643521330445	0.06964366865778411	0.034400875178975304	70.0	0.0	0.0	10.0
0.5239747447642314	0.5560916817981437	0.03318289365589783	71.0	0.0	0.0	10.0
0.7163707038348908	0.0895281063883105	0.03248062425255154	27.0	0.0	0.0	10.0
0.7903441182505526	0.05826257017894491	0.031057855995471815	45.0	0.0	0.0	10.0
0.9472384291780263	0.7674030487245805	0.03313109811549507	76.0	0.0	0.0	10.0
0.4943360687052006	0.4276692559787479	0.03545199717740277	51.0	0.0	0.0005909995392414658	10.0
0.23091492863600938	0.910776573075198	0.03242556859829492	61.0	0.0	0.0	10.0
0.366806734718113	0.8592284292028968	0.03233089135167023	41.0	0.0	0.0	10.0
0.30130972117303534	0.13518858414520965	0.030119271997807288	25.0	0.0	0.0	10.0
0.679067617584323	0.9860381555163354	0.031917989504726144	12.0	0.0	0.0	10.0
0.09233035556876695	0.792833530862187	0.030353964973813995	1.0	0.0	0.0	10.0
0.9956440687135222	0.7073176537000145	0.0325703166659656	16.0	0.0	0.0	10.0
0.8627258319802849	0.7198122437227104	0.031463557500274894	72.0	0.0	0.0	10.0
0.47421946814145727	0.9351122346066911	0.033024615897383904	60.0	0.0	0.0	10.0
0.8676715319646904	0.99118489715046	0.029965590661469692	21.0	0.0	0.0	10.0
0.9740561583695525	0.5497824037116553	0.0332327477292848	33.0	0.0	0.0	10.0
0.2771914352170798	0.495157180744356	0.03448707666050198	11.0	0.0	0.0	10.0
0.5624084773470324	0.2639717510550641	0.030641058500935597	2.0	0.0	0.0	10.0
0.7442286166203842	0.6989712764881074	0.03290970310886541	20.0	0.0	0.0	10.0
0.22045712005729198	0.5690681500704363	0.035798960003930985	75.0	0.0	0.0032640371343575225	10.0
0.3795449854251126	0.5134857110881074	0.03301461758995562	43.0	0.0	0.0	10.0
0.5961663383045296	0.9540358413092632	0.03490052274592141	7.0	0.0	0.0	10.0
0.8012811425181372	0.776010307182107	0.034452418846939704	53.0	0.0	0.0	10.0
0.9682990706798801	0.6163690745230985	0.03262932430216367	67.0	0.0	0.0	10.0
0.47983513450450077	0.060434080305725155	0.03310074163551531	6.0	0.0	0.0	10.0
0.43794012078058525	0.5581439322376448	0.03358066448832119	48.0	0.0	0.0	10.0
0.7673541317579249	0.9067621912713608	0.03261909567264995	52.0	0.0	0.0	10.0
0.8895781787014587	0.5782806064127314	0.029996663798059674	68.0	0.0	0.0	10.0
0.6853707414829658	0.4348697394789579	0.0282565130260521	-2.0	-1.0	0.0	10.0
0.8236731159006491	0.8457760626205827	0.03033491882149238	13.0	0.0	0.0	10.0
0.9393471003223748	0.8470084100831978	0.03293625394797783	24.0	0.0	0.0	10.0
0.7542488316792655	0.33842262343554075	0.03285496117120791	83.0	0.0	0.0	10.0
0.040356633883733666	0.0730721301944717	0.03100153389948242	32.0	0.0	0.0	10.0
0.19004359520855799	0.7341894912336439	0.032932602211301155	40.0	0.0	0.0	10.0
0.5553189291392646	0.6527873938540237	0.033304272138712135	3.0	0.0	0.0	10.0
0.8080674616589498	0.5562017215048224	0.034066843028607546	10.0	0.0	0.0	10.0
0.06981026794212243	0.30563289745466676	0.033874137846760126	31.0	0.0	0.0	10.0
0.6314130695782877	0.6305464780159749	0.03177282478365858	5.0	0.0	0.0	10.0
0.754997008199426	0.9920676236169069	0.030837011162332995	18.0	0.0	0.0	10.0
0.09899645203771794	0.7100964532543678	0.03221741687715019	28.0	0.0	0.0	10.0
0.3682378427232207	0.11043651659412355	0.035189956234115374	9.0	0.0	4.386727198379958e-05	10.0
0.5292499892906998	0.328291958960502	0.03327773481210251	8.0	0.0	0.0	10.0
0.1522115763069527	0.6524213063179133	0.029350775642136676	62.0	0.0	0.0	10.0
0.4138758591417977	0.2951474099260036	0.029107237898117862	30.0	0.0	0.0	10.0
0.2948291110543672	0.8546661862762465	0.035030980650724276	59.0	0.0	1.9030559883503884e-07	10.0
0.9138404876149377	0.19903396403896606	0.03394636580251412	73.0	0.0	0.0	10.0
0.18082041310762478	0.5004094145505142	0.0342978279223252	42.0	0.0	0.0	10.0
0.8213309093291545	0.2590001974057968	0.03007965622012139	78.0	0.0	0.0	10.0
0.38121954082904214	0.6324801788827039	0.03128059636553073	77.0	0.0	0.0	10.0
0.23271194910572277	0.2896262055676781	0.033911525737040045	15.0	0.0	0.0	10.0
0.030360868031652038	0.7571185764466117	0.02671916399949426	91.0	0.0	0.0	10.0
0.6502963337830663	0.4961273812373747	0.03249022011397035	19.0	0.0	0.0	10.0
0.5334053832998285	0.7538904593696842	0.032937047464355086	92.0	0.0	0.0	10.0
0.8761447921838165	0.12320934195150807	0.03255853185635751	58.0	0.0	0.0	10.0
0.4856656557707511	0.21807233626423095	0.03230144975865781	54.0	0.0	0.0	10.0
0.4547244591198065	0.8621184923857306	0.03346264896568633	26.0	0.0	0.0	10.0
0.843687374749499	0.7134268537074148	0.05270541082164328	-2.0	-1.0	35.52204815170879	10.0
0.7290370070802675	0.7772739981509179	0.0367958894943396	82.0	0.0	0.03706967715402243	10.0
0.6945280654061878	0.8598876064097957	0.03235312377001079	57.0	0.0	0.0	10.0
0.10311988092314558	0.5358335463362889	0.03380383679808247	46.0	0.0	0.0	10.0
0.087195506842435	0.6278625103163501	0.03519563734107409	66.0	0.0	4.7922032450742336e-05	10.0
0.1379958940856967	0.26434743808370154	0.03131358351597595	37.0	0.0	0.0	10.0
0.4431413661774663	0.14408772425623328	0.03146725904623094	17.0	0.0	0.0	10.0
0.6099716445244283	0.5543788854234138	0.031528300105430944	87.0	0.0	0.0	10.0
0.6424699761080624	0.7635585523929204	0.03388530432288065	86.0	0.0	0.0	10.0
0.037833886230967645	0.5460071979217208	0.030167400903214455	90.0	0.0	0.0	10.0
0.7476547430376524	0.25173587488004917	0.03420223739889892	50.0	0.0	0.0	10.0
0.8030783364037327	0.14056436878475484	0.03353292797301182	81.0	0.0	0.0	10.0
0.09062273052214555	0.11284080331436294	0.03186140283984367	49.0	0.0	0.0	10.0
0.4012022790997646	0.23125787972140469	0.031164749063491676	80.0	0.0	0.0	10.0
0.8492621878823956	0.9104660696368951	0.030929504663593368	65.0	0.0	0.0	10.0
0.15251429431619365	0.153694144463289	0.031045538349187336	38.0	0.0	0.0	10.0
0.45595862586725383	0.3479146899025304	0.03444239231657537	39.0	0.0	0.0	10.0
0.20329064837365346	0.8265469431091311	0.03198462404864016	4.0	0.0	0.0	10.0
0.29448412098779564	0.05424065498684482	0.03272537930363823	36.0	0.0	0.0	10.0
0.8279583085457115	0.484817726228963	0.033845346357016456	23.0	0.0	0.0	10.0
0.30483997956676706	0.7856436039885835	0.031659663043584474	63.0	0.0	0.0	10.0
0.8931381694315401	0.6587843046210233	0.031123039557577684	88.0	0.0	0.0	10.0
0.10294627596606144	0.4526562256482405	0.03435247048096851	89.0	0.0	0.0	10.0
0.17123532466129654	0.9580571882874832	0.029446993944090834	79.0	0.0	0.0	10.0
0.7032648539499222	0.614577293010852	0.03078743017065643	44.0	0.0	0.0	10.0
0.9051294738793189	0.49483229848676974	0.033952545856342914	84.0	0.0	0.0	10.0
0.6659474172706468	0.6963507234859768	0.03514123564145204	69.0	0.0	1.8030712723771103e-05	10.0
0.37652765577416286	0.7331063065941538	0.03319391139203539	29.0	0.0	0.0	10.0
0.533364101118156	0.8950970910782658	0.030813896402016806	47.0	0.0	0.0	10.0
0.924890793907216	0.2642312494660372	0.028699985959644424	14.0	0.0	0.0	10.0
0.23151793372452908	0.6601719169714308	0.03141102983925943	85.0	0.0	0.0	10.0
0.3405127229908178	0.5714312351220289	0.03536798546827548	64.0	0.0	0.0003189128217684356	10.0
0.9380438169152456	0.8465428107940607	0.0329691902019258	24.0	0.0	0.0	11.0
0.8293277556381163	0.47904557286295135	0.03387919170337347	23.0	0.0	0.0	11.0
0.4532823971598428	0.8522294005808904	0.03349611161465201	26.0	0.0	0.0	11.0
0.6075274765246774	0.5562431807880471	0.03155982840553637	87.0	0.0	0.0	11.0
0.7014744357677165	0.6135832920177976	0.030818217600827084	44.0	0.0	0.0	11.0
0.7175108776190748	0.08595015606931909	0.03251310487680409	27.0	0.0	0.0	11.0
0.74612499877594	0.7059751280372937	0.03294261281197427	20.0	0.0	0.0	11.0
0.6948390345604196	0.8615144248829036	0.032385476893780796	57.0	0.0	0.0	11.0
0.5400142579988227	0.7536198562945713	0.032969984511819435	92.0	0.0	0.0	11.0
0.8000455881888738	0.14145769285925297	0.03356646090098483	81.0	0.0	0.0	11.0
0.7635973801622429	0.3387464629389098	0.032887816132379115	83.0	0.0	0.0	11.0
0.37746108395475936	0.7286783308487094	0.03322710530342742	29.0	0.0	0.0	11.0
0.8230366625018858	0.847322916369341	0.030365253740313868	13.0	0.0	0.0	11.0
0.8941087021483338	0.5783233924316917	0.03002666046185773	68.0	0.0	0.0	11.0
0.8072948976971619	0.5529454017118007	0.03410090987163615	10.0	0.0	0.0	11.0
0.15571508116413846	0.3581265271669052	0.03470088154979222	35.0	0.0	0.0	11.0
0.5298766385805441	0.552205014530017	0.03321607654955372	71.0	0.0	0.0	11.0
0.27958909085886613	0.49603080586310094	0.034521563737162475	11.0	0.0	0.0	11.0
0.28674161033235446	0.8611961428281312	0.035066011631374995	59.0	0.0	1.8409473625524697e-06	11.0
0.9048600060627581	0.20027048758603766	0.03398031216831663	73.0	0.0	0.0	11.0
0.46989137878563597	0.06140752907763067	0.03313384237715082	6.0	0.0	0.0	11.0
0.995659485987298	0.708542002920067	0.03260288698263156	16.0	0.0	0.0	11.0
0.08978888531901817	0.1136616264702013	0.03189326424268351	49.0	0.0	0.0	11.0
0.41279922495357724	0.3010222911408656	0.029136345136015977	30.0	0.0	0.0	11.0
0.38054296830724355	0.513725804028102	0.03304763220754557	43.0	0.0	0.0	11.0
0.030944302649102806	0.7558610868469309	0.02674588316349375	91.0	0.0	0.0	11.0
0.3994489369803694	0.225801017491387	0.031195913812555164	80.0	0.0	0.0	11.0
0.10740015833400826	0.5308699741567198	0.03383764063488055	46.0	0.0	0.0	11.0
0.9662417524767138	0.6276582639403103	0.03266195362646583	67.0	0.0	0.0	11.0
0.3002107513954854	0.13644736997033427	0.030149391269805093	25.0	0.0	0.0	11.0
0.6472945891783567	0.7995991983967935	0.040280561122244485	-2.0	-1.0	0.9423672739755062	11.0
0.6593942737019788	0.6903413573493513	0.03517637687709348	69.0	0.0	3.511599028627188e-05	11.0
0.7474888750528537	0.2527401126687654	0.034236439636297814	50.0	0.0	0.0	11.0
0.29225009886484615	0.05389330572990827	0.032758104682941866	36.0	0.0	0.0	11.0
0.1050875134073063	0.4414320960961022	0.03438682295144948	89.0	0.0	0.0	11.0
0.030197568304117666	0.5443674892554964	0.030197568304117666	90.0	0.0	0.0	11.0
0.13925101976605517	0.2648227493225058	0.03134489709949192	37.0	0.0	0.0	11.0
0.37820338835477035	0.4334177484719237	0.030919629615221322	34.0	0.0	0.0	11.0
0.4733413549883352	0.9369740587054518	0.033057640513281285	60.0	0.0	0.0	11.0
0.5954906496642005	0.9548715015664693	0.03493542326866733	7.0	0.0	0.0	11.0
0.8194021488430258	0.26283621372998933	0.03010973587634151	78.0	0.0	0.0	11.0
0.5344909203055191	0.8945785877168817	0.03084471029841882	47.0	0.0	0.0	11.0
0.224669132487475	0.6515917101667655	0.03144244086909869	85.0	0.0	0.0	11.0
0.5632901431448591	0.26345280473946386	0.03067169955943653	2.0	0.0	0.0	11.0
0.7573447282894336	0.9942650587388631	0.030867848173495326	18.0	0.0	0.0	11.0
0.3636834842868783	0.1079080364583418	0.035225146190349485	9.0	0.0	7.304218937065343e-05	11.0
0.9695896257208858	0.5427201959232567	0.03326598047701408	33.0	0.0	0.0	11.0
0.5300152138836487	0.3290644444169237	0.033311012546914605	8.0	0.0	0.0	11.0
0.03828625180285354	0.06914123629135979	0.0310325354333819	32.0	0.0	0.0	11.0
0.06975401517347053	0.304641182326653	0.033908011984606884	31.0	0.0	0.0	11.0
0.06212424849699398	0.5410821643286573	0.03607214428857715	-2.0	-1.0	0.00788750564692009	11.0
0.09161054762681489	0.7903611654333528	0.030384318938787805	1.0	0.0	0.0	11.0
0.010866161348110748	0.82084575034582	0.026820596091916598	56.0	0.0	0.0	11.0
0.15797564336518027	0.07965224675182801	0.03443527605415428	70.0	0.0	0.0	11.0
0.8690630371420217	0.9892997703212365	0.02999555625213116	21.0	0.0	0.0	11.0
0.6767875713872784	0.9841826816878476	0.031949907494230864	12.0	0.0	0.0	11.0
0.3821074183638876	0.6365644995642255	0.03131187696189626	77.0	0.0	0.0	11.0
0.6284061389958755	0.6210916719765786	0.03180459760844224	5.0	0.0	0.0	11.0
0.7183971099829767	0.7751219886489428	0.03683268538383394	82.0	0.0	0.039395237472589884	11.0
0.6506849986454636	0.4989155147925081	0.03252271033408431	19.0	0.0	0.0	11.0
0.33742524732674295	0.5691671967371352	0.03540335345374375	64.0	0.0	0.0004199884178603952	11.0
0.3017498505444785	0.7878798090798604	0.031691322706628056	63.0	0.0	0.0	11.0
0.8748721124420991	0.1298672978484231	0.03259109038821386	58.0	0.0	0.0	11.0
0.8601153670283861	0.7193047259828538	0.031495021057775165	72.0	0.0	0.0	11.0
0.29226799627967576	0.6325100945213498	0.031246979723142592	22.0	0.0	0.0	11.0
0.15543627247504666	0.15492878564417822	0.03107658388753652	38.0	0.0	0.0	11.0
0.5370538645150134	0.8236724089582023	0.0323448921038987	55.0	0.0	0.0	11.0
0.15501985735891052	0.642302531279573	0.02938012641777881	62.0	0.0	0.0	11.0
0.43925360243179007	0.5601521849076996	0.03361424515280951	48.0	0.0	0.0	11.0
0.3695763463508977	0.859355723197559	0.0323632222430219	41.0	0.0	0.0	11.0
0.6730240172725251	0.15951087520327498	0.035479693570167864	74.0	0.0	0.0007064341176743483	11.0
0.8984909738954988	0.659930299522411	0.031154162597135257	88.0	0.0	0.0	11.0
0.45626837801602516	0.34943133164582574	0.03447683470889194	39.0	0.0	0.0	11.0
0.638577922649263	0.772844223538282	0.03391918962720353	86.0	0.0	0.0	11.0
0.7646353741110773	0.9072730207266029	0.0326517147683226	52.0	0.0	0.0	11.0
0.9275333839872315	0.27367924706641	0.028728685945604064	14.0	0.0	0.0	11.0
0.19904162087582825	0.8233480992839634	0.032016608672688796	4.0	0.0	0.0	11.0
0.4832907923520195	0.21993153128228757	0.032333751208416465	54.0	0.0	0.0	11.0
0.1707069462618126	0.9594392932313617	0.029476440938034924	79.0	0.0	0.0	11.0
0.7916839222484142	0.056348419386264365	0.031088913851467285	45.0	0.0	0.0	11.0
0.20021615709767035	0.7333872822085531	0.03296553481351245	40.0	0.0	0.0	11.0
0.2205961339502582	0.5709046894964386	0.03583475896393491	75.0	0.0	0.0037227446490248894	11.0
0.5563736194941383	0.6533471420793998	0.03333757641085084	3.0	0.0	0.0	11.0
0.9465646483898297	0.7693870879314572	0.03316422921361056	76.0	0.0	0.0	11.0
0.904874157952232	0.4998972016121874	0.03398649840219925	84.0	0.0	0.0	11.0
0.23231928380633254	0.287873151368064	0.03394543726277708	15.0	0.0	0.0	11.0
0.44342023996438384	0.14303145149823993	0.03149872630527717	17.0	0.0	0.0	11.0
0.08530068594229595	0.6267148572880467	0.03523083297841516	66.0	0.0	7.871790727165262e-05	11.0
0.4907235435487672	0.42642974354353996	0.035487449174580174	51.0	0.0	0.0007412556077923682	11.0
0.10153038688649255	0.7107399199661381	0.032249634294027336	28.0	0.0	0.0	11.0
0.1802118983695803	0.5020632734760685	0.03433212575024752	42.0	0.0	0.0	11.0
0.8518155473966085	0.9073485434312369	0.03096043416825696	65.0	0.0	0.0	11.0
0.8120019475278698	0.7780563022989945	0.03448687126578664	53.0	0.0	0.0	11.0
0.2295307035220476	0.9096787874433976	0.03245799416689321	61.0	0.0	0.0	11.0
