# x	y	r	id	split_id	s_prob	t
2.0	0.5	0.0	-1.0	0.0	0.0	0.0
0.141926658330122	0.6016751464000888	0.11878056727648763	1.0	0.0	3763.6554977556743	0.0
0.7088988554386894	0.08998816116301667	0.08998816116301667	2.0	0.0	1064.1125483443013	0.0
0.8491881744647444	0.5547827752407011	0.10501382336411888	3.0	0.0	2196.5007589319816	0.0
0.8219430897344416	0.7818295837232397	0.112654106803681	4.0	0.0	2996.906958397178	0.0
0.6266388652093178	0.5517477087816309	0.1083677145450569	5.0	0.0	2527.5220096963208	0.0
0.11176216476897033	0.3546383456837605	0.10939475481985506	6.0	0.0	2635.1596048602487	0.0
0.7876711351853932	0.2973537003634339	0.11015713387064609	7.0	0.0	2717.0060379772617	0.0
0.8299165940101698	0.7634451993429736	0.11276676091048467	4.0	0.0	3009.9688778272193	1.0
0.16168721952833154	0.6201707717479841	0.1188993478437641	1.0	0.0	3779.686061522931	1.0
0.7800309059613267	0.30303057229461144	0.11026729100451672	7.0	0.0	2728.9704307579746	1.0
0.7105891263916672	0.10022180550498433	0.09007814932417968	2.0	0.0	1069.3453651295797	1.0
0.11298986164233406	0.35773232271272337	0.1095041495746749	6.0	0.0	2646.8014232257888	1.0
0.6132026281000177	0.5617932948585097	0.10847608225960195	5.0	0.0	2538.7383826302603	1.0
0.845538065796859	0.5420982877934252	0.105118837187483	3.0	0.0	2206.3991936796733	1.0
0.8056740734698673	0.3029498501976605	0.11037755829552123	7.0	0.0	2740.981912754707	2.0
0.15981316704579412	0.620907580214747	0.11901824719160785	1.0	0.0	3795.778178969288	2.0
0.8484480366648699	0.5368954400006877	0.10522395602467047	3.0	0.0	2216.337264759481	2.0
0.12346076234407946	0.3611053955320425	0.10961365372424957	6.0	0.0	2658.4891725082402	2.0
0.6032626268641611	0.5662915520575041	0.10858455834186154	5.0	0.0	2549.999155913742	2.0
0.8359114904350686	0.7845299068711252	0.11287952767139514	4.0	0.0	3023.0818143231863	2.0
0.6934163861349597	0.09480891214210907	0.09016822747350385	2.0	0.0	1074.6005674408646	2.0
0.12346076234407946	0.36466875526105685	0.1097232673779738	6.0	0.0	2670.223017749016	3.0
0.16993452755155947	0.6294669844342068	0.11913726543879945	1.0	0.0	3811.932067383095	3.0
0.8107097998504781	0.30136257586081044	0.11048793585381675	7.0	0.0	2753.040652902603	3.0
0.8553757076293237	0.5380172789311244	0.10532917998069513	3.0	0.0	2226.3151159841177	3.0
0.6062579230460037	0.557989840304885	0.10869314290020339	5.0	0.0	2561.304489437291	3.0
0.697454915009464	0.10776348468997075	0.09025839570097735	2.0	0.0	1079.8782400949624	3.0
0.8416886385671687	0.7810308101764056	0.11299240719906653	4.0	0.0	3036.245949997896	3.0
0.12574813393598336	0.3629011675039313	0.10983299064535176	6.0	0.0	2682.0031245445566	4.0
0.8125140555293167	0.3050664503022596	0.11059842378967055	7.0	0.0	2765.1468207043936	4.0
0.17082276083815012	0.6138077660770025	0.11925640270423823	1.0	0.0	3828.1479447757397	4.0
0.8407712874351283	0.7773700670612769	0.11310539960626559	4.0	0.0	3049.46146757421	4.0
0.6966509575659026	0.0979625129262038	0.09034865409667832	2.0	0.0	1085.178468202832	4.0
0.8526857491291566	0.5374236434249262	0.10543450916067582	3.0	0.0	2236.3328916527107	4.0
0.250501002004008	0.03406813627254509	0.05751503006012024	-2.0	-1.0	73.04618979606835	4.0
0.6082873429495707	0.558817385432108	0.10880183604310358	5.0	0.0	2572.6545436298293	4.0
0.879759519038076	0.37074148296593185	0.05350701402805611	-2.0	-1.0	40.56850805799937	4.0
0.842561671855994	0.528528608559261	0.10553994366983648	3.0	0.0	2246.3907365523783	5.0
0.10590052025810555	0.34311593376848387	0.1099428236359971	6.0	0.0	2693.8296590481214	5.0
0.7012736638835074	0.09907463535876056	0.09043900275077499	2.0	0.0	1090.5013371705504	5.0
0.8329485978512525	0.7825925699177118	0.11321850500587184	4.0	0.0	3062.728550386995	5.0
0.5796377307897933	0.5547316603499644	0.10891063787914666	5.0	0.0	2584.0494794604238	5.0
0.17247331394855844	0.6301378258280188	0.11937565910694246	1.0	0.0	3844.4260298839654	5.0
0.8031315651792685	0.31554410533911376	0.11070902221346021	7.0	0.0	2777.3005862322284	5.0
0.8011148065545112	0.3162219244994553	0.11081973123567367	7.0	0.0	2789.50212012951	6.0
0.11143394206771054	0.3431681911054643	0.11005276645963308	6.0	0.0	2705.702787971584	6.0
0.1548628673925114	0.6406531310319022	0.11949503476604939	1.0	0.0	3860.7665421721904	6.0
0.575614090427023	0.5466021144775943	0.10901954851702579	5.0	0.0	2595.4894584400204	6.0
0.821866792924438	0.7706779127277805	0.1133317235108777	4.0	0.0	3076.047382385097	6.0
0.6996811908349934	0.09748716736418907	0.09052944175352576	2.0	0.0	1095.8469327002847	6.0
0.846815006512883	0.5345245509930261	0.1056454836135063	3.0	0.0	2256.4887959598104	6.0
0.15734773927017814	0.644064223223274	0.11961452980081543	1.0	0.0	3877.1697018348514	7.0
0.693364469346031	0.09540832729731788	0.09061997119527927	2.0	0.0	1101.2153407912604	7.0
0.7961843608858874	0.30204748360384803	0.11093055096690933	7.0	0.0	2801.7515936127343	7.0
0.8344246735960679	0.5362746436885372	0.1057511290971198	3.0	0.0	2266.627215642853	7.0
0.09847045372262933	0.331186757543716	0.1101628192260927	6.0	0.0	2717.622678587233	7.0
0.8221261261529246	0.7747916306311092	0.11344505523438857	4.0	0.0	3089.4181481333144	7.0
0.5606287822448167	0.5440785362091639	0.1091285680655428	5.0	0.0	2606.9746426232	7.0
0.08734858644705143	0.33327645369896	0.11027298204531878	6.0	0.0	2729.5894987295833	8.0
0.15643517751903205	0.6372021902040287	0.11973414433061623	1.0	0.0	3893.6357297987315	8.0
0.8383985498565188	0.5449828129286158	0.1058568802262169	3.0	0.0	2276.806141862096	8.0
0.9038076152304608	0.4128256513026052	0.04228456913827655	-2.0	-1.0	2.4739537862637775	8.0
0.8171807626218089	0.7675334403287666	0.11355850028962294	4.0	0.0	3102.8410328143805	8.0
0.7681289327904773	0.30768545879690473	0.11104148151787623	7.0	0.0	2814.049178473341	8.0
0.6953266109196908	0.07908348313480915	0.09071059116647454	2.0	0.0	1106.6066477407421	8.0
0.5481458709126926	0.5435674183038192	0.10923769663360833	5.0	0.0	2618.505194609929	8.0
0.7688967638523244	0.3051667514640885	0.11115252299939408	7.0	0.0	2826.395047079567	9.0
0.9959919839679358	0.06613226452905811	0.09979959919839679	-2.0	-1.0	1741.3935557461566	9.0
0.8591425214101541	0.5436095180628514	0.1059627371064431	3.0	0.0	2287.025721372468	9.0
0.8200807194956421	0.7788044564275731	0.11367205878991256	4.0	0.0	3116.316222230951	9.0
0.5403325940272324	0.545868891373131	0.10934693433024192	5.0	0.0	2630.081277547324	9.0
0.14026748157443983	0.6394041009749694	0.11985387847494683	1.0	0.0	3910.1648477253143	9.0
0.09525526494453304	0.3286226022225642	0.11038325502736408	6.0	0.0	2741.6034167971834	9.0
0.7085103022867052	0.0862945723017425	0.090801301757641	2.0	0.0	1112.0209401450102	9.0
0.6922671639678443	0.09063777560149783	0.09089210305939864	2.0	0.0	1117.4583049003404	10.0
0.8218357005366562	0.7802143658485882	0.11378573084870246	4.0	0.0	3129.8439028076	10.0
0.5357534441669916	0.5454497013331256	0.10945628126457216	5.0	0.0	2641.703055131415	10.0
0.15392736599012538	0.6430565758787626	0.11997373235342176	1.0	0.0	3926.7572780131404	10.0
0.857165301433174	0.5437529222853623	0.10606869984354954	3.0	0.0	2297.2861014248424	10.0
0.7676554929276357	0.3070645972744818	0.11126367552239347	7.0	0.0	2838.789372378305	10.0
0.08715605916360951	0.30928495988447635	0.11049363828239143	6.0	0.0	2753.6646017544426	10.0
0.5377027041391648	0.5594329492721651	0.10956573754583672	5.0	0.0	2653.370691608917	11.0
0.759380942542588	0.3181279984240968	0.11137493919791584	7.0	0.0	2851.2323278969643	11.0
0.6887504392328321	0.08792019372333254	0.09098299516245803	2.0	0.0	1122.9188292039935	11.0
0.15128007531326168	0.6457289854767309	0.12009370608577517	1.0	0.0	3943.4132438001584	11.0
0.8109639646143093	0.7797692181787661	0.11389951657955115	4.0	0.0	3143.424261592823	11.0
0.0864852882125576	0.30686804354655645	0.11060413192067381	6.0	0.0	2765.773223133449	11.0
0.8897795591182364	0.3106212424849699	0.01783567134268537	-2.0	-1.0	0.0	11.0
0.8591374980747634	0.5410811098752248	0.10617476854339307	3.0	0.0	2307.5874297676314	11.0
