# x	y	r	id	split_id	s_prob	t
2.0	0.5	0.0	-1.0	0.0	0.0	0.0
0.0435708408846237	0.3476060218799412	0.03066947038701981	1.0	0.0	0.0	0.0
0.10991154395182552	0.601965567648084	0.03459570816237318	2.0	0.0	0.0	0.0
0.2308696347112403	0.2310068085186585	0.03142058425797538	3.0	0.0	0.0	0.0
0.47232297671302276	0.373178355397196	0.03318546091845169	4.0	0.0	0.0	0.0
0.5409553420286382	0.4831174386335411	0.03235626449166004	5.0	0.0	0.0	0.0
0.7229997636106958	0.4964901250129571	0.03256420949923512	6.0	0.0	0.0	0.0
0.4223564943597158	0.2826605484687629	0.0336534344833749	7.0	0.0	0.0	0.0
0.2815954687633807	0.74434458668428	0.0332048882856229	8.0	0.0	0.0	0.0
0.33245828371856023	0.05260160359081741	0.03323819634402295	9.0	0.0	0.0	0.0
0.2842164375977262	0.3520130804380971	0.031566954665659785	10.0	0.0	0.0	0.0
0.11365339964533319	0.7017483861416217	0.032312775108500655	11.0	0.0	0.0	0.0
0.37520613988176266	0.4496690226355268	0.029552680230955152	12.0	0.0	0.0	0.0
0.47614485643449794	0.44748771342391935	0.03347413981377698	13.0	0.0	0.0	0.0
0.8108858438689287	0.14920102873365604	0.02944050093957896	14.0	0.0	0.0	0.0
0.4651679494050916	0.7983200570893783	0.034291873736550654	15.0	0.0	0.0	0.0
0.41113092727919287	0.07311662963233345	0.029115707020354493	16.0	0.0	0.0	0.0
0.2609190068719664	0.02368645645852987	0.02368645645852987	17.0	0.0	0.0	0.0
0.19092624093738308	0.4729097139414557	0.031577400788285526	18.0	0.0	0.0	0.0
0.6810250069570085	0.24088472832711	0.03140436551079108	19.0	0.0	0.0	0.0
0.0936995328837385	0.2922361547887501	0.03309087459176293	20.0	0.0	0.0	0.0
0.9561945733001432	0.9081740919001281	0.033706024887114924	21.0	0.0	0.0	0.0
0.398026081062633	0.6405781939156302	0.031438026292971634	22.0	0.0	0.0	0.0
0.672437183209145	0.7248231629182523	0.03135413253689234	23.0	0.0	0.0	0.0
0.508926064624255	0.6736765696853526	0.03054686398660704	24.0	0.0	0.0	0.0
0.8058967029442519	0.9075504492845435	0.031287192780158485	25.0	0.0	0.0	0.0
0.15606109750508676	0.8221114109494517	0.03538392391679775	26.0	0.0	0.00036217250492143194	0.0
0.5662684203909231	0.28796696374565134	0.0341665685408347	27.0	0.0	0.0	0.0
0.5870845534293418	0.16610396748413497	0.030234208407818222	28.0	0.0	0.0	0.0
0.829595122336467	0.5289993816246844	0.031113020272351195	29.0	0.0	0.0	0.0
0.7664537383019768	0.4239592625396026	0.03220776052828481	30.0	0.0	0.0	0.0
0.42695108766603046	0.8654070596287192	0.03207665406539357	31.0	0.0	0.0	0.0
0.6106965642662685	0.07498755747908728	0.03505074429635281	32.0	0.0	8.362606820355722e-07	0.0
0.6167243895491833	0.44129945863665826	0.035275306227196254	33.0	0.0	0.00013354513720287287	0.0
0.036945357928425994	0.4922044673051923	0.03493032388083659	34.0	0.0	0.0	0.0
0.5007707710246744	0.0796753016546766	0.032527237887850675	35.0	0.0	0.0	0.0
0.5593704835895951	0.02531017849165126	0.02531017849165126	36.0	0.0	0.0	0.0
0.7403795938600771	0.3603018203471683	0.03433720148483688	37.0	0.0	0.0	0.0
0.30220761617951974	0.6771309610750742	0.03316097278812364	38.0	0.0	0.0	0.0
0.6124782508473361	0.3370580883797549	0.03100433798849788	39.0	0.0	0.0	0.0
0.7435324413857907	0.10991154395182552	0.032096335703805885	40.0	0.0	0.0	0.0
0.14599891605583565	0.3388535391938588	0.0329899184176572	41.0	0.0	0.0	0.0
0.8183080133317369	0.36134892152786874	0.030854251186848293	42.0	0.0	0.0	0.0
0.5523771094413611	0.8784311667220165	0.031018714128450264	43.0	0.0	0.0	0.0
0.2633085993654787	0.4804109169377149	0.03203420200462911	44.0	0.0	0.0	0.0
0.19124205670483557	0.05336040065549501	0.031947919799929295	45.0	0.0	0.0	0.0
0.12093604744773342	0.10235718286466931	0.034164099308950535	46.0	0.0	0.0	0.0
0.8931000409506268	0.330888651071382	0.032914797304627805	47.0	0.0	0.0	0.0
0.8726264628118052	0.17788858905054816	0.03177443917151371	48.0	0.0	0.0	0.0
0.2244873640984914	0.31751335416814375	0.03382021111555295	49.0	0.0	0.0	0.0
0.19087072905151903	0.11901102747986832	0.028987738237148633	50.0	0.0	0.0	0.0
0.6811681798273296	0.6337713410428991	0.03167880422569172	51.0	0.0	0.0	0.0
0.604056344080198	0.9216269653348573	0.031952745599885105	52.0	0.0	0.0	0.0
0.6330511694665417	0.857830280677568	0.0313160508483998	53.0	0.0	0.0	0.0
0.4282962869719962	0.5088217366230731	0.03336436484214948	54.0	0.0	0.0	0.0
0.5539450862480688	0.5894927153363917	0.030875617702197804	55.0	0.0	0.0	0.0
0.7372960152299446	0.7547580084663137	0.03280596864634569	56.0	0.0	0.0	0.0
0.9593127863780663	0.7372960152299446	0.03519897509333741	57.0	0.0	5.041689846052577e-05	0.0
0.9720529968963304	0.08450125488308476	0.030700732328223408	58.0	0.0	0.0	0.0
0.6586506214213601	0.973156416665967	0.032265654128827835	59.0	0.0	0.0	0.0
0.5202683850064999	0.19410329705574805	0.034207598130866594	60.0	0.0	0.0	0.0
0.7728436443182675	0.8277241944897132	0.03300539226974841	61.0	0.0	0.0	0.0
0.31865607545162566	0.6002319867756676	0.03503583461888122	62.0	0.0	2.9450205829562037e-07	0.0
0.5486303127141983	0.3816665046384262	0.03346011480543843	63.0	0.0	0.0	0.0
0.36298140376517507	0.8790309591396412	0.03292971830082857	64.0	0.0	0.0	0.0
0.44256168483586067	0.5902313452275133	0.033669184949858266	65.0	0.0	0.0	0.0
0.6605241564812528	0.16882699862727088	0.0349696061012331	66.0	0.0	0.0	0.0
0.9053166569378192	0.03671336483372318	0.033695903949711045	67.0	0.0	0.0	0.0
0.37889310360285205	0.70207407837213	0.03127284030048162	68.0	0.0	0.0	0.0
0.39463185499330017	0.7839717249492342	0.035354227183628864	69.0	0.0	0.0002844628995575249	0.0
0.24711291938044003	0.5620524402506688	0.032894161194558326	70.0	0.0	0.0	0.0
0.5226164599801209	0.7503521556432061	0.032236877767941464	71.0	0.0	0.0	0.0
0.9025613083598666	0.4061417863545159	0.03088519692285655	72.0	0.0	0.0	0.0
0.7334897652462015	0.9452347418855238	0.03160158019518852	73.0	0.0	0.0	0.0
0.4335820614402388	0.958065501146897	0.030982149925014944	74.0	0.0	0.0	0.0
0.762241719853329	0.6368895541208222	0.032997140748831214	75.0	0.0	0.0	0.0
0.663683744635172	0.379246249434947	0.03325967803016004	76.0	0.0	0.0	0.0
0.21904900167913252	0.784692854014375	0.03499578405732442	77.0	0.0	0.0	0.0
0.24017964288065496	0.1593779229163021	0.033968326093186695	78.0	0.0	0.0	0.0
0.7399124491888842	0.10920775734985025	0.032128432039509686	40.0	0.0	0.0	1.0
0.7970368480049361	0.9005239755165746	0.03131847997293864	25.0	0.0	0.0	1.0
0.3637607901790308	0.8805810422255951	0.03296264801912939	64.0	0.0	0.0	1.0
0.24835934043910354	0.5611140828714554	0.03292705535575288	70.0	0.0	0.0	1.0
0.22063891092647975	0.7833375645687781	0.03503077984138174	77.0	0.0	1.866289949248312e-07	1.0
0.8307543947447562	0.5289957323524288	0.031144133292623544	29.0	0.0	0.0	1.0
0.044556379201839566	0.34850546173198543	0.030700139857406827	1.0	0.0	0.0	1.0
0.03553981744319883	0.4915143083732529	0.034965254204717425	34.0	0.0	0.0	1.0
0.265504484180996	0.47974904630297294	0.032066236206633736	44.0	0.0	0.0	1.0
0.24788972870018813	0.16488143192750573	0.03400229441927988	78.0	0.0	0.0	1.0
0.6106563564778568	0.07818062358777395	0.03508579504064916	32.0	0.0	4.0417228319711285e-06	1.0
0.5481763475816154	0.3825984290167744	0.033493574920243865	63.0	0.0	0.0	1.0
0.9583576962445952	0.7389304167364678	0.03523417406843074	57.0	0.0	8.218572254747869e-05	1.0
0.31857074045241157	0.5866778418897282	0.035070870453500096	62.0	0.0	2.2781148203421253e-06	1.0
0.6043277695372662	0.9206792968398746	0.03198469834548499	52.0	0.0	0.0	1.0
0.7393773562039515	0.35179162560624105	0.03437153868632171	37.0	0.0	0.0	1.0
0.6323008596122299	0.8600396701323264	0.0313473668992482	53.0	0.0	0.0	1.0
0.5469504772451188	0.8756705977749144	0.03104973284257871	43.0	0.0	0.0	1.0
0.716226756389139	0.49543704724731363	0.03259677370873435	6.0	0.0	0.0	1.0
0.19160829899571438	0.11849957316918949	0.02901672597538578	50.0	0.0	0.0	1.0
0.4117335935064114	0.07414794443203385	0.029144822727374845	16.0	0.0	0.0	1.0
0.5120522921425097	0.6777485365512673	0.030577410850593643	24.0	0.0	0.0	1.0
0.907917791622338	0.04069037941216473	0.03372959985366075	67.0	0.0	0.0	1.0
0.7701547146436514	0.433682878539435	0.032239968288813085	30.0	0.0	0.0	1.0
0.25434099714940955	0.029689798985399866	0.023710142914988394	17.0	0.0	0.0	1.0
0.9040946101278233	0.4055052578089145	0.030916082119779403	72.0	0.0	0.0	1.0
0.6681280529985063	0.16841969404175416	0.035004575707334326	66.0	0.0	6.131273266873905e-10	1.0
0.612465141186699	0.3349758215335996	0.031035342326486377	39.0	0.0	0.0	1.0
0.38669945527800803	0.7833322317535392	0.03538958141081249	69.0	0.0	0.0003784204971850613	1.0
0.7564094649046961	0.6484890374940598	0.03303013788958004	75.0	0.0	0.0	1.0
0.7757721847638225	0.8296264478061773	0.03303839766201816	61.0	0.0	0.0	1.0
0.22151092520359394	0.31886031453249886	0.033854031326668504	49.0	0.0	0.0	1.0
0.43315604016475495	0.9571161580211563	0.031013132074939956	74.0	0.0	0.0	1.0
0.4747975030302503	0.3756142373730038	0.03321864637937014	4.0	0.0	0.0	1.0
0.14733626718054663	0.3395206975348402	0.03302290833607485	41.0	0.0	0.0	1.0
0.5201785444147969	0.7511037528091976	0.032269114645709404	71.0	0.0	0.0	1.0
0.12357275058363576	0.1037565413534852	0.03419826340825948	46.0	0.0	0.0	1.0
0.11270642933551892	0.5998614622130743	0.03463030387053555	2.0	0.0	0.0	1.0
0.43025222141404196	0.8704543403863689	0.03210873071945896	31.0	0.0	0.0	1.0
0.48185920892742345	0.44392754147639796	0.033507613953590754	13.0	0.0	0.0	1.0
0.9707735970673407	0.07259307718382918	0.03073143306055163	58.0	0.0	0.0	1.0
0.6776050831802278	0.23920545194488912	0.03143576987630187	19.0	0.0	0.0	1.0
0.6574272719978572	0.9728375478187454	0.03229791978295666	59.0	0.0	0.0	1.0
0.8198914300678675	0.36211408814129326	0.03088510543803514	42.0	0.0	0.0	1.0
0.681511931528803	0.6325906374506036	0.031710483029917406	51.0	0.0	0.0	1.0
0.2970552897664801	0.7380502738220731	0.03323809317390852	8.0	0.0	0.0	1.0
0.230023496071731	0.23018430855695635	0.03145200484223335	3.0	0.0	0.0	1.0
0.7262544423616831	0.9483998762118019	0.031633181775383705	73.0	0.0	0.0	1.0
0.4670150334166201	0.8115404544035187	0.0343261656102872	15.0	0.0	0.0	1.0
0.28126044082296875	0.3500126096667502	0.03159852162032544	10.0	0.0	0.0	1.0
0.5596811967070439	0.022973762716205135	0.02533548867014291	36.0	0.0	0.0	1.0
0.5379699445636167	0.4832585089633095	0.0323886207561517	5.0	0.0	0.0	1.0
0.3367986828039065	0.05141170784217289	0.03327143454036697	9.0	0.0	0.0	1.0
0.9579990106670153	0.9088059472825136	0.03373973091200204	21.0	0.0	0.0	1.0
0.0983781287032451	0.28572793818658754	0.03312396546635469	20.0	0.0	0.0	1.0
0.8115448330954105	0.14682656420817342	0.029469941440518538	14.0	0.0	0.0	1.0
0.5023746249290385	0.08482005668946806	0.03255976512573852	35.0	0.0	0.0	1.0
0.19461114390636883	0.4713799785843664	0.03160897818907381	18.0	0.0	0.0	1.0
0.5185657250232556	0.19460483132300585	0.03424180572899746	60.0	0.0	0.0	1.0
0.3780540175856908	0.7094466660084959	0.0313041131407821	68.0	0.0	0.0	1.0
0.11167371911926638	0.6990664350186392	0.03234508788360915	11.0	0.0	0.0	1.0
0.4228411646169404	0.2796066830201919	0.03368708791785827	7.0	0.0	0.0	1.0
0.1901564531678251	0.05502023823283944	0.03197986771972922	45.0	0.0	0.0	1.0
0.42712645634790103	0.5110771397121654	0.033397729206991626	54.0	0.0	0.0	1.0
0.7419054461710549	0.7560529130737809	0.03283877461499203	56.0	0.0	0.0	1.0
0.40029213713536377	0.6436889080914293	0.0314694643192646	22.0	0.0	0.0	1.0
0.4415049925999478	0.5887998026672681	0.03370285413480812	65.0	0.0	0.0	1.0
0.566926180060653	0.2869749698195188	0.034200735109375525	27.0	0.0	0.0	1.0
0.3763753962090793	0.45056087587610055	0.029582232911186106	12.0	0.0	0.0	1.0
0.5847030558038341	0.16897459885586583	0.030264442616226038	28.0	0.0	0.0	1.0
0.5564637797564377	0.5907890640140695	0.0309064933199	55.0	0.0	0.0	1.0
0.1550561022092111	0.8304527547140294	0.03541930784071455	26.0	0.0	0.0004718228007760672	1.0
0.6162859457735582	0.43971966165393916	0.035310581533423445	33.0	0.0	0.00019173741306133252	1.0
0.6674331970456157	0.3843932865736158	0.033292937708190196	76.0	0.0	0.0	1.0
0.8734014058602065	0.1787991182420537	0.03180621361068522	48.0	0.0	0.0	1.0
0.3042421218081116	0.6667471187497609	0.03319413376091176	38.0	0.0	0.0	1.0
0.8906737638936361	0.3390309722250311	0.03294771210193243	47.0	0.0	0.0	1.0
0.6733134729588116	0.7233450507611654	0.03138548666942923	23.0	0.0	0.0	1.0
0.6071526676914181	0.9252454412819949	0.03201668304383047	52.0	0.0	0.0	2.0
0.4155749544587703	0.07041390004655143	0.029173967550102216	16.0	0.0	0.0	2.0
0.7740996213364157	0.8266360079250921	0.03307143605968017	61.0	0.0	0.0	2.0
0.2673849570698668	0.4792079782045627	0.032098302442840364	44.0	0.0	0.0	2.0
0.8183524518294966	0.36440365466571156	0.03091599054347317	42.0	0.0	0.0	2.0
0.6052851611470479	0.06912057339367145	0.03512088083568981	32.0	0.0	1.1304525429522982e-05	2.0
0.7273698626446669	0.9465184023258334	0.03166481495715909	73.0	0.0	0.0	2.0
0.29380522693997285	0.736554764587626	0.03327133126708243	8.0	0.0	0.0	2.0
0.68197438730488	0.16536400538542623	0.03503958028304165	66.0	0.0	3.9684111641236086e-07	2.0
0.29228804071131004	0.35136575852890806	0.031630120141945765	10.0	0.0	0.0	2.0
0.909220988180817	0.03921650093872818	0.03376332945351441	67.0	0.0	0.0	2.0
0.3704247531265391	0.891055511437296	0.03299561066714852	64.0	0.0	0.0	2.0
0.73795410361726	0.35293503239159346	0.034405910225008024	37.0	0.0	0.0	2.0
0.6145591804351118	0.44196880417549467	0.03534589211495687	33.0	0.0	0.00026485120885411106	2.0
0.23165448138077024	0.22938345003261898	0.03148345684707558	3.0	0.0	0.0	2.0
0.16465716586913193	0.8399038798667363	0.035454727148555264	26.0	0.0	0.0006017728984915038	2.0
0.1459150459644747	0.34698802555943975	0.033055931244410926	41.0	0.0	0.0	2.0
0.6595929607988749	0.9859495810735036	0.03233021770273961	59.0	0.0	0.0	2.0
0.4805789295443888	0.4432787561017795	0.03354112156754434	13.0	0.0	0.0	2.0
0.3758602910410775	0.4514956170782792	0.02961181514409729	12.0	0.0	0.0	2.0
0.09285722204764837	0.27715244545560486	0.03315708943182104	20.0	0.0	0.0	2.0
0.6303739593387424	0.8635363406959418	0.031378714266147446	53.0	0.0	0.0	2.0
0.3746089242162076	0.7184805515439202	0.03133541725392288	68.0	0.0	0.0	2.0
0.47417772734076147	0.37358119436213416	0.033251865025749505	4.0	0.0	0.0	2.0
0.9588281090986633	0.9120283337445055	0.033773470642914034	21.0	0.0	0.0	2.0
0.5041468783403671	0.07990810939603049	0.032592324890864256	35.0	0.0	0.0	2.0
0.8099539884404451	0.14414315175762749	0.029499411381959054	14.0	0.0	0.0	2.0
0.511981225478643	0.19949727100634923	0.034276047534726455	60.0	0.0	0.0	2.0
0.667611795292701	0.6304294225085812	0.03174219351294732	51.0	0.0	0.0	2.0
0.5475275770700211	0.8768183630702606	0.031080782575421288	43.0	0.0	0.0	2.0
0.5342215837760502	0.48334111828497955	0.032421009376907846	5.0	0.0	0.0	2.0
0.6745835098987942	0.7246934141569702	0.03141687215609866	23.0	0.0	0.0	2.0
0.4254875403338865	0.2747320554033524	0.03372077500577613	7.0	0.0	0.0	2.0
0.7560152090323103	0.6395487905788171	0.03306316802746962	75.0	0.0	0.0	2.0
0.3979716371219109	0.6390918169256068	0.031500933783583866	22.0	0.0	0.0	2.0
0.24253045441372365	0.5577813151720304	0.03295998241110863	70.0	0.0	0.0	2.0
0.915811304308099	0.41230271891914355	0.030946998201899178	72.0	0.0	0.0	2.0
0.7095066716069374	0.4935947741854036	0.03262937048244308	6.0	0.0	0.0	2.0
0.44885608375165964	0.5809202758016834	0.03373655698894292	65.0	0.0	0.0	2.0
0.6095277232122366	0.3415025085707379	0.03106637766881286	39.0	0.0	0.0	2.0
0.9597049618274738	0.738703532503897	0.03526940824249917	57.0	0.0	0.00012514474285296728	2.0
0.8728464313477258	0.180956090547759	0.0318380198242959	48.0	0.0	0.0	2.0
0.6681507402272447	0.387335112398793	0.03332623064589838	76.0	0.0	0.0	2.0
0.5829742111624618	0.1712264497064118	0.03029470705884226	28.0	0.0	0.0	2.0
0.31622272634906745	0.5866704505788837	0.035105941323953595	62.0	0.0	7.6098511527789015e-06	2.0
0.43609783932540425	0.9574415918208816	0.031044145207014893	74.0	0.0	0.0	2.0
0.43452324415430543	0.8763173599043668	0.03214083945017841	31.0	0.0	0.0	2.0
0.036223500475772996	0.4891660232328682	0.035000219458922135	34.0	0.0	7.105427357601002e-14	2.0
0.9719672821863675	0.069410774603501	0.030762164493612177	58.0	0.0	0.0	2.0
0.254673566493046	0.032075524673804354	0.02373385305790338	17.0	0.0	0.0	2.0
0.7964714398561692	0.8994168854042265	0.031349798452911574	25.0	0.0	0.0	2.0
0.1861626031081316	0.049464545399388764	0.03201184758744895	45.0	0.0	0.0	2.0
0.8877793719190689	0.3410704981098985	0.03298065981403436	47.0	0.0	0.0	2.0
0.11018259611141686	0.6980297062194154	0.03237743297149276	11.0	0.0	0.0	2.0
0.11258283903849317	0.597058897053925	0.03466493417440608	2.0	0.0	0.0	2.0
0.5590802301266854	0.02508742802131776	0.02536082415881305	36.0	0.0	0.0	2.0
0.732986048684262	0.09982428998377726	0.03216056047154919	40.0	0.0	0.0	2.0
0.3064375548164193	0.6633438207087469	0.03322732789467266	38.0	0.0	0.0	2.0
0.5185429089006501	0.751453929986855	0.03230138376035511	71.0	0.0	0.0	2.0
0.12122909912894009	0.11453755982846826	0.034232461671667734	46.0	0.0	0.0	2.0
0.548221435697879	0.38157599937000697	0.033527068495164104	63.0	0.0	0.0	2.0
0.5607156542309635	0.28021064715598637	0.0342349358444849	27.0	0.0	0.0	2.0
0.04376527228139156	0.3476760895459482	0.030730839997264232	1.0	0.0	0.0	2.0
0.42819037744413224	0.5113616183347764	0.03343112693619862	54.0	0.0	0.0	2.0
0.4556551193639223	0.8123643686171542	0.034360491775897485	15.0	0.0	0.0	2.0
0.19390670938670967	0.12191896101977297	0.029045742701361163	50.0	0.0	0.0	2.0
0.2599277692028241	0.1659070517720281	0.034036296713699156	78.0	0.0	0.0	2.0
0.5682990550113682	0.5965083148462238	0.030937399813219895	55.0	0.0	0.0	2.0
0.21261076729919035	0.3235799160959098	0.03388788535799517	49.0	0.0	0.0	2.0
0.7528067800841879	0.7633307485151407	0.03287161338960702	56.0	0.0	0.0	2.0
0.2221378268720842	0.7840158853539587	0.03506581062122312	77.0	0.0	1.824181069309816e-06	2.0
0.3381371466998526	0.055049467657089186	0.03330470597490733	9.0	0.0	0.0	2.0
0.5128561805745746	0.6752258747326585	0.030607988261444233	24.0	0.0	0.0	2.0
0.7685497547891368	0.43398443567495887	0.03227220825710189	30.0	0.0	0.0	2.0
0.8319974381089912	0.5285866453988651	0.031175277425916165	29.0	0.0	0.0	2.0
0.6783537335727349	0.24096181267005784	0.031467205646178165	19.0	0.0	0.0	2.0
0.3838280767869733	0.7888681749792024	0.0354249709922233	69.0	0.0	0.0004911994078895532	2.0
0.18922896377910053	0.47068145313397347	0.031640587167262875	18.0	0.0	0.0	2.0
0.47688675268982167	0.3715417279161063	0.03328511689077525	4.0	0.0	0.0	3.0
0.7959619826139255	0.8940382338848206	0.03138114825136448	25.0	0.0	0.0	3.0
0.7311424404987323	0.09956137276998547	0.03219272103202074	40.0	0.0	0.0	3.0
0.5375440191093879	0.4835820885671774	0.03245343038628475	5.0	0.0	0.0	3.0
0.971260716633362	0.9087877459317485	0.03380724411355694	21.0	0.0	0.0	3.0
0.3257015056182774	0.5862823380884236	0.035141047265277545	62.0	0.0	1.7958662326122976e-05	3.0
0.35709210697155075	0.8973771142790077	0.03302860627781566	64.0	0.0	0.0	3.0
0.6664155524061008	0.6301968530248633	0.03177393570646026	51.0	0.0	0.0	3.0
0.7122954101287506	0.49607624944311857	0.032661999852925526	6.0	0.0	0.0	3.0
0.8204687254948922	0.3645036558974924	0.03094690653401664	42.0	0.0	0.0	3.0
0.6684416439413615	0.39503247687677717	0.03335955687654427	76.0	0.0	0.0	3.0
0.5574927559982953	0.02546933971286577	0.02538618498297186	36.0	0.0	0.0	3.0
0.6027432980982758	0.9305914811794637	0.0320486997268743	52.0	0.0	0.0	3.0
0.3755561359374901	0.7173240526854682	0.0313667526711768	68.0	0.0	0.0	3.0
0.7485103415206132	0.7631006087276825	0.03290448500299663	56.0	0.0	0.0	3.0
0.10609177259288036	0.7105930476771469	0.03240981040446425	11.0	0.0	0.0	3.0
0.8735998579917553	0.18210804502552025	0.03186985784412019	48.0	0.0	0.0	3.0
0.8858578857138208	0.3386000841634972	0.033013640473848395	47.0	0.0	0.0	3.0
0.4492183974812596	0.5793931409269872	0.03377029354593186	65.0	0.0	0.0	3.0
0.044181639266331535	0.3491404978492136	0.030761570837261495	1.0	0.0	0.0	3.0
0.6353812969319859	0.8558235059769749	0.03141009298041359	53.0	0.0	0.0	3.0
0.738841366198063	0.3517330228533713	0.034440316135233025	37.0	0.0	0.0	3.0
0.18891806251424006	0.4652003809117558	0.031672227754430134	18.0	0.0	0.0	3.0
0.2956883773331864	0.736038509606717	0.033304602598349504	8.0	0.0	0.0	3.0
0.336892682362179	0.0550298788650317	0.033338010680882234	9.0	0.0	0.0	3.0
0.25936899735938673	0.16477808374212058	0.03407033301041285	78.0	0.0	0.0	3.0
0.54808465146322	0.8757922312914913	0.031111863357996705	43.0	0.0	0.0	3.0
0.2937712566342727	0.35265245947544294	0.03166175026208771	10.0	0.0	0.0	3.0
0.4368361983145384	0.9563579202119368	0.031075189352221904	74.0	0.0	0.0	3.0
0.4154732212586373	0.06718317580074958	0.029203141517652315	16.0	0.0	0.0	3.0
0.5456795084527057	0.37939875349919827	0.033560595563659264	63.0	0.0	0.0	3.0
0.14606500758804725	0.3448260885128777	0.03308898717565533	41.0	0.0	0.0	3.0
0.7660764667171539	0.43248641728943776	0.03230448046535899	30.0	0.0	0.0	3.0
0.48122265027889416	0.44238330068458004	0.03357466268911188	13.0	0.0	0.0	3.0
0.09630766505302749	0.28131157197814277	0.03319024652125285	20.0	0.0	0.0	3.0
0.19302525852123084	0.1250191202855556	0.02907478844406252	50.0	0.0	0.0	3.0
0.6094152056972647	0.33988038833617673	0.031097444046481668	39.0	0.0	0.0	3.0
0.8339419228621805	0.5300314437932918	0.031206452703342078	29.0	0.0	0.0	3.0
0.5135885131721394	0.6742843302877976	0.030638596249705673	24.0	0.0	0.0	3.0
0.22326954539612598	0.7843492435266315	0.035100876431844334	77.0	0.0	6.56975403501292e-06	3.0
0.37780997054175974	0.44811047505744095	0.029641426959241383	12.0	0.0	0.0	3.0
0.6128059230715455	0.4428711898200108	0.03538123800707182	33.0	0.0	0.0003546243442826835	3.0
0.37615265163725675	0.7919980155168106	0.03546039596321551	69.0	0.0	0.0006245604728150056	3.0
0.42561878401747366	0.8815228188406419	0.03217298028962859	31.0	0.0	0.0	3.0
0.9731454629213521	0.06382174715960315	0.030792926658105787	58.0	0.0	0.0	3.0
0.23011360542205606	0.22383137853416768	0.031514940303922656	3.0	0.0	0.0	3.0
0.5593569629714874	0.28731856770079545	0.03426917078032938	27.0	0.0	0.0	3.0
0.4251999294924749	0.2767952659359786	0.03375449578078191	7.0	0.0	0.0	3.0
0.6760388990756553	0.2522959539859993	0.03149867285182434	19.0	0.0	0.0	3.0
0.9089267603201047	0.03254451477858921	0.03379709278296792	67.0	0.0	0.0	3.0
0.24292755641080288	0.5587129307278847	0.032992942393519735	70.0	0.0	0.0	3.0
0.11179467999885148	0.5984474837170753	0.03469959910858048	2.0	0.0	0.0	3.0
0.5010376816729458	0.07015121850595644	0.03262491721575512	35.0	0.0	0.0	3.0
0.12263533247556656	0.1177247702675239	0.034266694133339395	46.0	0.0	0.0	3.0
0.3993558183325976	0.6343374907045555	0.03153243471736745	22.0	0.0	0.0	3.0
0.7454909819639278	0.0721442885771543	0.003406813627254509	-2.0	-1.0	0.0	3.0
0.567352664800207	0.5876996667973619	0.03096833721303311	55.0	0.0	0.0	3.0
0.26702617843118737	0.47812924827470116	0.0321304007452832	44.0	0.0	0.0	3.0
0.9171263174799746	0.4113884334983799	0.030977945200101074	72.0	0.0	0.0	3.0
0.21244237387028123	0.3250594965997307	0.03392177324335316	49.0	0.0	0.0	3.0
0.9531648634662442	0.7336496104238015	0.03530467765074166	57.0	0.0	0.00018100966671852348	3.0
0.3140016863837331	0.6609595863381935	0.03326055522256733	38.0	0.0	0.0	3.0
0.7332574049609354	0.9493634845538648	0.031696479772116246	73.0	0.0	0.0	3.0
0.4668471266485647	0.8072367581682689	0.03439485226767338	15.0	0.0	0.0	3.0
0.5030068979182555	0.19603396950728633	0.03431032358226118	60.0	0.0	0.0	3.0
0.8067531557360536	0.1511573089865335	0.02952891079334101	14.0	0.0	0.0	3.0
0.42984711076941945	0.5117381895411046	0.033464558063134815	54.0	0.0	0.0	3.0
0.6809351528645967	0.16569878207209995	0.03507461986332469	66.0	0.0	2.6591529689312665e-06	3.0
0.6063040394514815	0.06784411839691538	0.0351560017165255	32.0	0.0	2.429786445645732e-05	3.0
0.5172844176814227	0.7534881458674122	0.03233368514411546	71.0	0.0	0.0	3.0
0.6543746276703073	0.9843047486044477	0.032362547920442346	59.0	0.0	0.0	3.0
0.04265823303846283	0.48677542678704694	0.03503521967838105	34.0	0.0	2.7959933390775404e-07	3.0
0.7543203883793621	0.6392192892972078	0.03309623119549709	75.0	0.0	0.0	3.0
0.1864639533421601	0.048518885903505934	0.03204385943503639	45.0	0.0	0.0	3.0
0.587594316418839	0.17215489887269012	0.0303250017659011	28.0	0.0	0.0	3.0
0.7788100601819236	0.8287676742040453	0.03310450749573985	61.0	0.0	0.0	3.0
0.2534383213518371	0.030212601582355114	0.02375758691096128	17.0	0.0	0.0	3.0
0.1703032504158913	0.835540815310076	0.03549018187570382	26.0	0.0	0.0007537923436871097	3.0
0.6790900750606153	0.7385335411321202	0.03144828902825476	23.0	0.0	0.0	3.0
0.334427482619179	0.05237940721023108	0.033371348691563114	9.0	0.0	0.0	4.0
0.29475605380342934	0.7350854124070445	0.03333790720094785	8.0	0.0	0.0	4.0
0.5773730556386484	0.583976946312751	0.03099930555024614	55.0	0.0	0.0	4.0
0.4991610206622584	0.20572614690419025	0.034344633905843434	60.0	0.0	0.0	4.0
0.1936664545441262	0.12154631899547448	0.02910386323250658	50.0	0.0	0.0	4.0
0.21099143429106348	0.3269994602064237	0.03395569501659651	49.0	0.0	0.0	4.0
0.7322276052811748	0.0998369392134656	0.03222491375305276	40.0	0.0	0.0	4.0
0.3104574558303772	0.6611270634593458	0.03329381577778989	38.0	0.0	0.0	4.0
0.14302568745118285	0.34395158552129207	0.033122076162830985	41.0	0.0	0.0	4.0
0.885245083032419	0.3370269122623348	0.03304665411432224	47.0	0.0	0.0	4.0
0.8722491948669392	0.18201862826509463	0.03190172770196431	48.0	0.0	0.0	4.0
0.350852751808046	0.8998301991069132	0.03306163488409347	64.0	0.0	0.0	4.0
0.606771925244962	0.34088138841605103	0.031128541490528145	39.0	0.0	0.0	4.0
0.46854168319158557	0.8050005616223427	0.034429247119941046	15.0	0.0	0.0	4.0
0.5391971100792726	0.48378606043749905	0.032485883816671036	5.0	0.0	0.0	4.0
0.7381055778271539	0.35090086700256584	0.03447475645136825	37.0	0.0	0.0	4.0
0.23045111437908303	0.2372307418423339	0.03154645524422658	3.0	0.0	0.0	4.0
0.8077132684899232	0.153576934604336	0.029558439704134347	14.0	0.0	0.0	4.0
0.32505590488735475	0.5851933486424509	0.035176188312542815	62.0	0.0	3.500348312002188e-05	4.0
0.5567511815989489	0.02465162355374322	0.025411571167954828	36.0	0.0	0.0	4.0
0.4620093780934494	0.5817046348579367	0.03380406383947779	65.0	0.0	0.0	4.0
0.6774306382292212	0.7360980258780461	0.031479737317283006	23.0	0.0	0.0	4.0
0.5146258995196781	0.7539530802193349	0.03236601882925957	71.0	0.0	0.0	4.0
0.753518530044199	0.640236935823977	0.033129327426692584	75.0	0.0	0.0	4.0
0.17088593626907764	0.8347514278519875	0.03552567205757952	26.0	0.0	0.0009296610834041985	4.0
0.24361839612201694	0.5577770229817129	0.03302593533591325	70.0	0.0	0.0	4.0
0.7651128685044952	0.4335901453409174	0.03233678494582435	30.0	0.0	0.0	4.0
0.18377760676282423	0.054405621955953776	0.03207590329447142	45.0	0.0	0.0	4.0
0.2719031555418065	0.48063938410798485	0.03216253114602848	44.0	0.0	0.0	4.0
0.42692455948527414	0.874974322641595	0.03220515326991821	31.0	0.0	0.0	4.0
0.5592051176507865	0.2886527490733166	0.0343034399511097	27.0	0.0	0.0	4.0
0.7334458956260326	0.947609083557578	0.03172817625188836	73.0	0.0	0.0	4.0
0.9442385023065788	0.7309590793518007	0.0353399823283924	57.0	0.0	0.0002515063795556216	4.0
0.4240388221068175	0.27627859956516737	0.03378825027656269	7.0	0.0	0.0	4.0
0.7158263071288822	0.5053121875605241	0.032694661852778445	6.0	0.0	0.0	4.0
0.19228548111560778	0.466573527420265	0.031703899982184564	18.0	0.0	0.0	4.0
0.9725197092293822	0.06831066559454527	0.03082371958476389	58.0	0.0	0.0	4.0
0.3768863572371988	0.4469533684505507	0.029671068386200622	12.0	0.0	0.0	4.0
0.473029318210824	0.3665681755133611	0.03331840200766602	4.0	0.0	0.0	4.0
0.24734296494909086	0.16519467294528317	0.03410440334342326	78.0	0.0	0.0	4.0
0.8125530690976963	0.36507776427416233	0.03097785344055065	42.0	0.0	0.0	4.0
0.12192741204875537	0.11597295855564435	0.03430096082747273	46.0	0.0	0.0	4.0
0.9063505077008986	0.024798566420430115	0.033830889875750884	67.0	0.0	0.0	4.0
0.744656461786076	0.753107178242382	0.032937389487999624	56.0	0.0	0.0	4.0
0.6359218146962001	0.8574151340776882	0.031441503073394	53.0	0.0	0.0	4.0
0.588474482976448	0.17540559171958925	0.030355326767666998	28.0	0.0	0.0	4.0
0.10702770534980782	0.7110747637683691	0.032442220214868714	11.0	0.0	0.0	4.0
0.09819668563637533	0.2748232451447934	0.0332234367677741	20.0	0.0	0.0	4.0
0.5600001704093548	0.8757547224433636	0.0311429752213547	43.0	0.0	0.0	4.0
0.04529047831335638	0.3374338062360163	0.03079233240809875	1.0	0.0	0.0	4.0
0.5250501002004008	0.8897795591182364	0.09939879759519038	-2.0	-1.0	1709.2801527199288	4.0
0.4051855946950128	0.6410150536353718	0.031563967152084815	22.0	0.0	0.0	4.0
0.4999195332717234	0.06937380668731306	0.03265754213297087	35.0	0.0	0.0	4.0
0.43041332509112207	0.9590016570859248	0.031106264541574124	74.0	0.0	0.0	4.0
0.6700611744117482	0.39512945646691067	0.033392916433420815	76.0	0.0	0.0	4.0
0.6674293504871531	0.6317903487976504	0.03180570964216672	51.0	0.0	0.0	4.0
0.10597903522128058	0.5979888615156923	0.03473429870768906	2.0	0.0	0.0	4.0
0.683348167824782	0.16749170954786702	0.035109694483188014	66.0	0.0	8.447619293860953e-06	4.0
0.7836723161627683	0.8300449935279308	0.03313761200323559	61.0	0.0	0.0	4.0
0.2551248271623516	0.028804477235449953	0.02378134449787224	17.0	0.0	0.0	4.0
0.9745563368552586	0.9184921480841449	0.033841051357670494	21.0	0.0	0.0	4.0
0.6752715793982936	0.2543030691910353	0.03153017152467616	19.0	0.0	0.0	4.0
0.6179121313861848	0.4462801436360644	0.035416619245078884	33.0	0.0	0.00046280490899164306	4.0
0.6526505028090379	0.9834581560051662	0.032394910468362785	59.0	0.0	0.0	4.0
0.8348705061450888	0.5296041582456967	0.031237659156045417	29.0	0.0	0.0	4.0
0.42184590360704327	0.5033478050506723	0.03349802262119795	54.0	0.0	0.0	4.0
0.22196442774600167	0.7847336780178287	0.035135977308276174	77.0	0.0	1.6090861393536215e-05	4.0
0.2935045661222129	0.3494012598015097	0.03169341201234979	10.0	0.0	0.0	4.0
0.040794457428869585	0.48707723904793065	0.03507025489805943	34.0	0.0	2.2192682394006624e-06	4.0
0.5124882920595374	0.6744910516747692	0.030669234845955375	24.0	0.0	0.0	4.0
0.6028389542918081	0.9292124439057666	0.03208074842660117	52.0	0.0	0.0	4.0
0.7972105321192262	0.9001782892196929	0.03141252939961584	25.0	0.0	0.0	4.0
0.41513871316435885	0.068305748478203	0.029232344659169966	16.0	0.0	0.0	4.0
0.543378626145036	0.37409364506817644	0.03359415615922292	63.0	0.0	0.0	4.0
0.37276049388923693	0.7972348573829234	0.03549585635917873	69.0	0.0	0.0007802748984175878	4.0
0.6138675424419126	0.05759754321886386	0.03519115771824202	32.0	0.0	4.4704937053552385e-05	4.0
0.9153447873887643	0.4132327454672349	0.03100892314530117	72.0	0.0	0.0	4.0
0.4778583189562876	0.4528249076148571	0.03360823735180098	13.0	0.0	0.0	4.0
0.3756683539186974	0.7077952005756026	0.03139811942384797	68.0	0.0	0.0	4.0
0.8093228003990165	0.3641483196900405	0.0310088312939912	42.0	0.0	0.0	5.0
0.6210631425351698	0.4431390359393161	0.03545203586432396	33.0	0.0	0.0005911513050733674	5.0
0.5006003573673807	0.06795353115647873	0.03269019967510384	35.0	0.0	0.0	5.0
0.22770499368110608	0.7834237191015068	0.03517111328558445	77.0	0.0	3.206499415853159e-05	5.0
0.42863946047136203	0.8755506894572316	0.03223735842318813	31.0	0.0	0.0	5.0
0.1052097172008755	0.7004830433290387	0.03247466243508358	11.0	0.0	0.0	5.0
0.7318774173517892	0.3462120499287833	0.03450923120781962	37.0	0.0	0.0	5.0
0.7596895876460159	0.6407626990606705	0.033162456754119274	75.0	0.0	0.0	5.0
0.6565838845176488	0.9740668242230489	0.032427305378831144	59.0	0.0	0.0	5.0
0.55719756596176	0.022233947623623816	0.02543698273912278	36.0	0.0	0.0	5.0
0.5843863088193655	0.17181371359746575	0.030385682094434662	28.0	0.0	0.0	5.0
0.22471078246425924	0.325218896636426	0.033989650711613105	49.0	0.0	0.0	5.0
0.3736761668989182	0.7964096855310403	0.0355313522155379	69.0	0.0	0.0009601242995245229	5.0
0.9694924206927311	0.0673564562032312	0.03085454330434865	58.0	0.0	0.0	5.0
0.7677489354887457	0.4337813345564646	0.03236912173077017	30.0	0.0	0.0	5.0
0.535489934214519	0.49312868989003417	0.0325183697004877	5.0	0.0	0.0	5.0
0.5506253942383822	0.28517451404370475	0.034337743391060806	27.0	0.0	0.0	5.0
0.8238733845770221	0.5215399957834135	0.03126889681520146	29.0	0.0	0.0	5.0
0.5594858079495413	0.877480866753683	0.03117411819657605	43.0	0.0	0.0	5.0
0.24786162326821778	0.02878161340442278	0.023805125842370108	17.0	0.0	0.0	5.0
0.04352633794995613	0.3402853496460401	0.030823124740506847	1.0	0.0	0.0	5.0
0.4053591014989641	0.6395714923889952	0.031595531119236894	22.0	0.0	0.0	5.0
0.7987456360112429	0.9012599962418376	0.03144394192901545	25.0	0.0	0.0	5.0
0.2444889779559118	0.1442885771543086	0.05170340681362725	-2.0	-1.0	29.82600934577053	5.0
0.907371596630789	0.024328714603601143	0.03386472076562663	67.0	0.0	0.0	5.0
0.2875513125574093	0.731547686830645	0.03337124510814879	8.0	0.0	0.0	5.0
0.61430655569725	0.3375579208306719	0.03115967003201867	39.0	0.0	0.0	5.0
0.4559301140317554	0.5841836020458087	0.03383786790331726	65.0	0.0	0.0	5.0
0.36653116460103474	0.7119301525390376	0.03142951754327182	68.0	0.0	0.0	5.0
0.14917758500300543	0.3344150882529126	0.033155198238993815	41.0	0.0	0.0	5.0
0.4323515194737391	0.9625188226276554	0.031137370806115696	74.0	0.0	0.0	5.0
0.6822292660996757	0.16771656229822124	0.0351448041776712	66.0	0.0	1.9432257147400378e-05	5.0
0.6368979554276618	0.856980773659905	0.03147294457646739	53.0	0.0	0.0	5.0
0.6714058334330689	0.3960769669991406	0.03342630934985423	76.0	0.0	0.0	5.0
0.6740393667939757	0.25667874311934163	0.03156170169620083	19.0	0.0	0.0	5.0
0.7454986932417063	0.7626379353245544	0.03297032687748762	56.0	0.0	0.0	5.0
0.6016936011679228	0.9272238180895718	0.032112829175027766	52.0	0.0	0.0	5.0
0.17428813169828364	0.04627756855094564	0.03210797919776589	45.0	0.0	0.0	5.0
0.7142540882793936	0.5044904194499832	0.03272735651463122	6.0	0.0	0.0	5.0
0.19928252632704632	0.47124482214716595	0.031735603882166744	18.0	0.0	0.0	5.0
0.24361839612201694	0.5721189767161146	0.03305896127124916	70.0	0.0	0.0	5.0
0.32233268611817983	0.5870113957026369	0.03521136450085535	62.0	0.0	6.0433273446847124e-05	5.0
0.500113859563214	0.2101092960172133	0.03437897853974927	60.0	0.0	0.0	5.0
0.373844912863842	0.4498001203763598	0.02970073945458682	12.0	0.0	0.0	5.0
0.6672862136711741	0.6242127933305749	0.03183751535180888	51.0	0.0	0.0	5.0
0.5801309098206623	0.5840377260711981	0.031030304855796383	55.0	0.0	0.0	5.0
0.8970997357824356	0.33624210913459596	0.03307970076843656	47.0	0.0	0.0	5.0
0.09840160283287672	0.595281816283453	0.03476903300639674	2.0	0.0	0.0	5.0
0.5151128623864423	0.7555872744840303	0.032398384848088824	71.0	0.0	0.0	5.0
0.26813371803821273	0.4798571622872936	0.03219469367717451	44.0	0.0	0.0	5.0
0.3553950574411175	0.8979445251588885	0.03309469651897756	64.0	0.0	0.0	5.0
0.7327151771905613	0.9445291406373261	0.031759904428140244	73.0	0.0	0.0	5.0
0.2951296205300283	0.35399563348058155	0.03172510542436214	10.0	0.0	0.0	5.0
0.616846817931784	0.05792712280270031	0.03522634887596026	32.0	0.0	7.421898322945708e-05	5.0
0.9734692035020045	0.920066317176994	0.03387489240902816	21.0	0.0	0.0	5.0
0.4238222845839969	0.06067634498274305	0.029261577003829132	16.0	0.0	0.0	5.0
0.041202214276592236	0.4847016204055114	0.03510532515295748	34.0	0.0	7.477841734271351e-06	5.0
0.870096533443576	0.18323153112143226	0.03193362942966627	48.0	0.0	0.0	5.0
0.42567446616946075	0.2727532595595631	0.033822038526839245	7.0	0.0	0.0	5.0
0.30824075993371647	0.6618411449782811	0.03332710959356768	38.0	0.0	0.0	5.0
0.4803212056621294	0.45253674637389785	0.03364184558915278	13.0	0.0	0.0	5.0
0.46668752718699025	0.8027940011218505	0.034463676367060984	15.0	0.0	0.0	5.0
0.1589072766044898	0.839804526851396	0.035561197729637097	26.0	0.0	0.0011311695092217633	5.0
0.5412238257315062	0.37553221056333586	0.03362775031538214	63.0	0.0	0.0	5.0
0.5137541556967442	0.6748988341902614	0.030699904080801328	24.0	0.0	0.0	5.0
0.943372004098914	0.7288148528949554	0.03537532231072079	57.0	0.0	0.0003383709871229712	5.0
0.19378288526028736	0.12286385809380353	0.029132967095739083	50.0	0.0	0.0	5.0
0.12244897607988338	0.10845377748660073	0.034335261788300195	46.0	0.0	0.0	5.0
0.732882809095787	0.10058742506962816	0.03225713866680581	40.0	0.0	0.0	5.0
0.8154475206149994	0.14437269548004178	0.029587998143838477	14.0	0.0	0.0	5.0
0.08844611209652432	0.2651033171135638	0.03325666020454188	20.0	0.0	0.0	5.0
0.22284006220210298	0.2327508952895689	0.0315780016994708	3.0	0.0	0.0	5.0
0.2461165618600057	0.16697050461527457	0.03413850774676668	78.0	0.0	0.0	5.0
0.33398398135569796	0.05739810222526272	0.03340472004025467	9.0	0.0	0.0	5.0
0.9188903301912998	0.4092228367705729	0.03103993206844647	72.0	0.0	0.0	5.0
0.6770002518500794	0.7379643186738554	0.031511217054600284	23.0	0.0	0.0	5.0
0.46492985971943884	0.9919839679358716	0.04448897795591182	-2.0	-1.0	5.4681231523814375	5.0
0.42451903860046153	0.5034067177010424	0.033531520643819146	54.0	0.0	0.0	5.0
0.7813549443671624	0.828476712201293	0.033170749615238825	61.0	0.0	0.0	5.0
0.463185044537113	0.359538267924142	0.03335172040967368	4.0	0.0	0.0	5.0
0.8207378087329217	0.524059041755756	0.03130016571201666	29.0	0.0	0.0	6.0
0.19856850278027516	0.4732635182435835	0.03176733948604891	18.0	0.0	0.0	6.0
0.5014358589860483	0.06690681123781397	0.032722889874778935	35.0	0.0	0.0	6.0
0.4843238023091243	0.4486560540987866	0.03367548743474193	13.0	0.0	0.0	6.0
0.8111692549510927	0.36469220997930185	0.031039840125285188	42.0	0.0	0.0	6.0
0.4252256506362148	0.9564152771654929	0.031168508176921808	74.0	0.0	0.0	6.0
0.3680768276145103	0.446597805675336	0.029730440194041405	12.0	0.0	0.0	6.0
0.6893129923454013	0.17625520897665217	0.03517994898184887	66.0	0.0	3.729307162814166e-05	6.0
0.6427348205162291	0.8565204780231395	0.031504417521043854	53.0	0.0	0.0	6.0
0.34160250200859765	0.055615916650010706	0.033438124760294924	9.0	0.0	0.0	6.0
0.6787177948718041	0.7397877870063948	0.03154272827165488	23.0	0.0	0.0	6.0
0.7476936799429093	0.6427052676867386	0.03319561921087339	75.0	0.0	0.0	6.0
0.6740393667939757	0.26174397930175936	0.03159326339789703	19.0	0.0	0.0	6.0
0.2499036910256919	0.029932202990408694	0.023828930968212474	17.0	0.0	0.0	6.0
0.03903159346002205	0.48366950070321246	0.03514043047811043	34.0	0.0	1.7724096153415303e-05	6.0
0.5136745192839821	0.6770060279626411	0.030730603984882126	24.0	0.0	0.0	6.0
0.5106384224675999	0.207647305684892	0.034413357518289014	60.0	0.0	0.0	6.0
0.9189033598273286	0.4071532805958373	0.031070972000514913	72.0	0.0	0.0	6.0
0.7666916533337174	0.4341366800567977	0.032401490852500936	30.0	0.0	0.0	6.0
0.40408886104268454	0.6426587195378147	0.03162712665035613	22.0	0.0	0.0	6.0
0.26890711440031617	0.4784325651519242	0.03222688837085168	44.0	0.0	0.0	6.0
0.5507476051406635	0.2836846520963143	0.034372081134451865	27.0	0.0	0.0	6.0
0.5181842323843615	0.7564500992475105	0.03243078323293691	71.0	0.0	0.0	6.0
0.3122205250178517	0.6508142064429351	0.033360436703161245	38.0	0.0	0.0	6.0
0.37882153364195686	0.7157192117958621	0.03146094706081509	68.0	0.0	0.0	6.0
0.2210558212856163	0.7798410183259205	0.03520628439887003	77.0	0.0	5.6179662465183355e-05	6.0
0.0917544616869198	0.26743453717121024	0.033289916864746416	20.0	0.0	0.0	6.0
0.1106607614868199	0.7068878171466515	0.03250713709751866	11.0	0.0	0.0	6.0
0.55488176948682	0.02390979864158126	0.0254624197218619	36.0	0.0	0.0	6.0
0.5853337221287668	0.1725363555113148	0.030416067776529093	28.0	0.0	0.0	6.0
0.1477602782302301	0.33398789201443413	0.0331883534372328	41.0	0.0	0.0	6.0
0.29416701828164876	0.3543881578658506	0.0317568305297865	10.0	0.0	0.0	6.0
0.24752489029616573	0.5713083133260175	0.033092020232520405	70.0	0.0	0.0	6.0
0.93651684587685	0.7287932735504212	0.03541069763303151	57.0	0.0	0.00044334985797434	6.0
0.6177281813356909	0.05979583826303158	0.035261575224836215	32.0	0.0	0.00011454332765481468	6.0
0.7318586746796275	0.09785713586421019	0.03228939580547261	40.0	0.0	0.0	6.0
0.20843279776680648	0.23306841390892605	0.031609579701170266	3.0	0.0	0.0	6.0
0.6589549035035211	0.9736367679828101	0.03245973268420997	59.0	0.0	0.0	6.0
0.12311789524892895	0.10926008538766568	0.03436959705008849	46.0	0.0	0.0	6.0
0.1564934146151612	0.8407186470470107	0.03559675892736673	26.0	0.0	0.001360118500500107	6.0
0.56962232813338	0.582942147583824	0.031061335160652175	55.0	0.0	0.0	6.0
0.42966489989536316	0.8758810222478367	0.032269595781611315	31.0	0.0	0.0	6.0
0.7968338205794545	0.8909053545085163	0.031475385870944464	25.0	0.0	0.0	6.0
0.35761993984136575	0.8966724096695342	0.033127791215496534	64.0	0.0	0.0	6.0
0.5443344376870232	0.3756007646749028	0.03366137806569752	63.0	0.0	0.0	6.0
0.42655764434412163	0.27084972600827384	0.03385586056536608	7.0	0.0	0.0	6.0
0.4268597868856413	0.5015503434673911	0.03356505216446296	54.0	0.0	0.0	6.0
0.8954727253289666	0.34291262248123744	0.033112780469204996	47.0	0.0	0.0	6.0
0.31764524163964347	0.582219507411158	0.035246575865356206	62.0	0.0	9.594706003213105e-05	6.0
0.6648224866040883	0.6276859189739636	0.03186935286716068	51.0	0.0	0.0	6.0
0.1736242622185093	0.04915631864041403	0.03214008717696365	45.0	0.0	0.0	6.0
0.3698149701927931	0.7892973560242357	0.035566883567753435	69.0	0.0	0.001165900742392978	6.0
0.6158284154909949	0.4504464348738092	0.035487487900188276	33.0	0.0	0.0007414322899279568	6.0
0.9693810205609982	0.06618033691759924	0.030885397847652995	58.0	0.0	0.0	6.0
0.27386392032138795	0.7317922721935703	0.033404616353256936	8.0	0.0	0.0	6.0
0.8146076120946144	0.14277801819199767	0.029617586141982313	14.0	0.0	0.0	6.0
0.7332784586782345	0.34838292413459016	0.034543740439027436	37.0	0.0	0.0	6.0
0.9077340757881011	0.026103523989862355	0.033898585486392255	67.0	0.0	0.0	6.0
0.043831408021192314	0.3415360939037079	0.03085394786524735	1.0	0.0	0.0	6.0
0.4650587887650253	0.354542963051596	0.03338507213008335	4.0	0.0	0.0	6.0
0.7347157883355305	0.9444472247964921	0.03179166433256838	73.0	0.0	0.0	6.0
0.5447063808882523	0.5018656025635111	0.03255088807018818	5.0	0.0	0.0	6.0
0.24121019106959943	0.1697349668206862	0.034172646254513446	78.0	0.0	0.0	6.0
0.22717477670592998	0.3235962436260509	0.03402364036232471	49.0	0.0	0.0	6.0
0.8785048218994278	0.17584399179736626	0.03196556305909594	48.0	0.0	0.0	6.0
0.9625465446671946	0.9264031172596411	0.03390876730143719	21.0	0.0	0.0	6.0
0.7479098111675501	0.7626910734368143	0.0330032972043651	56.0	0.0	0.0	6.0
0.6101655629561374	0.93092992733926	0.03214494200420279	52.0	0.0	0.0	6.0
0.46729389692819656	0.8019938142373088	0.03449814004342804	15.0	0.0	0.0	6.0
0.7698173617533297	0.8314065627260179	0.03320392036485406	61.0	0.0	0.0	6.0
0.566388841345169	0.8700590363729173	0.031205292314772624	43.0	0.0	0.0	6.0
0.6717031499651932	0.39414002267682574	0.03345973565920408	76.0	0.0	0.0	6.0
0.09831369968322198	0.5976077493974719	0.034803802039403135	2.0	0.0	0.0	6.0
0.19275832530886597	0.12270455790865437	0.029162100062834817	50.0	0.0	0.0	6.0
0.4623786458917647	0.5770729618872571	0.033871705771220575	65.0	0.0	0.0	6.0
0.7166129738580251	0.5017539110984687	0.032760083871145845	6.0	0.0	0.0	6.0
0.4232328761039106	0.05985644127583176	0.029290838580832958	16.0	0.0	0.0	6.0
0.6115418063788983	0.33961219529571723	0.031190829702050685	39.0	0.0	0.0	6.0
0.36982864707681556	0.446680585188663	0.029760170634235444	12.0	0.0	0.0	7.0
0.3544916479572574	0.9013264276393046	0.033160919006712024	64.0	0.0	0.0	7.0
0.04131420573866361	0.3417186620753992	0.030884801813112595	1.0	0.0	0.0	7.0
0.2824702957048957	0.7265371786633225	0.03343802096961019	8.0	0.0	0.0	7.0
0.48640366917675215	0.4612484835932694	0.03370916292217666	13.0	0.0	0.0	7.0
0.3167331185066591	0.5807241986068713	0.03528182244122156	62.0	0.0	0.0001432539783223774	7.0
0.8116319910897286	0.35905103597790955	0.03107087996541047	42.0	0.0	0.0	7.0
0.5705857533075864	0.865190260735911	0.031236497607087393	43.0	0.0	0.0	7.0
0.2282180352261079	0.32459765965885384	0.03405766400268703	49.0	0.0	0.0	7.0
0.6715720145911845	0.2581227062208049	0.03162485666129492	19.0	0.0	0.0	7.0
0.42316572620019954	0.9518249545327669	0.031199676685098727	74.0	0.0	0.0	7.0
0.24767035100327003	0.03354215725221403	0.023852759899180682	17.0	0.0	0.0	7.0
0.1867571093854754	0.11458153112652764	0.02919126216289765	50.0	0.0	0.0	7.0
0.19682820029085388	0.4734560375900363	0.031799106825534953	18.0	0.0	0.0	7.0
0.6307924928190287	0.06293882699480481	0.03529683680006105	32.0	0.0	0.00016739142154165165	7.0
0.29426017329157494	0.3530451791608034	0.031788587360316284	10.0	0.0	0.0	7.0
0.6606255484468885	0.9755997135085687	0.032492192416894175	59.0	0.0	0.0	7.0
0.5433811362611025	0.5031701510253059	0.03258343895825837	5.0	0.0	0.0	7.0
0.7957334904005746	0.8913540407938276	0.031506861256815406	25.0	0.0	0.0	7.0
0.5827296414047761	0.17686649906222052	0.03044648384430562	28.0	0.0	0.0	7.0
0.8224396938311624	0.5230573163814883	0.03133146587772867	29.0	0.0	0.0	7.0
0.20377520005968747	0.24601601603472795	0.03164118928087143	3.0	0.0	0.0	7.0
0.8775429613594098	0.1741739560140173	0.03199752862215503	48.0	0.0	0.0	7.0
0.2465011778005664	0.570431469266782	0.03312511225275292	70.0	0.0	0.0	7.0
0.5104158832040302	0.20889660866911547	0.0344477708758073	60.0	0.0	0.0	7.0
0.09666712246098187	0.5949083973820288	0.034838605841442535	2.0	0.0	0.0	7.0
0.5505060041847628	0.2864186274259181	0.034406453215586316	27.0	0.0	0.0	7.0
0.2661964655694183	0.47779846839402396	0.03225911525922252	44.0	0.0	0.0	7.0
0.730632098167953	0.09958624555058217	0.03232168520127808	40.0	0.0	0.0	7.0
0.17477258254238062	0.04951034004843498	0.03217222726414061	45.0	0.0	0.0	7.0
0.14834739222473312	0.33686258262003005	0.03322154179067003	41.0	0.0	0.0	7.0
0.5274324081070096	0.749519539703303	0.03246321401616985	71.0	0.0	0.0	7.0
0.7816814540924866	0.8275020767430922	0.03323712428521891	61.0	0.0	0.0	7.0
0.4590605477095577	0.7985293967590569	0.034532638183471465	15.0	0.0	0.0	7.0
0.4256074105299361	0.057170909955032635	0.02932012941941379	16.0	0.0	0.0	7.0
0.5692786114628304	0.5793133205910921	0.031092396495812823	55.0	0.0	0.0	7.0
0.6173698140725531	0.4486120750803767	0.03552297538808846	33.0	0.0	0.0009154270191089608	7.0
0.6109628770263655	0.3409703843618189	0.031222020531752732	39.0	0.0	0.0	7.0
0.7052259512214175	0.49651419777138656	0.032792843955016984	6.0	0.0	0.0	7.0
0.8154903368152309	0.15443986519971192	0.02964720372812429	14.0	0.0	0.0	7.0
0.10477534368342441	0.2627828141704045	0.03332320678161116	20.0	0.0	0.0	7.0
0.5623908091533064	0.02548788214158376	0.02548788214158376	36.0	0.0	0.0	7.0
0.9387193866126926	0.7274968635018038	0.035446108330664534	57.0	0.0	0.0005681996659916422	7.0
0.7486585068821784	0.6422759416490864	0.03322881483008426	75.0	0.0	0.0	7.0
0.4224660870680239	0.8681411831531521	0.03230186537739292	31.0	0.0	0.0	7.0
0.6802941942475773	0.740574198273288	0.03157427099992653	23.0	0.0	0.0	7.0
0.9679751952156478	0.06635379913490042	0.030916283245500643	58.0	0.0	0.0	7.0
0.9638057576578716	0.9229131040358661	0.033942676068738624	21.0	0.0	0.0	7.0
0.9196310348231715	0.4135469608239911	0.031102042972515426	72.0	0.0	0.0	7.0
0.338248039946682	0.054223359162522966	0.03347156288505521	9.0	0.0	0.0	7.0
0.12189777822821009	0.1102658364059403	0.03440396664713857	46.0	0.0	0.0	7.0
0.8968438896369334	0.3426460453682043	0.033145893249674194	47.0	0.0	0.0	7.0
0.16062796538054952	0.8449989011387415	0.035632355686294095	26.0	0.0	0.0016183194677807933	7.0
0.3103303657623573	0.6510716310034742	0.0333937971398644	38.0	0.0	0.0	7.0
0.4280400491216678	0.5026832683399982	0.03359861721662742	54.0	0.0	0.0	7.0
0.04277665639637848	0.4767710897559445	0.03517557090858854	34.0	0.0	3.463679058768321e-05	7.0
0.7412733893291397	0.34795467370961225	0.034578284179466456	37.0	0.0	0.0	7.0
0.6075078210717845	0.9268099711783059	0.03217708694620699	52.0	0.0	0.0	7.0
0.7374270170977409	0.9464617322160747	0.031823455996900944	73.0	0.0	0.0	7.0
0.36872901367302585	0.7928363604698094	0.03560245045132118	69.0	0.0	0.001399406787982116	7.0
0.9110732946829821	0.030233314479169132	0.03393248407187864	67.0	0.0	0.0	7.0
0.748429612225631	0.7617335991912798	0.033036300501569464	56.0	0.0	0.0	7.0
0.7643067992363922	0.4319324916345968	0.032433892343353435	30.0	0.0	0.0	7.0
0.5139333359112962	0.6779619076785826	0.030761334588867005	24.0	0.0	0.0	7.0
0.3833109759501931	0.7056833211002423	0.0314924080078759	68.0	0.0	0.0	7.0
0.4640997097786593	0.5806060556818536	0.03390557747699179	65.0	0.0	0.0	7.0
0.49808439446278785	0.06190378807953609	0.03275561276465371	35.0	0.0	0.0	7.0
0.11189522820784877	0.7059584594877615	0.03253964423461617	11.0	0.0	0.0	7.0
0.24141670830965017	0.17543382299298038	0.03420681890076795	78.0	0.0	0.0	7.0
0.42377818169767717	0.27760500804862537	0.03388971642593144	7.0	0.0	0.0	7.0
0.46613992649356706	0.3542170929014056	0.033418457202213425	4.0	0.0	0.0	7.0
0.6653993641983106	0.6289934048864356	0.031901222220027836	51.0	0.0	0.0	7.0
0.6708516124148503	0.39281999329493816	0.03349319539486328	76.0	0.0	0.0	7.0
0.643885572858665	0.8566477789321719	0.031535921938564894	53.0	0.0	0.0	7.0
0.6927112838331982	0.1754602533224008	0.035215128930830716	66.0	0.0	6.372009733013329e-05	7.0
0.5441150920699741	0.3773335545548771	0.03369503944376322	63.0	0.0	0.0	7.0
0.41056398970752195	0.641057753241991	0.03165875377700648	22.0	0.0	0.0	7.0
0.2215719901005472	0.7848780147437129	0.0352414906832689	77.0	0.0	9.013243725064513e-05	7.0
0.6286135418596793	0.06273935884728904	0.03533213363686111	32.0	0.0	0.00023448688484961622	8.0
0.780667673220852	0.8264657072007636	0.03327036140950412	61.0	0.0	0.0	8.0
0.646534252586759	0.8598404687084268	0.03156745786050345	53.0	0.0	0.0	8.0
0.5810035440081966	0.17905710673375777	0.03047693032814992	28.0	0.0	0.0	8.0
0.91352306363523	0.03050431789410078	0.033966416555950514	67.0	0.0	0.0	8.0
0.1980417620015865	0.46980725475302126	0.03183090593236049	18.0	0.0	0.0	8.0
0.6735671731318329	0.25796536786246	0.03165648151795621	19.0	0.0	0.0	8.0
0.20405762333806574	0.24467626279757076	0.0316728304701523	3.0	0.0	0.0	8.0
0.18570003183179146	0.11554626041393948	0.029220453425060543	50.0	0.0	0.0	8.0
0.28341720605740867	0.7186589683709794	0.033471458990579794	8.0	0.0	0.0	8.0
0.15889365699925895	0.8446617227869515	0.03566798804198039	26.0	0.0	0.001907594396286072	8.0
0.8945373052745681	0.342137015070727	0.03317903914292387	47.0	0.0	0.0	8.0
0.9186779809433824	0.4149648367917775	0.03113314501548794	72.0	0.0	0.0	8.0
0.3155499842956428	0.579514702259986	0.035317104263662774	62.0	0.0	0.0002040733145207696	8.0
0.8259616724530522	0.5229575085148148	0.0313627973436064	29.0	0.0	0.0	8.0
0.4221809524206221	0.9569767458106081	0.031230876361783823	74.0	0.0	0.0	8.0
0.6118689221541839	0.33864440769832205	0.03125324255228448	39.0	0.0	0.0	8.0
0.37845449940777776	0.7042859680496719	0.03152390041588377	68.0	0.0	0.0	8.0
0.1027095109712378	0.26173594731631356	0.033356529988392766	20.0	0.0	0.0	8.0
0.6705833301853341	0.3937635712891893	0.03352668859025814	76.0	0.0	0.0	8.0
0.9630038202170149	0.9221136870396435	0.03397661874480736	21.0	0.0	0.0	8.0
0.17368959348578694	0.04921344475172828	0.032204399491404745	45.0	0.0	0.0	8.0
0.8122809524135329	0.15495957988925693	0.029676850931852412	14.0	0.0	0.0	8.0
0.42396511657371594	0.5069018032429696	0.03363221583384404	54.0	0.0	0.0	8.0
0.7487897446166311	0.6399622698113794	0.03326204364491434	75.0	0.0	0.0	8.0
0.21937233432894113	0.7874625282707943	0.03527673217395216	77.0	0.0	0.0001356309920907961	8.0
0.6811691451948017	0.17469613929095473	0.035250344059761546	66.0	0.0	0.00010041344017963638	8.0
0.9443267180565531	0.7302065372808825	0.03548155443899519	57.0	0.0	0.0007146874331738218	8.0
0.11284022958728415	0.7055661555289361	0.03257218387885079	11.0	0.0	0.0	8.0
0.543979592438469	0.37607237438775126	0.03372873448320698	63.0	0.0	0.0	8.0
0.7383253541973597	0.9457492891672326	0.031855279452897844	73.0	0.0	0.0	8.0
0.5180221833230505	0.6786769848403076	0.03079209592345587	24.0	0.0	0.0	8.0
0.46347271608903184	0.5782312309946449	0.03393948305446878	65.0	0.0	0.0	8.0
0.3530290448839721	0.9013586616356044	0.03319407992571873	64.0	0.0	0.0	8.0
0.3745137180366641	0.44666583705927854	0.029789930804869677	12.0	0.0	0.0	8.0
0.24687770413386734	0.5717557536332848	0.03315823736500567	70.0	0.0	0.0	8.0
0.05078945664789976	0.4886918815938806	0.035210746479497124	34.0	0.0	5.9904708535896134e-05	8.0
0.29566123961245433	0.35671001612363207	0.031820375947676595	10.0	0.0	0.0	8.0
0.7643358370125284	0.4330853135197917	0.032466326235696785	30.0	0.0	0.0	8.0
0.4142368169517296	0.2780558704503397	0.03392360614235737	7.0	0.0	0.0	8.0
0.6185939670040972	0.44945180551221237	0.03555849836347655	33.0	0.0	0.0011149250894391116	8.0
0.551620642935612	0.28720405476423605	0.0344408596688019	27.0	0.0	0.0	8.0
0.5687478646153588	0.5782740985914141	0.03112348889230863	55.0	0.0	0.0	8.0
0.6553359851455155	0.9745020399611716	0.032524684609311065	59.0	0.0	0.0	8.0
0.81102219673445	0.362474332593491	0.031101950845375877	42.0	0.0	0.0	8.0
0.9793840354938966	0.05944370536624847	0.030947199528746142	58.0	0.0	0.0	8.0
0.5102445737883288	0.21083515942737185	0.0344822186466831	60.0	0.0	0.0	8.0
0.04336976727170953	0.3405433587581467	0.030915686614925705	1.0	0.0	0.0	8.0
0.5446396487734358	0.50229514865538	0.03261602239721662	5.0	0.0	0.0	8.0
0.0983448940225278	0.5961550215349621	0.03487344444728398	2.0	0.0	0.0	8.0
0.6665343547730802	0.6303971083957569	0.03193312344224786	51.0	0.0	0.0	8.0
0.4109166054682331	0.6400804494205525	0.03169041253078348	22.0	0.0	0.0	8.0
0.3420139184163759	0.05358917206726161	0.033505034447940264	9.0	0.0	0.0	8.0
0.36447623799057155	0.7900357129898439	0.0356380529017725	69.0	0.0	0.0016624555353814685	8.0
0.8859657092045073	0.17891969763815502	0.032029526150777185	48.0	0.0	0.0	8.0
0.4862439381554872	0.467589927104477	0.03374287208509884	13.0	0.0	0.0	8.0
0.47170295247487815	0.3576345560697639	0.03345187565941563	4.0	0.0	0.0	8.0
0.5278464775428395	0.7504909614802273	0.03249567723018602	71.0	0.0	0.0	8.0
0.2471225001607833	0.03456662921399369	0.023876612659079862	17.0	0.0	0.0	8.0
0.49706117197863425	0.0604419308733647	0.03278836837741836	35.0	0.0	0.0	8.0
0.24418353696934875	0.16593043864965762	0.034241025719668715	78.0	0.0	0.0	8.0
0.12192879923866907	0.10928070735772291	0.034438370613785706	46.0	0.0	0.0	8.0
0.6832602404096673	0.7500885192998565	0.031605845270926455	23.0	0.0	0.0	8.0
0.7498482179249533	0.7646457903257403	0.03306933680207103	56.0	0.0	0.0	8.0
0.6074414451887528	0.9253048146921651	0.03220926403315319	52.0	0.0	0.0	8.0
0.7315498446517988	0.088398081989806	0.03235400688647935	40.0	0.0	0.0	8.0
0.6994663340810923	0.49032171701347504	0.032825636798972	6.0	0.0	0.0	8.0
0.4170263711375041	0.8644598554817686	0.03233416724277031	31.0	0.0	0.0	8.0
0.30796344472247705	0.6507644405069967	0.03342719093700426	38.0	0.0	0.0	8.0
0.14955874253962595	0.34532192217178115	0.0332547633324607	41.0	0.0	0.0	8.0
0.42486115655999457	0.055324238500065785	0.0293494495488332	16.0	0.0	0.0	8.0
0.22660836254749436	0.3278960038378294	0.034091721666689716	49.0	0.0	0.0	8.0
0.7986574018982541	0.8958245661847476	0.031538368118072216	25.0	0.0	0.0	8.0
0.45603215419996884	0.7924106928650438	0.03456717082165493	15.0	0.0	0.0	8.0
0.2673374142549762	0.47737458941444144	0.03229137437448174	44.0	0.0	0.0	8.0
0.5622541715697899	0.022389453379704046	0.025513370023725338	36.0	0.0	0.0	8.0
0.7408180548236387	0.3437165895069679	0.03461286246364592	37.0	0.0	0.0	8.0
0.5732304234565276	0.8667245708587334	0.031267734104694474	43.0	0.0	0.0	8.0
0.05458814632956441	0.48940562030573975	0.035245957225976614	34.0	0.0	9.522669959949326e-05	9.0
0.7478245928999878	0.6390001515127327	0.033295305688559255	75.0	0.0	0.0	9.0
0.29500037317778804	0.35764164211084387	0.031852196323624266	10.0	0.0	0.0	9.0
0.6617804047466584	0.9816181939788182	0.03255720929392037	59.0	0.0	0.0	9.0
0.6699323580883707	0.39129792509190237	0.03356021527884839	76.0	0.0	0.0	9.0
0.18823927993620174	0.1156983138917318	0.0292496738784856	50.0	0.0	0.0	9.0
0.7532914902599468	0.756140643030403	0.0331024061388731	56.0	0.0	0.0	9.0
0.9646730264764649	0.9233216260961846	0.034010595363552165	21.0	0.0	0.0	9.0
0.6062044234849918	0.9187807776545417	0.03224147329718634	52.0	0.0	0.0	9.0
0.4097049454577927	0.6398130533237008	0.03172210294331426	22.0	0.0	0.0	9.0
0.5288554457159683	0.7506805372825551	0.0325281729074162	71.0	0.0	0.0	9.0
0.4289896353897784	0.5086612266045738	0.033665848049677885	54.0	0.0	0.0	9.0
0.7389378272897175	0.3453066551387792	0.03464747532610957	37.0	0.0	0.0	9.0
0.9175381665466963	0.41539648009361885	0.031164278160503423	72.0	0.0	0.0	9.0
0.24529682329620336	0.16714260823249177	0.03427526674538838	78.0	0.0	0.0	9.0
0.14687967074632405	0.34603827102164836	0.033288018095793154	41.0	0.0	0.0	9.0
0.16366800563048414	0.8451291099536432	0.03570365603002237	26.0	0.0	0.002229775889716734	9.0
0.9165830870738659	0.02982901432980411	0.03400038297250646	67.0	0.0	0.0	9.0
0.4260033366957086	0.0567737908674646	0.02937879899838203	16.0	0.0	0.0	9.0
0.4575671539908557	0.7960118575379527	0.03460173799247658	15.0	0.0	0.0	9.0
0.28281523841424516	0.7198561920399719	0.03350493044957037	8.0	0.0	0.0	9.0
0.8148676637104716	0.152568826048725	0.02970652778278426	14.0	0.0	0.0	9.0
0.6984619287117008	0.4905767754340336	0.032858462435770966	6.0	0.0	0.0	9.0
0.8115743484984238	0.36145726830435093	0.03113305279622125	42.0	0.0	0.0	9.0
0.6200652615565654	0.44896760083876197	0.03559405686184002	33.0	0.0	0.001341726582239744	9.0
0.16850316378920221	0.0363791657265516	0.032236603890896144	45.0	0.0	0.0	9.0
0.6285872397121004	0.06378357418989838	0.035367465770497965	32.0	0.0	0.0003175635484353734	9.0
0.4626598251957263	0.5771299757085233	0.03397342253752325	65.0	0.0	0.0	9.0
0.5600087604512677	0.01785272269689831	0.02553888339374906	36.0	0.0	0.0	9.0
0.3556035821226724	0.9046260328957265	0.033227274005644444	64.0	0.0	0.0	9.0
0.7411077609953763	0.9467631046739093	0.03188713473235074	73.0	0.0	0.0	9.0
0.4946770369066421	0.0583472249542345	0.032821156745795776	35.0	0.0	0.0	9.0
0.5554066658301644	0.2967453903504204	0.0344753005284707	27.0	0.0	0.0	9.0
0.5690979910277107	0.5803939180040514	0.031154612381200937	55.0	0.0	0.0	9.0
0.887248517930541	0.17860252501647086	0.03206155567692796	48.0	0.0	0.0	9.0
0.610991059657496	0.33912457251435846	0.03128449579483676	39.0	0.0	0.0	9.0
0.761098989321348	0.4347000651700916	0.03249879256193248	30.0	0.0	0.0	9.0
0.9818190247614285	0.05993303702210546	0.030978146728274886	58.0	0.0	0.0	9.0
0.23332796390829946	0.0352184686427265	0.02390048927173894	17.0	0.0	0.0	9.0
0.20382349278348783	0.24368941381582593	0.031704503300622446	3.0	0.0	0.0	9.0
0.1979922220375506	0.4682340223889779	0.03186273683829285	18.0	0.0	0.0	9.0
0.674095494512103	0.7494010160783	0.031637451116197375	23.0	0.0	0.0	9.0
0.667972459988723	0.6306299893199881	0.031965056565690105	51.0	0.0	0.0	9.0
0.48430853183668776	0.4642295669761219	0.03377661495718393	13.0	0.0	0.0	9.0
0.04223865116982862	0.3403820501371958	0.030946602301540626	1.0	0.0	0.0	9.0
0.10332792924071744	0.26087568919533477	0.03338988651838116	20.0	0.0	0.0	9.0
0.5637776473188143	0.8570484969982463	0.03129900183879916	43.0	0.0	0.0	9.0
0.5554007097226863	0.504317052633804	0.03264863841961384	5.0	0.0	0.0	9.0
0.7989543667272538	0.9050903878323636	0.031569906486190284	25.0	0.0	0.0	9.0
0.9490857101112776	0.7235864845353593	0.035517035993434184	57.0	0.0	0.0008845905725252123	9.0
0.4236211054980748	0.9541568727051483	0.031262107238145605	74.0	0.0	0.0	9.0
0.34630645876887317	0.05669551504567145	0.0335385394823882	9.0	0.0	0.0	9.0
0.09586366260976417	0.5933488189378995	0.03490831789173126	2.0	0.0	0.0	9.0
0.4708785494653666	0.3562830531489142	0.03348532753507504	4.0	0.0	0.0	9.0
0.7323936307118932	0.08605945895337797	0.03238636089336583	40.0	0.0	0.0	9.0
0.3643426524942117	0.7884071844049584	0.03567369095467427	69.0	0.0	0.001956870665381416	9.0
0.5446273026048815	0.37348764924873157	0.03376246321769018	63.0	0.0	0.0	9.0
0.3061800364365139	0.6510073264399895	0.03346061812794126	38.0	0.0	0.0	9.0
0.8333704748667395	0.5295500089357256	0.03139416014095	29.0	0.0	0.0	9.0
0.7767839667367417	0.8235483159152615	0.033303631770913625	61.0	0.0	0.0	9.0
0.6838507186067438	0.175341267434746	0.035285594403821306	66.0	0.0	0.00014908331934293528	9.0
0.22955970652511667	0.3369598859588928	0.0341258133883564	49.0	0.0	0.0	9.0
0.3788508964892689	0.7001009617569741	0.03155542431629965	68.0	0.0	0.0	9.0
0.42284327019813794	0.8756746859367667	0.03236650141001308	31.0	0.0	0.0	9.0
0.9038404557122983	0.35226648106085373	0.03321221818206679	47.0	0.0	0.0	9.0
0.5739390479692333	0.18714894661612622	0.030507407258478066	28.0	0.0	0.0	9.0
0.12393112840169519	0.11088933029150241	0.034472808984399486	46.0	0.0	0.0	9.0
0.31618384767883034	0.5813067685624056	0.035352421367926434	62.0	0.0	0.00028013454773656576	9.0
0.1103808846986627	0.702320717323981	0.03260475606272963	11.0	0.0	0.0	9.0
0.509259520035657	0.6875227930009502	0.03082288801937932	24.0	0.0	0.0	9.0
0.4199399867693466	0.27883259652763304	0.03395752974849973	7.0	0.0	0.0	9.0
0.24852149161998444	0.5684345706825262	0.03319139560237067	70.0	0.0	0.0	9.0
0.2201090792440914	0.7866501374671194	0.03531200890612611	77.0	0.0	0.00019439314526437101	9.0
0.27277807211058475	0.48724753843633184	0.03232366574885622	44.0	0.0	0.0	9.0
0.6457174626050989	0.8604473630809082	0.031599025318363956	53.0	0.0	0.0	9.0
0.3724100092312669	0.4454630046955823	0.029819720735674543	12.0	0.0	0.0	9.0
0.682258989227741	0.264948163182157	0.03168813799947417	19.0	0.0	0.0	9.0
0.5115552858200724	0.21258763325664598	0.03451670086532978	60.0	0.0	0.0	9.0
0.8352251340598169	0.531785594983132	0.031425554301090945	29.0	0.0	0.0	10.0
0.3671941164807764	0.7829933033135198	0.03570936464562894	69.0	0.0	0.002284486484199988	10.0
0.1094196092541297	0.7029624740626407	0.03263736081879236	11.0	0.0	0.0	10.0
0.800142365325566	0.9019232452211554	0.03160147639267647	25.0	0.0	0.0	10.0
0.5543100884462656	0.5069677284149139	0.03268128705803345	5.0	0.0	0.0	10.0
0.9163630672308349	0.030980036353121264	0.03403438335547896	67.0	0.0	0.0	10.0
0.4229888500323747	0.8723734804123424	0.03239886791142309	31.0	0.0	0.0	10.0
0.339726291863661	0.06386013925785022	0.03357207802187058	9.0	0.0	0.0	10.0
0.4253300121515047	0.5044157516880912	0.03369951389772756	54.0	0.0	0.0	10.0
0.42233580879318056	0.9434633179221217	0.031293369345383744	74.0	0.0	0.0	10.0
0.9019348536628639	0.34366008161742845	0.03324543040024885	47.0	0.0	0.0	10.0
0.09452949721348837	0.591914384435914	0.034943226209622986	2.0	0.0	0.0	10.0
0.38404351359110167	0.7116025123135257	0.031586979740615945	68.0	0.0	0.0	10.0
0.7508696193469596	0.6432927371562731	0.03332860099424781	75.0	0.0	0.0	10.0
0.1690524687171741	0.0349147472950836	0.03226884049478704	45.0	0.0	0.0	10.0
0.427685956345926	0.0636722940763195	0.02940817779738041	16.0	0.0	0.0	10.0
0.9612698591142415	0.9296854924507866	0.034044605958915716	21.0	0.0	0.0	10.0
0.23639161740974185	0.580202783287951	0.03322458699797304	70.0	0.0	0.0	10.0
0.3270266020165542	0.580216465101859	0.035387773789294356	62.0	0.0	0.0003731773923760784	10.0
0.9777389286977646	0.06733702777286443	0.03100912487500316	58.0	0.0	0.0	10.0
0.14899781356171177	0.34681005106226886	0.03332130611388894	41.0	0.0	0.0	10.0
0.5476338504974165	0.3707088637192725	0.033796225680907864	63.0	0.0	0.0	10.0
0.6169710703531718	0.4484465282265534	0.035629650918701856	33.0	0.0	0.0015976421066739022	10.0
0.47239352710105137	0.3541756254118654	0.03351881286261011	4.0	0.0	0.0	10.0
0.8107227769110401	0.3637717221416876	0.031164185849017468	42.0	0.0	0.0	10.0
0.8882700312398594	0.17903415124019526	0.03209361723260488	48.0	0.0	0.0	10.0
0.15462182506450692	0.8497850969468098	0.03573935968605239	26.0	0.0	0.0025867072140073333	10.0
0.5443921495553913	0.3021992684903269	0.03450977582899917	27.0	0.0	0.0	10.0
0.7796452456763417	0.8254068790641653	0.03333693540268454	61.0	0.0	0.0	10.0
0.6978225959339686	0.4882731368619613	0.03289132089820673	6.0	0.0	0.0	10.0
0.6249969789907085	0.0638626991780256	0.03540283323626846	32.0	0.0	0.0004183654964862171	10.0
0.2016983299099094	0.2465308406347565	0.03173620780392306	3.0	0.0	0.0	10.0
0.510246973329077	0.6878408890233704	0.030853710907398697	24.0	0.0	0.0	10.0
0.4084672032147537	0.6322265996347447	0.031753825046257574	22.0	0.0	0.0	10.0
0.10413369984265018	0.2548166751401705	0.03342327640489953	20.0	0.0	0.0	10.0
0.23162714122356606	0.03743382039706619	0.02392438976101068	17.0	0.0	0.0	10.0
0.6661261934085841	0.6314101035531602	0.03199702162225579	51.0	0.0	0.0	10.0
0.18697841177774688	0.12187191200715976	0.029278923552364083	50.0	0.0	0.0	10.0
0.6015046744124869	0.9160145169337177	0.03227371477048352	52.0	0.0	0.0	10.0
0.7515059411805226	0.7535896652820122	0.033135508545011974	56.0	0.0	0.0	10.0
0.19348457311422496	0.4678213777736738	0.03189459957513114	18.0	0.0	0.0	10.0
0.8134381399127446	0.15317285142255863	0.02973623431056704	14.0	0.0	0.0	10.0
0.04077163743364744	0.3421503725611763	0.030977548903842165	1.0	0.0	0.0	10.0
0.46188287783379767	0.5783178922756516	0.03400739596006077	65.0	0.0	0.0	10.0
0.6579271242751633	0.97679078810479	0.03258976650321429	59.0	0.0	0.0	10.0
0.37509150791265894	0.4457596429965638	0.029849540456410216	12.0	0.0	0.0	10.0
0.5727399383972499	0.022310767878716296	0.025564422277142805	36.0	0.0	0.0	10.0
0.2763244865597533	0.4880067989145203	0.032355989414605074	44.0	0.0	0.0	10.0
0.5628962329475803	0.8556436313319095	0.03133030084063796	43.0	0.0	0.0	10.0
0.2961275482741171	0.3571056758029651	0.03188404851994789	10.0	0.0	0.0	10.0
0.3551202559582917	0.9061103774564381	0.033260501279650086	64.0	0.0	0.0	10.0
0.22218317231047383	0.7905286569980662	0.03534732091503223	77.0	0.0	0.0002681469018597227	10.0
0.6194754014713882	0.34550756339178074	0.0313157802906316	39.0	0.0	0.0	10.0
0.6818390705745704	0.26586835356031957	0.031719826137473636	19.0	0.0	0.0	10.0
0.7356022164019892	0.33983834921853	0.03468212280143567	37.0	0.0	0.0	10.0
0.5119412405144436	0.20899531052821263	0.03455121756619511	60.0	0.0	0.0	10.0
0.04053668944215888	0.49078119446878743	0.03528120318320259	34.0	0.0	0.00014231172131928815	10.0
0.9490257101383146	0.7259685292766097	0.035552553029427614	57.0	0.0	0.001079696931071794	10.0
0.28192820682108777	0.718926255374667	0.03353843538001994	8.0	0.0	0.0	10.0
0.5657583360252146	0.5788059281991789	0.031185766993582133	55.0	0.0	0.0	10.0
0.6692908868521887	0.7446115090321971	0.03166908856731357	23.0	0.0	0.0	10.0
0.4936118424501936	0.05873534600768484	0.03285397790254157	35.0	0.0	0.0	10.0
0.6389418256911858	0.8640433481212846	0.031630624343682315	53.0	0.0	0.0	10.0
0.42153107354412533	0.2822061067523348	0.033991487278248224	7.0	0.0	0.0	10.0
0.4854471617229345	0.46341645844786006	0.033810391572141114	13.0	0.0	0.0	10.0
0.12384915757605328	0.10903053890140724	0.03450728179338388	46.0	0.0	0.0	10.0
0.24859028608668646	0.1629082731707352	0.034309542012133765	78.0	0.0	0.0	10.0
0.6888827813876468	0.17938390525027145	0.03532087999822513	66.0	0.0	0.0002114501091625698	10.0
0.7307034916204396	0.09048043754830513	0.03241874725425919	40.0	0.0	0.0	10.0
0.30331961324637835	0.6496911090240106	0.033494078746069196	38.0	0.0	0.0	10.0
0.2253383266830751	0.3403512406629515	0.03415993920174475	49.0	0.0	0.0	10.0
0.6730851811560776	0.38713734863727783	0.03359377549412724	76.0	0.0	0.0	10.0
0.45615852084618447	0.7970044472721985	0.034636339730469055	15.0	0.0	0.0	10.0
0.52879990723252	0.7517822979193002	0.03256070108032361	71.0	0.0	0.0	10.0
0.9213189386971663	0.42148892680382705	0.03119544243866392	72.0	0.0	0.0	10.0
0.5818972387627516	0.19051156931379484	0.03053791466573654	28.0	0.0	0.0	10.0
0.7618487776428415	0.4421182379107282	0.03253129135449441	30.0	0.0	0.0	10.0
0.7380960759606863	0.950301722312151	0.031919021867083085	73.0	0.0	0.0	10.0
0.04054989504716062	0.4886836883441209	0.03531648438638579	34.0	0.0	0.00020287888131065301	11.0
0.305013600842208	0.6508531312670779	0.03352757282481526	38.0	0.0	0.0	11.0
0.7347693743026185	0.34454142944208177	0.0347168049242371	37.0	0.0	0.0	11.0
0.6125927828861542	0.4541493254129523	0.03566528056962055	33.0	0.0	0.0018844928433168207	11.0
0.1974660396542733	0.11830131527388503	0.029308202475916444	50.0	0.0	0.0	11.0
0.7991768295621078	0.9030870915434966	0.031633077869069146	25.0	0.0	0.0	11.0
0.3091313366699292	0.35821357566671735	0.03191593256846783	10.0	0.0	0.0	11.0
0.4199379145887254	0.28252626549803617	0.034025478765526466	7.0	0.0	0.0	11.0
0.5783043202754664	0.19241841309774071	0.030568452580402274	28.0	0.0	0.0	11.0
0.7472811645049733	0.6395307113670048	0.033361929595242056	75.0	0.0	0.0	11.0
0.6059784461616022	0.923245888435559	0.032305988485254	52.0	0.0	0.0	11.0
0.42223254272146843	0.8739770450241554	0.03243126677933451	31.0	0.0	0.0	11.0
0.7638804646126591	0.4527468994647564	0.0325638226458489	30.0	0.0	0.0	11.0
0.5544802554504877	0.5056881529776439	0.03271396834509148	5.0	0.0	0.0	11.0
0.9771004027030973	0.0661247018149672	0.03104013399987816	58.0	0.0	0.0	11.0
0.6700602101186628	0.743194414544435	0.03170075765588088	23.0	0.0	0.0	11.0
0.15058317849947972	0.34652249702385524	0.03335462742000283	41.0	0.0	0.0	11.0
0.42677729122788255	0.06244128967855771	0.029437585975177784	16.0	0.0	0.0	11.0
0.6557564339263612	0.9767839549911846	0.032622356269717497	59.0	0.0	0.0	11.0
0.6170248445150257	0.33769129823560673	0.031347096070922224	39.0	0.0	0.0	11.0
0.886421978209975	0.18023456662473764	0.03212571084983748	48.0	0.0	0.0	11.0
0.1116918984852333	0.11240749802294472	0.034541789075177264	46.0	0.0	0.0	11.0
0.7324670136366123	0.9536628698083793	0.03195094088895017	73.0	0.0	0.0	11.0
0.78154519974058	0.8248342061290498	0.03337027233808722	61.0	0.0	0.0	11.0
0.28385525110667575	0.7212490936263928	0.033571973815399954	8.0	0.0	0.0	11.0
0.22967906146265843	0.3450775240457963	0.034194099140946496	49.0	0.0	0.0	11.0
0.9419802264353745	0.7334485261426176	0.035588105582457036	57.0	0.0	0.0013018048330764032	11.0
0.41885362352548505	0.5084237761931288	0.03373321341162528	54.0	0.0	0.0	11.0
0.418400733429258	0.9485888234725672	0.031324662714729126	74.0	0.0	0.0	11.0
0.37267540615190947	0.44547695566059736	0.029879389996866623	12.0	0.0	0.0	11.0
0.21808006350800108	0.7896231593590539	0.03538266823594726	77.0	0.0	0.000358630496123169	11.0
0.49154449588387844	0.05578176990627472	0.032886831880444105	35.0	0.0	0.0	11.0
0.8999373992692734	0.34308535445342764	0.03327867583064909	47.0	0.0	0.0	11.0
0.45699619897914795	0.8004388094511317	0.03467097607019952	15.0	0.0	0.0	11.0
0.6237005809143669	0.0608736143639806	0.03543823606950472	32.0	0.0	0.0005386471090815803	11.0
0.962478877375455	0.931070330396854	0.03407865056487463	21.0	0.0	0.0	11.0
0.9131318133878686	0.04291392961802667	0.034068417738834435	67.0	0.0	0.0	11.0
0.04063759774524428	0.34090278100137594	0.031008526452746002	1.0	0.0	0.0	11.0
0.19773498143145757	0.24955389477733467	0.03176794401172698	3.0	0.0	0.0	11.0
0.10717408591462808	0.2529751774648699	0.03345669968130443	20.0	0.0	0.0	11.0
0.6697246666681821	0.4038668956595689	0.033627369269621364	76.0	0.0	0.0	11.0
0.5406375533758287	0.30491632238415073	0.03454428560482816	27.0	0.0	0.0	11.0
0.7182414385907314	0.08474605135918462	0.032451166001513446	40.0	0.0	0.0	11.0
0.5282243139480514	0.7457054077755213	0.03259326178140393	71.0	0.0	0.0	11.0
0.6805555826499448	0.2652179422477335	0.03175154596361111	19.0	0.0	0.0	11.0
0.8141082298142691	0.15523076670589564	0.029765970544877604	14.0	0.0	0.0	11.0
0.5602285211388136	0.8523864866068206	0.031361631141478594	43.0	0.0	0.0	11.0
0.36865803813126347	0.7831926777241388	0.03574507401027457	69.0	0.0	0.0026471479673659815	11.0
0.7524457660264431	0.7548798039092749	0.03316864405355698	56.0	0.0	0.0	11.0
0.5614075945152345	0.5847783811553069	0.031216952760575713	55.0	0.0	0.0	11.0
0.15201355002335987	0.8571592440148674	0.03577509904573844	26.0	0.0	0.0029802423414366785	11.0
0.1902034804409341	0.4706677502964006	0.03192649417470627	18.0	0.0	0.0	11.0
0.6639155540689714	0.6335320796833485	0.03202901864387804	51.0	0.0	0.0	11.0
0.9179429255129157	0.42820331243056053	0.03122663788110258	72.0	0.0	0.0	11.0
0.6853537985090236	0.18322633607927077	0.035356200878223346	66.0	0.0	0.00028924438151989307	11.0
0.8329871124819525	0.5305059669387946	0.03145697985539203	29.0	0.0	0.0	11.0
0.0955402000486143	0.7037935911306168	0.032669998179611144	11.0	0.0	0.0	11.0
0.32855713926551067	0.06925749452973692	0.03360565009989245	9.0	0.0	0.0	11.0
0.35318588325422234	0.9072986960967326	0.03329376178092973	64.0	0.0	0.0	11.0
0.09616251959751308	0.5924632323979708	0.0349781694358326	2.0	0.0	0.0	11.0
0.46315433489769237	0.5786750764121033	0.03404140335602083	65.0	0.0	0.0	11.0
0.3192055388838096	0.5693368818057627	0.035423161563083644	62.0	0.0	0.00048495184059049734	11.0
0.4895073007280543	0.4644883700976649	0.03384420196371325	13.0	0.0	0.0	11.0
0.24947334844689598	0.16342058338034504	0.0343438515541459	78.0	0.0	0.0	11.0
0.6980035263292067	0.49114317634934623	0.03292421221910494	6.0	0.0	0.0	11.0
0.8083230586621355	0.36223436421518757	0.03119535003486648	42.0	0.0	0.0	11.0
0.23066001627411115	0.04593141575599574	0.02394831415077169	17.0	0.0	0.0	11.0
0.27446770664844544	0.484133347473838	0.03238834540401968	44.0	0.0	0.0	11.0
0.5472058604959809	0.374943263843818	0.03383002190658877	63.0	0.0	0.0	11.0
0.4976616283968625	0.6897166064635488	0.030884564618306094	24.0	0.0	0.0	11.0
0.571698340934841	0.02306453108138513	0.025589986699419944	36.0	0.0	0.0	11.0
0.4719490270471759	0.3463392568491178	0.03355233167547272	4.0	0.0	0.0	11.0
0.642336273659309	0.8643756492456574	0.031662254968025993	53.0	0.0	0.0	11.0
0.5124217787856661	0.2077616845525705	0.034585768783761295	60.0	0.0	0.0	11.0
0.17376211480544698	0.030561882525671446	0.032301109335281825	45.0	0.0	0.0	11.0
0.4104853366031195	0.6314768338195508	0.03178557887130383	22.0	0.0	0.0	11.0
0.385664425148381	0.7124111291722177	0.03161856672035656	68.0	0.0	0.0	11.0
0.23543198766840712	0.5806966960018665	0.03325781158497101	70.0	0.0	0.0	11.0
