# x	y	r	id	split_id	s_prob	t
2.0	0.5	0.0	-1.0	0.0	0.0	0.0
0.4828653925698565	0.18841317042211206	0.03558300003143236	1.0	0.0	0.0012681940419270177	0.0
0.8506847037147255	0.5405683780657652	0.03046077000670456	2.0	0.0	0.0	0.0
0.3213263906350088	0.7659835755468367	0.03384697342244418	3.0	0.0	0.0	0.0
0.9398601521267217	0.554682005320296	0.03409203582910421	4.0	0.0	0.0	0.0
0.236107841625614	0.9159977544766678	0.027962871716767448	5.0	0.0	0.0	0.0
0.09993326210247173	0.4410657728272541	0.03388293769136039	6.0	0.0	0.0	0.0
0.6063310659571762	0.9543236454533893	0.030892000657714	7.0	0.0	0.0	0.0
0.7972037516384782	0.7988568279216836	0.03181884652431341	8.0	0.0	0.0	0.0
0.10763012014332315	0.9859385852569272	0.03268887630854592	9.0	0.0	0.0	0.0
0.2982516138583782	0.5140319588506537	0.03161663912356752	10.0	0.0	0.0	0.0
0.26894041092590143	0.837702476339067	0.033498712918348654	11.0	0.0	0.0	0.0
0.6761790389026526	0.9505817897598817	0.030823128265822636	12.0	0.0	0.0	0.0
0.06704526298382292	0.9333113931004686	0.03356683045244266	13.0	0.0	0.0	0.0
0.7821982835520366	0.31259539401682424	0.033552818618637806	14.0	0.0	0.0	0.0
0.48347347068700774	0.5963527841078224	0.03460907581993495	15.0	0.0	0.0	0.0
0.5084587345894207	0.26372381736018174	0.033748876256965196	16.0	0.0	0.0	0.0
0.9134326558935602	0.6223685618217697	0.03222116843071097	17.0	0.0	0.0	0.0
0.5832562891805456	0.8732501054273899	0.032349112860769594	18.0	0.0	0.0	0.0
0.4536611591882662	0.08755687507410716	0.03146476896039499	19.0	0.0	0.0	0.0
0.7559532339877074	0.9639975229307794	0.02968004845326781	20.0	0.0	0.0	0.0
0.6109299021059564	0.46293297887643015	0.029993552823476422	21.0	0.0	0.0	0.0
0.938732580063774	0.8507989712663439	0.03326121602889605	22.0	0.0	0.0	0.0
0.07301070322767043	0.5753478631818677	0.03154142414645565	23.0	0.0	0.0	0.0
0.816261738165495	0.9226203802218514	0.031075435817831357	24.0	0.0	0.0	0.0
0.36629949072807144	0.9300107992524259	0.031462875042911974	25.0	0.0	0.0	0.0
0.8795413740963678	0.9024714259068912	0.031210796632719483	26.0	0.0	0.0	0.0
0.4992733160981208	0.3297672922763019	0.032496149264732314	27.0	0.0	0.0	0.0
0.18080653367017574	0.7924762277755681	0.03219075088642147	28.0	0.0	0.0	0.0
0.9410198210916905	0.027543285070214047	0.027543285070214047	29.0	0.0	0.0	0.0
0.37125124675807175	0.8498492037157183	0.03625134144328216	30.0	0.0	0.0125402865011921	0.0
0.5807617187182071	0.5383540208584535	0.0356122123244821	31.0	0.0	0.0014685413463126906	0.0
0.22383296295333316	0.6642945738895667	0.03278243168246797	32.0	0.0	0.0	0.0
0.04567635454661055	0.3175845349415011	0.03129031668949151	33.0	0.0	0.0	0.0
0.8744542531417465	0.8276813959236575	0.03001963552078056	34.0	0.0	0.0	0.0
0.946839934066374	0.23651099491550162	0.031669025711770014	35.0	0.0	0.0	0.0
0.5932345710298994	0.7341778021520216	0.03285973087327402	36.0	0.0	0.0	0.0
0.45971461241647765	0.025218022153580648	0.025218022153580648	37.0	0.0	0.0	0.0
0.05728029330643565	0.6591533635319666	0.0346848493276909	38.0	0.0	0.0	0.0
0.8799634132754588	0.051702037582117076	0.030656387942114085	39.0	0.0	0.0	0.0
0.3833319548422039	0.11757681246202349	0.032356057627848565	40.0	0.0	0.0	0.0
0.9159057784512907	0.7142226020088558	0.033473467532979216	41.0	0.0	0.0	0.0
0.20096336582717877	0.20907071982977873	0.03220852533504966	42.0	0.0	0.0	0.0
0.7547580084663137	0.5963527841078224	0.03363378456039323	43.0	0.0	0.0	0.0
0.5689125090220996	0.04567635454661055	0.031645639161913645	44.0	0.0	0.0	0.0
0.47770857662317473	0.9048634479290972	0.033710712624557	45.0	0.0	0.0	0.0
0.11739525533884086	0.8701318923494669	0.03095078977857476	46.0	0.0	0.0	0.0
0.6830391076740834	0.07498755747908728	0.03200492934437349	47.0	0.0	0.0	0.0
0.19019827249741184	0.8592959396965402	0.03373304438427783	48.0	0.0	0.0	0.0
0.7977893489416519	0.04629999716219516	0.03230171703176099	49.0	0.0	0.0	0.0
0.303501973627599	0.1700127696603321	0.03161248736556403	50.0	0.0	0.0	0.0
0.4267675044728063	0.9477377011462257	0.030541484846694868	51.0	0.0	0.0	0.0
0.8394006690332875	0.11059872302373897	0.03301526759429812	52.0	0.0	0.0	0.0
0.8385319459399027	0.6616200415042377	0.03402344664516919	53.0	0.0	0.0	0.0
0.6169329904221146	0.224661785219394	0.03376269288518103	54.0	0.0	0.0	0.0
0.29981382062454415	0.9618415734814183	0.03265129755751047	55.0	0.0	0.0	0.0
0.054407351164795115	0.20470522152068646	0.02845993501564352	56.0	0.0	0.0	0.0
0.7148448810688985	0.39553986188957757	0.03181705646711064	57.0	0.0	0.0	0.0
0.27271145025492666	0.09846702538910691	0.03335614411806132	58.0	0.0	0.0	0.0
0.6097969337538569	0.3873973599242599	0.033813117685770167	59.0	0.0	0.0	0.0
0.303435262481847	0.6573663280637893	0.03284199072995906	60.0	0.0	0.0	0.0
0.6350186262740684	0.12986810765053308	0.03024593219984371	61.0	0.0	0.0	0.0
0.7953876048160878	0.7244312649141662	0.03373539934524776	62.0	0.0	0.0	0.0
0.5637016682933231	0.1490108379451007	0.03345480568131372	63.0	0.0	0.0	0.0
0.7802914198619261	0.8582066938035233	0.02856378832433205	64.0	0.0	0.0	0.0
0.72856501861176	0.7435324413857907	0.02978219561643937	65.0	0.0	0.0	0.0
0.15980295319859444	0.596976426723407	0.034575771016952805	66.0	0.0	0.0	0.0
0.7210813072247447	0.8994430952819435	0.03370522681035598	67.0	0.0	0.0	0.0
0.2234144999882248	0.4978172508454538	0.03265604816524484	68.0	0.0	0.0	0.0
0.6711898979779758	0.6905228190610987	0.03076637068042172	69.0	0.0	0.0	0.0
0.5241130202134977	0.09488138293963094	0.03154962919085369	70.0	0.0	0.0	0.0
0.8549148700372111	0.5351297431954634	0.03049123077671126	2.0	0.0	0.0	1.0
0.29566829098234965	0.5131455814026539	0.031648255762691084	10.0	0.0	0.0	1.0
0.8012513182143011	0.7293900738780185	0.033769134744593005	62.0	0.0	0.0	1.0
0.19956180533334159	0.20838251518278214	0.03224073386038471	42.0	0.0	0.0	1.0
0.18580468808283657	0.8594359205728576	0.033766777428662104	48.0	0.0	0.0	1.0
0.3198426248170753	0.766677679531533	0.03388082039586662	3.0	0.0	0.0	1.0
0.795046322002128	0.04520155122171381	0.03233401874879275	49.0	0.0	0.0	1.0
0.6804490289009081	0.07271190900559273	0.03203693427371786	47.0	0.0	0.0	1.0
0.7530258080694643	0.59654440716781	0.03366741834495362	43.0	0.0	0.0	1.0
0.27644429814629956	0.09869055317395281	0.03338950026217938	58.0	0.0	0.0	1.0
0.6027859292572241	0.7319434716786476	0.03289259060414729	36.0	0.0	0.0	1.0
0.2241552087589938	0.49888979714371307	0.03268870421341008	68.0	0.0	0.0	1.0
0.7200339324350765	0.8879484356376676	0.03373893203716633	67.0	0.0	0.0	1.0
0.6123931373058121	0.4645670091913978	0.030023546376299896	21.0	0.0	0.0	1.0
0.18236472945891782	0.13627254509018036	0.019038076152304607	-2.0	-1.0	0.0	1.0
0.7830323555651325	0.3132829254275338	0.03358637143725644	14.0	0.0	0.0	1.0
0.614442269441097	0.2314312204819791	0.03379645557806621	54.0	0.0	0.0	1.0
0.05209454561282156	0.3159976463854543	0.031321607006181	33.0	0.0	0.0	1.0
0.37452080219622896	0.8497977384871379	0.03628759278472544	30.0	0.0	0.013662040772274509	1.0
0.6073239102634472	0.953996899288049	0.030922892658371712	7.0	0.0	0.0	1.0
0.6702105786603101	0.689683999246472	0.03079713705110214	69.0	0.0	0.0	1.0
0.9377569360077451	0.5526375470051518	0.03412612786493331	4.0	0.0	0.0	1.0
0.11909767667233834	0.8707040648368698	0.03098174056835333	46.0	0.0	0.0	1.0
0.05389038529998375	0.6541780776377237	0.034719534177018584	38.0	0.0	0.0	1.0
0.7238797212768686	0.39896132091862274	0.03184887352357774	57.0	0.0	0.0	1.0
0.9172624443800393	0.7158166338977733	0.03350694100051219	41.0	0.0	0.0	1.0
0.8804081714390488	0.901607352859897	0.0312420074293522	26.0	0.0	0.0	1.0
0.46508286131123233	0.024174345415430322	0.025243240175734226	37.0	0.0	0.0	1.0
0.9457695766434923	0.23674015033441223	0.03170069473748178	35.0	0.0	0.0	1.0
0.5750138118640333	0.039279936129711875	0.03167728480107555	44.0	0.0	0.0	1.0
0.054791897693451025	0.20308437647155683	0.02848839495065916	56.0	0.0	0.0	1.0
0.5749623880010375	0.530497439291547	0.03564782453680657	31.0	0.0	0.0017400116400381194	1.0
0.837687163845357	0.10973039918755638	0.03304828286189241	52.0	0.0	0.0	1.0
0.9377174700786243	0.8507060448480627	0.03329447724492494	22.0	0.0	0.0	1.0
0.26817175670486826	0.8370271351784602	0.033532211631266996	11.0	0.0	0.0	1.0
0.07699545551162888	0.5757379524325327	0.0315729655706021	23.0	0.0	0.0	1.0
0.9462846413496577	0.020595642677118862	0.02757082835528426	29.0	0.0	0.0	1.0
0.5671596294717823	0.15002941243613913	0.033488260486995026	63.0	0.0	0.0	1.0
0.18766032853519218	0.7870359911900515	0.032222941637307885	28.0	0.0	0.0	1.0
0.5763282312046992	0.8835571060237842	0.03238146197363036	18.0	0.0	0.0	1.0
0.7809203238470118	0.8594977421974982	0.02859235211265638	64.0	0.0	0.0	1.0
0.5150304041926415	0.26434420563123495	0.03378262513322216	16.0	0.0	0.0	1.0
0.11331495484611379	0.9884254494569369	0.03272156518485446	9.0	0.0	0.0	1.0
0.6814379834979368	0.9479995037118043	0.030853951394088457	12.0	0.0	0.0	1.0
0.48146224486080763	0.5962196366970737	0.03464368489575488	15.0	0.0	0.0	1.0
0.6107853327317304	0.38919096889229576	0.03384693080345593	59.0	0.0	0.0	1.0
0.7270342435070879	0.7447622291675922	0.029811977812055804	65.0	0.0	0.0	1.0
0.4976469378408288	0.3392676535265187	0.03252864541399704	27.0	0.0	0.0	1.0
0.10259418395963472	0.4404078637061161	0.03391682062905174	6.0	0.0	0.0	1.0
0.9139377802945212	0.6232084978295425	0.032253389599141674	17.0	0.0	0.0	1.0
0.8166694596120119	0.9249092689855454	0.031106511253649185	24.0	0.0	0.0	1.0
0.15986838258261382	0.5987076999658135	0.03461034678796975	66.0	0.0	0.0	1.0
0.5214826871226168	0.09699452907544184	0.03158117882004454	70.0	0.0	0.0	1.0
0.302115755343492	0.17042109309438278	0.03164409985292959	50.0	0.0	0.0	1.0
0.8342622482876836	0.6539860863847183	0.034057470091814354	53.0	0.0	0.0	1.0
0.22506160406103098	0.6659811832178519	0.032815214114150434	32.0	0.0	0.0	1.0
0.29751231166558273	0.961660076305158	0.03268394885506798	55.0	0.0	0.0	1.0
0.0672845826375107	0.9344122861546236	0.0336003972828951	13.0	0.0	0.0	1.0
0.22905321660680647	0.9238623657090295	0.027990834588484212	5.0	0.0	0.0	1.0
0.4764426645053893	0.1837912584983192	0.035618583031463785	1.0	0.0	0.0015148651746983433	1.0
0.3850516200881867	0.11299227415928137	0.03238841368547641	40.0	0.0	0.0	1.0
0.42818060589692286	0.9591550659884273	0.03057202633154156	51.0	0.0	0.0	1.0
0.6342446645952988	0.12859929681722168	0.03027617813204355	61.0	0.0	0.0	1.0
0.3683951587517218	0.931799694691644	0.03149433791795488	25.0	0.0	0.0	1.0
0.451861897604416	0.0882905675710112	0.03149623372935538	19.0	0.0	0.0	1.0
0.8812207523056537	0.05197122434722701	0.030687044330056194	39.0	0.0	0.0	1.0
0.7967686845585524	0.7976969616646656	0.03185066537083772	8.0	0.0	0.0	1.0
0.4846514787598619	0.8950515990068956	0.033744423337181556	45.0	0.0	0.0	1.0
0.753782341088769	0.9606454212013439	0.029709728501721072	20.0	0.0	0.0	1.0
0.8758543913105318	0.8265709901459235	0.030049655156301338	34.0	0.0	0.0	1.0
0.3030806790969711	0.6585037412967711	0.032874832720689015	60.0	0.0	0.0	1.0
0.8535578217591624	0.5362483676096127	0.030521722007487966	2.0	0.0	0.0	2.0
0.11812289837951294	0.9780627818875713	0.03275428675003931	9.0	0.0	0.0	2.0
0.8342622482876836	0.6560966245158101	0.034091527561906164	53.0	0.0	0.0	2.0
0.1914716817929534	0.7886464254339527	0.032255164578945186	28.0	0.0	0.0	2.0
0.5778536640760895	0.8818318845618439	0.03241384343560398	18.0	0.0	0.0	2.0
0.36598733611012096	0.9370760862269895	0.031525832255872833	25.0	0.0	0.0	2.0
0.7550930372563958	0.9660190905965867	0.02973943823022279	20.0	0.0	0.0	2.0
0.6338032247505047	0.12767840372031813	0.03030645431017559	61.0	0.0	0.0	2.0
0.797439422401438	0.04534485318491672	0.03236635276754154	49.0	0.0	0.0	2.0
0.4726908369495767	0.18363763838594954	0.03565420161449524	1.0	0.0	0.0017919042879839253	2.0
0.294524322185775	0.9497363302778824	0.03271663280392304	55.0	0.0	0.0	2.0
0.07479894503057957	0.5766988287932097	0.0316045385361727	23.0	0.0	0.0	2.0
0.5645677367191833	0.1497591931024716	0.03352174874748202	63.0	0.0	0.0	2.0
0.8104535139309297	0.9295075735964623	0.03113761776490283	24.0	0.0	0.0	2.0
0.7206233634346638	0.8889285591868544	0.03377267096920349	67.0	0.0	0.0	2.0
0.05312774938057076	0.3063809700446322	0.03135292861318718	33.0	0.0	0.0	2.0
0.4800315633769333	0.893133706468745	0.033778167760518736	45.0	0.0	0.0	2.0
0.6074513591447673	0.38245485712065974	0.03388077773425938	59.0	0.0	0.0	2.0
0.5153105450712727	0.2658097476318743	0.03381640775835538	16.0	0.0	0.0	2.0
0.5789321670914087	0.5334067685338152	0.03568347236134337	31.0	0.0	0.0020433503897692162	2.0
0.32686237725577927	0.7707502014793921	0.033914701216262486	3.0	0.0	0.0	2.0
0.9464009008396855	0.8547734406278674	0.03332777172216986	22.0	0.0	0.0	2.0
0.31124092956610827	0.16791947842724544	0.03167574395278252	50.0	0.0	0.0	2.0
0.11167748074149934	0.8633914986650475	0.03101272230892168	46.0	0.0	0.0	2.0
0.9441798423769714	0.021130134743695423	0.02759839918363954	29.0	0.0	0.0	2.0
0.22840623824031697	0.9247050665220463	0.028018825423072692	5.0	0.0	0.0	2.0
0.1923375376547134	0.2042519135778619	0.03227297459424509	42.0	0.0	0.0	2.0
0.680539992347431	0.07160298193731864	0.03206897120799157	47.0	0.0	0.0	2.0
0.7531754880209394	0.5931502263370951	0.03370108576329857	43.0	0.0	0.0	2.0
0.1590952923375316	0.6022639882519242	0.034644957134757716	66.0	0.0	0.0	2.0
0.22305037947523723	0.6680632842129101	0.03284802932826458	32.0	0.0	0.0	2.0
0.7816754433109009	0.8587257974556999	0.02862094446476903	64.0	0.0	0.0	2.0
0.7953151551697605	0.7983328165997043	0.03188251603620856	8.0	0.0	0.0	2.0
0.3041170173259015	0.6582886836454603	0.0329077075534097	60.0	0.0	0.0	2.0
0.6689750032750236	0.6905781366586334	0.030827934188153237	69.0	0.0	0.0	2.0
0.6158465599195244	0.45628395835462626	0.03005356992267619	21.0	0.0	0.0	2.0
0.37373686940138495	0.8575537260405569	0.03632388037751016	30.0	0.0	0.01484999164655676	2.0
0.6129720747855446	0.23142659245794567	0.03383025203364427	54.0	0.0	0.0	2.0
0.6820776411125303	0.9461541824683201	0.030884805345482543	12.0	0.0	0.0	2.0
0.2780392229979675	0.10207220110166	0.03342288976244155	58.0	0.0	0.0	2.0
0.44968208795878273	0.08080345094558498	0.031527729963084734	19.0	0.0	0.0	2.0
0.2235582556549817	0.49650762101808216	0.032721392917623486	68.0	0.0	0.0	2.0
0.8385592105758527	0.11089636015845315	0.0330813311447543	52.0	0.0	0.0	2.0
0.06750479009993243	0.6589454001886496	0.0347542537111956	38.0	0.0	0.0	2.0
0.9382303780719499	0.5546905430024232	0.03416025399279824	4.0	0.0	0.0	2.0
0.8028391495682937	0.7276829091712594	0.03380290387933759	62.0	0.0	0.0	2.0
0.49665773108946726	0.33809043621634366	0.03256117405941103	27.0	0.0	0.0	2.0
0.45666313337870557	0.014154347618718642	0.025268483415909957	37.0	0.0	0.0	2.0
0.8679132650802535	0.8261069065883149	0.030079704811457636	34.0	0.0	0.0	2.0
0.8870987880835612	0.8989138272054269	0.031273249436781544	26.0	0.0	0.0	2.0
0.8823099132369435	0.05096457328318275	0.030717731374386246	39.0	0.0	0.0	2.0
0.3865676745342873	0.11293019869048546	0.032420802099161886	40.0	0.0	0.0	2.0
0.9152091616589274	0.7130349709844004	0.0335404479415127	41.0	0.0	0.0	2.0
0.25629758555440396	0.8340912633546353	0.03356574384289826	11.0	0.0	0.0	2.0
0.10196486818347336	0.443940750732728	0.03395073744968079	6.0	0.0	0.0	2.0
0.9111003556449121	0.6355124773206599	0.032285642988740815	17.0	0.0	0.0	2.0
0.7213188040297244	0.39325458906255323	0.03188072239710132	57.0	0.0	0.0	2.0
0.29465207245366615	0.5149896734214986	0.031679904018453775	10.0	0.0	0.0	2.0
0.6064659416542402	0.954820456924324	0.030953815551030082	7.0	0.0	0.0	2.0
0.7287872885533349	0.7412202972763473	0.029841789789867856	65.0	0.0	0.0	2.0
0.4837795000233581	0.5982298729444441	0.03467832858065063	15.0	0.0	0.0	2.0
0.7856043565655642	0.3126125274379619	0.033619957808693694	14.0	0.0	0.0	2.0
0.6041627628815854	0.7341075895648972	0.03292548319475143	36.0	0.0	0.0	2.0
0.19034042652506103	0.862594596574559	0.033800544206090764	48.0	0.0	0.0	2.0
0.9485750024858507	0.23540618391193405	0.03173239543221926	35.0	0.0	0.0	2.0
0.5762367484795324	0.04011883220697351	0.031708962085876626	44.0	0.0	0.0	2.0
0.05096078806693316	0.20464660422822245	0.028516883345609815	56.0	0.0	0.0	2.0
0.42868692424757615	0.9571345731242665	0.030602598357873097	51.0	0.0	0.0	2.0
0.0683829384843249	0.9326616425652194	0.03363399768017799	13.0	0.0	0.0	2.0
0.5177371701655403	0.09956383597392407	0.03161275999886458	70.0	0.0	0.0	2.0
0.5792680278188704	0.8824506062558954	0.03244625727903958	18.0	0.0	0.0	3.0
0.9153036428924138	0.7155349613770394	0.03357398838945421	41.0	0.0	0.0	3.0
0.9435517153381977	0.8585829143377124	0.03336109949389202	22.0	0.0	0.0	3.0
0.3738643590066745	0.8553061323085481	0.03636020425788766	30.0	0.0	0.01610617316094931	3.0
0.6780213222865558	0.073679139334853	0.032101040179199555	47.0	0.0	0.0	3.0
0.5781934520995713	0.5368049274020162	0.03571915583370471	31.0	0.0	0.002380394823859433	3.0
0.6114444156913077	0.23278593404372738	0.033864082285677916	54.0	0.0	0.0	3.0
0.7360212127331427	0.7428645495608269	0.02987163157965772	65.0	0.0	0.0	3.0
0.6761479080929916	0.9549087732213672	0.030915690150828023	12.0	0.0	0.0	3.0
0.8669846150538512	0.8286308489661399	0.03010978451626909	34.0	0.0	0.0	3.0
0.06941251453345622	0.9317797761758838	0.03366763167785816	13.0	0.0	0.0	3.0
0.7984836369979743	0.0440699185934844	0.032398719120309075	49.0	0.0	0.0	3.0
0.0665077453579817	0.658501737961776	0.03478900796490679	38.0	0.0	0.0	3.0
0.7209080082813278	0.3944642330374406	0.031912603119498416	57.0	0.0	0.0	3.0
0.27244097457534056	0.09407409714548612	0.03345631265220399	58.0	0.0	0.0	3.0
0.10761419764795856	0.8658177098188862	0.031043735031230597	46.0	0.0	0.0	3.0
0.08015110984714476	0.5764796822177579	0.03163614307470887	23.0	0.0	0.0	3.0
0.5989050362454554	0.7310129046253449	0.03295840867794618	36.0	0.0	0.0	3.0
0.30500294718790494	0.6590770017381881	0.032940615260963105	60.0	0.0	0.0	3.0
0.605611537395177	0.9565197392918326	0.030984769366581108	7.0	0.0	0.0	3.0
0.8107518371627559	0.9311823167307989	0.03116875538266773	24.0	0.0	0.0	3.0
0.3098131409781243	0.1749103702797366	0.031707419696735295	50.0	0.0	0.0	3.0
0.25769574425519737	0.8346820358435357	0.033599309586741156	11.0	0.0	0.0	3.0
0.4940608065249791	0.33878481996881127	0.032593735233470436	27.0	0.0	0.0	3.0
0.7583152549044658	0.5865421373715662	0.033734786849061865	43.0	0.0	0.0	3.0
0.22201954324503992	0.6688292200361985	0.03288087735759285	32.0	0.0	0.0	3.0
0.06035346050953215	0.19738832888940464	0.028545400228955423	56.0	0.0	0.0	3.0
0.36686263235350974	0.9253928089675008	0.0315573580881287	25.0	0.0	0.0	3.0
0.29384982115787794	0.5159818604795136	0.031711583922472225	10.0	0.0	0.0	3.0
0.19188602296592802	0.789653451553895	0.03228741974352413	28.0	0.0	0.0	3.0
0.15780615649394855	0.6019279720226622	0.03467960209189247	66.0	0.0	0.0	3.0
0.6598331701598035	0.6897412639843922	0.03085876212234139	69.0	0.0	0.0	3.0
0.575374774414025	0.039469902441676724	0.0317406710479625	44.0	0.0	0.0	3.0
0.913057178483061	0.6370845415710914	0.03231792863172955	17.0	0.0	0.0	3.0
0.9434270620293002	0.018660798094148466	0.027625997582823178	29.0	0.0	0.0	3.0
0.8072132959792518	0.8007867179078861	0.03191439855224476	8.0	0.0	0.0	3.0
0.5125642872849949	0.09154497950818961	0.03164437275886344	70.0	0.0	0.0	3.0
0.8505431927769483	0.5363908192294164	0.03055224372949545	2.0	0.0	0.0	3.0
0.9404912747073243	0.5585595106919117	0.03419441424679104	4.0	0.0	0.0	3.0
0.514068865081145	0.26393711988485435	0.03385022416611373	16.0	0.0	0.0	3.0
0.47111370147804826	0.1854441264408688	0.035689855816109735	1.0	0.0	0.0021011398731474173	3.0
0.4754079886563288	0.8816922618662919	0.03381194592827925	45.0	0.0	0.0	3.0
0.4820183761957523	0.599681579668344	0.03471300690923128	15.0	0.0	0.0	3.0
0.8974910188543689	0.9044292210883589	0.03130452268621832	26.0	0.0	0.0	3.0
0.4314419321645803	0.9582925136936372	0.03063320095623097	51.0	0.0	0.0	3.0
0.7872604699070489	0.3118755946784545	0.033653577766502386	14.0	0.0	0.0	3.0
0.6353752511613612	0.12822887633144217	0.030336760764485764	61.0	0.0	0.0	3.0
0.2937847675022864	0.9561885118342905	0.032749349436726964	55.0	0.0	0.0	3.0
0.7543133341699728	0.9667866171658039	0.02976917766845301	20.0	0.0	0.0	3.0
0.2196515515016321	0.9192635090349764	0.02804684424849576	5.0	0.0	0.0	3.0
0.052031819091443346	0.3079259072421754	0.03138428154180036	33.0	0.0	0.0	3.0
0.3879852044195255	0.11023883093048582	0.03245322290126104	40.0	0.0	0.0	3.0
0.09998796607235666	0.4468818247406723	0.03398468818713046	6.0	0.0	0.0	3.0
0.2258966935687128	0.49729355444796236	0.03275411431054111	68.0	0.0	0.0	3.0
0.778007768070509	0.8652809558683218	0.028649565409233798	64.0	0.0	0.0	3.0
0.1920757146974914	0.8609907659238104	0.033834344750296855	48.0	0.0	0.0	3.0
0.19575869606903046	0.20807240433823465	0.032305247568839325	42.0	0.0	0.0	3.0
0.8855531097784232	0.05210023541725849	0.03074844910576063	39.0	0.0	0.0	3.0
0.4555462635152511	0.015647646801915407	0.025293751899325864	37.0	0.0	0.0	3.0
0.6198642222042116	0.45185377929911746	0.030083623492598865	21.0	0.0	0.0	3.0
0.8367423320675117	0.6564343920744253	0.03412561908946807	53.0	0.0	0.0	3.0
0.32505105059212236	0.7837439684463856	0.03394861591747875	3.0	0.0	0.0	3.0
0.7145983364556806	0.8859135753955479	0.03380644364017269	67.0	0.0	0.0	3.0
0.44963448605534945	0.07324262476730958	0.031559257693047814	19.0	0.0	0.0	3.0
0.842612470224308	0.1071501569842968	0.033114412475899045	52.0	0.0	0.0	3.0
0.8029596091218839	0.717568252964552	0.03383670678321692	62.0	0.0	0.0	3.0
0.9499410726024522	0.23872631808835248	0.03176412782765147	35.0	0.0	0.0	3.0
0.1269614698081544	0.9753987118779114	0.032787041036789345	9.0	0.0	0.0	3.0
0.6061638067396482	0.382597291409563	0.03391465851199364	59.0	0.0	0.0	3.0
0.5661165912543037	0.14943777967850777	0.03355527049622949	63.0	0.0	0.0	3.0
0.6194581546885727	0.45361461773587314	0.03011370711609146	21.0	0.0	0.0	4.0
0.25719370282915893	0.831518716159944	0.0336329088963279	11.0	0.0	0.0	4.0
0.8653867514357729	0.8281928037337363	0.030139894300785355	34.0	0.0	0.0	4.0
0.49642026479689916	0.3374749003708828	0.032626328968703905	27.0	0.0	0.0	4.0
0.45645157434513367	0.025319045651225187	0.025319045651225187	37.0	0.0	0.0	4.0
0.5764025384207291	0.5363139585922959	0.035754874989538415	31.0	0.0	0.0027529928520237945	4.0
0.6583268874710165	0.6896415448791305	0.030889620884463728	69.0	0.0	0.0	4.0
0.848323778113729	0.5264822426322902	0.03058279597322494	2.0	0.0	0.0	4.0
0.5702965143397586	0.15044337811161454	0.03358882576672572	63.0	0.0	0.0	4.0
0.2944635237553599	0.9606464132209905	0.032782098786163685	55.0	0.0	0.0	4.0
0.7061905873525183	0.8878242030290932	0.03384025008381286	67.0	0.0	0.0	4.0
0.48047490483310307	0.6005258128434712	0.03474771991614051	15.0	0.0	0.0	4.0
0.7242668086660733	0.4023440994457022	0.03194451572261791	57.0	0.0	0.0	4.0
0.5995429056506643	0.7318017918130311	0.032991367086624125	36.0	0.0	0.0	4.0
0.20381528079148933	0.21753859103255985	0.03233755281640816	42.0	0.0	0.0	4.0
0.5700830144059438	0.030794741113001713	0.031772411719010456	44.0	0.0	0.0	4.0
0.9369324596658708	0.5634448515851562	0.03422860866103782	4.0	0.0	0.0	4.0
0.9091664460889238	0.6363281185784659	0.03235024656036128	17.0	0.0	0.0	4.0
0.4367227070255454	0.9565546048141207	0.030663834157187195	51.0	0.0	0.0	4.0
0.8089928244893428	0.9311102932381065	0.031199924138050394	24.0	0.0	0.0	4.0
0.6770071288393485	0.07035229232474369	0.03213314121937875	47.0	0.0	0.0	4.0
0.2960902250455461	0.5223159577272668	0.031743295506394695	10.0	0.0	0.0	4.0
0.19558786239977405	0.7829573659247373	0.03231970716326765	28.0	0.0	0.0	4.0
0.8901758002958807	0.8952646847146691	0.031335827208904536	26.0	0.0	0.0	4.0
0.18658931295877634	0.8646457067300487	0.03386817909504715	48.0	0.0	0.0	4.0
0.8035599880813448	0.718566581109858	0.033870543490000134	62.0	0.0	0.0	4.0
0.47581698864480865	0.8773741989808064	0.03384575787420752	45.0	0.0	0.0	4.0
0.8866194365027932	0.049875758104899	0.030779197554866387	39.0	0.0	0.0	4.0
0.8447604408307714	0.10506219449321123	0.03314752688837494	52.0	0.0	0.0	4.0
0.7294589178356713	0.09018036072144288	0.07795591182364729	-2.0	-1.0	507.28123869475417	4.0
0.7523573268424618	0.9677933563756846	0.029798946846121457	20.0	0.0	0.0	4.0
0.3125320353554153	0.1744876323256495	0.03173912711643203	50.0	0.0	0.0	4.0
0.5217003565711026	0.0901239454030804	0.031676017131622304	70.0	0.0	0.0	4.0
0.9501313872782776	0.017704693359612028	0.027653623580406	29.0	0.0	0.0	4.0
0.2713582851429442	0.09405705481047337	0.033489768964856184	58.0	0.0	0.0	4.0
0.7857340752127299	0.3128670747086889	0.03368723134426888	14.0	0.0	0.0	4.0
0.06843537248399012	0.6589912390588116	0.03482379697287169	38.0	0.0	0.0	4.0
0.22734416081096553	0.6804973415034519	0.032913758234950435	32.0	0.0	0.0	4.0
0.3658764846679859	0.9345585093171078	0.03158891544621682	25.0	0.0	0.0	4.0
0.224550490939953	0.4977085819800959	0.032786868424851644	68.0	0.0	0.0	4.0
0.5785978329749412	0.8727886739095547	0.03247870353631862	18.0	0.0	0.0	4.0
0.308251096649973	0.6594363252554615	0.03297355587622407	60.0	0.0	0.0	4.0
0.10857498456237337	0.8635237375188084	0.031074778766261826	46.0	0.0	0.0	4.0
0.37868400025813265	0.8493149246580391	0.03639656446214554	30.0	0.0	0.017432630842449726	4.0
0.08241927791765497	0.5754359896875518	0.031667779217783576	23.0	0.0	0.0	4.0
0.05294245920299679	0.3073096315608434	0.03141566582334216	33.0	0.0	0.0	4.0
0.778238672524488	0.8719712423153051	0.02867821497464303	64.0	0.0	0.0	4.0
0.6786144391023238	0.9543969264603925	0.030946605840978848	12.0	0.0	0.0	4.0
0.09688434521266442	0.44559340043098744	0.03401867287531759	6.0	0.0	0.0	4.0
0.6123172992879166	0.23182342640779882	0.03389794636796359	54.0	0.0	0.0	4.0
0.9441090319439752	0.8572979181368189	0.03339446059338591	22.0	0.0	0.0	4.0
0.13185379837247296	0.9706430608901251	0.03281982807782613	9.0	0.0	0.0	4.0
0.3260183106346585	0.7879383169121964	0.03398256453339622	3.0	0.0	0.0	4.0
0.2207487284309874	0.9287730631086356	0.028074891092744254	5.0	0.0	0.0	4.0
0.6366975883983234	0.128392037103797	0.030367097525250245	61.0	0.0	0.0	4.0
0.91419658124693	0.7150589516957188	0.03360756237784366	41.0	0.0	0.0	4.0
0.79598212795614	0.045832600526989245	0.03243111783942938	49.0	0.0	0.0	4.0
0.5137846654416193	0.2671531452530048	0.03388407439027984	16.0	0.0	0.0	4.0
0.06187761399672784	0.9204160883269222	0.03370129930953602	13.0	0.0	0.0	4.0
0.4721568428671621	0.18614053767205732	0.03572554567192584	1.0	0.0	0.00244441106690374	4.0
0.7374836989165943	0.743640724332921	0.029901503211237374	65.0	0.0	0.0	4.0
0.4491958133622598	0.08711825698327184	0.031590816950740855	19.0	0.0	0.0	4.0
0.7599249127245716	0.5877381513954617	0.033768521635910924	43.0	0.0	0.0	4.0
0.16059848651959074	0.5970797732789498	0.034714281693984356	66.0	0.0	0.0	4.0
0.6001875436030185	0.9471022995022792	0.031015754135947687	7.0	0.0	0.0	4.0
0.8336927235674234	0.6575455668993598	0.03415974470855753	53.0	0.0	0.0	4.0
0.06479692619216115	0.19554368694904947	0.028573945629184375	56.0	0.0	0.0	4.0
0.9485801118410293	0.24170866476017158	0.03179589195547912	35.0	0.0	0.0	4.0
0.8062914841122021	0.8030271146831514	0.031946312950797	8.0	0.0	0.0	4.0
0.3767106965215989	0.10962949237258834	0.0324856761241623	40.0	0.0	0.0	4.0
0.6076058251243173	0.3815947034402763	0.03394857317050563	59.0	0.0	0.0	4.0
0.1096488874898742	0.8649225151549395	0.031105853545028084	46.0	0.0	0.0	5.0
0.5978784300432493	0.7295468611988715	0.033024358453710746	36.0	0.0	0.0	5.0
0.32843941505093605	0.7876859032189794	0.03401654709792962	3.0	0.0	0.0	5.0
0.8091799565523105	0.9321608253597609	0.03123112406218844	24.0	0.0	0.0	5.0
0.13024528208881347	0.9689987042728649	0.032852647905903955	9.0	0.0	0.0	5.0
0.9163154617250644	0.716050161605795	0.033641169940221496	41.0	0.0	0.0	5.0
0.8029311426950667	0.8032283362960208	0.031978259263747796	8.0	0.0	0.0	5.0
0.9433215613864347	0.8563364553715281	0.03342785505397929	22.0	0.0	0.0	5.0
0.801762870013519	0.7278988738585357	0.03390441403349013	62.0	0.0	0.0	5.0
0.6169873415630173	0.45228329654659843	0.03014382082320755	21.0	0.0	0.0	5.0
0.774166862098783	0.8760816882734545	0.02870689318961767	64.0	0.0	0.0	5.0
0.18558661631065226	0.8660221522270867	0.03390204727414219	48.0	0.0	0.0	5.0
0.09286187930569441	0.44178063233115483	0.034052691548192904	6.0	0.0	0.0	5.0
0.5735548780394699	0.5315105685830035	0.03579062986452795	31.0	0.0	0.0031630031094636024	5.0
0.0785857741717944	0.5760073343643826	0.031699446997001356	23.0	0.0	0.0	5.0
0.4737106690546948	0.1828990817256554	0.03576127121759776	1.0	0.0	0.0028235676952022004	5.0
0.37645134353670584	0.8474507992763641	0.03643296102660769	30.0	0.0	0.018831421755095334	5.0
0.7605882243132411	0.589964152735384	0.03380229015754683	43.0	0.0	0.0	5.0
0.3146283400789301	0.16844009134299992	0.03177086624354846	50.0	0.0	0.0	5.0
0.21766998963575782	0.486428883213542	0.03281965529327649	68.0	0.0	0.0	5.0
0.21813963443327122	0.9298369843900234	0.028102965983836995	5.0	0.0	0.0	5.0
0.22844070114793474	0.6801818341656618	0.032946671993185385	32.0	0.0	0.0	5.0
0.9102491972143264	0.6262502738631481	0.03238259680692163	17.0	0.0	0.0	5.0
0.2967410307314793	0.9569127328547521	0.03281488088494985	55.0	0.0	0.0	5.0
0.5095059530587315	0.2649848950624593	0.03391795846467012	16.0	0.0	0.0	5.0
0.61350232262549	0.23261455939333567	0.03393184431433155	54.0	0.0	0.0	5.0
0.4350452285393973	0.9558828580635496	0.03069449799134438	51.0	0.0	0.0	5.0
0.378029890724001	0.10248456451217751	0.03251816180028645	40.0	0.0	0.0	5.0
0.06709889265561393	0.6547972657412388	0.034858620769844556	38.0	0.0	0.0	5.0
0.8497261066405434	0.10652487734701616	0.03318067441526331	52.0	0.0	0.0	5.0
0.05257338355474025	0.3146312758691283	0.0314470814891655	33.0	0.0	0.0	5.0
0.9522514734339574	0.23324366362775892	0.031827687847434595	35.0	0.0	0.0	5.0
0.5233139974194846	0.09024097988278837	0.03170769314875392	70.0	0.0	0.0	5.0
0.7366464829139384	0.7426443854287178	0.02993140471444861	65.0	0.0	0.0	5.0
0.8504540645403338	0.5289223227983197	0.030613378769198164	2.0	0.0	0.0	5.0
0.6588229724040688	0.6906933716056805	0.03092051050534819	69.0	0.0	0.0	5.0
0.2955380345443534	0.5232608957550079	0.031775038801901086	10.0	0.0	0.0	5.0
0.5696132855503175	0.03197852704638672	0.03180418413072946	44.0	0.0	0.0	5.0
0.61298365453864	0.3843626234062703	0.033982521743676136	59.0	0.0	0.0	5.0
0.9501313872782776	0.024168481518337975	0.0276812772039864	29.0	0.0	0.0	5.0
0.20114454409346852	0.22791871654086668	0.032369890369224566	42.0	0.0	0.0	5.0
0.4789290925937116	0.8790258635234225	0.03387960363208173	45.0	0.0	0.0	5.0
0.8911964126690378	0.8952228953240008	0.031367163036113435	26.0	0.0	0.0	5.0
0.4625207050880738	0.019986695047201325	0.02534436469687641	37.0	0.0	0.0	5.0
0.36737812873094816	0.9358284155240179	0.031620504361663034	25.0	0.0	0.0	5.0
0.31436913321353094	0.6705384869258194	0.033006529432100286	60.0	0.0	0.0	5.0
0.7214599790001367	0.4020156963901418	0.031976460238340526	57.0	0.0	0.0	5.0
0.9377260427664185	0.5648429944143282	0.03426283726969886	4.0	0.0	0.0	5.0
0.5671000984990556	0.15174679410201794	0.03362241459249244	63.0	0.0	0.0	5.0
0.6018129862585736	0.9473865646762105	0.03104676989008363	7.0	0.0	0.0	5.0
0.1937509272972442	0.7854790069963002	0.032352026870430914	28.0	0.0	0.0	5.0
0.8021712164277873	0.040924228088441414	0.03246354895726881	49.0	0.0	0.0	5.0
0.6696862462150719	0.9613864870411406	0.030977552446819823	12.0	0.0	0.0	5.0
0.7776084282369735	0.3185927910193927	0.03372091857561315	14.0	0.0	0.0	5.0
0.47946383929862585	0.5997844009494975	0.03478246763605664	15.0	0.0	0.0	5.0
0.750927268167191	0.964711119125273	0.029828745792967577	20.0	0.0	0.0	5.0
0.6731439494382645	0.07500892681582855	0.03216527436059812	47.0	0.0	0.0	5.0
0.5771698278195537	0.8703092919107267	0.032511182239854934	18.0	0.0	0.0	5.0
0.8850441115519897	0.04785039632090609	0.03080997675242125	39.0	0.0	0.0	5.0
0.1570063006479429	0.5995438998725346	0.034748995975678335	66.0	0.0	0.0	5.0
0.8359699091710339	0.6477483750102456	0.03419390445326608	53.0	0.0	0.0	5.0
0.059426042468971395	0.9240633368468947	0.03373500060884555	13.0	0.0	0.0	5.0
0.7089066003297624	0.8828213034854687	0.03387409033389667	67.0	0.0	0.0	5.0
0.6364379667041975	0.12597557494851197	0.030397464622775493	61.0	0.0	0.0	5.0
0.07033399506843521	0.20188597584231782	0.028602519574813554	56.0	0.0	0.0	5.0
0.49618088841963565	0.3390470645746218	0.032658955297672605	27.0	0.0	0.0	5.0
0.44772078365851564	0.08726265572900026	0.03162240776769159	19.0	0.0	0.0	5.0
0.2660257763432342	0.8250421781626603	0.03366654180522422	11.0	0.0	0.0	5.0
0.8721314906942915	0.8336113645048429	0.030170034195086137	34.0	0.0	0.0	5.0
0.2721670386579351	0.0899659426470619	0.03352325873382104	58.0	0.0	0.0	5.0
0.09438475391219506	0.4353617894020058	0.03408674423974109	6.0	0.0	0.0	6.0
0.4736565100329498	0.1742967587119738	0.035797032488815356	1.0	0.0	0.003240470317365407	6.0
0.5244000088986974	0.0896200337940562	0.031739400841902674	70.0	0.0	0.0	6.0
0.29619023524534777	0.9553237662135599	0.032847695765834795	55.0	0.0	0.0	6.0
0.8500900290309771	0.10521359520250054	0.03321385508967857	52.0	0.0	0.0	6.0
0.31768744230268503	0.1682375722946649	0.031802637109792004	50.0	0.0	0.0	6.0
0.05815983865863454	0.9268380375044322	0.03376873560945439	13.0	0.0	0.0	6.0
0.669010155483067	0.9600626763283214	0.031008529999266638	12.0	0.0	0.0	6.0
0.7064175853097278	0.8831602874075087	0.033907964424230566	67.0	0.0	0.0	6.0
0.6111354254072097	0.23236779710406197	0.03396577615864588	54.0	0.0	0.0	6.0
0.3702732171644318	0.9395993196268708	0.03165212486602469	25.0	0.0	0.0	6.0
0.9444200025479226	0.034848675953426375	0.027708958481190385	29.0	0.0	0.0	6.0
0.8098110281708425	0.9348973534479743	0.031262355186250625	24.0	0.0	0.0	6.0
0.2963858389868266	0.5239963724726713	0.03180681384070298	10.0	0.0	0.0	6.0
0.600817534130103	0.9464189226145996	0.03107781665997371	7.0	0.0	0.0	6.0
0.14926160714766204	0.589586712159481	0.034783744971654006	66.0	0.0	0.0	6.0
0.3087813795967686	0.6623374762502877	0.03303953596153238	60.0	0.0	0.0	6.0
0.9523152690844466	0.8508394496741374	0.03346128290903327	22.0	0.0	0.0	6.0
0.4700019396577642	0.8802416702945829	0.033913483235713804	45.0	0.0	0.0	6.0
0.04444286053389522	0.3234839604487066	0.03147852857065466	33.0	0.0	0.0	6.0
0.8861532204932657	0.04626583487572371	0.030840786729173668	39.0	0.0	0.0	6.0
0.17974512662834286	0.8670437398388582	0.03393594932141633	48.0	0.0	0.0	6.0
0.4782437522469753	0.594337322399108	0.034817250103692694	15.0	0.0	0.0	6.0
0.937875751503006	0.9018036072144288	0.07995991983967934	-2.0	-1.0	581.6430709008988	6.0
0.9318640302172755	0.5598734429541997	0.034297100106968556	4.0	0.0	0.0	6.0
0.10665194412950994	0.8667635893447974	0.03113695939857311	46.0	0.0	0.0	6.0
0.5687089401551028	0.031242581776984104	0.03183598831486019	44.0	0.0	0.0	6.0
0.5024497006395958	0.34055520422622654	0.03269161425297028	27.0	0.0	0.0	6.0
0.7998689079202105	0.04132686679495826	0.03249601250622607	49.0	0.0	0.0	6.0
0.5111950971335514	0.2658275507703079	0.03395187642313478	16.0	0.0	0.0	6.0
0.2163296969316814	0.4909267593340945	0.032852474948569764	68.0	0.0	0.0	6.0
0.659993126609999	0.6873176431454986	0.030951431015853532	69.0	0.0	0.0	6.0
0.37866139595209264	0.8481627406789188	0.03646939398763429	30.0	0.0	0.020304614547143274	6.0
0.7576115161743422	0.5933737442340081	0.03383609244770437	43.0	0.0	0.0	6.0
0.4648621468589557	0.02042663033370521	0.025369709061573282	37.0	0.0	0.0	6.0
0.7751909843789355	0.8754436367326816	0.028735600082807285	64.0	0.0	0.0	6.0
0.804494030574919	0.8048876115049518	0.03201023752301154	8.0	0.0	0.0	6.0
0.18837675350701402	0.7274549098196392	0.05290581162324649	-2.0	-1.0	36.74193357136078	6.0
0.6031694507291963	0.37984663919019235	0.03401650426541981	59.0	0.0	0.0	6.0
0.20008915967399082	0.22944691317768534	0.032402260259593786	42.0	0.0	0.0	6.0
0.9059040211848813	0.637363440441543	0.032414979403728554	17.0	0.0	0.0	6.0
0.38083820980323435	0.10159937487571977	0.032550679962086736	40.0	0.0	0.0	6.0
0.72243896432722	0.40355447320328053	0.03200843669857886	57.0	0.0	0.0	6.0
0.2599419697534659	0.8279821026808251	0.03370020834702944	11.0	0.0	0.0	6.0
0.833302955574162	0.646833302587412	0.034228098357719346	53.0	0.0	0.0	6.0
0.8734550082674706	0.8345947695233642	0.03020020422928122	34.0	0.0	0.0	6.0
0.8493226905754779	0.535772158769114	0.03064399214796736	2.0	0.0	0.0	6.0
0.637049268548328	0.1269102271833249	0.030427862087398266	61.0	0.0	0.0	6.0
0.9198924401173203	0.7123934823736014	0.03367481111016171	41.0	0.0	0.0	6.0
0.12765776673785925	0.9662167243892715	0.03288550055380986	9.0	0.0	0.0	6.0
0.6749798887078591	0.07502626532722133	0.03219743963495872	47.0	0.0	0.0	6.0
0.9483407128118541	0.23495444874190521	0.031859515535282025	35.0	0.0	0.0	6.0
0.07984024932270198	0.5785022979390636	0.031731146443998354	23.0	0.0	0.0	6.0
0.07119082323675517	0.2030020097492579	0.028631122094388364	56.0	0.0	0.0	6.0
0.20517357078075132	0.9255698384223627	0.02813106894982083	5.0	0.0	0.0	6.0
0.7792971544717723	0.30944642947410245	0.03375463949418876	14.0	0.0	0.0	6.0
0.06204590787438282	0.6493645242472397	0.0348934793906144	38.0	0.0	0.0	6.0
0.5726505241481299	0.5306955971167872	0.03582642049439247	31.0	0.0	0.003612295001090615	6.0
0.271183825520765	0.08960066471075226	0.03355678199255486	58.0	0.0	0.0	6.0
0.4465526236550827	0.08904871832362687	0.03165403017545928	19.0	0.0	0.0	6.0
0.3384267103635552	0.785349594839326	0.034050563645027544	3.0	0.0	0.0	6.0
0.5724412549413844	0.15303175998286728	0.03365603700708493	63.0	0.0	0.0	6.0
0.8800355568347376	0.9000088707099378	0.031398530199149545	26.0	0.0	0.0	6.0
0.1950766625961799	0.7811302128608165	0.03238437889730134	28.0	0.0	0.0	6.0
0.4474988351212603	0.9528037216585415	0.03072519248933572	51.0	0.0	0.0	6.0
0.5760020563761579	0.8713223424034375	0.03254369342209479	18.0	0.0	0.0	6.0
0.23170117042264357	0.6841119684166032	0.03297961866517857	32.0	0.0	0.0	6.0
0.7498230090020671	0.9656690722398449	0.029858574538760542	20.0	0.0	0.0	6.0
0.618071155960593	0.45413797792389576	0.030173964644030753	21.0	0.0	0.0	6.0
0.7392654353041882	0.7442081778975953	0.029961336119163056	65.0	0.0	0.0	6.0
0.5960724251393961	0.7308537960652599	0.03305738281216445	36.0	0.0	0.0	6.0
0.8038366096958549	0.7278401070243352	0.03393831844752362	62.0	0.0	0.0	6.0
0.6107861739631885	0.23136025635997268	0.03399974193480452	54.0	0.0	0.0	7.0
0.8195218814537584	0.9318083988569263	0.03129361754143687	24.0	0.0	0.0	7.0
0.7208686815831883	0.4025203701284229	0.032040445135277436	57.0	0.0	0.0	7.0
0.931077150885949	0.5606480336978785	0.03433139720707552	4.0	0.0	0.0	7.0
0.5711604849656885	0.5306533715248614	0.035862246914886854	31.0	0.0	0.004102748745921758	7.0
0.2308461429007401	0.6869813475167713	0.033012598283843744	32.0	0.0	0.0	7.0
0.1070541533972643	0.8657682869362309	0.03116809635797168	46.0	0.0	0.0	7.0
0.2613169776700996	0.8227740714046737	0.03373390855537647	11.0	0.0	0.0	7.0
0.14990481270869385	0.592736044318273	0.034818528716625656	66.0	0.0	0.0	7.0
0.4462980996141242	0.09216192853767097	0.03168568420563474	19.0	0.0	0.0	7.0
0.5233193063879571	0.09737258161823231	0.03177114024274457	70.0	0.0	0.0	7.0
0.9214821155201618	0.7143096598383144	0.03370848592127187	41.0	0.0	0.0	7.0
0.2963501389024402	0.9502457324813504	0.032880543461600624	55.0	0.0	0.0	7.0
0.8482133838374607	0.10584432317049487	0.03324706894476825	52.0	0.0	0.0	7.0
0.5691261969470642	0.03212727271673753	0.031867824303175044	44.0	0.0	0.0	7.0
0.5727742268914453	0.15183199820888305	0.03368969304409201	63.0	0.0	0.0	7.0
0.0733583876477787	0.20411763546897135	0.028659753216482748	56.0	0.0	0.0	7.0
0.20864089453096663	0.9336015420971963	0.028159200018770647	5.0	0.0	0.0	7.0
0.9135483738038168	0.6356692595015749	0.03244739438313228	17.0	0.0	0.0	7.0
0.5170340681362725	0.4569138276553106	0.06352705410821644	-2.0	-1.0	148.57671486442197	7.0
0.9465105551085793	0.2262725875244087	0.0318913750508173	35.0	0.0	0.0	7.0
0.7383050939039597	0.745084622082306	0.029991297455282215	65.0	0.0	0.0	7.0
0.6784615456831987	0.9583483799187533	0.0310395385292659	12.0	0.0	0.0	7.0
0.21472456207209525	0.48891583967561275	0.03288532742351833	68.0	0.0	0.0	7.0
0.07850537308091865	0.576829959406129	0.03176287759044235	23.0	0.0	0.0	7.0
0.2719880176629107	0.09041248746148507	0.03359033877454741	58.0	0.0	0.0	7.0
0.5985640146398636	0.3774394676220745	0.034050520769685226	59.0	0.0	0.0	7.0
0.7570534165456617	0.5944497458368221	0.03386992854015207	43.0	0.0	0.0	7.0
0.7782284386573546	0.31132930393465924	0.033788394133682946	14.0	0.0	0.0	7.0
0.043872134801422644	0.32458430485201606	0.031510007099225315	33.0	0.0	0.0	7.0
0.17658891806027446	0.8571836080457711	0.03396988527073774	48.0	0.0	0.0	7.0
0.8589677620947536	0.5275108317862616	0.030674636140115324	2.0	0.0	0.0	7.0
0.3145190265635101	0.16507911470938258	0.03183443974690179	50.0	0.0	0.0	7.0
0.4722932843503376	0.1737106047020363	0.03583282952130417	1.0	0.0	0.0036969902703845037	7.0
0.599186616000303	0.9479454405307307	0.03110889447663368	7.0	0.0	0.0	7.0
0.7907757977656845	0.04615278773812848	0.0325285085187323	49.0	0.0	0.0	7.0
0.8808444360867018	0.900728627630326	0.03142992872934869	26.0	0.0	0.0	7.0
0.3084185495566602	0.6605020859084537	0.033072575497493914	60.0	0.0	0.0	7.0
0.06446518964599748	0.9376280925911177	0.03380250434506384	13.0	0.0	0.0	7.0
0.5991888459376616	0.7283822602287311	0.03309044019497661	36.0	0.0	0.0	7.0
0.3780394201520339	0.9381906830542915	0.031683776990890714	25.0	0.0	0.0	7.0
0.3821445049201787	0.8544668267816491	0.03650586338162192	30.0	0.0	0.02185428949839263	7.0
0.8046626006572976	0.806368744165713	0.03204224776053455	8.0	0.0	0.0	7.0
0.8050204774939469	0.7289764928489401	0.03397225676597114	62.0	0.0	0.0	7.0
0.5768035365893661	0.8727767571997845	0.03257623711551688	18.0	0.0	0.0	7.0
0.7001172432024286	0.8838572569012029	0.033941872388654794	67.0	0.0	0.0	7.0
0.4800898342684177	0.5909368368418043	0.03485206735379638	15.0	0.0	0.0	7.0
0.49807435943068584	0.3462541638591131	0.03272430586722325	27.0	0.0	0.0	7.0
0.6382238865708183	0.12782979331850075	0.03045828994948566	61.0	0.0	0.0	7.0
0.8711220677371085	0.8304236162577378	0.030230404433510497	34.0	0.0	0.0	7.0
0.3664844538068791	0.1038864551151074	0.03258323064204882	40.0	0.0	0.0	7.0
0.45982885807187357	0.0239733243742737	0.025395078770634853	37.0	0.0	0.0	7.0
0.9511055518275169	0.8507593638287787	0.033494744191942295	22.0	0.0	0.0	7.0
0.09113151521304166	0.43938524358759523	0.034120830983980825	6.0	0.0	0.0	7.0
0.12438758028398056	0.9695179401351921	0.03291838605436366	9.0	0.0	0.0	7.0
0.2955161720151966	0.5250446595945981	0.03183862065454368	10.0	0.0	0.0	7.0
0.19784842596232335	0.22960942957925765	0.03243466251985338	42.0	0.0	0.0	7.0
0.944566686010667	0.03717546758878731	0.027736667439671573	29.0	0.0	0.0	7.0
0.4698087778103681	0.8790245741700486	0.033947396718949516	45.0	0.0	0.0	7.0
0.5129953400862768	0.2670294102921614	0.033985828299557916	16.0	0.0	0.0	7.0
0.7725149303080615	0.8754689092429241	0.02876433568289009	64.0	0.0	0.0	7.0
0.6754283793900772	0.07195069322754459	0.03222963707459368	47.0	0.0	0.0	7.0
0.4462752587688902	0.952738180490547	0.030755917681825052	51.0	0.0	0.0	7.0
0.19679333982878044	0.7822148041645401	0.03241676327619864	28.0	0.0	0.0	7.0
0.7452984912032428	0.966474502955894	0.0298884331132993	20.0	0.0	0.0	7.0
0.6189373723778038	0.45658695556333556	0.03020413860867478	21.0	0.0	0.0	7.0
0.0637956380593178	0.6497161473036999	0.03492837287000501	38.0	0.0	0.0	7.0
0.8306443947331337	0.640283945448754	0.03426232645607706	53.0	0.0	0.0	7.0
0.3364100258600053	0.7748280819737604	0.03408461420867257	3.0	0.0	0.0	7.0
0.655940419494869	0.6843458028883753	0.03098238244686938	69.0	0.0	0.0	7.0
0.8851624413144016	0.04674461669711304	0.030871627515902837	39.0	0.0	0.0	7.0
0.29399548398728903	0.5286122483572337	0.03187045927519822	10.0	0.0	0.0	8.0
0.8721099934711176	0.8320204920930464	0.030260634837944004	34.0	0.0	0.0	8.0
0.05679744593669209	0.9446568510839232	0.0338363068494089	13.0	0.0	0.0	8.0
0.3430812604776112	0.7791614276837412	0.03411869882288124	3.0	0.0	0.0	8.0
0.5120265106385905	0.2660137192696763	0.03401981412785747	16.0	0.0	0.0	8.0
0.0682410756925653	0.6464563187141394	0.034963301242875014	38.0	0.0	0.0	8.0
0.4467116012663156	0.9505309244285435	0.030786673599506875	51.0	0.0	0.0	8.0
0.1370055287902213	0.9748410983876651	0.03295130444041802	9.0	0.0	0.0	8.0
0.47059535717345796	0.1708465670901061	0.03586866235082547	1.0	0.0	0.004195009713356512	8.0
0.7593711063916668	0.5971729450009376	0.033903798468692216	43.0	0.0	0.0	8.0
0.10569315381843487	0.866384194923366	0.031199264454329648	46.0	0.0	0.0	8.0
0.23232423656657972	0.688138493800669	0.03304561088212758	32.0	0.0	0.0	8.0
0.3805462604054466	0.8540069641984135	0.036542369245003536	30.0	0.0	0.023482538567662914	8.0
0.21165966347118004	0.9268745364134164	0.028187359218789416	5.0	0.0	0.0	8.0
0.4769514058193157	0.8876342203941201	0.033981344115668465	45.0	0.0	0.0	8.0
0.8057238835117372	0.7282390635943508	0.03400622902273711	62.0	0.0	0.0	8.0
0.8012454575598735	0.8037961773601312	0.03207429000829508	8.0	0.0	0.0	8.0
0.6189373723778038	0.4594266384781179	0.03023434274728345	21.0	0.0	0.0	8.0
0.9152810053777485	0.710446226772216	0.033742194407193137	41.0	0.0	0.0	8.0
0.9118436132364889	0.634805367027819	0.03247984177751541	17.0	0.0	0.0	8.0
0.9321219823877459	0.5643228205615995	0.034365728604282594	4.0	0.0	0.0	8.0
0.7957399824413627	0.05183888159684753	0.03256103702725103	49.0	0.0	0.0	8.0
0.8207926117722151	0.9318524177413547	0.03132491115897831	24.0	0.0	0.0	8.0
0.7005014847676558	0.8914797594486935	0.033975814261043444	67.0	0.0	0.0	8.0
0.7404975344540239	0.9663384506675146	0.029918321546412597	20.0	0.0	0.0	8.0
0.7312608443550012	0.7421603014991325	0.030021288752737494	65.0	0.0	0.0	8.0
0.17754835560983132	0.8584332924941669	0.034003855156008476	48.0	0.0	0.0	8.0
0.7746992338779881	0.8739090732659549	0.02879310001857298	64.0	0.0	0.0	8.0
0.3089718563643793	0.6626525764876938	0.033105648072991406	60.0	0.0	0.0	8.0
0.5751620276647443	0.8798948641584361	0.032608813352632396	18.0	0.0	0.0	8.0
0.2664439984846328	0.8310613498548751	0.03376764246393184	11.0	0.0	0.0	8.0
0.07562734529888931	0.5715286283749853	0.031794640468032785	23.0	0.0	0.0	8.0
0.050076583960962526	0.33084762517001903	0.03154151710632454	33.0	0.0	0.0	8.0
0.365977094252156	0.10282804609946813	0.032615813872690864	40.0	0.0	0.0	8.0
0.568536190092072	0.030001364901142552	0.031899692127478216	44.0	0.0	0.0	8.0
0.5259059488302013	0.09458850485510006	0.03180291138298731	70.0	0.0	0.0	8.0
0.6394101757501244	0.12851802111020955	0.03048874823943514	61.0	0.0	0.0	8.0
0.7919350402285631	0.31197698814632935	0.03382218252781662	14.0	0.0	0.0	8.0
0.8603598177792647	0.526912281574114	0.030705310776255434	2.0	0.0	0.0	8.0
0.6194837103395656	0.23477980757415012	0.03403374167673932	54.0	0.0	0.0	8.0
0.60365756455917	0.379295385993143	0.034084571290454904	59.0	0.0	0.0	8.0
0.6106587089843243	0.7320771365708935	0.03312353063517158	36.0	0.0	0.0	8.0
0.2175171440858664	0.4877565387442199	0.032918212750941846	68.0	0.0	0.0	8.0
0.07231814346671935	0.20208079880542112	0.028688412969699227	56.0	0.0	0.0	8.0
0.6779321147890346	0.07068191788812785	0.032261866711668266	47.0	0.0	0.0	8.0
0.3760228073901158	0.938413768967995	0.0317154607678816	25.0	0.0	0.0	8.0
0.19663333954000162	0.7785865967277379	0.032449180039474834	28.0	0.0	0.0	8.0
0.5000159632968563	0.34517622788288554	0.032757030173090465	27.0	0.0	0.0	8.0
0.270820464237789	0.09097669325766461	0.03362392911332195	58.0	0.0	0.0	8.0
0.6768732116416326	0.952625307849047	0.031070578067795163	12.0	0.0	0.0	8.0
0.29149098254772043	0.952669797958459	0.03291342400506222	55.0	0.0	0.0	8.0
0.6564336442712153	0.6866146835341961	0.031013364829316246	69.0	0.0	0.0	8.0
0.4573147344563058	0.014450735985078797	0.025420473849405486	37.0	0.0	0.0	8.0
0.9623319308299938	0.8447103769223057	0.033528238936134235	22.0	0.0	0.0	8.0
0.8819713081700762	0.9014014898342858	0.03146135865807803	26.0	0.0	0.0	8.0
0.44053527410766335	0.09042493170208328	0.03171736988984037	19.0	0.0	0.0	8.0
0.15200711840764236	0.5909807536926073	0.03485334724534228	66.0	0.0	0.0	8.0
0.6000151067386045	0.9494488702705602	0.03114000337111031	7.0	0.0	0.0	8.0
0.8472545544272748	0.1072327081540955	0.033280316013713014	52.0	0.0	0.0	8.0
0.5823597598214942	0.15800905685631622	0.0337233827371361	63.0	0.0	0.0	8.0
0.08836397053103362	0.4407658761563527	0.0341549518149648	6.0	0.0	0.0	8.0
0.8321852786582975	0.6396214026995208	0.03429658878253313	53.0	0.0	0.0	8.0
0.5754650715473106	0.5305313856613035	0.035898109161801736	31.0	0.0	0.004636255421729629	8.0
0.8863279859264551	0.04232995644687577	0.030902499143418735	39.0	0.0	0.0	8.0
0.19652044987384093	0.22847197355620613	0.03246709718237323	42.0	0.0	0.0	8.0
0.3202152279842217	0.1632044884870558	0.03186627418664869	50.0	0.0	0.0	8.0
0.4899377309159041	0.5915265416963984	0.03488691942115017	15.0	0.0	0.0	8.0
0.9514455705983359	0.027856371905495635	0.027764404107111243	29.0	0.0	0.0	8.0
0.722505752711758	0.4047091989786946	0.03207248558041271	57.0	0.0	0.0	8.0
0.9474400711083617	0.22594051701206053	0.03192326642586812	35.0	0.0	0.0	8.0
0.5996303171470388	0.3784066298818731	0.03411865586174535	59.0	0.0	0.0	9.0
0.6653165129566582	0.9563573429819612	0.031101648645862956	12.0	0.0	0.0	9.0
0.6186219775931584	0.46777204107719167	0.03026457709003073	21.0	0.0	0.0	9.0
0.36456108659563413	0.10236203640495846	0.03264842968656355	40.0	0.0	0.0	9.0
0.4515582711704954	0.9519585559362751	0.03081746027310638	51.0	0.0	0.0	9.0
0.6097264631676149	0.7327166278975653	0.03315665416580675	36.0	0.0	0.0	9.0
0.9276336702012186	0.5606702867633901	0.03440009433288687	4.0	0.0	0.0	9.0
0.6745469084039912	0.0697078931136566	0.03229412857837993	47.0	0.0	0.0	9.0
0.5770579164890693	0.5275071591052564	0.03593400727096353	31.0	0.0	0.00521471700962195	9.0
0.5679293523750069	0.026465887810728204	0.03193159181960569	44.0	0.0	0.0	9.0
0.5756898505274979	0.8778956625944055	0.03264142216598503	18.0	0.0	0.0	9.0
0.10652846205364871	0.8676613425653968	0.031230463718783973	46.0	0.0	0.0	9.0
0.9563460891677044	0.8527136839838778	0.03356176717507037	22.0	0.0	0.0	9.0
0.2326576518463746	0.6903282820072812	0.03307865649300971	32.0	0.0	0.0	9.0
0.215587571149976	0.4874065521405613	0.03295113096369278	68.0	0.0	0.0	9.0
0.5234721632638183	0.09417864686014493	0.03183471429437029	70.0	0.0	0.0	9.0
0.7405930211980535	0.9678531255540982	0.029948239867959005	20.0	0.0	0.0	9.0
0.9418828974047522	0.23029102811208166	0.03195518969229398	35.0	0.0	0.0	9.0
0.4772991868580186	0.8839624833823909	0.034015325459784126	45.0	0.0	0.0	9.0
0.8334889268761554	0.637357936134315	0.034330885371315664	53.0	0.0	0.0	9.0
0.07936603945630387	0.651322999199478	0.034998264544117884	38.0	0.0	0.0	9.0
0.3149603255181589	0.16392016413928975	0.031898140460835334	50.0	0.0	0.0	9.0
0.5201577494310531	0.27159149348938977	0.03405383394198532	16.0	0.0	0.0	9.0
0.9124123997217004	0.6312214924885635	0.03251232161929292	17.0	0.0	0.0	9.0
0.1357806653949364	0.9755517050798503	0.032984255744858436	9.0	0.0	0.0	9.0
0.2812168106684181	0.9457167522989199	0.032946337429067274	55.0	0.0	0.0	9.0
0.20427647018766087	0.23423488101956788	0.032499564279555596	42.0	0.0	0.0	9.0
0.6201835848555441	0.24170414862811102	0.03406777541841605	54.0	0.0	0.0	9.0
0.6599072040514257	0.6850163326699172	0.031044378194145558	69.0	0.0	0.0	9.0
0.43718214574242437	0.08850772181686074	0.031749087259730205	19.0	0.0	0.0	9.0
0.7684547668526875	0.8742041458761545	0.028821893118591548	64.0	0.0	0.0	9.0
0.7999360258302733	0.04842419258685518	0.03259359806427828	49.0	0.0	0.0	9.0
0.49433011836036955	0.5919565365881109	0.03492180634057132	15.0	0.0	0.0	9.0
0.9533371651831909	0.027610871582559142	0.02779216851121835	29.0	0.0	0.0	9.0
0.810935675141218	0.9337275596707639	0.03135623607013728	24.0	0.0	0.0	9.0
0.870412169393213	0.8199864045241302	0.030290895472781944	34.0	0.0	0.0	9.0
0.8872110719094624	0.8989775898536249	0.0314928200167361	26.0	0.0	0.0	9.0
0.05141238132157893	0.33109860915854356	0.03157305862343086	33.0	0.0	0.0	9.0
0.48868960266747646	0.34775068040364626	0.03278978720326355	27.0	0.0	0.0	9.0
0.8481750842337169	0.10983524127125056	0.033313596329726726	52.0	0.0	0.0	9.0
0.27153632740283107	0.09164673176356374	0.03365755304243527	58.0	0.0	0.0	9.0
0.15155183064073913	0.5885148557646693	0.03488820059258762	66.0	0.0	0.0	9.0
0.2035225366487545	0.7776924833016828	0.03248162921951431	28.0	0.0	0.0	9.0
0.7644000371183864	0.5961952373498682	0.033937702267160905	43.0	0.0	0.0	9.0
0.2182027998069802	0.9282753723547252	0.0282155465780082	5.0	0.0	0.0	9.0
0.5933464216891104	0.9451766371345027	0.031171143374481416	7.0	0.0	0.0	9.0
0.5818940216184942	0.15890698802696504	0.03375710611987323	63.0	0.0	0.0	9.0
0.7878483700098801	0.3059790812253338	0.03385600471034444	14.0	0.0	0.0	9.0
0.2675768848162498	0.8312742087348499	0.033801410106395764	11.0	0.0	0.0	9.0
0.8788319950720366	0.039757967747583264	0.030933401642562152	39.0	0.0	0.0	9.0
0.8042758495185256	0.7286067769444371	0.034040235251759844	62.0	0.0	0.0	9.0
0.7911026609870672	0.8027387340192829	0.032106364298303366	8.0	0.0	0.0	9.0
0.0703360989351526	0.5725919490143156	0.03182643510850081	23.0	0.0	0.0	9.0
0.7268321339462955	0.7467450815450422	0.03005131004149023	65.0	0.0	0.0	9.0
0.6383499765523273	0.12787588083200835	0.030519236987674572	61.0	0.0	0.0	9.0
0.7103250738060086	0.406997836061561	0.03210455806599312	57.0	0.0	0.0	9.0
0.46903003756070893	0.17167731790842328	0.03590453101317629	1.0	0.0	0.004736421672049573	9.0
0.3089718563643793	0.6639105912472083	0.033138753721064396	60.0	0.0	0.0	9.0
0.9160025046918784	0.7095186104494564	0.033775936601600325	41.0	0.0	0.0	9.0
0.06945832662767859	0.9470357136477711	0.0338701431562583	13.0	0.0	0.0	9.0
0.17748496201216096	0.8594388843314138	0.03403785901116448	48.0	0.0	0.0	9.0
0.29634777337842383	0.5258128782700668	0.03190232973447342	10.0	0.0	0.0	9.0
0.38635486078192127	0.8619806837149291	0.03657891161424853	30.0	0.0	0.02519146544042883	9.0
0.7035197904658397	0.8811319944174355	0.03400979007530448	67.0	0.0	0.0	9.0
0.862572481662933	0.5294467188165433	0.030736016087031685	2.0	0.0	0.0	9.0
0.34019455372954194	0.7787497540422411	0.03415281752170411	3.0	0.0	0.0	9.0
0.374475282079472	0.9376295559269182	0.031747176228649476	25.0	0.0	0.0	9.0
0.4555739481410365	0.011596940253479269	0.02544589432325489	37.0	0.0	0.0	9.0
0.07115592976930642	0.20191505535214682	0.028717101382668923	56.0	0.0	0.0	9.0
0.0941787386606016	0.4382656667636774	0.03418910676677976	6.0	0.0	0.0	9.0
0.9532357990223349	0.8517333122649315	0.033595328942245435	22.0	0.0	0.0	10.0
0.21589315618523727	0.48881227222075035	0.03298408209465647	68.0	0.0	0.0	10.0
0.8886203640763929	0.9044549660328094	0.03152431283675284	26.0	0.0	0.0	10.0
0.05264875433842205	0.3272187784771428	0.03160463168205428	33.0	0.0	0.0	10.0
0.5842045943061711	0.16646218360369242	0.033790863225993104	63.0	0.0	0.0	10.0
0.8329061557805815	0.6364290709714303	0.034365216256686974	53.0	0.0	0.0	10.0
0.07322675759597913	0.19786029771152092	0.02874581848405159	56.0	0.0	0.0	10.0
0.45658076225931465	0.953033833245358	0.030848277733379482	51.0	0.0	0.0	10.0
0.09327740983129164	0.4365543749047721	0.034223295873546535	6.0	0.0	0.0	10.0
0.7821789305007303	0.8735061162444561	0.028850715011710135	64.0	0.0	0.0	10.0
0.513061162015807	0.2704881049686814	0.034087887775927306	16.0	0.0	0.0	10.0
0.7640801369494405	0.5932177255732425	0.033971639969428064	43.0	0.0	0.0	10.0
0.23628870765951882	0.6953127909640494	0.03311173514950271	32.0	0.0	0.0	10.0
0.8083818629949485	0.9342073973896506	0.03138759230620741	24.0	0.0	0.0	10.0
0.3441268880661452	0.7779852429410974	0.03418697033922581	3.0	0.0	0.0	10.0
0.2759607130536384	0.09502144318315132	0.0336912105954777	58.0	0.0	0.0	10.0
0.7892102988681042	0.3059919432079797	0.03388986071505478	14.0	0.0	0.0	10.0
0.3039848292318262	0.6700783142597682	0.033171892474785455	60.0	0.0	0.0	10.0
0.910420760711217	0.7102073316270161	0.03380971253820192	41.0	0.0	0.0	10.0
0.5699699020797583	0.03016879355233382	0.03196352341142529	44.0	0.0	0.0	10.0
0.36655058823800435	0.10586716076179761	0.03268107811625011	40.0	0.0	0.0	10.0
0.38552956535276467	0.8662981725451003	0.03661549052586278	30.0	0.0	0.026983185576682445	10.0
0.5259218602923665	0.09641433378821385	0.03186654900866466	70.0	0.0	0.0	10.0
0.8090466084908452	0.04274809177685119	0.032626191662342555	49.0	0.0	0.0	10.0
0.28217172257153034	0.9423824047951201	0.03297928376649634	55.0	0.0	0.0	10.0
0.5988568671083139	0.37617533652325363	0.03415277451760709	59.0	0.0	0.0	10.0
0.8613728639783963	0.5286567156524966	0.030766752103118713	2.0	0.0	0.0	10.0
0.6094828680624577	0.7316290975689002	0.033189810819972555	36.0	0.0	0.0	10.0
0.7261924060418458	0.7487097520000798	0.030081361351531714	65.0	0.0	0.0	10.0
0.5848562242399461	0.8739769490983105	0.03267406358815101	18.0	0.0	0.0	10.0
0.9131079703249153	0.6292936608816294	0.03254483394091221	17.0	0.0	0.0	10.0
0.1347112965073903	0.9764331933545791	0.03301724000060329	9.0	0.0	0.0	10.0
0.5956573491143081	0.9577459414414609	0.031202314517855895	7.0	0.0	0.0	10.0
0.2007332421146121	0.23829337777230028	0.03253206384383515	42.0	0.0	0.0	10.0
0.4586966390821875	0.011508447631979528	0.02547134021757814	37.0	0.0	0.0	10.0
0.49096348323461153	0.34857920604588366	0.03282257699046681	27.0	0.0	0.0	10.0
0.6775827388247313	0.05533747338157032	0.03232642270695831	47.0	0.0	0.0	10.0
0.668327512480483	0.9578594267727419	0.031132750294508814	12.0	0.0	0.0	10.0
0.6628927724548754	0.6955169038441879	0.031075422572339702	69.0	0.0	0.0	10.0
0.29109324823377447	0.5362633434137254	0.03193423206420789	10.0	0.0	0.0	10.0
0.6165810326904596	0.23526300834510072	0.03410184319383447	54.0	0.0	0.0	10.0
0.5785823828894341	0.5281740458510265	0.035969941278234496	31.0	0.0	0.005840046439075763	10.0
0.8734032586314471	0.822786024705844	0.030321186368254722	34.0	0.0	0.0	10.0
0.49348825249221695	0.5816934266825776	0.034956728146911885	15.0	0.0	0.0	10.0
0.30762108881917355	0.15343474555011147	0.031930038601296167	50.0	0.0	0.0	10.0
0.8505617546878734	0.1097676064238947	0.03334690992605645	52.0	0.0	0.0	10.0
0.925879842910067	0.5621534585867369	0.034434494427219756	4.0	0.0	0.0	10.0
0.7005467713442007	0.888710825300763	0.03404379986537978	67.0	0.0	0.0	10.0
0.6432725586390594	0.13018931733617867	0.030549756224662244	61.0	0.0	0.0	10.0
0.7091394797463885	0.4054332843492488	0.032136662624059106	57.0	0.0	0.0	10.0
0.47236322310492734	0.1680018948041962	0.035940435544189464	1.0	0.0	0.005323130083652927	10.0
0.8815842227123546	0.040168159237136444	0.030964335044204712	39.0	0.0	0.0	10.0
0.37419266583345573	0.9362888872941917	0.031778923404878125	25.0	0.0	0.0	10.0
0.20216632568745088	0.7782655313574068	0.03251411084873382	28.0	0.0	0.0	10.0
0.8028234775661534	0.7286387854592513	0.0340742754870116	62.0	0.0	0.0	10.0
0.6183277347613151	0.4646655396412747	0.030294841667120757	21.0	0.0	0.0	10.0
0.7877991586050777	0.804545652095301	0.03213847066260166	8.0	0.0	0.0	10.0
0.48020791364833537	0.884063243478028	0.03404934078524391	45.0	0.0	0.0	10.0
0.7400299609752302	0.957926585859454	0.029978188107826962	20.0	0.0	0.0	10.0
0.08039944083101906	0.6510115174591824	0.035033262808662	38.0	0.0	2.3553569405976305e-07	10.0
0.9633172630862123	0.02669726146563565	0.027819960679729566	29.0	0.0	0.0	10.0
0.9441252677933191	0.23255467531976395	0.03198714488198627	35.0	0.0	0.0	10.0
0.2669956118849724	0.8228942282148051	0.03383521151650216	11.0	0.0	0.0	10.0
0.43850192425753265	0.08848694752376793	0.03178083634698993	19.0	0.0	0.0	10.0
0.07170578659529683	0.9458610101822155	0.03390401329941456	13.0	0.0	0.0	10.0
0.2034152076233141	0.929367054032995	0.028243762124586208	5.0	0.0	0.0	10.0
0.15316047672674346	0.5912676573006591	0.0349230887931802	66.0	0.0	0.0	10.0
0.07202382947002517	0.5711463512518042	0.03185826154360931	23.0	0.0	0.0	10.0
0.18473942061173662	0.8691383824159756	0.034071896870175644	48.0	0.0	0.0	10.0
0.10708990530643873	0.8659732664777775	0.031261694182502756	46.0	0.0	0.0	10.0
0.26435299441236165	0.8229191849516179	0.03386904672801866	11.0	0.0	0.0	11.0
0.765455877517321	0.5963358245074627	0.03400561160939749	43.0	0.0	0.0	11.0
0.7129035996929022	0.4039806649562421	0.03216879928668316	57.0	0.0	0.0	11.0
0.5830263416755841	0.8749187730378785	0.032706737651739155	18.0	0.0	0.0	11.0
0.804489214376077	0.7283149385597351	0.03410834976249861	62.0	0.0	0.0	11.0
0.48234656576413265	0.8804557977748889	0.03408339012602915	45.0	0.0	0.0	11.0
0.07414829659318636	0.3627254509018036	0.015230460921843686	-2.0	-1.0	0.0	11.0
0.5769724467007301	0.17588218430639274	0.03382465408921909	63.0	0.0	0.0	11.0
0.1739161674695977	0.8605547989591115	0.034105968767045816	48.0	0.0	0.0	11.0
0.5979844090339536	0.3769919458043998	0.0341869272921247	59.0	0.0	0.0	11.0
0.888086960690834	0.9053677545397679	0.03155583714958959	26.0	0.0	0.0	11.0
0.47345258804710105	0.16718177577215643	0.035976375979733646	1.0	0.0	0.005957049841725848	11.0
0.5772048555926871	0.031247089662307242	0.03199548693483671	44.0	0.0	0.0	11.0
0.620157007731136	0.46676083191567	0.030325136508787875	21.0	0.0	0.0	11.0
0.37913397057483333	0.8563839027420646	0.03665210601638864	30.0	0.0	0.028859826258909038	11.0
0.36627315944131467	0.09705690079968787	0.03271375919436636	40.0	0.0	0.0	11.0
0.08141939527214083	0.6479387168825991	0.03506829607147066	38.0	0.0	2.038764876033383e-06	11.0
0.09391894717684357	0.43748332097955994	0.034257519169420075	6.0	0.0	0.0	11.0
0.9267713276429889	0.5605595390647481	0.03446892892164697	4.0	0.0	0.0	11.0
0.51415240557099	0.2703043357403185	0.03412197566370323	16.0	0.0	0.0	11.0
0.20011725327529745	0.24112698472512978	0.03256459590767898	42.0	0.0	0.0	11.0
0.9097057786115903	0.7077515417943026	0.03384352225074012	41.0	0.0	0.0	11.0
0.20306487423374506	0.9281637439408781	0.02827200588671079	5.0	0.0	0.0	11.0
0.9221782273875981	0.6369641708421914	0.03257737877485312	17.0	0.0	0.0	11.0
0.34103619630972004	0.7788956348224083	0.034221157309565035	3.0	0.0	0.0	11.0
0.7015935583211983	0.8898505889919316	0.034077843665245154	67.0	0.0	0.0	11.0
0.8802670265568076	0.03932430935958933	0.030995299379248914	39.0	0.0	0.0	11.0
0.7975776920269027	0.04184365212873909	0.032658817854004894	49.0	0.0	0.0	11.0
0.6697189929410722	0.9562448577621973	0.03116388304480332	12.0	0.0	0.0	11.0
0.8483200854306825	0.11103066015612688	0.0333802568359825	52.0	0.0	0.0	11.0
0.7897167015524821	0.8658003915127539	0.028879565726721842	64.0	0.0	0.0	11.0
0.6093632465242264	0.7328125959092485	0.033223000630792525	36.0	0.0	0.0	11.0
0.965828820556084	0.027910940644206707	0.02784778064040929	29.0	0.0	0.0	11.0
0.09545878580014434	0.8733217713857079	0.031292955876685256	46.0	0.0	0.0	11.0
0.2734662165012965	0.08700869925298582	0.033724901806073175	58.0	0.0	0.0	11.0
0.49642848939294043	0.5833016492867622	0.03499168487505879	15.0	0.0	0.0	11.0
0.6624047274307739	0.6921700836781832	0.03110649799491204	69.0	0.0	0.0	11.0
0.04365134947332852	0.32741707035853307	0.031636236313736334	33.0	0.0	0.0	11.0
0.8317921823864115	0.6365523032434721	0.034399581472943655	53.0	0.0	0.0	11.0
0.2914229003907952	0.5341862336316288	0.031966166296272094	10.0	0.0	0.0	11.0
0.5781857120739362	0.5268115779568757	0.03600591121951273	31.0	0.0	0.00651416763288637	11.0
0.15564126473860104	0.5887315933361482	0.03495801188197337	66.0	0.0	0.0	11.0
0.4582875790589496	0.9545525929371029	0.030879126011112857	51.0	0.0	0.0	11.0
0.5177341850520746	0.0880442239558649	0.031898415557673324	70.0	0.0	0.0	11.0
0.0705564101844963	0.5625539139223756	0.03189011980515292	23.0	0.0	0.0	11.0
0.44151003145871953	0.09123226087050007	0.031812617183336916	19.0	0.0	0.0	11.0
0.6450613165362987	0.13094513207623112	0.030580305980886905	61.0	0.0	0.0	11.0
0.4914438346975294	0.3465545478251116	0.032855399567457276	27.0	0.0	0.0	11.0
0.198892927223978	0.7664708491123235	0.03254662495958255	28.0	0.0	0.0	11.0
0.13430826352923644	0.9753161540341555	0.03305025724060389	9.0	0.0	0.0	11.0
0.7404325346644529	0.9572375175884873	0.030008166295934786	20.0	0.0	0.0	11.0
0.9544803970415207	0.2417688762277591	0.032019132026868256	35.0	0.0	0.0	11.0
0.7869571730679052	0.8037868847650188	0.032170609133264264	8.0	0.0	0.0	11.0
0.9530078901310493	0.8539881720383091	0.033628924271187674	22.0	0.0	0.0	11.0
0.7868923941763093	0.3009961117029534	0.03392375057576983	14.0	0.0	0.0	11.0
0.30996151803916494	0.1622482149206653	0.03196196863989746	50.0	0.0	0.0	11.0
0.6251979983227232	0.22446763779857332	0.0341359450370283	54.0	0.0	0.0	11.0
0.8563665859879721	0.5267247324534999	0.030797518855221827	2.0	0.0	0.0	11.0
0.5969618308917187	0.963783150426655	0.03123351683237375	7.0	0.0	0.0	11.0
0.06722943225182149	0.9440684527756885	0.03393791731271397	13.0	0.0	0.0	11.0
0.8695993948418689	0.8233040805053945	0.030351507554622972	34.0	0.0	0.0	11.0
0.30537461321609594	0.6693519012930333	0.033205064367260236	60.0	0.0	0.0	11.0
0.6834887245464597	0.05053125412500695	0.032358749129665264	47.0	0.0	0.0	11.0
0.3694317719202083	0.9397341593624592	0.031810702328283	25.0	0.0	0.0	11.0
0.816281263142845	0.9375075709834958	0.03141897989851362	24.0	0.0	0.0	11.0
0.07880750700573401	0.193200729349017	0.028774564302535638	56.0	0.0	0.0	11.0
0.23562816224585773	0.6930439779241685	0.03314484688465221	32.0	0.0	0.0	11.0
0.28381413057040833	0.9413876329338409	0.03301226305026283	55.0	0.0	0.0	11.0
0.46169925384789906	0.011041596387749385	0.025496811557795717	37.0	0.0	0.0	11.0
0.20713621293283357	0.48008285155241226	0.03301706617675112	68.0	0.0	0.0	11.0
0.7234083263590164	0.7552413029878332	0.030111442712883244	65.0	0.0	0.0	11.0
