# x	y	r	id	split_id	s_prob	t
2.0	0.5	0.0	-1.0	0.0	0.0	0.0
0.2773794846715391	0.32615543499677757	0.12001003375303312	1.0	0.0	3931.79204653078	0.0
0.6535718754323669	0.520101752811072	0.10603408464542073	2.0	0.0	2293.93094136209	0.0
0.08946606606895066	0.4656825165282124	0.08946606606895066	3.0	0.0	1034.08919332471	0.0
0.3323911683530693	0.7514127270626213	0.10468126754598635	4.0	0.0	2165.3499809604477	0.0
0.6552299158149086	0.17863059211521656	0.11339236159307241	5.0	0.0	3083.1965948345933	0.0
0.41942659386065184	0.5351770125142084	0.12062717030107474	6.0	0.0	4018.044578100186	0.0
0.9208556944810166	0.1503461908782486	0.11761134032321359	7.0	0.0	3608.269598592583	0.0
0.282748879592324	0.10085972069376939	0.10085972069376939	8.0	0.0	1828.2670308218005	0.0
0.8203883762951936	0.6624724951153469	0.1092513677229245	9.0	0.0	2619.952077232576	0.0
0.8170823208911263	0.3631233542379715	0.11058579406600717	10.0	0.0	2763.7611883942345	0.0
0.2800718795967539	0.3286754812305788	0.12013004378678614	1.0	0.0	3948.4672875607257	1.0
0.80553786291841	0.6806588773077864	0.10936061909064741	9.0	0.0	2631.5338723763725	1.0
0.33143369410390616	0.7475918703120102	0.10478594881353233	4.0	0.0	2175.123580881518	1.0
0.10898709347023931	0.4848986866958126	0.0895555321350196	3.0	0.0	1039.1933590247884	1.0
0.27330364944364116	0.09801279519493795	0.10096058041446315	8.0	0.0	1836.6795037944812	1.0
0.9394486519511599	0.14673141116414712	0.1177289516635368	7.0	0.0	3623.7025116808118	1.0
0.6530689496226096	0.5203147298805574	0.10614011873006614	2.0	0.0	2304.218881214985	1.0
0.6533099456352832	0.18094490331644866	0.11350575395466547	5.0	0.0	3096.595230198626	1.0
0.8217500751951474	0.354619911869883	0.11069637986007316	10.0	0.0	2775.909506875162	1.0
0.4138876716752543	0.5310690247872131	0.1207477974713758	6.0	0.0	4035.049757638708	1.0
0.8250199417461794	0.3504159139913252	0.11080707623993323	10.0	0.0	2788.1055741991913	2.0
0.11103507227357512	0.4789644380884889	0.08964508766715461	3.0	0.0	1044.3194222704042	2.0
0.33389050045386187	0.7540182575483965	0.10489073476234585	4.0	0.0	2184.9363639637236	2.0
0.6488466833658318	0.17132513493690668	0.11361925970862012	5.0	0.0	3110.04608385499	2.0
0.8166681002273845	0.6751936254889085	0.10946997970973804	9.0	0.0	2643.161382701123	2.0
0.4189239060585525	0.5346651652745037	0.12086854526884716	6.0	0.0	4052.1199262909063	2.0
0.27967484657583214	0.32861184356983275	0.12025017383057292	1.0	0.0	3965.2063558808804	2.0
0.9371827179467755	0.14812341365127	0.11784668061520032	7.0	0.0	3639.194866380141	2.0
0.27306610502845924	0.1010615409948776	0.1010615409948776	8.0	0.0	1845.1261941654814	2.0
0.6520007966330076	0.5223121582020533	0.1062462588487962	2.0	0.0	2314.5478691386497	2.0
0.3258767455063063	0.7670725667200791	0.10499562549710818	4.0	0.0	2194.7884724865576	3.0
0.650400684461543	0.17806378000134485	0.11373287896832873	5.0	0.0	3123.5493419389286	3.0
0.9167352399946169	0.13611089714391075	0.11796452729581551	7.0	0.0	3654.746872946281	3.0
0.8144175463840931	0.6746073794087818	0.10957944968944777	9.0	0.0	2654.8347725226176	3.0
0.6546028773362571	0.5153273210857316	0.10635250510764498	2.0	0.0	2324.918053717711	3.0
0.2832081409719459	0.10116260253587246	0.10116260253587246	8.0	0.0	1853.6072273644163	3.0
0.10435754003393394	0.49359727440188694	0.08973473275482176	3.0	0.0	1049.4674661849535	3.0
0.848075942550103	0.36803405401805156	0.11091788331617315	10.0	0.0	2800.349561517244	3.0
0.27624236315749556	0.32389515291812315	0.12037042400440348	1.0	0.0	3982.009476340856	3.0
0.41176425533318556	0.5476213986678925	0.120989413814116	6.0	0.0	4069.2553127666642	3.0
0.6510742782851561	0.5178728844314341	0.1064588576127526	2.0	0.0	2335.3295840386572	4.0
0.28804844639050525	0.33266735340544656	0.12049079442840788	1.0	0.0	3998.8768745375355	4.0
0.6537795279308489	0.1778400934051392	0.14230826480912132	5.0	0.0	3137.1051912086737	4.0
0.847250942273596	0.3701920471570124	0.11102880119948931	10.0	0.0	2812.641640554975	4.0
0.2789348663741227	0.1023052204197869	0.10126376513840832	8.0	0.0	1862.1227292476951	4.0
0.07766981993663856	0.4829101690806883	0.08982446748757657	3.0	0.0	1054.6375741804175	4.0
0.4136002603522696	0.5484245698050861	0.1211104032279301	6.0	0.0	4086.4561465354905	4.0
0.8180673758699785	0.6773431443914938	0.10968902913913721	9.0	0.0	2666.5542067093293	4.0
0.9150438078056821	0.13393625875331275	0.11808249182311131	7.0	0.0	3670.3587423354215	4.0
0.32121361261729914	0.7696231624617257	0.10510062112260528	4.0	0.0	2204.680049210966	4.0
0.9008013405840221	0.11562502156646481	0.11820057431493441	7.0	0.0	3686.0306862064817	5.0
0.26886815523490276	0.10866533701675268	0.10136502890354672	8.0	0.0	1870.6728260999082	5.0
0.6487269915335854	0.1789885218800749	0.13661593421675647	5.0	0.0	3150.7138190474466	5.0
0.27455919048532634	0.3327947452103202	0.12061128522283628	1.0	0.0	4015.8087768174623	5.0
0.31476911689443765	0.7756651511132934	0.10520572174372787	4.0	0.0	2214.6112373809046	5.0
0.6496938719954672	0.5198717127355225	0.10656531647036534	2.0	0.0	2345.7826096914596	5.0
0.06901806745983595	0.4753087217730638	0.08991429195506413	3.0	0.0	1059.8298299583137	5.0
0.8175414703038397	0.6982219969367802	0.10979871816827634	9.0	0.0	2678.3198506842023	5.0
0.8356230246801883	0.3853376163401462	0.11113983000068879	10.0	0.0	2824.981983614623	5.0
0.4098355528474528	0.5461632227274936	0.12123151363115801	6.0	0.0	4103.7226578289665	5.0
0.4084720667271774	0.5461837992190947	0.12135274514478916	6.0	0.0	4121.055077643179	6.0
0.6288618318239934	0.17792443971859626	0.1309236036243916	5.0	0.0	3164.3754134654737	6.0
0.8196861881736109	0.37105822296475405	0.11125096983068947	10.0	0.0	2837.370763576869	6.0
0.8140579949939231	0.7177777195105801	0.10990851688644461	9.0	0.0	2690.131870426438	6.0
0.2934814087774424	0.7774788263442755	0.10531092746547159	4.0	0.0	2224.582180724905	6.0
0.6482509433957682	0.5396165435953448	0.10667188178683569	2.0	0.0	2356.277280771203	6.0
0.9062384263194	0.11059982466159944	0.11831877488924934	7.0	0.0	3701.7629169233624	6.0
0.2909675159691211	0.3253771956663615	0.1207318965080591	1.0	0.0	4032.8054102792457	6.0
0.2862613388460654	0.10146639393245026	0.10146639393245026	8.0	0.0	1879.2576446352148	6.0
0.06435944870289712	0.47547009920907757	0.09000420624701919	3.0	0.0	1065.044317510646	6.0
0.6577298642929771	0.5360373223203209	0.10677855366862252	2.0	0.0	2366.8137478797157	7.0
0.28502277302029067	0.10683721092342506	0.1015678603263827	8.0	0.0	1887.877311998743	7.0
0.8054968108417292	0.7130247374231675	0.11001842540333104	9.0	0.0	2701.9904324732897	7.0
0.29153279246039343	0.7902768511765835	0.10541623839293705	4.0	0.0	2234.5930234576404	7.0
0.6365565738362691	0.1656599711358678	0.12523127303202677	5.0	0.0	3178.0901631020033	7.0
0.4100269367905689	0.5531440679683901	0.12147409788993394	6.0	0.0	4138.453637741162	7.0
0.0703777672199617	0.4787619413990535	0.0900942104532662	3.0	0.0	1070.2811211208593	7.0
0.29696331724584735	0.3376857034711811	0.12085262840456715	1.0	0.0	4049.867002775968	7.0
0.8106882574450871	0.3639222456081251	0.11136222080052015	10.0	0.0	2849.808153902702	7.0
0.9108576366461144	0.1306301959114161	0.11843709366413858	7.0	0.0	3717.5556475572093	7.0
0.27412432888830607	0.34509180153003505	0.1209734810329717	1.0	0.0	4066.9937829175988	8.0
0.6275074080677991	0.15663924639052748	0.11953894243966191	5.0	0.0	3191.858257227325	8.0
0.2841440333726668	0.7985280580505905	0.10552165463132998	4.0	0.0	2244.643910281503	8.0
0.41524079844536155	0.5652602129925748	0.12159557198782385	6.0	0.0	4155.9185706553635	8.0
0.6475224636658009	0.5308798085127777	0.10688533222229113	2.0	0.0	2377.3921621272098	8.0
0.8173079956188912	0.7344580324929613	0.11012844382873435	9.0	0.0	2713.8957039218667	8.0
0.046793418877286025	0.49284429984854894	0.09018430466371945	3.0	0.0	1075.5403253647983	8.0
0.2806364768247469	0.11100506183828233	0.10166942818670907	8.0	0.0	1896.531955767988	8.0
0.9116087748819557	0.11980133489705981	0.11855553075780272	7.0	0.0	3733.4090918886823	8.0
0.8192303939314212	0.363745360604759	0.11147358302132065	10.0	0.0	2862.294328635285	8.0
0.588181808390349	0.23290379538611217	0.06865019070701243	11.0	5.0	243.8611197068464	9.0
0.2622680210563776	0.33477060970590033	0.12109445451400466	1.0	0.0	4084.1859800734214	9.0
0.4283248812827484	0.5645593608801274	0.12171716755981166	6.0	0.0	4173.450109690107	9.0
0.9088184060526465	0.11747155562153104	0.1186740862885605	7.0	0.0	3749.3234644102254	9.0
0.8024871212242516	0.75143421053265	0.11023857227256308	9.0	0.0	2725.847852430935	9.0
0.8116369251155924	0.34975818087052074	0.11158505660434197	10.0	0.0	2874.82946240184	9.0
0.6577541000941857	0.5425993654714715	0.10699221755451341	2.0	0.0	2388.0126751339276	9.0
0.2801002525408696	0.10177109761489576	0.10177109761489576	8.0	0.0	1905.221703954215	9.0
0.04443597146419652	0.4872156646294575	0.09027448896838315	3.0	0.0	1080.8220151116689	9.0
0.6532629640731504	0.08310171226464304	0.06865019070701243	12.0	5.0	243.8611197068464	9.0
0.27557323801565353	0.7747733879862629	0.1056271762859613	4.0	0.0	2254.7349863881805	9.0
0.27902073328886295	0.7710667964503654	0.10573280346224725	4.0	0.0	2264.866397460244	10.0
0.050307546897739405	0.49853590971270983	0.09036476345735152	3.0	0.0	1086.1262755250004	10.0
0.6348410490486646	0.08656301997898985	0.06871884089771944	12.0	0.0	245.35667937600758	10.0
0.8966338558909052	0.12560607858090192	0.11879276037484905	7.0	0.0	3765.2989803283576	10.0
0.43244039161971637	0.5761921717348012	0.12183888472737145	6.0	0.0	4191.04848892405	10.0
0.6807428533295907	0.5448370105269978	0.10709920977206791	2.0	0.0	2398.675439031789	10.0
0.28471277782425514	0.10129021602465588	0.10187286871251065	8.0	0.0	1913.9466850038716	10.0
0.5932303291012752	0.23339802276105331	0.06871884089771944	11.0	0.0	245.35667937600758	10.0
0.814994753655331	0.3515402570576693	0.1116966416609463	10.0	0.0	2887.4137304155183	10.0
0.26671557749634395	0.3366498627449672	0.12121554896851866	1.0	0.0	4101.443824374464	10.0
0.7980147142296213	0.7507388336917745	0.11034881084483562	9.0	0.0	2737.8470462227315	10.0
0.04635863592832577	0.49600607539460095	0.09045512822080887	3.0	0.0	1091.4531920636152	11.0
0.4279286275327106	0.5581877143991942	0.12196072361209881	6.0	0.0	4208.713943212681	11.0
0.2972397527743502	0.09835980537477394	0.10197474158122315	8.0	0.0	1922.7070277999949	11.0
0.6805820532467407	0.5576068075017852	0.10720630898183997	2.0	0.0	2409.3806064660457	11.0
0.8009031251567589	0.7530000665540426	0.11045915965568044	9.0	0.0	2749.893454084781	11.0
0.8297079274773511	0.34314161094486956	0.11180833830260722	10.0	0.0	2900.0473084772975	11.0
0.278928608227378	0.7735044421090306	0.10583853626570949	4.0	0.0	2275.0382896727297	11.0
0.9002668563196888	0.11891155313522389	0.11891155313522389	7.0	0.0	3781.335855565959	11.0
0.6249236283513379	0.09432701137614101	0.06878755973861715	12.0	0.0	246.85984597828198	11.0
0.5951475085578972	0.2339366064915481	0.06878755973861715	11.0	0.0	246.85984597828198	11.0
0.261918134799631	0.3280723321518728	0.12133676451748716	1.0	0.0	4118.767546715939	11.0
