# x	y	r	id	split_id	s_prob	t
2.0	0.5	0.0	-1.0	0.0	0.0	0.0
0.061532476481795134	0.28573209145789763	0.055950846010498725	1.0	0.0	58.855176757460626	0.0
0.564445423041792	0.45450101408729465	0.06191199764328977	2.0	0.0	124.74345895645244	0.0
0.2436154400325567	0.5169015398595551	0.06151633854676172	3.0	0.0	119.32203174481009	0.0
0.27949515954251597	0.7447241130553771	0.059676243645012624	4.0	0.0	96.16501927777425	0.0
0.4580068641140745	0.3564037446059176	0.06373787421987506	5.0	0.0	151.89514502107474	0.0
0.39848393808742877	0.7684337711753232	0.059188812363914975	6.0	0.0	90.5781843446888	0.0
0.3920176531943186	0.6461448281715567	0.06122768286822639	7.0	0.0	115.46749529490103	0.0
0.5656495992954115	0.47715437509351105	0.06197390964093306	2.0	0.0	125.60637122697247	1.0
0.2511764310679363	0.5149307501170789	0.06157785488530848	3.0	0.0	120.15442004155948	1.0
0.47895870021241616	0.36860781416542704	0.06380161209409493	5.0	0.0	152.90805523534664	1.0
0.4205593085762446	0.7771380134425108	0.05924800117627888	6.0	0.0	91.24473354128845	1.0
0.3889357144053838	0.6298820677849192	0.06128891055109461	7.0	0.0	116.27805003963428	1.0
0.06176663971154898	0.29192809253760116	0.056006796856509215	1.0	0.0	59.327968972178994	1.0
0.3046482046566819	0.7215543458955744	0.05973591988865763	4.0	0.0	96.86439518479459	1.0
0.5562615586767705	0.48341631997151585	0.06203588355057398	2.0	0.0	126.47412268336227	2.0
0.42493930275675795	0.6366468095579182	0.061350199461645695	7.0	0.0	117.09320544173114	2.0
0.08095784366743539	0.2629850626810795	0.05606280365336572	1.0	0.0	59.803763020469866	2.0
0.41961287625323146	0.7720120125395532	0.059307249177455154	6.0	0.0	91.91521620290727	2.0
0.27576223984984766	0.738802331918291	0.05979565580854628	4.0	0.0	97.56785823654201	2.0
0.4951999795145009	0.35015543824843176	0.06386541370618902	5.0	0.0	153.9264781748605	2.0
0.15606373002590185	0.4976791756451657	0.06163943274019378	3.0	0.0	120.9915087011959	2.0
0.4624432967031743	0.2260850045290294	0.0639292791198952	5.0	0.0	154.95043834444766	3.0
0.4212742720363847	0.7799563604627976	0.059366556426632605	6.0	0.0	92.58965079851862	3.0
0.2728484591810068	0.7378434034597472	0.05985545146435482	4.0	0.0	98.27542749673361	3.0
0.5434130380261102	0.48289023204322595	0.06209791943412455	2.0	0.0	127.34673527529574	3.0
0.15829517626897746	0.5862692953770787	0.06170107217293397	3.0	0.0	121.8333191434833	3.0
0.4072902509744783	0.6520859036040412	0.06141154966110733	7.0	0.0	117.91298253961449	3.0
0.07533699916755757	0.25612228839145856	0.05611886645701908	1.0	0.0	60.282573721013556	3.0
0.1310826362554949	0.6315191232943065	0.06176277324510689	3.0	0.0	122.67987287002644	4.0
0.5143901412773132	0.2021817786813933	0.06399320839901508	5.0	0.0	155.9799603414413	4.0
0.5379071574050761	0.48010011070826003	0.062160017353558666	2.0	0.0	128.22423103612377	4.0
0.442711080203233	0.7262762413816658	0.05942592298305923	6.0	0.0	93.26805586866953	4.0
0.07617947126764024	0.250344947214701	0.05617498532347609	1.0	0.0	60.76441595124348	4.0
0.3220172351186983	0.8179888691856816	0.05991530691581917	4.0	0.0	98.98712210273575	4.0
0.33769428017339415	0.6633662974419261	0.06147296121076843	7.0	0.0	118.73740245222544	4.0
0.5149798257054253	0.20118710800041242	0.06405720160741409	5.0	0.0	157.0150688559953	5.0
0.14582323470790887	0.5963245093491293	0.06182453601835199	3.0	0.0	123.53119146455485	5.0
0.5080495553119315	0.47887757898994276	0.06222217737091222	2.0	0.0	129.10663208316427	5.0
0.321143273286561	0.6309588124883038	0.061534434171979194	7.0	0.0	119.56648637930289	5.0
0.4930259896008899	0.6774708366406772	0.05948534890604228	6.0	0.0	93.95045002573087	5.0
0.3767943720287785	0.7524641033552893	0.059975222222734985	4.0	0.0	99.70296126582106	5.0
0.07123732755920162	0.2406680466511904	0.05623116030879956	1.0	0.0	61.249304647553885	5.0
0.3224135293841395	0.6409936011495584	0.061595968606151165	7.0	0.0	120.4002556016635	6.0
0.45516077103879	0.4672057780226628	0.062284399548283124	2.0	0.0	129.99396061799249	6.0
0.47194014020945063	0.6166411600586853	0.05954483425494832	6.0	0.0	94.63685195414797	6.0
0.16638755168466257	0.5800155929184367	0.061886360554370336	3.0	0.0	124.38729659320738	6.0
0.14887128730993043	0.28835993213819655	0.05628739146910835	1.0	0.0	61.73725480550806	6.0
0.367392765752725	0.8016481029855932	0.060035197444957715	4.0	0.0	100.42296427142587	6.0
0.8383581745564361	0.30987242026339795	0.06412125880902149	5.0	0.0	158.05578867140355	6.0
0.31081706613263455	0.635792842807311	0.06165756457475731	7.0	0.0	121.23873148148321	7.0
0.5511216783915575	0.636748497874254	0.05960437908920326	6.0	0.0	95.32728041069232	7.0
0.2407366824004254	0.2529079655827011	0.05634367886057745	1.0	0.0	62.22828148004732	7.0
0.19007638234399685	0.5787165674411137	0.0619482469149247	3.0	0.0	125.24821000481789	7.0
0.7996392575665573	0.2514788576173963	0.0641853800678305	5.0	0.0	159.1021446644212	7.0
0.41331046605608446	0.4907860558597685	0.062346683947831404	2.0	0.0	130.8862389267332	7.0
0.3545279871807961	0.7878164728927355	0.060095232642402664	4.0	0.0	101.14715047940899	7.0
0.30585819168888767	0.6319849399634798	0.06171922213933206	7.0	0.0	122.08193546257917	8.0
0.17971576260523656	0.5746862041555374	0.062010195161839615	3.0	0.0	126.11395353120167	8.0
0.40751723641080106	0.7382192326426343	0.06015532787504506	4.0	0.0	101.87553932431075	8.0
0.3002188225035216	0.29827811938717325	0.05640002253943802	1.0	0.0	62.72239978570065	8.0
0.5787679057167372	0.5249379995175725	0.06240903063177923	2.0	0.0	131.7834893803527	8.0
0.5320900102872198	0.6547676887852751	0.05966398346829246	6.0	0.0	96.02175422471392	8.0
0.7990451291147751	0.24423589192735595	0.06424956544789832	5.0	0.0	160.15416180558572	8.0
0.45193254860449644	0.649020943627906	0.059723647451760745	6.0	0.0	96.72029229839471	9.0
0.3037829751553056	0.3008573567745187	0.05645642256197746	1.0	0.0	63.21962489679509	9.0
0.40616337475973646	0.7641777999738071	0.0602154832029201	4.0	0.0	102.60815031561353	9.0
0.2081104426850572	0.5533095133510088	0.06207220535700145	3.0	0.0	126.98454908744293	9.0
0.6270480474577063	0.5284396716985581	0.062471439662411005	2.0	0.0	132.68573443495276	9.0
0.2953093094937478	0.6472597213562042	0.06178094136147138	7.0	0.0	122.92988907069311	9.0
0.8211728637331048	0.237566280819459	0.06431381501334621	5.0	0.0	161.2118651595406	9.0
0.2876594011615397	0.3152044350748002	0.056512878984539425	1.0	0.0	63.719972047666694	10.0
0.45517082925574354	0.6513643602383683	0.0597833710992125	6.0	0.0	97.42291360700253	10.0
0.13025290098318756	0.50343077907551	0.06213427756235844	3.0	0.0	127.86001867218314	10.0
0.6326312258918393	0.5597828215199767	0.0625339111020734	2.0	0.0	133.59299663206502	10.0
0.4015071996161019	0.7975794254165361	0.06027569868612301	4.0	0.0	103.34500303800243	10.0
0.8339410816397241	0.23996531105490956	0.06437812882835955	5.0	0.0	162.2752798853587	10.0
0.29156551562702815	0.6478659761464167	0.061842722302832845	7.0	0.0	123.78261391377501	10.0
0.7924937570816445	0.18381498923302853	0.06444250695718791	5.0	0.0	163.34443123686697	11.0
0.6736336881115417	0.50423517221635	0.06259644501317548	2.0	0.0	134.5052985989468	11.0
0.4509750769729628	0.6539418835032478	0.05984315447031171	6.0	0.0	98.1296371991461	11.0
0.3052814992272065	0.6411310519720569	0.06190456502513567	7.0	0.0	124.64013168226809	11.0
0.41405740387191087	0.782256244158252	0.06033597438480912	4.0	0.0	104.08611715162752	11.0
0.41578461813697665	0.3426350737954329	0.05656939186352396	1.0	0.0	64.22345653287256	11.0
0.1259727348133638	0.5171604625535539	0.06219641183992079	3.0	0.0	128.74038436791076	11.0
