# x	y	r	id	split_id	s_prob	t
2.0	0.5	0.0	-1.0	0.0	0.0	0.0
0.7624974269739426	0.6071342006097389	0.11221185728891007	1.0	0.0	2945.9947724656145	0.0
0.40879062264248206	0.7807784745528638	0.09860519078665145	2.0	0.0	1646.863684571052	0.0
0.29691978373670846	0.500309851448089	0.11629901714820211	3.0	0.0	3439.029172470439	0.0
0.5569484835335535	0.18405293382069587	0.11517685979974765	4.0	0.0	3298.580612739364	0.0
0.18378058996674235	0.3034309151585922	0.11024772432065219	5.0	0.0	2726.8426928926265	0.0
0.09201019137456266	0.5851477397456655	0.09201019137456266	6.0	0.0	1185.8710597739814	0.0
0.8788764406775688	0.12008340437204666	0.11066122414093811	7.0	0.0	2772.0436504578106	0.0
0.17430152437195442	0.822198178137416	0.12157579679873304	8.0	0.0	4153.072051808445	0.0
0.5277728028158207	0.5887846592640035	0.11663182026656016	9.0	0.0	3481.4360023150584	0.0
0.77049556875907	0.6139131848181323	0.11232406914619897	1.0	0.0	2958.8576751674027	1.0
0.08875936883712336	0.5833429542142333	0.09210220156593722	6.0	0.0	1191.6220534596837	1.0
0.30235580402315065	0.4921115696825047	0.1164153161653503	3.0	0.0	3453.808986791195	1.0
0.17515380170324177	0.8163535965547378	0.12169737259553176	8.0	0.0	4170.592736412153	1.0
0.5220167362397463	0.5907138793407075	0.1167484520868267	9.0	0.0	3496.3796835915455	1.0
0.3969017209935345	0.782796489162154	0.09870379597743809	2.0	0.0	1654.5348124977404	1.0
0.873692329610797	0.12126173942957034	0.11077188536507904	7.0	0.0	2784.2245248589497	1.0
0.17249824679488981	0.29987469060970295	0.11035797204497283	5.0	0.0	2738.845801776013	1.0
0.5545360406104989	0.18335880208786123	0.11529203665954739	4.0	0.0	3312.8166225171276	1.0
0.8759011349268231	0.12170561751033591	0.1108826572504441	7.0	0.0	2796.4532648007985	2.0
0.1599667350484295	0.2928415243859635	0.1104683300170178	5.0	0.0	2750.8961387743634	2.0
0.29221577724398723	0.48730555511094215	0.11653173148151563	3.0	0.0	3468.645929696599	2.0
0.7750666420879794	0.6138412327322357	0.11243639321534515	1.0	0.0	2971.7708841313215	2.0
0.09162188312195697	0.5834421134800889	0.09219430376750315	6.0	0.0	1197.397389335898	2.0
0.16440137574547728	0.8249918361153532	0.12181906996812727	8.0	0.0	4188.18022307167	2.0
0.5566490561107516	0.18401023419005344	0.11540732869620693	4.0	0.0	3327.1078307188077	2.0
0.39946714267215017	0.7857349834779016	0.09880249977341551	2.0	0.0	1662.2374318665807	2.0
0.5229519932918967	0.5968564138526524	0.11686520053891351	9.0	0.0	3511.3810743144663	2.0
0.5341702360643129	0.5862229966483621	0.11698206573945241	9.0	0.0	3526.4403789653793	3.0
0.5561616093101526	0.18696145167632217	0.11552273602490312	4.0	0.0	3341.4544334445923	3.0
0.8482101915880876	0.1265483419199653	0.11099353990769453	7.0	0.0	2808.7300418261643	3.0
0.17089803137664583	0.8197049368797341	0.12194088903809538	8.0	0.0	4205.834746515908	3.0
0.4020168508249222	0.7810384176438082	0.09890130227318891	2.0	0.0	1669.9716588149277	3.0
0.7671631218797776	0.6198696628933118	0.11254882960856048	1.0	0.0	2984.7345790883624	3.0
0.038076152304609215	0.3547094188376753	0.02545090180360721	-2.0	-1.0	0.0	3.0
0.08869362998071617	0.5833591309493913	0.09228649807127064	6.0	0.0	1203.1971589922084	3.0
0.17071920511765648	0.2880569198295313	0.1105787983470348	5.0	0.0	2762.9938732894993	3.0
0.29772767565866204	0.4833694458782413	0.11664826321299714	3.0	0.0	3483.540203730561	3.0
0.300576834035984	0.48361218915289045	0.11676491147621013	3.0	0.0	3498.49201211272	4.0
0.08573294397676819	0.5610961716557405	0.0923787845693419	6.0	0.0	1209.021454334582	4.0
0.4028289115836197	0.7786957378494362	0.09900020357546209	2.0	0.0	1677.737609876706	4.0
0.7656452599618264	0.6439470084116472	0.11266137843816904	1.0	0.0	2997.7489403718932	4.0
0.5389452505631571	0.5729886479972058	0.11709904780519186	9.0	0.0	3541.5578027077963	4.0
0.5529455334243646	0.21003235404118292	0.11563825876092801	4.0	0.0	3355.8566274497	4.0
0.17079255714091524	0.2841737188440691	0.11068937714538182	5.0	0.0	2775.139175292335	4.0
0.1704940374544447	0.8173512412928536	0.12206282992713346	8.0	0.0	4223.556542252674	4.0
0.8520997731607116	0.14838388585101145	0.11110453344760221	7.0	0.0	2821.055028053848	4.0
0.5451583301240518	0.5495989640944945	0.11721614685299704	9.0	0.0	3556.733551389364	5.0
0.18029837722726763	0.839572655787791	0.12218489275706058	8.0	0.0	4241.3458465711765	5.0
0.09247116335391123	0.5749494785444502	0.09247116335391123	6.0	0.0	1214.8703675864006	5.0
0.40470751562340546	0.7768696165985814	0.09909920377903754	2.0	0.0	1685.5354019837011	5.0
0.7808579460722458	0.6309695942253425	0.11277403981660719	1.0	0.0	3010.8141489195946	5.0
0.556781063302056	0.18768630067165776	0.11575389701968893	4.0	0.0	3370.314610146488	5.0
0.17281399509153325	0.28403989536904806	0.11080006652252719	5.0	0.0	2787.3322153247095	5.0
0.288540678839996	0.4894039751486433	0.11688167638768632	3.0	0.0	3513.501558740611	5.0
0.8502074355518753	0.15171782561905958	0.1112156379810498	7.0	0.0	2833.428396180503	5.0
0.7877508511238162	0.634194087473941	0.11288681385642378	1.0	0.0	3023.9303862754086	6.0
0.1636619897248467	0.30168472424449333	0.11091086658904971	5.0	0.0	2799.573164501233	6.0
0.5539047022216873	0.1822251491584243	0.1158696509167086	4.0	0.0	3384.828579606552	6.0
0.3023871091038325	0.49111246084582827	0.11699855806407398	3.0	0.0	3528.569048191845	6.0
0.18997240637666085	0.8302060523219427	0.12230707764981763	8.0	0.0	4259.202896544516	6.0
0.562241943809808	0.5537089093741044	0.11733336299985002	9.0	0.0	3571.967831544065	6.0
0.09268286380721155	0.5777462941769931	0.09256363451726513	6.0	0.0	1220.7439912895068	6.0
0.8505629957838864	0.1487595959704511	0.11132685361903084	7.0	0.0	2845.8503194824957	6.0
0.4088566748340928	0.7722609663351684	0.09919830298281657	2.0	0.0	1693.3651524668537	6.0
0.557401735759271	0.18549832654905601	0.1159855205676253	4.0	0.0	3399.398734562855	7.0
0.8353132758009711	0.14054275628566207	0.11143818047264986	7.0	0.0	2858.320971817773	7.0
0.5438367882191821	0.5334139893352191	0.11745069636284985	9.0	0.0	3587.260850394423	7.0
0.3050914932166826	0.49172716037061404	0.11711555662213805	3.0	0.0	3543.6946857262933	7.0
0.16701006566783827	0.302270251754195	0.11102177745563875	5.0	0.0	2811.8621945111263	7.0
0.41758244556566443	0.766194224848904	0.09929750128579937	2.0	0.0	1701.2269790575588	7.0
0.78600115848501	0.6324054088649519	0.11299970067028019	1.0	0.0	3037.0978345914887	7.0
0.19317949877878943	0.8216561104118305	0.12242938472746744	8.0	0.0	4277.1279300322	7.0
0.09635174897171989	0.5679652367273859	0.09265619815178237	6.0	0.0	1226.642418305245	7.0
0.09837217133060101	0.5666346961086526	0.09274885434993414	6.0	0.0	1232.5657418155095	8.0
0.1708400687459355	0.29988407247413773	0.11113279923309438	5.0	0.0	2824.1994776200795	8.0
0.5616690476312041	0.17318773871238258	0.11610150608819292	4.0	0.0	3414.0252744118498	8.0
0.29839384840803473	0.4899262728248786	0.11723267217876017	3.0	0.0	3558.8786772882713	8.0
0.8035980257769755	0.6307945352903317	0.11311270037095046	1.0	0.0	3050.316676630162	8.0
0.4255720371246518	0.7760974045030047	0.09939679878708516	2.0	0.0	1709.1209998889717	8.0
0.5503843035904361	0.5312154105384274	0.11756814705921269	9.0	0.0	3602.612815853705	8.0
0.18431084081366617	0.7937046484803454	0.12255181411219489	8.0	0.0	4295.121185682659	8.0
0.8363245178145637	0.14275874541564146	0.1115496186531225	7.0	0.0	2870.8405276277417	8.0
0.16412199398873353	0.28767150022720034	0.11124393203232746	5.0	0.0	2836.585186672105	9.0
0.1811608808729961	0.7971343911576081	0.12267436592630707	8.0	0.0	4313.182902935766	9.0
0.5590131185155053	0.17291084322926792	0.1162176075942811	4.0	0.0	3428.708399215605	9.0
0.549450752836878	0.5105122837010765	0.11768571520627188	9.0	0.0	3618.023936528147	9.0
0.421783629003596	0.7798266495689544	0.09949619558587224	2.0	0.0	1717.0473334973128	9.0
0.7839193967294761	0.6121417857540994	0.1132258130713214	1.0	0.0	3063.5870957658844	9.0
0.29868632665889505	0.4948842608291249	0.11734990485093892	3.0	0.0	3574.1212295087435	9.0
0.8325066767215861	0.1511249863829945	0.11166116827177561	7.0	0.0	2883.409161939142	9.0
0.09284160320428407	0.5679962311570761	0.09284160320428407	6.0	0.0	1238.5140553237939	9.0
0.7827107724584614	0.6086550766275126	0.11333903888439271	1.0	0.0	3076.909275987219	10.0
0.5834367995926824	0.1631303729960834	0.11633382520187537	4.0	0.0	3443.44830970395	10.0
0.1683774549443705	0.2608582081251024	0.11135517596435977	5.0	0.0	2849.0194950914065	10.0
0.44220440945435757	0.7776976688536674	0.09959569178145809	2.0	0.0	1725.0060988231799	10.0
0.17851576943589903	0.7978416594512284	0.12279704029223336	8.0	0.0	4331.313322025375	10.0
0.5531106939750059	0.5003443945171873	0.11780340092147815	9.0	0.0	3633.494421719171	10.0
0.3086566276923697	0.4958194673556509	0.11746725475578984	3.0	0.0	3589.4225497075204	10.0
0.10033213085577006	0.5729969795105226	0.09293444480748835	6.0	0.0	1244.4874526562448	10.0
0.815746978162297	0.16603810103190583	0.11177282944004736	7.0	0.0	2896.0270503659385	10.0
0.5530830403400281	0.5025404835864354	0.11792120432239961	9.0	0.0	3649.0244814256184	11.0
0.17095333475972752	0.8065038499575211	0.12291983733252558	8.0	0.0	4349.512683981855	11.0
0.31390254648936183	0.5019832263709526	0.11758472201054562	3.0	0.0	3604.7828458954755	11.0
0.4667372898220796	0.7866366257876326	0.09969528747323954	2.0	0.0	1732.9974152128664	11.0
0.10017035212128844	0.575563222487941	0.09302737925229582	6.0	0.0	1250.4860279627198	11.0
0.8186730938517796	0.16550736116039033	0.1118846022694874	7.0	0.0	2908.6943691112124	11.0
0.5802917316780155	0.16117092394622018	0.11645015902707723	4.0	0.0	3458.245207276618	11.0
0.15240817051621816	0.24136049837711873	0.11146653114032412	5.0	0.0	2861.502576884246	11.0
0.7848009046422953	0.6073891276767936	0.1134523779232771	1.0	0.0	3090.2834018988087	11.0
0.555535120019501	0.5031505995716344	0.118039125526722	9.0	0.0	3664.614326345989	12.0
0.8205858956051437	0.14218856969382043	0.11199648687175688	7.0	0.0	2921.411294969054	12.0
0.17288717491697478	0.8038137585063958	0.12304275716985809	8.0	0.0	4367.78123063464	12.0
0.3142677588658863	0.48182543033345165	0.11770230673255616	3.0	0.0	3620.202326776758	12.0
0.09153652941534776	0.5884079209719228	0.09312040663154811	6.0	0.0	1256.509875717849	12.0
0.5735209592257905	0.1689263259255234	0.11656660918610429	4.0	0.0	3473.0992940053925	12.0
0.46824250779945764	0.7726266167626316	0.09979498276071276	2.0	0.0	1741.021402419678	12.0
0.7827722186779115	0.5993097634721797	0.11356583030120036	1.0	0.0	3103.70965872336	12.0
0.17814822439991954	0.2511081571891485	0.11157799767146444	5.0	0.0	2874.0346066408188	12.0
0.8036072144288576	0.6092184368737474	0.024649298597194384	-2.0	-1.0	0.0	13.0
0.1651631571502661	0.8240178454872409	0.12316579992702793	8.0	0.0	4386.119204614793	13.0
0.19102556780026902	0.2528619482816768	0.11168957566913588	5.0	0.0	2886.615759537136	13.0
0.3058778229054699	0.49110476260383573	0.1178200090392887	3.0	0.0	3635.68120175102	13.0
0.07700942582139961	0.5780339513740245	0.09321352703817964	6.0	0.0	1262.559090722094	13.0
0.5630024071333263	0.5078200177134583	0.11815716465224871	9.0	0.0	3680.2641678806835	13.0
0.4607194240157122	0.7680700436923418	0.09989477774347347	2.0	0.0	1749.0781806052605	13.0
0.7817202284640704	0.6018665492621513	0.11367939613150155	1.0	0.0	3117.1882323036325	13.0
0.8232259337312977	0.13820702155941095	0.11210848335862862	7.0	0.0	2934.17800532647	13.0
0.5716119794024889	0.16798896446934958	0.11668317579529038	4.0	0.0	3488.0107726362717	13.0
0.14079814725871984	0.8328956360626486	0.12328896572695494	8.0	0.0	4404.526849357552	14.0
0.8367257180754377	0.1391861367314583	0.11222059184198724	7.0	0.0	2946.994678165297	14.0
0.7706346331956279	0.5958934193139754	0.11379307552763304	1.0	0.0	3130.719309104433	14.0
0.31285052785180767	0.4962844523184161	0.11793782904832797	3.0	0.0	3651.21968091565	14.0
0.19206039330974636	0.247627241847197	0.111801265244805	5.0	0.0	2899.246211336914	14.0
0.45339436665661337	0.7858730634543681	0.09999467252121692	2.0	0.0	1757.1678703409234	14.0
0.06976834699508987	0.5704426268384696	0.09330674056521782	6.0	0.0	1268.6337681028208	14.0
0.5924264020134336	0.1758713057766985	0.11679985897108565	4.0	0.0	3502.9798465916324	14.0
0.5613935432528615	0.48652791601343914	0.11827532181690094	9.0	0.0	3695.974218134254	14.0
0.627254509018036	0.29659318637274545	0.024849699398797595	-2.0	-1.0	0.0	15.0
0.07829900905435055	0.5629475698177692	0.09340004730578302	6.0	0.0	1274.7340033153678	15.0
0.8391887933352151	0.1374272267259627	0.11233281243382921	7.0	0.0	2959.8614920641103	15.0
0.5763241865822264	0.15462225470352844	0.11691665883005672	4.0	0.0	3518.0067199723962	15.0
0.13829436210559873	0.8309099623897122	0.12341225469268188	8.0	0.0	4423.004409104922	15.0
0.4528145654535499	0.7924341392553357	0.10009466719373813	2.0	0.0	1765.290592608979	15.0
0.2980392912511048	0.4901357768984643	0.11805576687737629	3.0	0.0	3666.8179750680088	15.0
0.796187533610723	0.5932293863533077	0.11390686860316067	1.0	0.0	3144.3030762146145	15.0
0.559972144753258	0.4934875200288012	0.11839359713871783	9.0	0.0	3711.74468991767	15.0
0.20431741966880831	0.24789737182950086	0.1119130665100498	5.0	0.0	2911.9261383934654	15.0
0.45217360538388246	0.789876350770474	0.10019476186093186	2.0	0.0	1773.446468804072	16.0
0.1366491938373102	0.826350242108733	0.12353566694737456	8.0	0.0	4441.552128908242	16.0
0.0762468752306321	0.5629152677087171	0.0934934473530888	6.0	0.0	1280.8598921441187	16.0
0.7815599886512706	0.5888204381249603	0.11402077547176381	1.0	0.0	3157.9397213490884	16.0
0.20752707271840304	0.24756274752550692	0.11202497957655984	5.0	0.0	2924.6557176515994	16.0
0.309083837539311	0.49051836681511524	0.11817382264425365	3.0	0.0	3682.476295707674	16.0
0.8263721464909389	0.1377797587357216	0.11244514524626303	7.0	0.0	2972.7786262001514	16.0
0.004008016032064128	0.08817635270541081	0.008016032064128256	-2.0	-1.0	0.0	16.0
0.577169796123912	0.13264882318620183	0.11703357548888677	4.0	0.0	3533.0915975602165	16.0
0.5544374203592851	0.48558017156372646	0.11851199073585654	9.0	0.0	3727.5757967505724	16.0
0.5767565225165528	0.11077042899792935	0.11715060906437563	4.0	0.0	3548.234684819657	17.0
0.5588372495799595	0.48699752282859227	0.11863050272659238	9.0	0.0	3743.4677528635602	17.0
0.08293715380910097	0.5399357859572106	0.09358694080044189	6.0	0.0	1287.0115307035817	17.0
0.13973840821358663	0.8372153475249037	0.12365920261432192	8.0	0.0	4460.170254630774	17.0
0.3176040266598598	0.48952149259253663	0.11829199646689789	3.0	0.0	3698.1948550386996	17.0
0.7771388646685052	0.5840670448829106	0.11413479624723556	1.0	0.0	3171.6294328508347	17.0
0.4484770919363891	0.7887111999088985	0.10029495662279278	2.0	0.0	1781.6356207345268	17.0
0.23165028215794448	0.23295182869742365	0.11213700455613639	5.0	0.0	2937.435126649527	17.0
0.8276081272591178	0.13372538534720124	0.11255759039150928	7.0	0.0	2985.746260351252	17.0
0.5608137770330055	0.4854701427824325	0.11874913322931896	9.0	0.0	3759.4207732004584	18.0
0.07808153331269686	0.5336930179581552	0.09368052774124232	6.0	0.0	1293.1890154394687	18.0
0.14665367550372269	0.8346462254604441	0.12378286181693623	8.0	0.0	4478.859032950306	18.0
0.3186773185614902	0.4947766596905219	0.11841028846336478	3.0	0.0	3713.973865971865	18.0
0.5750027397896984	0.11167308504215927	0.11726775967344	4.0	0.0	3563.4361879003895	18.0
0.4425407316428066	0.7692382260418111	0.10039525157941556	2.0	0.0	1789.858170623689	18.0
0.7742088149926768	0.5812897435475368	0.11424893104348278	1.0	0.0	3185.372399692927	18.0
0.8227444436987461	0.12389857801656017	0.11267014798190078	7.0	0.0	2998.7645748977716	18.0
0.23144991894928246	0.23521915445116617	0.1122491415606925	5.0	0.0	2950.264543520771	18.0
0.791689885224173	0.586537159767399	0.11436317997452626	1.0	0.0	3199.1688114805534	19.0
0.8225070359347713	0.11971316853922769	0.11278281812988267	7.0	0.0	3011.833750824534	19.0
0.15402146693667867	0.848851136167522	0.12390664467875316	8.0	0.0	4497.618711361749	19.0
0.2464985825188012	0.2384409593647372	0.11236139070225318	5.0	0.0	2963.144146996089	19.0
0.31151411458243733	0.49886216651201754	0.11852869875182813	3.0	0.0	3729.8135421269526	19.0
0.5777100840140784	0.0995861469559046	0.11738502743311342	4.0	0.0	3578.696313639388	19.0
0.07923338575243487	0.5356083527508044	0.09377420826898356	6.0	0.0	1299.3924431297817	19.0
0.44571359808668537	0.7665890857535005	0.10049564683099496	2.0	0.0	1798.1142411112755	19.0
0.5596074913208016	0.4843391953560879	0.11886788236254826	9.0	0.0	3775.435073420614	19.0
0.2477108481587356	0.23554655712359157	0.11247375209295542	5.0	0.0	2976.07411640539	20.0
0.5789024187939337	0.12323943103394157	0.11750241246054652	4.0	0.0	3594.015269563137	20.0
0.44268781229136905	0.7621482132113	0.10059614247782594	2.0	0.0	1806.4039552547317	20.0
0.7961426592139436	0.576614626267483	0.11447754315450077	1.0	0.0	3213.01885845305	20.0
0.30810451841500514	0.4994143026826468	0.11864722745057994	3.0	0.0	3745.714097835016	20.0
0.8221750808141579	0.11620851541858836	0.11289560094801254	7.0	0.0	3024.953969722778	20.0
0.08896225506334775	0.5339699771584644	0.09386798247725253	6.0	0.0	1305.6219108858975	20.0
0.561743225213846	0.48215587387192815	0.1189867502449108	9.0	0.0	3791.5108699011876	20.0
0.16260462946841897	0.8459061222974992	0.1240305513234319	8.0	0.0	4516.449538179754	20.0
0.2467989235803939	0.2330190825334613	0.11258622584504836	5.0	0.0	2989.054631679667	21.0
0.17714892319363165	0.8460434778226142	0.12415458187475531	8.0	0.0	4535.351762541333	21.0
0.09396185045972977	0.5407463109258914	0.09396185045972977	6.0	0.0	1311.8775161536612	21.0
0.31863838726469146	0.5015664193022764	0.11876587467803051	3.0	0.0	3761.6757481406617	21.0
0.8263314456552259	0.1216222544432292	0.11300849654896054	7.0	0.0	3038.1254137921023	21.0
0.571405971881187	0.5007853987225828	0.1191057369951557	9.0	0.0	3807.648379739451	21.0
0.5850723427364445	0.13878854854229966	0.11761991487300705	4.0	0.0	3609.3932638898445	21.0
0.4357243408264683	0.761687216647266	0.10069673862030376	2.0	0.0	1814.727436530584	21.0
0.8009653304488856	0.5800129091898715	0.11459202069765526	1.0	0.0	3226.922731485945	21.0
0.32585955393833455	0.48600247825718684	0.11888464055270853	3.0	0.0	3777.698708804338	22.0
0.8218274254253638	0.12194892296102523	0.1131215050455095	7.0	0.0	3051.3482658424327	22.0
0.5680982343095945	0.14621397158108998	0.11773753478788004	4.0	0.0	3624.830505531664	22.0
0.24873642753434758	0.23187867248143984	0.1126988120708934	5.0	0.0	3002.0858733529317	22.0
0.5689511797879793	0.5004981845627929	0.11922484273215084	9.0	0.0	3823.847820755101	22.0
0.7956233766979619	0.5741224659554965	0.1147066127183529	1.0	0.0	3240.880622093002	22.0
0.09591426274482975	0.552567074277117	0.09405581231018949	6.0	0.0	1318.1593567144798	22.0
0.4557423745259583	0.7623806537197133	0.10079743535892405	2.0	0.0	1823.0848088358052	22.0
0.6132264529058116	0.3306613226452906	0.08436873747494988	-2.0	-1.0	770.0803415369656	22.0
0.175760608971066	0.8501315579479133	0.12427873645663005	8.0	0.0	4554.325634408486	22.0
0.5737400883077823	0.49619948774615913	0.11934406757488297	9.0	0.0	3840.1094114925763	23.0
0.5712155183362303	0.15098015462146055	0.11785527232266792	4.0	0.0	3640.3272040969186	23.0
0.2625250501002004	0.9358717434869739	0.04308617234468937	-2.0	-1.0	3.3838332558064224	23.0
0.8260343072257019	0.10516111614544406	0.113234626550555	7.0	0.0	3064.622709295979	23.0
0.8120828898501685	0.5489045768743588	0.11482131933107124	1.0	0.0	3254.89272242827	23.0
0.08908981055546077	0.5584873377773247	0.09414986812249966	6.0	0.0	1324.4675306864203	23.0
0.2478156994884004	0.23483213366463804	0.11281151088296427	5.0	0.0	3015.168022564156	23.0
0.4564131020003071	0.7568002605201365	0.10089823279428296	2.0	0.0	1831.4761964891834	23.0
0.16281654486749797	0.8462300345784594	0.12440301519308666	8.0	0.0	4573.371404570833	23.0
0.32585955393833455	0.5108295095594526	0.11900352519326123	3.0	0.0	3793.7831963046306	23.0
0.845691382765531	0.6292585170340681	0.0016032064128256513	-2.0	-1.0	0.0	23.0
0.15706425393674506	0.8255034275165363	0.12452741820827974	8.0	0.0	4592.4893246482725	24.0
0.5848442505580459	0.4967241977215644	0.11946341164245784	9.0	0.0	3856.433371223377	24.0
0.569094481643908	0.14934110371122242	0.11797312759499057	4.0	0.0	3655.8835698923303	24.0
0.8241579512615653	0.10309210379349018	0.11334786117710553	7.0	0.0	3077.948928189211	24.0
0.44130526724312424	0.7798994408261789	0.10099913102707724	2.0	0.0	1839.901724232687	24.0
0.8221633282813751	0.5635010516980551	0.11493614065040231	1.0	0.0	3268.959225288144	24.0
0.24735595995212814	0.2439523489238729	0.11292432239384723	5.0	0.0	3028.301261059223	24.0
0.6933867735470941	0.29058116232464926	0.04428857715430861	-2.0	-1.0	5.128939220282547	24.0
0.09402036732980773	0.5571356536513067	0.09424401799062215	6.0	0.0	1330.802136525312	24.0
0.3268414957630643	0.516341987817404	0.11912252871845447	3.0	0.0	3809.929427840566	24.0
0.8438200098454094	0.09049578269246965	0.11346120903828262	7.0	0.0	3091.327107174833	25.0
0.8074814747322885	0.5733027984343578	0.1150510767910527	1.0	0.0	3283.08032411343	25.0
0.5645626051058694	0.14211785212814038	0.11809110072258555	4.0	0.0	3671.4998139252743	25.0
0.46176159683554985	0.7856461361947658	0.1011001301581043	2.0	0.0	1848.3615172328466	25.0
0.15378284785680763	0.8297775172150929	0.12465194562648801	8.0	0.0	4611.67964709362	25.0
0.0990394091870852	0.5447155906399912	0.09433826200861277	6.0	0.0	1337.163273025849	25.0
0.3304234093362509	0.5158311706361305	0.11924165124717291	3.0	0.0	3826.1376213339213	25.0
0.2442315513059961	0.2450907784076211	0.11303724671624106	5.0	0.0	3041.4857711928757	25.0
0.5819106137788151	0.502944256757422	0.11958287505410028	9.0	0.0	3872.8199199483947	25.0
0.5602353524412723	0.1348187084684535	0.11820919182330812	4.0	0.0	3687.1761479060106	26.0
0.0923173289108623	0.5371131078438421	0.09443260027062138	6.0	0.0	1343.5510393227016	26.0
0.026052104208416832	0.6052104208416833	0.012424849699398798	-2.0	-1.0	0.0	26.0
0.5773063505648507	0.4980970458597779	0.11970245792915438	9.0	0.0	3889.269278400257	26.0
0.8370441756665633	0.08970300047440034	0.11357467024732089	7.0	0.0	3104.7574315237675	26.0
0.17800052547615236	0.8228093695459818	0.12477659757211448	8.0	0.0	4630.9426251952755	26.0
0.30413136065711405	0.507543847025322	0.11936089289842007	3.0	0.0	3842.4079954315375	26.0
0.8203650568917168	0.5713062528160283	0.11516612786784373	1.0	0.0	3297.2562129914145	26.0
0.4697905775243403	0.7818283947011719	0.1012012302882624	2.0	0.0	1856.85570108213	26.0
0.2442859721716208	0.24725132832746113	0.11315028396295729	5.0	0.0	3054.721735930679	26.0
0.31504534326982114	0.5071817309440099	0.11948025379131848	3.0	0.0	3858.7407695076495	27.0
0.5835469747922424	0.49752575913639446	0.11982216038708352	9.0	0.0	3905.781668045664	27.0
0.094527032870892	0.538520365514293	0.094527032870892	6.0	0.0	1349.9655348916262	27.0
0.46834974790113393	0.7766368093305989	0.10130243151855066	2.0	0.0	1865.3844018003288	27.0
0.8180351847092046	0.5897118129261635	0.11528129399571156	1.0	0.0	3311.487086657948	27.0
0.8280696339172063	0.08842313985633682	0.1136882449175682	7.0	0.0	3118.240087127144	27.0
0.23571411240818418	0.24466764897303714	0.11326343424692023	5.0	0.0	3068.0093388509877	27.0
0.17841223226064343	0.8202152406400753	0.12490137416968658	8.0	0.0	4650.278513079903	27.0
0.5578625505366813	0.13511148415424415	0.11832740101513142	4.0	0.0	3702.9127842499533	27.0
0.10010016424834478	0.5470414255223024	0.09462155990376288	6.0	0.0	1356.4068595505826	28.0
0.5602024902659313	0.13471743012623397	0.11844572841614655	4.0	0.0	3718.709936079921	28.0
0.3380343815152984	0.510312653933888	0.11959973404510978	3.0	0.0	3875.1361636662123	28.0
0.5971186467723257	0.4873084425544441	0.11994198254747059	9.0	0.0	3922.3573110877473	28.0
0.6492985971943888	0.6112224448897795	0.019639278557114226	-2.0	-1.0	0.0	28.0
0.8205422800674296	0.5901178017771938	0.11539657528970726	1.0	0.0	3325.7731404995225	28.0
0.19864604829551974	0.8377682279300739	0.12502627554385626	8.0	0.0	4669.687565715094	28.0
0.24371455609671028	0.23648894251299707	0.11337669768116714	5.0	0.0	3081.348764146915	28.0
0.4677378017554071	0.7788968917450062	0.1014037339500692	2.0	0.0	1873.9477458359436	28.0
0.8437020006233283	0.10066115660762369	0.11380193316248575	7.0	0.0	3131.7752604982948	28.0
0.5614192695489554	0.13053808886235152	0.11856417414456268	4.0	0.0	3734.5678172284115	29.0
0.1949746694655381	0.8341083880389174	0.1251513018194001	8.0	0.0	4689.170038912063	29.0
0.12708261302157087	0.5572595744719058	0.09471618146366663	6.0	0.0	1362.875113460851	29.0
0.8127769953217401	0.6004996031663269	0.11551197186499695	1.0	0.0	3340.114570555368	29.0
0.47772574552187597	0.7580609192444026	0.10150513768401925	2.0	0.0	1882.545860067582	29.0
0.24506820640775662	0.2384490281600766	0.1134900743788483	5.0	0.0	3094.740196628317	29.0
0.8529149258846082	0.09100260886110928	0.11391573509564823	7.0	0.0	3145.363138774757	29.0
0.3365818092324158	0.5081807487684266	0.11971933377915488	3.0	0.0	3891.594398743248	29.0
0.5591182364729459	0.4729458917835671	0.03006012024048096	-2.0	-1.0	0.0	29.0
0.6074146841394562	0.4797869818180506	0.12006192453001804	9.0	0.0	3938.9964304684263	29.0
