# x	y	r	id	split_id	s_prob	t
2.0	0.5	0.0	-1.0	0.0	0.0	0.0
0.6610582507842824	0.39489497870232193	0.12407058994753542	1.0	0.0	4522.545662209249	0.0
0.20792022574325594	0.5161810251042437	0.10745522674188525	2.0	0.0	2434.384272681974	0.0
0.42712093331980183	0.22032129549676974	0.10747043926310874	3.0	0.0	2435.9179466489495	0.0
0.3968053637783791	0.6725816340824421	0.10192350522157058	4.0	0.0	1918.2977312829578	0.0
0.1238831848875534	0.738542887321295	0.11160722424824694	5.0	0.0	2877.3265543917837	0.0
0.655970339110604	0.657457989527316	0.12110589781219477	6.0	0.0	4085.8147529342887	0.0
0.4194143909517873	0.44838095677610584	0.11053392212079634	7.0	0.0	2758.0750680455744	0.0
0.41902482225002213	0.449409517156118	0.11064445604291712	7.0	0.0	2770.2010316163614	1.0
0.42555237100262894	0.21076993549412182	0.10757790970237184	3.0	0.0	2446.7710995210036	1.0
0.6548849124649236	0.6594877192983258	0.12122700371000696	6.0	0.0	4103.078815563873	1.0
0.6593120291419509	0.40134424691497367	0.12419466053748295	1.0	0.0	4541.470995750154	1.0
0.37803430503098207	0.6819458677387936	0.10202542872679214	4.0	0.0	1927.0757033651328	1.0
0.10762755236115223	0.7201582263913119	0.11171883147249517	5.0	0.0	2889.920608316314	1.0
0.20699452288568024	0.5213777859990288	0.10756268196862712	2.0	0.0	2445.231335058671	1.0
0.20493770584176785	0.5017357864516656	0.10767024465059573	2.0	0.0	2456.12146638882	2.0
0.11183055030396766	0.7226251538319471	0.11183055030396766	5.0	0.0	2902.5640072979913	2.0
0.6730026958346669	0.4144858152421692	0.12431885519802041	1.0	0.0	4560.468057691477	2.0
0.3576292340505254	0.6908721854195952	0.10212745415551892	4.0	0.0	1935.889230974233	2.0
0.4303576469103318	0.2079415619381874	0.10768548761207421	3.0	0.0	2457.6673433248875	2.0
0.4288143192095974	0.4679502724384271	0.11075510049896002	7.0	0.0	2782.3746638880216	2.0
0.6577496737168256	0.659914682776171	0.12134823071371695	6.0	0.0	4120.408778102747	2.0
0.6571139315878548	0.6851541307345992	0.12146957894443065	6.0	0.0	4137.804872285361	3.0
0.42385434362469576	0.46388032385322114	0.11086585559945897	7.0	0.0	2794.5961357423303	3.0
0.431236319364807	0.2166348742543255	0.10779317309968627	3.0	0.0	2468.6068335390732	3.0
0.6789850456269795	0.3861068779743908	0.12444317405321842	1.0	0.0	4579.537099090664	3.0
0.20247000467142223	0.5028525221834914	0.10777791489524631	2.0	0.0	2467.0548220767946	3.0
0.36000375621994735	0.6888618242893756	0.10222958160967444	4.0	0.0	1944.7384440897508	3.0
0.11004243087486737	0.720797192221883	0.1119423808542716	5.0	0.0	2915.256927844935	3.0
0.4210332465378371	0.4606076107515112	0.11097672145505841	7.0	0.0	2806.8656186349253	4.0
0.3575789634744724	0.7128519704820304	0.1023318111912841	4.0	0.0	1953.6234731327468	4.0
0.6802480532220087	0.3817687536882971	0.12456761722727162	1.0	0.0	4598.678371836289	4.0
0.43716573705061096	0.23565493674843085	0.10790096627278593	3.0	0.0	2479.5897261661853	4.0
0.11205432323512586	0.7131007127263282	0.11205432323512586	5.0	0.0	2927.9995470572644	4.0
0.6564042142317476	0.6902453724872439	0.12159104852337507	6.0	0.0	4155.267330615477	4.0
0.20181542480787812	0.4966973015891875	0.10788569281014154	2.0	0.0	2478.0315580508804	4.0
0.4189589439956619	0.4641572686121726	0.11108769817651346	7.0	0.0	2819.183284597163	5.0
0.19288172873419318	0.4849080813447482	0.10799357850295167	2.0	0.0	2489.051830764963	5.0
0.7034760360733803	0.38404266829559314	0.12469218484449889	1.0	0.0	4617.8921286507075	5.0
0.43650581861490817	0.23270873094183683	0.10800886723905871	3.0	0.0	2490.61617773469	5.0
0.3613708117020885	0.7081015271798031	0.10243414300247537	4.0	0.0	1962.5444489672893	5.0
0.674147957004277	0.6839064027924481	0.12171263957189843	6.0	0.0	4172.796386368643	5.0
0.11245895293002242	0.7059672435782459	0.11216637755836098	5.0	0.0	2940.792042628998	5.0
0.1073564715907687	0.7188262484326841	0.11227854393591932	5.0	0.0	2953.6345928499686	6.0
0.659722696434659	0.6809129180680152	0.12183435221147032	6.0	0.0	4190.392273594657	6.0
0.7059901320032977	0.3826468972540518	0.12481687702934337	1.0	0.0	4637.178623092721	6.0
0.4390808161057279	0.46307943558787845	0.11119878587468995	7.0	0.0	2831.549306237964	6.0
0.19019189166139477	0.511520493779287	0.10810157208145461	2.0	0.0	2500.11579720023	6.0
0.4346057407949671	0.23362692011942512	0.10811687610629776	3.0	0.0	2501.6863453005944	6.0
0.36166513140936035	0.7158892794496676	0.10253657714547784	4.0	0.0	1971.5015029018862	6.0
0.18452533038135846	0.5042351164624446	0.10820967365353605	2.0	0.0	2511.2236148668712	7.0
0.6652841690250627	0.676387059402203	0.12195618656368178	6.0	0.0	4208.055227120045	7.0
0.7003458074502834	0.3802199744691182	0.12494169390637269	1.0	0.0	4656.538109560249	7.0
0.11040585210070658	0.7197244717037378	0.11239082247985523	5.0	0.0	2966.527376607746	7.0
0.4566104384371865	0.4664876052521397	0.11130998466056463	7.0	0.0	2843.9638567456836	7.0
0.4259515849333707	0.230347519416281	0.10822499298240405	3.0	0.0	2512.80038644915	7.0
0.3811327829731863	0.7256010192314944	0.10263911372262331	4.0	0.0	1980.4947666909286	7.0
0.37753599053083425	0.7298271162605654	0.10274175283634593	4.0	0.0	1989.5243725361418	8.0
0.1058622831405016	0.7163038848706296	0.11250321330233506	5.0	0.0	2979.470573389557	8.0
0.7042082177934722	0.3851217985175069	0.12506663560027906	1.0	0.0	4675.970843293019	8.0
0.43305024640897977	0.21905381202993962	0.10833321797538645	3.0	0.0	2523.958459296566	8.0
0.4694128398236015	0.45412358016237214	0.11142129464522518	7.0	0.0	2856.4271098899726	8.0
0.17802834368293294	0.5000728803317033	0.10831788332718957	2.0	0.0	2522.375441805792	8.0
0.6860861066803479	0.6658456157975393	0.12207814275024545	6.0	0.0	4225.78548255055	8.0
0.18409687029990127	0.48912858350028543	0.10842620121051674	2.0	0.0	2533.5714365903227	9.0
0.11261571651563738	0.7109928298601911	0.11261571651563738	5.0	0.0	2992.464363284221	9.0
0.6985986437491398	0.36007785561821304	0.12519170223587933	1.0	0.0	4695.477080375244	9.0
0.37873536350535686	0.7026298281876825	0.10284449458918227	4.0	0.0	1998.5904530880323	9.0
0.46720460392584284	0.45208263015004757	0.1115327159398704	7.0	0.0	2868.9392400236566	9.0
0.6940516036468961	0.683300838637861	0.12220022089299568	6.0	0.0	4243.583276273623	9.0
0.43783984106261326	0.20402370700865052	0.10844155119336182	3.0	0.0	2535.1607224917207	9.0
0.4706427487593631	0.46311132353319473	0.11164424865581025	7.0	0.0	2881.5004220846104	10.0
0.6943305773351672	0.6744415178118188	0.12232242111388866	6.0	0.0	4261.448845460925	10.0
0.6958881845248064	0.36098882293627704	0.1253168939381152	1.0	0.0	4715.0570777383255	10.0
0.18262967180484918	0.4908524870338856	0.10853462741172724	2.0	0.0	2544.8117583279436	10.0
0.39228143761267015	0.6907282199495822	0.10294733908377143	4.0	0.0	2007.6931414473454	10.0
0.1110896503279721	0.7132631868868269	0.112728332232153	5.0	0.0	3005.508926984082	10.0
0.46657647340337294	0.20647201746141672	0.10854999274455518	3.0	0.0	2546.407335217885	10.0
0.18196096819421195	0.4696165781534339	0.10864316203913896	2.0	0.0	2556.096566662004	11.0
0.38355084524757216	0.6768127338163848	0.10305028642285519	4.0	0.0	2016.8325711665268	11.0
0.12164473993748799	0.7027412713350529	0.11284106056438514	5.0	0.0	3018.6044457869552	11.0
0.475289411292175	0.46596584877090225	0.11175589290446605	7.0	0.0	2894.110831597646	11.0
0.6992447601408665	0.37225312458052773	0.1254422108320533	1.0	0.0	4734.711093163557	11.0
0.6840287532914513	0.6871823342415142	0.12244474353500254	6.0	0.0	4279.382428070842	11.0
0.46350275277327113	0.20852406293739692	0.10865854273729972	3.0	0.0	2557.698457194443	11.0
