# x	y	r	id	split_id	s_prob	t
2.0	0.5	0.0	-1.0	0.0	0.0	0.0
0.5564396567104073	0.7291886612273446	0.0335048094429304	1.0	0.0	0.0	0.0
0.538596410680042	0.10369347043213227	0.035397168176930977	2.0	0.0	0.0004009620818123949	0.0
0.9560555891506539	0.8092263959760178	0.03133179060211114	3.0	0.0	0.0	0.0
0.22528542783497862	0.16167388104534827	0.031629815266420384	4.0	0.0	0.0	0.0
0.2782950501596706	0.5826326465649609	0.03361590928249269	5.0	0.0	0.0	0.0
0.6387576274348294	0.47603010155467607	0.031952612494489746	6.0	0.0	0.0	0.0
0.7497242897324363	0.4578316255472625	0.0341027246664405	7.0	0.0	0.0	0.0
0.7552732728867511	0.3852276893157281	0.03455402266608392	8.0	0.0	0.0	0.0
0.5402287411024923	0.6500324455741812	0.03353725409282066	9.0	0.0	0.0	0.0
0.49956772690620727	0.5220681872922074	0.02714985607820683	10.0	0.0	0.0	0.0
0.7884347097078828	0.07748212794142573	0.03597614534504989	11.0	0.0	0.005952829404648696	0.0
0.6021949775943596	0.165190919845375	0.03166312674125777	12.0	0.0	0.0	0.0
0.13922274688430225	0.8370788337234825	0.032336622614030475	13.0	0.0	0.0	0.0
0.8289714797208825	0.39553986188957757	0.03390080221459367	14.0	0.0	0.0	0.0
0.3599729006998802	0.8954759220619986	0.032292721614117496	15.0	0.0	0.0	0.0
0.1575753259425118	0.5442852805371032	0.03216976798204645	16.0	0.0	0.0	0.0
0.6942646747546064	0.5109137457727306	0.03201169799144073	17.0	0.0	0.0	0.0
0.6796350861024705	0.09366914734692099	0.03383572139730848	18.0	0.0	0.0	0.0
0.5986052659479789	0.613339323226748	0.030727626773391123	19.0	0.0	0.0	0.0
0.8738211933055391	0.7791562445303191	0.035383576101347555	20.0	0.0	0.0003611890670640605	0.0
0.8158749847936057	0.9175287311338973	0.03356048674453487	21.0	0.0	0.0	0.0
0.5482026181709859	0.5720576077810773	0.03166620800681549	22.0	0.0	0.0	0.0
0.20096336582717877	0.593858213645484	0.032181643387013174	23.0	0.0	0.0	0.0
0.7447671005025874	0.8060053930518384	0.03275362224662482	24.0	0.0	0.0	0.0
0.6103200278051502	0.07117542663975439	0.03263047280500798	25.0	0.0	0.0	0.0
0.7024061069861932	0.7347727436547032	0.03257848168021991	26.0	0.0	0.0	0.0
0.4647641922194694	0.6188039182688684	0.035018992681507086	27.0	0.0	4.384689589187474e-08	0.0
0.6390181295082119	0.7472601886861643	0.029441937683224367	28.0	0.0	0.0	0.0
0.6232017003352651	0.6789603179451983	0.03188738559881284	29.0	0.0	0.0	0.0
0.2665600481465952	0.5172904819685546	0.03271534435622577	30.0	0.0	0.0	0.0
0.4476538282050728	0.10020888902588075	0.031598281022387986	31.0	0.0	0.0	0.0
0.8703593552019101	0.6999925558592064	0.03364312678855404	32.0	0.0	0.0	0.0
0.5385393080179605	0.034124750766541444	0.034124750766541444	33.0	0.0	0.0	0.0
0.20928524166841156	0.47674467403741794	0.036621866172953654	34.0	0.0	0.027303921182976865	0.0
0.6454198971135422	0.5556046418963931	0.03189261262397081	35.0	0.0	0.0	0.0
0.8975721674351897	0.5502032305545612	0.033375581425005026	36.0	0.0	0.0	0.0
0.47536611668440776	0.46414054960388473	0.03440534121567365	37.0	0.0	0.0	0.0
0.649986049048099	0.935614366985851	0.03076023286982612	38.0	0.0	0.0	0.0
0.5136793161141032	0.35301980837058294	0.03184384202030889	39.0	0.0	0.0	0.0
0.1354808911907946	0.9212705868274049	0.030920560036162677	40.0	0.0	0.0	0.0
0.33366875186724526	0.8287540620067423	0.0325160535433147	41.0	0.0	0.0	0.0
0.059396492089472	0.8701318923494669	0.030618867382400185	42.0	0.0	0.0	0.0
0.18829065902655295	0.403130703811318	0.03604929036909201	43.0	0.0	0.0073937886827479815	0.0
0.109402873382922	0.3973916777698902	0.03329690580708403	44.0	0.0	0.0	0.0
0.6780024692788733	0.22734770207535737	0.03324342010122478	45.0	0.0	0.0	0.0
0.7776457107182706	0.7361736879580336	0.03623888529585072	46.0	0.0	0.012169514967411033	0.0
0.573696521389134	0.324753753857186	0.030557962304876243	47.0	0.0	0.0	0.0
0.6850949681929541	0.6219009117527854	0.034250141091758286	48.0	0.0	0.0	0.0
0.7928035963484679	0.532011209315664	0.032719459954751444	49.0	0.0	0.0	0.0
0.0847952781175305	0.5666863301521688	0.03250777494560433	50.0	0.0	0.0	0.0
0.28101847456783	0.4447574791661122	0.03165498409805217	51.0	0.0	0.0	0.0
0.22300028096166466	0.3336512117841453	0.03340659165194115	52.0	0.0	0.0	0.0
0.8451087899467766	0.2506496738733033	0.03485577709384337	53.0	0.0	0.0	0.0
0.5956144290980395	0.02008194604167754	0.02008194604167754	54.0	0.0	0.0	0.0
0.4754413417016028	0.17792580289641113	0.03256819657469606	55.0	0.0	0.0	0.0
0.32316437648907437	0.2401874991348884	0.033634298498215545	56.0	0.0	0.0	0.0
0.5927865180606041	0.2323526257137967	0.031070378004150828	57.0	0.0	0.0	0.0
0.2669337446420009	0.7800931472177226	0.03045704619261006	58.0	0.0	0.0	0.0
0.9184876023354941	0.29083479027771053	0.03298308972709986	59.0	0.0	0.0	0.0
0.2448042030405909	0.2658463514034137	0.03508164285549175	60.0	0.0	3.4828480863779987e-06	0.0
0.588626230907643	0.516185364896317	0.03216745174278963	61.0	0.0	0.0	0.0
0.22518158096421123	0.8358893099302257	0.03227827933802458	62.0	0.0	0.0	0.0
0.15606109750508676	0.17913587428171737	0.03472835871587864	63.0	0.0	0.0	0.0
0.4017597038148051	0.05824527629522627	0.030366271377710592	64.0	0.0	0.0	0.0
0.6370009878054759	0.2950575377462295	0.03449039831089346	65.0	0.0	0.0	0.0
0.2942931157177565	0.36978000594998167	0.031388095341269046	66.0	0.0	0.0	0.0
0.5152792440818229	0.8645191088092053	0.034180008286544904	67.0	0.0	0.0	0.0
0.03803307205302851	0.630809780731104	0.031507535654343236	68.0	0.0	0.0	0.0
0.4161200682038697	0.9300015834455895	0.031925464424262806	69.0	0.0	0.0	0.0
0.684972764970526	0.40639877598552493	0.03088918929614098	70.0	0.0	0.0	0.0
0.5997913670491286	0.6218479603582299	0.03075835440016451	19.0	0.0	0.0	1.0
0.8493988476753467	0.2505280997367842	0.03489063287093721	53.0	0.0	0.0	1.0
0.23663357782143093	0.8299035746603939	0.0323105576173626	62.0	0.0	0.0	1.0
0.6813482492362879	0.23040118845665883	0.033276663521326	45.0	0.0	0.0	1.0
0.5761088784434628	0.33419500482405	0.030588520267181115	47.0	0.0	0.0	1.0
0.14063765285017085	0.838543601576987	0.0323689592366445	13.0	0.0	0.0	1.0
0.32304484304688463	0.2420836189034657	0.033667932796713755	56.0	0.0	0.0	1.0
0.7886509065910778	0.07879107903388992	0.03601212149039494	11.0	0.0	0.006635565080259198	1.0
0.4729707796896673	0.46292670547731096	0.03443974655688932	37.0	0.0	0.0	1.0
0.5391834657856889	0.03415887551730798	0.03415887551730798	33.0	0.0	0.0	1.0
0.2760488522657012	0.7732309168008242	0.030487503238802668	58.0	0.0	0.0	1.0
0.5196047479169884	0.8606211190549443	0.034214188294831444	67.0	0.0	0.0	1.0
0.20020911265009791	0.5945641846976629	0.032213825030400184	23.0	0.0	0.0	1.0
0.29239067671441626	0.44543846141575627	0.03168663908215022	51.0	0.0	0.0	1.0
0.6854561232352394	0.40528430437748664	0.030920078485437118	70.0	0.0	0.0	1.0
0.273470259529163	0.5118932707986122	0.03274805970058199	30.0	0.0	0.0	1.0
0.1398180074113964	0.9218057356627896	0.030951480596198837	40.0	0.0	0.0	1.0
0.054596290348948334	0.8642710824497133	0.030649486249782584	42.0	0.0	0.0	1.0
0.6467851121121969	0.4691006805258404	0.031984565106984233	6.0	0.0	0.0	1.0
0.6965884431666617	0.5101812877941876	0.03204370968943216	17.0	0.0	0.0	1.0
0.6945303119812465	0.630547409719016	0.03428439123285004	48.0	0.0	0.0	1.0
0.4637068781408591	0.6184411376952788	0.03505401167418859	27.0	0.0	1.0084233394991315e-06	1.0
0.6383706223534776	0.7484009734188589	0.029471379620907588	28.0	0.0	0.0	1.0
0.15422099886949334	0.17795703163039245	0.034763087074594516	63.0	0.0	0.0	1.0
0.786158763053172	0.5339685065039473	0.03275217941470619	49.0	0.0	0.0	1.0
0.6753507014028055	0.3567134268537074	0.038076152304609215	-2.0	-1.0	0.18629597700063982	1.0
0.7011556281736545	0.7333584874618843	0.03261106016190012	26.0	0.0	0.0	1.0
0.23946901317728767	0.2628843707471832	0.03511672449834724	60.0	0.0	1.0178083797995896e-05	1.0
0.8959479271419355	0.5501162277241147	0.033408957006430026	36.0	0.0	0.0	1.0
0.8303941757508438	0.39651578664605663	0.03393470301680826	14.0	0.0	0.0	1.0
0.390750038076904	0.05399888686052527	0.0303966376490883	64.0	0.0	0.0	1.0
0.5401556454102783	0.6489786540695487	0.03357079134691348	9.0	0.0	0.0	1.0
0.2338642122947181	0.16164687589980026	0.0316614450816868	4.0	0.0	0.0	1.0
0.4797910724148807	0.17685033820245322	0.03260076477127075	55.0	0.0	0.0	1.0
0.6232681354226772	0.6800141559361544	0.03191927298441165	29.0	0.0	0.0	1.0
0.07650452487824319	0.5716367895515789	0.03254028272054993	50.0	0.0	0.0	1.0
0.5560957621890203	0.7281546829662615	0.03353831425237332	1.0	0.0	0.0	1.0
0.5395761698308081	0.5808921118269946	0.0316978742148223	22.0	0.0	0.0	1.0
0.7588069750953238	0.3864153431254149	0.034588576688750004	8.0	0.0	0.0	1.0
0.6495458932781618	0.930248468196852	0.03079099310269594	38.0	0.0	0.0	1.0
0.037866975718748856	0.632001292513603	0.031539043189997576	68.0	0.0	0.0	1.0
0.20394683645289577	0.47888017457413123	0.0366584880391266	34.0	0.0	0.0291955731379403	1.0
0.7506099332535004	0.45848967973625476	0.03413682739110694	7.0	0.0	0.0	1.0
0.2893727340266649	0.3727179959116083	0.03141948343661031	66.0	0.0	0.0	1.0
0.5936176455201628	0.23128406281611721	0.031101448382154975	57.0	0.0	0.0	1.0
0.5936560523139078	0.020102027987719213	0.020102027987719213	54.0	0.0	0.0	1.0
0.6018950153059358	0.16642072291403606	0.03169478986799903	12.0	0.0	0.0	1.0
0.9541568439849355	0.8065851238320804	0.031363122392713244	3.0	0.0	0.0	1.0
0.6840895120809279	0.09805400915984824	0.03386955711870578	18.0	0.0	0.0	1.0
0.1822017109414315	0.39408320571056843	0.0360853396594611	43.0	0.0	0.008182330031303309	1.0
0.7438476054225908	0.8129628731563778	0.03278637586887144	24.0	0.0	0.0	1.0
0.4218317469528883	0.9368655060437372	0.031957389888687064	69.0	0.0	0.0	1.0
0.816583498085658	0.9130644500475317	0.0335940472312794	21.0	0.0	0.0	1.0
0.9160705188123875	0.28901510972568734	0.033016072816826954	59.0	0.0	0.0	1.0
0.8774856069376268	0.7818789909666034	0.0354189596774489	20.0	0.0	0.00047064847258582176	1.0
0.2228276990905591	0.3347846863695168	0.03343999824359309	52.0	0.0	0.0	1.0
0.5400387248855187	0.11366447311779274	0.03543256534510791	2.0	0.0	0.0005180064211032231	1.0
0.35228677421128396	0.9014184148292524	0.03232501433573161	15.0	0.0	0.0	1.0
0.5871293885767338	0.5106445480222587	0.03219961919453242	61.0	0.0	0.0	1.0
0.60690494500629	0.08078776924830984	0.03266310327781298	25.0	0.0	0.0	1.0
0.6364059323931729	0.5638541195848599	0.03192450523659478	35.0	0.0	0.0	1.0
0.28024170852825164	0.5916990041079752	0.03364952519177518	5.0	0.0	0.0	1.0
0.6451536433897843	0.290195820036306	0.03452488870920435	65.0	0.0	0.0	1.0
0.1567020218434747	0.54554982487037	0.0322019377500285	16.0	0.0	0.0	1.0
0.5039667018509656	0.3403110801736893	0.031875685862329195	39.0	0.0	0.0	1.0
0.45747487852095753	0.10400940901353325	0.03162987930341037	31.0	0.0	0.0	1.0
0.49887688906138394	0.5200752183635635	0.027177005934285035	10.0	0.0	0.0	1.0
0.11255190158853073	0.40346292244094023	0.03333020271289111	44.0	0.0	0.0	1.0
0.7853556276608313	0.73545664822227	0.03627512418114656	46.0	0.0	0.01326897631946622	1.0
0.33067530457653255	0.8194615153143193	0.032548569596858014	41.0	0.0	0.0	1.0
0.8711005641928687	0.7030314081642415	0.03367676991534259	32.0	0.0	0.0	1.0
0.32202358902154743	0.2458553858790807	0.033701600729510464	56.0	0.0	0.0	2.0
0.7381675902117292	0.8168591850492338	0.03281916224474031	24.0	0.0	0.0	2.0
0.624530626193312	0.6797355422149205	0.03195119225739606	29.0	0.0	0.0	2.0
0.7854251937370538	0.737297379082695	0.0363113993053277	46.0	0.0	0.014433937545703657	2.0
0.838353684599472	0.2502150955189809	0.03492552350380814	53.0	0.0	0.0	2.0
0.4199888891652251	0.9390307952413398	0.03198934727857575	69.0	0.0	0.0	2.0
0.5022303405533731	0.34091909752679445	0.03190756154819152	39.0	0.0	0.0	2.0
0.2812683362088285	0.5921951092757874	0.03368317471696695	5.0	0.0	0.0	2.0
0.6955756621653358	0.6298399689981903	0.03431867562408289	48.0	0.0	0.0	2.0
0.4909975768208287	0.5280292937664184	0.027204182940219316	10.0	0.0	0.0	2.0
0.8772184840639743	0.7089039535859496	0.033710446685257925	32.0	0.0	0.0	2.0
0.4693000359640876	0.4617186596349725	0.0344741863034462	37.0	0.0	0.0	2.0
0.29184989645680026	0.37070211129313557	0.031450902920046916	66.0	0.0	0.0	2.0
0.235438996430123	0.8317300343345669	0.03234286817497996	62.0	0.0	0.0	2.0
0.6351647389325047	0.5639756268185595	0.03195642974183137	35.0	0.0	0.0	2.0
0.6459051091128517	0.46592986100361655	0.032016549672091214	6.0	0.0	0.0	2.0
0.5195130902054399	0.8595037282651541	0.03424840248312627	67.0	0.0	0.0	2.0
0.20675271128767933	0.6017639646566292	0.03224603885543058	23.0	0.0	0.0	2.0
0.5860940240122493	0.510667366200444	0.03223181881372694	61.0	0.0	0.0	2.0
0.9150094758222018	0.2879027448588101	0.03304908888964378	59.0	0.0	0.0	2.0
0.10248188775121675	0.40550351010305963	0.033363532915604	44.0	0.0	0.0	2.0
0.6805455406951566	0.22776807293278545	0.03330994018484732	45.0	0.0	0.0	2.0
0.3496670541433396	0.9018426416688564	0.032357339350067335	15.0	0.0	0.0	2.0
0.47074621239647435	0.17240906383472399	0.03263336553604202	55.0	0.0	0.0	2.0
0.03895210998745554	0.627671001020614	0.03157058223318757	68.0	0.0	0.0	2.0
0.5781880773372846	0.33274940619724863	0.030619108787448293	47.0	0.0	0.0	2.0
0.23229698078056896	0.16304142981550532	0.03169310652676848	4.0	0.0	0.0	2.0
0.5359450043995609	0.03419303439282528	0.03419303439282528	33.0	0.0	0.0	2.0
0.788516228386276	0.08146279665139106	0.03604813361188533	11.0	0.0	0.007369362480218911	2.0
0.4547814400368525	0.10396701229328383	0.03166150918271378	31.0	0.0	0.0	2.0
0.6026117271674392	0.02012213001570693	0.02012213001570693	54.0	0.0	0.0	2.0
0.8305534749107154	0.3974802538773178	0.033968637719825064	14.0	0.0	0.0	2.0
0.6866768734965844	0.4090333544888876	0.03095099856392255	70.0	0.0	0.0	2.0
0.600977603609034	0.6199572457641039	0.03078911275456467	19.0	0.0	0.0	2.0
0.8963994252402943	0.5491743519805748	0.03344236596343645	36.0	0.0	0.0	2.0
0.15310469675113025	0.1773913422209974	0.03479785016166911	63.0	0.0	0.0	2.0
0.19187688544953527	0.477162084410967	0.036695146527165726	34.0	0.0	0.031174658641987207	2.0
0.5926452620441408	0.23105659505911635	0.031132549830537128	57.0	0.0	0.0	2.0
0.7506340225862995	0.46003261973843973	0.034170964218498044	7.0	0.0	0.0	2.0
0.28907501218159837	0.43933120213140425	0.031718325721232364	51.0	0.0	0.0	2.0
0.46213044865171	0.6183964639248887	0.03508906568586277	27.0	0.0	4.521798686596412e-06	2.0
0.332316265379094	0.8204413430325789	0.03258111816645487	41.0	0.0	0.0	2.0
0.051719065819944156	0.8657064305104676	0.030680135736032364	42.0	0.0	0.0	2.0
0.6035296449638029	0.16649796480480147	0.031726484657867024	12.0	0.0	0.0	2.0
0.6482208806781882	0.9309950377919352	0.030821784095798634	38.0	0.0	0.0	2.0
0.27616956406908144	0.7711028131641339	0.030517990742041468	58.0	0.0	0.0	2.0
0.2755190647494496	0.5212194597628622	0.03278080776028257	30.0	0.0	0.0	2.0
0.5380430156571392	0.6498092623389289	0.03360436213826039	9.0	0.0	0.0	2.0
0.6958640869305995	0.5093192590032883	0.03207575339912159	17.0	0.0	0.0	2.0
0.8071611923864274	0.9154571477400198	0.03362764127851067	21.0	0.0	0.0	2.0
0.7025239269271101	0.7342472752010548	0.03264367122206202	26.0	0.0	0.0	2.0
0.6448829722138533	0.2892205398959155	0.03455941359791355	65.0	0.0	0.0	2.0
0.38249708091710805	0.05184773455264464	0.030427034286737386	64.0	0.0	0.0	2.0
0.22383229456276213	0.33293422016353	0.03347343824183668	52.0	0.0	0.0	2.0
0.1429783232587317	0.8358282243754843	0.03240132819588114	13.0	0.0	0.0	2.0
0.6372816170296769	0.7490327618075863	0.029500851000528492	28.0	0.0	0.0	2.0
0.5615823129833835	0.7286917915079202	0.03357185256662569	1.0	0.0	0.0	2.0
0.6090742663685457	0.07883285422198932	0.03269576638109079	25.0	0.0	0.0	2.0
0.07541686042619679	0.5700404507731707	0.032572823003270475	50.0	0.0	0.0	2.0
0.9549015342181825	0.8009854052779853	0.03139448551510595	3.0	0.0	0.0	2.0
0.24044301976688595	0.25674723931335525	0.035151841222845585	60.0	0.0	2.2405211709042305e-05	2.0
0.5395066634350618	0.5786848088257868	0.031729572089037116	22.0	0.0	0.0	2.0
0.14611908222067785	0.5471416954758506	0.032234139687778524	16.0	0.0	0.0	2.0
0.13695497097693213	0.9171121549030947	0.030982432076795033	40.0	0.0	0.0	2.0
0.8764599613238183	0.7813263535679159	0.035454378637126346	20.0	0.0	0.0006003903285005663	2.0
0.7575759715581767	0.3812267226595899	0.03462316526543875	8.0	0.0	0.0	2.0
0.1893678416172143	0.39598945873665126	0.036121424999120556	43.0	0.0	0.00902590324784569	2.0
0.6859097045738438	0.10757624868679816	0.03390342667582449	18.0	0.0	0.0	2.0
0.5380312464322159	0.12167578857539718	0.03546799791045301	2.0	0.0	0.0006560118977461116	2.0
0.7871955408352374	0.537826981601933	0.032784931594120895	49.0	0.0	0.0	2.0
0.49935341820399604	0.3442993740338314	0.03193946910973971	39.0	0.0	0.0	3.0
0.6358197652510873	0.5656263896632249	0.031988386171573194	35.0	0.0	0.0	3.0
0.7593820532839717	0.3806457870483639	0.03465778843070419	8.0	0.0	0.0	3.0
0.46970274735694956	0.1705973417792092	0.03266599890157806	55.0	0.0	0.0	3.0
0.051275213393602706	0.8688904586106071	0.030710815871768393	42.0	0.0	0.0	3.0
0.8405518786266527	0.3947325584078797	0.03400260635754489	14.0	0.0	0.0	3.0
0.5305702225305757	0.6563547694511407	0.033637966500398644	9.0	0.0	0.0	3.0
0.5971656662684102	0.23550640474455142	0.031163682380367663	57.0	0.0	0.0	3.0
0.8302475425057487	0.25639807603911163	0.03496044902731194	53.0	0.0	0.0	3.0
0.17875111879743777	0.48157356728340744	0.03673184167369289	34.0	0.0	0.03324333084849229	3.0
0.2965289913004173	0.37519353935701044	0.03148235382296696	66.0	0.0	0.0	3.0
0.5195130902054399	0.8737352873289277	0.034282650885609396	67.0	0.0	0.0	3.0
0.330834874269595	0.8187228030661956	0.03261369928462132	41.0	0.0	0.0	3.0
0.14021144567065347	0.9297688185347072	0.031013414508871826	40.0	0.0	0.0	3.0
0.48693002244340955	0.5325591343676376	0.027231387123159534	10.0	0.0	0.0	3.0
0.9558564824325527	0.8007620161175036	0.031425880000621055	3.0	0.0	0.0	3.0
0.23521139246071887	0.25573012408096474	0.035186993064068424	60.0	0.0	4.184624255287872e-05	3.0
0.6361816439507479	0.9340522782229495	0.03085260587989443	38.0	0.0	0.0	3.0
0.03160215281542076	0.6326993751043326	0.03160215281542076	68.0	0.0	0.0	3.0
0.28704793408484586	0.44072171398796084	0.03175004404695359	51.0	0.0	0.0	3.0
0.3496670541433396	0.9031874562744017	0.0323896966894174	15.0	0.0	0.0	3.0
0.45084220342309134	0.10405382828646143	0.03169317069189649	31.0	0.0	0.0	3.0
0.7377121147491884	0.8192419805336901	0.032851981406985045	24.0	0.0	0.0	3.0
0.4625463152501517	0.4526600599802493	0.03450866048974965	37.0	0.0	0.0	3.0
0.7495441861419045	0.46044533658312375	0.03420513518271654	7.0	0.0	0.0	3.0
0.5986623967925035	0.023913062636723714	0.020142252145722635	54.0	0.0	0.0	3.0
0.7039530879730626	0.5217209984649391	0.03210782915252071	17.0	0.0	0.0	3.0
0.6043110891711566	0.17088487866706126	0.03175821114252489	12.0	0.0	0.0	3.0
0.2734887892768247	0.5236667317662219	0.03281358856804285	30.0	0.0	0.0	3.0
0.22479681979451172	0.3335958541542699	0.03350691168007851	52.0	0.0	0.0	3.0
0.6440067671783465	0.7544355851605214	0.029530351851529017	28.0	0.0	0.0	3.0
0.6423881640582837	0.46487455976813724	0.0320485662217633	6.0	0.0	0.0	3.0
0.23620193558689412	0.8344133749366633	0.03237521104315493	62.0	0.0	0.0	3.0
0.4579258434248534	0.6240181874187163	0.035124154751548634	27.0	0.0	1.2248136272319243e-05	3.0
0.92383737879293	0.29273134662949724	0.03308213797853342	59.0	0.0	0.0	3.0
0.2222708502467246	0.15696881415642774	0.03172479963329525	4.0	0.0	0.0	3.0
0.5981885146871794	0.6225873063435619	0.030819901867319234	19.0	0.0	0.0	3.0
0.6054202956935711	0.08508572498955269	0.03272846214747188	25.0	0.0	0.0	3.0
0.9037368851906594	0.5536818806554216	0.033475808329399885	36.0	0.0	0.0	3.0
0.7854773546273126	0.5385276136502984	0.03281771652571501	49.0	0.0	0.0	3.0
0.7877887324907691	0.07469153546870369	0.03608418174549721	11.0	0.0	0.008156169566944982	3.0
0.15122644666750362	0.1765270695916331	0.03483264801183077	63.0	0.0	0.0	3.0
0.701523319960192	0.6403186133777233	0.034352994299706965	48.0	0.0	0.0	3.0
0.5829764614333491	0.5089365636817172	0.03226405063254067	61.0	0.0	0.0	3.0
0.5426310046580485	0.033153484606005326	0.03422722742721811	33.0	0.0	0.0	3.0
0.6858703054735343	0.10549048992581199	0.03393733010250031	18.0	0.0	0.0	3.0
0.6909775699909376	0.401429746065532	0.030981949562486472	70.0	0.0	0.0	3.0
0.710183405743277	0.7437201620538886	0.03267631489328408	26.0	0.0	0.0	3.0
0.32299906165875436	0.24506155812634065	0.03373530233023997	56.0	0.0	0.0	3.0
0.5789576856862452	0.3334697494883226	0.030649727896235737	47.0	0.0	0.0	3.0
0.20783423644476448	0.600949747739399	0.032278284894286004	23.0	0.0	0.0	3.0
0.27554088093319734	0.7695470811372112	0.030548508732783506	58.0	0.0	0.0	3.0
0.5296374417694878	0.5739486365238748	0.03176130166112615	22.0	0.0	0.0	3.0
0.2828878622098832	0.5912418602631369	0.03371685789168391	5.0	0.0	0.0	3.0
0.5381776005815126	0.12312377106548186	0.03550346590836346	2.0	0.0	0.0008167519468003093	3.0
0.6440709919816071	0.2934683709866863	0.03459397301151146	65.0	0.0	0.0	3.0
0.6802574125640953	0.23539199498504443	0.03334325012503216	45.0	0.0	0.0	3.0
0.1452013271532837	0.838072321329416	0.03243372952407701	13.0	0.0	0.0	3.0
0.07332143482270406	0.5667398312605216	0.03260539582627374	50.0	0.0	0.0	3.0
0.6299035309226788	0.678908185071637	0.03198314344965345	29.0	0.0	0.0	3.0
0.785339935895249	0.7327838930109217	0.036347710704633024	46.0	0.0	0.01566642874317381	3.0
0.8810013907524858	0.7841512389765731	0.03548983301576347	20.0	0.0	0.0007521840783226708	3.0
0.38093867139881243	0.05146242002948606	0.03045746132102412	64.0	0.0	0.0	3.0
0.18579858952884493	0.39782652037582333	0.036157546424119676	43.0	0.0	0.009926478974946917	3.0
0.10351360942626837	0.4059548427859256	0.0333968964485196	44.0	0.0	0.0	3.0
0.4199888891652251	0.9511731855451192	0.03202133662585432	69.0	0.0	0.0	3.0
0.8149009633901501	0.9043994939148425	0.033661268919789177	21.0	0.0	0.0	3.0
0.15711230534118384	0.5488031963971124	0.0322663738274663	16.0	0.0	0.0	3.0
0.878055674362783	0.6966249506085074	0.03374415713194318	32.0	0.0	0.0	3.0
0.5570256862464442	0.7231283746906881	0.033605424419192315	1.0	0.0	0.0	3.0
0.5028960226004542	0.34769989343710095	0.03197140857884945	39.0	0.0	0.0	4.0
0.28750858120865885	0.43944499228519546	0.03178179409100054	51.0	0.0	0.0	4.0
0.8143328744084087	0.9035878767107971	0.03369493018870896	21.0	0.0	0.0	4.0
0.2819643875468483	0.6029894935802906	0.03375057474957559	5.0	0.0	0.0	4.0
0.3731366392761625	0.06189404557267402	0.03048791878234514	64.0	0.0	0.0	4.0
0.14424030746525834	0.1747061163045744	0.034867480659842603	63.0	0.0	0.0	4.0
0.5561108075843434	0.7204890798681635	0.0336390298436115	1.0	0.0	0.0	4.0
0.9042370449827689	0.550530416984772	0.03350928413772928	36.0	0.0	0.0	4.0
0.510411081754843	0.8740505865330415	0.034316933536495	67.0	0.0	0.0	4.0
0.46171702306400403	0.6245832241186483	0.035159278906300176	27.0	0.0	2.5861562988893638e-05	4.0
0.22404516053689033	0.3313358608022741	0.03354041859175858	52.0	0.0	0.0	4.0
0.2678768312898312	0.5212121998347524	0.03284640215661089	30.0	0.0	0.0	4.0
0.42268238629135324	0.9531223637002524	0.03205335796248017	69.0	0.0	0.0	4.0
0.7047053991404861	0.6426213591894663	0.03438734729400667	48.0	0.0	0.0	4.0
0.6053447786424616	0.1606904240145437	0.03178996935366741	12.0	0.0	0.0	4.0
0.9571419040257821	0.7996036400320222	0.03145730588062167	3.0	0.0	0.0	4.0
0.07798606802992628	0.5663719779214746	0.03263800122210001	50.0	0.0	0.0	4.0
0.17934140401366389	0.4778542310960421	0.036768573515366575	34.0	0.0	0.03540375488685754	4.0
0.3461180070579267	0.8997375593479072	0.032422086386106816	15.0	0.0	0.0	4.0
0.6436872598346056	0.2953472415439862	0.03462856698452297	65.0	0.0	0.0	4.0
0.5995815249810326	0.23657447498813827	0.031194846062748027	57.0	0.0	0.0	4.0
0.29548753020485224	0.3756648431083318	0.031513836176789926	66.0	0.0	0.0	4.0
0.15423541858804113	0.5462755578495867	0.03229864020129376	16.0	0.0	0.0	4.0
0.6047620712213627	0.09086918163941435	0.03276119060961935	25.0	0.0	0.0	4.0
0.23502154868660324	0.8342298465335639	0.03240758625419808	62.0	0.0	0.0	4.0
0.5361975152346624	0.12304269566183933	0.03553896937427182	2.0	0.0	0.0010020104208905423	4.0
0.8830998729371095	0.7819512547369765	0.03552532284877923	20.0	0.0	0.0009278095666047648	4.0
0.6856587858897419	0.10968657049650199	0.03397126743260281	18.0	0.0	0.0	4.0
0.8356156734444586	0.39667329262200113	0.034036608963902426	14.0	0.0	0.0	4.0
0.7579884260229631	0.38360063268529604	0.03469244621913489	8.0	0.0	0.0	4.0
0.5398523242740028	0.03453967239235662	0.03426145465464532	33.0	0.0	0.0	4.0
0.9315111071788799	0.2922233295525143	0.03311522011651195	59.0	0.0	0.0	4.0
0.64708852892614	0.4660681691172895	0.03208061478798506	6.0	0.0	0.0	4.0
0.4507214381249849	0.10524864263172029	0.03172486386258838	31.0	0.0	0.0	4.0
0.7420065129559928	0.4554814337137525	0.034239340317899256	7.0	0.0	0.0	4.0
0.6347637484477181	0.6822139656759061	0.0320151265931031	29.0	0.0	0.0	4.0
0.46274939577058744	0.4507698620375816	0.034543169150239396	37.0	0.0	0.0	4.0
0.14368243483570642	0.8395674933119572	0.032466163253601084	13.0	0.0	0.0	4.0
0.7854320274777418	0.5397269781618648	0.03285053424224072	49.0	0.0	0.0	4.0
0.5307500283575772	0.5740859165474196	0.03179306296278728	22.0	0.0	0.0	4.0
0.7841855249327052	0.7328384429115907	0.03638405841533765	46.0	0.0	0.016968491482856507	4.0
0.029227292139588412	0.6342848549485967	0.03163375496823618	68.0	0.0	0.0	4.0
0.23412099033773867	0.2554459082540859	0.035222180057132485	60.0	0.0	7.01932249995707e-05	4.0
0.33941689473630177	0.8122619027327805	0.03264631298390594	41.0	0.0	0.0	4.0
0.04741906827173578	0.871127608108408	0.03074152668764016	42.0	0.0	0.0	4.0
0.5801830026035729	0.33239318355475234	0.03068037762413197	47.0	0.0	0.0	4.0
0.27008873587011634	0.7761190375791037	0.030579057241516286	58.0	0.0	0.0	4.0
0.5852398890340157	0.6145489924145612	0.03085072176918655	19.0	0.0	0.0	4.0
0.7121948169179567	0.7424670070117572	0.03270899120817736	26.0	0.0	0.0	4.0
0.8289926893418547	0.25837046408117426	0.03499540947633925	53.0	0.0	0.0	4.0
0.20443926124057812	0.6038208010005808	0.03231056317918029	23.0	0.0	0.0	4.0
0.6908747509906467	0.40415035526402465	0.031012931512048956	70.0	0.0	0.0	4.0
0.7846619878122032	0.07339351163262167	0.036120265927242705	11.0	0.0	0.008997945440185617	4.0
0.3230741773123173	0.24625309308962076	0.033769037632570206	56.0	0.0	0.0	4.0
0.22396968236867482	0.1589648785661854	0.03175652443292854	4.0	0.0	0.0	4.0
0.6323115505324485	0.5644226677288909	0.032020374557744764	35.0	0.0	0.0	4.0
0.5871396402941774	0.5083428521788084	0.032296314683173205	61.0	0.0	0.0	4.0
0.7029549687035289	0.5216169389417726	0.03213993698167322	17.0	0.0	0.0	4.0
0.637527940193989	0.9312437530492287	0.030883458485774323	38.0	0.0	0.0	4.0
0.6458539863254994	0.7532191067859949	0.029559882203380544	28.0	0.0	0.0	4.0
0.5977283279621487	0.02356604252295144	0.020162394397868356	54.0	0.0	0.0	4.0
0.46710704966942296	0.1687926385236285	0.03269866490047963	55.0	0.0	0.0	4.0
0.7499554609667406	0.812842622396514	0.03288483338839203	24.0	0.0	0.0	4.0
0.6821558321451112	0.23562623750384673	0.03337659337515719	45.0	0.0	0.0	4.0
0.5307255349886427	0.6552896979085152	0.03367160446689904	9.0	0.0	0.0	4.0
0.1879358320243285	0.3942214523986857	0.03619370397054379	43.0	0.0	0.010886039085619359	4.0
0.10324278974243786	0.4020505431827136	0.033430293344968116	44.0	0.0	0.0	4.0
0.1396484714852747	0.9329292735418481	0.031044427923380694	40.0	0.0	0.0	4.0
0.48577177024082774	0.533419743287243	0.02725861851028269	10.0	0.0	0.0	4.0
0.8863832109504811	0.7048224371883152	0.033777901289075124	32.0	0.0	0.0	4.0
0.14243960130991276	0.843384363408873	0.032498629416854684	13.0	0.0	0.0	5.0
0.6070330027756367	0.030663206926533026	0.020182556792266222	54.0	0.0	0.0	5.0
0.3400370748051745	0.813620936745192	0.03267895929688984	41.0	0.0	0.0	5.0
0.7065717183759965	0.6491854084149813	0.034421734641300675	48.0	0.0	0.0	5.0
0.4602938663135219	0.623721248111142	0.03519443818520647	27.0	0.0	4.7046210866596994e-05	5.0
0.16949487181273007	0.4701373281498254	0.036805342088881934	34.0	0.0	0.03765810791115598	5.0
0.712278854905657	0.7397982266718403	0.03274170019938553	26.0	0.0	0.0	5.0
0.5343281731311014	0.5710211156377538	0.03182485602575006	22.0	0.0	0.0	5.0
0.4471172709128742	0.10807021530497239	0.031756588726450964	31.0	0.0	0.0	5.0
0.6384983573196946	0.6779902285985648	0.0320471417196962	29.0	0.0	0.0	5.0
0.9317521242110732	0.2934034230347371	0.033148335336628455	59.0	0.0	0.0	5.0
0.6350533760300465	0.5618885504324579	0.032052394932302504	35.0	0.0	0.0	5.0
0.07535141012923689	0.5680833378369375	0.032670639223322105	50.0	0.0	0.0	5.0
0.7435692235886132	0.45820137765879626	0.03427357965821715	7.0	0.0	0.0	5.0
0.374348154277316	0.06037625451741442	0.03051840670112748	64.0	0.0	0.0	5.0
0.4722901729185285	0.4596999039471235	0.03457771231938963	37.0	0.0	0.0	5.0
0.28298195736049647	0.6021179109340005	0.03378432532432516	5.0	0.0	0.0	5.0
0.6893158828877355	0.4060782907687486	0.031043944443561	70.0	0.0	0.0	5.0
0.7853308754186665	0.734798428146648	0.036420442473752986	46.0	0.0	0.01834217885662781	5.0
0.9582409430269568	0.8004865814459783	0.03148876318650229	3.0	0.0	0.0	5.0
0.15210518829360434	0.5581511424007588	0.03233093884149505	16.0	0.0	0.0	5.0
0.20047283468348615	0.6038083150910697	0.03234287374235947	23.0	0.0	0.0	5.0
0.1439692164028434	0.17684768564990147	0.03490234814050244	63.0	0.0	0.0	5.0
0.8277061367956784	0.25882097301318135	0.03503040488581559	53.0	0.0	1.7989127343298605e-07	5.0
0.26673256717398536	0.5212518378516781	0.0328792485587675	30.0	0.0	0.0	5.0
0.28871708482249164	0.4535718774023876	0.03181357588509154	51.0	0.0	0.0	5.0
0.5788143405412175	0.3327776750100431	0.030711058001756098	47.0	0.0	0.0	5.0
0.5929100839205428	0.23085817807851808	0.031226040908810773	57.0	0.0	0.0	5.0
0.583401830452235	0.5028569591850799	0.032328610997856375	61.0	0.0	0.0	5.0
0.4225913826519397	0.9541521680076621	0.032085411320442646	69.0	0.0	0.0	5.0
0.834026981125516	0.3969100710262299	0.03407064557286633	14.0	0.0	0.0	5.0
0.2713294960121023	0.77614638242649	0.0306096362987578	58.0	0.0	0.0	5.0
0.8127636891330472	0.9075424548330443	0.03372862511889767	21.0	0.0	0.0	5.0
0.5550338460276902	0.720104334284461	0.03367266887345511	1.0	0.0	0.0	5.0
0.9042855986932397	0.5543862671441399	0.03354279342186701	36.0	0.0	0.0	5.0
0.6425436156320579	0.9345017190612248	0.030914341944260095	38.0	0.0	0.0	5.0
0.504585956347044	0.34628890698310005	0.03200337998742829	39.0	0.0	0.0	5.0
0.6106066027373453	0.09325243094551003	0.03279395180022897	25.0	0.0	0.0	5.0
0.6396302741156747	0.300327111665805	0.034663195551507486	65.0	0.0	0.0	5.0
0.4653866024393836	0.1711543716032289	0.0327313635653801	55.0	0.0	0.0	5.0
0.885018030859677	0.7048697278712934	0.033811679190364194	32.0	0.0	0.0	5.0
0.14118336281899918	0.9349284967644735	0.031075472351304072	40.0	0.0	0.0	5.0
0.5835873635312734	0.6112101547778506	0.03088157249095573	19.0	0.0	0.0	5.0
0.5336988537749857	0.12425014300249786	0.03557450834364609	2.0	0.0	0.0012135816333653793	5.0
0.514060974956261	0.8725889857326555	0.03435125047003149	67.0	0.0	0.0	5.0
0.48574492637243366	0.5344854653598586	0.02728587712879297	10.0	0.0	0.0	5.0
0.6022102640644816	0.1602434104647555	0.03182175932302107	12.0	0.0	0.0	5.0
0.22287496516062502	0.15854241396121335	0.03178828095736147	4.0	0.0	0.0	5.0
0.5335373595962982	0.6546319332998448	0.03370527607136593	9.0	0.0	0.0	5.0
0.6516976731067761	0.7556882752589086	0.029589442085583922	28.0	0.0	0.0	5.0
0.7811178630924833	0.08302595261477841	0.036156386193169944	11.0	0.0	0.009896660382722189	5.0
0.2993239794192809	0.3696604092211279	0.03154535001296671	66.0	0.0	0.0	5.0
0.751344275480505	0.8113112102132859	0.03291771822178042	24.0	0.0	0.0	5.0
0.6374968151573955	0.4634386552842928	0.03211269540277304	6.0	0.0	0.0	5.0
0.6837665714864103	0.12114286937469662	0.034005238700035405	18.0	0.0	0.0	5.0
0.7848861569406336	0.5420940471496913	0.032883384776482956	49.0	0.0	0.0	5.0
0.6820941979067155	0.23422860376321156	0.03340996996853235	45.0	0.0	0.0	5.0
0.1830835035480627	0.3908477879537294	0.03622989767451433	43.0	0.0	0.011906576729302287	5.0
0.6990235206429862	0.531019059200781	0.03217207691865489	17.0	0.0	0.0	5.0
0.347547957132663	0.9007723580939574	0.03245450847249292	15.0	0.0	0.0	5.0
0.10215287951341598	0.40677674202887204	0.033463723638313084	44.0	0.0	0.0	5.0
0.22455398565927395	0.3295881701078758	0.03357395901035034	52.0	0.0	0.0	5.0
0.02679928774550893	0.6365574351230913	0.03166538872320441	68.0	0.0	0.0	5.0
0.5414971866252316	0.03313079266573893	0.03429571610929996	33.0	0.0	0.0	5.0
0.045170735627226004	0.8764022772910521	0.030772268214327794	42.0	0.0	0.0	5.0
0.23832312722476562	0.8337590079697185	0.03243999384045228	62.0	0.0	0.0	5.0
0.3186928365283994	0.24487208283177908	0.03380280667020277	56.0	0.0	0.0	5.0
0.7559565281802743	0.379284332252637	0.034727138665354026	8.0	0.0	0.0	5.0
0.235955662730727	0.24165003907112714	0.035257402237189615	60.0	0.0	0.00010914828736474647	5.0
0.8813635666418679	0.785515638978578	0.03556084817162801	20.0	0.0	0.0011290570819966206	5.0
0.3754552663195847	0.06128885473931758	0.030548925107828605	64.0	0.0	0.0	6.0
0.2726785754630294	0.7772872682133439	0.030640245935056553	58.0	0.0	0.0	6.0
0.9585942535517812	0.7989973946446607	0.031520251949688785	3.0	0.0	0.0	6.0
0.0741664609352929	0.5684323755964261	0.032703309862545424	50.0	0.0	0.0	6.0
0.9322702374886797	0.288581017373676	0.03318148367196508	59.0	0.0	0.0	6.0
0.42514380974700067	0.9521279179323574	0.03211749673176308	69.0	0.0	0.0	6.0
0.6379581622943283	0.29088847722645633	0.03469785874705899	65.0	0.0	0.0	6.0
0.3388837335447326	0.8176773643184135	0.032711638256186726	41.0	0.0	0.0	6.0
0.4719932921453543	0.17012715314527135	0.03276409492894548	55.0	0.0	0.0	6.0
0.26337593598334574	0.5194432210111494	0.03291212780732626	30.0	0.0	0.0	6.0
0.641759957879258	0.9358048086825033	0.030945256286204353	38.0	0.0	0.0	6.0
0.04725712046619224	0.8773782857775889	0.030803040482542118	42.0	0.0	0.0	6.0
0.28843726732138925	0.4546053190179628	0.03184538946097663	51.0	0.0	0.0	6.0
0.14053849960412554	0.9335832396699286	0.031106547823655375	40.0	0.0	0.0	6.0
0.5687808248308256	0.3410050813542514	0.03074176905975785	47.0	0.0	0.0	6.0
0.5046606352060812	0.34497234682037636	0.032035383367415717	39.0	0.0	0.0	6.0
0.6142974367139045	0.025336215212189945	0.020202739349058488	54.0	0.0	0.0	6.0
0.5815615962745353	0.5055216182698817	0.03236093960885423	61.0	0.0	0.0	6.0
0.6831432083534826	0.23407900424089048	0.033443379938500876	45.0	0.0	0.0	6.0
0.7053326409380621	0.6492439590987097	0.034456156375941974	48.0	0.0	0.0	6.0
0.2827084647574009	0.5934326520144612	0.03381810964964948	5.0	0.0	0.0	6.0
0.1796381978856377	0.3903610436510068	0.03626612757218884	43.0	0.0	0.012990096378160843	6.0
0.8775594917951265	0.7829412313852049	0.03559640901979964	20.0	0.0	0.001357727400488784	6.0
0.1391590841169553	0.8339205378752294	0.032531128046271535	13.0	0.0	0.0	6.0
0.297399819601569	0.3706203061756732	0.031576895362979675	66.0	0.0	0.0	6.0
0.7494383996289695	0.8095497148283822	0.03295063594000219	24.0	0.0	0.0	6.0
0.7008531585157936	0.5310363382021225	0.03220424899557354	17.0	0.0	0.0	6.0
0.6049824665661709	0.1668642566367386	0.03185358108234409	12.0	0.0	0.0	6.0
0.9029139472809581	0.5528349681658951	0.03357633621528887	36.0	0.0	0.0	6.0
0.5386417813117993	0.03587167482075282	0.034330011825409255	33.0	0.0	0.0	6.0
0.5177774962380715	0.870878836669802	0.03438560172050152	67.0	0.0	0.0	6.0
0.21690455478803883	0.32275073634128226	0.033607532969360684	52.0	0.0	0.0	6.0
0.34870361227821023	0.9013856906364212	0.03248696298096541	15.0	0.0	0.0	6.0
0.5303162332540365	0.5697731680661383	0.031856680881775803	22.0	0.0	0.0	6.0
0.644015042707129	0.7588069400792872	0.029619031527669502	28.0	0.0	0.0	6.0
0.6336847624388713	0.562959988709829	0.032084447327234804	35.0	0.0	0.0	6.0
0.7093040576595042	0.734932052634192	0.03277444189958491	26.0	0.0	0.0	6.0
0.8143686514754167	0.906779303000001	0.03376235374401656	21.0	0.0	0.0	6.0
0.46378034287932635	0.4589208868580466	0.034612290031709014	37.0	0.0	0.0	6.0
0.4393608918034076	0.10053052709952225	0.031788345315177415	31.0	0.0	0.0	6.0
0.6092234907878311	0.08429492349109746	0.03282674575202919	25.0	0.0	0.0	6.0
0.7705228951636092	0.0841980111010212	0.03619254257936311	11.0	0.0	0.010854295906298717	6.0
0.45967929471029617	0.6249828742101069	0.035229632623391675	27.0	0.0	7.749625861208642e-05	6.0
0.8203185372268842	0.25542158538121923	0.0350654352907014	53.0	0.0	1.7931477742649804e-06	6.0
0.1524422111064936	0.550015104568528	0.032363269780336545	16.0	0.0	0.0	6.0
0.5340252928261968	0.12517305547699267	0.03561008285198973	2.0	0.0	0.0014532704015266518	6.0
0.7641093796721896	0.37629612756822245	0.034761865804019375	8.0	0.0	0.0	6.0
0.593179102383153	0.6134358964870731	0.030912454063446684	19.0	0.0	0.0	6.0
0.0975319675926786	0.39980775811344466	0.03349718736195139	44.0	0.0	0.0	6.0
0.5323691628177992	0.653006899216601	0.033738981347437295	9.0	0.0	0.0	6.0
0.6899968542536572	0.4036648623758648	0.031074988388004557	70.0	0.0	0.0	6.0
0.20881452970682213	0.6157095079550484	0.03237521661610182	23.0	0.0	0.0	6.0
0.6823321118182557	0.12032269192958324	0.03403924393873543	18.0	0.0	0.0	6.0
0.23153735186456398	0.2536583971354848	0.0352926596394268	60.0	0.0	0.00016042367964530513	6.0
0.4791531172026211	0.5270525261021197	0.02731316300592176	10.0	0.0	0.0	6.0
0.6303769077149622	0.46291855760623096	0.03214480809817581	6.0	0.0	0.0	6.0
0.6395808204496195	0.6762649160373709	0.03207918886141589	29.0	0.0	0.0	6.0
0.5858308550528379	0.22802329880721986	0.03125726694971958	57.0	0.0	0.0	6.0
0.23824134051499657	0.8350563637084903	0.03247243383429273	62.0	0.0	0.0	6.0
0.7962273111487572	0.7319649752519892	0.03645686291622673	46.0	0.0	0.019789555524383218	6.0
0.02428502074909128	0.6378918139603139	0.03169705411192761	68.0	0.0	0.0	6.0
0.16717360242526194	0.4799163147388587	0.03684214743097081	34.0	0.0	0.040008579149088064	6.0
0.5597895912159977	0.7213120068968083	0.03370634154232856	1.0	0.0	0.0	6.0
0.3259662406551245	0.2486156378894177	0.033836609476872975	56.0	0.0	0.0	6.0
0.8353255645756952	0.39458828419608605	0.03410471621843919	14.0	0.0	0.0	6.0
0.7836087118926467	0.5411818091385078	0.032916268161259435	49.0	0.0	0.0	6.0
0.21798242027042636	0.1559062175550869	0.03182006923831883	4.0	0.0	0.0	6.0
0.14488997198282205	0.17575192947385515	0.03493725048864294	63.0	0.0	0.0	6.0
0.8838766260736622	0.7056317406919986	0.03384549086955455	32.0	0.0	0.0	6.0
0.7424304460865478	0.4583857866674627	0.034307853237875365	7.0	0.0	0.0	6.0
0.5794921129554944	0.5075080997940895	0.03239330054846308	61.0	0.0	0.0	7.0
0.7484514406040251	0.8109045566024994	0.03298358657594219	24.0	0.0	0.0	7.0
0.639890627567503	0.6751486215949202	0.0321112680502773	29.0	0.0	0.0	7.0
0.5634245778819749	0.7320535027038773	0.03374004788387088	1.0	0.0	0.0	7.0
0.025481490004233266	0.6356201590113398	0.031728751166039536	68.0	0.0	0.0	7.0
0.6320483760586826	0.4611214701777145	0.03217695290627398	6.0	0.0	0.0	7.0
0.5821793011232357	0.2289017831321565	0.0312885242166693	57.0	0.0	0.0	7.0
0.7054163889153663	0.6558947309656655	0.03449061253231791	48.0	0.0	0.0	7.0
0.7336878114075355	0.46025751854825586	0.03434216109111324	7.0	0.0	0.0	7.0
0.8096303067779168	0.9052857641599144	0.03379611609776057	21.0	0.0	0.0	7.0
0.34640212863281356	0.8996980182845341	0.03251944994394637	15.0	0.0	0.0	7.0
0.7584535605668896	0.3788556170896977	0.03479662766982339	8.0	0.0	0.0	7.0
0.6073902754569624	0.16199941011349892	0.03188543466342643	12.0	0.0	0.0	7.0
0.430913712929362	0.9510061529302365	0.03214961422849484	69.0	0.0	0.0	7.0
0.27379340506198496	0.7770116281904349	0.030670886180991605	58.0	0.0	0.0	7.0
0.7099657535552588	0.5300209590607101	0.032236453244569106	17.0	0.0	0.0	7.0
0.5335155692327603	0.1260980309462854	0.03564569293484172	2.0	0.0	0.0017228920901857236	7.0
0.20893902515405793	0.614395133418954	0.03240759183271792	23.0	0.0	0.0	7.0
0.6831369617517915	0.12484100212657567	0.03407328318267416	18.0	0.0	0.0	7.0
0.6825662146680753	0.24060830995228788	0.033476823318439375	45.0	0.0	0.0	7.0
0.770073509959441	0.09608882424515072	0.03622873512194247	11.0	0.0	0.011872844797622406	7.0
0.9583800443003826	0.7959092251164698	0.03155177220163847	3.0	0.0	0.0	7.0
0.13727170943565878	0.9273808069525276	0.031137654371479025	40.0	0.0	0.0	7.0
0.2833402207120525	0.5945137467173087	0.03385192775929913	5.0	0.0	0.0	7.0
0.03621675434660736	0.8791661178762518	0.030833843523024658	42.0	0.0	0.0	7.0
0.581088161860674	0.6094718954697458	0.03094336651751013	19.0	0.0	0.0	7.0
0.26527046929680914	0.5203294815693325	0.032945039935133584	30.0	0.0	0.0	7.0
0.0776628499042774	0.5713891921703395	0.032736013172407964	50.0	0.0	0.0	7.0
0.7906452745593493	0.5408936942047923	0.03294918442942069	49.0	0.0	0.0	7.0
0.6383036220251114	0.9360117785670642	0.030976201542490554	38.0	0.0	0.0	7.0
0.3401782353579414	0.8178536651033415	0.03274434989444291	41.0	0.0	0.0	7.0
0.23106130731592184	0.25266531473969994	0.035327952299066226	60.0	0.0	0.00022574181546985983	7.0
0.5438947157863744	0.03137236040641836	0.03436434183723466	33.0	0.0	0.0	7.0
0.4581185758676063	0.6303536418306739	0.035264862256015064	27.0	0.0	0.00011891597354463102	7.0
0.6166724572336806	0.020222942088407542	0.020222942088407542	54.0	0.0	0.0	7.0
0.37600222256555454	0.05921718285929601	0.03057947403293643	64.0	0.0	0.0	7.0
0.32477349623192664	0.24595773373277122	0.03387044608634984	56.0	0.0	0.0	7.0
0.21759610276995334	0.3239006630722171	0.03364114050233004	52.0	0.0	0.0	7.0
0.09728647666697736	0.3979617823907373	0.033530684549313336	44.0	0.0	0.0	7.0
0.9039515705908023	0.55281863520509	0.033609912551504154	36.0	0.0	0.0	7.0
0.35270541082164325	0.39679358717434865	0.09198396793587174	-2.0	-1.0	1184.2353882780926	7.0
0.7130733299984313	0.7259325479498315	0.03280721634148449	26.0	0.0	0.0	7.0
0.5694732439968845	0.3501527648746004	0.030772510828817604	47.0	0.0	0.0	7.0
0.8245526637858109	0.2513057481295614	0.0351005007259921	53.0	0.0	6.4966215944650685e-06	7.0
0.6312325450344191	0.5580205200196162	0.032116531774562036	35.0	0.0	0.0	7.0
0.6111994329337286	0.08986439151626432	0.032859572497781216	25.0	0.0	0.0	7.0
0.29682594256103034	0.36584570001014477	0.03160847225834265	66.0	0.0	0.0	7.0
0.28863034219591316	0.45843549736434963	0.0318772348504376	51.0	0.0	0.0	7.0
0.14155044578424858	0.16878530274212272	0.034972187739131584	63.0	0.0	0.0	7.0
0.17807544353837684	0.3901981177591159	0.03630239369976102	43.0	0.0	0.014138613873399208	7.0
0.47250718698000577	0.16880789502424473	0.03279685902387442	55.0	0.0	0.0	7.0
0.15149833438647833	0.5574715564018925	0.032395633050116876	16.0	0.0	0.0	7.0
0.8316834707980236	0.39086503870281	0.03413882093465763	14.0	0.0	0.0	7.0
0.5306789907695391	0.6548246826068334	0.03377272032878473	9.0	0.0	0.0	7.0
0.9297419158507831	0.29266777773273756	0.03321466515563704	59.0	0.0	0.0	7.0
0.4418770062660727	0.0997374411346964	0.03182013366049259	31.0	0.0	0.0	7.0
0.4643169338869018	0.45806562705288545	0.03464690232174072	37.0	0.0	0.0	7.0
0.6359974910801909	0.2924234160884639	0.03473255660580604	65.0	0.0	0.0	7.0
0.5304088718698129	0.5709970347359608	0.031888537562657575	22.0	0.0	0.0	7.0
0.214692945776302	0.15715192881833728	0.03185188930755715	4.0	0.0	0.0	7.0
0.8854111834534211	0.7047543306266953	0.0338793363604241	32.0	0.0	0.0	7.0
0.2407462737481905	0.8405455589174209	0.032504906268127014	62.0	0.0	0.0	7.0
0.6432230891889131	0.7598658132574242	0.02964865055919717	28.0	0.0	0.0	7.0
0.7950763729170411	0.7261429079449163	0.036493319779142955	46.0	0.0	0.02131269776118927	7.0
0.5140930891300837	0.870681480497662	0.03441998732222202	67.0	0.0	0.0	7.0
0.8805588000475795	0.7816066074487104	0.03563200542881943	20.0	0.0	0.0016156318288551574	7.0
0.46712490098526854	0.5250269324549943	0.02734047616892768	10.0	0.0	0.0	7.0
0.6903167669928874	0.40560175491251904	0.03110606337639256	70.0	0.0	0.0	7.0
0.5033712868032377	0.34617915996513965	0.03206741875078313	39.0	0.0	0.0	7.0
0.16731634103930745	0.47840933593935725	0.03687898957840178	34.0	0.0	0.04245736995102334	7.0
0.13852526238906923	0.8329103043084238	0.032563659174317805	13.0	0.0	0.0	7.0
0.20735802394503813	0.32161740719732057	0.033674781642832365	52.0	0.0	0.0	8.0
0.5350225729376608	0.5619632370365751	0.03192042610022023	22.0	0.0	0.0	8.0
0.15538462457041674	0.4785220184258411	0.036915868567980174	34.0	0.0	0.04500669383921263	8.0
0.8833229793681657	0.703595005417047	0.03391321569678452	32.0	0.0	0.0	8.0
0.47377555944586597	0.17125328422734704	0.03282965588289829	55.0	0.0	0.0	8.0
0.6415018274691049	0.758823281361615	0.029678299209756363	28.0	0.0	0.0	8.0
0.5021739935655345	0.3451536381832372	0.03209948616953391	39.0	0.0	0.0	8.0
0.3405339904516552	0.8225536144513196	0.03277709424433735	41.0	0.0	0.0	8.0
0.34513994274321014	0.8995503407436197	0.032551969393890316	15.0	0.0	0.0	8.0
0.3738862955039276	0.053352715544952634	0.030610053506969364	64.0	0.0	0.0	8.0
0.6837338415197229	0.23852066541446193	0.033510300141757814	45.0	0.0	0.0	8.0
0.1740923857644713	0.3984422784973664	0.03633869609346078	43.0	0.0	0.015354156471872216	8.0
0.46556518643284356	0.4566892091528311	0.034681549224062455	37.0	0.0	0.0	8.0
0.6848125586790267	0.12891341872979928	0.03410735646585683	18.0	0.0	0.0	8.0
0.6275041423185478	0.5598222246590135	0.0321486483063366	35.0	0.0	0.0	8.0
0.9577650850886932	0.7967534064941332	0.0315833239738401	3.0	0.0	0.0	8.0
0.7498562816715836	0.8110778973715647	0.03301657016251813	24.0	0.0	0.0	8.0
0.13335904081816807	0.16772218246223966	0.035007159926870715	63.0	0.0	2.3491253386964672e-09	8.0
0.9278557114228456	0.6472945891783567	0.06372745490981964	-2.0	-1.0	151.7299899166609	8.0
0.7941142780516314	0.7232502036008017	0.036529813098922094	46.0	0.0	0.022913693504847288	8.0
0.26794257967607765	0.5199140176644961	0.032977984975068715	30.0	0.0	0.0	8.0
0.6026500577444054	0.17352016489750555	0.031917320098089855	12.0	0.0	0.0	8.0
0.5449731460705767	0.030400517504712923	0.0343987061790719	33.0	0.0	0.0	8.0
0.13387395834575766	0.8350152096702123	0.03259622283349212	13.0	0.0	0.0	8.0
0.7095934094237523	0.526923088854366	0.03226868969781367	17.0	0.0	0.0	8.0
0.7602695213417147	0.37815481587296346	0.03483142429749321	8.0	0.0	0.0	8.0
0.3246783334000592	0.243799797038257	0.03390431653243619	56.0	0.0	0.0	8.0
0.5806523503766251	0.6123341963476888	0.030974309884027634	19.0	0.0	0.0	8.0
0.29612380526400905	0.460338385294768	0.03190911208528804	51.0	0.0	0.0	8.0
0.27750377760693345	0.7703777117420155	0.030701557067172595	58.0	0.0	0.0	8.0
0.284043198928899	0.593609942575405	0.03388577968705842	5.0	0.0	0.0	8.0
0.04293623693628526	0.8868627712409289	0.030864677366547678	42.0	0.0	0.0	8.0
0.024413970418470994	0.6393747423520773	0.03176047991720557	68.0	0.0	0.0	8.0
0.13489999325977056	0.9285269095500934	0.0311687920258505	40.0	0.0	0.0	8.0
0.9228857923970774	0.2961965622171041	0.03324787982079268	59.0	0.0	0.0	8.0
0.24158750224345418	0.8414849792260706	0.03253741117439514	62.0	0.0	0.0	8.0
0.5699644990440074	0.34846542312069706	0.03080328333964642	47.0	0.0	0.0	8.0
0.8325598627239581	0.39031902654244555	0.034172959755592286	14.0	0.0	0.0	8.0
0.6331413516788514	0.45809219761152037	0.03220912985918025	6.0	0.0	0.0	8.0
0.6928500073487244	0.3997609021558361	0.03113716943976895	70.0	0.0	0.0	8.0
0.8256000613775621	0.2507068802074499	0.03513560122671809	53.0	0.0	1.5957719583070684e-05	8.0
0.46840014043777917	0.5297367362194325	0.027367816645096604	10.0	0.0	0.0	8.0
0.6388950339018105	0.6758690936554738	0.03214337931832757	29.0	0.0	0.0	8.0
0.29447496604557927	0.3702419869848069	0.03164008073060099	66.0	0.0	0.0	8.0
0.07550611038715019	0.56988968209769	0.03276874918558037	50.0	0.0	0.0	8.0
0.624791643167765	0.017775705006659766	0.020243165030495947	54.0	0.0	0.0	8.0
0.5802307246398163	0.23984080744936734	0.031319812740885966	57.0	0.0	0.0	8.0
0.8074576111305877	0.9059257517852658	0.03382991221385833	21.0	0.0	0.0	8.0
0.45951963964241	0.632495803515297	0.035300127118271074	27.0	0.0	0.00017301975346128984	8.0
0.6367905249960969	0.2905299704047052	0.03476728916241184	65.0	0.0	0.0	8.0
0.7879677959097837	0.536377364139572	0.03298213361385011	49.0	0.0	0.0	8.0
0.09685989219553882	0.396057296050063	0.033564215233862646	44.0	0.0	0.0	8.0
0.42877476178189494	0.9526806607296623	0.03218176384272333	69.0	0.0	0.0	8.0
0.5212153994723768	0.871742988290683	0.03445440730954424	67.0	0.0	0.0	8.0
0.7672339126248329	0.09491000556818506	0.03626496385706441	11.0	0.0	0.01295431116460577	8.0
0.6369551140835805	0.9353705695615411	0.03100717774403304	38.0	0.0	0.0	8.0
0.6106433552373133	0.08636059395804799	0.03289243207027899	25.0	0.0	0.0	8.0
0.4398547871625274	0.10033310450043713	0.03185195379415308	31.0	0.0	0.0	8.0
0.7122325065469189	0.7251554214501361	0.03284002355782597	26.0	0.0	0.0	8.0
0.9013245882622499	0.5469646843379156	0.03364352246405566	36.0	0.0	0.0	8.0
0.5361030749748066	0.12317163508659522	0.03568133862777655	2.0	0.0	0.00202427265520555	8.0
0.5230975411817946	0.6630795244766864	0.03380649304911351	9.0	0.0	0.0	8.0
0.7060536484120612	0.6543732118739217	0.034525103144850224	48.0	0.0	0.0	8.0
0.8790714764622616	0.7790978127562963	0.03566763743424825	20.0	0.0	0.0019045922480955824	8.0
0.5797324896923494	0.5049702956493871	0.03242569384901154	61.0	0.0	0.0	8.0
0.1500097324638696	0.562246612418717	0.032428028683166986	16.0	0.0	0.0	8.0
0.7326624055948932	0.45866796351277794	0.03437650325220435	7.0	0.0	0.0	8.0
0.567626340156212	0.7328429750336724	0.03377378793175475	1.0	0.0	0.0	8.0
0.2095950486269886	0.6164994897173162	0.032439999424550635	23.0	0.0	0.0	8.0
0.24114705186868304	0.24874220726569904	0.03536328025136529	60.0	0.0	0.00030683531443287393	8.0
0.2128727711093334	0.15665293827497262	0.0318837411968647	4.0	0.0	0.0	8.0
0.533905071790795	0.5629576118855346	0.031952346526320445	22.0	0.0	0.0	9.0
0.6014416784777415	0.17091571820399404	0.03194923741818794	12.0	0.0	0.0	9.0
0.7103466490342142	0.527576529870434	0.03230095838751148	17.0	0.0	0.0	9.0
0.5437683310658304	0.026262270630418555	0.03443310488525097	33.0	0.0	0.0	9.0
0.9174937307638009	0.2833224900982283	0.033281127700613464	59.0	0.0	0.0	9.0
0.4601134453866988	0.6310780344880667	0.03533542724538934	27.0	0.0	0.00024153216877209616	9.0
0.6110462367158522	0.08754693328850768	0.032925324502349265	25.0	0.0	0.0	9.0
0.2919762614680137	0.37097800355989274	0.031671720811331586	66.0	0.0	0.0	9.0
0.8812179114101064	0.7824922120586879	0.0357033050716825	20.0	0.0	0.0022264411572763265	9.0
0.1522378124129146	0.5592281448211657	0.03246045671185015	16.0	0.0	0.0	9.0
0.9004547636080419	0.5489361311285144	0.03367716598651971	36.0	0.0	0.0	9.0
0.6330903904575065	0.7585849131959003	0.029707977508966116	28.0	0.0	0.0	9.0
0.3448162340938041	0.8242998030313239	0.03280987133858168	41.0	0.0	0.0	9.0
0.8841714169901836	0.691978925795513	0.033947128912481306	32.0	0.0	0.0	9.0
0.6381516761552224	0.6723427697877103	0.0321755226976459	29.0	0.0	0.0	9.0
0.42760510994734313	0.9523914659874582	0.03221394560656605	69.0	0.0	0.0	9.0
0.52401953085975	0.6660370326541952	0.033840299542162625	9.0	0.0	0.0	9.0
0.13303130093161453	0.8361719623185959	0.03262881905632561	13.0	0.0	0.0	9.0
0.12530440502981507	0.9339334803401107	0.031199960817876345	40.0	0.0	0.0	9.0
0.8052146428828865	0.9013939567897006	0.03386374212607218	21.0	0.0	0.0	9.0
0.8235018523006055	0.2515014638664774	0.035170736827944804	53.0	0.0	3.1853825731786856e-05	9.0
0.7579436124431197	0.3727373931158579	0.0348662557217907	8.0	0.0	0.0	9.0
0.46569732333415836	0.5278575563559286	0.027395184461741696	10.0	0.0	0.0	9.0
0.7708352190913969	0.09819669518630433	0.03630122882092147	11.0	0.0	0.014100710482750856	9.0
0.5824761309499726	0.6107720671679013	0.03100528419391166	19.0	0.0	0.0	9.0
0.2779152179150147	0.7716975075106685	0.030732258624239762	58.0	0.0	0.0	9.0
0.4894017905494879	0.34944629066914873	0.03213158565570344	39.0	0.0	0.0	9.0
0.2121375865001919	0.15588219332171233	0.03191562493806156	4.0	0.0	0.0	9.0
0.5823230186128904	0.2404858512084504	0.03135113255362685	57.0	0.0	0.0	9.0
0.6850670259041749	0.1322752344565461	0.034141463822322686	18.0	0.0	0.0	9.0
0.07691986894273481	0.5673619693081063	0.03280151793476595	50.0	0.0	0.0	9.0
0.5370076504346929	0.12237687324932205	0.03571701996640433	2.0	0.0	0.0023592486872558993	9.0
0.7154308617234468	0.3567134268537074	0.0022044088176352704	-2.0	-1.0	0.0	9.0
0.24213309715845802	0.24941860333979723	0.03539864353161665	60.0	0.0	0.0004054470444003755	9.0
0.1517868760689596	0.4783747071433128	0.03695278443654815	34.0	0.0	0.04765877655724182	9.0
0.7337074216047255	0.4620201088443404	0.03441087975545655	7.0	0.0	0.0	9.0
0.637716617346946	0.2912180790357464	0.03480205645157425	65.0	0.0	0.0	9.0
0.5651310474040656	0.7329608862249085	0.0338075617196865	1.0	0.0	0.0	9.0
0.5145514192082762	0.8633943259731318	0.03448886171685378	67.0	0.0	0.0	9.0
0.6838100553437585	0.2397296202955853	0.033543810441899566	45.0	0.0	0.0	9.0
0.25937643675644134	0.5181813754781369	0.03301096296004378	30.0	0.0	0.0	9.0
0.34395785102081416	0.8961401742462344	0.0325845213632842	15.0	0.0	0.0	9.0
0.7113947345111898	0.7306576987446792	0.03287286358138379	26.0	0.0	0.0	9.0
0.09745891492403114	0.3979788084708512	0.033597779449096504	44.0	0.0	0.0	9.0
0.7966841988081993	0.7279137382859939	0.03656634291202101	46.0	0.0	0.024594642403386047	9.0
0.2872476503434677	0.6026051627763388	0.03391966546674548	5.0	0.0	0.0	9.0
0.17588711806914226	0.4003476965751429	0.036375034789554235	43.0	0.0	0.016638762892768	9.0
0.962028343890399	0.7953503632813029	0.03161490729781394	3.0	0.0	0.0	9.0
0.627754025950087	0.012632251205798237	0.02026340819552644	54.0	0.0	0.0	9.0
0.833469873079792	0.3818064005813998	0.03420713271534787	14.0	0.0	0.0	9.0
0.6340580084151847	0.5683625402095601	0.03218079695464293	35.0	0.0	0.0	9.0
0.038168761395979356	0.8769172818010907	0.03089554204391422	42.0	0.0	0.0	9.0
0.4683691816332709	0.16932185039447417	0.03286248553878118	55.0	0.0	0.0	9.0
0.1349527616117643	0.16941419213027945	0.03504216708679758	63.0	0.0	4.798447719167598e-07	9.0
0.6803066353825887	0.4055787902871741	0.031168306609208715	70.0	0.0	0.0	9.0
0.024626475785635645	0.6435903786838995	0.03179224039712277	68.0	0.0	0.0	9.0
0.631251991439513	0.4575997315099065	0.03224133898903943	6.0	0.0	0.0	9.0
0.2088243158177986	0.6172028898710736	0.03247243942397518	23.0	0.0	0.0	9.0
0.573064599501879	0.509093922298249	0.03245811954286055	61.0	0.0	0.0	9.0
0.5671215626215275	0.34233797905602587	0.030834086622986062	47.0	0.0	0.0	9.0
0.3202718118951523	0.23906210372225334	0.03393822084896862	56.0	0.0	0.0	9.0
0.22834228726138217	0.8365641898145766	0.03256994858556953	62.0	0.0	0.0	9.0
0.29546784960091954	0.4484904436045709	0.03194102119737332	51.0	0.0	0.0	9.0
0.638830685474272	0.9368773583596662	0.03103818492177707	38.0	0.0	0.0	9.0
0.7506893506731483	0.8095433831543443	0.033049586732680644	24.0	0.0	0.0	9.0
0.7123539997149374	0.6570353375811356	0.03455962824799507	48.0	0.0	0.0	9.0
0.3705691333574979	0.05842450298215156	0.03064066356047633	64.0	0.0	0.0	9.0
0.7860099689257364	0.5374482375817945	0.033015115747463956	49.0	0.0	0.0	9.0
0.2083560786665286	0.3238794858450175	0.033708456424475196	52.0	0.0	0.0	9.0
0.4412063278265975	0.10114011768621443	0.031883805747947226	31.0	0.0	0.0	9.0
0.46651476325362085	0.4532677018131834	0.03471623077328651	37.0	0.0	0.0	9.0
0.8333387320871468	0.374863894986457	0.03424133984806322	14.0	0.0	0.0	10.0
0.2116001864636961	0.3239509820428855	0.033742164880899664	52.0	0.0	0.0	10.0
0.6900408622052915	0.1308441135054405	0.03417560528614501	18.0	0.0	0.0	10.0
0.20844593200088019	0.622201791657823	0.032504911863399155	23.0	0.0	0.0	10.0
0.13398352923429677	0.8354361190057878	0.03266144787538193	13.0	0.0	0.0	10.0
0.9020729005966633	0.5484484018322461	0.03371084315250623	36.0	0.0	0.0	10.0
0.5729971377660344	0.4972385157462996	0.0324905776624034	61.0	0.0	0.0	10.0
0.8806190549947842	0.6925541808851227	0.03398107604139378	32.0	0.0	0.0	10.0
0.4299347653130643	0.9517211547023862	0.03224615955217261	69.0	0.0	0.0	10.0
0.5671215626215275	0.35467203147112486	0.030864920709609046	47.0	0.0	0.0	10.0
0.5901902636447455	0.6163478972644479	0.031036289478105567	19.0	0.0	0.0	10.0
0.7208440962468521	0.6602505042877875	0.03459418787624306	48.0	0.0	0.0	10.0
0.133689557600514	0.16779011759983536	0.03507720925388438	63.0	0.0	2.945696792266972e-06	10.0
0.5635317509492402	0.7317250149552078	0.03384136928140618	1.0	0.0	0.0	10.0
0.6006475293908653	0.17537395540779374	0.03198118665560613	12.0	0.0	0.0	10.0
0.2972199142391631	0.4489589228336967	0.03197296221857069	51.0	0.0	0.0	10.0
0.6384674893614181	0.29233516528530756	0.03483685850802582	65.0	0.0	0.0	10.0
0.17496867447646564	0.3986039100769184	0.036411409824343786	43.0	0.0	0.01799448336450382	10.0
0.88079086101414	0.7813086064731547	0.03573900837675418	20.0	0.0	0.002583021717242673	10.0
0.4865882072927569	0.34900883033985514	0.03216371724135914	39.0	0.0	0.0	10.0
0.9151421344349314	0.28307732301235833	0.033314408828314074	59.0	0.0	0.0	10.0
0.6405517514610679	0.9370897175429592	0.031069223106698844	38.0	0.0	0.0	10.0
0.7506140312469354	0.8078354205974821	0.03308263631941332	24.0	0.0	0.0	10.0
0.3686809690172724	0.05599693024889386	0.030671304224036803	64.0	0.0	0.0	10.0
0.7039861501679162	0.5285438703652894	0.032333259345898986	17.0	0.0	0.0	10.0
0.6143468214406359	0.08506211645177944	0.03295824982685161	25.0	0.0	0.0	10.0
0.6409347394964103	0.671910054742663	0.03220769822034354	29.0	0.0	0.0	10.0
0.2910465172749393	0.6081059220838049	0.03395358513221222	5.0	0.0	0.0	10.0
0.45935290585843724	0.636533855129202	0.035370762672634726	27.0	0.0	0.00032618800479156107	10.0
0.6310618794319947	0.7576822719392449	0.02973768548647508	28.0	0.0	0.0	10.0
0.47393581690801695	0.17697567270484546	0.03289534802431996	55.0	0.0	0.0	10.0
0.5449976479695198	0.026996303262325216	0.034467537990136216	33.0	0.0	0.0	10.0
0.5195618222616212	0.863694355422038	0.03452335057857063	67.0	0.0	0.0	10.0
0.5363480429205227	0.12135436837109592	0.03575273698637073	2.0	0.0	0.002729667455781737	10.0
0.27788811876777186	0.7738495624247455	0.030762990882863998	58.0	0.0	0.0	10.0
0.7577531214713559	0.37462205161688794	0.03490112197751249	8.0	0.0	0.0	10.0
0.43643624073152093	0.09883598097451465	0.03191568955369517	31.0	0.0	0.0	10.0
0.7020272632281475	0.7318135338878112	0.032905736444965174	26.0	0.0	0.0	10.0
0.6880254932829133	0.4064326817729163	0.03119947491581792	70.0	0.0	0.0	10.0
0.7976465813635125	0.7283938377431436	0.03660290925493303	46.0	0.0	0.026357655862895513	10.0
0.7392487702272649	0.4508642655335594	0.034445290635212004	7.0	0.0	0.0	10.0
0.8297080563543278	0.25376279600229196	0.035205907564772744	53.0	0.0	5.587234262804941e-05	10.0
0.34411920637049037	0.8101800960710085	0.03284268120992026	41.0	0.0	0.0	10.0
0.2125375853974524	0.1539846874909561	0.03194754056299962	4.0	0.0	0.0	10.0
0.29327925380699194	0.37134404674500465	0.03170339253214292	66.0	0.0	0.0	10.0
0.4677155831252175	0.5284520534695073	0.027422579646203434	10.0	0.0	0.0	10.0
0.32039574141804794	0.2415205912714151	0.03397215906981759	56.0	0.0	0.0	10.0
0.7719588325604836	0.0952011999883065	0.036337530049742384	11.0	0.0	0.015314069641689798	10.0
0.03486992524092059	0.645515028242535	0.03182403263751989	68.0	0.0	0.0	10.0
0.09052207995418333	0.3917275802509988	0.033631377228545596	44.0	0.0	0.0	10.0
0.24296855603833056	0.2484737229604915	0.03543404217514826	60.0	0.0	0.0005233301641140997	10.0
0.07595795188008791	0.5635233832515575	0.03283431945270071	50.0	0.0	0.0	10.0
0.22942707527336223	0.8367821871262009	0.0326025185341551	62.0	0.0	0.0	10.0
0.6828827572711057	0.24005432997464557	0.033577354252341464	45.0	0.0	0.0	10.0
0.34152629617931	0.893839942272823	0.03261710588464748	15.0	0.0	0.0	10.0
0.466569432099557	0.4543522107656968	0.03475094700405979	37.0	0.0	0.0	10.0
0.26008084234501944	0.5191743787802157	0.033043973923003817	30.0	0.0	0.0	10.0
0.036397920545948904	0.8817301823973369	0.03092643758595813	42.0	0.0	0.0	10.0
0.7888483600400782	0.5380933965519467	0.033048130863211414	49.0	0.0	0.0	10.0
0.8109540500604553	0.8897977976592828	0.033897605868198254	21.0	0.0	0.0	10.0
0.11846282174078829	0.9423948320778288	0.031231160778694218	40.0	0.0	0.0	10.0
0.6306591012377227	0.45386398153339286	0.03227358032802846	6.0	0.0	0.0	10.0
0.5238988059105609	0.5664481046134109	0.03198429887284676	22.0	0.0	0.0	10.0
0.7254509018036072	0.8356713426853707	0.08857715430861722	-2.0	-1.0	984.2805481034876	10.0
0.5827369523568856	0.23933859951155245	0.031382483686180476	57.0	0.0	0.0	10.0
0.16259076305677106	0.4755586490955225	0.03698973722098469	34.0	0.0	0.05041585611962773	10.0
0.6325573316252548	0.566621627209893	0.03221297775159757	35.0	0.0	0.0	10.0
0.6308723911975826	0.001921424076719724	0.020283671603721964	54.0	0.0	0.0	10.0
0.5262904637862301	0.6681625960011605	0.03387413984170479	9.0	0.0	0.0	10.0
0.961100853770821	0.7948354410642079	0.03164652220511175	3.0	0.0	0.0	10.0
0.15311005234055156	0.5586847194504477	0.032492917168561994	16.0	0.0	0.0	10.0
0.34201772140883124	0.811131103986708	0.03287552389113018	41.0	0.0	0.0	11.0
0.9142740059468903	0.2835521636136244	0.033347723237142385	59.0	0.0	0.0	11.0
0.5444355319449241	0.018892500242005124	0.03450200552812635	33.0	0.0	0.0	11.0
0.4670133104773945	0.1832934160649652	0.032928243372344276	55.0	0.0	0.0	11.0
0.5763137926625831	0.49747906678377346	0.0325230682400658	61.0	0.0	0.0	11.0
0.8349009121242641	0.3748196250252779	0.034275581187911276	14.0	0.0	0.0	11.0
0.2424889389981496	0.2494276095673183	0.03546947621732341	60.0	0.0	0.0006622481658098422	11.0
0.2064602454224219	0.6228414563453477	0.03253741677526255	23.0	0.0	0.0	11.0
0.7050346596064319	0.529629329722082	0.03236559260524488	17.0	0.0	0.0	11.0
0.6296778026641531	0.4576779113611904	0.03230585390835649	6.0	0.0	0.0	11.0
0.46561391989146744	0.4569491608394177	0.03478569795106385	37.0	0.0	0.0	11.0
0.21361267125414762	0.3235859568584917	0.03377590704578056	52.0	0.0	0.0	11.0
0.7198064736560592	0.6598043517173419	0.034628782064119304	48.0	0.0	0.0	11.0
0.46081220080409946	0.6362118095312098	0.03540613343530736	27.0	0.0	0.0004287323041012314	11.0
0.49098196392785565	0.9519038076152304	0.02044088176352705	-2.0	-1.0	0.0	11.0
0.4345817042666553	0.948826005737582	0.03227840571172478	69.0	0.0	0.0	11.0
0.12317455328412122	0.9456269318111407	0.03126239193947291	40.0	0.0	0.0	11.0
0.3028549020396207	0.3704674612459003	0.03173509592467506	66.0	0.0	0.0	11.0
0.6336323798360236	0.2986585951596942	0.034871695366533846	65.0	0.0	0.0	11.0
0.6326736935184575	0.5697005837850884	0.032245190729349164	35.0	0.0	0.0	11.0
0.5655930054094945	0.35355114419035477	0.03089578563031865	47.0	0.0	0.0	11.0
0.637850367331312	0.6724494644763649	0.032239905918563884	29.0	0.0	0.0	11.0
0.08929436007261438	0.38507808924305664	0.033665008605774135	44.0	0.0	0.0	11.0
0.5328946090891058	0.12335788419259139	0.035788489723357096	2.0	0.0	0.0031373869530426646	11.0
0.6359324978104126	0.93236753948084	0.03110029232980554	38.0	0.0	0.0	11.0
0.4639953087947359	0.5292485360317234	0.027450002225849635	10.0	0.0	0.0	11.0
0.3204196353976536	0.24025566194800574	0.034006131228887404	56.0	0.0	0.0	11.0
0.30825299901392034	0.45329672572465274	0.03200493518078926	51.0	0.0	0.0	11.0
0.6914799143323652	0.23302906830392123	0.0336109316065938	45.0	0.0	0.0	11.0
0.16007097499034995	0.47490186052755834	0.03702672695820567	34.0	0.0	0.05328018286152769	11.0
0.6136049945825556	0.08622812572382692	0.032991208076678456	25.0	0.0	0.0	11.0
0.14993177348555625	0.5589555032100135	0.03252541008573055	16.0	0.0	0.0	11.0
0.13389966020152166	0.8420965043863637	0.03269410932325731	13.0	0.0	0.0	11.0
0.7530695689917961	0.8043272436340725	0.03311571895573273	24.0	0.0	0.0	11.0
0.6472945891783567	0.749498997995992	0.008817635270541082	-2.0	-1.0	0.0	11.0
0.6365920139971373	0.7606172404772855	0.02976742317196155	28.0	0.0	0.0	11.0
0.8947171845375843	0.5465311174855291	0.03374455399565873	36.0	0.0	0.0	11.0
0.2229385956743207	0.15369418902982984	0.03197948810356262	4.0	0.0	0.0	11.0
0.526109684300012	0.5631137896125329	0.0320162831717196	22.0	0.0	0.0	11.0
0.879064449446203	0.7814995891493206	0.03577474738513093	20.0	0.0	0.002976187794786256	11.0
0.5683237573560709	0.742156710719209	0.03387521065068758	1.0	0.0	0.0	11.0
0.235410736818046	0.8343860281099452	0.03263512105268925	62.0	0.0	0.0	11.0
0.798997946990915	0.7289055946775207	0.03663951216418796	46.0	0.0	0.028204857095445846	11.0
0.37129658542069016	0.058044602105736344	0.030701975528260837	64.0	0.0	0.0	11.0
0.8310210716836824	0.2542982098098863	0.035241113472337514	53.0	0.0	8.971073326335954e-05	11.0
0.5204091142196197	0.8643406295201967	0.0345578739291492	67.0	0.0	0.0	11.0
0.2611621203665769	0.5191709750263986	0.03307701789692682	30.0	0.0	0.0	11.0
0.034130341202648726	0.8793529218926498	0.030957364023544084	42.0	0.0	0.0	11.0
0.9641327126094881	0.7984900107785411	0.03167816872731686	3.0	0.0	0.0	11.0
0.5892486194465211	0.6167598250280751	0.03106732576758367	19.0	0.0	0.0	11.0
0.7558914204071991	0.37438043102010626	0.034936023099489996	8.0	0.0	0.0	11.0
0.07432970382270053	0.5630326063366461	0.03286715377215341	50.0	0.0	0.0	11.0
0.28997675880142193	0.6068960554864484	0.03398753871734443	5.0	0.0	0.0	11.0
0.7365511568697544	0.4498620630578797	0.034479735925847216	7.0	0.0	0.0	11.0
0.7072460019032882	0.7389775244756471	0.032938642181410134	26.0	0.0	0.0	11.0
0.5931900088497288	0.16314830766347632	0.03201316784226173	12.0	0.0	0.0	11.0
0.6437766643135729	0.006531488439367722	0.020303955275325684	54.0	0.0	0.0	11.0
0.5857867746032194	0.24375474211677356	0.031413866169866654	57.0	0.0	0.0	11.0
0.6890567563941054	0.13118871541019528	0.034209780891431146	18.0	0.0	0.0	11.0
0.03374697464756801	0.6463941458087149	0.03185585667015741	68.0	0.0	0.0	11.0
0.6806010547892961	0.4139275673414983	0.031230674390733733	70.0	0.0	0.0	11.0
0.13574144090027745	0.164779897420391	0.035112286463138256	63.0	0.0	9.060708975994203e-06	11.0
0.35094145259770865	0.8952431754135209	0.03264972299053213	15.0	0.0	0.0	11.0
0.7768564427314135	0.09856080661736555	0.03637386757979212	11.0	0.0	0.016596426991867474	11.0
0.8122745198729655	0.8883417475255743	0.03393150347406645	21.0	0.0	0.0	11.0
0.4845273392534925	0.3597901510955924	0.0321958809586005	39.0	0.0	0.0	11.0
0.5282300817162517	0.6644373467712088	0.03390801398154649	9.0	0.0	0.0	11.0
0.17736733601798102	0.39794633064365337	0.03644782123416813	43.0	0.0	0.019423379671763996	11.0
0.27662843036617	0.7741027074466307	0.03079375387374686	58.0	0.0	0.0	11.0
0.7964083169047174	0.5331148188599814	0.033081178994074624	49.0	0.0	0.0	11.0
0.8833288012655575	0.6982995348756817	0.034015057117435174	32.0	0.0	0.0	11.0
0.43483880685409243	0.09688559288894776	0.03194760524324886	31.0	0.0	0.0	11.0
