# x	y	r	id	split_id	s_prob	t
2.0	0.5	0.0	-1.0	0.0	0.0	0.0
0.8587887401155812	0.8130022180811157	0.10807489987498835	1.0	0.0	2497.380181182178	0.0
0.359631006965357	0.9453072324927314	0.10589175923320447	2.0	0.0	2280.1700424777073	0.0
0.2776835176259157	0.5342378951732653	0.11136304076679285	3.0	0.0	2849.899957348323	0.0
0.23903008003377285	0.7663422233077737	0.1093530562450763	4.0	0.0	2630.731033703843	0.0
0.6300692579209913	0.8747389374050871	0.11472920793877653	5.0	0.0	3243.637576764662	0.0
0.6750060704021988	0.28546804148318855	0.10511345865399377	6.0	0.0	2205.8915006473053	0.0
0.22733236526558429	0.2930514182154427	0.12597440708128863	7.0	0.0	4818.78639307523	0.0
0.36891189774225147	0.9535899133089	0.10599765099243766	2.0	0.0	2290.403053657095	1.0
0.22035381299081508	0.30263118181834403	0.1261003814883699	7.0	0.0	4838.832186854771	1.0
0.27882569024698445	0.5376011778624123	0.11147440380755963	3.0	0.0	2862.3864921087106	1.0
0.6318275212947999	0.8711864621676523	0.11484393714671529	5.0	0.0	3257.6603824853064	1.0
0.24200338410279462	0.7748895324920015	0.10946240930132137	4.0	0.0	2642.355375615419	1.0
0.8573140430904331	0.811004387981472	0.10818297477486333	1.0	0.0	2508.4771578939967	1.0
0.6798724200749947	0.284648531191406	0.10521857211264775	6.0	0.0	2215.8275391315537	1.0
0.24007818978243578	0.7744900222189118	0.10957187171062267	4.0	0.0	2654.025585636609	2.0
0.22258730954482606	0.28855811285212646	0.12622648186985827	7.0	0.0	4858.953625486477	2.0
0.38972364512920765	0.947316959301588	0.10610364864343008	2.0	0.0	2300.676914021687	2.0
0.8520562675526899	0.824757405840672	0.10829115774963818	1.0	0.0	2519.6181048104763	2.0
0.6302175647240698	0.869771951052964	0.11495878108386198	5.0	0.0	3271.737628799301	2.0
0.7054632997693081	0.2704410348187187	0.10532379068476039	6.0	0.0	2225.803350386612	2.0
0.27503381031534035	0.5389289711059773	0.11158587821136717	3.0	0.0	2874.921987191667	2.0
0.7000330583313152	0.2768213660655318	0.10542911447544513	6.0	0.0	2235.8190786866667	3.0
0.21380659511887123	0.28919496233777026	0.12635270835172813	7.0	0.0	4879.150972982654	3.0
0.24895301404490075	0.5310678514971029	0.11169746408957852	3.0	0.0	2887.506617814671	3.0
0.39278110718059617	0.9505629829284371	0.1062097522920735	2.0	0.0	2310.9917714842422	3.0
0.8559553650146551	0.8256954437466628	0.10839944890738781	1.0	0.0	2530.8031803733397	3.0
0.2404388187864595	0.7816441037932059	0.10968144358233328	4.0	0.0	2665.7418285975905	3.0
0.6314540398174229	0.8732677285459566	0.11507373986494583	5.0	0.0	3285.8695092746843	3.0
0.3980531990089353	0.961385820514587	0.10631596204436555	2.0	0.0	2321.3477744572074	4.0
0.22750501464804543	0.2706371742726699	0.12647906106007983	7.0	0.0	4899.4244942281075	4.0
0.8692372528904221	0.8471641888820102	0.10850784835629519	1.0	0.0	2542.0325435580307	4.0
0.7054315640593419	0.2795999279424373	0.10553454358992057	6.0	0.0	2245.874868793818	4.0
0.2524881889243565	0.7850290736751675	0.1097911250259156	4.0	0.0	2677.5042698828843	4.0
0.2536379641197173	0.5334791527587668	0.11180916155366809	3.0	0.0	2900.1405597830376	4.0
0.632756469712047	0.8762196697484906	0.11518881360481076	5.0	0.0	3300.0562181263845	4.0
0.399187685304674	0.9573437634937311	0.10642227800640991	2.0	0.0	2331.7450718543305	5.0
0.6449115989396538	0.8832714897365517	0.11530400241841555	5.0	0.0	3314.297950218304	5.0
0.7033594409561276	0.2724826884315997	0.10564007813351048	6.0	0.0	2255.9708659596545	5.0
0.23803328241716676	0.27825606844110845	0.1266055401211399	7.0	0.0	4919.774454982948	5.0
0.23776025210738877	0.7959247265394452	0.10990091615094151	4.0	0.0	2689.3130754331464	5.0
0.8707666250840295	0.8513208110552388	0.10861635620465147	1.0	0.0	2553.30635387544	5.0
0.2511825062572708	0.5399020126911319	0.11192097071522174	3.0	0.0	2912.8239894918124	5.0
0.6884682470863056	0.26860126442321947	0.10574571821164398	6.0	0.0	2266.1072159268383	6.0
0.23627411283274158	0.28126645386783755	0.126732145661261	7.0	0.0	4940.201121885366	6.0
0.8730724621940499	0.8321364504614197	0.10872497256085611	1.0	0.0	2564.6247713736334	6.0
0.6384161450791533	0.8762878705019616	0.11541930642083396	5.0	0.0	3328.5949010653994	6.0
0.39557786795603606	0.9630177027061797	0.10652870028441631	2.0	0.0	2342.183813092285	6.0
0.25724765383727005	0.5337017238540543	0.11203289168593694	3.0	0.0	2925.557083927672	6.0
0.24209103631184978	0.7953071128157119	0.11001081706709244	4.0	0.0	2701.168411746959	6.0
0.25454078152105925	0.5332808551088439	0.11214492457762287	3.0	0.0	2938.3400206708316	7.0
0.6914972762980409	0.2869403405338983	0.10585146392985562	6.0	0.0	2276.2840649306954	7.0
0.24390872303598599	0.803467124252119	0.11012082788415951	4.0	0.0	2713.070445882635	7.0
0.6432089651575362	0.882215407270218	0.11553472572725479	5.0	0.0	3342.9472668357753	7.0
0.4045017079229223	0.9682266267603878	0.10663522898470072	2.0	0.0	2352.6641480922945	7.0
0.8897445662070471	0.8445242200596048	0.10883369753341696	1.0	0.0	2575.987956639584	7.0
0.23289669867938484	0.2732025487527164	0.12685887780692226	7.0	0.0	4960.704762454449	7.0
0.6918463279788918	0.28923282471367423	0.10595731539378546	6.0	0.0	2286.5015597008114	8.0
0.641131039843826	0.8813833014703877	0.11565026045298203	5.0	0.0	3357.355244352785	8.0
0.4113748427371648	0.9776616792094994	0.10674186421368541	2.0	0.0	2363.186227281766	8.0
0.2444273497274073	0.8058528561111076	0.11023094871204366	4.0	0.0	2725.01934546002	8.0
0.8942525021040184	0.8540821952007454	0.10894253123095037	1.0	0.0	2587.3960708009176	8.0
0.26360887379409637	0.5479384522587825	0.11225706950220049	3.0	0.0	2951.1729778969525	8.0
0.23071841176381117	0.27128870144212613	0.12698573668472918	7.0	0.0	4981.285645092984	8.0
0.6544616721219035	0.8932451644270614	0.115765910713435	5.0	0.0	3371.819031097136	9.0
0.4035496981000262	0.968683980397799	0.10684860607789909	2.0	0.0	2373.750201595931	9.0
0.26631608954421465	0.5512017007202107	0.11236932657170268	3.0	0.0	2964.0561343790623	9.0
0.26200490896968404	0.7830401105001943	0.11034117966075568	4.0	0.0	2737.0152786623057	9.0
0.8924105006963011	0.8532901792306712	0.1090514737621813	1.0	0.0	2598.849275527652	9.0
0.21868852608711553	0.2738642088686713	0.1271127224214139	7.0	0.0	5001.9440390902755	9.0
0.6898392517402175	0.2836700464815881	0.10606327270917923	6.0	0.0	2296.7598474626284	9.0
0.26593891332860603	0.5571847232581006	0.11248169589827436	3.0	0.0	2976.9896694894805	10.0
0.4043821127612064	0.9818883010113738	0.10695545468397698	2.0	0.0	2384.356222479477	10.0
0.690402582459845	0.2777226197305073	0.1061693359818884	6.0	0.0	2307.059075939052	10.0
0.6466277670282994	0.8738594733621123	0.11588167662414843	5.0	0.0	3386.3388252089985	10.0
0.8864935951799855	0.8576865806814543	0.10916052523594347	1.0	0.0	2610.3477330339542	10.0
0.20755025693316398	0.2570661352608967	0.1272398351438353	7.0	0.0	5022.680214624992	10.0
0.25903898170110456	0.7851864356570134	0.11045152084041643	4.0	0.0	2749.058414237845	10.0
0.2655340102837366	0.7949806446179197	0.11056197236125684	4.0	0.0	2761.148921501976	11.0
0.2607939442814168	0.5521162981279687	0.11259417759417263	3.0	0.0	2989.973763201748	11.0
0.8865089526204452	0.8664477243878616	0.1092696857611794	1.0	0.0	2621.891606079892	11.0
0.6402151788827926	0.8743665873417236	0.11599755830077256	5.0	0.0	3400.9148254901284	11.0
0.3914250712596142	0.9858828920508454	0.10706241013866094	2.0	0.0	2395.0044418882067	11.0
0.6834701912299052	0.27610093906376265	0.10627550531787026	6.0	0.0	2317.3993933520587	11.0
0.20594341602624688	0.27524927274780736	0.12736707497897912	7.0	0.0	5043.49444276798	11.0
0.8765750853346771	0.8672940723810341	0.10937895544694057	1.0	0.0	2633.481057973198	12.0
0.6392607383268821	0.8701054875515996	0.11611355585907332	5.0	0.0	3415.547231405991	12.0
0.2391996559939832	0.5520483214931733	0.11270677177176679	3.0	0.0	3003.008596092558	12.0
0.3932288968404379	0.9870871433696987	0.10716947254879959	2.0	0.0	2405.695012290683	12.0
0.26631936806919704	0.7811350826054216	0.11067253433361808	4.0	0.0	2773.286970338848	12.0
0.20555265413761856	0.27297266787272784	0.12749444205395807	7.0	0.0	5064.386995485133	12.0
0.6823086356375788	0.27351253590129565	0.10638178082318812	6.0	0.0	2327.7809484243135	12.0
0.6916402379587292	0.2653137711388824	0.1064881626040113	6.0	0.0	2338.2038903807847	13.0
0.3945046978192779	0.9843373811612721	0.10727664202134837	2.0	0.0	2416.428086669889	13.0
0.8687205208565891	0.8642629009926037	0.10948833440238749	1.0	0.0	2645.116252571038	13.0
0.2403975315165788	0.5546732906909123	0.11281947854353853	3.0	0.0	3016.0943493437044	13.0
0.2575611079021805	0.7975128834213391	0.11078320686795169	4.0	0.0	2785.47273120326	13.0
0.6366533347390537	0.8722547886177926	0.11622966941493237	5.0	0.0	3430.236243087894	13.0
0.2063959731831701	0.2703262698499897	0.12762193649601203	7.0	0.0	5085.358145640237	13.0
0.8663077925019569	0.8540933674847363	0.10959782273678986	1.0	0.0	2656.797354281783	14.0
0.3984029054924539	0.9906384151560527	0.10738391866336972	2.0	0.0	2427.2038185248957	14.0
0.701217524058658	0.28436156171993415	0.1065946507666153	6.0	0.0	2348.668368950376	14.0
0.6360536133107442	0.8687607715012009	0.1163458990843473	5.0	0.0	3444.9820613351244	14.0
0.2093395111759406	0.2618345813823802	0.12774955843250801	7.0	0.0	5106.408166997828	14.0
0.25798204256746604	0.5673985111771718	0.11293229802208206	3.0	0.0	3029.2312047440287	14.0
0.26391869966595644	0.7960256644649358	0.11089399007481963	4.0	0.0	2797.7063751224973	14.0
0.41214314911435806	0.9733468353272198	0.10749130258203307	2.0	0.0	2438.022361872518	15.0
0.19282678681765164	0.27579901654567707	0.12787730799094052	7.0	0.0	5127.537334226087	15.0
0.6340950535529288	0.8691800843140698	0.11646224498343163	5.0	0.0	3459.7848876170942	15.0
0.2553273214715453	0.5574385956553077	0.11304523032010413	3.0	0.0	3042.419344691371	15.0
0.2606731111120966	0.7995996032159165	0.11100488406489444	4.0	0.0	2809.9880736981754	15.0
0.8694872884875934	0.8518228533056144	0.10970742055952665	1.0	0.0	2668.5245280667905	15.0
0.7022176460438475	0.2813545222738085	0.1067012454173819	6.0	0.0	2359.174534367549	15.0
0.8690457799539683	0.8346592925652148	0.10981712798008617	1.0	0.0	2680.2979394421836	16.0
0.25525758116875	0.5463614271174074	0.11315827555042422	3.0	0.0	3055.6589521945307	16.0
0.2503040132695287	0.8061507667858279	0.11111588894895932	4.0	0.0	2822.3179991081	16.0
0.19024590972771008	0.27512630498291385	0.12800518529893146	7.0	0.0	5148.745922899699	16.0
0.7023720446713548	0.27912861870732186	0.10680794666279927	6.0	0.0	2369.722537373961	16.0
0.6304951266742834	0.8759240428213863	0.11657870722841505	5.0	0.0	3474.644924075494	16.0
0.42566759653282304	0.9836626420287394	0.10759879388461509	2.0	0.0	2448.8838712490024	16.0
0.20982034430379626	0.2740777955846538	0.12813319048423039	7.0	0.0	5170.034209502759	17.0
0.2548371144176514	0.544234479156323	0.11327143382597464	3.0	0.0	3068.950210875238	17.0
0.8648812593765021	0.8396402608217762	0.10992694510806623	1.0	0.0	2692.117754480644	17.0
0.7304622946769137	0.2829542859055194	0.10691475460946206	6.0	0.0	2380.3125292201107	17.0
0.6308287980567702	0.9025185892457258	0.11669528593564346	5.0	0.0	3489.5623735264508	17.0
0.4107463176314224	0.9672093085760155	0.10770639267849969	2.0	0.0	2459.788501711697	17.0
0.260438838370587	0.7912761294004049	0.11122700483790827	4.0	0.0	2834.6963241081125	17.0
0.7402228044822127	0.2869343702214319	0.10702166936407151	6.0	0.0	2390.944661666974	18.0
0.2159504318004657	0.27460006824056205	0.1282613236747146	7.0	0.0	5191.4024714316665	18.0
0.8602811294791036	0.8382537168311391	0.11003687205317429	1.0	0.0	2703.984139813212	18.0
0.25435426403872685	0.5506135088981229	0.1133847052598006	3.0	0.0	3082.2933049701205	18.0
0.40880522692732607	0.9739904994635605	0.10781409907117817	2.0	0.0	2470.7364088407376	18.0
0.2558824699240547	0.8012042686927672	0.11133823184274617	4.0	0.0	2847.1232220339607	18.0
0.6387457088414557	0.8937888031518764	0.1168119812215791	5.0	0.0	3504.5374394626947	18.0
0.25818705459843216	0.8006956796979311	0.1114495700745889	4.0	0.0	2859.598866803166	19.0
0.7402228044822127	0.3056736352619264	0.10712869103343557	6.0	0.0	2401.6190869876623	19.0
0.23686523718998634	0.2668299147894091	0.1283895849983893	7.0	0.0	5212.850986998042	19.0
0.3950013499986385	0.9822328786922776	0.10792191317024934	2.0	0.0	2481.727748740739	19.0
0.6369235424246551	0.8894382034262147	0.11692879320280067	5.0	0.0	3519.57032605573	19.0
0.25683809972716154	0.5483178372789501	0.11349808996506039	3.0	0.0	3095.6884193326873	19.0
0.8651934249745074	0.8399738432293301	0.11014690892522745	1.0	0.0	2715.897262631079	19.0
0.2570863613782328	0.5515976699663748	0.11361158805502544	3.0	0.0	3109.13573943531	20.0
0.6291713640268942	0.8932164174241772	0.11704572199600345	5.0	0.0	3534.6612381580144	20.0
0.2548596685941001	0.8129846150018768	0.11156101964466347	4.0	0.0	2872.1234329168988	20.0
0.8529506673511025	0.8293754340889553	0.11025705583415267	1.0	0.0	2727.857290687401	20.0
0.22913149167047167	0.27353899707888607	0.12851797458338765	7.0	0.0	5234.380035431642	20.0
0.4210129318169544	0.9795210256267773	0.10802983508341957	2.0	0.0	2492.7626780424857	20.0
0.7398823245612203	0.3007650717423551	0.107235819724469	6.0	0.0	2412.335957969075	20.0
0.2550558182344532	0.5571164054909322	0.11372519964308045	3.0	0.0	3122.6354513712145	21.0
0.6213816439435388	0.8972350543629859	0.11716276771799944	5.0	0.0	3549.8103813051484	21.0
0.398574325818629	0.9652403301291059	0.10813786491850297	2.0	0.0	2503.8413539046355	21.0
0.2330296893584812	0.2939322094743316	0.12864649255797103	7.0	0.0	5255.989896883289	21.0
0.23860457936450594	0.7997564213431954	0.11167258066430813	4.0	0.0	2884.6970954618614	21.0
0.7424919106670175	0.29740998238886984	0.10734305554419345	6.0	0.0	2423.0954279135603	21.0
0.8588688437728846	0.8255794272646519	0.11036731288998682	1.0	0.0	2739.86439229911	21.0
0.2605804902627727	0.5527349609470313	0.11383892484272351	3.0	0.0	3136.187741856483	22.0
0.7386267327100552	0.2925676712953397	0.10745039859973762	6.0	0.0	2433.8976506405825	22.0
0.22444066271830243	0.8072735349400442	0.11178425324497243	4.0	0.0	2897.3200301121656	22.0
0.8601145351496701	0.8316787151914339	0.1104776802028768	1.0	0.0	2751.9187363487276	22.0
0.6185175678858805	0.8805487558645546	0.11727993048571743	5.0	0.0	3565.0179617180647	22.0
0.4031702412152273	0.9930660248863283	0.10824600278342146	2.0	0.0	2514.9639340154254	22.0
0.2272127331736415	0.29472443234402085	0.12877513905052898	7.0	0.0	5277.680852427797	22.0
0.20803301981373287	0.7937025500484736	0.11189603749821739	4.0	0.0	2909.9924131312364	23.0
0.6178745888873691	0.8907481207244938	0.11739721041620313	5.0	0.0	3580.2841863052295	23.0
0.404065296891627	0.997748460713201	0.10835424878620487	2.0	0.0	2526.130576594376	23.0
0.23154311843555916	0.30802349265363377	0.1289039141895795	7.0	0.0	5299.453184066938	23.0
0.25909860624589515	0.5605044085848131	0.11395276376756622	3.0	0.0	3149.792798232053	23.0
0.8372810074879672	0.8190020403250601	0.11058815788307966	1.0	0.0	2764.0204922861967	23.0
0.760579976663042	0.30184370881681954	0.10755784899833735	6.0	0.0	2444.742780488395	23.0
0.8517034402414635	0.8193198932357377	0.11069874604096272	1.0	0.0	2776.169830130705	24.0
0.6251980621806894	0.9109088721592595	0.11751460762661932	5.0	0.0	3595.609262664848	24.0
0.22738151982712926	0.2981449650239978	0.12903281810376907	7.0	0.0	5321.307174732381	24.0
0.25427157736830003	0.5488498751188718	0.11406671653133377	3.0	0.0	3163.450808465728	24.0
0.41457009982028575	0.996940237995202	0.10846260303499106	2.0	0.0	2537.341440394018	24.0
0.2060025066110391	0.7925752535543098	0.11200793353571559	4.0	0.0	2922.7144213737033	24.0
0.7620305389077193	0.3034231115172671	0.10766540684733568	6.0	0.0	2455.6309723157124	24.0
0.22010978833421682	0.29951125622008795	0.12916185092187282	7.0	0.0	5343.243108288663	25.0
0.6271283171213794	0.8912120561855805	0.11763212223424592	5.0	0.0	3610.9933990870786	25.0
0.23416113456083182	0.7917772780735232	0.11211994146925129	4.0	0.0	2935.4862322873105	25.0
0.4109335847213965	1.0004693446055664	0.10857106563802603	2.0	0.0	2548.596684701602	25.0
0.8586509176236198	0.8443456729341917	0.11080944478700366	1.0	0.0	2788.366920472524	25.0
0.25681194945931307	0.5475220722026418	0.11418078324786508	3.0	0.0	3177.161961154199	25.0
0.7574425198873441	0.30131194469402034	0.107773072254183	6.0	0.0	2466.5623815033973	25.0
0.25928491356672817	0.5481500560212841	0.11429496403111293	3.0	0.0	3190.9264455250586	26.0
0.8596623724633756	0.8504694657378176	0.11092025423179065	1.0	0.0	2800.6119344748486	26.0
0.23659932628214603	0.7892847595135178	0.11223206141072053	4.0	0.0	2948.3080239148217	26.0
0.40714476258001153	0.9987547475880414	0.10867963670366404	2.0	0.0	2559.8964693408357	26.0
0.2152502755664037	0.2968133610775042	0.12929101277279467	7.0	0.0	5365.261269536165	26.0
0.7542329603457382	0.2983455267526012	0.10788084532643717	6.0	0.0	2477.537163956144	26.0
0.6200260014080861	0.8885734429198565	0.11774975435648015	5.0	0.0	3626.4368045562564	26.0
0.7545914825831309	0.3040326473553518	0.1079887261717636	6.0	0.0	2488.5554761041753	27.0
0.255732394038774	0.7949205818222271	0.11234429347213125	4.0	0.0	2961.1799748959397	27.0
0.2760930091160524	0.5646956618251966	0.11440925899514404	3.0	0.0	3204.744451438838	27.0
0.8453451132576758	0.8614164444192772	0.11103117448602243	1.0	0.0	2812.9050438756453	27.0
0.4038867267791904	1.0022570812304878	0.10878831634036769	2.0	0.0	2571.2409546736094	27.0
0.6113536370237769	0.8848156937312565	0.11786750411083662	5.0	0.0	3641.939688753117	27.0
0.21362256946525188	0.28857954433921673	0.12942030378556746	7.0	0.0	5387.361944214093	27.0
0.2459385909078045	0.7928882025854591	0.11245663776560337	4.0	0.0	2974.1022644692266	28.0
0.21438616915806297	0.29405731743422747	0.129549724089353	7.0	0.0	5409.545419003465	28.0
0.6134982838453409	0.8841692669500997	0.11798537161494745	5.0	0.0	3657.502262057033	28.0
0.40734793624655946	0.997177147908626	0.10889710465670804	2.0	0.0	2582.630301601737	28.0
0.7528470816805655	0.30297610054490787	0.10809671489793535	6.0	0.0	2499.6174749049364	28.0
0.27741004822721166	0.5617607801691324	0.11452366825413916	3.0	0.0	3218.616169391038	28.0
0.8611049378555115	0.8591689336924143	0.11114220566050843	1.0	0.0	2825.246420989504	28.0
0.1985574815684446	0.30378115424942465	0.12967927381344235	7.0	0.0	5431.811981530131	29.0
0.27387712827159993	0.561256949974317	0.11463819192239329	3.0	0.0	3232.541790514172	29.0
0.7388798946038142	0.2819116215521743	0.10820481161283327	6.0	0.0	2510.7233178448005	29.0
0.23747499708426056	0.7980875347944181	0.11256909440336896	4.0	0.0	2987.0750724740346	29.0
0.8689640512550556	0.8758322608161909	0.11125334786616893	1.0	0.0	2837.6362387094955	29.0
0.6113796011345648	0.8851603843448277	0.11810335698656238	5.0	0.0	3673.1247355482524	29.0
0.4097839992599079	0.9948680808931958	0.10900600176136474	2.0	0.0	2594.0646715686994	29.0
