# x	y	r	id	split_id	s_prob	t
2.0	0.5	0.0	-1.0	0.0	0.0	0.0
0.6109258403367481	0.8578766693906109	0.03174249486425449	1.0	0.0	0.0	0.0
0.38992707834931606	0.2078234345986095	0.030373136509054325	2.0	0.0	0.0	0.0
0.28809944072940435	0.6374560920411488	0.03437452045888778	3.0	0.0	0.0	0.0
0.29677305498224554	0.433068887559207	0.0302626248068109	4.0	0.0	0.0	0.0
0.9385171866628991	0.8303608949659469	0.03310801728516194	5.0	0.0	0.0	0.0
0.04624376680511778	0.7291920820461073	0.03238184444580231	6.0	0.0	0.0	0.0
0.7691017886247598	0.4186146386662082	0.03293099256087597	7.0	0.0	0.0	0.0
0.9537000028378048	0.2857787615466859	0.03408173605615908	8.0	0.0	0.0	0.0
0.10554604564273325	0.12300803887910236	0.03393987847822899	9.0	0.0	0.0	0.0
0.2135968695143395	0.6290149570984855	0.031602247919275094	10.0	0.0	0.0	0.0
0.537730378242869	0.7241995203026678	0.03747057440338246	11.0	0.0	0.09651032689809824	0.0
0.5723204144528605	0.7966960486065825	0.03206235523950234	12.0	0.0	0.0	0.0
0.24370816023657527	0.4759808191676194	0.03454672716401223	13.0	0.0	0.0	0.0
0.9228840684840329	0.20897479307293823	0.03118524668443766	14.0	0.0	0.0	0.0
0.22818425736568923	0.5460831849181301	0.03301542279457123	15.0	0.0	0.0	0.0
0.9112923049780511	0.4822261854558385	0.03247807822259091	16.0	0.0	0.0	0.0
0.19971608059600957	0.725446805533837	0.029612874117318572	17.0	0.0	0.0	0.0
0.2207774795047037	0.05782690244374624	0.032712271952865336	18.0	0.0	0.0	0.0
0.3659223293015093	0.8256675570900035	0.03318881328182631	19.0	0.0	0.0	0.0
0.32067222355764585	0.08828693426628073	0.03389240168329422	20.0	0.0	0.0	0.0
0.45042041206102335	0.6980065304481141	0.02997076061617255	21.0	0.0	0.0	0.0
0.33582240666617874	0.495790176274598	0.03342203507973735	22.0	0.0	0.0	0.0
0.6749317536714835	0.11490068487650242	0.033628408800344685	23.0	0.0	0.0	0.0
0.4940753951519461	0.5988473545701609	0.03029945552386515	24.0	0.0	0.0	0.0
0.25397298815187075	0.17851223166613278	0.033276774716021695	25.0	0.0	0.0	0.0
0.5046773196168846	0.7921765654013904	0.032698632966958026	26.0	0.0	0.0	0.0
0.5152792440818229	0.1691575924323636	0.034421727856016326	27.0	0.0	0.0	0.0
0.5882454301052225	0.07685848532584112	0.03172198593159075	28.0	0.0	0.0	0.0
0.8890346265899752	0.10491635096098086	0.03504242062580721	29.0	0.0	4.885524447217904e-07	0.0
0.4213645520012252	0.7800587920895434	0.03138465207662603	30.0	0.0	0.0	0.0
0.09186006056144327	0.6560884734860267	0.033363685086818806	31.0	0.0	0.0	0.0
0.1120411522079967	0.7868428528702285	0.03323720241957589	32.0	0.0	0.0	0.0
0.8252997804009172	0.04097683000020703	0.03108040374630177	33.0	0.0	0.0	0.0
0.8601536105001131	0.300122541705132	0.033301500371788174	34.0	0.0	0.0	0.0
0.04131085623751827	0.168533949816779	0.032929827928042894	35.0	0.0	0.0	0.0
0.1909694989495409	0.41527045633835624	0.033903149509371344	36.0	0.0	0.0	0.0
0.15239245017744762	0.6273028850225467	0.0282142420517853	37.0	0.0	0.0	0.0
0.14358824519339453	0.32382096109734726	0.03322227474771972	38.0	0.0	0.0	0.0
0.8449935701338742	0.1958901977277285	0.03265517772041095	39.0	0.0	0.0	0.0
0.08060034101934879	0.2932624729337012	0.033820106395561884	40.0	0.0	0.0	0.0
0.024891779732791976	0.6451118165094522	0.024891779732791976	41.0	0.0	0.0	0.0
0.3949162192739929	0.5277520963935152	0.032451862937594736	42.0	0.0	0.0	0.0
0.5651706533285918	0.9231415146741588	0.03209788694784036	43.0	0.0	0.0	0.0
0.4142491403571159	0.39429257665840833	0.03360985683935787	44.0	0.0	0.0	0.0
0.854209490169541	0.8226541406005055	0.032701139700669055	45.0	0.0	0.0	0.0
0.7853164966299597	0.5894927153363917	0.031941297187768225	46.0	0.0	0.0	0.0
0.0033395190087029455	0.7168955001226961	0.0033395190087029455	47.0	0.0	0.0	0.0
0.4566568382168694	0.11614797010767164	0.03128975225463712	48.0	0.0	0.0	0.0
0.5246338833155921	0.4572804808324541	0.03092078964832941	49.0	0.0	0.0	0.0
0.10764137047701987	0.4361905316618134	0.03179374891369255	50.0	0.0	0.0	0.0
0.6955119599857756	0.8551644695754361	0.033497876941320184	51.0	0.0	0.0	0.0
0.3466745999250296	0.6042911374739008	0.031929816696449426	52.0	0.0	0.0	0.0
0.29086441153416426	0.022159099533525028	0.022159099533525028	53.0	0.0	0.0	0.0
0.804856716930672	0.12209546268804476	0.03182671503430905	54.0	0.0	0.0	0.0
0.1230617719328256	0.5157688109729044	0.03339140737943479	55.0	0.0	0.0	0.0
0.1086642587206563	0.22154357214147097	0.03272640099064687	56.0	0.0	0.0	0.0
0.3811960817311315	0.958065501146897	0.03197185322761049	57.0	0.0	0.0	0.0
0.2939994504646214	0.5590612008796289	0.033501472703588026	58.0	0.0	0.0	0.0
0.024916671512524764	0.6491846679962939	0.024916671512524764	41.0	0.0	0.0	1.0
0.2534364678804848	0.17682859106434115	0.033310051490737715	25.0	0.0	0.0	1.0
0.6668734200476024	0.11457073311342231	0.033662037209145027	23.0	0.0	0.0	1.0
0.09226435429138197	0.6550847266008719	0.03339704877190562	31.0	0.0	0.0	1.0
0.7709830120278288	0.4178613022040448	0.032963923553436844	7.0	0.0	0.0	1.0
0.4596483364674563	0.11209526969115456	0.03132104200689175	48.0	0.0	0.0	1.0
0.3642527278838988	0.8271912990143873	0.03322200209510813	19.0	0.0	0.0	1.0
0.17946059902243386	0.4068310080518292	0.03393705265888071	36.0	0.0	0.0	1.0
0.22721816791938673	0.5451902820043885	0.0330484382173658	15.0	0.0	0.0	1.0
0.42080290468696285	0.39820586937039815	0.03364346669619722	44.0	0.0	0.0	1.0
0.4982947227314231	0.7919957551669382	0.03273133159992498	26.0	0.0	0.0	1.0
0.4864557220477115	0.6031406090374826	0.03032975497938901	24.0	0.0	0.0	1.0
0.823058848989496	0.041606363764079494	0.03111148415004807	33.0	0.0	0.0	1.0
0.1442427887963811	0.3217669544839822	0.03325549702246744	38.0	0.0	0.0	1.0
0.5877944972311353	0.07791639005368337	0.031753707917522335	28.0	0.0	0.0	1.0
0.11839107626579598	0.5097637968938484	0.03342479878681422	55.0	0.0	0.0	1.0
0.9386265419034706	0.8290277552162689	0.033141125302447096	5.0	0.0	0.0	1.0
0.40271515477748393	0.21322685821241658	0.030403509645563376	2.0	0.0	0.0	1.0
0.39454900962911704	0.5292576041374495	0.03248431480053233	42.0	0.0	0.0	1.0
0.045809006140164504	0.7358823111653463	0.03241422629024811	6.0	0.0	0.0	1.0
0.5282380754700294	0.4528799397299803	0.030951710437977738	49.0	0.0	0.0	1.0
0.44934850691725653	0.697480195620382	0.030000731376788718	21.0	0.0	0.0	1.0
0.2252868107136262	0.6245037547451836	0.03163385016719437	10.0	0.0	0.0	1.0
0.42155464116666724	0.7811259249534072	0.031416036728702655	30.0	0.0	0.0	1.0
0.30552145147416393	0.56808136039955	0.03353497417629161	58.0	0.0	0.0	1.0
0.10542922413196493	0.22145189586072764	0.03275912739163751	56.0	0.0	0.0	1.0
0.5192064514130893	0.1562752197409594	0.03445614958387234	27.0	0.0	0.0	1.0
0.9230498416214388	0.2133611800365617	0.031216431931122092	14.0	0.0	0.0	1.0
0.2962740037680768	0.6435823738583746	0.03440889497934666	3.0	0.0	0.0	1.0
0.1222444889779559	0.6673346693386772	0.047695390781563124	-2.0	-1.0	13.095382699568063	1.0
0.10430080980617827	0.13284517209741203	0.033973818356707215	9.0	0.0	0.0	1.0
0.9121879353945626	0.4853762157561164	0.0325105563008135	16.0	0.0	0.0	1.0
0.8027705386106441	0.12488476561691504	0.031858541749343355	54.0	0.0	0.0	1.0
0.3557884989653643	0.6111407034627943	0.03196174651314587	52.0	0.0	0.0	1.0
0.5784414695681412	0.7933062097459862	0.03209441759474184	12.0	0.0	0.0	1.0
0.07814685172170224	0.2925565309354921	0.03385392650195744	40.0	0.0	0.0	1.0
0.3205458713412384	0.09079348269468238	0.033926294084977514	20.0	0.0	0.0	1.0
0.046221366481862085	0.1662743893687876	0.032962757755970934	35.0	0.0	0.0	1.0
0.6935802532643084	0.8567163561437724	0.0335313748182615	51.0	0.0	0.0	1.0
0.8546875252867029	0.8241875555637599	0.03273384084036972	45.0	0.0	0.0	1.0
0.5683029811168065	0.9240214640077917	0.0321299848347882	43.0	0.0	0.0	1.0
0.0036400757194862106	0.7107442827934175	0.0036400757194862106	47.0	0.0	0.0	1.0
0.8398766388165838	0.19658708281391013	0.032687832898131354	39.0	0.0	0.0	1.0
0.5370234561858617	0.7257486367090417	0.037508044977785836	11.0	0.0	0.10096850730671747	1.0
0.29556539966645096	0.4333755592147084	0.030292887431617708	4.0	0.0	0.0	1.0
0.09742458564001118	0.4435840178574416	0.03182554266260624	50.0	0.0	0.0	1.0
0.11113851749707072	0.7883437809468167	0.03327043962199546	32.0	0.0	0.0	1.0
0.19870937247310955	0.7256491120323961	0.029642486991435887	17.0	0.0	0.0	1.0
0.24202355018720156	0.4709157481614593	0.03458127389117623	13.0	0.0	0.0	1.0
0.8911436803937133	0.10684115389157246	0.03507746304643301	29.0	0.0	2.9748405410146006e-06	1.0
0.6123812494599896	0.8568094214251989	0.03177423735911874	1.0	0.0	0.0	1.0
0.7853552499374948	0.5882620330213258	0.03197323848495599	46.0	0.0	0.0	1.0
0.38065945312985455	0.9605340434947702	0.03200382508083809	57.0	0.0	0.0	1.0
0.15863098990384647	0.6260255496632867	0.028242456293837082	37.0	0.0	0.0	1.0
0.8624094917267646	0.2887110758450185	0.03333480187215996	34.0	0.0	0.0	1.0
0.21753697035775807	0.0630648374146827	0.0327449842248182	18.0	0.0	0.0	1.0
0.2887412079968109	0.020196740217599023	0.02218125863305855	53.0	0.0	0.0	1.0
0.3340604541988739	0.4967829367510626	0.03345545711481709	22.0	0.0	0.0	1.0
0.9557756507486616	0.2802451919333215	0.03411581779221524	8.0	0.0	0.0	1.0
0.45015353885831916	0.698475821651034	0.030030732108165502	21.0	0.0	0.0	2.0
0.8694170757264842	0.2823960911232478	0.033368136674032114	34.0	0.0	0.0	2.0
0.2164939929306359	0.061943475093015364	0.03277772920904301	18.0	0.0	0.0	2.0
0.8953732038420469	0.10514743998922224	0.03511254050947944	29.0	0.0	9.12234735039874e-06	2.0
0.22734274021932216	0.5440308093747827	0.03308148665558316	15.0	0.0	0.0	2.0
0.09377342577523112	0.6569037449770915	0.03343044582067752	31.0	0.0	0.0	2.0
0.18199096854688254	0.40847462674491164	0.033970989711539584	36.0	0.0	0.0	2.0
0.11454064442636094	0.5108979772529461	0.03345822358560103	55.0	0.0	0.0	2.0
0.16012816898866059	0.6288252496458457	0.028270698750130916	37.0	0.0	0.0	2.0
0.781076266471137	0.5970461636089754	0.032005211723440945	46.0	0.0	0.0	2.0
0.23926661064311328	0.4697303309634601	0.034615855165067405	13.0	0.0	0.0	2.0
0.5011546347121554	0.7887612755507212	0.0327640629315249	26.0	0.0	0.0	2.0
0.2970236071542935	0.4361023829592352	0.030323180319049323	4.0	0.0	0.0	2.0
0.5271384384787907	0.4530015860507639	0.03098266214841571	49.0	0.0	0.0	2.0
0.25177730778734636	0.17593460399362826	0.03334336154222845	25.0	0.0	0.0	2.0
0.22345856402902883	0.6238506118047767	0.03166548401736156	10.0	0.0	0.0	2.0
0.615854970140192	0.8524575296435359	0.031806011596477855	1.0	0.0	0.0	2.0
0.02608197380227924	0.6495439248593947	0.024941588184037286	41.0	0.0	0.0	2.0
0.49017542496938393	0.6004129599443873	0.0303600847343684	24.0	0.0	0.0	2.0
0.07637180140146174	0.29380731559316237	0.03388778042845939	40.0	0.0	0.0	2.0
0.36533082448672605	0.6076602477436792	0.03199370825965901	52.0	0.0	0.0	2.0
0.9819639278557113	0.6833667334669338	0.068937875751503	-2.0	-1.0	250.16925777611726	2.0
0.20194218666142533	0.714000662711586	0.02967212947842732	17.0	0.0	0.0	2.0
0.3901722319231994	0.9550949455683071	0.032035828905918926	57.0	0.0	0.0	2.0
0.4206259489833412	0.3963376398405548	0.03367711016289342	44.0	0.0	0.0	2.0
0.5868700843556669	0.07876004449655466	0.031785461625439854	28.0	0.0	0.0	2.0
0.5204651667898615	0.15622368112551274	0.034490605733456206	27.0	0.0	0.0	2.0
0.4038495980167281	0.21400505061520886	0.030433913155208936	2.0	0.0	0.0	2.0
0.8391206236035867	0.19731277614944986	0.03272052073102948	39.0	0.0	0.0	2.0
0.14540267173085256	0.32123323691236105	0.0332887525194899	38.0	0.0	0.0	2.0
0.579718133266015	0.7931077120756816	0.03212651201233658	12.0	0.0	0.0	2.0
0.3654091697981255	0.8263206816605615	0.03325522409720323	19.0	0.0	0.0	2.0
0.33656111773311026	0.49555504236305464	0.0334889125719319	22.0	0.0	0.0	2.0
0.797598337124407	0.1345566963549853	0.0318904002910927	54.0	0.0	0.0	2.0
0.3976584852404005	0.5323185194904232	0.03251679911533286	42.0	0.0	0.0	2.0
0.29055378112808367	0.01906746581200762	0.022203439891691604	53.0	0.0	0.0	2.0
0.1048339732374233	0.1338421788444994	0.03400779217506392	9.0	0.0	0.0	2.0
0.3206463738199948	0.08956826615571223	0.03396022037906249	20.0	0.0	0.0	2.0
0.9244503906322565	0.21518541999761331	0.031247648363053212	14.0	0.0	0.0	2.0
0.6926935911612084	0.8533580016874373	0.03356490619307976	51.0	0.0	0.0	2.0
0.3070832334543804	0.5669055862615312	0.0335685091504679	58.0	0.0	0.0	2.0
0.5670134281035412	0.9230249498749415	0.03216211481962298	43.0	0.0	0.0	2.0
0.45887535723588335	0.11132471989017961	0.031352363048898636	48.0	0.0	0.0	2.0
0.6691258438869009	0.11439310679353244	0.03369569924635417	23.0	0.0	0.0	2.0
0.09600719268362701	0.4450148598023168	0.03185736820526884	50.0	0.0	0.0	2.0
0.0012531856208806398	0.7068312828373351	0.00396768253423997	47.0	0.0	0.0	2.0
0.9398127204322367	0.829932515909082	0.03317426642774954	5.0	0.0	0.0	2.0
0.8257499659217388	0.04502168749288941	0.031142595634198113	33.0	0.0	0.0	2.0
0.10474830911530436	0.22217480466378303	0.032791886519029145	56.0	0.0	0.0	2.0
0.913260731760645	0.4827214862591437	0.03254306685711431	16.0	0.0	0.0	2.0
0.7702620228835193	0.41880040336964125	0.032996887476990276	7.0	0.0	0.0	2.0
0.8589902908224539	0.8194430000470103	0.03276657468121008	45.0	0.0	0.0	2.0
0.5363062904705137	0.7267331214197141	0.03754555302276362	11.0	0.0	0.10556657143686721	2.0
0.0453185344570186	0.7371183720806539	0.03244664051653835	6.0	0.0	0.0	2.0
0.2936519460758904	0.6448130951768839	0.034443303874326	3.0	0.0	0.0	2.0
0.10928071556162075	0.7886206673976441	0.033303710061617454	32.0	0.0	0.0	2.0
0.424928019995223	0.7818038339158903	0.03144745276543135	30.0	0.0	0.0	2.0
0.045152279772710656	0.16641999042091138	0.0329957205137269	35.0	0.0	0.0	2.0
0.9539873334424602	0.2803522786986249	0.03414993361000745	8.0	0.0	0.0	2.0
0.17699214549199563	0.3986867459202143	0.03400496070125112	36.0	0.0	0.0	3.0
0.38057361596246264	0.9462234769977397	0.03206786473482484	57.0	0.0	0.0	3.0
0.10853664958827054	0.7894106218398693	0.03333701377167907	32.0	0.0	0.0	3.0
0.5110660318770168	0.796723852872972	0.03279682699445642	26.0	0.0	0.0	3.0
0.14818924338287906	0.6272757579549723	0.028298969448881044	37.0	0.0	0.0	3.0
0.10371939909990853	0.5132147239329861	0.03349168180918662	55.0	0.0	0.0	3.0
0.6681078010539515	0.11678147186517017	0.03372939494560052	23.0	0.0	0.0	3.0
0.10123184009581639	0.2265238098562505	0.03282467840554817	56.0	0.0	0.0	3.0
0.692040021795155	0.8521894601150964	0.03359847109927284	51.0	0.0	0.0	3.0
0.05394554569425785	0.7475172777258413	0.03247908715705489	6.0	0.0	0.0	3.0
0.931087541390775	0.2150809463199619	0.03909862001427033	14.0	0.0	0.0	3.0
0.28226818040210383	0.013905347565099375	0.022225643331583292	53.0	0.0	0.0	3.0
0.9410411522850755	0.8298977038969296	0.03320744069417728	5.0	0.0	0.0	3.0
0.3727454909819639	0.8116232464929859	0.03847695390781563	-2.0	-1.0	0.2690151722032681	3.0
0.10837323723706488	0.12713456112362817	0.034041799967238974	9.0	0.0	0.0	3.0
0.3374091286127485	0.492642330985618	0.033522401484503826	22.0	0.0	0.0	3.0
0.10380657078295756	0.4397366307948869	0.03188922557347411	50.0	0.0	0.0	3.0
0.5940422935945215	0.08514201958319711	0.03181724708706529	28.0	0.0	0.0	3.0
0.9229615410542646	0.4871114993190703	0.032575609923971426	16.0	0.0	0.0	3.0
0.5765841861351604	0.7835412001271667	0.032158638524348915	12.0	0.0	0.0	3.0
0.09137868044684533	0.6573849892735325	0.033463876266498195	31.0	0.0	0.0	3.0
0.4247954171027269	0.7801872841649594	0.03147890021819678	30.0	0.0	0.0	3.0
0.6171984400378788	0.8594784211860416	0.03183781760807433	1.0	0.0	0.0	3.0
0.48856299553181537	0.5992305693649034	0.030390444819102764	24.0	0.0	0.0	3.0
0.23925662295289743	0.4681439408362174	0.04331308877529059	13.0	0.0	0.0	3.0
0.5325196916360113	0.7148504920383559	0.03758309857578638	11.0	0.0	0.11030695950344693	3.0
0.2231185478834955	0.625909219211941	0.03169714950137892	10.0	0.0	0.0	3.0
0.3230049915888846	0.09141474303974366	0.03399418059944155	20.0	0.0	0.0	3.0
0.5215494623925793	0.15632982876757978	0.03452509633918966	27.0	0.0	0.0	3.0
0.796114591643052	0.13977519177229605	0.03192229069138379	54.0	0.0	0.0	3.0
0.5680792464235	0.9261633969355437	0.0321942769344426	43.0	0.0	0.0	3.0
0.2536130783835241	0.1733809333769034	0.033376704903770676	25.0	0.0	0.0	3.0
0.4048649543533076	0.21383406105966887	0.03046434706836414	2.0	0.0	0.0	3.0
0.003458035337335034	0.7067410043647344	0.0043247739623215676	47.0	0.0	0.0	3.0
0.22651198570998568	0.537119005413092	0.03311456814223874	15.0	0.0	0.0	3.0
0.8243135661863864	0.044382522289510305	0.03117373822983231	33.0	0.0	0.0	3.0
0.8688618313624642	0.2835733509489981	0.03340150481070614	34.0	0.0	0.0	3.0
0.020206930728862874	0.6608708554623466	0.02496652977222132	41.0	0.0	0.0	3.0
0.856566635404632	0.8183645285255206	0.03279934125589129	45.0	0.0	0.0	3.0
0.2983983954121697	0.6505344136544319	0.034477747178200326	3.0	0.0	0.0	3.0
0.36743522076940743	0.8289596490343502	0.03328847932130043	19.0	0.0	0.0	3.0
0.4511460573172199	0.6985603824753044	0.030060762840273664	21.0	0.0	0.0	3.0
0.4591649885383201	0.11037464568569798	0.03138371541194753	48.0	0.0	0.0	3.0
0.2917162328705559	0.42661312625191633	0.03035350349936837	4.0	0.0	0.0	3.0
0.7787276494832142	0.59258700397664	0.032037216935164384	46.0	0.0	0.0	3.0
0.06969165537577482	0.28585752802336284	0.03392166820888785	40.0	0.0	0.0	3.0
0.2152623961726336	0.060833604028968466	0.03281050693825205	18.0	0.0	0.0	3.0
0.14502858985827274	0.31667283897108406	0.033322041272009384	38.0	0.0	0.0	3.0
0.7767956773408403	0.412287283823747	0.033029884364467264	7.0	0.0	0.0	3.0
0.308941989164343	0.568146509463278	0.03360207765961836	58.0	0.0	0.0	3.0
0.8448093631516229	0.19664718554645216	0.03275324125176051	39.0	0.0	0.0	3.0
0.9534667252109797	0.27678215290763947	0.034184083543617454	8.0	0.0	0.0	3.0
0.03851348272845784	0.17088704513279201	0.033028716234240627	35.0	0.0	0.0	3.0
0.20367086817978639	0.7195458329549224	0.029701801607905743	17.0	0.0	0.0	3.0
0.5285689283836873	0.45340344649567593	0.031013644810564123	49.0	0.0	0.0	3.0
0.3639802807173111	0.6062443791557212	0.032025701967918666	52.0	0.0	0.0	3.0
0.41827200896660505	0.40036582835888485	0.033710787273056306	44.0	0.0	0.0	3.0
0.8901691011135288	0.10704364008773817	0.03514765304998892	29.0	0.0	2.060189839880877e-05	3.0
0.4006283816995469	0.5316631056660939	0.03254931591444819	42.0	0.0	0.0	3.0
0.5680792464235	0.9277250273945804	0.0402830890142213	43.0	0.0	0.0	4.0
0.8271590719114107	0.05061803235652785	0.03900613996007767	33.0	0.0	0.0	4.0
0.1024316542559837	0.5112726239193042	0.033525173490995805	55.0	0.0	0.0	4.0
0.5314281916137741	0.7153116901730212	0.0470258520929527	11.0	0.0	0.11519212485872288	4.0
0.15038269172121002	0.6232354231764785	0.028327268418329922	37.0	0.0	0.0	4.0
0.9571706163793999	0.2881571851622175	0.03421826762716107	8.0	0.0	0.0	4.0
0.3060950736244174	0.6555338432089144	0.034512224925378525	3.0	0.0	0.0	4.0
0.2868740321821752	0.41757059787538875	0.030383857002867734	4.0	0.0	0.0	4.0
0.680607125680706	0.8525855027099992	0.033632069570372104	51.0	0.0	0.0	4.0
0.23400274861424503	0.4676301354943739	0.04158056522427896	13.0	0.0	0.0	4.0
0.9320420094510811	0.21580896926302498	0.03753467521369951	14.0	0.0	0.0	4.0
0.48999353608760654	0.6032750111046771	0.030420835263921864	24.0	0.0	0.0	4.0
0.7772205724159761	0.40616174062173466	0.033062914248831725	7.0	0.0	0.0	4.0
0.22588536583873298	0.5384475995389316	0.033147682710380974	15.0	0.0	0.0	4.0
0.26228395824476347	0.16884883368695502	0.033410081608674445	25.0	0.0	0.0	4.0
0.11847597179778079	0.7954344221359029	0.03337035078545074	32.0	0.0	0.0	4.0
0.09001882609739327	0.6583432071547757	0.03349734014276469	31.0	0.0	0.0	4.0
0.4457489677081154	0.6963991163622695	0.030090823603113936	21.0	0.0	0.0	4.0
0.17510919073148198	0.4044694944300442	0.034038965661952365	36.0	0.0	0.0	4.0
0.6125384232652515	0.8643026589304531	0.0318696554256824	1.0	0.0	0.0	4.0
0.4026190930192092	0.5368259571231125	0.03258186523036264	42.0	0.0	0.0	4.0
0.46242707357762164	0.11133552304583974	0.03141509912735947	48.0	0.0	0.0	4.0
0.03304808022894362	0.17947760763466183	0.03306174495047486	35.0	0.0	0.0	4.0
0.5206090245115998	0.14757658279391284	0.03455962143552885	27.0	0.0	0.0	4.0
0.22400923727972977	0.6165056668092397	0.03966105831360037	10.0	0.0	0.0	4.0
0.3123480639716592	0.5614772887431281	0.033635679737277976	58.0	0.0	0.0	4.0
0.2840793771209967	0.015398329724506398	0.02224786897491487	53.0	0.0	0.0	4.0
0.145592886510512	0.3136165347023273	0.03335536331328139	38.0	0.0	0.0	4.0
0.5784777716988675	0.787832988321758	0.03219079716287326	12.0	0.0	0.0	4.0
0.5823800828803355	0.08436995652594481	0.031849064334152355	28.0	0.0	0.0	4.0
0.21835784138646055	0.06680154208220711	0.0328433174451903	18.0	0.0	0.0	4.0
0.006471456686191992	0.7077962066863153	0.00480049909817694	47.0	0.0	0.0	4.0
0.19892489693190712	0.7244590542468282	0.029731503409513645	17.0	0.0	0.0	4.0
0.41950207967437764	0.3945306464215686	0.03374449806032936	44.0	0.0	0.0	4.0
0.007218237661283988	0.6634810430187866	0.024991496301993536	41.0	0.0	0.0	4.0
0.4219356670530257	0.7811339149392365	0.03151037911841497	30.0	0.0	0.0	4.0
0.881110674714548	0.28103150948350253	0.03343490631551684	34.0	0.0	0.0	4.0
0.10921797931855573	0.21817546740500024	0.032857503083953715	56.0	0.0	0.0	4.0
0.9250731678433222	0.4865894026174251	0.03260818553389539	16.0	0.0	0.0	4.0
0.3702596776950084	0.6097824638947636	0.03205772766988658	52.0	0.0	0.0	4.0
0.5097044321980033	0.7979050508150011	0.032829623821450875	26.0	0.0	0.0	4.0
0.8653059046977756	0.8288987488120316	0.032832140597147175	45.0	0.0	0.0	4.0
0.10998755773837175	0.434442408329727	0.03192111479904758	50.0	0.0	0.0	4.0
0.5271429124406279	0.4524383902283872	0.03104465845537468	49.0	0.0	0.0	4.0
0.7793469070809852	0.5909972611736772	0.03206925415209955	46.0	0.0	0.0	4.0
0.32179193373218784	0.0921599454817736	0.04253521847505124	20.0	0.0	0.0	4.0
0.8454102228211735	0.18605425584028779	0.03278599449301227	39.0	0.0	0.0	4.0
0.3594460423618408	0.8372101021267926	0.03332176780062173	19.0	0.0	0.0	4.0
0.10257630594839894	0.1282995034189375	0.03407584176720621	9.0	0.0	0.0	4.0
0.795292053926577	0.13707703083436792	0.03195421298207517	54.0	0.0	0.0	4.0
0.4048284327546409	0.21190063507313733	0.0304948114154325	2.0	0.0	0.0	4.0
0.6685415136963171	0.11581498934593706	0.03376312434054612	23.0	0.0	0.0	4.0
0.3316433273756993	0.48656504132423345	0.033555923885988326	22.0	0.0	0.0	4.0
0.0453477907420906	0.7512063775657407	0.03251156624421194	6.0	0.0	0.0	4.0
0.06522461609548229	0.29468774059385033	0.03395558987709673	40.0	0.0	0.0	4.0
0.37923234747555346	0.9487316267558381	0.032099932599559663	57.0	0.0	0.0	4.0
0.8859039605748794	0.10853715383083237	0.035182800703038905	29.0	0.0	3.909431059412327e-05	4.0
0.9433135183244843	0.8290858988767624	0.041550810168589324	5.0	0.0	0.0	4.0
0.4228339400058979	0.7800085548308161	0.03154188949753338	30.0	0.0	0.0	5.0
0.29444861985336385	0.4139898899164557	0.030414240859870597	4.0	0.0	0.0	5.0
0.9298660505089775	0.2161053174531544	0.035970730413128704	14.0	0.0	0.0	5.0
0.4955419398116656	0.5995201289707061	0.03045125609918578	24.0	0.0	0.0	5.0
0.14386406672124438	0.3181386922700012	0.033388718676594674	38.0	0.0	0.0	5.0
0.5760153542492806	0.7865061908826607	0.03222298796003613	12.0	0.0	0.0	5.0
0.9305638265997875	0.49823100114548774	0.03264079371942928	16.0	0.0	0.0	5.0
0.26165581936730387	0.17173833196502822	0.033443491690283114	25.0	0.0	0.0	5.0
0.19621504079324018	0.7238251429218648	0.029761234912923155	17.0	0.0	0.0	5.0
0.006966833256589895	0.7067285105528175	0.005328553998976404	47.0	0.0	0.0	5.0
0.06018915750036616	0.296240147274126	0.033989545466973824	40.0	0.0	0.0	5.0
0.2860683997170428	0.015241475247232045	0.022270116843889784	53.0	0.0	0.0	5.0
0.38861093238545197	0.9575098588640752	0.03213203253215922	57.0	0.0	0.0	5.0
0.11796093395851524	0.21825803539684072	0.03289036058703766	56.0	0.0	0.0	5.0
0.5170340681362725	0.10220440881763526	0.05691382765531062	-2.0	-1.0	67.3495501442602	5.0
0.5213520315057188	0.14642479440502734	0.03459418105696437	27.0	0.0	0.0	5.0
0.5103032507229585	0.798960055421404	0.03286245344527232	26.0	0.0	0.0	5.0
0.11589190142046184	0.7954262877437902	0.033403721136236186	32.0	0.0	0.0	5.0
0.3201514767067386	0.0926656901715388	0.040833809736049186	20.0	0.0	0.0	5.0
0.04800828056399736	0.7509290066034646	0.03254407781045615	6.0	0.0	0.0	5.0
0.6138328655796067	0.865862965636907	0.03190152508110808	1.0	0.0	0.0	5.0
0.4056357942349623	0.21077754524172537	0.03052530622684793	2.0	0.0	0.0	5.0
0.23054211214489992	0.45946020141035854	0.03984804167326734	13.0	0.0	0.0	5.0
0.10630667447679615	0.43327014614677656	0.03195303591384662	50.0	0.0	0.0	5.0
0.46117666771726684	0.11031795798427065	0.03144651422648683	48.0	0.0	0.0	5.0
0.7936750072630545	0.13812739446626918	0.03198616719505724	54.0	0.0	0.0	5.0
0.6770714453618214	0.8427860715102664	0.03366570163994247	51.0	0.0	0.0	5.0
0.10301007481725599	0.5169166857353922	0.0335586986644868	55.0	0.0	0.0	5.0
0.7761215334929604	0.40353767819095004	0.033095977163080555	7.0	0.0	0.0	5.0
0.8443207178303764	0.18618868786777215	0.03281878048750528	39.0	0.0	0.0	5.0
0.42842162597759914	0.4033108973815759	0.03377824255838968	44.0	0.0	0.0	5.0
0.2201205481209248	0.0604501717689772	0.032876160762635484	18.0	0.0	0.0	5.0
0.8675351184643216	0.8320412801421535	0.032864972737744316	45.0	0.0	0.0	5.0
0.8858318018136601	0.09707585057468121	0.03521798350374194	29.0	0.0	6.629043375028232e-05	5.0
0.8724143560468617	0.2778007010083777	0.03346834122183236	34.0	0.0	0.0	5.0
0.4468197360747374	0.694692443809653	0.030120914426717046	21.0	0.0	0.0	5.0
0.3310740567232298	0.48492277645576687	0.03358947980987431	22.0	0.0	0.0	5.0
0.3057686213145255	0.6538824710775827	0.0345467371503039	3.0	0.0	0.0	5.0
0.15328265576243538	0.6245477755410045	0.02835559568674825	37.0	0.0	0.0	5.0
0.09117075600446829	0.6613563659461359	0.03353083748290745	31.0	0.0	0.0	5.0
0.40563394920560797	0.5335015481046489	0.032614447095593	42.0	0.0	0.0	5.0
0.9592717230153339	0.2902254791011787	0.03425248589478823	8.0	0.0	0.0	5.0
0.3709888597136671	0.6124755300555368	0.03208978539755646	52.0	0.0	0.0	5.0
0.5210210079488655	0.4455146892807926	0.031075703113830053	49.0	0.0	0.0	5.0
0.8241061947931265	0.053199781052550334	0.037445894361674566	33.0	0.0	0.0	5.0
0.5816195697649613	0.08680948899751192	0.031880913398486505	28.0	0.0	0.0	5.0
0.17601355555361065	0.40589098214841063	0.03407300462761431	36.0	0.0	0.0	5.0
0.9416174288850844	0.8285512869783623	0.039888777761845746	5.0	0.0	0.0	5.0
0.23241406800615994	0.6148716281330827	0.038074615981056346	10.0	0.0	0.0	5.0
0.5343342769117974	0.7164542559616909	0.04514481800923459	11.0	0.0	0.12022453404507871	5.0
0.7730954515577805	0.5931863179359674	0.032101323406251644	46.0	0.0	0.0	5.0
0.6679080185383863	0.11711546274987937	0.03379688746488666	23.0	0.0	0.0	5.0
0.357519824339288	0.8374971852983663	0.03335508956842235	19.0	0.0	0.0	5.0
0.31447466988809636	0.5615241565560662	0.033669315417015254	58.0	0.0	0.0	5.0
0.22495390892886455	0.544652330541089	0.03318083039309135	15.0	0.0	0.0	5.0
0.5680017147749393	0.9338821349886426	0.038671765453652446	43.0	0.0	0.0	5.0
0.008146667860808567	0.6576310844841453	0.025016487798295527	41.0	0.0	0.0	5.0
0.10189553858517415	0.11629783116444103	0.03410991760897341	9.0	0.0	0.0	5.0
0.03414668757306881	0.17955728765704845	0.03309480669542533	35.0	0.0	0.0	5.0
0.1612990682833756	0.6244215912598114	0.028383951282434993	37.0	0.0	0.0	6.0
0.4082608653739111	0.2146829123574526	0.030555831533074777	2.0	0.0	0.0	6.0
0.2614341942787167	0.17074888677368877	0.033476935181973394	25.0	0.0	0.0	6.0
0.11141893976216388	0.796562150385062	0.03343712485737242	32.0	0.0	0.0	6.0
0.1811695533754892	0.39811501357229534	0.034107077632241925	36.0	0.0	0.0	6.0
0.10232156708186235	0.5176663474479798	0.03359225736315128	55.0	0.0	0.0	6.0
0.5676052502939624	0.9352126265418754	0.03706044189308359	43.0	0.0	0.0	6.0
0.14559316396226407	0.3211850334872022	0.03342210739527127	38.0	0.0	0.0	6.0
0.44553537702255386	0.6967684722637038	0.03015103534114376	21.0	0.0	0.0	6.0
0.5760647263164821	0.78846629964995	0.03225521094799616	12.0	0.0	0.0	6.0
0.4093934153360569	0.7852928744892849	0.031573431387030906	30.0	0.0	0.0	6.0
0.006110222869946242	0.6572084878216535	0.02504150428609382	41.0	0.0	0.0	6.0
0.29468857567245943	0.4129186071801392	0.030444655100730463	4.0	0.0	0.0	6.0
0.3257358310958383	0.09215448049043708	0.03913240099704714	20.0	0.0	0.0	6.0
0.9297634868205962	0.4988256726264932	0.032673434513148705	16.0	0.0	0.0	6.0
0.5192433592935671	0.4454419027302067	0.03110677881694388	49.0	0.0	0.0	6.0
0.10278898166311198	0.11727063079104724	0.03414402752658238	9.0	0.0	0.0	6.0
0.21941719601263932	0.05935985526047387	0.03290903692339812	18.0	0.0	0.0	6.0
0.2232373589862985	0.5443186047247096	0.03321401122348444	15.0	0.0	0.0	6.0
0.4557018573845697	0.11427986334532457	0.031477960740713316	48.0	0.0	0.0	6.0
0.369644830178457	0.6131672898528048	0.032121875182954014	52.0	0.0	0.0	6.0
0.8663585636593029	0.8326098357441768	0.032897837710482054	45.0	0.0	0.0	6.0
0.6073023978659406	0.8670572634422484	0.03193342660618918	1.0	0.0	0.0	6.0
0.33499772055276644	0.4873331510733776	0.033623069289684185	22.0	0.0	0.0	6.0
0.41482965931863724	0.7715430861723446	0.020841683366733466	-2.0	-1.0	0.0	6.0
0.5089917735870075	0.8018339659575763	0.03289531589871759	26.0	0.0	0.0	6.0
0.8259826885495561	0.05298022861913042	0.03588564876327146	33.0	0.0	0.0	6.0
0.30578749672663397	0.6528832209458965	0.034581283887454205	3.0	0.0	0.0	6.0
0.5815463548245858	0.08797087357121805	0.031912794311884984	28.0	0.0	0.0	6.0
0.8488641927447889	0.18600265343081637	0.03285159926799278	39.0	0.0	0.0	6.0
0.008276745809685501	0.7065417037456695	0.005861409398874045	47.0	0.0	0.0	6.0
0.0881902627415839	0.6640084684038539	0.03356436832039036	31.0	0.0	0.0	6.0
0.23839873561065533	0.46739137275508663	0.03811551812225572	13.0	0.0	0.0	6.0
0.39100823356117226	0.9648722183281594	0.03216416456469137	57.0	0.0	0.0	6.0
0.4166075189066916	0.40711666773319055	0.03381202080094807	44.0	0.0	0.0	6.0
0.5356277542120383	0.7174668727436116	0.04326378392551648	11.0	0.0	0.12540666684806467	6.0
0.6858423254950684	0.8388398374971329	0.03369936734158241	51.0	0.0	0.0	6.0
0.9449966973140126	0.8228511886390185	0.038226745355102176	5.0	0.0	0.0	6.0
0.0413078627645766	0.7483432343711794	0.032576621888266606	6.0	0.0	0.0	6.0
0.0	0.2444889779559118	0.09579158316633267	-2.0	-1.0	1437.8392506186192	6.0
0.19053369787455665	0.7180172105321425	0.029790996147836073	17.0	0.0	0.0	6.0
0.6670880586916945	0.11545877860661934	0.033830684352351544	23.0	0.0	0.0	6.0
0.9540266655620109	0.29276008844134743	0.03428673838068301	8.0	0.0	0.0	6.0
0.3073087802771526	0.5630583192577568	0.033702984732432266	58.0	0.0	0.0	6.0
0.10571577535104276	0.22008305153120147	0.032923250947624695	56.0	0.0	0.0	6.0
0.8697577864513758	0.2786564824688656	0.03350180956305419	34.0	0.0	0.0	6.0
0.3578369284889103	0.8362961097925076	0.03338844465799077	19.0	0.0	0.0	6.0
0.40568418716878596	0.5323623392131944	0.03264706154268859	42.0	0.0	0.0	6.0
0.034544951979611924	0.17777923624397116	0.033127901502120756	35.0	0.0	0.0	6.0
0.2909340062162826	0.016283164753701306	0.02229238696073367	53.0	0.0	0.0	6.0
0.5234370924878536	0.14979507152495242	0.03462877523802133	27.0	0.0	0.0	6.0
0.7949557612234012	0.13905422584002172	0.03201815336225229	54.0	0.0	0.0	6.0
0.1050320181664313	0.4353304911608549	0.031984988949760464	50.0	0.0	0.0	6.0
0.23506492992223152	0.6108737562039043	0.03648817364851233	10.0	0.0	0.0	6.0
0.061013011139337804	0.29549771976369027	0.03402353501244079	40.0	0.0	0.0	6.0
0.7628041284041583	0.39933999671796894	0.03312907314024363	7.0	0.0	0.0	6.0
0.9334684113420514	0.22067711003694188	0.034406785612557896	14.0	0.0	0.0	6.0
0.4962613867423524	0.605203626901708	0.03048170735528496	24.0	0.0	0.0	6.0
0.8947406449604391	0.09957856776154245	0.03525320148724568	29.0	0.0	0.00010389119239562206	6.0
0.7718788124628336	0.5941637364275937	0.03213342472965789	46.0	0.0	0.0	6.0
0.7686853929333867	0.39404001092425534	0.03316220221338387	7.0	0.0	0.0	7.0
0.3264110984188523	0.09305733961027886	0.037430992258045095	20.0	0.0	0.0	7.0
0.5803372067755637	0.08633279312074763	0.03194470710619687	28.0	0.0	0.0	7.0
0.10291244912633171	0.5186214448058569	0.03362584962051443	55.0	0.0	0.0	7.0
0.35717716540900507	0.8371120740579127	0.033421833102648756	19.0	0.0	0.0	7.0
0.14878849669643635	0.3350410167408781	0.03345552950266653	38.0	0.0	0.0	7.0
0.9579684857231071	0.28979252301874225	0.03432102511906369	8.0	0.0	0.0	7.0
0.7973707293373186	0.13367272611274514	0.03205017151561454	54.0	0.0	0.0	7.0
0.830981666538933	0.04880640213564083	0.03432540316486835	33.0	0.0	0.0	7.0
0.45676150241421093	0.12827903877289237	0.03150943870145403	48.0	0.0	0.0	7.0
0.3916650816037325	0.9628972912659223	0.03219632872925606	57.0	0.0	0.0	7.0
0.41501761722797803	0.4117983495515306	0.033845832821749015	44.0	0.0	0.0	7.0
0.08719697824233492	0.6727359133484518	0.033597932688710745	31.0	0.0	0.0	7.0
0.5303383400794319	0.15281406265981767	0.03466340401325935	27.0	0.0	0.0	7.0
0.9276796501898045	0.497898412734175	0.03270610794766185	16.0	0.0	0.0	7.0
0.8706279467707244	0.2749887987415023	0.03353531137261724	34.0	0.0	0.0	7.0
0.9258660783450018	0.22281279579753777	0.03284284081198708	14.0	0.0	0.0	7.0
0.05935561071215556	0.300378160830918	0.03405755854745323	40.0	0.0	0.0	7.0
0.4077425059341681	0.7793443313992877	0.03160500481841794	30.0	0.0	0.0	7.0
0.1611061544713701	0.621020593400443	0.028412335233717424	37.0	0.0	0.0	7.0
0.5763176769588798	0.7895033616015545	0.03228746615894415	12.0	0.0	0.0	7.0
0.2234173642925108	0.5426431822925546	0.033247225234707925	15.0	0.0	0.0	7.0
0.30310069219607055	0.5595448351986149	0.0337366877171647	58.0	0.0	0.0	7.0
0.5146742563823045	0.4407709928467304	0.03113788559576082	49.0	0.0	0.0	7.0
0.2934587323567222	0.41238980435584605	0.03047509975583119	4.0	0.0	0.0	7.0
0.61362288062377	0.8625437349505071	0.03196536003279537	1.0	0.0	0.0	7.0
0.10328775930781812	0.7996413969618609	0.03347056198222979	32.0	0.0	0.0	7.0
0.03264380544815155	0.1634835129606752	0.03316102940362287	35.0	0.0	0.0	7.0
0.19051196069102005	0.7145645951014207	0.029820787143983906	17.0	0.0	0.0	7.0
0.4093095455383091	0.2120878605346322	0.03058638736460785	2.0	0.0	0.0	7.0
0.4062635710576128	0.5314388728395955	0.03267970860423127	42.0	0.0	0.0	7.0
0.8924540105550289	0.09572150779395082	0.03528845468873292	29.0	0.0	0.00015360762768068525	7.0
0.3400122768262007	0.4893779578686457	0.033656692358973866	22.0	0.0	0.0	7.0
0.667728477784543	0.11242077282427759	0.033864515036703895	23.0	0.0	0.0	7.0
0.30553748470395586	0.6518855334097372	0.03461586517134165	3.0	0.0	0.0	7.0
0.2359436462629238	0.6101768737651229	0.034901731315968326	10.0	0.0	0.0	7.0
0.6853103594357262	0.8361488658035859	0.03373306670892399	51.0	0.0	0.0	7.0
0.22881565277929222	0.06347126515896301	0.03294194596032151	18.0	0.0	0.0	7.0
0.5710938752381981	0.9274385966995018	0.03544911833251475	43.0	0.0	0.0	7.0
0.4893618577861466	0.6069556913687012	0.030512189062640242	24.0	0.0	0.0	7.0
0.5377400818569329	0.7170285291513089	0.04138274984179838	11.0	0.0	0.13074101634965984	7.0
0.7723465246587525	0.5930853397162148	0.03216555815438754	46.0	0.0	0.0	7.0
0.10222935916906947	0.11956500407404132	0.03417817155410896	9.0	0.0	0.0	7.0
0.17990611411451235	0.40472462838918827	0.034141184709874164	36.0	0.0	0.0	7.0
0.10547599712706149	0.4327438400681616	0.03201697393871022	50.0	0.0	0.0	7.0
0.04205508528455652	0.749485703030333	0.03260919851015487	6.0	0.0	0.0	7.0
0.9455156946752525	0.8247679860850895	0.036564712948358606	5.0	0.0	0.0	7.0
0.8504551021054405	0.18477326336645708	0.03288445086726077	39.0	0.0	0.0	7.0
0.5076094160712726	0.808602413314076	0.0329282112146163	26.0	0.0	0.0	7.0
0.865860514362077	0.833541179644783	0.032930735548192536	45.0	0.0	0.0	7.0
0.23524602686657176	0.4731124700078974	0.036382994571244096	13.0	0.0	0.0	7.0
0.2883769683207613	0.016898332365296493	0.0223146793476944	53.0	0.0	0.0	7.0
0.10534553218645548	0.22127069735101365	0.032956174198572316	56.0	0.0	0.0	7.0
0.3703832741402638	0.610220486219304	0.032153997058136964	52.0	0.0	0.0	7.0
0.009702395416347352	0.6586732831957866	0.025066545790379913	41.0	0.0	0.0	7.0
0.44398635335252584	0.6946699489329662	0.030181186376484898	21.0	0.0	0.0	7.0
0.004481084925768517	0.7067689928541727	0.00650616443275019	47.0	0.0	0.0	7.0
0.254065299730025	0.17184714543042506	0.033510412117155365	25.0	0.0	0.0	7.0
0.40793237635221263	0.7868823319764071	0.03163660982323635	30.0	0.0	0.0	8.0
0.9091701426855875	0.23493830519979197	0.01823265008415972	61.0	14.0	0.0	8.0
0.2957719983099128	0.41139515605086663	0.03050557485558702	4.0	0.0	0.0	8.0
0.22564300206719087	0.6259834817815894	0.033315288983424306	10.0	0.0	0.0	8.0
0.21253182994930356	0.5456877638382266	0.03328047245994263	15.0	0.0	0.0	8.0
0.3000501219480582	0.5503727689858992	0.03377042440488186	58.0	0.0	0.0	8.0
0.5708274327759655	0.9300746956538644	0.033837794771945894	43.0	0.0	0.0	8.0
0.9286802999626651	0.4981659734302716	0.03273881405560951	16.0	0.0	0.0	8.0
0.35677416778120247	0.8352003429162181	0.033455254935751404	19.0	0.0	0.0	8.0
0.09766912305048395	0.5186709624943817	0.03365947547013494	55.0	0.0	0.0	8.0
0.06019162249179266	0.2989266306670244	0.03409161610600068	40.0	0.0	0.0	8.0
0.8301920856256149	0.04286912688632173	0.032765157566465246	33.0	0.0	0.0	8.0
0.18081109060118733	0.4033597967958452	0.03417532589458404	36.0	0.0	0.0	8.0
0.10671372961977042	0.4278045964756045	0.03204899091264892	50.0	0.0	0.0	8.0
0.40703974241521435	0.5326934704701105	0.032712388312835496	42.0	0.0	0.0	8.0
0.10934312390650681	0.22874612736631816	0.03298913037277088	56.0	0.0	0.0	8.0
0.41422784625007847	0.4129116927754583	0.03387967865457076	44.0	0.0	0.0	8.0
0.871727078756349	0.27508244285043837	0.03356884668398986	34.0	0.0	0.0	8.0
0.4100222560519221	0.20890596450017596	0.030616973751972455	2.0	0.0	0.0	8.0
0.9413082539731549	0.8326358302059171	0.034902680541615036	5.0	0.0	0.0	8.0
0.23241625746348946	0.06391553718337312	0.03297488790628183	18.0	0.0	0.0	8.0
0.29095726773738767	0.019438335596375297	0.022336994027042093	53.0	0.0	0.0	8.0
0.10166027844624918	0.7995952764681601	0.03350403254421202	32.0	0.0	0.0	8.0
0.2545326337760073	0.1708398899731345	0.03354392252927252	25.0	0.0	0.0	8.0
0.5318339743540598	0.15273394864236234	0.034698067417272604	27.0	0.0	0.0	8.0
0.617884851726835	0.8669558997267737	0.03199732539282816	1.0	0.0	0.0	8.0
0.1030573175135895	0.11897374962067904	0.03421234972566307	9.0	0.0	0.0	8.0
0.14721880450913327	0.33489732209211703	0.0334889850321692	38.0	0.0	0.0	8.0
0.3038009393023706	0.649652893921138	0.03465048103651299	3.0	0.0	0.0	8.0
0.02990071728802156	0.1630215673279846	0.033194190433026495	35.0	0.0	0.0	8.0
0.24152039997635003	0.4380342689097989	0.020546201433765867	59.0	13.0	0.0	8.0
0.8939086470397449	0.09534235344107622	0.035323743143421654	29.0	0.0	0.00021716093941392955	8.0
0.36326828800201205	0.6100188576280748	0.032186151055195095	52.0	0.0	0.0	8.0
0.5790959673742548	0.08658223066022928	0.03197665181330306	28.0	0.0	0.0	8.0
0.3908708910773132	0.965235893330198	0.03222852505798531	57.0	0.0	0.0	8.0
0.5774785016518938	0.7856955218153191	0.032319753625103094	12.0	0.0	0.0	8.0
0.7708502865697466	0.5920168591105536	0.032197723712541926	46.0	0.0	0.0	8.0
0.08724542372351604	0.6711974382936345	0.03363153062139945	31.0	0.0	0.0	8.0
0.3228195238255225	0.0921211874134634	0.03572958351904304	20.0	0.0	0.0	8.0
0.003315731436522097	0.6500210181422755	0.025091612336170292	41.0	0.0	0.0	8.0
0.33591373316691825	0.4846232978485611	0.033690349051332835	22.0	0.0	0.0	8.0
0.19085892268564586	0.7134758025010561	0.029850607931127888	17.0	0.0	0.0	8.0
0.8656707864154126	0.8321145151664068	0.03296366628374073	45.0	0.0	0.0	8.0
0.7974147774790379	0.13134085059339085	0.03208222168713015	54.0	0.0	0.0	8.0
0.0001520412953140149	0.7010562342841172	0.007091719231697708	47.0	0.0	0.0	8.0
0.9510422166298723	0.21992070948769782	0.01823265008415972	62.0	14.0	0.0	8.0
0.514835736382813	0.44397439879402084	0.031169023481356577	49.0	0.0	0.0	8.0
0.5068488188585313	0.809351132383446	0.03296113942583091	26.0	0.0	0.0	8.0
0.5374703119816383	0.7184398158035218	0.03950171575808027	11.0	0.0	0.13623008898157707	8.0
0.5711422845691382	0.35871743486973945	0.06773547094188376	-2.0	-1.0	224.51003291638338	8.0
0.16409764687028106	0.6217402813007931	0.02844074756895114	37.0	0.0	0.0	8.0
0.04211997375521429	0.7391791729919895	0.03264180770866502	6.0	0.0	0.0	8.0
0.7686853929333867	0.3953750368638801	0.03319536441559725	7.0	0.0	0.0	8.0
0.235770353556319	0.48860975186051486	0.020546201433765867	60.0	13.0	0.0	8.0
0.6673691080615193	0.11090604679513884	0.0338983795517406	23.0	0.0	0.0	8.0
0.9581586723893969	0.2837527968211273	0.034355346144182744	8.0	0.0	0.0	8.0
0.4431949858171581	0.6953222787431483	0.03021136756286138	21.0	0.0	0.0	8.0
0.4850781137985806	0.6098155600841124	0.03054270125170288	24.0	0.0	0.0	8.0
0.6832897251396769	0.8313244046934473	0.033766799775632905	51.0	0.0	0.0	8.0
0.8581857082987578	0.19051728753416036	0.03291733531812803	39.0	0.0	0.0	8.0
0.45676150241421093	0.1300025970074089	0.03154094814015548	48.0	0.0	0.0	8.0
0.002430208040361786	0.6505497695709329	0.025116703948506458	41.0	0.0	0.0	9.0
0.5792185813260994	0.08528772022107105	0.03200862846511636	28.0	0.0	0.0	9.0
0.7793410910847675	0.5913472736033352	0.032229921436254465	46.0	0.0	0.0	9.0
0.09962053729159058	0.5200831243910786	0.03369313494560507	55.0	0.0	0.0	9.0
0.13627254509018036	0.1623246492985972	0.009819639278557113	-2.0	-1.0	0.0	9.0
0.15491093554050372	0.6244420891705789	0.028469188316520087	37.0	0.0	0.0	9.0
0.6849283515325114	0.8314018354437285	0.03380056657540854	51.0	0.0	0.0	9.0
0.6232464929859719	0.7675350701402806	0.01623246492985972	-2.0	-1.0	0.0	9.0
0.8373817073445545	0.022085506980038843	0.017875911866859554	71.0	33.0	0.0	9.0
0.9575503062270315	0.2849257109965955	0.03438970149032692	8.0	0.0	0.0	9.0
0.14670925492682252	0.3336807228547627	0.03352247401720136	38.0	0.0	0.0	9.0
0.5080791786103072	0.8073341154887522	0.03299410056525674	26.0	0.0	0.0	9.0
0.031752530190063334	0.1625637092380844	0.03322738462345952	35.0	0.0	0.0	9.0
0.2978470159006989	0.09192167361248098	0.018809260951877495	70.0	20.0	0.0	9.0
0.9381612620081764	0.49970128195967806	0.03277155286966511	16.0	0.0	0.0	9.0
0.19303013388474832	0.7113652486925871	0.02988045853905901	17.0	0.0	0.0	9.0
0.008604439338709195	0.6980366067042819	0.007800891154867479	47.0	0.0	0.0	9.0
0.9404586023705035	0.8084859154556694	0.019710238627613928	64.0	5.0	0.0	9.0
0.08948546190800852	0.6590650993221465	0.033665162152020846	31.0	0.0	0.0	9.0
0.06307994407965412	0.29557593141368127	0.03412570772210668	40.0	0.0	0.0	9.0
0.5965018706391482	0.9269067810228311	0.01943275569274314	74.0	43.0	0.0	9.0
0.2062536759876023	0.61537276850589	0.018813807009128516	66.0	10.0	0.0	9.0
0.9592922948340725	0.2185313674857967	0.018250882734243877	62.0	0.0	0.0	9.0
0.4121484666304761	0.4157661480280902	0.033913558333225326	44.0	0.0	0.0	9.0
0.5496201649281544	0.9350642070733197	0.01943275569274314	73.0	43.0	0.0	9.0
0.4134258441612415	0.7888059660502865	0.031668246433059585	30.0	0.0	0.0	9.0
0.3355650629523265	0.48137800518889723	0.03372403940038417	22.0	0.0	0.0	9.0
0.10690444430974032	0.42880231016043135	0.032081039903561565	50.0	0.0	0.0	9.0
0.9449618655429957	0.8613180450680442	0.019710238627613928	63.0	5.0	0.0	9.0
0.3538146308778764	0.8426588120171212	0.03348871019068715	19.0	0.0	0.0	9.0
0.6156010913191778	0.8717980549178833	0.03202932271822098	1.0	0.0	0.0	9.0
0.5469514544917542	0.6925266460382233	0.02230740538290794	67.0	11.0	0.0	9.0
0.04224577751464561	0.7373655102586054	0.03267444951637368	6.0	0.0	0.0	9.0
0.7700858968016379	0.392453428496016	0.033228559780012844	7.0	0.0	0.0	9.0
0.3911383601344848	0.9662237288067881	0.03226075358304329	57.0	0.0	0.0	9.0
0.36489270059904033	0.6099932881684966	0.03221833720625029	52.0	0.0	0.0	9.0
0.2973844522980281	0.4173503841833226	0.030536080430442602	4.0	0.0	0.0	9.0
0.8716300120094499	0.27765084639194454	0.03360241553067384	34.0	0.0	0.0	9.0
0.2918632307256042	0.01991915081628057	0.022359331021069132	53.0	0.0	0.0	9.0
0.403397057096851	0.2098933829056	0.030647590725724424	2.0	0.0	0.0	9.0
0.5337454048987732	0.15215781653426871	0.03473276548468987	27.0	0.0	0.0	9.0
0.5087249440006618	0.7357808435055926	0.02230740538290794	68.0	11.0	0.0	9.0
0.4551697152485801	0.13060540064807113	0.03157248908829563	48.0	0.0	0.0	9.0
0.25348688191559904	0.1711336678645078	0.03357746645180179	25.0	0.0	0.0	9.0
0.23711728215752348	0.48796929382368015	0.020566747635199632	60.0	0.0	0.0	9.0
0.8596325375722796	0.19250341329038742	0.03295025265344616	39.0	0.0	0.0	9.0
0.10210040820115743	0.11697752931892466	0.034246562075388724	9.0	0.0	0.0	9.0
0.5759890533593056	0.785425365171042	0.0323520733787282	12.0	0.0	0.0	9.0
0.2131584228818873	0.546547915332843	0.03331375293240257	15.0	0.0	0.0	9.0
0.48432721710504595	0.6106978357051129	0.03057324395295458	24.0	0.0	0.0	9.0
0.24172161613542523	0.6470498514602545	0.018813807009128516	65.0	10.0	0.0	9.0
0.7853770876940114	0.13084796246622146	0.03211430390881728	54.0	0.0	0.0	9.0
0.18516500707597416	0.41229775394920626	0.03420950122047862	36.0	0.0	0.0	9.0
0.3127637334832054	0.654184840534894	0.0346851315175495	3.0	0.0	0.0	9.0
0.865293108805346	0.8310249689761576	0.03299662995002447	45.0	0.0	0.0	9.0
0.9227922222543411	0.23138767875946495	0.018250882734243877	61.0	0.0	0.0	9.0
0.23762395389920948	0.439797570161087	0.020566747635199632	59.0	0.0	0.0	9.0
0.10616642361911875	0.7987779503047842	0.033537536576756226	32.0	0.0	0.0	9.0
0.5158748240041947	0.4454789976672365	0.03120019250483793	49.0	0.0	0.0	9.0
0.561122244488978	0.9899799599198396	0.06052104208416833	-2.0	-1.0	106.38372305190451	9.0
0.8222377061133638	0.06678814586539827	0.017875911866859554	72.0	33.0	0.0	9.0
0.10530449346827168	0.22537412958678119	0.03302211950314365	56.0	0.0	0.0	9.0
0.4463009713305948	0.6958654683224226	0.030241578930424236	21.0	0.0	0.0	9.0
0.34910621624575616	0.09386481900292516	0.018809260951877495	69.0	20.0	0.0	9.0
0.8929200348797147	0.09435684843390725	0.03535906688656507	29.0	0.0	0.00029628252826796597	9.0
0.23476215531776956	0.07029136321054168	0.03300786279418811	18.0	0.0	0.0	9.0
0.6662704549820213	0.11132210246542293	0.03393227793129233	23.0	0.0	0.0	9.0
0.3063749659242371	0.5487241838238893	0.03380419482928673	58.0	0.0	0.0	9.0
0.4071380148211894	0.5346429775840787	0.032745100701148326	42.0	0.0	0.0	9.0
0.8607256568114315	0.1935010355944161	0.0329832029060996	39.0	0.0	0.0	10.0
0.4005496574831421	0.21218091504807984	0.030678238316450144	2.0	0.0	0.0	10.0
0.9034171553650517	0.09863730359858026	0.03539442595345164	29.0	0.0	0.0003927140381705385	10.0
0.03671719947230244	0.7335216717254455	0.03270712396589005	6.0	0.0	0.0	10.0
0.23381553906663255	0.06916483123388698	0.033040870656982295	18.0	0.0	0.0	10.0
0.9573424172506098	0.2812607066278235	0.03442409119181724	8.0	0.0	0.0	10.0
0.29538948689030253	0.09141169491802563	0.01882807021282937	70.0	0.0	0.0	10.0
0.41007087617481247	0.4122617002000374	0.03394747189155855	44.0	0.0	0.0	10.0
0.8319981313843418	0.024856384641020787	0.01789378777872641	71.0	0.0	0.0	10.0
0.48363609211662234	0.6118149650147353	0.03060381719690753	24.0	0.0	0.0	10.0
0.45476427089870514	0.12868206280088235	0.03160406157738392	48.0	0.0	0.0	10.0
0.8636563836227509	0.8302966635062653	0.03302962657997449	45.0	0.0	0.0	10.0
0.348053456205845	0.09324516703812205	0.01882807021282937	69.0	0.0	0.0	10.0
0.5096168641570226	0.7394375903288583	0.022329712788290847	68.0	0.0	0.0	10.0
0.19205595739855685	0.7022979763316359	0.029910338997598068	17.0	0.0	0.0	10.0
0.5857122893318487	0.09521629929877644	0.03204063709358147	28.0	0.0	0.0	10.0
0.21480506456206755	0.5454930091411323	0.033347066685334964	15.0	0.0	0.0	10.0
0.9426642256613097	0.8516336039162016	0.01972994886624154	63.0	0.0	0.0	10.0
0.0005526050112782427	0.6509025538412115	0.02514182065245496	41.0	0.0	0.0	10.0
0.388890275066087	0.9677245720353647	0.03229301433662633	57.0	0.0	0.0	10.0
0.37370674801808407	0.6024437611768548	0.03225055554345654	52.0	0.0	0.0	10.0
0.940360084553019	0.807284893740993	0.01972994886624154	64.0	0.0	0.0	10.0
0.3609353628977119	0.8411811400939497	0.033522198900877834	19.0	0.0	0.0	10.0
0.3023231911744956	0.424697837787587	0.03056661651087304	4.0	0.0	0.0	10.0
0.009172117416904518	0.6972034393352735	0.008658989181902903	47.0	0.0	0.0	10.0
0.21305197052379576	0.6154369712326464	0.01883262081613764	66.0	0.0	0.0	10.0
0.5228511869469401	0.4466087215790945	0.031231392697342764	49.0	0.0	0.0	10.0
0.10814203609811571	0.7983679774139144	0.03357107411333298	32.0	0.0	0.0	10.0
0.10460722802561785	0.22318605865621666	0.033055141622646785	56.0	0.0	0.0	10.0
0.4084567940317152	0.5349079974030164	0.03277784580184947	42.0	0.0	0.0	10.0
0.08824086916178443	0.6599420984101576	0.03369882731417286	31.0	0.0	0.0	10.0
0.2536737399672279	0.16972858364025814	0.03361104391825359	25.0	0.0	0.0	10.0
0.8691742520614963	0.285192738782208	0.033636017946204515	34.0	0.0	0.0	10.0
0.41368761432771495	0.7898233659251369	0.03169991467949264	30.0	0.0	0.0	10.0
0.3377145547075101	0.4831048549982126	0.033757763439784545	22.0	0.0	0.0	10.0
0.6867694517908634	0.8304395282680357	0.03383436714198394	51.0	0.0	0.0	10.0
0.10491721738146192	0.11696866228860678	0.03428080863746411	9.0	0.0	0.0	10.0
0.54376764953838	0.685185796641202	0.022329712788290847	67.0	0.0	0.0	10.0
0.7715572470996714	0.3902939632924282	0.033261788339792854	7.0	0.0	0.0	10.0
0.44436652715985003	0.697302806325416	0.030271820509354657	21.0	0.0	0.0	10.0
0.10068505413469063	0.5204709985450028	0.03372682808055068	55.0	0.0	0.0	10.0
0.3087441570199464	0.5448401991113643	0.033837999024116015	58.0	0.0	0.0	10.0
0.31438350948334387	0.6542205384317114	0.034719816649067044	3.0	0.0	0.0	10.0
0.9364957731594308	0.49939919501869656	0.032804324422534774	16.0	0.0	0.0	10.0
0.9199051008971231	0.23946561008685716	0.018269133616978118	61.0	0.0	0.0	10.0
0.5105052667261601	0.8087010788084402	0.033027094665821995	26.0	0.0	0.0	10.0
0.8222774223863524	0.060479830128895115	0.01789378777872641	72.0	0.0	0.0	10.0
0.6086848145592348	0.8696304642872439	0.0320613520409392	1.0	0.0	0.0	10.0
0.03119457666158852	0.164624382332552	0.033260612008082974	35.0	0.0	0.0	10.0
0.9671332314637648	0.21221452135396998	0.018269133616978118	62.0	0.0	0.0	10.0
0.23593032026789915	0.4426137949726501	0.02058731438283483	59.0	0.0	0.0	10.0
0.6654899165657547	0.11065354515440982	0.03396621020922362	23.0	0.0	0.0	10.0
0.7791872680356128	0.1345439415919018	0.0321464182127261	54.0	0.0	0.0	10.0
0.24428155665042342	0.6483269174718949	0.01883262081613764	65.0	0.0	0.0	10.0
0.06537279334550088	0.29615817691947743	0.034159833429828784	40.0	0.0	0.0	10.0
0.5954443225127827	0.9364795424603576	0.01945218844843588	74.0	0.0	0.0	10.0
0.14895644197590813	0.3400339975393619	0.03355599649121856	38.0	0.0	0.0	10.0
0.7807753114874734	0.5925914705682754	0.03226215135769071	46.0	0.0	0.0	10.0
0.2912185748046013	0.0191320576881204	0.0223816903520902	53.0	0.0	0.0	10.0
0.24512785702233691	0.4934642963818954	0.02058731438283483	60.0	0.0	0.0	10.0
0.575682987192453	0.784374102235807	0.03238442545210692	12.0	0.0	0.0	10.0
0.536247411017306	0.14573472825206962	0.034767498250174556	27.0	0.0	0.0	10.0
0.1056519321943168	0.42994540048183316	0.03211312094346512	50.0	0.0	0.0	10.0
0.155293136489933	0.6263134625138497	0.028497657504836606	37.0	0.0	0.0	10.0
0.5546619148715554	0.9408391460136107	0.01945218844843588	73.0	0.0	0.0	10.0
0.18411588319518274	0.4117826053464806	0.03424371072169909	36.0	0.0	0.0	10.0
0.009752130428256001	0.6542545516613891	0.025166962473107412	41.0	0.0	0.0	11.0
0.5762230278469817	0.7830847025949313	0.03241680987755902	12.0	0.0	0.0	11.0
0.4466253127803512	0.6977863952220124	0.030302092329864007	21.0	0.0	0.0	11.0
0.8701094646370134	0.2859636410679374	0.03366965396415072	34.0	0.0	0.0	11.0
0.9579578711521874	0.279976800663944	0.034458515283009056	8.0	0.0	0.0	11.0
0.5843863230087835	0.09543102090569096	0.03207267773067505	28.0	0.0	0.0	11.0
0.4169331954306709	0.7971794352410572	0.031731614594172126	30.0	0.0	0.0	11.0
0.8306602086632087	0.02528738011061311	0.017911681566505137	71.0	0.0	0.0	11.0
0.8593454566778652	0.1930468101955328	0.033016186109005696	39.0	0.0	0.0	11.0
0.25260822822991086	0.16946513738806046	0.03364465496217184	25.0	0.0	0.0	11.0
0.14696067544516295	0.3394868694841934	0.03358955248770977	38.0	0.0	0.0	11.0
0.08735120081044136	0.6624573796443464	0.03373252614148703	31.0	0.0	0.0	11.0
0.9405834048259163	0.8057534514438685	0.01974967881510778	64.0	0.0	0.0	11.0
0.8247188401777171	0.06357825815143273	0.017911681566505137	72.0	0.0	0.0	11.0
0.06310712790332422	0.2966134815227548	0.03419399326325861	40.0	0.0	0.0	11.0
0.24555445027082698	0.6479606680381772	0.018851453436953776	65.0	0.0	0.0	11.0
0.3946968291842225	0.9808850549272404	0.03232530735096296	57.0	0.0	0.0	11.0
0.04172413931726348	0.735941213667481	0.03273983108985594	6.0	0.0	0.0	11.0
0.9474142181015783	0.8468985404371562	0.01974967881510778	63.0	0.0	0.0	11.0
0.5346301939013127	0.14017998030408568	0.034802265748424724	27.0	0.0	0.0	11.0
0.9048417666280788	0.09630183628363519	0.035429820379405084	29.0	0.0	0.0005082073988518232	11.0
0.09627674110128659	0.5221404096340547	0.033760554908631224	55.0	0.0	0.0	11.0
0.9206200877652959	0.24120333372773195	0.018287402750595094	61.0	0.0	0.0	11.0
0.361479800930237	0.8402627903415282	0.03355572109977871	19.0	0.0	0.0	11.0
0.34142764212600146	0.4751019551499658	0.033791521203224324	22.0	0.0	0.0	11.0
0.30858582255102546	0.5429099580624712	0.03387183702314013	58.0	0.0	0.0	11.0
0.3588560063149651	0.08860033225780996	0.018846898283042198	69.0	0.0	0.0	11.0
0.40605389990867935	0.408907782267459	0.0339814193634501	44.0	0.0	0.0	11.0
0.45662777283009187	0.12524948974611816	0.0316356656389613	48.0	0.0	0.0	11.0
0.8633041971294486	0.827881507527268	0.033062656206554464	45.0	0.0	0.0	11.0
0.18253063376789475	0.4099897330505053	0.034277954432420786	36.0	0.0	0.0	11.0
0.9373724742672607	0.49280681708659263	0.0328371287469573	16.0	0.0	0.0	11.0
0.2179573564402985	0.6125496731722688	0.018851453436953776	66.0	0.0	0.0	11.0
0.7719622535767456	0.3921570314133627	0.03329505012813264	7.0	0.0	0.0	11.0
0.6051121729388166	0.9354266266522798	0.019471640636884315	74.0	0.0	0.0	11.0
0.2929196482526974	0.0197277183819996	0.022404072042442286	53.0	0.0	0.0	11.0
0.1033333100692201	0.22316600624234612	0.033088196764269426	56.0	0.0	0.0	11.0
0.010673933617086758	0.6961021611733657	0.009698067883731253	47.0	0.0	0.0	11.0
0.5218361927453934	0.4467862286121823	0.0312626240900401	49.0	0.0	0.0	11.0
0.37878294243183425	0.5957450360966979	0.03228280609899999	52.0	0.0	0.0	11.0
0.19169356154309097	0.7003351931117728	0.029940249336595663	17.0	0.0	0.0	11.0
0.7804088688776968	0.13440101255916276	0.03217856463093882	54.0	0.0	0.0	11.0
0.4829143097526562	0.6124905438129653	0.030634421014104435	24.0	0.0	0.0	11.0
0.10747335985072055	0.799657167868425	0.03360464518744631	32.0	0.0	0.0	11.0
0.40027008715071194	0.21316419453700572	0.03070891655476659	2.0	0.0	0.0	11.0
0.10222231703234273	0.43491148322797124	0.032145234064408584	50.0	0.0	0.0	11.0
0.6096712791682767	0.8604488186497165	0.032093413392980136	1.0	0.0	0.0	11.0
0.6633066414036517	0.10769577636511148	0.03400017641943284	23.0	0.0	0.0	11.0
0.10403205446367325	0.11392834268489155	0.03431508944610157	9.0	0.0	0.0	11.0
0.23463808045365966	0.44195894861404433	0.02060790169721766	59.0	0.0	0.0	11.0
0.5459119627986684	0.9293386203154458	0.019471640636884315	73.0	0.0	0.0	11.0
0.20819771381031466	0.5538784648367436	0.0333804137520203	15.0	0.0	0.0	11.0
0.24150051800797392	0.48946451735867863	0.02060790169721766	60.0	0.0	0.0	11.0
0.5032565601655083	0.8120920156037423	0.033060121760487816	26.0	0.0	0.0	11.0
0.7807877862862947	0.5935821457310416	0.0322944135090484	46.0	0.0	0.0	11.0
0.2342244685365847	0.06803144929747834	0.03307391152763928	18.0	0.0	0.0	11.0
0.03323475261429766	0.1661805317347451	0.03329387262009105	35.0	0.0	0.0	11.0
0.6782469729453422	0.8188937907566647	0.03386820150912592	51.0	0.0	0.0	11.0
0.507718212594982	0.7291542458310319	0.022352042501079136	68.0	0.0	0.0	11.0
0.14962663326180053	0.6306356022779589	0.02852615516234144	37.0	0.0	0.0	11.0
0.31427630099177706	0.655433718114611	0.03475453646571611	3.0	0.0	0.0	11.0
0.9687611893804619	0.21663908589222317	0.018287402750595094	62.0	0.0	0.0	11.0
0.28647963401420035	0.08860328561489118	0.018846898283042198	70.0	0.0	0.0	11.0
0.4075709541987429	0.5343714629121694	0.03281062364765131	42.0	0.0	0.0	11.0
0.300513074094429	0.4218127346841795	0.03059718312738391	4.0	0.0	0.0	11.0
0.5461593412914909	0.6879959452873292	0.022352042501079136	67.0	0.0	0.0	11.0
