# x	y	r	id	split_id	s_prob	t
2.0	0.5	0.0	-1.0	0.0	0.0	0.0
0.2799238016785905	0.6585198667050621	0.1116574145793469	1.0	0.0	2882.9856267350838	0.0
0.7685993543442615	0.3688151715986093	0.11338983386361287	2.0	0.0	3082.8983552328446	0.0
0.3530044579371018	0.21099562094941327	0.10723699156690349	3.0	0.0	2412.453361918185	0.0
0.12671798280951035	0.13372879450366976	0.12671798280951035	4.0	0.0	4937.913269563134	0.0
0.5378036431357952	0.3481406110327033	0.10878020549480218	5.0	0.0	2570.393151917201	0.0
0.9036663490520174	0.5556138640671977	0.1053138044734428	6.0	0.0	2224.855270674822	0.0
0.5843228325670129	0.7907780922482153	0.1200511580782247	7.0	0.0	3937.5009206553323	0.0
0.7005344772784313	0.5861230883370947	0.09644586974508121	8.0	0.0	1484.7661630206967	0.0
0.13130574025614195	0.49082564802325884	0.10756575195929913	9.0	0.0	2445.5417076134277	0.0
0.49419562309102655	0.5801852354823784	0.1082521838410404	10.0	0.0	2515.60068339079	0.0
0.946109788180055	0.21902929409520028	0.11203764439843285	11.0	0.0	2926.0986132386597	0.0
0.26795764458085997	0.6667326199456605	0.11176907199392623	1.0	0.0	2895.601855679731	1.0
0.590752609868525	0.8186596601556321	0.12017120923630291	7.0	0.0	3954.198015546342	1.0
0.487570130333586	0.5974381223279871	0.10836043602488143	10.0	0.0	2526.769847997124	1.0
0.9079214078324823	0.5548972972980187	0.10541911827791622	6.0	0.0	2234.867205985445	1.0
0.9496503383399099	0.21397098190488856	0.11214968204283127	11.0	0.0	2938.883669365407	1.0
0.7685131640881865	0.36226374205016487	0.11350322369747647	2.0	0.0	3096.2958280750454	1.0
0.1280703187228199	0.4928697772237175	0.10767331771125842	9.0	0.0	2456.4330710689114	1.0
0.6915870059971213	0.5780839055006324	0.09654231561482628	8.0	0.0	1491.7686409348998	1.0
0.3456613891021592	0.21501206237341272	0.10734422855847038	3.0	0.0	2423.213298451266	1.0
0.12448039246486638	0.13296104315607066	0.12684470079231985	4.0	0.0	4958.408289907342	1.0
0.5411612239741049	0.3423109923799214	0.10888898570029697	5.0	0.0	2581.779146771911	1.0
0.6908939361951797	0.5786537267461029	0.0966388579304411	8.0	0.0	1498.80013658214	2.0
0.5823487037997912	0.8370755924916715	0.12029138044553919	7.0	0.0	3970.9590147189765	2.0
0.21042084168336672	0.2064128256513026	0.03206412825651302	-2.0	-1.0	0.0	2.0
0.5372982921517736	0.3411995117583356	0.10899787468599725	5.0	0.0	2593.2101526036386	2.0
0.56312625250501	0.11823647294589178	0.01603206412825651	-2.0	-1.0	0.0	2.0
0.47318322281199343	0.6079138097265983	0.1084687964609063	10.0	0.0	2537.9832429096296	2.0
0.7824833758522944	0.3630786654594615	0.11361672692117393	2.0	0.0	3109.745515065241	2.0
0.906848844131428	0.5586696213448725	0.10552453739619413	6.0	0.0	2244.91918934913	2.0
0.35627272089639134	0.20783084374668828	0.10745157278702884	3.0	0.0	2434.0159894514745	2.0
0.9555681347742766	0.20402232390581856	0.11226183172487408	11.0	0.0	2951.7187535505877	2.0
0.11574761749167123	0.4785743933620638	0.10778099102896967	9.0	0.0	2467.3676633275213	2.0
0.25232349728986264	0.6702843220871587	0.11188084106592014	1.0	0.0	2908.2675090068137	2.0
0.11269616363661986	0.12431969685690382	0.12697154549311215	4.0	0.0	4978.980522265211	2.0
0.23085120942182102	0.6747377921052978	0.11199272190698605	1.0	0.0	2920.982763490514	3.0
0.6909838229312396	0.5857920027336988	0.09673549678837152	8.0	0.0	1505.8607576374222	3.0
0.9695062422512369	0.1901280231230086	0.11237409355659894	11.0	0.0	2964.604044592627	3.0
0.13901507145891062	0.4585159496574424	0.10788877201999862	9.0	0.0	2478.3456403325263	3.0
0.9109407040917564	0.5477609350401369	0.10563006193359031	6.0	0.0	2255.0113659709623	3.0
0.5851322946345503	0.8380503156289729	0.12041167182598472	7.0	0.0	3987.7841432787363	3.0
0.12709851703860525	0.14440118917544262	0.12709851703860525	4.0	0.0	4999.630235826789	3.0
0.364823646557357	0.18263125998254612	0.10755902435981586	3.0	0.0	2444.861589262744	3.0
0.48395019752049356	0.5986915350648441	0.1085772652573672	10.0	0.0	2549.241027446161	3.0
0.5369284183535455	0.3434388905371105	0.10910687256068324	5.0	0.0	2604.6863313586814	3.0
0.777533974802896	0.3512614885818899	0.11373034364809509	2.0	0.0	3123.2476023247996	3.0
0.586767462423342	0.8369134372297534	0.1205320834978107	7.0	0.0	4004.6736270792044	4.0
0.9722125891075418	0.18636332700030067	0.11248646765015553	11.0	0.0	2977.539721889322	4.0
0.2315653034884115	0.6698408168172301	0.11210471462889302	1.0	0.0	2933.747796497867	4.0
0.373230717287471	0.19387184607511634	0.10766658338417566	3.0	0.0	2455.750252749489	4.0
0.12702470133661528	0.14733172890844215	0.12722561555564385	4.0	0.0	5020.35770067115	4.0
0.5402567164059155	0.351528077159882	0.10921597943324392	5.0	0.0	2616.207845528375	4.0
0.47021826542349904	0.5958781431985192	0.10868584252262456	10.0	0.0	2560.543361461122	4.0
0.1442828124179309	0.46357241471474764	0.10799666079201861	9.0	0.0	2489.3671585528473	4.0
0.6906416839034626	0.5944828422419156	0.09683223228515989	8.0	0.0	1512.950612144738	4.0
0.7915833319156979	0.3444286134727723	0.11384407399174318	2.0	0.0	3136.802276598037	4.0
0.9245753491674725	0.5447285839708547	0.10573569199552389	6.0	0.0	2265.143881546949	4.0
0.6888516337982313	0.5795897838595498	0.09692906451744504	8.0	0.0	1520.0698085182692	5.0
0.13626902186755072	0.45538006400327385	0.10810465745281062	9.0	0.0	2500.432374984752	5.0
0.5813528067672844	0.8391213942404663	0.12065261558130849	7.0	0.0	4021.6276927244544	5.0
0.34514309746964433	0.20176236201505784	0.10777424996755983	3.0	0.0	2466.6821352982906	5.0
0.22981844619792682	0.6681427616907604	0.1122168193435219	1.0	0.0	2946.5627859906704	5.0
0.7915831663326652	0.15831663326653306	0.07314629258517034	-2.0	-1.0	355.25236725232605	5.0
0.4732519796522754	0.6000426552643684	0.10879452836514718	10.0	0.0	2571.890405347204	5.0
0.9287749101573044	0.5434048711871612	0.1058414276875194	6.0	0.0	2275.3168822656116	5.0
0.9794471539264344	0.1946499676623124	0.11259895411780568	11.0	0.0	2990.5259654397732	5.0
0.5464223312543048	0.33299009146085506	0.10932519541267716	5.0	0.0	2627.774858150853	5.0
0.7873982942516234	0.34409858107571617	0.11395791806573491	2.0	0.0	3150.4097252542133	5.0
0.1113941384789153	0.14013935991709675	0.1273528411711995	4.0	0.0	5041.163187769247	5.0
0.22762014207326706	0.6678292612409039	0.11232903616286541	1.0	0.0	2959.4279105273968	6.0
0.6902633568660071	0.5935569333582796	0.09702599358196247	8.0	0.0	1527.218455543595	6.0
0.7887605917878182	0.33918996187094325	0.11407187598380063	2.0	0.0	3164.07013628955	6.0
0.9386397725656543	0.5453872985930824	0.10594726911520691	6.0	0.0	2285.530514809578	6.0
0.4703930886490027	0.6025227646692103	0.10890332289351232	10.0	0.0	2583.282320037117	6.0
0.9858945265080594	0.19479205992762708	0.11271155307192347	11.0	0.0	3003.562955846316	6.0
0.5533249851855997	0.8372658930710221	0.12077326819688979	7.0	0.0	4038.6465675714453	6.0
0.13933518096648145	0.45362693382338704	0.10821276211026341	9.0	0.0	2511.541447153565	6.0
0.09418837675350701	0.0781563126252505	0.04729458917835671	-2.0	-1.0	11.893838531477172	6.0
0.5446205907193379	0.3110252371638184	0.10943452060808982	5.0	0.0	2639.38753281281	6.0
0.08472578861566726	0.13023168127188697	0.12748019401237068	4.0	0.0	5062.046968986744	6.0
0.34073523555002877	0.1990161634957696	0.10788202421752738	3.0	0.0	2477.6573928195808	6.0
0.9883196297087342	0.19736672550143622	0.11282426462499538	11.0	0.0	3016.6508743164713	7.0
0.5654530317423563	0.8508095774609507	0.12089404146508666	7.0	0.0	4055.7304797324377	7.0
0.6904200336135935	0.6059992792942176	0.09712301957554442	8.0	0.0	1534.396662378905	7.0
0.08600367034336916	0.13229723982664665	0.12760767420638303	4.0	0.0	5083.009317086885	7.0
0.14221975334196565	0.4421158797734971	0.10832097487237366	9.0	0.0	2522.694533115368	7.0
0.45992121717556417	0.5989297059778098	0.10901222621640581	10.0	0.0	2594.7192670053378	7.0
0.23209723310414254	0.6549134903662973	0.11244136519902827	1.0	0.0	2972.3433492651216	7.0
0.35215280954849437	0.18763447429535973	0.1079899062417449	3.0	0.0	2488.676181749336	7.0
0.9299093323665082	0.5551367933768494	0.10605321638432211	6.0	0.0	2295.784926357182	7.0
0.5455905237211452	0.3081089661091619	0.1095439551286979	5.0	0.0	2651.0460336512742	7.0
0.8048166705620443	0.34597423436736824	0.11418594785978442	2.0	0.0	3177.7836983292436	7.0
0.9343637578271796	0.5469317357092257	0.10615926960070642	6.0	0.0	2306.0802645840663	8.0
0.1623137743499151	0.43537982967393857	0.10842929584724602	9.0	0.0	2533.891791458722	8.0
0.4601823860103436	0.6009928915566184	0.10912123844262221	10.0	0.0	2606.2014082698615	8.0
0.3477531089917925	0.19586184114599414	0.10809789614798664	3.0	0.0	2499.7386590507754	8.0
0.23134926133939296	0.6641834601735819	0.11255380656422728	1.0	0.0	2985.3092819614444	8.0
0.5627221652398475	0.8469080438867672	0.12101493550655174	7.0	0.0	4072.8796580774124	8.0
0.0843088391819857	0.13102130075633742	0.12773528188058939	4.0	0.0	5104.050505733349	8.0
0.8045431739000333	0.35683226068506424	0.11430013380764419	2.0	0.0	3191.550600629484	8.0
0.690871707916817	0.6037144666763229	0.09722014259511996	8.0	0.0	1541.6045385562136	8.0
0.9729627137980689	0.19497900817509026	0.11293708888962037	11.0	0.0	3029.789902664886	8.0
0.5462161278405234	0.3062279792970658	0.10965349908382659	5.0	0.0	2662.750525355384	8.0
0.4609750421138084	0.6099626500729064	0.10923035968106483	10.0	0.0	2617.728906393949	9.0
0.9783447360356844	0.19701592322373443	0.11305002597850998	11.0	0.0	3042.980223315292	9.0
0.08575468073684114	0.12667412845867582	0.12786301716246995	4.0	0.0	5125.170809493129	9.0
0.16028179992561978	0.43462492171321215	0.10853772514309325	9.0	0.0	2545.133381306384	9.0
0.565130260521042	0.07014028056112225	0.08276553106212424	-2.0	-1.0	697.4672275816969	9.0
0.3454507307230294	0.19532325031894143	0.10820599404413461	3.0	0.0	2510.8449822160637	9.0
0.23041280741770348	0.6734484443772587	0.1126663603707915	1.0	0.0	2998.325888976429	9.0
0.9253297813752348	0.5430113356377423	0.10626542887030711	6.0	0.0	2316.4166776647944	9.0
0.797251995120915	0.35161250371898867	0.11441443394145182	2.0	0.0	3205.3710330794947	9.0
0.5618346262121336	0.8491447730205077	0.12113595044205827	7.0	0.0	4090.0943322364915	9.0
0.5510991401964246	0.3072092618651427	0.1097631525829104	5.0	0.0	2674.501173168166	9.0
0.6935804243982839	0.6086298685350724	0.09731736273771507	8.0	0.0	1548.8421939825787	9.0
0.5654464390085979	0.8546670676681597	0.12125708639250031	7.0	0.0	4107.374732602382	10.0
0.9323664906514104	0.5488117444506989	0.10637169429917741	6.0	0.0	2326.7943142744625	10.0
0.08876211639007141	0.1258087995833621	0.1279908801796324	4.0	0.0	5146.3705038394055	10.0
0.23255058208510881	0.6473870286638601	0.11277902673116227	1.0	0.0	3011.3933512745334	10.0
0.144437567941321	0.43256858041261353	0.10864626286823632	9.0	0.0	2556.419462317031	10.0
0.8048196568145084	0.3558764527006244	0.11452884837539326	2.0	0.0	3219.245186203561	10.0
0.9790812705451427	0.20283440987239146	0.11316307600448848	11.0	0.0	3056.222019302464	10.0
0.5352461072124973	0.31012834859305716	0.1098729157354933	5.0	0.0	2686.298142888326	10.0
0.462939436308465	0.6115005035222452	0.10933959004074588	10.0	0.0	2629.3019244878897	10.0
0.6893047819684082	0.6113312060429102	0.09741468010045277	8.0	0.0	1556.1097389413255	10.0
0.3357816008914162	0.19587564549670758	0.10831420003817874	3.0	0.0	2521.9953092680216	10.0
0.9789288640216046	0.17862699063500662	0.11327623908049296	11.0	0.0	3069.5154742741897	11.0
0.13972156858296939	0.41894849520787814	0.10875490913110455	9.0	0.0	2567.7501946869957	11.0
0.08840558920560376	0.11448662533108937	0.128118871059812	4.0	0.0	5167.649865154445	11.0
0.9299687971916355	0.5478672616072487	0.10647806599347658	6.0	0.0	2337.213323590319	11.0
0.3341760166601796	0.2000754498527765	0.1084225142382169	3.0	0.0	2533.1897987618377	11.0
0.7896821103078275	0.35764769758352444	0.11464337722376865	2.0	0.0	3233.1732511630703	11.0
0.5340153726561839	0.30822049875721164	0.10998278865122879	5.0	0.0	2698.141600872038	11.0
0.46046745616952084	0.6123313196058316	0.10944892963078662	10.0	0.0	2640.920626210773	11.0
0.5660791117711917	0.8506806512105023	0.1213783434788928	7.0	0.0	4124.721090332811	11.0
0.685687097816233	0.6207941575129088	0.09751209478055321	8.0	0.0	1563.4072840932747	11.0
0.21699686824166772	0.6473681807917809	0.11289180575789343	1.0	0.0	3024.511850426571	11.0
0.1062124248496994	0.48296593186372744	0.09218436873747494	-2.0	-1.0	1196.7735101079145	11.0
0.21817924887571283	0.6457234160868487	0.11300469756365131	1.0	0.0	3037.6815686116474	12.0
0.45336832379432435	0.6127564248821069	0.10955837856041739	10.0	0.0	2652.5851757722508	12.0
0.5818886489917435	0.8405524132928187	0.12149972182237168	7.0	0.0	4142.133637352977	12.0
0.1282120316909952	0.4165600722948123	0.10886366404023565	9.0	0.0	2579.125739151993	12.0
0.5264850964514942	0.3118894159503161	0.11009277143988001	5.0	0.0	2710.0317140347483	12.0
0.09305234077510162	0.10538811352444387	0.1282469899308718	4.0	0.0	5189.009170732491	12.0
0.9285622428734485	0.5372906379840913	0.10658454405947004	6.0	0.0	2347.6738552933884	12.0
0.32460527615007273	0.1926666762079651	0.1085309367524551	3.0	0.0	2544.4286097867894	12.0
0.6961827305474044	0.6255438606941001	0.09760960687533375	8.0	0.0	1570.7349404779718	12.0
0.9843475760483198	0.16085205237804698	0.11338951531957345	11.0	0.0	3082.8607724932385	12.0
0.7888147081242798	0.360851248149116	0.1147580206009924	2.0	0.0	3247.155419758566	12.0
0.22444889779559116	0.45891783567134264	0.05270541082164328	-2.0	-1.0	35.52204815170879	12.0
0.9375031718542839	0.5414731945287132	0.1066911286035295	6.0	0.0	2358.1760595701035	13.0
0.21174341746870967	0.6663679248816662	0.11311770226121495	1.0	0.0	3050.902688619128	13.0
0.5235528623941377	0.31206500193789555	0.11020286421131988	5.0	0.0	2721.9686498529722	13.0
0.3315509605197848	0.18671746478084356	0.10863946768920756	3.0	0.0	2555.711901967969	13.0
0.5623864723256028	0.839999749333861	0.12162122154419404	7.0	0.0	4159.612606358004	13.0
0.7783454477398934	0.3592234711553991	0.11487277862159338	2.0	0.0	3261.1918844318043	13.0
0.4409215265314945	0.6150950631467759	0.10966793693897779	10.0	0.0	2664.2957379343193	13.0
0.9881269353310954	0.1567886556164871	0.113502904834893	11.0	0.0	3096.258098839344	13.0
0.7004025945894403	0.6009586508006933	0.09770721648220908	8.0	0.0	1578.092819514922	13.0
0.12200981069323652	0.410827703287197	0.10897252770427587	9.0	0.0	2590.5462569888723	13.0
0.09007227454672295	0.10784460301915788	0.12837523692080266	4.0	0.0	5210.448698782686	13.0
0.44694238180630635	0.6086879204196377	0.10977760487591676	10.0	0.0	2676.052478013102	14.0
0.08512095404543721	0.09949279127039726	0.12850361215772343	4.0	0.0	5231.968728431973	14.0
0.11723146116990925	0.40713518907280566	0.10908150023198014	9.0	0.0	2602.0119100173597	14.0
0.7686258363240235	0.35366611305357176	0.11498765140021497	2.0	0.0	3275.2828382678053	14.0
0.9876685299369505	0.154117955158118	0.11361640773972788	11.0	0.0	3109.707638811188	14.0
0.326519057822607	0.16905129488477733	0.10874810715689676	3.0	0.0	2567.0398354680083	14.0
0.548110120177603	0.8415790575299766	0.12174284276573821	7.0	0.0	4177.158230815412	14.0
0.21379743786043734	0.6694248530583539	0.11323081996347616	1.0	0.0	3064.1753938505976	14.0
0.9358804658237054	0.543070558979599	0.10679781973213302	6.0	0.0	2368.720087113937	14.0
0.5124200485330167	0.3049422328580875	0.11031306707553118	5.0	0.0	2733.9525763661113	14.0
0.7257008067033012	0.6084104734783382	0.09780492369869127	8.0	0.0	1585.4810330048283	14.0
0.9428518473394046	0.5289852629004411	0.10690461755186514	6.0	0.0	2379.3060891270425	15.0
0.32449957976355615	0.1640539178043267	0.10885685526405364	3.0	0.0	2578.412570988823	15.0
0.5478153377234463	0.8454734855443337	0.12186458560850394	7.0	0.0	4194.770744967586	15.0
0.44539495230571396	0.6119688660757786	0.10988738248079266	10.0	0.0	2687.855561880632	15.0
0.20985428935746306	0.6480682464682574	0.11334405078343962	1.0	0.0	3077.4998683218328	15.0
0.7765686843513548	0.3481437119810621	0.11510263905161518	2.0	0.0	3289.428474996934	15.0
0.11653362832801692	0.4098473967149999	0.1091905817322121	9.0	0.0	2613.5228606018068	15.0
0.5174415593971611	0.30467325439467113	0.11042338014260669	5.0	0.0	2745.983662178264	15.0
0.7309285416243848	0.6102410565222358	0.09790272862238995	8.0	0.0	1592.8996931308363	15.0
0.9922731874861592	0.15702716338879497	0.11373002414746759	11.0	0.0	3123.2095785283955	15.0
0.08771790918016024	0.08717341353186313	0.12863211576988115	4.0	0.0	5253.569539728041	15.0
0.20782496401648046	0.644120981284085	0.11345739483422304	1.0	0.0	3090.8762966647787	16.0
0.9417420932198433	0.5335986161172567	0.10701152216941699	6.0	0.0	2389.934217321899	16.0
0.32763455652297657	0.16193232233114252	0.10896571211931769	3.0	0.0	2589.830269773346	16.0
0.11693340267201621	0.4078251221269585	0.1092997723139443	9.0	0.0	2625.079271652958	16.0
0.9907768860493926	0.1483096112306539	0.11384375417161505	11.0	0.0	3136.764104733526	16.0
0.7379783002387379	0.5860268481703724	0.09800063135101234	8.0	0.0	1600.3489124597784	16.0
0.524542036315454	0.3164801404304405	0.11053380352274929	5.0	0.0	2758.062076460049	16.0
0.5542519671260574	0.8400993121988785	0.12198645019411243	7.0	0.0	4212.45038383426	16.0
0.48296593186372744	0.7955911823647294	0.015631262525050097	-2.0	-1.0	0.0	16.0
0.44818137825703763	0.6040786077638703	0.10999726986327345	10.0	0.0	2699.7051559666543	16.0
0.09761959513979493	0.08167621417664678	0.128760747885651	4.0	0.0	5275.251413642239	16.0
0.7738652265662811	0.3587941163370319	0.11521774169066679	2.0	0.0	3303.628988996964	16.0
0.4496499524584621	0.5861753538087898	0.1101072671331367	10.0	0.0	2711.6014272604148	17.0
0.7355337086324378	0.5797511530052479	0.09809863198236334	8.0	0.0	1607.8288039434256	17.0
0.20667174797684676	0.6345263259414475	0.11357085222905725	1.0	0.0	3104.3048641295327	17.0
0.11378574866374493	0.41016390387873203	0.10940907208625823	9.0	0.0	2636.681306629706	17.0
0.9648531323244673	0.5376403850030174	0.1071185336915864	6.0	0.0	2400.604623922964	17.0
0.31462925851703405	0.5290581162324649	0.09058116232464929	-2.0	-1.0	1098.911827682658	17.0
0.5577292505142726	0.8434371304560101	0.12210843664430653	7.0	0.0	4230.197383214993	17.0
0.36600093850000776	0.16785385215621249	0.109074677831437	3.0	0.0	2601.293093607281	17.0
0.5273685452044913	0.32972149119665195	0.11064433732627202	5.0	0.0	2770.1879889504294	17.0
0.7766878278530813	0.35936134190139507	0.11533295943235744	2.0	0.0	3317.884575295163	17.0
0.33266533066132264	0.044088176352705406	0.010420841683366733	-2.0	-1.0	0.0	17.0
0.12888950863353665	0.12888950863353665	0.12888950863353665	4.0	0.0	5297.014632072546	17.0
0.9954077805930261	0.1368500530786753	0.11395759792578665	11.0	0.0	3150.371404794081	17.0
0.18987324433964414	0.6506510836539695	0.11368442308128629	1.0	0.0	3117.785756586333	18.0
0.9643771796742914	0.5430263024501991	0.10722565222527798	6.0	0.0	2411.3174616683227	18.0
0.10403170665107117	0.4111187805356815	0.10951848115834448	9.0	0.0	2648.329129540864	18.0
0.7822387352443786	0.36286838782129477	0.11544829239178979	2.0	0.0	3332.195429570384	18.0
0.3570498247773724	0.17049048560399538	0.10918375250926843	3.0	0.0	2612.801204820849	18.0
0.4595793829919616	0.5884322877263254	0.11021737440026982	10.0	0.0	2723.5445433124733	18.0
0.5225338123697125	0.3363583401900768	0.11075498166359828	5.0	0.0	2782.36156995855	18.0
0.11154786414308006	0.12619320260060213	0.12901839814217017	4.0	0.0	5318.859477846503	18.0
0.7313274958629437	0.5762392347111857	0.09819673061434568	8.0	0.0	1615.3394809197416	18.0
0.9926026103416431	0.14102335699079513	0.11407155552371243	11.0	0.0	3164.031666704517	18.0
0.5557655525903533	0.8389094627967656	0.12223054508095083	7.0	0.0	4248.011979691684	18.0
0.4376491655937779	0.5922675488730305	0.11032759177467008	10.0	0.0	2735.534672236514	19.0
0.10148690482740924	0.14292286758192232	0.12914741654031234	4.0	0.0	5340.7862347241935	19.0
0.7357108741847423	0.5709833679251474	0.09829492734496002	8.0	0.0	1622.881057114141	19.0
0.7833952991340574	0.35042787826697686	0.11556374068418157	2.0	0.0	3346.5617481551517	19.0
0.186720187696809	0.6483389548970739	0.11379810750436756	1.0	0.0	3131.3191605275497	19.0
0.10817233391854686	0.4104214844332043	0.10962799963950282	9.0	0.0	2660.0229049469426	19.0
0.9995786087856676	0.1408256671132108	0.11418562707923613	11.0	0.0	3177.7450790882594	19.0
0.5434676045498137	0.8275431512399333	0.12235277562603177	7.0	0.0	4265.894410631058	19.0
0.3602780212989259	0.17148572243310226	0.10929293626177769	3.0	0.0	2624.354766290548	19.0
0.9500288812701182	0.5288073568578778	0.10733287787750324	6.0	0.0	2422.0728838113528	19.0
0.514303700375668	0.33410210174747734	0.11086573664526186	5.0	0.0	2794.5829903655713	19.0
0.3540787367316019	0.1834377822230566	0.10940222919803945	3.0	0.0	2635.953941440917	20.0
0.17369170134001571	0.6506174388088989	0.11391190561187191	1.0	0.0	3144.9052630696947	20.0
0.7841791091113351	0.3445339977288775	0.11567930442486574	2.0	0.0	3360.9837280377687	20.0
0.9575418273233159	0.532916716094815	0.10744021075538074	6.0	0.0	2432.871044122392	20.0
0.10627027819873901	0.41317566111082726	0.10973762763914231	9.0	0.0	2671.7627979619238	20.0
0.4369187936292032	0.5757054475560464	0.11043791936644475	10.0	0.0	2747.571982711154	20.0
0.0875649813081632	0.12869074118294027	0.12927656395685264	4.0	0.0	5362.795187401205	20.0
0.7336835073277661	0.5689108280691638	0.09839322227230497	8.0	0.0	1630.4536466407512	20.0
0.9917151158229239	0.1368408187314846	0.11429981270631535	11.0	0.0	3191.511831199722	20.0
0.5543943366060393	0.8054662851491915	0.12247512840165778	7.0	0.0	4283.844914187187	20.0
0.5147321297522587	0.3363434070820262	0.11097660238190711	5.0	0.0	2806.852421626515	20.0
0.7807320579360857	0.3476012527391812	0.11579498372929059	2.0	0.0	3375.46156686442	21.0
0.08957881266018729	0.1326959507442581	0.12940584052080947	4.0	0.0	5384.886621511619	21.0
0.9933679327693514	0.13538865040361067	0.11441411251902166	11.0	0.0	3205.332112926347	21.0
0.3475950738688219	0.17943025479665264	0.10951163142723748	3.0	0.0	2647.5988942463073	21.0
0.9665937217320053	0.5313923454418964	0.10754765096613611	6.0	0.0	2443.7120968904046	21.0
0.5263005897135498	0.34252507988754255	0.111087578984289	5.0	0.0	2819.1700357721165	21.0
0.5515359845888947	0.8060406951247185	0.12259760353005943	7.0	0.0	4301.863729304008	21.0
0.16188732915755102	0.6582850488523088	0.11402581751748377	1.0	0.0	3158.5442519554226	21.0
0.7171391734196975	0.582901994709282	0.09849161549457727	8.0	0.0	1638.0573640036814	21.0
0.1078824986334355	0.40552764583815365	0.10984736526678145	9.0	0.0	2683.548974255053	21.0
0.4301167440447152	0.579766992910118	0.11054835728581118	10.0	0.0	2759.6566439817716	21.0
0.436620832540289	0.5739057403756873	0.11065890564309698	10.0	0.0	2771.7888258623343	22.0
0.994510606528761	0.1305723356856416	0.11452852663154067	11.0	0.0	3219.206114790629	22.0
0.7114348797379633	0.5990292435097001	0.09859010711007184	8.0	0.0	1645.6923240982871	22.0
0.5320420971360428	0.33603159727355747	0.11119866656327328	5.0	0.0	2831.5360054106773	22.0
0.08587473512608161	0.12952328420488304	0.12953524636133026	4.0	0.0	5407.060823630996	22.0
0.361940151839667	0.16714321478094873	0.1096211430586647	3.0	0.0	2659.2897892326496	22.0
0.5764479468959584	0.8213445448500178	0.12272020113358947	7.0	0.0	4319.951095717848	22.0
0.099684847185836	0.37863698480749375	0.10995721263204822	9.0	0.0	2695.3816000526285	22.0
0.7807320579360857	0.3583453470057374	0.11591077871301987	2.0	0.0	3389.995462941287	22.0
0.9672832791922202	0.5276576122995945	0.10765519861710224	6.0	0.0	2454.596196924659	22.0
0.1645979983388585	0.6589733954313995	0.11413984333500124	1.0	0.0	3172.2363155555486	22.0
0.7154125921399512	0.6000393426923657	0.0986886972171819	8.0	0.0	1653.3586422124529	23.0
0.36067494489680546	0.1838581084008359	0.10973076420172335	3.0	0.0	2671.0267914792425	23.0
0.5845296164187881	0.8247593417652486	0.12284292133472305	7.0	0.0	4338.10725395996	23.0
0.11448959491017979	0.384892524794256	0.11006716984468025	9.0	0.0	2707.2608421397968	23.0
0.948561988100996	0.5426978458213357	0.10776285381571933	6.0	0.0	2465.523499556411	23.0
0.527102081350939	0.34555581952624986	0.11130986522983653	5.0	0.0	2843.9505037299273	23.0
0.15022565124479037	0.6512293009759993	0.11425398317833622	1.0	0.0	3185.981642871064	23.0
0.42844493347465185	0.5631165357748033	0.11076956454874007	10.0	0.0	2783.9686987372293	23.0
0.7817124117773784	0.3712969912086953	0.11602668949173288	2.0	0.0	3404.5856152366705	23.0
0.07374122853880842	0.14807485436093887	0.12966478160769157	4.0	0.0	5429.318081279385	23.0
0.9882657159442022	0.12740771885978086	0.1146430551581722	11.0	0.0	3233.134027952164	23.0
0.5865464129621362	0.8234672991875546	0.12296576425605776	7.0	0.0	4356.332445359066	24.0
0.7845059358876613	0.3675602374661565	0.1161427161812246	2.0	0.0	3419.2322233831114	24.0
0.9912619362216928	0.12762502934843029	0.11475769821333036	11.0	0.0	3247.116044209696	24.0
0.12235191488837907	0.3946703785903652	0.11017723701452492	9.0	0.0	2719.1868678623605	24.0
0.5353918696721638	0.3421144311357019	0.11142117509506635	5.0	0.0	2856.413704498895	24.0
0.12979444638929924	0.14020004071521178	0.12979444638929924	4.0	0.0	5451.658682924324	24.0
0.17497971037227616	0.6639699904288635	0.11436823716151455	1.0	0.0	3199.780423535173	24.0
0.7234324830756415	0.604425985783165	0.09878738591439908	8.0	0.0	1661.0564340278625	24.0
0.42786606476490036	0.5688436829708707	0.11088033411328879	10.0	0.0	2796.196433563103	24.0
0.3686401987648924	0.18626742999952722	0.10984049496592507	3.0	0.0	2682.810066620532	24.0
0.9557067772084302	0.5449385247107074	0.10787061666953504	6.0	0.0	2476.49416064059	24.0
0.16791501949815035	0.6614461226108789	0.11448260539867605	1.0	0.0	3213.632847815316	25.0
0.716531999212854	0.6299113366397568	0.09888617330031346	8.0	0.0	1668.7858156212872	25.0
0.958660364398946	0.5459727750526338	0.10797848728620456	6.0	0.0	2487.5083365574887	25.0
0.3840243714584701	0.17786146640580508	0.10995033546089099	3.0	0.0	2694.639780847903	25.0
0.11748049511228842	0.3980120194318158	0.11028741425153943	9.0	0.0	2731.1598451285795	25.0
0.9894667560546603	0.1268531453772817	0.11487245591154367	11.0	0.0	3261.152356003174	25.0
0.5847886578251256	0.821624522714717	0.12308873002031381	7.0	0.0	4374.62691204391	25.0
0.5351410594298478	0.3447516852907807	0.1115325962701614	5.0	0.0	2868.9257820697767	25.0
0.7738975103196823	0.35105309381134636	0.11625885889740581	2.0	0.0	3433.935487679536	25.0
0.42568451203357655	0.5686439766488179	0.11099121444740206	10.0	0.0	2808.472201870708	25.0
0.12992424083568851	0.13682803880072003	0.12992424083568851	4.0	0.0	5474.082917983867	25.0
0.7864818674014663	0.33717662754307615	0.1163751177563032	2.0	0.0	3448.695609093383	26.0
0.5881352359723327	0.841886179853641	0.12321181875033412	7.0	0.0	4392.990896945813	26.0
0.7374749498997996	0.625250501002004	0.039679358717434866	-2.0	-1.0	0.6557510457077029	26.0
0.5350724654666558	0.3501990144720382	0.11164412886643156	5.0	0.0	2881.4869113798213	26.0
0.11108553567141313	0.12301366218557844	0.13005416507652418	4.0	0.0	5496.591076829611	26.0
0.986143496482431	0.5361543988718767	0.10808646577349075	6.0	0.0	2498.5661842144655	26.0
0.41841834354880786	0.5673260365065749	0.11110220566184946	10.0	0.0	2820.796175766754	26.0
0.38584419671305376	0.171304287113731	0.11006028579635187	3.0	0.0	2706.5161009114795	26.0
0.1665149350026023	0.6592145608143404	0.11459708800407471	1.0	0.0	3227.539106615212	26.0
0.9785872607712605	0.12026366469998376	0.1149873283674552	11.0	0.0	3275.2431564158123	26.0
0.695845247670539	0.6117359146964627	0.09898505947361376	8.0	0.0	1676.5469034658693	26.0
0.11968319104800959	0.37751014501722613	0.11039770166579095	9.0	0.0	2743.179942410993	26.0
0.9883078508422836	0.531916512812689	0.10819455223926423	6.0	0.0	2509.6678610476424	27.0
0.9745178762437492	0.12722741395181023	0.11510231569582265	11.0	0.0	3289.3886391761525	27.0
0.3838316361582562	0.16978914820093613	0.11017034608214821	3.0	0.0	2718.4391941219255	27.0
0.18637274549098196	0.595190380761523	0.06933867735470942	-2.0	-1.0	259.13773793908115	27.0
0.4186725368788398	0.5698409463519809	0.1112133078675113	10.0	0.0	2833.16852793576	27.0
0.781807689671472	0.3381773335996527	0.1164914928740595	2.0	0.0	3463.512789262759	27.0
0.1216746225799416	0.37662400329163565	0.11050809936745673	9.0	0.0	2755.247328748232	27.0
0.5963577237639488	0.8444211316827694	0.12333503056908443	7.0	0.0	4411.424643801241	27.0
0.5313191973572977	0.34561645897107807	0.11175577299529799	5.0	0.0	2894.097267953207	27.0
0.6917391931991445	0.6152083115098917	0.09908404453308736	8.0	0.0	1684.3398144324149	27.0
0.17409316219659365	0.6619758120619526	0.11471168509207877	1.0	0.0	3241.499391476907	27.0
0.12312505695138501	0.11371000969139948	0.13018421924160067	4.0	0.0	5519.18345078973	27.0
0.9730486346143719	0.1466378492766493	0.11521741801151845	11.0	0.0	3303.5889986601496	28.0
0.3837426726999691	0.1474710720649119	0.11028051642823035	3.0	0.0	2730.4092283522527	28.0
0.13031440346084225	0.13031440346084225	0.13031440346084225	4.0	0.0	5541.8603321520295	28.0
0.9727273520739019	0.5371530148230163	0.10830274679150348	6.0	0.0	2520.813525023614	28.0
0.5368884643570598	0.32734765698100365	0.11186752876829327	5.0	0.0	2906.7570279029405	28.0
0.6803369796410321	0.6293100384681102	0.09918312857762043	8.0	0.0	1692.1646657906856	28.0
0.5995779649909049	0.8675219146172486	0.12345836559965351	7.0	0.0	4429.928397154386	28.0
0.4157242276639071	0.5742272007601585	0.11132452117537879	10.0	0.0	2845.589431641921	28.0
0.11170263680032486	0.3709223457260693	0.11061860746682417	9.0	0.0	2767.36217374685	28.0
0.19299291189436757	0.6583013868437583	0.11482639677717084	1.0	0.0	3255.513894582829	28.0
0.7811863572454637	0.34072470889865736	0.11660798436693354	2.0	0.0	3478.3872304985885	28.0
0.5398026113334501	0.33443027950076876	0.11197939629706155	5.0	0.0	2919.46636793275	29.0
0.9767537288788581	0.161828213105674	0.11533263542952996	11.0	0.0	3317.844429893244	29.0
0.42948393472390106	0.5759249858398879	0.11143584569655415	10.0	0.0	2858.059060730976	29.0
0.6831910242594273	0.6274816204366694	0.09928231170619804	8.0	0.0	1700.0215752107	29.0
0.3741108521287136	0.16261044315999967	0.11039079694465857	3.0	0.0	2742.426372039634	29.0
0.13325608160835078	0.13138625209337226	0.1304447178643031	4.0	0.0	5564.622014167006	29.0
0.9690324107800015	0.5280095557727966	0.10841104953829497	6.0	0.0	2532.003334641167	29.0
0.5890725652622644	0.8747282886113948	0.12358182396525315	7.0	0.0	4448.50240235974	29.0
0.7843762683298596	0.34268432650207753	0.11672459235130046	2.0	0.0	3493.3191357867804	29.0
0.17471219667621016	0.6603236739851509	0.114941223173948	1.0	0.0	3269.5828087578375	29.0
0.10687569787414711	0.38640593701546966	0.11072922607429098	9.0	0.0	2779.524647583152	29.0
