# x	y	r	id	split_id	s_prob	t
2.0	0.5	0.0	-1.0	0.0	0.0	0.0
0.63493742150312	0.551334409348682	0.11231829511109395	1.0	0.0	2958.19488261588	0.0
0.3932854960018567	0.6080403779965674	0.12442067590632747	2.0	0.0	4576.0822177444825	0.0
0.4750006230310606	0.3633566852091211	0.10650523813954618	3.0	0.0	2339.879788302736	0.0
0.5462256563177605	0.1463386398662832	0.11477887483876677	4.0	0.0	3249.7031757630402	0.0
0.13453431567617027	0.6715848648001448	0.11072000480187022	5.0	0.0	2778.5094133941707	0.0
0.32268613687035347	0.8585689651447317	0.12618212381614766	6.0	0.0	4851.869204259074	0.0
0.7993045869731514	0.28962866128472675	0.12016051753587068	7.0	0.0	3952.7090689606384	0.0
0.6322386737938531	0.5262154695464267	0.11243061340620504	1.0	0.0	2971.105499840676	1.0
0.3128344441993757	0.871400969819744	0.12630830593996378	6.0	0.0	4872.03982795937	1.0
0.4736029817218004	0.3614632455204737	0.10661174337768571	3.0	0.0	2350.350944095688	1.0
0.7990433763946279	0.31037246934932694	0.12028067805340653	7.0	0.0	3969.4643703213815	1.0
0.3876146579637116	0.599938566729245	0.12454509658223378	2.0	0.0	4595.210405338509	1.0
0.1564494576887891	0.67685717053847	0.11083072480667208	5.0	0.0	2790.715697487057	1.0
0.5460572893807767	0.14900938933807684	0.11489365371360552	4.0	0.0	3263.7495320725156	1.0
0.552108697161887	0.14121414364140722	0.11500854736731911	4.0	0.0	3277.8504127164715	2.0
0.6490918283699565	0.5287272605327432	0.11254304401961124	1.0	0.0	2984.0665937999634	2.0
0.4082425199204114	0.6165104932791418	0.124669641678816	2.0	0.0	4614.411031222655	2.0
0.8038301117225359	0.311271852713923	0.12040095873145992	7.0	0.0	3986.283781000283	2.0
0.4714303680898066	0.36297972213991403	0.10671835512106338	3.0	0.0	2360.863810883819	2.0
0.18035837902885826	0.6795020727544712	0.11094155553147875	5.0	0.0	2802.9699381899345	2.0
0.3099663986288829	0.8789030553821333	0.12643461424590374	6.0	0.0	4892.286532161548	2.0
0.8058244333708889	0.31101301997427044	0.12052135969019137	7.0	0.0	4003.1675267842397	3.0
0.17256002735643364	0.6847894029593901	0.11105249708701022	5.0	0.0	2815.2723073514067	3.0
0.6495067492591591	0.5328323589206089	0.11265558706363084	1.0	0.0	2997.078344796079	3.0
0.41550923879522694	0.6108249645600321	0.1247943113204948	2.0	0.0	4633.684348804214	3.0
0.46008686783247826	0.35466156102840346	0.10682507347618443	3.0	0.0	2371.418539490303	3.0
0.3111788884926851	0.8833811079656195	0.12656104886014963	6.0	0.0	4912.609582317589	3.0
0.5444582068203633	0.1348264741483648	0.11512355591468641	4.0	0.0	3292.006011542814	3.0
0.4531810518157853	0.3549878846600837	0.1069318985496606	3.0	0.0	2382.015281247416	4.0
0.659508165640375	0.5168913362333608	0.11276824265069446	1.0	0.0	3010.1409337355767	4.0
0.31248233479402376	0.8879654714132067	0.12668760990900976	6.0	0.0	4933.009244756587	4.0
0.18357514231402947	0.6855883095124055	0.11116354958409722	5.0	0.0	2827.622977397055	4.0
0.40944133478550854	0.5909204893655299	0.12491910563181528	2.0	0.0	4653.030612329116	4.0
0.5269924833834003	0.1336702062533368	0.14404834933825136	4.0	0.0	3306.2165230472415	4.0
0.8036694418693816	0.3024134008897465	0.12064188104988155	7.0	0.0	4020.115834210416	4.0
0.4505191890298659	0.3461007072755028	0.10703883044821025	3.0	0.0	2392.6541879981796	5.0
0.4197601554319326	0.5773779213686141	0.12504402473744708	2.0	0.0	4672.450076884602	5.0
0.3292097792543216	0.8915466906028519	0.12681429751891876	6.0	0.0	4953.485786687535	5.0
0.18647764302772735	0.6840243868255522	0.1112747131336813	5.0	0.0	2840.022121331303	5.0
0.5347379846949777	0.1211852599892758	0.1382864153647213	4.0	0.0	3320.4821423753237	5.0
0.8019804847287898	0.30387858388691624	0.12076252293093141	7.0	0.0	4037.1289305686532	5.0
0.6628262150921617	0.521213154574556	0.11288101089334514	1.0	0.0	3023.254542131168	5.0
0.39946839858416766	0.5908523998569964	0.1251690687621845	2.0	0.0	4691.942998401923	6.0
0.4474376259734822	0.34857636067751135	0.10714586927865845	3.0	0.0	2403.3354120980166	6.0
0.1832029348052359	0.6888467208428247	0.11138598784681497	5.0	0.0	2852.46991273928	6.0
0.6504939806952382	0.5244951422526205	0.11299389190423847	1.0	0.0	3036.4193521036805	6.0
0.32408805375036454	0.8847878810911236	0.12694111181643766	6.0	0.0	4974.039476202144	6.0
0.5235582879390022	0.13366989910485433	0.13252448139119125	4.0	0.0	3334.8030653245887	6.0
0.7808324041541501	0.30703048983576414	0.12088328545386233	7.0	0.0	4054.207043903879	6.0
0.518428754341892	0.1462578207569916	0.12676254741766121	4.0	0.0	3349.1794883466277	7.0
0.4133403393786705	0.6002048282144504	0.12529423783094668	2.0	0.0	4711.509633659029	7.0
0.773120793158987	0.2909432031642074	0.12100416873931617	7.0	0.0	4071.3504030185213	7.0
0.3371113119189832	0.8777707014533962	0.1270680529282541	6.0	0.0	4994.670582277654	7.0
0.6557267196665223	0.5076169315716219	0.1131068857961427	1.0	0.0	3049.635546384006	7.0
0.4427739499716968	0.36432473806231697	0.1072530151479371	3.0	0.0	2414.0591064163996	7.0
0.1835959479772838	0.6932940886629687	0.11149737383466177	5.0	0.0	2864.9665257886904	7.0
0.7873415081809736	0.29620516940394626	0.12112517290805548	7.0	0.0	4088.559237474942	8.0
0.4475682765610586	0.3558722749292421	0.10736026816308503	3.0	0.0	2424.8254243385204	8.0
0.5433622507436677	0.136994665326789	0.12100061344413114	4.0	0.0	3363.6116085491876	8.0
0.3350447136177841	0.8871154592645216	0.12719512098118235	6.0	0.0	5015.379374779656	8.0
0.6526285691436505	0.5123283432903696	0.11321999268193883	1.0	0.0	3062.903308315073	8.0
0.16219332475319564	0.6950560765238676	0.11160887120849641	5.0	0.0	2877.512135231696	8.0
0.39972935744432236	0.6028616027710934	0.1254195320687776	2.0	0.0	4731.150240283266	8.0
0.7963137550077382	0.29107594723263797	0.12124629808096353	7.0	0.0	4105.833777597861	9.0
0.43661209274835655	0.3721719931887344	0.1074676284312481	3.0	0.0	2435.634519766955	9.0
0.5073661837177195	0.05815186192561479	0.06485697478831863	8.0	4.0	170.34028839495846	9.0
0.5901029627123864	0.22361294656454633	0.06485697478831863	9.0	4.0	170.34028839495846	9.0
0.4201505489164435	0.6210327869731099	0.12554495160084636	2.0	0.0	4750.865076754112	9.0
0.6530966865801724	0.5018594003284861	0.11333321267462075	1.0	0.0	3076.2228218538094	9.0
0.1597240663332835	0.6925317990491812	0.11172048007970489	5.0	0.0	2890.106916406796	9.0
0.3321630220771505	0.9077876158120071	0.12732231610216352	6.0	0.0	5036.166124464936	9.0
0.3325319389653472	0.91266144817246	0.12744963841826568	6.0	0.0	5057.031102984318	10.0
0.5075243759391854	0.05536299263221702	0.06492183176310694	8.0	0.0	171.45276932705764	10.0
0.6083906355787646	0.21859948495227868	0.06492183176310694	9.0	0.0	171.45276932705764	10.0
0.6660801004095778	0.5028010640722376	0.11344654588729536	1.0	0.0	3089.5942715731258	10.0
0.42759003234686305	0.6485088088269538	0.1256704965524472	2.0	0.0	4770.654402405874	10.0
0.43700603885009814	0.3698768368752779	0.10757509605967934	3.0	0.0	2446.4865471233334	10.0
0.8015080589527456	0.2944499426033047	0.12136754437904448	7.0	0.0	4123.174254476805	10.0
0.1537847075720761	0.6688304420289851	0.11183220055978459	5.0	0.0	2902.7510452407155	10.0
0.46313844238261065	0.3741086122842254	0.10768267115573901	3.0	0.0	2457.3816613500207	11.0
0.16333787973046227	0.6642879548617865	0.11194403276034436	5.0	0.0	2915.4446982503014	11.0
0.32308001471863124	0.9167962477329156	0.12757708805668394	6.0	0.0	5077.974582885513	11.0
0.6087775492076888	0.21650391027355495	0.06498675359487004	9.0	0.0	172.57120317361404	11.0
0.7999797470120303	0.29390749547441536	0.12148891192342351	7.0	0.0	4140.58089996855	11.0
0.5115154976905851	0.02799345477624382	0.06498675359487004	8.0	0.0	172.57120317361404	11.0
0.42460402354660337	0.6517600380520322	0.12579616704899962	2.0	0.0	4790.5184774304325	11.0
0.67315725019714	0.5159356454119718	0.11355999243318264	1.0	0.0	3103.017842663891	11.0
