# x	y	r	id	split_id	s_prob	t
2.0	0.5	0.0	-1.0	0.0	0.0	0.0
0.22959482170546408	0.3786485483265794	0.04095986996530631	1.0	0.0	1.3548472267597162	0.0
0.37400537455761484	0.7266682971033709	0.04248482044780741	2.0	0.0	2.6836392415549	0.0
0.5125079410245467	0.8682215808933629	0.04463022856159808	3.0	0.0	5.715967595465173	0.0
0.12933784524818892	0.6955509804081571	0.043057910267453474	4.0	0.0	3.3484764923950223	0.0
0.8853055979024999	0.7840217827769022	0.04284596081965072	5.0	0.0	3.091137894263099	0.0
0.21789793760485404	0.2802121027605735	0.04276234446245838	6.0	0.0	2.9933583211462746	0.0
0.4450815086805166	0.12490706055553971	0.04267610990552967	7.0	0.0	2.8946997713752864	0.0
0.8084275213613835	0.2800432810073615	0.04315396378740156	8.0	0.0	3.469655124590048	0.0
0.11868496651709123	0.15513703482274596	0.04206271032486738	9.0	0.0	2.254727991365897	0.0
0.5968594448090246	0.7918514243957988	0.0451143329201394	10.0	0.0	6.622038599055884	0.0
0.2094811458802622	0.15731991015793875	0.04225470248554296	11.0	0.0	2.4436488272566237	0.0
0.3624126487299862	0.6290453427654453	0.0420440410241035	12.0	0.0	2.2368950260069767	0.0
0.6790771068636322	0.11652483249133619	0.04144986166400158	13.0	0.0	1.7172407040010995	0.0
0.9060504756993091	0.6449090728453583	0.0434428093238874	14.0	0.0	3.8515976871514965	0.0
0.7630402314790868	0.38283931480153915	0.041075461606376734	15.0	0.0	1.43521781359361	0.0
0.6576508822840461	0.3704199484631017	0.04306185838445794	16.0	0.0	3.353400841907245	0.0
0.45341464137898757	0.27239309130461203	0.04280533517115204	17.0	0.0	3.043369226555697	0.0
0.7773102046661697	0.8608998593180185	0.04081592261654288	18.0	0.0	1.2590292858588725	0.0
0.030025289658771062	0.16306188878341346	0.030025289658771062	19.0	0.0	0.0	0.0
0.8731027286102592	0.12506684099590468	0.041596872781372925	20.0	0.0	1.8373601835088493	0.0
0.7498537487586282	0.1714377443064193	0.04383457939093596	21.0	0.0	4.413037394143558	0.0
0.28624206796395807	0.0902035691327272	0.043863862632726014	22.0	0.0	4.457065587207865	0.0
0.6068672271698946	0.19706022099938397	0.04360421233732929	23.0	0.0	4.076742984134654	0.0
0.5554415334258721	0.10620263956816343	0.042494223591821534	24.0	0.0	2.6937662827660773	0.0
0.46969369643922193	0.36868458285860045	0.042079929516303204	25.0	0.0	2.271259602070927	0.0
0.44173129912955067	0.6705350983590637	0.038476269147439277	26.0	0.0	0.26885626185342915	0.0
0.40939369550511284	0.9182533449915498	0.04213025832757484	27.0	0.0	2.3200415753389194	0.0
0.5087863656302608	0.18419659087288656	0.04200370706128722	28.0	0.0	2.1986894505506314	0.0
0.02723489862473532	0.06571086164261637	0.02723489862473532	29.0	0.0	0.0	0.0
0.08513704874753567	0.3233290208767826	0.045129604709408154	30.0	0.0	6.652080072083919	0.0
0.2950957268788146	0.18491101108098879	0.043297820000447095	31.0	0.0	3.6565540980272146	0.0
0.19218262210322848	0.48505148511700513	0.042573543547461346	32.0	0.0	2.7802084230819446	0.0
0.11978781379095924	0.04950505644036972	0.04191429365750164	33.0	0.0	2.115550689345426	0.0
0.6565166643494448	0.2820276655938122	0.04389339317364161	34.0	0.0	4.501761184148435	0.0
0.2855345721888698	0.8450361292381056	0.04149743279900083	35.0	0.0	1.755518308938207	0.0
0.6528409378853146	0.46308632039097186	0.04423135810292316	36.0	0.0	5.034736769630172	0.0
0.1677768835187471	0.9560822397974958	0.0399091978543546	37.0	0.0	0.7572017014721126	0.0
0.38431510014786413	0.2096553742460427	0.04157173146352912	38.0	0.0	1.816433071650323	0.0
0.30257931868817883	0.2900972348188383	0.04239949945772571	39.0	0.0	2.592907369453428	0.0
0.13187056297465755	0.23947046635808955	0.042202734703776765	40.0	0.0	2.3915101612139296	0.0
0.26600998132128467	0.6790771068636322	0.044102655446578244	41.0	0.0	4.827077664737814	0.0
0.5472861185074327	0.4722384723601524	0.04412806587381274	42.0	0.0	4.867615559455658	0.0
0.3886488177083037	0.046968477525564246	0.04220979283511981	43.0	0.0	2.3985475461679755	0.0
0.5923629455475174	0.7003254098988847	0.042541707023801154	44.0	0.0	2.7452945345348923	0.0
0.2123405514951715	0.15504370599746564	0.0422969571880285	11.0	0.0	2.4865967896804904	1.0
0.6064252318548289	0.19427524667717377	0.04364781654966662	23.0	0.0	4.139037664431029	1.0
0.11142592999243349	0.03902925348090294	0.04195620795115914	33.0	0.0	2.1542576476982447	1.0
0.551819188445737	0.4676043983223095	0.04417219393968655	42.0	0.0	4.9385523414472345	1.0
0.2628770412744034	0.6774894802026803	0.04414675810202482	41.0	0.0	4.8975801859396455	1.0
0.4542774895669711	0.2712837457410583	0.042848140506323185	17.0	0.0	3.093714857443203	1.0
0.02758556951767835	0.07266739632466866	0.02726213352336005	29.0	0.0	0.0	1.0
0.805460740455858	0.2762289538969665	0.04319711775118895	8.0	0.0	3.525035501484183	1.0
0.3083410768595554	0.2911048786032187	0.042441898957183435	39.0	0.0	2.6377357237930994	1.0
0.6414192159029888	0.4765064179111996	0.04427558946102608	36.0	0.0	5.10745476993884	1.0
0.2853945539876091	0.08997122799138398	0.043907726495358734	22.0	0.0	4.523562505660564	1.0
0.11948306460194116	0.6890611561984309	0.043100968177720925	4.0	0.0	3.402442170878473	1.0
0.8686577243939482	0.1240270298885831	0.04163846965415429	20.0	0.0	1.872336471293636	1.0
0.1674373830588537	0.9557172242046238	0.03994910705220895	37.0	0.0	0.7758191902737224	1.0
0.3697213479210318	0.7441208992688826	0.04252730526825521	2.0	0.0	2.7295971831932206	1.0
0.08024055875851717	0.3347488977253102	0.04517473431411756	30.0	0.0	6.741386186581252	1.0
0.2980864676277351	0.18548435039727892	0.043341117820447535	31.0	0.0	3.7140927185933634	1.0
0.6579234674243651	0.3783635504957674	0.04310492024284239	16.0	0.0	3.407424254664761	1.0
0.13580822427542913	0.23877451506792832	0.04224493743848054	40.0	0.0	2.4337944297146095	1.0
0.4087549816595906	0.9198056925919392	0.04217238858590241	27.0	0.0	2.3614100445244333	1.0
0.5967783353362707	0.792769265538769	0.04515944725305954	10.0	0.0	6.711045967415217	1.0
0.2149646986144695	0.27863161770457484	0.04280510680692083	6.0	0.0	3.0431021106696505	1.0
0.5485950034403436	0.10329477571491785	0.04253671781541335	24.0	0.0	2.7398496979723745	1.0
0.7786176389764392	0.8634205587435851	0.040856738539159415	18.0	0.0	1.2857232075772913	1.0
0.9053451130618686	0.6448445016910542	0.043486252133211285	14.0	0.0	3.91135978798782	1.0
0.22651311645373687	0.37718321238088826	0.04100082983527161	1.0	0.0	1.382973661473173	1.0
0.8859820652712322	0.7852493416537357	0.042888806780470363	5.0	0.0	3.1420560731811946	1.0
0.6812896029419843	0.12053976259214821	0.041491311525665577	13.0	0.0	1.7505613265225861	1.0
0.38605272224347875	0.21000456407970577	0.041613303194992644	38.0	0.0	1.8511229950778443	1.0
0.2880276766593722	0.8419921714730625	0.04153893023179983	35.0	0.0	1.7893697238997248	1.0
0.10681409831157541	0.14663706817237865	0.04210477303519224	9.0	0.0	2.295253193437347	1.0
0.6578302071027702	0.2722064338492424	0.043937286566815247	34.0	0.0	4.568746108177322	1.0
0.354094395053816	0.6240438562238178	0.0420860850651276	12.0	0.0	2.2771889019279854	1.0
0.7684949420359377	0.3845964832095539	0.04111653706798311	15.0	0.0	1.4645250688442957	1.0
0.46855923195833166	0.36856630858363737	0.0421220094458195	25.0	0.0	2.311998830128175	1.0
0.03663093704525712	0.16759315525304577	0.03005531494842983	19.0	0.0	0.0	1.0
0.5073225274527319	0.1910642582810424	0.0420457107683485	28.0	0.0	2.238486127487434	1.0
0.7500006055562191	0.17226217695951956	0.04387841397032689	21.0	0.0	4.479052433624972	1.0
0.4416737300215807	0.12843493078287577	0.042718786015435196	7.0	0.0	2.9432488161113355	1.0
0.5934256598337029	0.6997527991932387	0.04258424873082495	44.0	0.0	2.7920145465982387	1.0
0.3901358179379656	0.0462614161067107	0.04225200262795493	43.0	0.0	2.4409216104477167	1.0
0.19250699868510213	0.4837570414766928	0.0426161170910088	32.0	0.0	2.8273580560562266	1.0
0.4365953708766535	0.6766766682123446	0.03851474541658671	26.0	0.0	0.2778827536152022	1.0
0.5056910145885818	0.8692375743264569	0.04467485879015967	3.0	0.0	5.795806517425163	1.0
0.5055606879407482	0.1923392323867492	0.04208775647911685	28.0	0.0	2.278800662096046	2.0
0.1148266234663201	0.13996229632043017	0.04214687780822743	9.0	0.0	2.3363023444430837	2.0
0.11646347631049854	0.040513109404147256	0.04199816415911029	33.0	0.0	2.1934732938212704	2.0
0.2148038303734476	0.27838224431560804	0.04284791191372775	6.0	0.0	3.0934445336474568	2.0
0.45335633944086395	0.2691598642700424	0.042890988646829505	17.0	0.0	3.144663860226828	2.0
0.380077154259412	0.20099256863793624	0.04165491649818763	38.0	0.0	1.8862871479848877	2.0
0.16982956162337726	0.9667214719770111	0.039989056159261155	37.0	0.0	0.7947584457511709	2.0
0.18990928673770463	0.4839125958454126	0.042658733208099806	32.0	0.0	2.875085718725984	2.0
0.35368706124832444	0.6254108240445349	0.042128171150192725	12.0	0.0	2.3180047959842227	2.0
0.38901418646775	0.0456012265877746	0.04229425463058288	43.0	0.0	2.4838349472297097	2.0
0.11634733456440095	0.6873202675042459	0.04314406914589864	4.0	0.0	3.4570394134478875	2.0
0.5068301271559484	0.8725918462711209	0.04471953364894982	3.0	0.0	5.876466393846613	2.0
0.8662660318178583	0.12529635568541533	0.04168010812380844	20.0	0.0	1.907789481380945	2.0
0.3120185283074076	0.29014634240631426	0.04248434085614061	39.0	0.0	2.683123410122647	2.0
0.641374776483157	0.47658471173591366	0.0443198650504871	36.0	0.0	5.1809433753182645	2.0
0.6033503963549574	0.19924538799272437	0.04369146436621628	23.0	0.0	4.202026973335677	2.0
0.1345580092653085	0.23975326336140168	0.04228718237591902	40.0	0.0	2.4766172308218444	2.0
0.7683837804388585	0.3837606005433434	0.04115765360505109	15.0	0.0	1.4942585064798806	2.0
0.7595157496042908	0.17572129503586664	0.043922292384297214	21.0	0.0	4.545789561179987	2.0
0.8983651492802344	0.6442055334576133	0.04352973838534449	14.0	0.0	3.9717975859075523	2.0
0.4705101954869707	0.3803783005255612	0.04216413145526532	25.0	0.0	2.3532637907848084	2.0
0.5891929443399858	0.6996328500541275	0.042626832979555766	44.0	0.0	2.839309146994296	2.0
0.8869130615438094	0.7858375421854726	0.04293169558725083	5.0	0.0	3.1935821177960833	2.0
0.2854958028131538	0.08999693909002385	0.04395163422185409	22.0	0.0	4.590785039874248	2.0
0.6590970305589079	0.3790642922115705	0.043148025163085225	16.0	0.0	3.4620796770042546	2.0
0.29303549793197203	0.18346168810480856	0.04338445893826798	31.0	0.0	3.7722902446011517	2.0
0.22578855880526785	0.3773288183589584	0.04104183066510688	1.0	0.0	1.4115154016563878	2.0
0.40787090805654475	0.9176179742646754	0.04221456097448831	27.0	0.0	2.4033094752921187	2.0
0.6580334130562098	0.2722472698015821	0.04398122385338206	34.0	0.0	4.636460213963758	2.0
0.5946197812714096	0.790389080164608	0.045204606700312594	10.0	0.0	6.800937553811039	2.0
0.544142482440493	0.46709618412062076	0.04421636613362623	42.0	0.0	5.010246948500168	2.0
0.0799405417099862	0.33449192306904235	0.04521990904843167	30.0	0.0	6.831578553704034	2.0
0.44162365168426193	0.12684460138840314	0.04276150480145063	7.0	0.0	2.9923870420145704	2.0
0.2911217966080468	0.8348581073918229	0.041580469162031626	35.0	0.0	1.8236880347269846	2.0
0.21174646756563043	0.15467357815830207	0.04233925414521652	11.0	0.0	2.5300887432152166	2.0
0.030085370263378257	0.16818002210876068	0.030085370263378257	19.0	0.0	0.0	2.0
0.778163203791553	0.8639825830263975	0.04089759527769857	18.0	0.0	1.3128190540144402	2.0
0.26274240529397025	0.6760680458590751	0.04419090486012684	41.0	0.0	4.9688374044566785	2.0
0.6757669180342949	0.11799323651460297	0.04153280283719124	13.0	0.0	1.784344175489224	2.0
0.55409865947881	0.09722602727798033	0.04257925453322876	24.0	0.0	2.78650258640441	2.0
0.8048975665864095	0.2777595826104458	0.04324031486894014	8.0	0.0	3.5810583231160393	2.0
0.4339268068503316	0.6749670766550393	0.03855326016200329	26.0	0.0	0.2871183795505914	2.0
0.019365513605470605	0.06710447361391629	0.027289395656883406	29.0	0.0	0.0	2.0
0.37097238116071923	0.7406535569032799	0.04256983257352346	2.0	0.0	2.776123587610286	2.0
0.45664577640328663	0.39625893216134417	0.04220629558672058	25.0	0.0	2.3950588543974902	3.0
0.5951530706928398	0.7881412910049976	0.0452498113070129	10.0	0.0	6.891719375513446	3.0
0.4018527650635352	0.9138685339061378	0.04225677553546279	27.0	0.0	2.445744262756776	3.0
0.353636761292159	0.6252380559136942	0.04217029932134291	12.0	0.0	2.3593470609288545	3.0
0.38973139016721964	0.20407155853802306	0.041696571414685815	38.0	0.0	1.9219296553913523	3.0
0.2900235890653089	0.8347296155502796	0.041622049631193654	35.0	0.0	1.858477331277328	3.0
0.44280629082893413	0.12212521100959459	0.04280426630625207	7.0	0.0	3.0421191181236225	3.0
0.4597525436191612	0.27612741979117444	0.04293387963547633	17.0	0.0	3.1962209702539184	3.0
0.4332757862568824	0.6747708498719351	0.03859181342216529	26.0	0.0	0.29656594637908995	3.0
0.2159335397071819	0.2839136485048218	0.04289075982564147	6.0	0.0	3.144390303304988	3.0
0.26080869203764634	0.6748292298424261	0.044235095764986965	41.0	0.0	5.0408547529245595	3.0
0.5539397820968095	0.0960313444634427	0.04262183378776198	24.0	0.0	2.8337295247209084	3.0
0.7821575901744099	0.8651591665294958	0.04093849287297626	18.0	0.0	1.3403206007829027	3.0
0.7704803455697876	0.38470938203437005	0.04119881125865613	15.0	0.0	1.5244220200340237	3.0
0.17760532803356643	0.48929503456516965	0.0427013919413079	32.0	0.0	2.9233960279001394	3.0
0.2912497948834715	0.182763959600429	0.04342784339720624	31.0	0.0	3.831151669289582	3.0
0.7558728086377247	0.17180456909939326	0.043966214676681506	21.0	0.0	4.613254060591046	3.0
0.6767867184494556	0.11315553009284049	0.04157433564002843	13.0	0.0	1.8185933183387135	3.0
0.9045561234273232	0.6617087312166573	0.04357326812372983	14.0	0.0	4.032916151651506	3.0
0.11540828821717548	0.6831278951576386	0.04318721321504453	4.0	0.0	3.512273086682299	3.0
0.5417433822818144	0.4666297592067998	0.04426058249975985	42.0	0.0	5.082704827490176	3.0
0.13315238376796756	0.23990875937646255	0.04232946955829493	40.0	0.0	2.5199829954506185	3.0
0.387925040678792	0.043000784977745225	0.04233654888521346	43.0	0.0	2.52729199092461	3.0
0.586168431737828	0.6937107422744222	0.04266945981253532	44.0	0.0	2.887182936391639	3.0
0.3038532128605371	0.2886653146784181	0.04252682519699675	39.0	0.0	2.729074957428736	3.0
0.17513457316876888	0.9671062349598534	0.04002904521542041	37.0	0.0	0.814022848178368	3.0
0.37089604923870684	0.7412565649950826	0.042612402406096976	2.0	0.0	2.823223026719063	3.0
0.2248375128780706	0.37628012301103064	0.041082872495771985	1.0	0.0	1.4404762880594433	3.0
0.6560821157242465	0.2702431813882341	0.04402520507723544	34.0	0.0	4.704908817732431	3.0
0.8057230027751329	0.2771542922636116	0.04328355518380907	8.0	0.0	3.6377285065402134	3.0
0.5969909595571847	0.1911575341404708	0.04373515583058249	23.0	0.0	4.265716068715918	3.0
0.2915248739516032	0.09370070186666418	0.043995585856075936	22.0	0.0	4.6587384897692345	3.0
0.1139074188094484	0.13897400890278086	0.04218902468603565	9.0	0.0	2.377879806288405	3.0
0.5226310835646379	0.8763932121530573	0.044764253182598766	3.0	0.0	5.957952957692669	3.0
0.5099608629385008	0.1828690924477045	0.04212984423559596	28.0	0.0	2.3196373873963267	3.0
0.09543223148287852	0.3396985769666533	0.0452651289574801	30.0	0.0	6.922663199828506	3.0
0.8860095214472264	0.7850636298132241	0.042974627282838074	5.0	0.0	3.245720784417429	3.0
0.8679385253804542	0.12419494210729787	0.052152235289915305	20.0	0.0	1.9437233507295844	3.0
0.04095405195417173	0.07004465972836209	0.02731668505254029	29.0	0.0	0.0	3.0
0.12441515837902216	0.035276562732152184	0.042040162323269396	33.0	0.0	2.2332019171797555	3.0
0.6440288667099614	0.47816948522162117	0.044364184915537584	36.0	0.0	5.255208090763034	3.0
0.6590766519642044	0.37582746760588204	0.043191173188248305	16.0	0.0	3.5173719775733048	3.0
0.20560161395108123	0.1476308876245323	0.04238159339936173	11.0	0.0	2.5741291445526997	3.0
0.03038726671250527	0.16709223132248582	0.03011545563364163	19.0	0.0	0.0	3.0
0.7819283021368499	0.8635867996575213	0.04097943136584923	18.0	0.0	1.3682316418980207	4.0
0.44390591534404444	0.1219257607363321	0.0535588382156979	7.0	0.0	3.09244973531311	4.0
0.6611392422179897	0.27139265318024575	0.04406923028231267	34.0	0.0	4.774097259998683	4.0
0.11546735125557854	0.6831359390706903	0.043230400428259576	4.0	0.0	3.568148079748582	4.0
0.5900371252885019	0.6944376340668115	0.04271212927234785	44.0	0.0	2.935640537034132	4.0
0.37046357035123695	0.7440969782118162	0.04265501480850307	2.0	0.0	2.870900093897987	4.0
0.5112704008728547	0.18099818216598457	0.04217197407983155	28.0	0.0	2.361000656959547	4.0
0.4325483265640273	0.6733010572438252	0.03863040523558745	26.0	0.0	0.3062282754228107	4.0
0.7697926118999149	0.38503110307343086	0.04124001006991478	15.0	0.0	1.55501952189978	4.0
0.5369373029229852	0.8888039648322434	0.04480901743578136	3.0	0.0	6.040271967785756	4.0
0.40233883058235836	0.9144396427699256	0.04229903231099825	27.0	0.0	2.4887188228225625	4.0
0.1120220065527479	0.13605129624634746	0.04223121371072168	9.0	0.0	2.419989961540736	4.0
0.31781810448020065	0.29202496337150197	0.042569352022193745	39.0	0.0	2.7755949159995197	4.0
0.21734259542831028	0.28015717907607607	0.04293365058546711	6.0	0.0	3.1959441548718814	4.0
0.2565128939736234	0.6755804995225161	0.04427933086075195	41.0	0.0	5.11363768870865	4.0
0.28991823815672985	0.09402356889706444	0.044039581441932006	22.0	0.0	4.727428179494879	4.0
0.35168627239722466	0.6229753225285418	0.04221246962066425	12.0	0.0	2.4012200701421875	4.0
0.9128062531205177	0.6642522049056829	0.04361684139185355	14.0	0.0	4.09472057932291	4.0
0.09238319967383511	0.3377989606011778	0.04531039408643757	30.0	0.0	7.014646178289581	4.0
0.6436218475723329	0.4787917986503287	0.04440854910045312	36.0	0.0	5.330254446269976	4.0
0.28979296566325086	0.8353328683412147	0.04166367168082484	35.0	0.0	1.8937417230250162	4.0
0.4601260749403239	0.2755320569907379	0.0429768135151118	17.0	0.0	3.2483909449604056	4.0
0.8868098089875114	0.7852776162619932	0.043017601910120905	5.0	0.0	3.298476851523347	4.0
0.3898319840403894	0.20408397063198952	0.041738267986100495	38.0	0.0	1.9580546620694719	4.0
0.19717606038008967	0.14267162755871574	0.04242397499276109	11.0	0.0	2.618722471409882	4.0
0.22465205403290012	0.37625842406286364	0.04112395536826775	1.0	0.0	1.4698601800876077	4.0
0.5393228242748482	0.4649916466132288	0.044304843082259605	42.0	0.0	5.155931450076366	4.0
0.8083187734132932	0.2779545553584272	0.04332683873899288	8.0	0.0	3.695050991590776	4.0
0.759332507815757	0.17451304295310555	0.044010180891358185	21.0	0.0	4.681451239808723	4.0
0.5549057448109969	0.09558685885306721	0.04266445562154974	24.0	0.0	2.881535111064153	4.0
0.5943365905200416	0.7892621090104945	0.056618826397899884	10.0	0.0	6.9833974767172435	4.0
0.45580795087407794	0.3949235417266298	0.0422485018823073	25.0	0.0	2.437388412017441	4.0
0.13995479964908147	0.23601935892705955	0.04237179902785322	40.0	0.0	2.5638961754423377	4.0
0.04578643131734312	0.07009029645830744	0.027344001737592827	29.0	0.0	0.0	4.0
0.6839989076658818	0.12254953463937789	0.041615909975668455	13.0	0.0	1.8533128420393865	4.0
0.6596190682282296	0.37550820272974494	0.04323436436143655	16.0	0.0	3.5733060476151337	4.0
0.1775936460535381	0.4893094822942752	0.0534301166665615	32.0	0.0	2.972293622024452	4.0
0.11835491308621021	0.037571554176165645	0.04208220248559266	33.0	0.0	2.273447827623329	4.0
0.16474494015169155	0.9854107967512133	0.04006907426063583	37.0	0.0	0.8336157946926619	4.0
0.38916698487833856	0.04122644449374802	0.04237888543409867	43.0	0.0	2.571297196882938	4.0
0.6009559653093395	0.19373303052922086	0.04377889098641307	23.0	0.0	4.330110132131267	4.0
0.29557995008955396	0.18253201377272937	0.043471271240603446	31.0	0.0	3.8906820089662375	4.0
0.8725930795071334	0.12279199388683741	0.050066145878318695	20.0	0.0	1.9801422360966825	4.0
0.03088412501402944	0.16295841424622765	0.03014557108927527	19.0	0.0	0.0	4.0
0.37189881164880734	0.7397816774180983	0.042697669823311565	2.0	0.0	2.9191594040728717	5.0
0.45562682285844824	0.3945059176875348	0.0422907503841896	25.0	0.0	2.4802568754696637	5.0
0.5411177827115831	0.46001677045906564	0.04434914792534186	42.0	0.0	5.229932312794574	5.0
0.5545648338674917	0.09706515758348926	0.042707120077171284	24.0	0.0	2.9299239651419953	5.0
0.7689059862373443	0.3828370694491428	0.04128125007998469	15.0	0.0	1.5860549434024023	5.0
0.22491711285013383	0.373791355188182	0.041165079323636014	1.0	0.0	1.4996709558734125	5.0
0.3173946308560369	0.29305418525060695	0.04261192137421593	39.0	0.0	2.822687857505997	5.0
0.18138798937188358	0.48501818724645507	0.05129291199989904	32.0	0.0	3.021783161263997	5.0
0.10171194482241933	0.13608609520804762	0.0422734449244324	9.0	0.0	2.4626372135088133	5.0
0.6035125397969439	0.18942063975657522	0.04382266987739948	23.0	0.0	4.395214368923121	5.0
0.3899359350188874	0.20453473527439062	0.041780006254086594	38.0	0.0	1.994666332619886	5.0
0.12525341710036547	0.6854902533196872	0.043273630828687834	4.0	0.0	3.624669304487213	5.0
0.03072972010549161	0.16249416922659565	0.030175716660364543	19.0	0.0	0.0	5.0
0.5479606497951018	0.9066220210264825	0.04485382645321714	3.0	0.0	6.123429208904611	5.0
0.5939409347355876	0.6933674268869491	0.04275484140162019	44.0	0.0	2.9846865928231097	5.0
0.8676035996534321	0.1327153235618676	0.04798005646672208	20.0	0.0	2.0170503141138454	5.0
0.661742259154633	0.27735871543184115	0.044113299512594975	34.0	0.0	4.844030905660219	5.0
0.5121648522552322	0.1822933477654764	0.042214146053911376	28.0	0.0	2.4028948449871876	5.0
0.20629701579404805	0.13778626647390038	0.042466398967753845	11.0	0.0	2.6638732226092117	5.0
0.34900713093916313	0.61882219335479	0.04225468209028491	12.0	0.0	2.4436282177105824	5.0
0.11753643192872683	0.038019239156324894	0.04212428468807825	33.0	0.0	2.3142153554641425	5.0
0.8133431485164778	0.2697177372621149	0.04337016557773187	8.0	0.0	3.753030740967887	5.0
0.9059326378438232	0.6677899922725067	0.0436604582332454	14.0	0.0	4.157215986475862	5.0
0.7570720606750189	0.17930576806562395	0.04405419107224954	21.0	0.0	4.750386431043012	5.0
0.38900226419804246	0.04120506624466083	0.04242126431953277	43.0	0.0	2.615855041475129	5.0
0.21804236617064543	0.2813207788597232	0.04297658423605257	6.0	0.0	3.2481108456659626	5.0
0.13845281202251586	0.23539583000442404	0.04241417082688107	40.0	0.0	2.608361243644964	5.0
0.290495481831278	0.09194364926758668	0.04408362102337393	22.0	0.0	4.796859457521151	5.0
0.45891964677086244	0.27621181097193753	0.04301979032862691	17.0	0.0	3.3011785639549487	5.0
0.8856938356393047	0.7855610062241073	0.04306061951203102	5.0	0.0	3.3518551198447426	5.0
0.6669499968834985	0.12249586639310428	0.04165752588564412	13.0	0.0	1.88850685316541	5.0
0.669345276393061	0.3699470728211326	0.043277598725797985	16.0	0.0	3.6298868010544965	5.0
0.29545150530915787	0.18294403193026681	0.04351474251184404	31.0	0.0	3.9508863030948618	5.0
0.401881599892316	0.9096123788863371	0.042341331343309245	27.0	0.0	2.532237592262618	5.0
0.6399148188496672	0.4780710907022897	0.044452957649553565	36.0	0.0	5.4060879969323565	5.0
0.042301325182030856	0.06913487441244455	0.027371345739330418	29.0	0.0	0.0	5.0
0.25723182748133844	0.6767759637273244	0.0443236101916127	41.0	0.0	5.187191693997235	5.0
0.16474693135931595	0.9854084270907957	0.04010914333489646	37.0	0.0	0.8535406993608063	5.0
0.4334502083785358	0.672604119649889	0.03866903564082304	26.0	0.0	0.3161082026644664	5.0
0.7779744670036189	0.8762696962437222	0.04102041079721507	18.0	0.0	1.3965559898492899	5.0
0.08747011995981238	0.3389809405470151	0.045355704480524	30.0	0.0	7.107533569481731	5.0
0.5975210936372153	0.7910563962518209	0.05435407334198389	10.0	0.0	7.075977928642516	5.0
0.2933553824825637	0.8347329448989338	0.04170533535250566	35.0	0.0	1.929485339136889	5.0
0.4401668407826655	0.1310133098222424	0.05141648468706998	7.0	0.0	3.1433836063768723	5.0
0.4548914996268012	0.3919802610074868	0.042333041134573784	25.0	0.0	2.523668677432539	6.0
0.43532585657310047	0.6717694988752949	0.03870770467646386	26.0	0.0	0.3262085788055913	6.0
0.2950701007125504	0.8361463991632199	0.04174704068785816	35.0	0.0	1.965712328548122	6.0
0.5996461083947429	0.6842740845773443	0.042797596243021804	44.0	0.0	3.0343257694000982	6.0
0.8977498889661726	0.6655467381591662	0.043704118691478645	14.0	0.0	4.220407514204112	6.0
0.886127207461089	0.7857637370760516	0.04310368013154305	5.0	0.0	3.405860412449968	6.0
0.560697169138334	0.08819953667738271	0.04274982719724845	24.0	0.0	2.9789007283101654	6.0
0.5112784630506627	0.17738527933403772	0.04225636019996528	28.0	0.0	2.4453243463899668	6.0
0.14047796387858197	0.23523612637088268	0.04245658499770795	40.0	0.0	2.6533826939932794	6.0
0.40539760544325976	0.9123649329710116	0.042383672674652546	27.0	0.0	2.5763050287989273	6.0
0.29698674652511203	0.08291389797483718	0.0441277046443973	22.0	0.0	4.8670376967303355	6.0
0.6726966567755676	0.1198515535306814	0.04169918341152976	13.0	0.0	1.9241794779723875	6.0
0.2961862584218076	0.18540978323208132	0.04355825725435588	31.0	0.0	4.0117696143830415	6.0
0.2071113732341824	0.13498914648625196	0.0425088653667216	11.0	0.0	2.7095859181593624	6.0
0.6325086073300409	0.47477549507128025	0.044497410607203115	36.0	0.0	5.482714323034244	6.0
0.21485103841925687	0.2792191434357	0.04301956082028862	6.0	0.0	3.300895155177315	6.0
0.7560359768626387	0.17934165864990673	0.04409824526332178	21.0	0.0	4.8200649908549025	6.0
0.547996965805647	0.9046994787205985	0.044898680279670346	3.0	0.0	6.207430491881766	6.0
0.7680429864266216	0.38012891171836805	0.04132253133006467	15.0	0.0	1.6175322348726127	6.0
0.3716364982891854	0.7402056787886863	0.042740367493134875	2.0	0.0	2.9680055937991625	6.0
0.025002400250189457	0.15513067590179533	0.030205892377024902	19.0	0.0	0.0	6.0
0.43632690902526955	0.12243131764579283	0.049274131158442064	7.0	0.0	3.1949254661114708	6.0
0.6680914207233374	0.2825923738469595	0.04415741281210756	34.0	0.0	4.91471514408903	6.0
0.1369796114759879	0.6845655247153656	0.04331690445951652	4.0	0.0	3.6818416954983917	6.0
0.8605715581968177	0.1292623983191867	0.045893967055125474	20.0	0.0	2.0544517813636674	6.0
0.7779750695343648	0.8762730787634936	0.04106143120801228	18.0	0.0	1.4252974756718686	6.0
0.6663652478654624	0.37228002980235425	0.04332087632452378	16.0	0.0	3.687119174583785	6.0
0.5411374400513755	0.4593925156023182	0.044393497073267195	42.0	0.0	5.304712937151066	6.0
0.5996152924653438	0.7892164289057381	0.052089320286067886	10.0	0.0	7.169466829635809	6.0
0.04697502363250297	0.06481523405165963	0.027398717085069746	29.0	0.0	0.0	6.0
0.3833318631042661	0.212536942696755	0.04182178626034067	38.0	0.0	2.031768851547909	6.0
0.25774897696693294	0.6793080865890623	0.0443679338018043	41.0	0.0	5.261522275894933	6.0
0.3821779503867078	0.037960138026162105	0.042463685583852294	43.0	0.0	2.6609700221719663	6.0
0.09929963594462704	0.3581020825208053	0.04540106018500452	30.0	0.0	7.201331480960093	6.0
0.6088441738677088	0.19814488719848228	0.04386649254727688	23.0	0.0	4.46103400830458	6.0
0.8115096115951662	0.2682256272445769	0.0434135357433096	8.0	0.0	3.811672740324397	6.0
0.45977551148953233	0.2818329164850133	0.04306281011895553	17.0	0.0	3.3545886291033185	6.0
0.3523436666907468	0.6193194700152814	0.04229693677237519	12.0	0.0	2.4865759185058494	6.0
0.12311734872190952	0.037151509476648595	0.04216640897276633	33.0	0.0	2.3555088515554132	6.0
0.10262878495664814	0.1362345645797661	0.042315718369356825	9.0	0.0	2.505825986322108	6.0
0.3178729788523263	0.2927125915159282	0.042654533295590144	39.0	0.0	2.8703583750837254	6.0
0.22182182459387037	0.3703782556711009	0.04120624440295965	1.0	0.0	1.529912512349199	6.0
0.1785570008100573	0.4771718676879044	0.04915570733323658	32.0	0.0	3.0718693275860147	6.0
0.17727598520112225	0.9880908026415183	0.04014925247823135	37.0	0.0	0.8738009932450694	6.0
0.6321934041479546	0.4764244636343108	0.044541908017810314	36.0	0.0	5.560139030145322	7.0
0.7477767206592293	0.1799406877049223	0.0441423435085851	21.0	0.0	4.8904923002482406	7.0
0.4349772829481227	0.6742700331768533	0.03874641238114032	26.0	0.0	0.336532269325005	7.0
0.18070185339796943	0.9901364094671871	0.040189401730709576	37.0	0.0	0.8944001244697262	7.0
0.543971213124069	0.4587296166323233	0.044437890570340456	42.0	0.0	5.38027886971652	7.0
0.671691617188097	0.12477253631665489	0.04174088259494129	13.0	0.0	1.9603348624729762	7.0
0.1017543001508613	0.13292233330897688	0.042358034087726176	9.0	0.0	2.5495607250105934	7.0
0.17047240979290423	0.4902397406961875	0.047018502666574126	32.0	0.0	3.1225568248430164	7.0
0.2143455219085545	0.27666196784708696	0.043062580381108904	6.0	0.0	3.3543018851526796	7.0
0.4012540223105882	0.9004112849499204	0.04242605634732719	27.0	0.0	2.6209256111825283	7.0
0.5996297021720837	0.7869276698418813	0.049824567230151905	10.0	0.0	7.263870305271368	7.0
0.2947695578973761	0.08141341560549747	0.04417183234904169	22.0	0.0	4.937968294509147	7.0
0.2565693150772692	0.6796394831618052	0.0444123017356061	41.0	0.0	5.3366349665166695	7.0
0.10250483772185484	0.35587361111215365	0.045446461245189515	30.0	0.0	7.296046047542006	7.0
0.6657387264135048	0.3833336766199182	0.043364197200848296	16.0	0.0	3.745008127749472	7.0
0.4592203658397613	0.28063639872618473	0.04310587292907448	17.0	0.0	3.408625964613023	7.0
0.1406081377207662	0.23110221740543208	0.042499041582705656	40.0	0.0	2.698965041589645	7.0
0.5597639257964527	0.08869483020315368	0.042792577024445694	24.0	0.0	3.028470063654808	7.0
0.12185059075641227	0.04121494655350489	0.04220857538173909	33.0	0.0	2.3973326873701524	7.0
0.22222989491889672	0.36698314669791177	0.041247450647362606	1.0	0.0	1.5605887653197783	7.0
0.7775913435720624	0.8761626693670261	0.04110249263922029	18.0	0.0	1.4544599490184282	7.0
0.6004239658205538	0.6853418834506109	0.04284039383926482	44.0	0.0	3.084562754229637	7.0
0.2921662952070716	0.8434644169292108	0.04178878772854601	35.0	0.0	2.0024268600383124	7.0
0.3838468294181689	0.21126261300410581	0.04186360804660101	38.0	0.0	2.0693664233400995	7.0
0.4574781716186683	0.3921351542893163	0.04237537417570835	25.0	0.0	2.56762827151762	7.0
0.5161403437559242	0.17650342973728084	0.04229861656016524	28.0	0.0	2.4882935768672354	7.0
0.4345565039097195	0.12251497539535568	0.04713177762981416	7.0	0.0	3.247080071399978	7.0
0.13813485633319114	0.6796962234272351	0.04336022136397603	4.0	0.0	3.739670210228468	7.0
0.8887470857136303	0.7740672908144971	0.04314678381167459	5.0	0.0	3.4604975748297875	7.0
0.7746955206981173	0.38027552549828425	0.04136385386139473	15.0	0.0	1.6494553657199447	7.0
0.54743308746145	0.9065082569032146	0.04494357895995001	3.0	0.0	6.292281653701195	7.0
0.3808029760804402	0.03732744663466662	0.04250614926943614	43.0	0.0	2.706646657625299	7.0
0.3508915959472187	0.6181070839359433	0.042339233709147564	12.0	0.0	2.5300676082648437	7.0
0.8968299363162164	0.6641965459315344	0.04374782281017012	14.0	0.0	4.284300327230156	7.0
0.04706327592374832	0.06489376270375413	0.027426115802154812	29.0	0.0	0.0	7.0
0.2101953461186296	0.1427612125959268	0.04255137423208832	11.0	0.0	2.7558650993361624	7.0
0.2960602487194308	0.18541414828613348	0.04360181551161023	31.0	0.0	4.073337028870313	7.0
0.37366620121755695	0.7399162225783369	0.04278310786062801	2.0	0.0	3.017443321344416	7.0
0.02612195578178111	0.15537036426322587	0.030236098269401924	19.0	0.0	0.0	7.0
0.809438465916469	0.28871689921450316	0.0434569492790529	8.0	0.0	3.870981998353116	7.0
0.6114191382269948	0.1944660878537138	0.04391035903982415	23.0	0.0	4.52757430345082	7.0
0.317073724779824	0.29279083487963453	0.04269718782888573	39.0	0.0	2.9186110834146746	7.0
0.8600954295044813	0.12823618756511995	0.043807877643528864	20.0	0.0	2.092350854456356	7.0
0.6645758241431208	0.274394971622229	0.04420157022491966	34.0	0.0	4.986155389223711	7.0
0.8956576696105818	0.778936816041635	0.04318993059548626	5.0	0.0	3.5157714749826567	8.0
0.610159553908383	0.19705183122660416	0.04395426939886397	23.0	0.0	4.594840531589497	8.0
0.7713680568063472	0.3853630638274481	0.04140521771525612	15.0	0.0	1.6818283245064265	8.0
0.5186876890292408	0.17437655956762724	0.0423409151767254	28.0	0.0	2.531806972986516	8.0
0.6031359828290819	0.6978174183322287	0.042883234233104084	44.0	0.0	3.1354022566824966	8.0
0.29757639036638855	0.1819184041504655	0.043645417327121835	31.0	0.0	4.135593656016596	8.0
0.7783055033647838	0.8750555990923502	0.04114359513185951	18.0	0.0	1.4840472782311878	8.0
0.6649092630372556	0.3857761443898164	0.04340756139804914	16.0	0.0	3.803558643038855	8.0
0.8059947656829182	0.28857589550125257	0.04350040622833195	8.0	0.0	3.930963546874011	8.0
0.18361193296872388	0.9955782098544119	0.04022959113244028	37.0	0.0	0.9153415582876647	8.0
0.04964725660020915	0.06353758451162751	0.027453541917956965	29.0	0.0	0.0	8.0
0.37546522963206147	0.03571857461874167	0.042548655418705575	43.0	0.0	2.752889487748945	8.0
0.2777722513483894	0.8477043158582886	0.04183057651627455	35.0	0.0	2.039633122307791	8.0
0.3487150903055253	0.6203042414365258	0.04238157294285671	12.0	0.0	2.574107743669316	8.0
0.2081477359016973	0.14325382300613404	0.0425939256063204	11.0	0.0	2.8027153287639095	8.0
0.8434336396718759	0.15687779795664433	0.024739180736956436	46.0	20.0	0.0	8.0
0.5523438639380024	0.8903994937443493	0.04498852253890996	3.0	0.0	6.377988557596353	8.0
0.29231088263724136	0.07726615975351862	0.04421600418139073	22.0	0.0	5.009656672841174	8.0
0.8715726684464634	0.10119294826230614	0.024739180736956436	45.0	20.0	0.0	8.0
0.10564295661378634	0.1273419678418692	0.042400392121813894	9.0	0.0	2.5938458955846926	8.0
0.5374351546087018	0.4588344278380748	0.04448232846091079	42.0	0.0	5.456635682220437	8.0
0.030266334367671323	0.15978209470945381	0.030266334367671323	19.0	0.0	0.0	8.0
0.1324921859677318	0.04225078395712083	0.04225078395712083	33.0	0.0	2.4396912550801773	8.0
0.6639586751756831	0.2716397101034894	0.04424577179514458	34.0	0.0	5.058357079662144	8.0
0.671665341178116	0.12467785881501466	0.04178262347753623	13.0	0.0	1.996977172513084	8.0
0.5996297021720837	0.7871676049075013	0.0475598141742359	10.0	0.0	7.359194508453015	8.0
0.3103810114796687	0.2792685727292535	0.04273988501671461	39.0	0.0	2.9674506188095364	8.0
0.435423229245567	0.6733690230082431	0.03878515879352146	26.0	0.0	0.3470821545374463	8.0
0.22239636392389225	0.3670912777695935	0.04128869809800997	1.0	0.0	1.5917036495353898	8.0
0.5697114878603166	0.0955185450939588	0.042835369601470136	24.0	0.0	3.078636656075389	8.0
0.17172840492513738	0.4968104119523072	0.04488129799991167	32.0	0.0	3.1738503788561587	8.0
0.3876806306741163	0.20866808806376477	0.04190547165464761	38.0	0.0	2.1074632725409828	8.0
0.39673865146163073	0.9043284030548179	0.04246848240367451	27.0	0.0	2.6661038392739016	8.0
0.6454685446804379	0.47536076268957456	0.044586449925828116	36.0	0.0	5.638367749215945	8.0
0.4593709552220024	0.28068282467896616	0.04314897880200355	17.0	0.0	3.463295417118374	8.0
0.14110313028184615	0.22821835766763002	0.04254154062428836	40.0	0.0	2.7451128227848187	8.0
0.8905447356774834	0.6612079634197401	0.04379157063298028	14.0	0.0	4.348899613994661	8.0
0.37279544642845525	0.7409658209436291	0.04282589096848863	2.0	0.0	3.067477266771121	8.0
0.09334193342543369	0.3548015383015834	0.0454919077064347	30.0	0.0	7.391683431408822	8.0
0.25807581441045874	0.6799422269246163	0.0444567140373417	41.0	0.0	5.41253532308167	8.0
0.4344985506082818	0.12229546930903241	0.04498942410118624	7.0	0.0	3.2998522012960763	8.0
0.2149068402602709	0.27612991195033804	0.043105642961490005	6.0	0.0	3.4083358596800934	8.0
0.7451733644787485	0.18546046753881212	0.04418648585209368	21.0	0.0	4.96167376476194	8.0
0.1368829986385237	0.6821859812726733	0.043403581585339995	4.0	0.0	3.798159829056658	8.0
0.45822033985228183	0.3897006284345154	0.04241774954988405	25.0	0.0	2.6121401323497793	8.0
0.2585982360944906	0.6804190088761468	0.044501170751379035	41.0	0.0	5.489228928008018	9.0
0.43124420215030895	0.6710489186192394	0.038823943952314977	26.0	0.0	0.35786112965233485	9.0
0.546796139770108	0.8896794831851708	0.045033511061448865	3.0	0.0	6.464557093148613	9.0
0.47157597545546676	0.12094461473601811	0.024975806198390845	47.0	7.0	0.0	9.0
0.30916069793931683	0.2762487989366211	0.04278262490173132	39.0	0.0	3.0168816392902045	9.0
0.8894847785074508	0.10091099835930506	0.02476391991769339	45.0	0.0	0.0	9.0
0.7723513767738799	0.3850117717942855	0.04144662293297137	15.0	0.0	1.714655119020577	9.0
0.8398292862233518	0.1613354945199434	0.02476391991769339	46.0	0.0	0.0	9.0
0.5682027778782749	0.7959793519860554	0.026857973998342884	50.0	10.0	0.0	9.0
0.13836268042155545	0.6847928997831283	0.04344698516692533	4.0	0.0	3.85731555538203	9.0
0.45333765461370623	0.38445098533321886	0.04246016729943393	25.0	0.0	2.6572087556475594	9.0
0.1800796688191798	0.4661210338499974	0.02534536258441704	52.0	32.0	0.0	9.0
0.6351682756825273	0.4730876401115971	0.04463103637575394	36.0	0.0	5.717406136672622	9.0
0.20619039647346235	0.14608805049342402	0.042636519531926716	11.0	0.0	2.850141190496828	9.0
0.6604110331358732	0.11983877907042521	0.04182440610101376	13.0	0.0	2.0341105938480126	9.0
0.3404548960075089	0.6271131775347056	0.04242395451579956	12.0	0.0	2.6187008024260336	9.0
0.09412744096832136	0.3547096328039393	0.04553739961414113	30.0	0.0	7.488249822208175	9.0
0.3734275465730715	0.742079461448201	0.04286871685945711	2.0	0.0	3.1181121320197747	9.0
0.5388170055253533	0.46041723237178483	0.04452681078937169	42.0	0.0	5.533788971645677	9.0
0.6613671142826403	0.2737759519252475	0.04429001756693972	34.0	0.0	5.131325678754351	9.0
0.13181720244376527	0.042739243041494006	0.04229303474107794	33.0	0.0	2.482588967635394	9.0
0.4036232440106427	0.12617538784108812	0.024975806198390845	48.0	7.0	0.0	9.0
0.2976232124852268	0.18220188586721833	0.043689062744448955	31.0	0.0	4.198544628790785	9.0
0.18243244255945176	0.992949840858878	0.04026982072357272	37.0	0.0	0.9366287771473054	9.0
0.23766076158525573	0.3717966260953845	0.04132998679610797	1.0	0.0	1.623261118764944	9.0
0.36367335760310027	0.04259120407412428	0.04259120407412428	43.0	0.0	2.7997030737999467	9.0
0.45729770368335965	0.2776399635996111	0.04319212778080555	17.0	0.0	3.518601855765638	9.0
0.5197632194903814	0.1747230285742733	0.04238325609190212	28.0	0.0	2.5758689922634233	9.0
0.3876173376226412	0.2085316711430313	0.04194737712630225	38.0	0.0	2.1460636438302316	9.0
0.6102197959381279	0.19655062287302713	0.04399822366826282	23.0	0.0	4.662837994091717	9.0
0.5965547483503034	0.7033830185432697	0.04292611746733718	44.0	0.0	3.1868490081191396	9.0
0.19226139798932035	0.5270451304182089	0.02534536258441704	51.0	32.0	0.0	9.0
0.5685877393358938	0.0967734623864679	0.0428782049710716	24.0	0.0	3.129405212367786	9.0
0.04939282160791102	0.0632774802978883	0.02748099545987492	29.0	0.0	0.0	9.0
0.8919364066121639	0.6642576069494862	0.043835362203613254	14.0	0.0	4.414210586746137	9.0
0.2825050316373048	0.85260388133623	0.041872407092790824	35.0	0.0	2.0773353240542463	9.0
0.7997336407075846	0.29025003864522086	0.04354390663456028	8.0	0.0	3.9916224409220007	9.0
0.7784844440507306	0.874013078698648	0.04118473872699136	18.0	0.0	1.5140633504143182	9.0
0.6319632522020485	0.7848596452341998	0.026857973998342884	49.0	10.0	0.0	9.0
0.2196955861469759	0.2708861412325406	0.04314874860445149	6.0	0.0	3.463001925273943	9.0
0.10577024429315596	0.12628294561971598	0.042442792513935707	9.0	0.0	2.6386859851155435	9.0
0.7441035340040516	0.185032053612211	0.04423067233794577	21.0	0.0	5.033614814562455	9.0
0.030740026721257748	0.15977463844033246	0.03029660070203899	19.0	0.0	0.0	9.0
0.13371709869511456	0.2223364063181057	0.04258408216491264	40.0	0.0	2.791830595259171	9.0
0.40030244705330265	0.8979565571261432	0.04251095088607818	27.0	0.0	2.7118442341236886	9.0
0.2849099258757022	0.08438022042878175	0.044260220185572116	22.0	0.0	5.082108278399502	9.0
0.8957460199593134	0.7789287281678267	0.04323312052608174	5.0	0.0	3.5716870035002017	9.0
0.665382699952128	0.3855654757336381	0.04345096895944718	16.0	0.0	3.8627757259671114	9.0
0.7695036247929528	0.38592914032605147	0.04148806955590434	15.0	0.0	1.7479397763515294	10.0
0.20741167194303325	0.15294411294379567	0.04267915605145864	11.0	0.0	2.8981472901009937	10.0
0.5986261343950259	0.7012654786811361	0.042969043584804516	44.0	0.0	3.2389077619734223	10.0
0.5682027778782749	0.8010271725232719	0.026884831972341223	50.0	0.0	0.0	10.0
0.2451910311449832	0.37520438113018495	0.04137131678290407	1.0	0.0	1.6552651458694498	10.0
0.2799958730597594	0.08530352557365525	0.044304480405757685	22.0	0.0	5.155328582639896	10.0
0.1409897975236631	0.6857877788648232	0.04349043215209225	4.0	0.0	3.9171424157108135	10.0
0.2833125624917015	0.8409620303828266	0.04191427949988361	35.0	0.0	2.1155376940495643	10.0
0.0521970701515592	0.07034459984978403	0.02750847645533479	29.0	0.0	0.0	10.0
0.18692381853418147	0.9954064906494695	0.04031009054429629	37.0	0.0	0.9582652807596617	10.0
0.40563387500628495	0.1264492196883015	0.025000782004589234	48.0	0.0	0.0	10.0
0.46147722682642656	0.2825507474774537	0.04323531990858635	17.0	0.0	3.5745501722986717	10.0
0.3397768476678317	0.6266159663386127	0.042466378470315355	12.0	0.0	2.663851283347242	10.0
0.6269928493135363	0.4803622978456362	0.04467566741212969	36.0	0.0	5.7972598745136565	10.0
0.546844184682169	0.8892797537707764	0.04507854457251031	3.0	0.0	6.5519931763859915	10.0
0.59831238674686	0.19682536570652506	0.044042221891931084	23.0	0.0	4.731572016563149	10.0
0.6616015319955206	0.2750724940438332	0.044334307584506655	34.0	0.0	5.2050666746958	10.0
0.4528637950696148	0.3846236438223115	0.04250262746673336	25.0	0.0	2.702838658303847	10.0
0.8947516688436302	0.6593695920341728	0.04387919756581686	14.0	0.0	4.480238481630991	10.0
0.3768848052618883	0.751475812568347	0.042911585576316566	2.0	0.0	3.1693526409922725	10.0
0.19119282483937966	0.5233748412200524	0.025370707947001452	51.0	0.0	0.0	10.0
0.13821712468789485	0.04233532777581901	0.04233532777581901	33.0	0.0	2.5260302588433774	10.0
0.39027527100958065	0.21416716859015397	0.04198932450342854	38.0	0.0	2.1851718020999584	10.0
0.034596127041274335	0.16054955436292173	0.030326897302741025	19.0	0.0	0.0	10.0
0.3622791931099824	0.03914122072171303	0.0426337952781984	43.0	0.0	2.847091998460158	10.0
0.2962780319560762	0.18437622570591364	0.043732751807193396	31.0	0.0	4.262195103759765	10.0
0.8399993833695429	0.1617489032765783	0.02478868383761108	46.0	0.0	0.0	10.0
0.7995172653861253	0.29020513711873497	0.04358745054119483	8.0	0.0	4.052963758834878	10.0
0.4711381951474486	0.11873008545133827	0.025000782004589234	47.0	0.0	0.0	10.0
0.3999295832180952	0.8995734138000302	0.042553461836964256	27.0	0.0	2.7581513380537075	10.0
0.09178920050925499	0.35397261319772105	0.04558293701375527	30.0	0.0	7.585751437156489	10.0
0.2632960267141047	0.6819979050584454	0.04454567192213041	41.0	0.0	5.566721389007455	10.0
0.628468656840742	0.7808056167225977	0.026884831972341223	49.0	0.0	0.0	10.0
0.13621704768371345	0.22325655711835568	0.042626666247077546	40.0	0.0	2.8391229381041967	10.0
0.31044841973933035	0.2760651567557847	0.042825407526633046	39.0	0.0	3.066908824672538	10.0
0.1141881972830974	0.13120175547198976	0.04248523530644964	9.0	0.0	2.6840855018155594	10.0
0.902561729879761	0.7801206920672484	0.04327635364660782	5.0	0.0	3.6282490736530804	10.0
0.43201435748567113	0.6702415114311999	0.03886276789626729	26.0	0.0	0.36887210483295974	10.0
0.7790977271694408	0.871103799944064	0.04122592346571835	18.0	0.0	1.5445120715064178	10.0
0.22162502124011435	0.27109958319760824	0.04319189735305594	6.0	0.0	3.5183049509600863	10.0
0.6642793625115324	0.11262238149799086	0.04186623050711477	13.0	0.0	2.0717393322191526	10.0
0.5708781459479384	0.10616380640196237	0.042921083176042665	24.0	0.0	3.1807804613077906	10.0
0.1828200264288256	0.4649016370582882	0.025370707947001452	52.0	0.0	0.0	10.0
0.8797691668046231	0.10812992880660997	0.02478868383761108	45.0	0.0	0.0	10.0
0.5110061218765934	0.17754402065304153	0.04242563934799402	28.0	0.0	2.620484113241787	10.0
0.6676584540035072	0.3843020268871616	0.04349441992840662	16.0	0.0	3.9226644051645536	10.0
0.5378164230336865	0.4591308047434274	0.04457133760016106	42.0	0.0	5.611744360323556	10.0
0.7449347872029808	0.18188356798819882	0.04427490301028371	21.0	0.0	5.106320904536716	10.0
0.46110043841294146	0.2840151790048855	0.043278555228494935	17.0	0.0	3.6311452811447396	11.0
0.5091674090238556	0.18231880342667067	0.04246806498734201	28.0	0.0	2.6656568355740973	11.0
0.2917541075423269	0.19234652204215624	0.043776484559000586	31.0	0.0	4.326550261177786	11.0
0.0912376917620487	0.3541126631758209	0.045628519950769025	30.0	0.0	7.684194521141876	11.0
0.5673206241736731	0.1068322318911069	0.0429640042592187	24.0	0.0	3.2327671537347413	11.0
0.19312347451304054	0.5152372460736481	0.025396078654948452	51.0	0.0	0.0	11.0
0.3223625780042196	0.2743660770270954	0.04286823293415967	39.0	0.0	3.1175368766494813	11.0
0.8879875934078058	0.6658623773385937	0.043923076763382675	14.0	0.0	4.546988558783838	11.0
0.2490127378918623	0.372013500741003	0.04141268809968697	1.0	0.0	1.6877197228757694	11.0
0.11367304748789227	0.1301059055065335	0.04252772054175608	9.0	0.0	2.73004897511926	11.0
0.18262351720258527	0.46433473588889873	0.025396078654948452	52.0	0.0	0.0	11.0
0.62680645292731	0.7801399866791398	0.026911716804313562	49.0	0.0	0.0	11.0
0.6842602821085466	0.38656306298328014	0.043537914348335024	16.0	0.0	3.983229732464352	11.0
0.056697139759752734	0.07477439248208084	0.027535984931790124	29.0	0.0	0.0	11.0
0.7697310651410526	0.3861896558489512	0.04152955762546024	15.0	0.0	1.7816863429634964	11.0
0.8001260990825131	0.28513969467164557	0.043631037991736024	8.0	0.0	4.114992602341587	11.0
0.28636431399747925	0.08899818798788947	0.044348784886163437	22.0	0.0	5.2293230818940515	11.0
0.5712648523859873	0.818217212424707	0.026911716804313562	50.0	0.0	0.0	11.0
0.5381374655011611	0.8918443985428618	0.04512362311708281	3.0	0.0	6.640302749882181	11.0
0.18216386255544892	0.9966792407860312	0.04035040063484058	37.0	0.0	0.9802545861657279	11.0
0.2567010642784867	0.684184869886534	0.04459021759405253	41.0	0.0	5.645018339180382	11.0
0.4500412536036058	0.3837728900402863	0.04254513009420009	25.0	0.0	2.74903437846676	11.0
0.6639625369601295	0.11245678296517073	0.04190809673762188	13.0	0.0	2.109867613430694	11.0
0.901100637652508	0.7824172482861781	0.04331963000025442	5.0	0.0	3.685462621477143	11.0
0.5403165053194293	0.4533664040315217	0.04461590893776122	42.0	0.0	5.6905074960290705	11.0
0.8402434027199996	0.1606594789048056	0.02481347252144869	46.0	0.0	0.0	11.0
0.39019623926318797	0.21165737061933348	0.04203131382793197	38.0	0.0	2.2247920325322923	11.0
0.6293978370773796	0.4802334740850679	0.04472034307954181	36.0	0.0	5.877934670405281	11.0
0.3632062360144023	0.039173334061480776	0.04267642907347659	43.0	0.0	2.8950608659179267	11.0
0.144101254208996	0.04363792403669178	0.04237766310359482	33.0	0.0	2.570019583449252	11.0
0.5990902143896587	0.7015425836805493	0.043012012628389315	44.0	0.0	3.291583293836723	11.0
0.2212835038539857	0.27112435284175607	0.04323508925040899	6.0	0.0	3.5742498283615447	11.0
0.7706972434532356	0.8637231178801117	0.04126714938918406	18.0	0.0	1.575397366353414	11.0
0.3703345342961127	0.755916998491455	0.042954497161892875	2.0	0.0	3.2212035396355105	11.0
0.21658286984992367	0.14846138050233845	0.04272183520751009	11.0	0.0	2.946738254736374	11.0
0.3455050962284916	0.6229779105676396	0.042508844848785664	12.0	0.0	2.709563706431368	11.0
0.43147019465140796	0.6730812551726808	0.03890163066416355	26.0	0.0	0.38011800525559636	11.0
0.2822311408213789	0.8406946504224619	0.04195619377938349	35.0	0.0	2.1542444812169776	11.0
0.6643913301602639	0.2714857098790534	0.044378641892091154	34.0	0.0	5.279585580621003	11.0
0.6063650611594645	0.1933056058530294	0.044086264113823014	23.0	0.0	4.801047948935519	11.0
0.40382418323263175	0.12769061136038806	0.02502578278659382	48.0	0.0	0.0	11.0
0.46306860380847376	0.11101967607328826	0.02502578278659382	47.0	0.0	0.0	11.0
0.8814019336533938	0.10224675681381679	0.02481347252144869	45.0	0.0	0.0	11.0
0.14695380188701374	0.2274855484820796	0.04266929291332462	40.0	0.0	2.8869944519042576	11.0
0.03035722420004376	0.16263183158595132	0.03035722420004376	19.0	0.0	0.0	11.0
0.7412538484341095	0.17995961312778214	0.04431917791329399	21.0	0.0	5.179797514385143	11.0
0.3996990703291536	0.8979926473806734	0.042596015298801214	27.0	0.0	2.8050297147381826	11.0
0.13928709554105598	0.6793385613206125	0.043533922584244336	4.0	0.0	3.9776454597439965	11.0
