# x	y	r	id	split_id	s_prob	t
2.0	0.5	0.0	-1.0	0.0	0.0	0.0
0.25210206030511695	0.8576590400377746	0.02909271726143856	1.0	0.0	0.0	0.0
0.6669467735338984	0.08454661649820475	0.03172687991990472	2.0	0.0	0.0	0.0
0.879486531583236	0.19846879536484033	0.0313312254779317	3.0	0.0	0.0	0.0
0.14857738611807142	0.3967871471207468	0.03283767978320953	4.0	0.0	0.0	0.0
0.7765708904365188	0.2043068140494265	0.0355668012193354	5.0	0.0	0.0011653927220152127	0.0
0.7294332100647849	0.1418065672868963	0.03039055528431303	6.0	0.0	0.0	0.0
0.10991154395182552	0.666200757053299	0.035163864116404694	7.0	0.0	2.8159929001958517e-05	0.0
0.6350303638858997	0.8326868622383191	0.03458460098029378	8.0	0.0	0.0	0.0
0.746923616645144	0.9518604226382634	0.03241035510658366	9.0	0.0	0.0	0.0
0.3988675963995798	0.10919928579895714	0.03543595441899055	10.0	0.0	0.0005302775322491016	0.0
0.7971657063260673	0.7522634380039752	0.0314260034099406	11.0	0.0	0.0	0.0
0.822124882911814	0.12962738983257655	0.033292119354865424	12.0	0.0	0.0	0.0
0.648406766454623	0.6982298061671094	0.03198095502824543	13.0	0.0	0.0	0.0
0.9301592921881413	0.6976868618885891	0.03039066640626107	14.0	0.0	0.0	0.0
0.5589342271727458	0.04068721362193366	0.03305129232272882	15.0	0.0	0.0	0.0
0.5663854131864443	0.7077698940546803	0.03443857490648645	16.0	0.0	0.0	0.0
0.4101840902862254	0.43730690358301805	0.03287108538380442	17.0	0.0	0.0	0.0
0.12862082241936384	0.5115373883883153	0.032884273956445234	18.0	0.0	0.0	0.0
0.8528476000860832	0.7078136370802075	0.029910259494331	19.0	0.0	0.0	0.0
0.7361289286541168	0.05969995577538114	0.03139276760950638	20.0	0.0	0.0	0.0
0.48160254284025394	0.46788240529739245	0.033236713842888135	21.0	0.0	0.0	0.0
0.5180293975628167	0.2347098844642169	0.02931482002636002	22.0	0.0	0.0	0.0
0.5045593821641147	0.7576822379743173	0.033020840002196614	23.0	0.0	0.0	0.0
0.4324960921949493	0.2368466592692782	0.031000333344830742	24.0	0.0	0.0	0.0
0.34667014190475437	0.9777224258698136	0.030424577723859057	25.0	0.0	0.0	0.0
0.7535107232351445	0.3069826104765627	0.03180288838405139	26.0	0.0	0.0	0.0
0.8955919969797312	0.11180003300547814	0.03452107241097108	27.0	0.0	0.0	0.0
0.8183073290361892	0.8961594991877821	0.03182234028675996	28.0	0.0	0.0	0.0
0.33163808730275784	0.17138095238591014	0.0345813713818781	29.0	0.0	0.0	0.0
0.6994883631890353	0.20739227974288368	0.03131036158788199	30.0	0.0	0.0	0.0
0.9331197965235126	0.4335820614402388	0.02981611608023392	31.0	0.0	0.0	0.0
0.05316006593362589	0.48721532638051546	0.03233063459355546	32.0	0.0	0.0	0.0
0.6393841245831606	0.6100729216506838	0.033885078519642065	33.0	0.0	0.0	0.0
0.8695082497338822	0.28515511893110135	0.03250296474195797	34.0	0.0	0.0	0.0
0.2533019252543034	0.17115332259698002	0.03252372387227325	35.0	0.0	0.0	0.0
0.6431009076410831	0.9948683007794096	0.03589811853449314	36.0	0.0	0.0046364005754924165	0.0
0.6349390696758834	0.9055211563841287	0.03199128255739049	37.0	0.0	0.0	0.0
0.18786687089990195	0.3019934695518858	0.03612286070441211	38.0	0.0	0.009060613908800974	0.0
0.07748212794142573	0.202210651058348	0.03155173875580375	39.0	0.0	0.0	0.0
0.8763683185053129	0.5389776634740382	0.035883144690477604	40.0	0.0	0.004408344852365076	0.0
0.46723495023905526	0.9632939532323317	0.03377906111848903	41.0	0.0	0.0	0.0
0.04879456762453361	0.8638954661936207	0.035132072808372716	42.0	0.0	1.4744166008995307e-05	0.0
0.10831785154369915	0.051815884614714966	0.03420937036628075	43.0	0.0	0.0	0.0
0.35607225074353954	0.878489541287229	0.03548406672812271	44.0	0.0	0.0007259315510736997	0.0
0.7540967426981791	0.869168079797983	0.029768855621818874	45.0	0.0	0.0	0.0
0.5285445084586259	0.35115881394656395	0.03489293365085905	46.0	0.0	0.0	0.0
0.8022619667112486	0.029768013250580216	0.029768013250580216	47.0	0.0	0.0	0.0
0.7984129915572366	0.5851272170272994	0.03270046659928165	48.0	0.0	0.0	0.0
0.5641856326488747	0.8098505497812388	0.030392171844623322	49.0	0.0	0.0	0.0
0.4360766319025773	0.613191134728607	0.03288110555852708	50.0	0.0	0.0	0.0
0.05199705942891427	0.10946537719812922	0.03168032470037347	51.0	0.0	0.0	0.0
0.9443453636040355	0.5539450862480688	0.03181501455062824	52.0	0.0	0.0	0.0
0.33617902432475866	0.40558585952609477	0.03391614155542334	53.0	0.0	0.0	0.0
0.6931993289183476	0.7675211827147894	0.03632083975080617	54.0	0.0	0.014747906166562075	0.0
0.2464892767648554	0.6393841245831606	0.03589351645352862	55.0	0.0	0.004565492529550852	0.0
0.37220274406287623	0.5886784610935194	0.033581227417960956	56.0	0.0	0.0	0.0
0.7765855000117751	0.4903335394584385	0.03160223519947005	57.0	0.0	0.0	0.0
0.16808667762082652	0.10619596177910402	0.02923591879686642	58.0	0.0	0.0	0.0
0.46019852285303026	0.16461786778420312	0.030169904201383175	59.0	0.0	0.0	0.0
0.4114681701559984	0.32132910041731183	0.036175116353183934	60.0	0.0	0.010385384595622327	0.0
0.2782950501596706	0.34564845264280863	0.032399647741370934	61.0	0.0	0.0	0.0
0.6190527000094777	0.7663305704241181	0.03239259237859055	62.0	0.0	0.0	0.0
0.4759209174639819	0.29634305198985794	0.030977640090800136	63.0	0.0	0.0	0.0
0.7666072181624213	0.653104262126022	0.03451092038886983	64.0	0.0	0.0	0.0
0.34616873719028673	0.6655891977606818	0.03365033960211179	65.0	0.0	0.0	0.0
0.4049990934836923	0.9314481253650193	0.03001510440860147	66.0	0.0	0.0	0.0
0.24315101376499154	0.08341140938784473	0.033632428622744424	67.0	0.0	0.0	0.0
0.33567017079345485	0.7547580084663137	0.03161275791569045	68.0	0.0	0.0	0.0
0.4223564943597158	0.8102622012533441	0.03403888169396791	69.0	0.0	0.0	0.0
0.05231484834851061	0.4878433431381233	0.032362965228149014	32.0	0.0	0.0	1.0
0.34642382250044323	0.9766227329077806	0.030455002301582913	25.0	0.0	0.0	1.0
0.7635239709471598	0.315450586166975	0.03183469127243544	26.0	0.0	0.0	1.0
0.40486427240703227	0.32361793653984644	0.03621129146953711	60.0	0.0	0.011374333300835815	1.0
0.3554965432285197	0.8731310698881306	0.03551955079485083	44.0	0.0	0.0008975610846562176	1.0
0.8045185441844857	0.7499458039719468	0.03145742941335054	11.0	0.0	0.0	1.0
0.7699775358106153	0.6488819140948858	0.034545431309258696	64.0	0.0	0.0	1.0
0.36218907257825356	0.5829075262928731	0.03361480864537891	56.0	0.0	0.0	1.0
0.10754143080326604	0.04062253579337985	0.03424357973664703	43.0	0.0	0.0	1.0
0.6960668606542644	0.7628202324853413	0.03635716059055697	54.0	0.0	0.015998294758105658	1.0
0.47570303978789613	0.29547679353818923	0.031008617730890933	63.0	0.0	0.0	1.0
0.7769576592185943	0.2055474698432419	0.035602368020554734	5.0	0.0	0.001398832441708464	1.0
0.7727375072759362	0.4935054668610274	0.03163383743466952	57.0	0.0	0.0	1.0
0.5141163533669774	0.22566230539308826	0.02934413484638638	22.0	0.0	0.0	1.0
0.347764417853143	0.6672000191019035	0.0336839899417139	65.0	0.0	0.0	1.0
0.8807499616641884	0.19911907135488793	0.03136255670340963	3.0	0.0	0.0	1.0
0.6514932602561314	0.6045009296041297	0.033918963598161704	33.0	0.0	0.0	1.0
0.619342105554144	0.7650385193917072	0.03242498497096914	62.0	0.0	0.0	1.0
0.43712434543026146	0.6200820570218486	0.032913986664085605	50.0	0.0	0.0	1.0
0.851440489764215	0.7067262794393842	0.029940169753825328	19.0	0.0	0.0	1.0
0.5131297034088947	0.7606832862271997	0.03305386084219881	23.0	0.0	0.0	1.0
0.4190776223931325	0.8113642083135714	0.03407292057566187	69.0	0.0	0.0	1.0
0.6548451703717248	0.08511845899784383	0.031758606799824625	2.0	0.0	0.0	1.0
0.15492290533447167	0.395636194659873	0.03287051746299273	4.0	0.0	0.0	1.0
0.8179607581674564	0.8972712103087099	0.03185416262704672	28.0	0.0	0.0	1.0
0.24412858323285935	0.07951036149673071	0.033666061051367165	67.0	0.0	0.0	1.0
0.5606520800623782	0.8065012071410613	0.03042256401646794	49.0	0.0	0.0	1.0
0.45183781256510913	0.16126981890324615	0.030200074105584555	59.0	0.0	0.0	1.0
0.8963393856714786	0.11486422121201384	0.03455559348338205	27.0	0.0	0.0	1.0
0.5545279813618734	0.7033646862080098	0.03447301348139293	16.0	0.0	0.0	1.0
0.7002534343879618	0.21036581699705523	0.031341671949469865	30.0	0.0	0.0	1.0
0.739222026769402	0.058893732621623555	0.03142416037711588	20.0	0.0	0.0	1.0
0.5379226198952356	0.348808605198061	0.0349278265845099	46.0	0.0	0.0	1.0
0.1913676222880062	0.3010809906328721	0.03615898356511652	38.0	0.0	0.009963497279613875	1.0
0.17250506605025703	0.11033151522885257	0.029265154715663284	58.0	0.0	0.0	1.0
0.11199443685348939	0.669137019290235	0.035199027980521096	7.0	0.0	5.04571112855956e-05	1.0
0.7551697761096775	0.8646452957836351	0.02979862447744069	45.0	0.0	0.0	1.0
0.5606806134807608	0.042406326852160905	0.03308434361505155	15.0	0.0	0.0	1.0
0.4085137217967262	0.9303887668522268	0.030045119513010067	66.0	0.0	0.0	1.0
0.9227541594982734	0.6942794064296728	0.03042105707266733	14.0	0.0	0.0	1.0
0.33568019291651574	0.40408603676070604	0.033950057696978765	53.0	0.0	0.0	1.0
0.08211149725870236	0.2057417142914211	0.031583290494559546	39.0	0.0	0.0	1.0
0.2786633664133677	0.34929245924412083	0.0324320473891123	61.0	0.0	0.0	1.0
0.8707365490113881	0.2852131603095651	0.032535467706699926	34.0	0.0	0.0	1.0
0.25657712740686056	0.858916198477245	0.029121809978699995	1.0	0.0	0.0	1.0
0.8217361082916701	0.12822656033970609	0.03332541147422029	12.0	0.0	0.0	1.0
0.8024689181839931	0.5801751303835044	0.032733167065880926	48.0	0.0	0.0	1.0
0.33599363821375616	0.7633170144534734	0.03164437067360614	68.0	0.0	0.0	1.0
0.040641491857925226	0.11204646838129088	0.03171200502507384	51.0	0.0	0.0	1.0
0.933052198008239	0.4320491802329348	0.02984593219631415	31.0	0.0	0.0	1.0
0.943287704378074	0.555253149944941	0.03184682956517886	52.0	0.0	0.0	1.0
0.482429624928842	0.46692291957103416	0.03326995055673102	21.0	0.0	0.0	1.0
0.33183297829074865	0.17447244417496466	0.034615952753259974	29.0	0.0	0.0	1.0
0.04809970405954496	0.8625348975779974	0.03516720488118109	42.0	0.0	2.991760533177512e-05	1.0
0.6422984232179465	0.9025741011050255	0.03202327383994788	37.0	0.0	0.0	1.0
0.7499954375747291	0.9585918694113463	0.03244276546169024	9.0	0.0	0.0	1.0
0.25403731963123477	0.1720628241299273	0.03255624759614552	35.0	0.0	0.0	1.0
0.6460066901215683	0.6980709160289743	0.03201293598327368	13.0	0.0	0.0	1.0
0.8715936162269983	0.536326853259222	0.03591902783516808	40.0	0.0	0.00496782135442686	1.0
0.6431009076410831	0.9960946392791009	0.035934016653027624	36.0	0.0	0.005214874156052929	1.0
0.7277321853611709	0.1415858000477618	0.03042094583959734	6.0	0.0	0.0	1.0
0.4329732712357633	0.2356216570269333	0.03103133367817557	24.0	0.0	0.0	1.0
0.2462582276831911	0.6410415826139626	0.035929409969982146	55.0	0.0	0.005138092929314553	1.0
0.8003392793100095	0.026226420481037557	0.029797781263830793	47.0	0.0	0.0	1.0
0.40532144090348343	0.09972713450081118	0.03547139037340954	10.0	0.0	0.0006703816247721761	1.0
0.1279490685090269	0.5123899180730743	0.03291715823040168	18.0	0.0	0.0	1.0
0.4069500635077696	0.43696973818130114	0.03290395646918822	17.0	0.0	0.0	1.0
0.4704419298941665	0.9663723089623703	0.03381284017960751	41.0	0.0	0.0	1.0
0.6291918935980785	0.8355994736528674	0.03461918558127407	8.0	0.0	0.0	1.0
0.4777289322079723	0.29747446136269395	0.03103962634862182	63.0	0.0	0.0	2.0
0.46491500829819776	0.9654415560501634	0.033846653019787114	41.0	0.0	0.0	2.0
0.7208768779468813	0.13614907020875278	0.030451366785436935	6.0	0.0	0.0	2.0
0.6206251748650543	0.7653132148150746	0.03245740995594011	62.0	0.0	0.0	2.0
0.3598085620515414	0.5806511157209807	0.03364842345402429	56.0	0.0	0.0	2.0
0.941977158080192	0.5603467389410195	0.03187867639474404	52.0	0.0	0.0	2.0
0.40667549161392413	0.10060666732696896	0.03550686176378294	10.0	0.0	0.0008333905383608453	2.0
0.34555753223282487	0.977454278441582	0.030485457303884494	25.0	0.0	0.0	2.0
0.4163606825074357	0.43586868239878923	0.032936860425657404	17.0	0.0	0.0	2.0
0.6485746902386439	0.6023607493185075	0.033952882561759865	33.0	0.0	0.0	2.0
0.3388788904480695	0.7652962067931255	0.03167601504427974	68.0	0.0	0.0	2.0
0.40637144693080013	0.9244512744133795	0.030075164632523074	66.0	0.0	0.0	2.0
0.87177654185504	0.5305177146405563	0.03595494686300325	40.0	0.0	0.0055733663761969865	2.0
0.24668324547238263	0.6436148273863067	0.035965339379952124	55.0	0.0	0.00575731568491733	2.0
0.9042314602479825	0.11048271411815755	0.03459014907686543	27.0	0.0	0.0	2.0
0.1124928009621691	0.6681301017932981	0.035234227008501616	7.0	0.0	8.224147468638421e-05	2.0
0.7504821028761905	0.9574299086225261	0.03247520822715193	9.0	0.0	0.0	2.0
0.0406476992652685	0.11106051772480137	0.03174371703009891	51.0	0.0	0.0	2.0
0.6418410838581702	0.9000970914825009	0.03205529711378782	37.0	0.0	0.0	2.0
0.4167252898971385	0.8117147995060734	0.03410699349623753	69.0	0.0	0.0	2.0
0.7503523410120019	0.31219391951542813	0.03186652596370787	26.0	0.0	0.0	2.0
0.32806703061115394	0.1666162543399583	0.03465056870601323	29.0	0.0	0.0	2.0
0.8051825049610524	0.02903622651544356	0.02982757904509462	47.0	0.0	0.0	2.0
0.8734929523021997	0.19002745970577573	0.031393919260113035	3.0	0.0	0.0	2.0
0.44137649178969407	0.6218159727057357	0.032946900650749684	50.0	0.0	0.0	2.0
0.4596976475785732	0.16940663784336832	0.030230274179690136	59.0	0.0	0.0	2.0
0.7977784355604042	0.7614798396647797	0.03148888684276389	11.0	0.0	0.0	2.0
0.10765910689777773	0.03918795727331507	0.034277823316383675	43.0	0.0	0.0	2.0
0.8049271056892435	0.5770955028064068	0.0327659002329468	48.0	0.0	0.0	2.0
0.05744476898005663	0.49090645008096695	0.03239532819337716	32.0	0.0	0.0	2.0
0.7754554335711145	0.6459303184093182	0.03457997674056795	64.0	0.0	0.0	2.0
0.6520036248530912	0.08003795149445034	0.03179036540662444	2.0	0.0	0.0	2.0
0.08396789209987626	0.2043804244756532	0.0316148737850541	39.0	0.0	0.0	2.0
0.6987445150025349	0.2111911512627869	0.03137301362141933	30.0	0.0	0.0	2.0
0.3342753613999754	0.6727005086354075	0.03371767393165561	65.0	0.0	0.0	2.0
0.6403383952093017	0.9973447891672866	0.035969950669680645	36.0	0.0	0.005840216079292304	2.0
0.7379329596593944	0.06057276542689473	0.03145558453749299	20.0	0.0	0.0	2.0
0.2444101342049424	0.08322998584237352	0.033699727112418525	67.0	0.0	0.0	2.0
0.6279521953378323	0.8342666059578182	0.03465380476685534	8.0	0.0	0.0	2.0
0.9270746649604196	0.42493554562990465	0.02987577812851046	31.0	0.0	0.0	2.0
0.27023168588876245	0.35523382131047887	0.03246447943650141	61.0	0.0	0.0	2.0
0.9236369728301856	0.6937597846783381	0.030451478129739994	14.0	0.0	0.0	2.0
0.8670897172229056	0.2860420757571534	0.03256800317440662	34.0	0.0	0.0	2.0
0.7603142892528574	0.8642395990753581	0.029828423101918126	45.0	0.0	0.0	2.0
0.5566237282424715	0.8134698908679047	0.030452986580484405	49.0	0.0	0.0	2.0
0.5074515497837935	0.7611476880099258	0.033086914703041	23.0	0.0	0.0	2.0
0.5132815257334368	0.22737608508138432	0.029373478981232763	22.0	0.0	0.0	2.0
0.19298382302099337	0.3058401135948254	0.036195142548681634	38.0	0.0	0.010925444077400925	2.0
0.39568707803796244	0.32544923164990813	0.03624750276100664	60.0	0.0	0.012425232399394304	2.0
0.04694328525588258	0.8633717524787947	0.035202372086062264	42.0	0.0	5.304345440038105e-05	2.0
0.7781705801524141	0.20491349974146825	0.03563797038857529	5.0	0.0	0.0016618106510009056	2.0
0.4836553386302048	0.4666198636124912	0.03330322050728775	21.0	0.0	0.0	2.0
0.6447941952469922	0.6993911059665044	0.032044948919256945	13.0	0.0	0.0	2.0
0.7710215614666979	0.49462007110405587	0.03166547127210419	57.0	0.0	0.0	2.0
0.8572312924483363	0.7101840030925128	0.02997010992357915	19.0	0.0	0.0	2.0
0.25493743005245234	0.8718695048626828	0.02915093178867869	1.0	0.0	0.0	2.0
0.5253644138988097	0.3518298359753885	0.03496275441109441	46.0	0.0	0.0	2.0
0.42835109337790167	0.23613298115925713	0.03106236501185374	24.0	0.0	0.0	2.0
0.12918522428758422	0.5263783536300654	0.03295007538863208	18.0	0.0	0.0	2.0
0.8239595634975317	0.12736850209570466	0.033358736885694504	12.0	0.0	0.0	2.0
0.12424849699398796	0.4669338677354709	0.06172344689378757	-2.0	-1.0	122.13985418719173	2.0
0.2556427507764225	0.17626222805141153	0.03258880384374166	35.0	0.0	0.0	2.0
0.1601574882894349	0.4021100831899223	0.032903387980455716	4.0	0.0	0.0	2.0
0.6982229136350113	0.7618931819489393	0.036393517751147526	54.0	0.0	0.01731878775345308	2.0
0.5613173316659601	0.6983097887447266	0.03450748649487432	16.0	0.0	0.0	2.0
0.17166421448587513	0.11245058507533442	0.029294419870378945	58.0	0.0	0.0	2.0
0.34363683657879124	0.39777587159920136	0.03398400775467574	53.0	0.0	0.0	2.0
0.35709836208805534	0.8765273348728075	0.03555507034564567	44.0	0.0	0.0010945208825035024	2.0
0.8169010778989996	0.8964734391280951	0.03188601678967376	28.0	0.0	0.0	2.0
0.5635881493009726	0.04591103895035218	0.033117427958666595	15.0	0.0	0.0	2.0
0.749488938189226	0.9563347699366214	0.032507683435379076	9.0	0.0	0.0	3.0
0.6998848559055901	0.21114445953853755	0.03140438663504075	30.0	0.0	0.0	3.0
0.4154291330098586	0.8130908937337361	0.03414110048973377	69.0	0.0	0.0	3.0
0.45702053209091104	0.17095977118755082	0.030260504453869824	59.0	0.0	0.0	3.0
0.6462152852331758	0.6981104703649376	0.032076993868176196	13.0	0.0	0.0	3.0
0.35154375542383404	0.570296931446712	0.033682071877478306	56.0	0.0	0.0	3.0
0.9009201217139113	0.11468516735756797	0.034624739225942294	27.0	0.0	0.0	3.0
0.6173273856711081	0.7632586169246467	0.03248986736589605	62.0	0.0	0.0	3.0
0.7096308152847545	0.14365704988081643	0.030481818152222367	6.0	0.0	0.0	3.0
0.12919313178433206	0.525122370064207	0.03298302546402071	18.0	0.0	0.0	3.0
0.9224622249980399	0.6925588615723524	0.03048192960786973	14.0	0.0	0.0	3.0
0.33015005225238664	0.15533433744615943	0.03468521927471924	29.0	0.0	0.0	3.0
0.9251301414963323	0.42949746755724727	0.02990565390663897	31.0	0.0	0.0	3.0
0.33770244596831483	0.7647368131316686	0.03170769105932402	68.0	0.0	0.0	3.0
0.3964912649244883	0.32630301481718554	0.03628375026376764	60.0	0.0	0.013540091883598393	3.0
0.7807500198077751	0.20312010016108806	0.03567360835896386	5.0	0.0	0.0019561510061407716	3.0
0.7749043048521492	0.643944495971607	0.034614556717308516	64.0	0.0	0.0	3.0
0.4083235226411439	0.9267448905984188	0.030105239797155594	66.0	0.0	0.0	3.0
0.33287085256514914	0.6721380726615731	0.03375139160558726	65.0	0.0	0.0	3.0
0.2602233629519806	0.6423753216786575	0.03600130471933207	55.0	0.0	0.006425083309409274	3.0
0.0396484838025702	0.11229630089581348	0.031775460747129	51.0	0.0	0.0	3.0
0.46889357305753243	0.9632978295529143	0.033880499672806895	41.0	0.0	0.0	3.0
0.8581373892632487	0.7049050225006119	0.030000080033502723	19.0	0.0	0.0	3.0
0.5736347172182981	0.05357408420773704	0.033150545386625256	15.0	0.0	0.0	3.0
0.8713924659631522	0.5323982682784923	0.03599090180986625	40.0	0.0	0.006226899249071494	3.0
0.08596787345880946	0.20462719851641792	0.03164648865883915	39.0	0.0	0.0	3.0
0.10970406586751252	0.04002183883119305	0.034312101139700055	43.0	0.0	0.0	3.0
0.4149599098035073	0.4370838632339738	0.032969797286083055	17.0	0.0	0.0	3.0
0.8046142844746976	0.7529158595841848	0.03152037572960665	11.0	0.0	0.0	3.0
0.5057450753563678	0.7639852648824965	0.03312000161774404	23.0	0.0	0.0	3.0
0.8160317532810883	0.8940640338608954	0.03191790280646343	28.0	0.0	0.0	3.0
0.17036193076463613	0.11287009987623602	0.029323714290249322	58.0	0.0	0.0	3.0
0.6427899818003243	0.9084345361465969	0.032087352410901604	37.0	0.0	0.0	3.0
0.5127020172723171	0.22856573165028216	0.029402852460213992	22.0	0.0	0.0	3.0
0.24902519828184208	0.07947430289937824	0.03373342683953094	67.0	0.0	0.0	3.0
0.4784363595157097	0.467737207519957	0.03333652372779503	21.0	0.0	0.0	3.0
0.2716108373569612	0.35517735139005535	0.03249694391593791	61.0	0.0	0.0	3.0
0.044767080460041214	0.8631725357238793	0.035237574458148326	42.0	0.0	8.581816345554216e-05	3.0
0.1947015211214598	0.31425049154338813	0.03623133769123031	38.0	0.0	0.011948447901005466	3.0
0.6566776788229365	0.08324420559668128	0.03182215577203106	2.0	0.0	0.0	3.0
0.695892653165846	0.7600451252740532	0.03642991126889867	54.0	0.0	0.018711441248569827	3.0
0.3468692384433803	0.9745312805876184	0.030515942761188377	25.0	0.0	0.0	3.0
0.16272218362446836	0.39752456667853414	0.03293629136843617	4.0	0.0	0.0	3.0
0.2530551131091953	0.8774122432141072	0.029180082720467366	1.0	0.0	0.0	3.0
0.8628956407607551	0.28350181216159676	0.03260057117758102	34.0	0.0	0.0	3.0
0.06278121901330926	0.48597426517617887	0.032427723521570535	32.0	0.0	0.0	3.0
0.6461185719450337	0.603744632943443	0.03398683544432162	33.0	0.0	0.0	3.0
0.5270094230434356	0.34448569277284924	0.034997717165505496	46.0	0.0	0.0	3.0
0.6296059266044081	0.8320262311250587	0.03468845857162219	8.0	0.0	0.0	3.0
0.33737765609043613	0.3928119113750617	0.034017991762430415	53.0	0.0	0.0	3.0
0.7368052520400646	0.06090494215043759	0.03148704012203048	20.0	0.0	0.0	3.0
0.6293903293380019	0.9929606329859627	0.036005920620350323	36.0	0.0	0.006514350270890645	3.0
0.8227122894416187	0.12345446314118025	0.03339209562258019	12.0	0.0	0.0	3.0
0.7516627396151385	0.31282715348253176	0.03189839248967157	26.0	0.0	0.0	3.0
0.4068422893135378	0.10161653401839908	0.035542368625546716	10.0	0.0	0.0010210891247623977	3.0
0.7613261827981999	0.8624826932045443	0.02985825152502004	45.0	0.0	0.0	3.0
0.5641262796669834	0.6886617346953514	0.03454199398136919	16.0	0.0	0.0	3.0
0.25667180543464035	0.1794225611704714	0.032621392647585394	35.0	0.0	0.0	3.0
0.4417641108701433	0.6198551860069431	0.03297984755140043	50.0	0.0	0.0	3.0
0.4754014997507724	0.29773193141649035	0.03883833246871305	63.0	0.0	0.0	3.0
0.357688871762786	0.8777017703551556	0.03559062541599131	44.0	0.0	0.0013186100127455802	3.0
0.7690353115790249	0.4986975531813293	0.031697136743376285	57.0	0.0	0.0	3.0
0.5575467720592925	0.815364765547563	0.030483439567064886	49.0	0.0	0.0	3.0
0.1204972198174673	0.661097403120995	0.03526946123551011	7.0	0.0	0.0001252186058593452	3.0
0.8739718223442925	0.18821367367133834	0.031425313179373145	3.0	0.0	0.0	3.0
0.8059533010302244	0.5788515833610144	0.03279866613317974	48.0	0.0	0.0	3.0
0.8032034320221159	0.025791790448753037	0.02985740662413971	47.0	0.0	0.0	3.0
0.4258470858109382	0.2358400087191704	0.03109342737686559	24.0	0.0	0.0	3.0
0.9418190697446917	0.5575597011180748	0.031910555071138776	52.0	0.0	0.0	3.0
0.9899799599198396	0.9478957915831663	0.019238476953907815	-2.0	-1.0	0.0	4.0
0.5653833119954709	0.06037577540959035	0.03318369593201188	15.0	0.0	0.0	4.0
0.6997450235737936	0.20797358584823522	0.031435791021675784	30.0	0.0	0.0	4.0
0.11011823019062739	0.03777867083847203	0.03434641324083975	43.0	0.0	0.0	4.0
0.35903841675137216	0.8784847112969668	0.035626216041407296	44.0	0.0	0.0015716380671477737	4.0
0.6622544277973653	0.06992917446970258	0.03185397792780309	2.0	0.0	0.0	4.0
0.5658406032186784	0.6895169515755865	0.034576535975350556	16.0	0.0	0.0	4.0
0.25821769359243485	0.1836240714508848	0.03265401404023298	35.0	0.0	0.0	4.0
0.7483374867726794	0.9540083251585955	0.032540191118814454	9.0	0.0	0.0	4.0
0.7546481100924959	0.8561848147845784	0.029888109776545057	45.0	0.0	0.0	4.0
0.07612921384090196	0.20712562500738455	0.03167813514749799	39.0	0.0	0.0	4.0
0.39886671859022504	0.0899109819967184	0.035577910994172256	10.0	0.0	0.001235272700583323	4.0
0.6967149068893672	0.7609180895067906	0.03646634118016756	54.0	0.0	0.02017832291966215	4.0
0.5135190080946374	0.22965808069431184	0.029432255312674203	22.0	0.0	0.0	4.0
0.13445718630199205	0.5292434087129217	0.04127001061185591	18.0	0.0	0.0	4.0
0.811421578228059	0.5723439947651359	0.04103933099914115	48.0	0.0	0.0	4.0
0.8203491538541942	0.9062880571524667	0.03194982070926989	28.0	0.0	0.0	4.0
0.044293954624254166	0.8621527970932816	0.03527281203260647	42.0	0.0	0.0001299482807297636	4.0
0.7673847146906327	0.6474621518114352	0.03464917127402582	64.0	0.0	0.0	4.0
0.43081034563962795	0.23158881034664225	0.031124520804242453	24.0	0.0	0.0	4.0
0.7789863109359518	0.20457393775506832	0.03570928196732282	5.0	0.0	0.0022836877886618367	4.0
0.40989637687886843	0.9266407643155766	0.030135345036952747	66.0	0.0	0.0	4.0
0.5568897595266579	0.8144746848115495	0.030513923006631947	49.0	0.0	0.0	4.0
0.7548301666559524	0.31518062706751393	0.03193029088216124	26.0	0.0	0.0	4.0
0.41251712035926574	0.4254958132530775	0.03300276708336913	17.0	0.0	0.0	4.0
0.3435396895334998	0.9725146430842911	0.03054645870394956	25.0	0.0	0.0	4.0
0.7107829441688468	0.14515771821474066	0.030512299970374586	6.0	0.0	0.0	4.0
0.47622275051710367	0.2990227798102737	0.03728479916996452	63.0	0.0	0.0	4.0
0.6432149578371813	0.6970386004285045	0.03210907086204437	13.0	0.0	0.0	4.0
0.19588765195921512	0.3128744786613265	0.03626756902892154	38.0	0.0	0.013034513673787274	4.0
0.8095587273872067	0.7514931959870639	0.03155189610533625	11.0	0.0	0.0	4.0
0.2576307892574732	0.640620797471218	0.0360373060240514	55.0	0.0	0.0071433293485512195	4.0
0.06587188444448663	0.4871446882165257	0.0324601512450921	32.0	0.0	0.0	4.0
0.4528158162088913	0.6216448543327541	0.03301282739895183	50.0	0.0	0.0	4.0
0.505261063427981	0.7649184273215337	0.03315312161936178	23.0	0.0	0.0	4.0
0.8026919210188407	0.024374095286176175	0.029887264030763847	47.0	0.0	0.0	4.0
0.9220432844414871	0.6944860277774917	0.030512411537477597	14.0	0.0	0.0	4.0
0.8783854831072752	0.1863814048218846	0.03145673849255252	3.0	0.0	0.0	4.0
0.6419155276759607	0.9161178839011725	0.0321194397633125	37.0	0.0	0.0	4.0
0.15966186694591303	0.4038069516317235	0.032969227659804604	4.0	0.0	0.0	4.0
0.3299732112260345	0.15221669674526975	0.03471990449399395	29.0	0.0	0.0	4.0
0.25388959919587467	0.8750993958251984	0.02920926280318783	1.0	0.0	0.0	4.0
0.41340986376524214	0.8121923648593238	0.0341752415902235	69.0	0.0	0.0	4.0
0.12618451632216	0.6648942970054681	0.03530473069674562	7.0	0.0	0.0001811042274226793	4.0
0.341735180526188	0.4051315577064386	0.03405200975419284	53.0	0.0	0.0	4.0
0.3348118510993301	0.6699428581807736	0.033785142997192846	65.0	0.0	0.0	4.0
0.45791529646965234	0.17258346511066888	0.03029076495832369	59.0	0.0	0.0	4.0
0.3403192910387899	0.7658038951007392	0.03173939875038334	68.0	0.0	0.0	4.0
0.39672359032974025	0.3248391524956414	0.03632003401403141	60.0	0.0	0.01472093313745404	4.0
0.5293557027149509	0.3546599107781543	0.035032714882671	46.0	0.0	2.2408669053675112e-07	4.0
0.2699717486723686	0.3512638675744307	0.03252944085985384	61.0	0.0	0.0	4.0
0.8168444797992918	0.1269581681194149	0.03342548771820277	12.0	0.0	0.0	4.0
0.8914048108504908	0.11332818758268459	0.034659363965168236	27.0	0.0	0.0	4.0
0.8726347428354657	0.5365672139588645	0.03602689271167611	40.0	0.0	0.006930350324125811	4.0
0.6358788917242906	0.8392114328801183	0.03472314703019381	8.0	0.0	0.0	4.0
0.6477537749620845	0.6018476580527926	0.03402082227976594	33.0	0.0	0.0	4.0
0.7402036885040354	0.06672052905881704	0.031518527162152504	20.0	0.0	0.0	4.0
0.35093199146258375	0.5564244155236695	0.03371575394935578	56.0	0.0	0.0	4.0
0.6192859341371912	0.7663370787602248	0.03252235723326194	62.0	0.0	0.0	4.0
0.633823091402061	0.9924984927179845	0.03604192654097067	36.0	0.0	0.007239211695107883	4.0
0.8659221383109466	0.2882588847411527	0.0326331717487586	34.0	0.0	0.0	4.0
0.038760876764612415	0.11390700667254132	0.03180723620787613	51.0	0.0	0.0	4.0
0.17132183712304092	0.11321985748601547	0.029353038004539568	58.0	0.0	0.0	4.0
0.9246170063636306	0.43074460521914304	0.037419449450682006	31.0	0.0	0.0	4.0
0.9401127356198065	0.554218635655643	0.031942465626209914	52.0	0.0	0.0	4.0
0.47855088496994086	0.4660861396241968	0.033369860251522825	21.0	0.0	0.0	4.0
0.8568118073742607	0.7091571517493186	0.030030080113536223	19.0	0.0	0.0	4.0
0.2435256060433386	0.08087086782507019	0.03376716026637047	67.0	0.0	0.0	4.0
0.769851404591273	0.4996564320462581	0.031728833880119656	57.0	0.0	0.0	4.0
0.4672818974154302	0.9556523986551759	0.0339143801724797	41.0	0.0	0.0	4.0
0.8636919475715051	0.2896289295218277	0.03266580492050736	34.0	0.0	0.0	5.0
0.16011445126797036	0.40232234452564813	0.033002196887464405	4.0	0.0	0.0	5.0
0.036836680904296565	0.8605070830574217	0.03530808484463907	42.0	0.0	0.00018715049445461318	5.0
0.12718127050453956	0.6664182880306307	0.03534003542744236	7.0	0.0	0.0002516242401071622	5.0
0.3476716250173	0.8723536669077513	0.0356618422574487	44.0	0.0	0.0018554252046953934	5.0
0.038400125662978284	0.11675687377502111	0.031839043444084	51.0	0.0	0.0	5.0
0.6198901257057262	0.7697250611187667	0.032554879590495196	62.0	0.0	0.0	5.0
0.5275774728581194	0.3553850270788848	0.03506774759755366	46.0	0.0	1.990039379506925e-06	5.0
0.5120278375586813	0.22158170658079956	0.029461687567986873	22.0	0.0	0.0	5.0
0.6418534793988755	0.9150239961419154	0.03215155920307581	37.0	0.0	0.0	5.0
0.8581391175155613	0.7080202661323456	0.030060110193649757	19.0	0.0	0.0	5.0
0.7687869265422804	0.646612861687103	0.03468382044529984	64.0	0.0	0.0	5.0
0.6494649271370604	0.6032581727929205	0.0340548431020457	33.0	0.0	0.0	5.0
0.05794835117079761	0.48431399809992964	0.03249261139633719	32.0	0.0	0.0	5.0
0.5591047082229539	0.8145514120047712	0.030544436929638576	49.0	0.0	0.0	5.0
0.24200538868541152	0.07830658841974629	0.03380092742663684	67.0	0.0	0.0	5.0
0.40909186259509855	0.814278985681708	0.034209416831813715	69.0	0.0	0.0	5.0
0.9058100935538191	0.1138271954880328	0.0346940233291334	27.0	0.0	0.0	5.0
0.3369559763869683	0.6703178330503811	0.03381892814019004	65.0	0.0	0.0	5.0
0.42140563380177304	0.42705027893114406	0.0330357698504525	17.0	0.0	0.0	5.0
0.1333998358950291	0.5266269016079893	0.039619210187381675	18.0	0.0	0.0	5.0
0.873824163441899	0.5280610701889086	0.03606291960438778	40.0	0.0	0.007685661017362122	5.0
0.19565631754397264	0.3165440605779699	0.03630383659795046	38.0	0.0	0.014185657690035214	5.0
0.47615004460035826	0.4749530916214972	0.033403230111774346	21.0	0.0	0.0	5.0
0.45497332849752675	0.17673076882077654	0.03032105572328201	59.0	0.0	0.0	5.0
0.9242495844580583	0.43233786394810086	0.035922671472654724	31.0	0.0	0.0	5.0
0.4708418505425537	0.9466118707275337	0.03394829455265217	41.0	0.0	0.0	5.0
0.7517001713122453	0.3132305685731641	0.0319622211730434	26.0	0.0	0.0	5.0
0.7707906863117705	0.4982398633441312	0.031760562713999775	57.0	0.0	0.0	5.0
0.7018914075734801	0.7686192657706727	0.03650280752134773	54.0	0.0	0.021721512070527638	5.0
0.3341436218661347	0.7738478138811427	0.031771138149133724	68.0	0.0	0.0	5.0
0.39764978779008237	0.33003869001825464	0.036356354048045436	60.0	0.0	0.015969788983227318	5.0
0.5691877979164863	0.06688621594597743	0.03321687962794388	15.0	0.0	0.0	5.0
0.9486174555077445	0.5590075270590181	0.03197440809183612	52.0	0.0	0.0	5.0
0.9210182110479406	0.6942598086879294	0.03054292394901507	14.0	0.0	0.0	5.0
0.40128494795684416	0.07911479717120698	0.03561348890516643	10.0	0.0	0.001477747090603998	5.0
0.3371604064120713	0.14879922018780356	0.03475462439848794	29.0	0.0	0.0	5.0
0.4831663926453877	0.2951678216560702	0.035731265871216	63.0	0.0	0.0	5.0
0.6836382946646848	0.21314275849598427	0.03146722681269746	30.0	0.0	0.0	5.0
0.11647838459569038	0.026063257901543686	0.034380759654080585	43.0	0.0	0.0	5.0
0.42542154479316224	0.23730995244882086	0.031155645325046694	24.0	0.0	0.0	5.0
0.17478168583816167	0.09941312970110001	0.029382391042544104	58.0	0.0	0.0	5.0
0.4574579504080847	0.6232050447623195	0.03304584022635078	50.0	0.0	0.0	5.0
0.0766427712183599	0.20821449777742332	0.03170981328264549	39.0	0.0	0.0	5.0
0.25581242562992307	0.6416153885831565	0.03607334333007545	55.0	0.0	0.007913998426232638	5.0
0.6535168817205733	0.0732380493615647	0.03188583190573089	2.0	0.0	0.0	5.0
0.567035502641734	0.6898203840032282	0.034611112511325905	16.0	0.0	0.0	5.0
0.7429113252372956	0.07034074646683737	0.03155004568931465	20.0	0.0	0.0	5.0
0.634334662638761	0.9935486740480572	0.03607796846751164	36.0	0.0	0.008016746400102193	5.0
0.6387832501482062	0.8413132030805236	0.034757870177223996	8.0	0.0	0.0	5.0
0.3501070460423622	0.5570373695808668	0.033749469703305134	56.0	0.0	0.0	5.0
0.6462226150353372	0.6879413512119795	0.03214117993290641	13.0	0.0	0.0	5.0
0.8156159009310541	0.1264299089769066	0.03345891320592097	12.0	0.0	0.0	5.0
0.26628719824652525	0.35195616057414975	0.03256197030071369	61.0	0.0	0.0	5.0
0.5060442282063116	0.7664283486929981	0.03318627474098114	23.0	0.0	0.0	5.0
0.703467385061245	0.1357198664284839	0.030542812270344957	6.0	0.0	0.0	5.0
0.34280813020539025	0.4128284896727123	0.03408606176394703	53.0	0.0	0.0	5.0
0.2452261610395996	0.8727243634772285	0.029238472065991013	1.0	0.0	0.0	5.0
0.7531470542993807	0.9448767258070023	0.03257273130993327	9.0	0.0	0.0	5.0
0.3470653514326455	0.9805055120510209	0.030577005162653506	25.0	0.0	0.0	5.0
0.7473475961896334	0.8617533003510102	0.029917997886321598	45.0	0.0	0.0	5.0
0.8010869161496275	0.02976031655907285	0.02991715129479461	47.0	0.0	0.0	5.0
0.8192088510792523	0.7609926150080369	0.03158344800144158	11.0	0.0	0.0	5.0
0.8793149568595371	0.18759206089213146	0.03148819523104507	3.0	0.0	0.0	5.0
0.25987016997727563	0.18645187774709482	0.032686668054273206	35.0	0.0	0.0	5.0
0.807915346919489	0.9030471567133331	0.03198177052997916	28.0	0.0	0.0	5.0
0.4039063827374945	0.929247633029491	0.0301654803819897	66.0	0.0	0.0	5.0
0.7782600659689005	0.20551988472313204	0.03574499124929014	5.0	0.0	0.0026462659493375895	5.0
0.7996420922057614	0.5780269979100571	0.0393977577591755	48.0	0.0	0.0	5.0
0.7674087988633748	0.6465390419393233	0.03471850426574514	64.0	0.0	0.0	6.0
0.2460699595924385	0.8737679342487484	0.029267710538057	1.0	0.0	0.0	6.0
0.12262180015309347	0.5236721643463016	0.03796840976290743	18.0	0.0	0.0	6.0
0.9070816687891277	0.11539982054752362	0.03472871735246253	27.0	0.0	0.0	6.0
0.5606400665184896	0.8120343891445599	0.03057498136656821	49.0	0.0	0.0	6.0
0.2651016128149763	0.35494401056437996	0.0325945322710144	61.0	0.0	0.0	6.0
0.8622034618954775	0.2891182074022102	0.032698470725427864	34.0	0.0	0.0	6.0
0.8131957746061361	0.12222795100619913	0.03349237211912689	12.0	0.0	0.0	6.0
0.9252555540517226	0.69537776625114	0.030573466872964083	14.0	0.0	0.0	6.0
0.3983995386078006	0.32757929110069944	0.03639271040209348	60.0	0.0	0.017288703728326027	6.0
0.1285281516306837	0.6660852735997134	0.0353753754628698	7.0	0.0	0.0003385147650902809	6.0
0.3481946022242214	0.5534063423351238	0.03378321917300844	56.0	0.0	0.0	6.0
0.06759428595888532	0.20898541278165123	0.03174152309592813	39.0	0.0	0.0	6.0
0.5338914845422745	0.3458626110226021	0.035102815345151216	46.0	0.0	6.9559073239133795e-06	6.0
0.8147417980138723	0.8985109335094976	0.03201375230050913	28.0	0.0	0.0	6.0
0.8157023636997681	0.7691065737257542	0.03161503144944302	11.0	0.0	0.0	6.0
0.6486191468471473	0.6019826173749654	0.034088897945147745	33.0	0.0	0.0	6.0
0.784553661245868	0.2014879494783816	0.03578073624053943	5.0	0.0	0.0030457411521922495	6.0
0.7023923569554099	0.1371956044777078	0.0305733550826153	6.0	0.0	0.0	6.0
0.6361536703797018	0.9913839421585604	0.03611404643597915	36.0	0.0	0.008848911563518413	6.0
0.8012177690388801	0.5780418785170438	0.037756184519209854	48.0	0.0	0.0	6.0
0.25257158903349397	0.6473251276699491	0.03610941667340552	55.0	0.0	0.008739046289974794	6.0
0.741085540054019	0.07159317771205612	0.031581595735003964	20.0	0.0	0.0	6.0
0.5033442342535708	0.7648391389069641	0.03321946101572212	23.0	0.0	0.0	6.0
0.34999873354767486	0.9836994402336425	0.030607582167816155	25.0	0.0	0.0	6.0
0.8527867535280529	0.7015220228588848	0.030090170303843405	19.0	0.0	0.0	6.0
0.6517508616825946	0.0736629153092675	0.03191771773763662	2.0	0.0	0.0	6.0
0.8737395187125127	0.5303007849179038	0.036098982523992164	40.0	0.0	0.008494783855283572	6.0
0.7498904088490702	0.854974293761723	0.029947915884207917	45.0	0.0	0.0	6.0
0.03936753885184694	0.11634090954609372	0.031870882487528084	51.0	0.0	0.0	6.0
0.3341436218661347	0.775145811250108	0.031802909287282854	68.0	0.0	0.0	6.0
0.4265040285542907	0.23741592271977985	0.03118680097037174	24.0	0.0	0.0	6.0
0.339327710487211	0.14890163278249843	0.034789379022886424	29.0	0.0	0.0	6.0
0.8027209127770998	0.029378078936814354	0.0299470684460894	47.0	0.0	0.0	6.0
0.4520877319780509	0.17582122112980125	0.03035137677900529	59.0	0.0	0.0	6.0
0.5101614315597228	0.22155232796551777	0.029491149255554856	22.0	0.0	0.0	6.0
0.6377590760297145	0.8432283916446457	0.034792628047401214	8.0	0.0	0.0	6.0
0.5681827171394228	0.06678143064666757	0.033250096507571825	15.0	0.0	0.0	6.0
0.6559355374887071	0.698516985596771	0.03217332111283931	13.0	0.0	0.0	6.0
0.8787180825515114	0.1884114163324002	0.03151968342627611	3.0	0.0	0.0	6.0
0.11635831390923128	0.024795598269667325	0.03441514041373466	43.0	0.0	0.0	6.0
0.47578484997472015	0.4739795017015377	0.03343663334188612	21.0	0.0	0.0	6.0
0.4586787342080695	0.6215068588746678	0.03307888606657713	50.0	0.0	0.0	6.0
0.03706247466562535	0.8565264240732112	0.03534339292948371	42.0	0.0	0.0002591516749674838	6.0
0.2368396144847078	0.08539787235948645	0.033834728354063474	67.0	0.0	0.0	6.0
0.6415774720979297	0.9140294889200463	0.03218371076227888	37.0	0.0	0.0	6.0
0.19337914207894363	0.31802321535184264	0.036340140434548404	38.0	0.0	0.015403907661507787	6.0
0.7705680023156735	0.4955251430868983	0.031792323276713774	57.0	0.0	0.0	6.0
0.16494253127997952	0.3973866871144922	0.03303519908435187	4.0	0.0	0.0	6.0
0.745316358711886	0.9498350510300093	0.0326053040412432	9.0	0.0	0.0	6.0
0.9198139271633574	0.43529915144945974	0.03442589349462744	31.0	0.0	0.0	6.0
0.40489251616419875	0.9291322540186269	0.030195645862371685	66.0	0.0	0.0	6.0
0.25819579248539165	0.18519133704603924	0.032719354722327475	35.0	0.0	0.0	6.0
0.7507723107405206	0.31241534838931134	0.03199418339421644	26.0	0.0	0.0	6.0
0.4700178570642229	0.945869317198856	0.033982242847204816	41.0	0.0	0.0	6.0
0.3401136210274228	0.41477840021004025	0.034120147825710975	53.0	0.0	0.0	6.0
0.33012340168559273	0.6661794867578278	0.033852747068330226	65.0	0.0	0.0	6.0
0.4119283423664052	0.8119706929867984	0.03424362624864553	69.0	0.0	0.0	6.0
0.684812010523903	0.2106942553868367	0.03149869403951015	30.0	0.0	0.0	6.0
0.3991527796259079	0.07940518143062383	0.03564910239407159	10.0	0.0	0.001750328671164425	6.0
0.7007616789863303	0.7695993138000315	0.03653931032886907	54.0	0.0	0.02334309967997683	6.0
0.9494377981567064	0.5555498224067169	0.03200638249992795	52.0	0.0	0.0	6.0
0.4842097302067701	0.3010249666294066	0.034177732572467485	63.0	0.0	0.0	6.0
0.1684621444484171	0.09038452911484686	0.029411773433586644	58.0	0.0	0.0	6.0
0.41552115377839993	0.42953668402043754	0.03306880562030295	17.0	0.0	0.0	6.0
0.3468634814374405	0.8744675671697195	0.035697504099706144	44.0	0.0	0.0021718021952494837	6.0
0.6212601444792745	0.7723664217656255	0.03258743447008569	62.0	0.0	0.0	6.0
0.5665656085229444	0.6929065311057693	0.03464572362383723	16.0	0.0	0.0	6.0
0.06011042872072994	0.4843616476646114	0.03252510400773352	32.0	0.0	0.0	6.0
0.6350881048552186	0.8431527001190878	0.03482742067544861	8.0	0.0	0.0	7.0
0.7528182472476498	0.8553730419152942	0.02997786380009212	45.0	0.0	0.0	7.0
0.5542957018552936	0.8120144177264711	0.030605556347934777	49.0	0.0	0.0	7.0
0.4498181492662216	0.17507429893532533	0.030381728155784292	59.0	0.0	0.0	7.0
0.043318879011560535	0.8678796763465694	0.03537873632241319	42.0	0.0	0.00034768891708836236	7.0
0.3317852312150751	0.7740606029986467	0.031834712196570136	68.0	0.0	0.0	7.0
0.3433850430352128	0.8738817859863629	0.035733201603805845	44.0	0.0	0.00252261046340152	7.0
0.6497481228136182	0.07028472599365496	0.03194963545537425	2.0	0.0	0.0	7.0
0.8748937766628676	0.5282370431480905	0.036135081506516155	40.0	0.0	0.00935968252042585	7.0
0.7692506301702318	0.6481779402372816	0.03475322277001088	64.0	0.0	0.0	7.0
0.167461076403666	0.08842440077826624	0.02944118520702023	58.0	0.0	0.0	7.0
0.40139677651110395	0.08006617149594575	0.03568475149646566	10.0	0.0	0.0020548444139336652	7.0
0.4004187406611864	0.32837316703688735	0.036429103112495566	60.0	0.0	0.018679733212238148	7.0
0.27255662746298015	0.35642540156232844	0.03262712680328541	61.0	0.0	0.0	7.0
0.6199613706230203	0.7719570447948391	0.03262002190455578	62.0	0.0	0.0	7.0
0.9064393043006658	0.11443104471610321	0.03476344606981499	27.0	0.0	0.0	7.0
0.06751770394773425	0.2078813604043601	0.03177326461902405	39.0	0.0	0.0	7.0
0.3409603735235544	0.14897878174361204	0.03482416840190931	29.0	0.0	0.0	7.0
0.4253561411365383	0.23705410555536702	0.031217987771342107	24.0	0.0	0.0	7.0
0.24630995914120438	0.8758766783700614	0.029296978248595056	1.0	0.0	0.0	7.0
0.5407748453653596	0.3530322042812041	0.03513791816049636	46.0	0.0	1.6789754354817887e-05	7.0
0.3542987369634443	0.9799214484943716	0.030638189749983967	25.0	0.0	0.0	7.0
0.19267249975726872	0.3180728509054063	0.036376480574982946	38.0	0.0	0.016691302764158422	7.0
0.8033609824726876	0.028162822058777934	0.029977015514535483	47.0	0.0	0.0	7.0
0.9462329458756406	0.5466673085476818	0.032038388882427875	52.0	0.0	0.0	7.0
0.8077102963639962	0.5832578183066776	0.036114611279244216	48.0	0.0	0.0	7.0
0.5192867845117792	0.23124046498499778	0.029520640404810408	22.0	0.0	0.0	7.0
0.07317212770629816	0.4833316010624416	0.03255762911174125	32.0	0.0	0.0	7.0
0.9191620734821658	0.4378326557926002	0.03292911551660017	31.0	0.0	0.0	7.0
0.6361706355074324	0.9927312128373459	0.03615016048241513	36.0	0.0	0.00973767553817595	7.0
0.16418721430227967	0.3987573312928449	0.033068234283436214	4.0	0.0	0.0	7.0
0.5766504510780753	0.6853142440820251	0.03468036934746106	16.0	0.0	0.0	7.0
0.4064633373794829	0.9306025220132956	0.030225841508234052	66.0	0.0	0.0	7.0
0.7449807958484227	0.06740517424475867	0.03161317733073896	20.0	0.0	0.0	7.0
0.6552482383386348	0.7021125542847695	0.032205494433952146	13.0	0.0	0.0	7.0
0.25048368597011156	0.6529997595254796	0.03614552609007892	55.0	0.0	0.009620439856576013	7.0
0.5056576221237088	0.7643893778854993	0.033252680476737836	23.0	0.0	0.0	7.0
0.42314020205851227	0.43136966105269603	0.033101874425923244	17.0	0.0	0.0	7.0
0.4799524465675832	0.2957445293188435	0.032624199273718964	63.0	0.0	0.0	7.0
0.7443291681356485	0.9493190657809822	0.03263790934528444	9.0	0.0	0.0	7.0
0.8638954374074475	0.2895252598500442	0.032731169196153286	34.0	0.0	0.0	7.0
0.3442855540080323	0.4154001843163268	0.034154267973536684	53.0	0.0	0.0	7.0
0.7715540953248514	0.4943211720909549	0.03182411559999049	57.0	0.0	0.0	7.0
0.7922552263706555	0.1970844446969965	0.03581651697677996	5.0	0.0	0.003483979818724947	7.0
0.7496169966386842	0.31297363968343017	0.03202617757761065	26.0	0.0	0.0	7.0
0.25452423925366463	0.18674270073573104	0.032752074077049796	35.0	0.0	0.0	7.0
0.23224382461999513	0.07549246430803067	0.033868563082417535	67.0	0.0	0.0	7.0
0.8081363626133391	0.9025687668304508	0.032045766052809635	28.0	0.0	0.0	7.0
0.458812774481571	0.6204989393760468	0.0331119649526437	50.0	0.0	0.0	7.0
0.7023385044561353	0.7656973197044	0.03657584963919793	54.0	0.0	0.025045188449496436	7.0
0.6448902276758938	0.9173736777088507	0.03221589447304116	37.0	0.0	0.0	7.0
0.8131803789516074	0.12345058335278167	0.03352586449124601	12.0	0.0	0.0	7.0
0.9246825844744099	0.6981832014419453	0.030604040339837043	14.0	0.0	0.0	7.0
0.3490686429821857	0.5550914702373191	0.03381700239218144	56.0	0.0	0.0	7.0
0.8012106151123419	0.7679637533002897	0.03164664648089246	11.0	0.0	0.0	7.0
0.4802158997933327	0.4701841590381153	0.033470069975228	21.0	0.0	0.0	7.0
0.6857124184254051	0.21314143957390225	0.03153019273354966	30.0	0.0	0.0	7.0
0.32577495970331194	0.6586294798596454	0.03388659981539855	65.0	0.0	0.0	7.0
0.8791371996712916	0.18981792767058814	0.031551203109702386	3.0	0.0	0.0	7.0
0.4124025170144871	0.8109486938277485	0.03427786987489417	69.0	0.0	0.0	7.0
0.4708624980773747	0.9465305562205665	0.03401622509005202	41.0	0.0	0.0	7.0
0.11930418309888378	0.0288395216123315	0.034449555554148394	43.0	0.0	0.0	7.0
0.693987535212647	0.1411273706579251	0.03060392843769791	6.0	0.0	0.0	7.0
0.5710087713571721	0.06670134428815754	0.033283346604079396	15.0	0.0	0.0	7.0
0.6506780694706102	0.6013902039691439	0.03412298684309289	33.0	0.0	0.0	7.0
0.04166658450248241	0.11330700786600421	0.03190275337001561	51.0	0.0	0.0	7.0
0.1264880325004483	0.6720926819615932	0.035410750838332665	7.0	0.0	0.0004435221863445804	7.0
0.13132430474434853	0.5287209379688332	0.036317609338433206	18.0	0.0	0.0	7.0
0.8461491465881597	0.7058335254826444	0.030120260474147245	19.0	0.0	0.0	7.0
0.6385273932306301	0.9940591124053589	0.03618631064289754	36.0	0.0	0.010685017897884563	8.0
0.655765531151698	0.08029065310192558	0.03198158509082962	2.0	0.0	0.0	8.0
0.48235882105344074	0.9497515566820419	0.03405024131514207	41.0	0.0	0.0	8.0
0.3436161177809194	0.8705504733387219	0.035768934805409644	44.0	0.0	0.002909702132427583	8.0
0.6911706007087937	0.14311231633462257	0.030634532366135607	6.0	0.0	0.0	8.0
0.40135275029848877	0.3279433845642976	0.036465532215608054	60.0	0.0	0.020144944853626612	8.0
0.17308439375647375	0.38919148494794864	0.033101302517719644	4.0	0.0	0.0	8.0
0.23335247094864203	0.0776973961515803	0.03390243164549995	67.0	0.0	0.0	8.0
0.42423642056848776	0.23788608455457105	0.031249205759113444	24.0	0.0	0.0	8.0
0.7467311085354617	0.3176383678272549	0.03205820375518826	26.0	0.0	0.0	8.0
0.8038161947605817	0.033314039942812464	0.030006992530050014	47.0	0.0	0.0	8.0
0.34080630240619614	0.14408597100162704	0.03485899257031121	29.0	0.0	0.0	8.0
0.324634417469156	0.6587266520488078	0.033920486415213946	65.0	0.0	0.0	8.0
0.41869315577282107	0.42914676458185785	0.033134976300349166	17.0	0.0	0.0	8.0
0.3308507921957318	0.7693337056595427	0.0318665469087667	68.0	0.0	0.0	8.0
0.07184542352376667	0.20633527829576934	0.03180503788364307	39.0	0.0	0.0	8.0
0.8060012668145442	0.9046705191281328	0.03207781181886244	28.0	0.0	0.0	8.0
0.7687693704793591	0.6469424622509401	0.03478797599278089	64.0	0.0	0.0	8.0
0.5588197678455967	0.8050013388195065	0.03063616190428271	49.0	0.0	0.0	8.0
0.863324090796772	0.2908202098569065	0.03276390036534944	34.0	0.0	0.0	8.0
0.34475216065581665	0.554751072103928	0.033850819394573614	56.0	0.0	0.0	8.0
0.9041447809409964	0.11445271407089697	0.034798209515884804	27.0	0.0	0.0	8.0
0.2731488418402996	0.3572602484768791	0.03265975393008869	61.0	0.0	0.0	8.0
0.45618039985727415	0.171748874711657	0.030412109883940074	59.0	0.0	0.0	8.0
0.5710087713571721	0.07649960742957727	0.03331662995068347	15.0	0.0	0.0	8.0
0.3990588927186112	0.08075481681934592	0.035720436247962124	10.0	0.0	0.0023931319295229514	8.0
0.9332412662929986	0.7040541881416235	0.030634644380176875	14.0	0.0	0.0	8.0
0.12193532100357403	0.03050186630714738	0.03448400510970254	43.0	0.0	0.0	8.0
0.24511576175917482	0.64572762133144	0.036181671616168996	55.0	0.0	0.010560157257955893	8.0
0.6431674121888181	0.8437004160703975	0.03486224809612406	8.0	0.0	0.0	8.0
0.7031982137210226	0.7668774801733015	0.03661242548883713	54.0	0.0	0.02682989285109727	8.0
0.07592050764803036	0.4812077647980891	0.03259018674085299	32.0	0.0	0.0	8.0
0.20027122796570493	0.31434166692347726	0.036412857055557926	38.0	0.0	0.018049893685045504	8.0
0.7432101223223713	0.9493437281923113	0.03267054725462972	9.0	0.0	0.0	8.0
0.5848736622241129	0.6889115359079708	0.03471504971680852	16.0	0.0	0.0	8.0
0.515357018728518	0.22199895940268283	0.029550161045215215	22.0	0.0	0.0	8.0
0.12982713871251325	0.5290811234997472	0.03466680891395897	18.0	0.0	0.0	8.0
0.5001407128218688	0.754227223558682	0.03328593315721457	23.0	0.0	0.0	8.0
0.4618729694379337	0.30849472060687555	0.01842353489019657	71.0	63.0	0.0	8.0
0.2434569990677889	0.8727307882807872	0.029326275226843647	1.0	0.0	0.0	8.0
0.0450424456368864	0.11671490099078842	0.03193465612338562	51.0	0.0	0.0	8.0
0.7483708985910237	0.07564457267716235	0.031644790508069696	20.0	0.0	0.0	8.0
0.8155024343860967	0.1290941703941014	0.033559390355737254	12.0	0.0	0.0	8.0
0.7923672298621653	0.19454462490076185	0.03585233349375674	5.0	0.0	0.003962859172261801	8.0
0.35273306793378767	0.9834700179315841	0.030668827939733946	25.0	0.0	0.0	8.0
0.5004425863281292	0.29009424342126133	0.01842353489019657	70.0	63.0	0.0	8.0
0.25442962447279915	0.1853786770939994	0.03278482615112684	35.0	0.0	0.0	8.0
0.6560701117266272	0.6068334088289523	0.03415710982993598	33.0	0.0	0.0	8.0
0.6414743358911823	0.9218229374264099	0.032248110367514196	37.0	0.0	0.0	8.0
0.875744398223902	0.5263415234216221	0.036171216588022664	40.0	0.0	0.010282331897201402	8.0
0.7701325796699279	0.4889369863704065	0.031855939715590476	57.0	0.0	0.0	8.0
0.5400583525760739	0.35433239572328806	0.03517305607865685	46.0	0.0	3.316962410337965e-05	8.0
0.6668164462535519	0.7078835341404242	0.03223769992838609	13.0	0.0	0.0	8.0
0.4015196180845615	0.9315704814176033	0.03025606734974228	66.0	0.0	0.0	8.0
0.4919438778676188	0.47565339610620194	0.03350354004520323	21.0	0.0	0.0	8.0
0.6775711107005778	0.211128512889965	0.0315617229262832	30.0	0.0	0.0	8.0
0.3484760937567764	0.414856315735907	0.03418842224151022	53.0	0.0	0.0	8.0
0.8500864889012975	0.7010262244451178	0.03015038073462139	19.0	0.0	0.0	8.0
0.7988751285917449	0.5762509231585587	0.034473038039278564	48.0	0.0	0.0	8.0
0.8787913690247121	0.18885942935562058	0.031582754312812086	3.0	0.0	0.0	8.0
0.7997666515486851	0.7622015326090733	0.031678293127373344	11.0	0.0	0.0	8.0
0.45119083203526444	0.6254498238066825	0.03314507691759634	50.0	0.0	0.0	8.0
0.16771095606587735	0.09503626148109728	0.029470626392227247	58.0	0.0	0.0	8.0
0.46492985971943884	0.7314629258517034	0.0875751503006012	-2.0	-1.0	930.0826493723027	8.0
0.9505431342564667	0.5438288521774716	0.0320704272713103	52.0	0.0	0.0	8.0
0.756859415322513	0.8570209260928191	0.03000784166389221	45.0	0.0	0.0	8.0
0.41538265093802135	0.8147308119446284	0.03431214774476906	69.0	0.0	0.0	8.0
0.621302267451048	0.7595896669328981	0.03265264192646033	62.0	0.0	0.0	8.0
0.12941361881696192	0.6706561388319406	0.035446161589170994	7.0	0.0	0.0005684031933128608	8.0
0.9193434748301071	0.4366896615598319	0.031432337538572885	31.0	0.0	0.0	8.0
0.04946998232961833	0.8730815244246934	0.035414115058735596	42.0	0.0	0.00045450958249659834	8.0
0.6117932402994967	0.7608847203145256	0.032685294568386786	62.0	0.0	0.0	9.0
0.9347518078897771	0.4312934579582065	0.017449611467800556	75.0	31.0	0.0	9.0
0.2739316435689029	0.3591627912094303	0.032692413684018776	61.0	0.0	0.0	9.0
0.6549122117898674	0.07941832041029112	0.032013566675920445	2.0	0.0	0.0	9.0
0.42392529959103975	0.2362010127617458	0.031280454964872556	24.0	0.0	0.0	9.0
0.8905222423767926	0.4369096651326293	0.017449611467800556	74.0	31.0	0.0	9.0
0.8045360776160484	0.9033832009208761	0.0321098896306813	28.0	0.0	0.0	9.0
0.8540221400575677	0.2918492295175309	0.03279666426571478	34.0	0.0	0.0	9.0
0.5371707555031965	0.3533820843152947	0.03520822913473551	46.0	0.0	5.778358162444874e-05	9.0
0.5587228292040854	0.80628201396096	0.03066679806618699	49.0	0.0	0.0	9.0
0.6376323406730863	0.9973657338043993	0.036222496953540434	36.0	0.0	0.011692929483515968	9.0
0.7001319222057737	0.7736801232592168	0.03664903791432596	54.0	0.0	0.028699339175233263	9.0
0.7792794954441824	0.5921263817033783	0.01880769193686869	77.0	48.0	0.0	9.0
0.5148452140217957	0.21575959496950145	0.029579711206260427	22.0	0.0	0.0	9.0
0.4030344915107239	0.32698181956430883	0.03650199774782366	60.0	0.0	0.021686417697708293	9.0
0.8833890024969915	0.18173230822266012	0.031614337067124895	3.0	0.0	0.0	9.0
0.24360884972694982	0.63857916570527	0.03621785328778516	55.0	0.0	0.01156018788718427	9.0
0.3250834759669691	0.6574311821494799	0.03395440690162916	65.0	0.0	0.0	9.0
0.0747118082795508	0.4735335655376907	0.03262277692759384	32.0	0.0	0.0	9.0
0.9023492249476662	0.11667337414072346	0.03483300772540068	27.0	0.0	0.0	9.0
0.12782397435066944	0.6697204780170035	0.03548160775076016	7.0	0.0	0.000714924823569163	9.0
0.7431203398047437	0.9564737277648775	0.03270321780188435	9.0	0.0	0.0	9.0
0.1673043238791302	0.0939522011736479	0.02950009701861947	58.0	0.0	0.0	9.0
0.877141364801595	0.5269526346240233	0.036207387804610684	40.0	0.0	0.011264718117800498	9.0
0.20863635536923628	0.3131487149680606	0.03644926991261348	38.0	0.0	0.019481742669384516	9.0
0.416355922623755	0.8152011334858384	0.03434645989251382	69.0	0.0	0.0	9.0
0.661041720010335	0.6982043082771326	0.032269937628314475	13.0	0.0	0.0	9.0
0.6418262388007108	0.8428880956551918	0.03489711034422018	8.0	0.0	0.0	9.0
0.24806068843567813	0.8711511922995188	0.029355601502070488	1.0	0.0	0.0	9.0
0.6578639511091515	0.6054472026952299	0.03419126693976591	33.0	0.0	0.0	9.0
0.6411306765813041	0.9101045632642668	0.03228035847788171	37.0	0.0	0.0	9.0
0.7651161091540908	0.48430054079341195	0.03188779565530606	57.0	0.0	0.0	9.0
0.400094600358308	0.07905690707854329	0.03575615668421008	10.0	0.0	0.0027670395115677593	9.0
0.3457584276850517	0.14632701027892395	0.03489385156288152	29.0	0.0	0.0	9.0
0.5662861013430271	0.07690197059529158	0.03334994658063415	15.0	0.0	0.0	9.0
0.17765528255661492	0.38148137957840444	0.03313440382023736	4.0	0.0	0.0	9.0
0.34361723062408356	0.5555723764238768	0.03388467021396818	56.0	0.0	0.0	9.0
0.7978418403497896	0.7622682092598779	0.031709971420500714	11.0	0.0	0.0	9.0
0.4589528216948301	0.17117355044764426	0.03044252199382401	59.0	0.0	0.0	9.0
0.49280653733691965	0.47613945588457945	0.03353704358524843	21.0	0.0	0.0	9.0
0.7483188657922717	0.07771031451868399	0.03167643529857776	20.0	0.0	0.0	9.0
0.7456599393033732	0.3175945083653387	0.03209026195894345	26.0	0.0	0.0	9.0
0.05088119580543592	0.8735558238879504	0.03544952917379433	42.0	0.0	0.0005813713423350464	9.0
0.7489701765651885	0.8687578931996665	0.0300378495055561	45.0	0.0	0.0	9.0
0.49693564730109824	0.28999486175532313	0.018441958425086766	70.0	0.0	0.0	9.0
0.9264744883974958	0.708822380838499	0.030665279024557048	14.0	0.0	0.0	9.0
0.12121326317574349	0.5137348920251307	0.01824978046228823	72.0	18.0	0.0	9.0
0.4015509495354611	0.9340586409995046	0.03028632341709202	66.0	0.0	0.0	9.0
0.5741956877453342	0.6858391643889242	0.034749764766525325	16.0	0.0	0.0	9.0
0.7892933417310184	0.2074043404867403	0.035888185827250486	5.0	0.0	0.004484267282492738	9.0
0.6916874335673601	0.14535346867430218	0.03066516689850174	6.0	0.0	0.0	9.0
0.23429583205637325	0.0780411252281824	0.03393633407714545	67.0	0.0	0.0	9.0
0.7690986609753628	0.648370371009683	0.034822763968773665	64.0	0.0	0.0	9.0
0.04839460236407178	0.11262208273143116	0.031966590779509	51.0	0.0	0.0	9.0
0.33161793483780616	0.7669263548688157	0.03189841345567546	68.0	0.0	0.0	9.0
0.45165917373073305	0.6243316124111506	0.03317822199451394	50.0	0.0	0.0	9.0
0.35263250665679174	0.9861308873665424	0.030699496767673678	25.0	0.0	0.0	9.0
0.15201227279561869	0.5333912525852257	0.01824978046228823	73.0	18.0	0.0	9.0
0.41910794936816165	0.43279132791637487	0.03316811127664951	17.0	0.0	0.0	9.0
0.81572524684864	0.5617022008310993	0.01880769193686869	76.0	48.0	0.0	9.0
0.2520986069305935	0.18673102109535422	0.032817610977277964	35.0	0.0	0.0	9.0
0.49386676934673324	0.9464403769588424	0.0340842915564572	41.0	0.0	0.0	9.0
0.4633533071207254	0.3071606930946452	0.018441958425086766	71.0	0.0	0.0	9.0
0.676308304611465	0.22222409590446784	0.031593284649209484	30.0	0.0	0.0	9.0
0.947536692365664	0.5397559070234168	0.0321024976985816	52.0	0.0	0.0	9.0
0.8508947076911991	0.6994917142969935	0.030180531115356006	19.0	0.0	0.0	9.0
0.12059626699581437	0.03599179884666485	0.034518489114812236	43.0	0.0	0.0	9.0
0.3504018296675636	0.4126222979224029	0.03422261066375172	53.0	0.0	0.0	9.0
0.34761939289645555	0.875375977682392	0.03580470374021505	44.0	0.0	0.003334940068455694	9.0
0.8032912450557201	0.034503831938093865	0.03003699952258006	47.0	0.0	0.0	9.0
0.8146359687405155	0.12112344883493834	0.03359294974609299	12.0	0.0	0.0	9.0
0.07310088450100878	0.21458083213936596	0.031836842921526706	39.0	0.0	0.0	9.0
0.502461971230057	0.755348943062176	0.033319219090371784	23.0	0.0	0.0	9.0
0.7863685472174508	0.5936440940058805	0.01882649962880556	77.0	0.0	0.0	10.0
0.6485332991598809	0.9183712518354901	0.03231263883635958	37.0	0.0	0.0	10.0
0.8541772835944828	0.28961258688856534	0.03282946092998049	34.0	0.0	0.0	10.0
0.9269196464484893	0.7100322588741304	0.0306959443035816	14.0	0.0	0.0	10.0
0.3938813343457184	0.07958626639748002	0.03579191284089429	10.0	0.0	0.0031784261807388248	10.0
0.20841683366733466	0.18837675350701402	0.08837675350701402	-2.0	-1.0	973.276955205184	10.0
0.4602568297599766	0.3162786919965954	0.01846040038351185	71.0	0.0	0.0	10.0
0.23935877000283226	0.6505950430349974	0.03625407114107294	55.0	0.0	0.012622532444581225	10.0
0.3505699029006581	0.4105733324889758	0.03425683327441547	53.0	0.0	0.0	10.0
0.7461274595380615	0.0767019437687812	0.03170811173387634	20.0	0.0	0.0	10.0
0.1306357106454121	0.6554971969523691	0.03551708935851092	7.0	0.0	0.0008848645057639715	10.0
0.06877997674843232	0.22219345164400092	0.03186867976444823	39.0	0.0	0.0	10.0
0.051791883307786876	0.8742874482526348	0.035484978702968115	42.0	0.0	0.0007300422200131607	10.0
0.4632675892268989	0.16641576061975952	0.03047296451581783	59.0	0.0	0.0	10.0
0.6498298984834577	0.9948345349532924	0.03625871945049397	36.0	0.0	0.012763412449174893	10.0
0.4965437232938901	0.28843086618053204	0.01846040038351185	70.0	0.0	0.0	10.0
0.1656739794120954	0.09065817910965843	0.029529597115638087	58.0	0.0	0.0	10.0
0.21458637736365177	0.3201397689909231	0.036485719182526084	38.0	0.0	0.0209889235677565	10.0
0.6936342595803165	0.14722221236989158	0.030695832065400237	6.0	0.0	0.0	10.0
0.45257317910745265	0.6278839994857162	0.033211400216508445	50.0	0.0	0.0	10.0
0.7972664927707942	0.7492214805271404	0.03174168139192121	11.0	0.0	0.0	10.0
0.49049969152676354	0.4743099686432158	0.033570580628833675	21.0	0.0	0.0	10.0
0.35360507510252626	0.8815725978735889	0.03584050844395526	44.0	0.0	0.003800197924832105	10.0
0.6106499889530217	0.760524364452099	0.03271797986295517	62.0	0.0	0.0	10.0
0.7701202428807431	0.6495405149462736	0.03485758673274243	64.0	0.0	0.0	10.0
0.7386176920059904	0.3263040320077274	0.032122352220902387	26.0	0.0	0.0	10.0
0.8458196650434094	0.6964178680759193	0.03021071164647136	19.0	0.0	0.0	10.0
0.1746933041288568	0.38020780062891457	0.03316753822405759	4.0	0.0	0.0	10.0
0.12049320327780776	0.03365469963896917	0.034553007603927044	43.0	0.0	0.0	10.0
0.7021583507897712	0.7675873158046516	0.03668568695224028	54.0	0.0	0.030655665579004676	10.0
0.4043413891638706	0.32386147417827577	0.036538499745571475	60.0	0.0	0.023306242463632998	10.0
0.1176233993762805	0.5119157178973375	0.018268030242750515	72.0	0.0	0.0	10.0
0.7931762329159379	0.208442574938475	0.035924074013077734	5.0	0.0	0.005050103110107784	10.0
0.333747894551134	0.7691876746947016	0.03193031186913114	68.0	0.0	0.0	10.0
0.501151664666846	0.7577991945380201	0.03335253830946215	23.0	0.0	0.0	10.0
0.6555104977055058	0.6082840298665236	0.034225458206705674	33.0	0.0	0.0	10.0
0.6547029995065974	0.07686783257367256	0.032045580242596364	2.0	0.0	0.0	10.0
0.33138403770508706	0.1462817611535502	0.0349287454144444	29.0	0.0	0.0	10.0
0.49678979422909	0.947143593066301	0.03411837584801366	41.0	0.0	0.0	10.0
0.8853905819210902	0.4328399057714336	0.017467061079268355	74.0	0.0	0.0	10.0
0.8052533085691115	0.9044502387382192	0.03214199952031198	28.0	0.0	0.0	10.0
0.3194780946181912	0.65422620716441	0.033988361308530786	65.0	0.0	0.0	10.0
0.8768781621999512	0.5290318865855949	0.03624359519241529	40.0	0.0	0.012308838608404926	10.0
0.9639278557114228	0.14829659318637273	0.0907815631262525	-2.0	-1.0	1110.8412898133329	10.0
0.2527684481113997	0.17965909829956328	0.03285042858825524	35.0	0.0	0.0	10.0
0.25551037404249316	0.8658312872338458	0.029384957103572557	1.0	0.0	0.0	10.0
0.5535459222888273	0.7984745115365594	0.030697464864253173	49.0	0.0	0.0	10.0
0.41771174995386945	0.8144924689995614	0.03438080635240633	69.0	0.0	0.0	10.0
0.8038372439069753	0.12190666099994402	0.033626542695839076	12.0	0.0	0.0	10.0
0.40429947087119056	0.927002704943181	0.03031660974050911	66.0	0.0	0.0	10.0
0.5739935561705999	0.6812555771450438	0.034784514531291846	16.0	0.0	0.0	10.0
0.9279897003577121	0.44010122311718425	0.017467061079268355	75.0	0.0	0.0	10.0
0.42485551229343294	0.24023471212859906	0.03131173541983742	24.0	0.0	0.0	10.0
0.946702284209103	0.5404983800732011	0.03213460019628018	52.0	0.0	0.0	10.0
0.34176939292743674	0.5551155011978216	0.03391855488418215	56.0	0.0	0.0	10.0
0.5357110186087513	0.35084760790569747	0.03524343736387024	46.0	0.0	9.232975506279217e-05	10.0
0.7431886216014244	0.9591845672315353	0.03273592101968623	9.0	0.0	0.0	10.0
0.15430250604972845	0.5318413372661235	0.018268030242750515	73.0	0.0	0.0	10.0
0.6435209192595317	0.8478783128479791	0.0349320074545644	8.0	0.0	0.0	10.0
0.755204944605573	0.8569203623865879	0.03006788735506165	45.0	0.0	0.0	10.0
0.8817569036797511	0.18195458701719194	0.03164595140419202	3.0	0.0	0.0	10.0
0.23862578723407743	0.07541856276238651	0.03397027041122259	67.0	0.0	0.0	10.0
0.04006019945039322	0.11602063741565662	0.031998557370288505	51.0	0.0	0.0	10.0
0.8079494552469684	0.046243208033688664	0.030067036522102637	47.0	0.0	0.0	10.0
0.06256955466197425	0.4728831627388462	0.03265539970452143	32.0	0.0	0.0	10.0
0.35356458346129166	0.9839818124236697	0.03073019626444135	25.0	0.0	0.0	10.0
0.7683655049127334	0.4864698686760084	0.03191968345096136	57.0	0.0	0.0	10.0
0.5152161450381934	0.21454283425559892	0.029609290917466686	22.0	0.0	0.0	10.0
0.9029544500289226	0.11880201706005611	0.03486784073312608	27.0	0.0	0.0	10.0
0.41114670798415254	0.4449636976268471	0.03320127938792616	17.0	0.0	0.0	10.0
0.8170508864319197	0.5628817814195359	0.01882649962880556	76.0	0.0	0.0	10.0
0.673937553432788	0.22263870419215576	0.03162487793385869	30.0	0.0	0.0	10.0
0.2715654334231982	0.3637247829731456	0.032725106097702794	61.0	0.0	0.0	10.0
0.5677130321087648	0.07574075171546267	0.03338329652721478	15.0	0.0	0.0	10.0
0.6618262415451	0.6953775267776507	0.032302207565942785	13.0	0.0	0.0	10.0
0.8089820666332914	0.9045324160396613	0.032174141519832285	28.0	0.0	0.0	11.0
0.8090853038339211	0.041172212102611426	0.030097103558624737	47.0	0.0	0.0	11.0
0.9294208794432851	0.4338551796024498	0.01748452814034762	75.0	0.0	0.0	11.0
0.656441560829413	0.6078413138532371	0.034259683664912374	33.0	0.0	0.0	11.0
0.8780780316681418	0.17537699157258585	0.03167759735559621	3.0	0.0	0.0	11.0
0.17310611996543368	0.3786256048967632	0.033200705762281645	4.0	0.0	0.0	11.0
0.4562279193688052	0.15635832709919473	0.030503437480333646	59.0	0.0	0.0	11.0
0.39658924427466086	0.08268797010571696	0.03582770475373518	10.0	0.0	0.003629161729023167	11.0
0.8413391422023321	0.6929555022113429	0.030240922358117827	19.0	0.0	0.0	11.0
0.2207497246868102	0.31084457594309084	0.036522204901708606	38.0	0.0	0.02257352188351547	11.0
0.9540052416875433	0.5461948177567507	0.03216673479647646	52.0	0.0	0.0	11.0
0.648242411310644	0.9959531537199621	0.03629497816994446	36.0	0.0	0.013898480308512262	11.0
0.24025872127219577	0.0800352138285357	0.0340042406816338	67.0	0.0	0.0	11.0
0.4000358744027367	0.32444937817558117	0.03657503824531704	60.0	0.0	0.0250065215921893	11.0
0.8682261886782991	0.525048608019536	0.0362798387876077	40.0	0.0	0.013416702135330638	11.0
0.4565204860137348	0.625820819198089	0.03324461161672495	50.0	0.0	0.0	11.0
0.4225740247344887	0.23907856154128865	0.03134304715525726	24.0	0.0	0.0	11.0
0.7553035038814461	0.8546854070598339	0.03009795524241671	45.0	0.0	0.0	11.0
0.35111779343346927	0.9854849178970003	0.030760926460705787	25.0	0.0	0.0	11.0
0.506844421678348	0.2836342543072885	0.018478860783895358	70.0	0.0	0.0	11.0
0.8760938507199714	0.4327531686374466	0.01748452814034762	74.0	0.0	0.0	11.0
0.7080441794478692	0.7683889185538988	0.036722372639192515	54.0	0.0	0.03270102213444659	11.0
0.7403363820185721	0.08198710195727324	0.03173981984561021	20.0	0.0	0.0	11.0
0.8535910298478309	0.29089727632247736	0.03286229039091047	34.0	0.0	0.0	11.0
0.3207490353944673	0.6552211809135782	0.034022349669839316	65.0	0.0	0.0	11.0
0.2538997779606063	0.8663952656915483	0.029414342060676127	1.0	0.0	0.0	11.0
0.6910842091837628	0.14874486303747722	0.030726527897465633	6.0	0.0	0.0	11.0
0.7663633178943688	0.48566809229870866	0.031951603134412324	57.0	0.0	0.0	11.0
0.06492800388074761	0.22281722450274774	0.031900548444212674	39.0	0.0	0.0	11.0
0.03984149877989219	0.11716475825854575	0.03203055592765879	51.0	0.0	0.0	11.0
0.6150881059258602	0.7650045926713782	0.032750697842818116	62.0	0.0	0.0	11.0
0.15557272028904873	0.5305751152392882	0.018286298272993263	73.0	0.0	0.0	11.0
0.3258206479658819	0.7750778073479977	0.031962242181000265	68.0	0.0	0.0	11.0
0.12928532832400103	0.6559700569993436	0.03555260644786942	7.0	0.0	0.0010800101026546827	11.0
0.1670763830244307	0.09559058626179905	0.029559126712753722	58.0	0.0	0.0	11.0
0.927522317671029	0.7088145945433599	0.030726640247885177	14.0	0.0	0.0	11.0
0.7394675040820368	0.3278012396214581	0.03215447457312329	26.0	0.0	0.0	11.0
0.770937908250484	0.651458787288233	0.03489244431947517	64.0	0.0	0.0	11.0
0.6489586413017634	0.9193033269967912	0.03234495147519594	37.0	0.0	0.0	11.0
0.4030321236769184	0.4498089654808818	0.033234480667314076	17.0	0.0	0.0	11.0
0.7929061183751233	0.7537355163698701	0.03177342307331313	11.0	0.0	0.0	11.0
0.24220601717336426	0.6502619110740215	0.03629032521221401	55.0	0.0	0.013749202984143949	11.0
0.48970753678844886	0.4752648233609846	0.03360415120946251	21.0	0.0	0.0	11.0
0.5329538286539187	0.3558509726807252	0.03527868080123411	46.0	0.0	0.0001385163775609044	11.0
0.8214283868188459	0.5624254024908559	0.018845326128434363	76.0	0.0	0.0	11.0
0.5509465017518685	0.800355610156452	0.030728162329117424	49.0	0.0	0.0	11.0
0.791872210261947	0.20873897592009197	0.03595999808709081	5.0	0.0	0.00566227655167495	11.0
0.8041136594517276	0.12388956074223269	0.03366016923853491	12.0	0.0	0.0	11.0
0.41559517058986856	0.8137061290770263	0.034415187158758735	69.0	0.0	0.0	11.0
0.0508045466474733	0.8749831724992062	0.035520463681671076	42.0	0.0	0.0009023006340669326	11.0
0.40429947087119056	0.9287146988288733	0.030346926350249617	66.0	0.0	0.0	11.0
0.2516483144899429	0.178623820895171	0.032883279016843486	35.0	0.0	0.0	11.0
0.67885780902661	0.21809118473327757	0.031656502811792546	30.0	0.0	0.0	11.0
0.6471243827951432	0.8445478312835402	0.03496693946201896	8.0	0.0	0.0	11.0
0.46214340958031386	0.3242403408056548	0.018478860783895358	71.0	0.0	0.0	11.0
0.4992208833743147	0.7574989936401068	0.03338589084777161	23.0	0.0	0.0	11.0
0.5675635872094158	0.6704096037728416	0.034819299045823135	16.0	0.0	0.0	11.0
0.11812930762035108	0.030981200464721893	0.03458756061153097	43.0	0.0	0.0	11.0
0.656965658374551	0.0788811916439326	0.032077625822838955	2.0	0.0	0.0	11.0
0.3509223024998238	0.40436066026014195	0.03429109010768988	53.0	0.0	0.0	11.0
0.7444677158890948	0.9577379477451446	0.032768656940705916	9.0	0.0	0.0	11.0
0.6616283943351055	0.690891092883491	0.03233450977350873	13.0	0.0	0.0	11.0
0.8995426284129001	0.1080954665247578	0.0349027085738592	27.0	0.0	0.0	11.0
0.34329991865185505	0.5550914095872815	0.03395247343906633	56.0	0.0	0.0	11.0
0.7827241609921535	0.5974169099507853	0.018845326128434363	77.0	0.0	0.0	11.0
0.35611074030921963	0.8810196332708836	0.03587634895239921	44.0	0.0	0.004307360186473375	11.0
0.5269507452012256	0.21421029237097192	0.02963890020838415	22.0	0.0	0.0	11.0
0.2714893850881073	0.36262842439122595	0.03275783120380049	61.0	0.0	0.0	11.0
0.061598618214331574	0.47524295323844995	0.03268805510422595	32.0	0.0	0.0	11.0
0.3284516783988607	0.14320756576328075	0.03496367415985884	29.0	0.0	0.0	11.0
0.12026820672286574	0.5090721402422458	0.018286298272993263	72.0	0.0	0.0	11.0
0.4980873397574724	0.9454313062496108	0.03415249422386167	41.0	0.0	0.0	11.0
0.5684479810598385	0.07680495779481722	0.03341667982374199	15.0	0.0	0.0	11.0
