# x	y	r	id	split_id	s_prob	t
2.0	0.5	0.0	-1.0	0.0	0.0	0.0
0.08473113760072966	0.8143374071912655	0.032117234720562465	1.0	0.0	0.0	0.0
0.14134955649068748	0.31507428359542966	0.0328698943601705	2.0	0.0	0.0	0.0
0.6509162113090453	0.8197990970058252	0.03162015840449829	3.0	0.0	0.0	0.0
0.17539401858820972	0.8514226138819285	0.03051436444800303	4.0	0.0	0.0	0.0
0.3500139509519009	0.09619140640896408	0.02999808564291443	5.0	0.0	0.0	0.0
0.2932624729337012	0.277671407544086	0.03217918653772965	6.0	0.0	0.0	0.0
0.9494084627186135	0.12251143372914944	0.0332828455832257	7.0	0.0	0.0	0.0
0.6300294853493914	0.4784843297623308	0.0351869850204583	8.0	0.0	4.1840842669671474e-05	0.0
0.7441560840013753	0.6007182824169147	0.03339682949151016	9.0	0.0	0.0	0.0
0.7061018102793243	0.36869411744542524	0.030827280210517203	10.0	0.0	0.0	0.0
0.8852622395927986	0.10087330094206418	0.03291176750160625	11.0	0.0	0.0	0.0
0.5040536770012999	0.9674201403806663	0.034602775272630545	12.0	0.0	0.0	0.0
0.24773656199602465	0.07374027224791807	0.03388710312594533	13.0	0.0	0.0	0.0
0.9199960208088993	0.6737626689162979	0.03187979994825757	14.0	0.0	0.0	0.0
0.4416894154428388	0.8932066691260975	0.0338571878320241	15.0	0.0	0.0	0.0
0.5956433725773832	0.2710767006733601	0.03343639173777758	16.0	0.0	0.0	0.0
0.22029628691030173	0.2739295518505783	0.032131787119978605	17.0	0.0	0.0	0.0
0.4672587626818079	0.13797546165313304	0.02883635505730865	18.0	0.0	0.0	0.0
0.392858452929772	0.3087582718701076	0.03581333412400532	19.0	0.0	0.0034433958793869124	0.0
0.7622129459271456	0.30464211493227966	0.03420137482101811	20.0	0.0	0.0	0.0
0.4142491403571159	0.666200757053299	0.032398199263750496	21.0	0.0	0.0	0.0
0.8065203455598364	0.3874325078869776	0.03450397959398608	22.0	0.0	0.0	0.0
0.18773588523207374	0.9454152994340292	0.029641355760173887	23.0	0.0	0.0	0.0
0.3002176507589547	0.8815745431821942	0.030871023495953203	24.0	0.0	0.0	0.0
0.4351557887482009	0.1932158132537665	0.034240641466431916	25.0	0.0	0.0	0.0
0.2764241223129168	0.5333648799337767	0.03172903518822618	26.0	0.0	0.0	0.0
0.9754757526385641	0.06211577756016127	0.0305478672381221	27.0	0.0	0.0	0.0
0.3693468720350238	0.773467286933852	0.0344598472204209	28.0	0.0	0.0	0.0
0.18366260164601186	0.5660666525615018	0.03131842827139244	29.0	0.0	0.0	0.0
0.3500139509519009	0.4510440546766079	0.03217073829759999	30.0	0.0	0.0	0.0
0.15481381227391755	0.6437496228922529	0.03383693457165502	31.0	0.0	0.0	0.0
0.1953505822869173	0.4005290028142544	0.03319672412761241	32.0	0.0	0.0	0.0
0.540848591320792	0.6549751899727759	0.029882232724503577	33.0	0.0	0.0	0.0
0.130926568313275	0.3789667409922318	0.0301636064541132	34.0	0.0	0.0	0.0
0.3111118415059364	0.1890496086739311	0.03299563418832985	35.0	0.0	0.0	0.0
0.5942491364320591	0.7571547610410759	0.032747906855221796	36.0	0.0	0.0	0.0
0.041318656072286256	0.9257591121198728	0.030581228104428204	37.0	0.0	0.0	0.0
0.7560059777730199	0.689770963511395	0.03192268672595895	38.0	0.0	0.0	0.0
0.7466506544637138	0.9624309994559893	0.031782678040752486	39.0	0.0	0.0	0.0
0.7609944346221599	0.1255026093414408	0.03235523062439134	40.0	0.0	0.0	0.0
0.11119713749753775	0.5360971453356066	0.03357487309986172	41.0	0.0	0.0	0.0
0.37769128252841705	0.23042886083873076	0.031085987469262985	42.0	0.0	0.0	0.0
0.23274588403060548	0.8836368304825909	0.03117895346283868	43.0	0.0	0.0	0.0
0.8562223643778831	0.6197547267176653	0.03352610908732997	44.0	0.0	0.0	0.0
0.7338639277606089	0.7683430669502606	0.031235340765452407	45.0	0.0	0.0	0.0
0.8000354074051091	0.7912229785262593	0.034586291908668375	46.0	0.0	0.0	0.0
0.45796141196670886	0.2790634218693117	0.031096513338335543	47.0	0.0	0.0	0.0
0.5825665265899838	0.3478584374170087	0.03298721152597251	48.0	0.0	0.0	0.0
0.8403123689624907	0.16882235722991235	0.03455220202833544	49.0	0.0	0.0	0.0
0.45790412344803866	0.8121331291000979	0.03173345454112142	50.0	0.0	0.0	0.0
0.02126817827034096	0.8636427612227173	0.02126817827034096	51.0	0.0	0.0	0.0
0.25958577169213226	0.6786736093649911	0.030053885223188928	52.0	0.0	0.0	0.0
0.49719360822986924	0.4884626116116846	0.03260288783574661	53.0	0.0	0.0	0.0
0.9729780219699733	0.0643383082155323	0.03057841510536022	27.0	0.0	0.0	1.0
0.7624058548081354	0.12627461442937424	0.03238758585501573	40.0	0.0	0.0	1.0
0.45611531540362904	0.2774414376774773	0.031127609851673874	47.0	0.0	0.0	1.0
0.9199200597586855	0.6720401567296241	0.03191167974820582	14.0	0.0	0.0	1.0
0.18285698750654314	0.5656959509937812	0.031349746699663825	29.0	0.0	0.0	1.0
0.727796218739952	0.7668524087198478	0.03126657610621786	45.0	0.0	0.0	1.0
0.1430409303487417	0.31404985414669034	0.03290276425453067	2.0	0.0	0.0	1.0
0.6507939777572294	0.8200276717143277	0.031651778562902785	3.0	0.0	0.0	1.0
0.3519496450562107	0.09598959945899432	0.030028083728557343	5.0	0.0	0.0	1.0
0.01954031987697289	0.8665158959953811	0.021289446448611297	51.0	0.0	0.0	1.0
0.27767642837306555	0.535706671433751	0.0317607642234144	26.0	0.0	0.0	1.0
0.39243616590739666	0.3098224973928775	0.035849147458129324	19.0	0.0	0.003918585397030938	1.0
0.47023647115435635	0.1401303124048729	0.028865191412365952	18.0	0.0	0.0	1.0
0.040345450184919196	0.9264633830239334	0.03061180933253263	37.0	0.0	0.0	1.0
0.5037953276366152	0.9677160598179779	0.03463737804790317	12.0	0.0	0.0	1.0
0.2561807289674434	0.6798180215778573	0.030083939108412113	52.0	0.0	0.0	1.0
0.8781451547985399	0.09408559869700676	0.03294467926910785	11.0	0.0	0.0	1.0
0.18829821359215404	0.9442791456562448	0.02967099711593406	23.0	0.0	0.0	1.0
0.3759012363616945	0.2261549513373477	0.031117073456732244	42.0	0.0	0.0	1.0
0.8082813612812955	0.38307471872195503	0.03453848357358006	22.0	0.0	0.0	1.0
0.8552958466346168	0.619751810133547	0.033559635196417296	44.0	0.0	0.0	1.0
0.8108523843576086	0.7932854518820034	0.03462087820057704	46.0	0.0	0.0	1.0
0.747552411546015	0.960549832900754	0.031814460718793236	39.0	0.0	0.0	1.0
0.29982439754951595	0.8809649331999079	0.030901894519449153	24.0	0.0	0.0	1.0
0.2924037329693154	0.27712126350461236	0.032211365724267374	6.0	0.0	0.0	1.0
0.08959578167514962	0.8195020664205133	0.032149351955283026	1.0	0.0	0.0	1.0
0.19180748651151916	0.3994122096106075	0.03322992085174002	32.0	0.0	0.0	1.0
0.45819513637150106	0.8115260434564103	0.03176518799566254	50.0	0.0	0.0	1.0
0.7453325378350409	0.600084386675969	0.03343022632100167	9.0	0.0	0.0	1.0
0.1544240247772739	0.6421066874161332	0.03387077150622667	31.0	0.0	0.0	1.0
0.2212626893183037	0.2768974734395415	0.03216391890709858	17.0	0.0	0.0	1.0
0.8401216508467891	0.16909121330051818	0.034586754230363774	49.0	0.0	0.0	1.0
0.5953190403409774	0.2716652536978605	0.03346982812951535	16.0	0.0	0.0	1.0
0.4358059398306525	0.19342525148712716	0.03427488210789834	25.0	0.0	0.0	1.0
0.24853914268776592	0.07457113622436924	0.033920990229071274	13.0	0.0	0.0	1.0
0.960199034820857	0.1271720387290727	0.033316128428808926	7.0	0.0	0.0	1.0
0.7619456690781059	0.3048254584493194	0.03423557619583912	20.0	0.0	0.0	1.0
0.7549640840913583	0.6902424630256219	0.03195460941268491	38.0	0.0	0.0	1.0
0.36959127947377224	0.7726278067518567	0.03449430706764132	28.0	0.0	0.0	1.0
0.12964820886930714	0.3786846252809389	0.03019377006056731	34.0	0.0	0.0	1.0
0.10373394370031758	0.5205280848401317	0.03360844797296158	41.0	0.0	0.0	1.0
0.6280927290559597	0.47889897461858283	0.03522217200547875	8.0	0.0	7.018559401217317e-05	1.0
0.44171609296730824	0.8935085540813227	0.03389104501985612	15.0	0.0	0.0	1.0
0.4176328074907356	0.6630734211173726	0.032430597463014244	21.0	0.0	0.0	1.0
0.34942023641424214	0.45203130102140726	0.032202909035897585	30.0	0.0	0.0	1.0
0.706667331352768	0.36886846476169594	0.030858107490727718	10.0	0.0	0.0	1.0
0.5858667646751333	0.3469982227526204	0.03302019873749848	48.0	0.0	0.0	1.0
0.23333578057462825	0.8855290684268383	0.031210132416301516	43.0	0.0	0.0	1.0
0.3144658790820808	0.19067040597566257	0.033028629822518175	35.0	0.0	0.0	1.0
0.5904166930016546	0.755151617650712	0.03278065476207701	36.0	0.0	0.0	1.0
0.49491627467338684	0.4887727662128243	0.03263549072358235	53.0	0.0	0.0	1.0
0.17654308834976476	0.8492409531335767	0.030544878812451028	4.0	0.0	0.0	1.0
0.5403481264731159	0.6582621179802123	0.029912114957228078	33.0	0.0	0.0	1.0
0.3926522859535299	0.31152980585810885	0.03588499660558745	19.0	0.0	0.004436135355291526	2.0
0.1428687803648531	0.31286931749698965	0.0329356670187852	2.0	0.0	0.0	2.0
0.5885517363978928	0.34651122165683934	0.03305321893623597	48.0	0.0	0.0	2.0
0.9710059629475081	0.06193052127937283	0.030608993520465578	27.0	0.0	0.0	2.0
0.18275080819425538	0.9419762187545877	0.02970066811304999	23.0	0.0	0.0	2.0
0.35034385556477665	0.45182747143744606	0.03223511194493348	30.0	0.0	0.0	2.0
0.7459219600166105	0.5994506665121581	0.03346365654732267	9.0	0.0	0.0	2.0
0.37866360934950505	0.22618103903878395	0.031148190530188972	42.0	0.0	0.0	2.0
0.591789168898761	0.7513476868894524	0.032813435416839086	36.0	0.0	0.0	2.0
0.5956495235484407	0.2718858874679309	0.03350329795764486	16.0	0.0	0.0	2.0
0.14981419546835026	0.641976051407671	0.0339046422777329	31.0	0.0	0.0	2.0
0.7046493376763476	0.36348859834533803	0.03088896559821844	10.0	0.0	0.0	2.0
0.3522493124666522	0.09895441573002711	0.030058111812285897	5.0	0.0	0.0	2.0
0.225308635128379	0.2750971196014624	0.03219608282600568	17.0	0.0	0.0	2.0
0.0889360929027939	0.8202024399019965	0.032181501307238305	1.0	0.0	0.0	2.0
0.7281435575486799	0.7663139739405409	0.03129784268232407	45.0	0.0	0.0	2.0
0.12875555100345407	0.3780300414419844	0.030223963830627875	34.0	0.0	0.0	2.0
0.5047979992822937	0.9669612070889496	0.034672015425951073	12.0	0.0	0.0	2.0
0.3701902703738921	0.7746379548768769	0.034528801374708956	28.0	0.0	0.0	2.0
0.470927726399711	0.1401892061340567	0.028894056603778313	18.0	0.0	0.0	2.0
0.9225832322966007	0.6739673901704545	0.03194359142795403	14.0	0.0	0.0	2.0
0.8379279200186909	0.16839974351399356	0.034621340984594136	49.0	0.0	0.0	2.0
0.9604195643031677	0.12588721922866164	0.033349444557237734	7.0	0.0	0.0	2.0
0.19119848533565276	0.4003433442300964	0.03326315077259176	32.0	0.0	0.0	2.0
0.8561075182417609	0.6174102529860598	0.03359319483161371	44.0	0.0	0.0	2.0
0.27658367540447215	0.5367039594653001	0.031792524987637814	26.0	0.0	0.0	2.0
0.29182407596983845	0.27700097490635994	0.032243577089991635	6.0	0.0	0.0	2.0
0.44226939198967014	0.8928153787543766	0.03392493606487597	15.0	0.0	0.0	2.0
0.54200574954896	0.6582151432990144	0.029942027072185302	33.0	0.0	0.0	2.0
0.4533856762299068	0.8106537019195451	0.031796953183658196	50.0	0.0	0.0	2.0
0.2566658824153821	0.680997151787744	0.030114023047520522	52.0	0.0	0.0	2.0
0.4194890688693239	0.6625393193921048	0.03246302806047725	21.0	0.0	0.0	2.0
0.803264843511017	0.38068938877942804	0.03457302205715364	22.0	0.0	0.0	2.0
0.042292345551519485	0.9286934027574523	0.030642421141865158	37.0	0.0	0.0	2.0
0.019611513846609394	0.8652607731204737	0.021310735895059905	51.0	0.0	0.0	2.0
0.4355704128069383	0.19353183710063376	0.03430915699000624	25.0	0.0	0.0	2.0
0.2984229209104514	0.880728919636019	0.030932796413968597	24.0	0.0	0.0	2.0
0.6534545955389361	0.8207033082549042	0.03168343034146569	3.0	0.0	0.0	2.0
0.8129982307009957	0.7929794324434606	0.034655499078777616	46.0	0.0	0.0	2.0
0.17667430466761763	0.8492760386652943	0.030575423691263474	4.0	0.0	0.0	2.0
0.23436264520649572	0.8857898301462727	0.031241342548717813	43.0	0.0	0.0	2.0
0.876967248388383	0.0949156074292641	0.03297762394837696	11.0	0.0	0.0	2.0
0.6262480310994124	0.47970594853212806	0.035257394177484226	8.0	0.0	0.00010913803482992535	2.0
0.755350491643833	0.6927802912315627	0.03198656402209759	38.0	0.0	0.0	2.0
0.10451827612978169	0.5208949946705359	0.033642056420934534	41.0	0.0	0.0	2.0
0.49294457646737844	0.488542074723649	0.032668126214305926	53.0	0.0	0.0	2.0
0.2496585893613078	0.07438261749231063	0.03395491121930034	13.0	0.0	0.0	2.0
0.7460015978303182	0.9608009653822259	0.031846275179512024	39.0	0.0	0.0	2.0
0.4555537139612266	0.2785943237419038	0.031158737461525546	47.0	0.0	0.0	2.0
0.18374065478184085	0.5664243641269928	0.031381096446363485	29.0	0.0	0.0	2.0
0.7623450072359316	0.12869030950769283	0.03241997344087074	40.0	0.0	0.0	2.0
0.3142095461705672	0.1905860465294145	0.03306165845234069	35.0	0.0	0.0	2.0
0.7617375651870105	0.3048564742140838	0.034269811772034954	20.0	0.0	0.0	2.0
0.14295953527819266	0.31302462217650456	0.032968602685803976	2.0	0.0	0.0	3.0
0.38067667443891073	0.2290188647367804	0.03117933872071916	42.0	0.0	0.0	3.0
0.9742791630553285	0.054046009521645906	0.03063960251398604	27.0	0.0	0.0	3.0
0.8540630000382126	0.6179569304835819	0.033626788026445316	44.0	0.0	0.0	3.0
0.18363876251805814	0.943371912323014	0.029730368781163037	23.0	0.0	0.0	3.0
0.3580093297208965	0.09681448580415786	0.030088169924098178	5.0	0.0	0.0	3.0
0.7607825270669647	0.12915055251237928	0.03245239341431161	40.0	0.0	0.0	3.0
0.2504818456354972	0.07501055831144947	0.033988866130519636	13.0	0.0	0.0	3.0
0.4705921513071636	0.1382341232206989	0.02892295066038209	18.0	0.0	0.0	3.0
0.274992918873995	0.5360900672890258	0.03182431751262545	26.0	0.0	0.0	3.0
0.504317511424475	0.9666180852548596	0.03470668744137702	12.0	0.0	0.0	3.0
0.5928273430312166	0.2730366999395478	0.0335368012556025	16.0	0.0	0.0	3.0
0.870080258310191	0.09675709873752031	0.033010601572325333	11.0	0.0	0.0	3.0
0.7035911089110963	0.36347194103937575	0.030919854563816657	10.0	0.0	0.0	3.0
0.5420506583404335	0.6588084420287702	0.029971969099257485	33.0	0.0	0.0	3.0
0.31530828221818435	0.19025487199780367	0.03309472011079303	35.0	0.0	0.0	3.0
0.1788572780544649	0.5658530021173256	0.03141247754280985	29.0	0.0	0.0	3.0
0.3870917155908422	0.3187840473308616	0.03592088160219303	19.0	0.0	0.004997943744683653	3.0
0.6269823791862844	0.48149072820850125	0.035292651571661705	8.0	0.0	0.0001604104127750361	3.0
0.3493060163240647	0.45086825416665	0.032267347056878413	30.0	0.0	0.0	3.0
0.7635851934254037	0.3013485079094153	0.04288010197975873	20.0	0.0	0.0	3.0
0.9218531023901795	0.6737965923152582	0.031975535019381975	14.0	0.0	0.0	3.0
0.4359007578311504	0.19369147226026692	0.03434346614699624	25.0	0.0	0.0	3.0
0.5882546342714505	0.3468882769717389	0.03308627215517221	48.0	0.0	0.0	3.0
0.5918211353647881	0.7517700020546214	0.03284624885225592	36.0	0.0	0.0	3.0
0.18996940265843254	0.40105639874625204	0.03329641392336435	32.0	0.0	0.0	3.0
0.7547227051636622	0.6931659513346765	0.03201855058611968	38.0	0.0	0.0	3.0
0.22364245605002586	0.27577654448290195	0.03222827890883168	17.0	0.0	0.0	3.0
0.4432451925837749	0.8932276897068618	0.03395886100094084	15.0	0.0	0.0	3.0
0.12881399934683588	0.3771874149362361	0.0302541877944585	34.0	0.0	0.0	3.0
0.23439223988642088	0.8842231100321672	0.031272583891266525	43.0	0.0	0.0	3.0
0.4928222986072961	0.48782967573982056	0.03270079434052023	53.0	0.0	0.0	3.0
0.9588065829145888	0.13790489080147197	0.03338279400179497	7.0	0.0	0.0	3.0
0.8002549003910058	0.38056614542843603	0.03460759507921079	22.0	0.0	0.0	3.0
0.3703375071619912	0.7804833677910873	0.034563330176083665	28.0	0.0	0.0	3.0
0.09046207218314449	0.8194048403118719	0.03221368280854554	1.0	0.0	0.0	3.0
0.7495869274067246	0.598396146158134	0.03349712020386999	9.0	0.0	0.0	3.0
0.17700021744911004	0.8497609051668343	0.030605999114954735	4.0	0.0	0.0	3.0
0.4191492438318597	0.6618739293730089	0.03249549108853773	21.0	0.0	0.0	3.0
0.8111383486541986	0.800604686472952	0.04336269322232049	46.0	0.0	0.0	3.0
0.02231341276105134	0.864840677647556	0.021332046630954962	51.0	0.0	0.0	3.0
0.2564111531889361	0.6824271645309478	0.03014413707056804	52.0	0.0	0.0	3.0
0.03842360423589314	0.9282900648109295	0.03067306356300702	37.0	0.0	0.0	3.0
0.4650251023238249	0.27614131759641086	0.031189896198987068	47.0	0.0	0.0	3.0
0.6587600544061853	0.8224123970533637	0.03171511377180715	3.0	0.0	0.0	3.0
0.2989274869785658	0.8794803262714774	0.030963729210382564	24.0	0.0	0.0	3.0
0.8370899580783003	0.16876631486733562	0.03465596232557873	49.0	0.0	0.0	3.0
0.15214922089619456	0.643140915041316	0.03393854692001063	31.0	0.0	0.0	3.0
0.7300790072236115	0.7656498916612731	0.03132914052500639	45.0	0.0	0.0	3.0
0.45416918792899014	0.8101377235963492	0.03182875013684185	50.0	0.0	0.0	3.0
0.10592336841627675	0.5206765287222234	0.033675698477355465	41.0	0.0	0.0	3.0
0.29124968966517667	0.2775120753169003	0.03227582066708162	6.0	0.0	0.0	3.0
0.7424276585125875	0.9577397665863809	0.03187812145469153	39.0	0.0	0.0	3.0
0.19894921042434816	0.40350026594543703	0.03332971033728771	32.0	0.0	0.0	4.0
0.4487063855914305	0.8946879414775377	0.033992819861941775	15.0	0.0	0.0	4.0
0.6289474872346772	0.4799721726139217	0.03532794422323336	8.0	0.0	0.00022572513918817094	4.0
0.5918189282206668	0.7516531575035653	0.032879095101108174	36.0	0.0	0.0	4.0
0.8041913206086027	0.37943352000518	0.034642202674289996	22.0	0.0	0.0	4.0
0.9733213439106617	0.054835546560891464	0.030670242116500022	27.0	0.0	0.0	4.0
0.34652641125712225	0.4494596810547617	0.032299614403935285	30.0	0.0	0.0	4.0
0.3709683039123457	0.23753145450618737	0.031210518059439876	42.0	0.0	0.0	4.0
0.4719557461985771	0.13299314271565135	0.028951873611042466	18.0	0.0	0.0	4.0
0.1783286702283797	0.8484695655339981	0.030636605114069685	4.0	0.0	0.0	4.0
0.45191478095447424	0.810740522613294	0.03186057888697869	50.0	0.0	0.0	4.0
0.24420841782252123	0.072498362308277	0.03402285499665015	13.0	0.0	0.0	4.0
0.3160348823985733	0.18978938212322058	0.033127814830903816	35.0	0.0	0.0	4.0
0.8377144848233227	0.16919472058346538	0.034690618287904304	49.0	0.0	0.0	4.0
0.14306090022564386	0.31298984231825605	0.033001571288489774	2.0	0.0	0.0	4.0
0.754961893074414	0.6931561576879323	0.04006321142088224	38.0	0.0	0.0	4.0
0.2963484185022744	0.8811555776991501	0.030994692939592942	24.0	0.0	0.0	4.0
0.541608354612632	0.6551285141755583	0.03000194106835674	33.0	0.0	0.0	4.0
0.0384284938085847	0.9275134318080342	0.030703736626570024	37.0	0.0	0.0	4.0
0.8706196218666746	0.09687969468100403	0.03304361217389765	11.0	0.0	0.0	4.0
0.0221227111166065	0.8642151212535649	0.021353378677585914	51.0	0.0	0.0	4.0
0.08956579217836233	0.8205722609364886	0.032245896491354085	1.0	0.0	0.0	4.0
0.7620368568432639	0.1275378873970676	0.03248484580772592	40.0	0.0	0.0	4.0
0.5044684177202774	0.9668146433853146	0.03474139412881839	12.0	0.0	0.0	4.0
0.28163260893010433	0.5418500482517631	0.03185614183013807	26.0	0.0	0.0	4.0
0.10608070882428595	0.5331715786662069	0.033709374175832814	41.0	0.0	0.0	4.0
0.4200850263805714	0.6632289425012514	0.03252798657962626	21.0	0.0	0.0	4.0
0.6704182969047267	0.8289811567630375	0.031746828885578955	3.0	0.0	0.0	4.0
0.8157929946811873	0.8001194135593217	0.041628185493427665	46.0	0.0	0.0	4.0
0.43890962663644817	0.19860259277967654	0.04297226201642904	25.0	0.0	0.0	4.0
0.7505988209089418	0.5955915994055696	0.03353061732407386	9.0	0.0	0.0	4.0
0.7425828759737347	0.9591035771035354	0.031909999576146215	39.0	0.0	0.0	4.0
0.46736594950403854	0.2761339488463153	0.031221086095186052	47.0	0.0	0.0	4.0
0.49087529434116284	0.4878235467673727	0.03273349513486074	53.0	0.0	0.0	4.0
0.7274170679334482	0.7623150029967438	0.031360469665531396	45.0	0.0	0.0	4.0
0.21958744011605402	0.27737082751438014	0.04032563398467564	17.0	0.0	0.0	4.0
0.3704986998938466	0.775364397126924	0.03459789350625975	28.0	0.0	0.0	4.0
0.11933821356157899	0.37426294227095297	0.030284441982252955	34.0	0.0	0.0	4.0
0.3872356735535737	0.31841448200618044	0.04494600310474403	19.0	0.0	0.005605919487621236	4.0
0.23294647123988735	0.8841456670793347	0.031303856475157786	43.0	0.0	0.0	4.0
0.5874008995283189	0.3480602359535974	0.033119358427327376	48.0	0.0	0.0	4.0
0.25751338688306313	0.6764573230811358	0.030174281207638605	52.0	0.0	0.0	4.0
0.7636477239256265	0.30024611873783535	0.041164897900568376	20.0	0.0	0.0	4.0
0.9239035571069104	0.674181853821432	0.032007510554401354	14.0	0.0	0.0	4.0
0.961753751979316	0.13873282441185836	0.03341617679579676	7.0	0.0	0.0	4.0
0.8509230001296764	0.616923553021675	0.03366041481447176	44.0	0.0	0.0	4.0
0.3535715890354339	0.09490636484441889	0.03011825809402227	5.0	0.0	0.0	4.0
0.29062881584701783	0.2768773674300455	0.032308096487748704	6.0	0.0	0.0	4.0
0.18080965314967612	0.9434342624592729	0.029760099149944198	23.0	0.0	0.0	4.0
0.5943712828252428	0.27273653240266177	0.0335703380568581	16.0	0.0	0.0	4.0
0.17618834577818696	0.5640953880290502	0.03144389002035265	29.0	0.0	0.0	4.0
0.7038062369088063	0.3641620168912544	0.03868846802297558	10.0	0.0	0.0	4.0
0.152441278564048	0.6442760307755733	0.03397248546693064	31.0	0.0	0.0	4.0
0.2929309956777784	0.2764597972594691	0.03234040458423645	6.0	0.0	0.0	5.0
0.10710403662152393	0.5337826139444622	0.03374308355000864	41.0	0.0	0.0	5.0
0.8027542252284027	0.37966623740075656	0.034676844876964284	22.0	0.0	0.0	5.0
0.5391819540577375	0.6493352466171511	0.030031943009425095	33.0	0.0	0.0	5.0
0.6181297553451814	0.47610752717281984	0.03536327216745659	8.0	0.0	0.0003068148312905805	5.0
0.18392165692455065	0.9452396970220531	0.02978985924909414	23.0	0.0	0.0	5.0
0.7521370403198001	0.5968595644552572	0.03356414794139793	9.0	0.0	0.0	5.0
0.042648044776233504	0.9262993412291577	0.03073444036319659	37.0	0.0	0.0	5.0
0.4937340092195989	0.4892496610019934	0.0327662286299956	53.0	0.0	0.0	5.0
0.41637622871130786	0.6615223474416599	0.03256051456620588	21.0	0.0	0.0	5.0
0.6753904466180268	0.8282080791419386	0.03177857571446453	3.0	0.0	0.0	5.0
0.7577380098064096	0.12790414159172647	0.03251733065353364	40.0	0.0	0.0	5.0
0.44050409018022324	0.19814381809447867	0.041253371535771875	25.0	0.0	0.0	5.0
0.5952067046685845	0.27346126712263197	0.03360390839491496	16.0	0.0	0.0	5.0
0.7521584038143188	0.6905650479945563	0.03846068296404695	38.0	0.0	0.0	5.0
0.3459961731832096	0.4499314974874681	0.032331914018339215	30.0	0.0	0.0	5.0
0.7242783614806242	0.7660028660658542	0.031391830135196926	45.0	0.0	0.0	5.0
0.3686552507841209	0.23477877800235955	0.031241728577499312	42.0	0.0	0.0	5.0
0.022613745887472333	0.8646410976031126	0.021374732056263498	51.0	0.0	0.0	5.0
0.4685623147507388	0.2774040970253799	0.03125230718128123	47.0	0.0	0.0	5.0
0.3728321966393857	0.7737852032406698	0.034632491399766006	28.0	0.0	0.0	5.0
0.2560178654526268	0.6782145050079156	0.03020445548884624	52.0	0.0	0.0	5.0
0.24312642479346025	0.07398366141191294	0.034056877851646794	13.0	0.0	0.0	5.0
0.14298168475640938	0.31297854538942715	0.03303457285977826	2.0	0.0	0.0	5.0
0.08738148821689223	0.82400556702982	0.03227814238784544	1.0	0.0	0.0	5.0
0.8511592726962288	0.6170269118382322	0.033694075229286226	44.0	0.0	0.0	5.0
0.3578914459714618	0.09236370769882286	0.03014837635211629	5.0	0.0	0.0	5.0
0.15103717823091523	0.6424708088407792	0.03400645795239756	31.0	0.0	0.0	5.0
0.17924785362141915	0.847375680357798	0.030667241719183752	4.0	0.0	0.0	5.0
0.8690856159992472	0.0961970969694426	0.033076655786071545	11.0	0.0	0.0	5.0
0.31572091168582617	0.18911267406703944	0.033160942645734715	35.0	0.0	0.0	5.0
0.17721064724434157	0.5643825781172969	0.031475333910373	29.0	0.0	0.0	5.0
0.5873551871428292	0.348194842292395	0.0331524777857547	48.0	0.0	0.0	5.0
0.8162449878003842	0.7982142843879528	0.03989367776453484	46.0	0.0	0.0	5.0
0.28185178670397437	0.5417096339809938	0.0318879979719682	26.0	0.0	0.0	5.0
0.9736156100443737	0.05742110133696337	0.03070091235861652	27.0	0.0	0.0	5.0
0.4447423409205804	0.8106276230852678	0.03189243946586567	50.0	0.0	0.0	5.0
0.750181176025132	0.9543696628542264	0.031941909575722356	39.0	0.0	0.0	5.0
0.23417008596579034	0.8857394469918421	0.03133516033163294	43.0	0.0	0.0	5.0
0.2976933801285918	0.8854698722117423	0.031025687632532533	24.0	0.0	0.0	5.0
0.47096911696754135	0.13374569667357042	0.028980825484653507	18.0	0.0	0.0	5.0
0.21933956679404337	0.277123733244391	0.038712608625288615	17.0	0.0	0.0	5.0
0.1982980393530036	0.4005931127463627	0.03336304004762499	32.0	0.0	0.0	5.0
0.591239230528066	0.7503165575800452	0.03291197419620928	36.0	0.0	0.0	5.0
0.5090414848857037	0.9654362564835475	0.034776135522947206	12.0	0.0	0.0	5.0
0.11657268865679007	0.37456887589485194	0.030314726424235203	34.0	0.0	0.0	5.0
0.8433829789080609	0.17134135736074985	0.03472530890619221	49.0	0.0	0.0	5.0
0.38764580145035865	0.32000849127195374	0.04314816298055427	19.0	0.0	0.006261982483366069	5.0
0.9216345460438031	0.6764723944847368	0.03203951806495575	14.0	0.0	0.0	5.0
0.956533441334711	0.13339619683785528	0.033449592972592555	7.0	0.0	0.0	5.0
0.7680620205881632	0.2981471420200152	0.03944969382137803	20.0	0.0	0.0	5.0
0.6993384591655702	0.3638096875894725	0.03714092930205656	10.0	0.0	0.0	5.0
0.44835304387783875	0.8939263762280905	0.034026812681803714	15.0	0.0	0.0	5.0
0.6988149693113676	0.36287372013275343	0.035593390581137536	10.0	0.0	0.0	6.0
0.18077042741373442	0.9449111636991399	0.02981964910834323	23.0	0.0	0.0	6.0
0.6181297553451814	0.47714759559518044	0.03539863543962404	8.0	0.0	0.0004054223546177127	6.0
0.02702372178994108	0.8648494841788101	0.021396106788319758	51.0	0.0	0.0	6.0
0.4379726239522611	0.20287761782903357	0.039534481055114715	25.0	0.0	0.0	6.0
0.14921484274229516	0.6441339417029187	0.034040464410349955	31.0	0.0	0.0	6.0
0.1782021862498925	0.5657437070308935	0.03150680924428337	29.0	0.0	0.0	6.0
0.3685578059268577	0.23462772174576882	0.03127297030607681	42.0	0.0	0.0	6.0
0.9524740996253033	0.14641753166179827	0.03348304256556514	7.0	0.0	0.0	6.0
0.845330370480703	0.17148259818253517	0.0347600342150984	49.0	0.0	0.0	6.0
0.7252679940384331	0.7663354749864986	0.03142322196533212	45.0	0.0	0.0	6.0
0.7436242425059099	0.9535186722089104	0.03197385148529808	39.0	0.0	0.0	6.0
0.8481938873564991	0.6160922144990861	0.03372776930451551	44.0	0.0	0.0	6.0
0.224851603462385	0.27397212971563656	0.037099583265901584	17.0	0.0	0.0	6.0
0.756665291257788	0.13042077785721945	0.03254984798418717	40.0	0.0	0.0	6.0
0.9720068434748684	0.0585547145759601	0.030731613270975133	27.0	0.0	0.0	6.0
0.30976281372817926	0.8837902930704497	0.03105671332016506	24.0	0.0	0.0	6.0
0.5978430180289397	0.27251944156127694	0.033637512303309865	16.0	0.0	0.0	6.0
0.1968427191033768	0.40331453740345624	0.03339640308767261	32.0	0.0	0.0	6.0
0.41652362371442114	0.6673740416127433	0.03259307508077208	21.0	0.0	0.0	6.0
0.45032254131642296	0.8118223017337062	0.03192433190533153	50.0	0.0	0.0	6.0
0.4748426778382282	0.13906310291795596	0.029009806310138157	18.0	0.0	0.0	6.0
0.9236622784655181	0.6758332478370199	0.0320715575830207	14.0	0.0	0.0	6.0
0.3720248625826107	0.775294904496584	0.03466712389116577	28.0	0.0	0.0	6.0
0.3584195410314778	0.09285799772834974	0.030178524728468402	5.0	0.0	0.0	6.0
0.5852847375110178	0.3508224708699974	0.03318563026354045	48.0	0.0	0.0	6.0
0.8697730811144265	0.09539957883371568	0.033109732441857616	11.0	0.0	0.0	6.0
0.7513158048376551	0.6909722235603674	0.03685815450721166	38.0	0.0	0.0	6.0
0.1706125397980686	0.8396786734225125	0.030697908960902933	4.0	0.0	0.0	6.0
0.116422378246393	0.37475477281351555	0.030345041150659436	34.0	0.0	0.0	6.0
0.7503873386277184	0.5990235140598069	0.03359771208933932	9.0	0.0	0.0	6.0
0.28570233565223335	0.5416975128424717	0.031919885969940165	26.0	0.0	0.0	6.0
0.10809620031418081	0.5358193816742616	0.033776826633558646	41.0	0.0	0.0	6.0
0.23550826951929105	0.8916634094360653	0.03136649549196457	43.0	0.0	0.0	6.0
0.8191730673026426	0.799239602765593	0.03815917003564203	46.0	0.0	0.0	6.0
0.3143837676341849	0.18900722678269102	0.033194103588380444	35.0	0.0	0.0	6.0
0.040939862044649014	0.9264016294319494	0.030765174803559784	37.0	0.0	0.0	6.0
0.8041229567688235	0.3772190301272362	0.03471152172184124	22.0	0.0	0.0	6.0
0.5098866041745904	0.9662681776592791	0.034810911658470146	12.0	0.0	0.0	6.0
0.07881949234389743	0.8348716826269007	0.03231042053023328	1.0	0.0	0.0	6.0
0.5931427172343502	0.7454299735433824	0.03294488617040549	36.0	0.0	0.0	6.0
0.6746871192728504	0.8286905395928088	0.03181035429017899	3.0	0.0	0.0	6.0
0.1393123494903615	0.313620256263724	0.033067607432638035	2.0	0.0	0.0	6.0
0.5405596229714639	0.6427998916085472	0.030061974952434515	33.0	0.0	0.0	6.0
0.7683184667124053	0.29774960650471755	0.03773448974218768	20.0	0.0	0.0	6.0
0.34595551553144493	0.4434736582911777	0.03236424593235755	30.0	0.0	0.0	6.0
0.25626166942324735	0.6830510363864112	0.030234659944335083	52.0	0.0	0.0	6.0
0.3920749028152916	0.32214879989354966	0.0413503228563645	19.0	0.0	0.006968063653204126	6.0
0.29329970875385675	0.27629013475152026	0.03237274498882068	6.0	0.0	0.0	6.0
0.47096243605769855	0.2778864216701134	0.03128355948846251	47.0	0.0	0.0	6.0
0.4929232102524438	0.4901550999169447	0.03279899485862559	53.0	0.0	0.0	6.0
0.4479101279832256	0.894032932143239	0.03406083949448552	15.0	0.0	0.0	6.0
0.2449352555916002	0.07390959809574654	0.03409093472949844	13.0	0.0	0.0	6.0
0.3612423615210241	0.09512578359556667	0.030208703253196866	5.0	0.0	0.0	7.0
0.39529215138886525	0.32221970414673373	0.039552482732174744	19.0	0.0	0.007726104985721349	7.0
0.17807616372965807	0.9456315746624266	0.02984946875745157	23.0	0.0	0.0	7.0
0.7514584136253666	0.6001323341956272	0.03363130980142866	9.0	0.0	0.0	7.0
0.312927606582234	0.884853958899695	0.031087770033485222	24.0	0.0	0.0	7.0
0.37016409482292184	0.7758430108737094	0.03470179101505693	28.0	0.0	0.0	7.0
0.7672200715671706	0.29762109271341575	0.036019285662997336	20.0	0.0	0.0	7.0
0.17487259404238797	0.571785787786714	0.03153831605352765	29.0	0.0	0.0	7.0
0.10357048948927731	0.3817843757684926	0.030375386191810093	34.0	0.0	0.0	7.0
0.29363290455905183	0.27318887213837545	0.032405117733809496	6.0	0.0	0.0	7.0
0.8005197320479258	0.3780380338009776	0.03474623324356308	22.0	0.0	0.0	7.0
0.5793931279265262	0.3492073195764383	0.03321881589380398	48.0	0.0	0.0	7.0
0.15047300538895478	0.6430562832323834	0.034074504874760304	31.0	0.0	0.0	7.0
0.8424203263925343	0.16879300576913348	0.0347947942493135	49.0	0.0	0.0	7.0
0.676239299465651	0.8302184795983469	0.031842164644469165	3.0	0.0	0.0	7.0
0.7445287162977119	0.9512804718101676	0.032005825336783374	39.0	0.0	0.0	7.0
0.19719958744248725	0.4025453711396381	0.03342979949076028	32.0	0.0	0.0	7.0
0.23669870981860114	0.8930983532431763	0.031397861987456525	43.0	0.0	0.0	7.0
0.1727731457692236	0.8405281441751832	0.030728606869863832	4.0	0.0	0.0	7.0
0.1427782657374003	0.31626389270533517	0.03310067504007067	2.0	0.0	0.0	7.0
0.41647844866931816	0.6673566080167025	0.03262566815585285	21.0	0.0	0.0	7.0
0.36853187047284175	0.23325471830129804	0.03130424327638288	42.0	0.0	0.0	7.0
0.7528366557497254	0.6903408638115119	0.035255626050376375	38.0	0.0	0.0	7.0
0.4716300308209582	0.27559339582675035	0.03131484304795097	47.0	0.0	0.0	7.0
0.5386484873378614	0.6435792034593231	0.030092036927386948	33.0	0.0	0.0	7.0
0.9658216541173379	0.056256827049044326	0.030762344884246104	27.0	0.0	0.0	7.0
0.5107889208638084	0.9679554948577958	0.034845722570128614	12.0	0.0	0.0	7.0
0.22589402849849413	0.28428555920680054	0.03548655790651457	17.0	0.0	0.0	7.0
0.07884920920968873	0.8348493105399494	0.03234273095076351	1.0	0.0	0.0	7.0
0.6947638771011969	0.35692803019332786	0.034045851860218516	10.0	0.0	0.0	7.0
0.7591603658917854	0.13481662588544055	0.03258239783217135	40.0	0.0	0.0	7.0
0.8201206539823485	0.7978858048988995	0.03642466230674921	46.0	0.0	0.0	7.0
0.7260692472469635	0.7619957831030383	0.03145464518729745	45.0	0.0	0.0	7.0
0.8471869736080296	0.6175902187943987	0.03376149707382002	44.0	0.0	0.0	7.0
0.4737476133338294	0.1396442786252875	0.029038816116448294	18.0	0.0	0.0	7.0
0.24491574172900182	0.07396476792653367	0.03412502566422793	13.0	0.0	0.0	7.0
0.282312854175781	0.542029327769742	0.0319518058559101	26.0	0.0	0.0	7.0
0.4914568326839239	0.48861779473337924	0.03283179385348421	53.0	0.0	0.0	7.0
0.9230206046571572	0.675604009232894	0.03210362914060372	14.0	0.0	0.0	7.0
0.4369713286809065	0.20402452497797763	0.03781559057445756	25.0	0.0	0.0	7.0
0.31342805761862885	0.1891007864765576	0.03322729769196882	35.0	0.0	0.0	7.0
0.04128113588781605	0.9256147596574122	0.03079593997836334	37.0	0.0	0.0	7.0
0.34570910185818204	0.4449655551309877	0.0323966101782899	30.0	0.0	0.0	7.0
0.2534359765035984	0.6806917637576253	0.030264894604279415	52.0	0.0	0.0	7.0
0.45109380697472823	0.8979703581203945	0.03409490033398	15.0	0.0	0.0	7.0
0.8693708066682223	0.09674956799652114	0.03314284217429947	11.0	0.0	0.0	7.0
0.9484111227592401	0.14311113056759966	0.033516525608130704	7.0	0.0	0.0	7.0
0.10495092986348378	0.5326040295319071	0.0338106034601922	41.0	0.0	0.0	7.0
0.02566039261026369	0.865529602075239	0.021417502895108076	51.0	0.0	0.0	7.0
0.6158355394672829	0.4839032264034927	0.03543403407506367	8.0	0.0	0.00052330086553809	7.0
0.6002518213428748	0.27158985524163753	0.03367114981561317	16.0	0.0	0.0	7.0
0.4504048230934775	0.8118620633878928	0.03195625623723686	50.0	0.0	0.0	7.0
0.593108404989333	0.743613509078673	0.03297783105657589	36.0	0.0	0.0	7.0
0.19726737040686862	0.40203567528711837	0.03346322929025104	32.0	0.0	0.0	8.0
0.23011969515546787	0.887017734740672	0.03142925984944398	43.0	0.0	0.0	8.0
0.293007498893428	0.27290109310204796	0.032437522851543305	6.0	0.0	0.0	8.0
0.14390211741450046	0.3165492832881005	0.03313377571511074	2.0	0.0	0.0	8.0
0.46861468957839364	0.2761207331030613	0.03134615789099892	47.0	0.0	0.0	8.0
0.39969481722905503	0.325848852479805	0.03775464260798499	19.0	0.0	0.008538059582321011	8.0
0.7529689640335776	0.690464702624793	0.033653097593541084	38.0	0.0	0.0	8.0
0.8694723837198794	0.09691847336535284	0.033175985016473765	11.0	0.0	0.0	8.0
0.4366901849815195	0.20317921789883547	0.03609670009380039	25.0	0.0	0.0	8.0
0.7904096576814821	0.820636002173373	0.019523813455645224	57.0	46.0	0.0	8.0
0.5064351865969051	0.9665226760687509	0.03488056829269874	12.0	0.0	0.0	8.0
0.4521241199464782	0.8995898121278701	0.03412899523431398	15.0	0.0	0.0	8.0
0.417212654032088	0.6682883954716599	0.0326582938240087	21.0	0.0	0.0	8.0
0.6961262002240552	0.36077960677313337	0.032498313139299496	10.0	0.0	0.0	8.0
0.7450865790224503	0.9510890606076129	0.03203783116212015	39.0	0.0	0.0	8.0
0.15112928245248541	0.6423853832588267	0.03410857937963506	31.0	0.0	0.0	8.0
0.10435279171815408	0.5276275731226242	0.033844414063652385	41.0	0.0	0.0	8.0
0.8391830369681039	0.1713937659775851	0.03482958904356281	49.0	0.0	0.0	8.0
0.730626917479732	0.7656573053923882	0.031486099832484744	45.0	0.0	0.0	8.0
0.83613975475138	0.791639669787312	0.019523813455645224	56.0	46.0	0.0	8.0
0.17141217479546245	0.8401550417152793	0.030759335476733693	4.0	0.0	0.0	8.0
0.37008893184545455	0.23905588963824992	0.03133554751965926	42.0	0.0	0.0	8.0
0.755798482905445	0.13295018202323744	0.03261498023000352	40.0	0.0	0.0	8.0
0.7727131299549179	0.3216439550387599	0.020685567225452523	54.0	20.0	0.0	8.0
0.22577793595342843	0.2816530149871652	0.033873532547127536	17.0	0.0	0.0	8.0
0.5414155701117098	0.6438853094210397	0.03012212896431433	33.0	0.0	0.0	8.0
0.5901428780474768	0.7431905948786293	0.03301080888763246	36.0	0.0	0.0	8.0
0.7649418901950991	0.2680163820515718	0.020685567225452523	55.0	20.0	0.0	8.0
0.6707269658419992	0.830688120712514	0.031874006809113634	3.0	0.0	0.0	8.0
0.2524758424265506	0.6836404346549391	0.03029515949888369	52.0	0.0	0.0	8.0
0.02754153540984703	0.8626925746361126	0.021438920398003183	51.0	0.0	0.0	8.0
0.4958094787094734	0.48876857308467325	0.03286462564733769	53.0	0.0	0.0	8.0
0.30556675436070535	0.18144267734967862	0.033260524989660784	35.0	0.0	0.0	8.0
0.6032662406192183	0.26842963070025966	0.03370482096542878	16.0	0.0	0.0	8.0
0.9512730334145899	0.14565771585176743	0.03355004213373883	7.0	0.0	0.0	8.0
0.8000984557091139	0.3787385447355466	0.03478097947680664	22.0	0.0	0.0	8.0
0.07912104722872947	0.835407354448442	0.03237507368171427	1.0	0.0	0.0	8.0
0.36835639412758925	0.774586176017455	0.03473649280607198	28.0	0.0	0.0	8.0
0.45580296101131396	0.8082088736359462	0.03198821249347409	50.0	0.0	0.0	8.0
0.5814463259268067	0.35762514174529236	0.03325203470969778	48.0	0.0	0.0	8.0
0.9670485094348776	0.05633029274050469	0.030793107229130347	27.0	0.0	0.0	8.0
0.10573394946184642	0.37843064142151195	0.0304057615780019	34.0	0.0	0.0	8.0
0.7512561403519976	0.5955455337572979	0.033664941111230084	9.0	0.0	0.0	8.0
0.6135959447267362	0.48143367943579135	0.03546946810913873	8.0	0.0	0.0006622138539285061	8.0
0.47219855388596293	0.1399353325906193	0.029067854932564738	18.0	0.0	0.0	8.0
0.27809508162781943	0.5414819247845105	0.031983757661766005	26.0	0.0	0.0	8.0
0.34539012037584665	0.4444571380375577	0.03242900678846819	30.0	0.0	0.0	8.0
0.3125992657304295	0.8900623220868762	0.031118857803518703	24.0	0.0	0.0	8.0
0.8493437371209487	0.6176105871526334	0.033795258570893834	44.0	0.0	0.0	8.0
0.04280833643786454	0.9236512703919223	0.0308267359183417	37.0	0.0	0.0	8.0
0.362271125406203	0.09203262733133737	0.03023891195645006	5.0	0.0	0.0	8.0
0.9238983625897401	0.6724412791166424	0.03213573276974432	14.0	0.0	0.0	8.0
0.24409909537404625	0.07282876225935085	0.034159150689892157	13.0	0.0	0.0	8.0
0.17749463434737436	0.9522122066747335	0.02987931822620902	23.0	0.0	0.0	8.0
0.17764709334902543	0.5731698897777826	0.03156985436958117	29.0	0.0	0.0	8.0
0.43634650464941155	0.22747900268787127	0.019693524386455403	64.0	25.0	0.0	9.0
0.8698228469994724	0.09815109111649253	0.03320916100149023	11.0	0.0	0.0	9.0
0.966848829385999	0.05629147162282311	0.030823900336359473	27.0	0.0	0.0	9.0
0.4683009156904572	0.2757917822006828	0.03137750404888991	47.0	0.0	0.0	9.0
0.7731089581546917	0.32069887667409075	0.020706252792677973	54.0	0.0	0.0	9.0
0.77532342767457	0.6790066927026495	0.01868246282907306	67.0	38.0	0.0	9.0
0.14372122595237896	0.3166908966973318	0.03316690949082585	2.0	0.0	0.0	9.0
0.4171370650130809	0.6684140871601538	0.032690952117832704	21.0	0.0	0.0	9.0
0.4129931982977263	0.35224724170527677	0.020236689997432646	63.0	19.0	0.0	9.0
0.36512097888970696	0.09438178154711813	0.030269150868406505	5.0	0.0	0.0	9.0
0.4960671834584562	0.48892245016436114	0.032897490272985025	53.0	0.0	0.0	9.0
0.4283528597729683	0.18299497883192803	0.019693524386455403	65.0	25.0	0.0	9.0
0.5879272393522519	0.7460765036300278	0.033043819696520094	36.0	0.0	0.0	9.0
0.9496319171404279	0.14349204096835388	0.03358359217587256	7.0	0.0	0.0	9.0
0.387099701828689	0.3020478133327543	0.020236689997432646	62.0	19.0	0.0	9.0
0.20403167960240112	0.29276569687536086	0.019453279590910488	60.0	17.0	0.0	9.0
0.10556165695638474	0.5285987462853463	0.033878258477716035	41.0	0.0	0.0	9.0
0.1820322555939701	0.5646800469934765	0.03160142422395075	29.0	0.0	0.0	9.0
0.23701738147375498	0.2714944790083675	0.019453279590910488	61.0	17.0	0.0	9.0
0.4566815782319886	0.8037643531091634	0.03202020070596756	50.0	0.0	0.0	9.0
0.3669590177916795	0.7728355371054682	0.03477122929887805	28.0	0.0	0.0	9.0
0.0791549920687173	0.8359458103061759	0.03240744875539598	1.0	0.0	0.0	9.0
0.25386986459627636	0.6845966900446114	0.03032545465838257	52.0	0.0	0.0	9.0
0.7974736444020468	0.3843038149160713	0.03481576045628344	22.0	0.0	0.0	9.0
0.7483886350993054	0.9525833760676167	0.03206986899328227	39.0	0.0	0.0	9.0
0.3718169907021772	0.23841389071742386	0.03136688306717891	42.0	0.0	0.0	9.0
0.5074131658604203	0.9635822125388684	0.03491544886099143	12.0	0.0	0.0	9.0
0.9229439238921172	0.6725835284805141	0.03216786850251406	14.0	0.0	0.0	9.0
0.02507541393921952	0.8607367708514372	0.021460359318401182	51.0	0.0	0.0	9.0
0.8349112563478732	0.7918386078347605	0.019543337269100867	56.0	0.0	0.0	9.0
0.6146339132681587	0.48222539258341723	0.03550493757724787	8.0	0.0	0.000823935186019753	9.0
0.7633440117326009	0.26606545114953206	0.020706252792677973	55.0	0.0	0.0	9.0
0.17475853569268798	0.8398061648526265	0.030790094812210424	4.0	0.0	0.0	9.0
0.2342310498881412	0.8887549304301138	0.03146068910929342	43.0	0.0	0.0	9.0
0.10271518581342906	0.3817175348146209	0.0304361673395799	34.0	0.0	0.0	9.0
0.7135356407485164	0.3512397285551322	0.01710821095933349	58.0	10.0	0.0	9.0
0.5801232942871746	0.35684640858301936	0.03328528674440747	48.0	0.0	0.0	9.0
0.34819107766731433	0.4427120777551138	0.032461435795256656	30.0	0.0	0.0	9.0
0.6704488632260304	0.8266788259750641	0.031905880815922744	3.0	0.0	0.0	9.0
0.4774921843239795	0.1344087952638087	0.0290969227874973	18.0	0.0	0.0	9.0
0.14726115278172583	0.6449503184557789	0.03414268795901469	31.0	0.0	0.0	9.0
0.4514281345319341	0.8984488333713969	0.03416312422954829	15.0	0.0	0.0	9.0
0.244367429470186	0.0738716736021847	0.03419330984058205	13.0	0.0	0.0	9.0
0.7268165276987205	0.7654532009274089	0.031517585932317224	45.0	0.0	0.0	9.0
0.2783316494032071	0.5380714213140283	0.032015741419427764	26.0	0.0	0.0	9.0
0.8452874905716946	0.1749352756671919	0.034864418632606364	49.0	0.0	0.0	9.0
0.5418613970891547	0.6408280039574537	0.030152251093278643	33.0	0.0	0.0	9.0
0.3055561658164702	0.27088234312159865	0.03246996037439485	6.0	0.0	0.0	9.0
0.04238770561395741	0.9247944868154351	0.030857562654260037	37.0	0.0	0.0	9.0
0.6737418635944258	0.37752313453923303	0.01710821095933349	59.0	10.0	0.0	9.0
0.7306780159618784	0.6918342466579106	0.01868246282907306	66.0	38.0	0.0	9.0
0.7568249153219161	0.593790241088602	0.03369860605234131	9.0	0.0	0.0	9.0
0.30565909745402636	0.18266263981518752	0.03329378551465044	35.0	0.0	0.0	9.0
0.602896505402972	0.2678869792765356	0.033738525786394205	16.0	0.0	0.0	9.0
0.17821015004009272	0.9555036465716009	0.029909197544435225	23.0	0.0	0.0	9.0
0.1969279836393725	0.40220498363746104	0.033496692519541287	32.0	0.0	0.0	9.0
0.8526794176434873	0.6180221706694349	0.033829053829464724	44.0	0.0	0.0	9.0
0.7562359435249895	0.1348471509847877	0.03264759521023352	40.0	0.0	0.0	9.0
0.7915732396404366	0.8216979314426072	0.019543337269100867	57.0	0.0	0.0	9.0
0.3129336450593081	0.890651435010995	0.03114997666132222	24.0	0.0	0.0	9.0
0.6145363226638451	0.4833297355012673	0.03554044251482511	8.0	0.0	0.0010102491474128783	10.0
0.73185970212916	0.7631325953470686	0.031549103518249536	45.0	0.0	0.0	10.0
0.36484876810199107	0.0946497412559324	0.03029942001927491	5.0	0.0	0.0	10.0
0.23230635890793627	0.888845878719064	0.03149214979840271	43.0	0.0	0.0	10.0
0.17739830010711743	0.9570217924408866	0.029939106741979655	23.0	0.0	0.0	10.0
0.026208552749154547	0.855361412285117	0.02148181967771958	51.0	0.0	0.0	10.0
0.30598165389754	0.2691844081554301	0.03250243033476924	6.0	0.0	0.0	10.0
0.678582720395075	0.3761302757539216	0.01712531917029282	59.0	0.0	0.0	10.0
0.4697706862117928	0.2840428596464067	0.0314088815529388	47.0	0.0	0.0	10.0
0.7561398498625155	0.5925653864508786	0.03373230465839365	9.0	0.0	0.0	10.0
0.9191506690766575	0.67154362922478	0.03220003637101657	14.0	0.0	0.0	10.0
0.1907341266361158	0.40878083178732294	0.03353018921206082	32.0	0.0	0.0	10.0
0.044278386550747346	0.9249795759395063	0.030888420216914292	37.0	0.0	0.0	10.0
0.37387510185111816	0.24015438847385964	0.031398249950246086	42.0	0.0	0.0	10.0
0.418293273197808	0.6675884257693865	0.032723643069950535	21.0	0.0	0.0	10.0
0.717663689164858	0.35070397040302953	0.01712531917029282	58.0	0.0	0.0	10.0
0.4760847899514944	0.1314728125302003	0.029126019710284796	18.0	0.0	0.0	10.0
0.16924966628451374	0.8423832077802702	0.03082088490702263	4.0	0.0	0.0	10.0
0.2012072106519071	0.29521594489103725	0.019472732870501396	60.0	0.0	0.0	10.0
0.587754144872085	0.7457478608915525	0.03307686351621661	36.0	0.0	0.0	10.0
0.7676495903984237	0.2648851012210627	0.020726959045470648	55.0	0.0	0.0	10.0
0.7745623548560749	0.32093423383948533	0.020726959045470648	54.0	0.0	0.0	10.0
0.433764329468115	0.22925029369587493	0.019713217910841855	64.0	0.0	0.0	10.0
0.745577573869113	0.9539417867453335	0.032101938862275546	39.0	0.0	0.0	10.0
0.07851868322088433	0.8351689085432359	0.03243985620415137	1.0	0.0	0.0	10.0
0.42757580455819527	0.1840339323890867	0.019713217910841855	65.0	0.0	0.0	10.0
0.10696281660755105	0.5283627861033272	0.03391213673619375	41.0	0.0	0.0	10.0
0.36627557926175164	0.7729550600993538	0.03480600052817692	28.0	0.0	0.0	10.0
0.7895440110653672	0.822379941670311	0.019562880606369966	57.0	0.0	0.0	10.0
0.947276016481166	0.14405881934275816	0.03361717576804843	7.0	0.0	0.0	10.0
0.4514267013851451	0.8985626454615782	0.03419728735377784	15.0	0.0	0.0	10.0
0.13857651968792645	0.6499887238970584	0.0341768306469737	31.0	0.0	0.0	10.0
0.5061860015153508	0.9651806158933833	0.03495036430985242	12.0	0.0	0.0	10.0
0.38866115061854356	0.3026167527837234	0.020256926687430076	62.0	0.0	0.0	10.0
0.8535573834812676	0.6196639521808471	0.033862882883294185	44.0	0.0	0.0	10.0
0.311064875256356	0.8922318111005015	0.031181126637983538	24.0	0.0	0.0	10.0
0.8369516979833003	0.793056967998368	0.019562880606369966	56.0	0.0	0.0	10.0
0.4557713506787911	0.8047554280256773	0.03205222090667353	50.0	0.0	0.0	10.0
0.10435771932465383	0.37878078656489894	0.030466603506919477	34.0	0.0	0.0	10.0
0.5773227043087629	0.358113790118786	0.03331857203115188	48.0	0.0	0.0	10.0
0.18153339107625324	0.5629665685565334	0.0316330256481747	29.0	0.0	0.0	10.0
0.24494961875081456	0.07321323398108456	0.034227503150422625	13.0	0.0	0.0	10.0
0.7597797572196274	0.13321647293688468	0.03268024280544375	40.0	0.0	0.0	10.0
0.5408415078931355	0.6396745381034173	0.03018240334437192	33.0	0.0	0.0	10.0
0.6039240605268548	0.266836528569433	0.0337722643121806	16.0	0.0	0.0	10.0
0.34512623336595	0.44034369070171053	0.03249389723105191	30.0	0.0	0.0	10.0
0.7988245617627555	0.3853342305723717	0.034850576216739725	22.0	0.0	0.0	10.0
0.4970991856706507	0.48940521964121647	0.032930387763258004	53.0	0.0	0.0	10.0
0.6706087813289227	0.8243733503285468	0.03193778669673866	3.0	0.0	0.0	10.0
0.7770107998540545	0.680397605425697	0.018701145291902133	67.0	0.0	0.0	10.0
0.8469926240329332	0.17430179386318914	0.03489928305123897	49.0	0.0	0.0	10.0
0.8750747827319884	0.0971984932045569	0.03324237016249172	11.0	0.0	0.0	10.0
0.2541988127565492	0.6818598704766013	0.030355780113040947	52.0	0.0	0.0	10.0
0.14348078696280264	0.3166314485012513	0.03320007640031667	2.0	0.0	0.0	10.0
0.28210301731454396	0.545572108401133	0.032047757160847186	26.0	0.0	0.0	10.0
0.729330951555613	0.6912348336435493	0.018701145291902133	66.0	0.0	0.0	10.0
0.9669921597436	0.0559367879753344	0.03085472423669583	27.0	0.0	0.0	10.0
0.2421598233778569	0.26470833140477157	0.019472732870501396	61.0	0.0	0.0	10.0
0.41201636877853376	0.3516722822578262	0.020256926687430076	63.0	0.0	0.0	10.0
0.30548735573788155	0.18319007636010018	0.03332707930016509	35.0	0.0	0.0	10.0
0.3691434041288928	0.2395402857860296	0.03142964820019633	42.0	0.0	0.0	11.0
0.25492865160649353	0.6819406082214826	0.030386135893153983	52.0	0.0	0.0	11.0
0.4175831819721265	0.669679385999912	0.032756366713020485	21.0	0.0	0.0	11.0
0.8012887779266897	0.3866420462912993	0.03488542679295646	22.0	0.0	0.0	11.0
0.3893862111505861	0.3029671293454784	0.020277183614117504	62.0	0.0	0.0	11.0
0.9467310214225103	0.14176169148748974	0.033650792943816475	7.0	0.0	0.0	11.0
0.02685911646890635	0.8571295545293146	0.0215033014973973	51.0	0.0	0.0	11.0
0.4201128326300422	0.18546427207072463	0.019732931128752695	65.0	0.0	0.0	11.0
0.5065684962899657	0.9673278857985276	0.03498531467416227	12.0	0.0	0.0	11.0
0.7744197505074064	0.32098216221261283	0.020747686004516114	54.0	0.0	0.0	11.0
0.20221027883822112	0.29662997402052005	0.019492205603371896	60.0	0.0	0.0	11.0
0.7299413403580117	0.6927183392843791	0.018719846437194033	66.0	0.0	0.0	11.0
0.5415171109956408	0.6401634455524617	0.03021258574771629	33.0	0.0	0.0	11.0
0.14163747180712288	0.3170018782478716	0.033233276476716984	2.0	0.0	0.0	11.0
0.7885520553355576	0.8251844110307975	0.019582443486976332	57.0	0.0	0.0	11.0
0.5875575866743514	0.7457771558883511	0.03310994037973282	36.0	0.0	0.0	11.0
0.8477534254821515	0.17126577137416563	0.0349341823342902	49.0	0.0	0.0	11.0
0.42843883687071727	0.23361626826524115	0.019732931128752695	64.0	0.0	0.0	11.0
0.30733915271019163	0.2701156096702004	0.032534932765104004	6.0	0.0	0.0	11.0
0.27946857054664476	0.5486674851395761	0.03207980491800803	26.0	0.0	0.0	11.0
0.7174761728739404	0.3504050925907467	0.017142444489463112	58.0	0.0	0.0	11.0
0.4813706239102194	0.12728078298714218	0.02915514572999508	18.0	0.0	0.0	11.0
0.17963903292389358	0.5564599084702012	0.03166465867382287	29.0	0.0	0.0	11.0
0.4481075092724738	0.9053764640220923	0.03423148464113161	15.0	0.0	0.0	11.0
0.34286672920090083	0.43960008536818834	0.032526391128282955	30.0	0.0	0.0	11.0
0.5770939447483739	0.35785506952176144	0.033351890603183026	48.0	0.0	0.0	11.0
0.17399542402775245	0.9588830649896145	0.02996904584872163	23.0	0.0	0.0	11.0
0.6123938832478651	0.4861203008913929	0.035575982957339936	8.0	0.0	0.0012229504861807072	11.0
0.3094613231995319	0.891920053949719	0.031212307764621517	24.0	0.0	0.0	11.0
0.4541404172163558	0.8007195389164167	0.0320842731275802	50.0	0.0	0.0	11.0
0.3659829906010633	0.7722310235789418	0.034840806528705096	28.0	0.0	0.0	11.0
0.24232735415187615	0.2650123429481155	0.019492205603371896	61.0	0.0	0.0	11.0
0.6708876317002296	0.8256560884246031	0.0319697244834354	3.0	0.0	0.0	11.0
0.48165311681021566	0.273959782633925	0.03144029043449174	47.0	0.0	0.0	11.0
0.601515848951497	0.26732047902192035	0.033806036576492775	16.0	0.0	0.0	11.0
0.8523973881824953	0.6207774229723135	0.033896745766177475	44.0	0.0	0.0	11.0
0.2274811021004006	0.8905355269945919	0.031523641948201106	43.0	0.0	0.0	11.0
0.4162147609272465	0.3531424228818411	0.020277183614117504	63.0	0.0	0.0	11.0
0.19072549167814212	0.40872161665336654	0.03356371940127288	32.0	0.0	0.0	11.0
0.7598838082291166	0.13324570347169917	0.032712923048249194	40.0	0.0	0.0	11.0
0.7714454265553958	0.2628398323763555	0.020747686004516114	55.0	0.0	0.0	11.0
0.7635164986347337	0.5908397814896919	0.03376603696305204	9.0	0.0	0.0	11.0
0.7744458218255427	0.6810834470911773	0.018719846437194033	67.0	0.0	0.0	11.0
0.49927190240983954	0.4911962052891128	0.032963318151021256	53.0	0.0	0.0	11.0
0.3659179928245123	0.09659002154161789	0.03032971943929418	5.0	0.0	0.0	11.0
0.08092029088886409	0.8390508493803532	0.03247229606035552	1.0	0.0	0.0	11.0
0.10185996216776334	0.380736190663416	0.03049707011042639	34.0	0.0	0.0	11.0
0.7452582295006517	0.9623916960409292	0.03213404080113782	39.0	0.0	0.0	11.0
0.731493014864824	0.7620300867685363	0.031580652621767784	45.0	0.0	0.0	11.0
0.14215805087214636	0.6506616605326164	0.034211007477620674	31.0	0.0	0.0	11.0
0.17171813233968428	0.8393693323068259	0.03085170579192965	4.0	0.0	0.0	11.0
0.042627272955016324	0.9245713404658706	0.0309193086371312	37.0	0.0	0.0	11.0
0.9667741383748988	0.05716072815637791	0.03088557896093252	27.0	0.0	0.0	11.0
0.8327464377767454	0.7909920698875077	0.019582443486976332	56.0	0.0	0.0	11.0
0.6786644278661103	0.3774263745546628	0.017142444489463112	59.0	0.0	0.0	11.0
0.30511330769268563	0.17470806729837265	0.03336040637946525	35.0	0.0	0.0	11.0
0.8756265081744048	0.09659011889975266	0.03327561253265421	11.0	0.0	0.0	11.0
0.10685899445236263	0.5295376457386849	0.033946048872929936	41.0	0.0	0.0	11.0
0.24254055035956754	0.0771072342760025	0.03426173065357305	13.0	0.0	0.0	11.0
0.9171642645029763	0.6734503640841111	0.032232236407387586	14.0	0.0	0.0	11.0
