# x	y	r	id	split_id	s_prob	t
2.0	0.5	0.0	-1.0	0.0	0.0	0.0
0.14390706087732102	0.5038637980862737	0.0603393749226507	1.0	0.0	104.1280333948854	0.0
0.3774472288740882	0.41769035438986113	0.06227822113534014	2.0	0.0	129.90567120809274	0.0
0.26094243893966845	0.3334244396413708	0.058888777759515294	3.0	0.0	87.24926246674141	0.0
0.9220213203587813	0.48582451495650214	0.05598417344004267	4.0	0.0	59.13649431969419	0.0
0.26951445863987833	0.4961723817787442	0.05695804718198321	5.0	0.0	67.75808382061466	0.0
0.411601658018098	0.6221272557593662	0.06017483399715221	6.0	0.0	102.11271429305835	0.0
0.6336254006703169	0.5228988604548812	0.05924552470112049	7.0	0.0	91.2167796200141	0.0
0.19310210175718412	0.6919142590504327	0.06031264474405047	8.0	0.0	103.79885094589805	0.0
0.7734181275254177	0.4634708654648324	0.054622241882051045	9.0	0.0	48.35326991146705	0.0
0.7726186166754673	0.4648390313497543	0.05467686412393309	9.0	0.0	48.758196579657394	1.0
0.24229197741037686	0.4883695767926609	0.05701500522916519	5.0	0.0	68.28673572148439	1.0
0.36300342560251264	0.6924974961780987	0.06023500883114936	6.0	0.0	102.84669903390125	1.0
0.19714887866151393	0.6937455911509721	0.060372957388794515	8.0	0.0	104.54258734312076	1.0
0.7102077943332028	0.5647871642649944	0.059304770225821604	7.0	0.0	91.88709741368454	1.0
0.9259624915239184	0.502914691851071	0.0560401576134827	4.0	0.0	59.61107317333854	1.0
0.12136727683592172	0.5108449845613413	0.06039971429757334	1.0	0.0	104.87367062327758	1.0
0.3467680357872828	0.4008827076625014	0.06234049935647547	2.0	0.0	130.79745724669263	1.0
0.2622384979423852	0.2898190509413673	0.058947666537274804	3.0	0.0	87.89609488675538	1.0
0.2932205208342721	0.31809442653978287	0.05900661420381207	3.0	0.0	88.54676796358683	2.0
0.3071464701195888	0.6828379517057671	0.0602952438399805	6.0	0.0	103.58493187475253	2.0
0.3195680690290958	0.4474893497218869	0.062402839855831935	2.0	0.0	131.69421320602282	2.0
0.7834847341745127	0.4665553593138443	0.05473154098805702	9.0	0.0	49.165785934261216	2.0
0.6984754440268508	0.5644521281071584	0.05936407499604742	7.0	0.0	92.56136636753854	2.0
0.17520178566816375	0.706039266989962	0.060433330346183305	8.0	0.0	105.29061700448365	2.0
0.08317820838856377	0.5023596679367199	0.06046011401187091	1.0	0.0	105.62360991004563	2.0
0.20619410340342303	0.513500809392199	0.057072020234394345	5.0	0.0	68.81866297752364	2.0
0.9395241720226861	0.548426212345397	0.05609619777109618	4.0	0.0	60.08866268210444	2.0
0.7178528498130181	0.6326045872486938	0.07427929883880433	7.0	0.0	93.23960501912491	3.0
0.10022310707928513	0.5551926159896633	0.06052057412588278	1.0	0.0	106.37787114762189	3.0
0.11926754059297126	0.6844535656085091	0.060493763676529484	8.0	0.0	106.04295978857428	3.0
0.7532077804299123	0.45742945869675206	0.05478627252904507	9.0	0.0	49.57605144201656	3.0
0.2289676480908153	0.5083006789217954	0.057129092254628734	5.0	0.0	69.35388148795127	3.0
0.27412855447131335	0.30488769710724234	0.059065620818015876	3.0	0.0	89.20129980612614	3.0
0.3116591715295205	0.6278240209918193	0.06035553908382047	6.0	0.0	104.32743250029728	3.0
0.35843146772803197	0.40413313790140226	0.06246524269568776	2.0	0.0	132.59596153372223	3.0
0.9391243333788856	0.5357286033126885	0.05615229396886727	4.0	0.0	60.56927769965096	3.0
0.1294239244581103	0.6645669895504357	0.060554257440206004	8.0	0.0	106.79963563039847	4.0
0.3328927523847841	0.6109843323172912	0.06041589462290428	6.0	0.0	105.07422067103376	4.0
0.226154439393762	0.5101152993681961	0.05718622134688336	5.0	0.0	69.89240721455008	4.0
0.24431586608489722	0.3528882639504075	0.05912468643883389	3.0	0.0	89.85970859357897	4.0
0.3408245504739546	0.4504386321206169	0.06252770793838344	2.0	0.0	133.5027247628303	4.0
0.9450121161063292	0.5321624975785543	0.05620844626283613	4.0	0.0	61.0529331385139	4.0
0.754365141351083	0.488053436358481	0.05484105880157411	9.0	0.0	49.98900662362493	4.0
0.05362350181063885	0.549144693124076	0.06058109470000865	1.0	0.0	107.13647430497475	4.0
0.6866612184690455	0.632899159331972	0.07130812688525215	7.0	0.0	93.92183197780578	4.0
0.3470903040775139	0.45660653430112924	0.06259023564632182	2.0	0.0	134.4145255120825	5.0
0.02318990257019228	0.5486656456905463	0.06064167579470865	1.0	0.0	107.89943942787524	5.0
0.9324205844714755	0.5255819529577997	0.05626465470909896	4.0	0.0	61.53964397031388	5.0
0.2191137757591012	0.3758886526698181	0.05918381112527272	3.0	0.0	90.5220125757123	5.0
0.32773292244566443	0.6107079447586334	0.06047631051752718	6.0	0.0	105.82531622353706	5.0
0.8199454230790193	0.4674858119162306	0.05489589986037568	9.0	0.0	50.40466505394268	5.0
0.2394819351763578	0.5117597546891698	0.05724340756823024	5.0	0.0	70.43425618188732	5.0
0.6305677424205987	0.6270511003389032	0.06833695493169997	7.0	0.0	94.60806592500722	5.0
0.1357948306508436	0.6645469345822972	0.0606148116976462	8.0	0.0	107.5606645416465	5.0
0.34451457141667874	0.6110777919309224	0.0605367868280447	6.0	0.0	106.58073907072404	6.0
0.6344842599854639	0.6390791302134864	0.06536578297814781	7.0	0.0	95.29832561447101	6.0
0.9775961998118944	0.5003854064820878	0.05495079576023605	9.0	0.0	50.82304036217362	6.0
0.4312394234583466	0.42987995235314147	0.06265282588196813	2.0	0.0	135.33138648620658	6.0
0.9276327695994026	0.618306318053802	0.05632091936380805	4.0	0.0	62.029425225965	6.0
0.12528273216447802	0.6322752558201935	0.06067542650934384	8.0	0.0	108.32606661095964	6.0
0.30227723239817667	0.4681002492406126	0.05730065097579846	5.0	0.0	70.97944447753537	6.0
0.06070231747050336	0.5136579612327815	0.06070231747050336	1.0	0.0	108.66678663916389	6.0
0.3557299895096789	0.33037351520125513	0.05924299493639799	3.0	0.0	91.18823007310097	6.0
0.6285646858827647	0.6396586297811944	0.06239461102459564	7.0	0.0	95.9926298725069	7.0
0.341653717775795	0.6110390006874085	0.06059732361487274	6.0	0.0	107.34050920211897	7.0
0.3313358459184036	0.4773946103458994	0.05735795162677425	5.0	0.0	71.52798825229367	7.0
0.32453557456250814	0.32512026670613525	0.05930223793133438	3.0	0.0	91.85837947737512	7.0
0.4391230070941611	0.39894318708497195	0.06271547870785009	2.0	0.0	136.25333047622019	7.0
0.9451990618345181	0.5151943431789159	0.05500574655599628	9.0	0.0	51.24414623206177	7.0
0.9306838493303067	0.6393836649593705	0.05637724028317185	4.0	0.0	62.52229199588408	7.0
0.06167102140932841	0.505631349713853	0.060763019787973854	1.0	0.0	109.4385361390188	7.0
0.15281634903927874	0.6103964054937966	0.06073610193585318	8.0	0.0	109.09586200419778	7.0
0.3170226656173556	0.3359989588403143	0.0593615401692657	3.0	0.0	92.53247925146857	8.0
0.46976581137869194	0.4283710052309673	0.06277819418655793	2.0	0.0	137.18038035972907	8.0
0.6582002725368189	0.6284080034659044	0.03583269065719255	11.0	7.0	0.0036951412953101226	8.0
0.6473792292374899	0.7192095930969006	0.03583269065719255	10.0	7.0	0.0036951412953101226	8.0
0.34574164775559807	0.49070010630327254	0.05741530957840102	5.0	0.0	72.079903720411	8.0
0.2174301799492447	0.45802446379203215	0.060657920938487604	6.0	0.0	108.10464668412007	8.0
0.16419446130812423	0.6570450607541821	0.06079683803778903	8.0	0.0	109.87007096470813	8.0
0.8255370893596755	0.667478749385194	0.056433617523455014	4.0	0.0	63.01825943020107	8.0
0.8533317478105912	0.5407420326882171	0.055060752302552265	9.0	0.0	51.66799640208517	8.0
0.05091514736710374	0.511691675878773	0.06082378280776182	1.0	0.0	110.21470820522474	8.0
0.15353937660822764	0.6548339510738581	0.06085763487582681	8.0	0.0	110.64871381359451	9.0
0.6585123731533753	0.6407986362561569	0.03586852334784974	11.0	0.0	0.004192996184656295	9.0
0.6529846112672527	0.7594204668818997	0.03586852334784974	10.0	0.0	0.004192996184656295	9.0
0.3005624725927402	0.31537756024696606	0.05942090170943496	3.0	0.0	93.21054792986779	9.0
0.22641132433489614	0.4714619669206277	0.06071857885942609	6.0	0.0	108.87317166026695	9.0
0.8269781378449839	0.6644725603923484	0.056490051140978464	4.0	0.0	63.51734273896948	9.0
0.31654536234869973	0.5616778542751468	0.057472724887979415	5.0	0.0	72.6352071598085	9.0
0.669798411153004	0.4581838262558804	0.06284097238074449	2.0	0.0	138.11255910122608	9.0
0.0681984247383956	0.5127266209979167	0.06088460659056958	1.0	0.0	110.9953231934429	9.0
0.8739207467391733	0.5610094960168149	0.055115813054854815	9.0	0.0	52.094604665650046	9.0
0.10380840179527082	0.6559299613909318	0.06091849251070263	8.0	0.0	111.4318109499879	10.0
0.8249297689002142	0.680654296894322	0.05654654119211944	4.0	0.0	64.01955719237803	10.0
0.6511639913935421	0.37964064679695725	0.06290381335312523	2.0	0.0	139.04988975239166	10.0
0.2256625341279903	0.45845033410180625	0.06077929743828551	6.0	0.0	109.64610435150863	10.0
0.6615377287427072	0.6474282610246771	0.03590439187119759	11.0	0.0	0.004734236228870259	10.0
0.025689229860610438	0.43891979182294827	0.06094549119716014	1.0	0.0	111.78040153748145	10.0
0.8814799527815612	0.5807824769963259	0.05517092886790966	9.0	0.0	52.52398487128552	10.0
0.32245553855545833	0.5589297394068191	0.05753019761286739	5.0	0.0	73.1939149123038	10.0
0.6555650436112566	0.7634764106728614	0.03590439187119759	10.0	0.0	0.004734236228870259	10.0
0.3737581787047832	0.3077464979998546	0.05948032261114439	3.0	0.0	93.89260411886173	10.0
0.6545418726174641	0.3542405766487946	0.06296671716647835	2.0	0.0	139.99239545239507	11.0
0.01702528102349144	0.42024619031049854	0.06100643668835729	1.0	0.0	112.56996374956746	11.0
0.24047658421188112	0.4572820969551575	0.06084007673572379	6.0	0.0	110.42346505647328	11.0
0.7173487139091841	0.7105566265622025	0.03594029626306878	10.0	0.0	0.005320765322778698	11.0
0.29517254353551786	0.5820023473393353	0.05758772781048025	5.0	0.0	73.75604338383552	11.0
0.8124372501957585	0.6630302227706567	0.056603087733311554	4.0	0.0	64.52491812096282	11.0
0.4694473186750076	0.22785219411638186	0.05953980293375553	3.0	0.0	94.57866649679274	11.0
0.1059734876324043	0.6433160266259891	0.06097941100321333	8.0	0.0	112.21938285131736	11.0
0.9054389200954618	0.5744902622018931	0.05522609979677757	9.0	0.0	52.95615092283947	11.0
0.6933752785550703	0.6007010601132581	0.03594029626306878	11.0	0.0	0.005320765322778698	11.0
