# x	y	r	id	split_id	s_prob	t
2.0	0.5	0.0	-1.0	0.0	0.0	0.0
0.7282244633496597	0.0845546276671334	0.0845546276671334	1.0	0.0	778.8119848846669	0.0
0.9148114493238578	0.7321312115565668	0.10728763825324023	2.0	0.0	2417.531166960282	0.0
0.9262564861520964	0.2858057134728971	0.10907822545292024	3.0	0.0	2601.666858793103	0.0
0.11556962911788349	0.3786421436115518	0.1098370620636106	4.0	0.0	2682.440905415219	0.0
0.6585624398101693	0.8804774366261944	0.11033636671821227	5.0	0.0	2736.490774433786	0.0
0.7085735905037831	0.6600071663274724	0.10597416232011053	6.0	0.0	2288.1305532514393	0.0
0.5623573072226499	0.4771092449309611	0.1080901837337311	7.0	0.0	2498.9475151027823	0.0
0.43328349675919525	0.7795219880546307	0.10931472037678856	8.0	0.0	2626.663976843842	0.0
0.7021722932049974	0.2949231958715963	0.10767185114430643	9.0	0.0	2456.284359644587	0.0
0.7061852934551578	0.660341142698232	0.10608013648243063	6.0	0.0	2298.395343319759	1.0
0.4467601954829188	0.7612645738909438	0.10942403509716533	8.0	0.0	2638.272266878158	1.0
0.923808659784479	0.7255335790385734	0.10739492589149345	2.0	0.0	2428.3112820160654	1.0
0.7161029487075049	0.09224559468489828	0.08463918229480052	1.0	0.0	782.805431352418	1.0
0.6628822076223816	0.8892668164501527	0.11044670308493047	5.0	0.0	2748.531846498135	1.0
0.6826618969074209	0.3032914115296126	0.10777952299545072	9.0	0.0	2467.2183617590254	1.0
0.538882505141224	0.4792863943324741	0.10819827391746481	7.0	0.0	2510.0507031092006	1.0
0.14335477871505115	0.3675155723260457	0.1099468991256742	4.0	0.0	2694.26916498666	1.0
0.9149301008184372	0.28677070155067974	0.10918730367837315	3.0	0.0	2613.176446410931	1.0
0.15038715335082292	0.3834543622176748	0.11005684602479986	4.0	0.0	2706.1440251716126	2.0
0.6922940146447462	0.31103072342050997	0.10788730251844617	9.0	0.0	2478.1957464912252	2.0
0.9254387352370129	0.7229354400570215	0.10750232081738494	2.0	0.0	2439.13422438815	2.0
0.6905852884730631	0.11481539756928563	0.08472382147709531	1.0	0.0	786.8165196754694	2.0
0.9280237115579341	0.3000383099813327	0.1092964909820515	3.0	0.0	2624.731489594159	2.0
0.7002992071264695	0.6498171846752396	0.10618621661891305	6.0	0.0	2308.7010976460656	2.0
0.65750900264344	0.8652781432255305	0.1105571497880154	5.0	0.0	2760.6202828500445	2.0
0.5417621871948688	0.4803769187840887	0.10830647219138226	7.0	0.0	2521.197883704239	2.0
0.45143671833637933	0.7626420870090684	0.10953345913226249	8.0	0.0	2649.9263673296136	2.0
0.5213708328267495	0.46871780469441743	0.10841477866357363	7.0	0.0	2532.389215405026	3.0
0.6906563307553186	0.11770985069555016	0.0848085452985724	1.0	0.0	790.8453181244444	3.0
0.4434068486188727	0.7716092377070155	0.10964299259139475	8.0	0.0	2661.6264428343397	3.0
0.9462345754571029	0.7175149563664374	0.1076098231382023	2.0	0.0	2450.00014866614	3.0
0.14168082807143786	0.3758049671348022	0.11016690287082465	4.0	0.0	2718.065653263184	3.0
0.7053364432729085	0.6328087378818781	0.10629240283553194	6.0	0.0	2319.0479645318683	3.0
0.6780516589884399	0.8660133212305798	0.1106677069378034	5.0	0.0	2772.7562533488017	3.0
0.9442021627358334	0.3061650268445441	0.10940578747303355	3.0	0.0	2636.3321517851914	3.0
0.6829409859078426	0.3164449897976425	0.13499398727620573	9.0	0.0	2489.2166703029307	3.0
0.6822336971130747	0.12508928572029188	0.08489335384387096	1.0	0.0	794.8918952095692	4.0
0.5284763631619558	0.4806476059013218	0.1085231934422372	7.0	0.0	2543.624857262657	4.0
0.08984737941394014	0.3875865761549031	0.11027706977369546	4.0	0.0	2730.034217116772	4.0
0.9373488711996043	0.7170389914343249	0.1077174329613405	2.0	0.0	2460.9092099609197	4.0
0.4380980156325732	0.7879132120160343	0.10975263558398612	8.0	0.0	2673.3726585821846	4.0
0.735853373493441	0.6190932747936616	0.10639869523836747	6.0	0.0	2329.436092779623	4.0
0.6839370496502111	0.852756973062767	0.11077837464474119	5.0	0.0	2784.939928424265	4.0
0.7014940603963516	0.33156030200614195	0.1295942277851575	9.0	0.0	2500.281290183215	4.0
0.993447845647051	0.2972328279178452	0.10951519326050657	3.0	0.0	2647.978596976297	4.0
0.43221798279722873	0.8085034049472016	0.1098623882195701	8.0	0.0	2685.165180318506	5.0
0.9427349564628302	0.7071178151619432	0.10782515039430182	2.0	0.0	2471.861563906331	5.0
0.9850814695034165	0.32292683299531266	0.10962470845376707	3.0	0.0	2659.6709897113874	5.0
0.09111902279859628	0.4043865028521811	0.11038734684346914	4.0	0.0	2742.0498851518823	5.0
0.7226746616886411	0.6083685996187965	0.10650509393360583	6.0	0.0	2339.865631694347	5.0
0.7031334396172728	0.15161336040667753	0.08497824719771482	1.0	0.0	798.956319681467	5.0
0.7309289505337768	0.36053551146197416	0.12419446829410927	9.0	0.0	2511.3897636501774	5.0
0.5320830441428637	0.4799934248628602	0.10863171663567942	7.0	0.0	2554.904968863914	5.0
0.6702020589389966	0.8439603816241726	0.11088915301938591	5.0	0.0	2797.171479078694	5.0
0.7310763930850371	0.15833582626288875	0.08506322544491253	1.0	0.0	803.0386605319529	6.0
0.7250384559560579	0.6091630551505056	0.10661159902753942	6.0	0.0	2350.336731085249	6.0
0.9995165308794545	0.32360893944592894	0.10973433316222082	3.0	0.0	2671.4094950877966	6.0
0.655302495607782	0.8547426108252016	0.11100004217240529	5.0	0.0	2809.4510768886053	6.0
0.11492881081497938	0.42401307811974953	0.1104977341903126	4.0	0.0	2754.1128263539435	6.0
0.3592204326156461	0.7943114688875826	0.10997225060778966	8.0	0.0	2697.0041743459565	6.0
0.9496435310047139	0.7409443199285745	0.10793297554469611	2.0	0.0	2482.857366660868	6.0
0.737996930669409	0.38294576887010023	0.11879470880306106	9.0	0.0	2522.54224875266	6.0
0.5208947536506356	0.47269638091685584	0.10874034835231508	7.0	0.0	2566.229710333004	6.0
0.48061864278175187	0.4522863422764578	0.10884908870066738	7.0	0.0	2577.5992423332855	7.0
0.9849121050007844	0.33258069109746646	0.10984406749538303	3.0	0.0	2683.1942787580642	7.0
0.40439252949249077	0.7481328649346476	0.11008222285839744	8.0	0.0	2708.8898075262878	7.0
0.9498302326503757	0.7446480675146449	0.10804090852024079	2.0	0.0	2493.8967749093727	7.0
0.7568745426366346	0.625044980533224	0.10671821062656695	6.0	0.0	2360.84954126736	7.0
0.7028876777789534	0.3565140696466022	0.11339494931201283	9.0	0.0	2533.7389040719527	7.0
0.7154984427507254	0.1397971003945524	0.08514828867035744	1.0	0.0	807.1389869948316	7.0
0.6477743443647533	0.8856069689705898	0.11111104221457768	5.0	0.0	2821.7788940066152	7.0
0.12218233994997325	0.4002194105685081	0.1106082319245029	4.0	0.0	2766.223210276133	7.0
0.7416349549860471	0.6411511366246962	0.1068249288371935	6.0	0.0	2371.4042130631656	8.0
0.47877635531962626	0.43283618741418817	0.10895793778936803	7.0	0.0	2589.013726069015	8.0
0.6531482475246052	0.8750846673978879	0.11122215325679224	5.0	0.0	2834.155103163302	8.0
0.6929084627831091	0.11943981629117095	0.08523343695902778	1.0	0.0	811.2573685466957	8.0
0.9608454822022681	0.3438390302374645	0.1099539115628784	3.0	0.0	2695.0255069317304	8.0
0.7581001676433582	0.4102404422695035	0.06186566067740194	11.0	9.0	124.10021944569847	8.0
0.38912232099711846	0.739655179352921	0.11019230508125583	8.0	0.0	2720.8222472821485	8.0
0.6413340208765449	0.30500816784586837	0.06186566067740194	10.0	9.0	124.10021944569847	8.0
0.05861364496098384	0.37096841591006113	0.1107188401564274	4.0	0.0	2778.381207041208	8.0
0.9518244330456349	0.7472254441142075	0.10814894942876102	2.0	0.0	2504.9799458647326	8.0
0.6317639989400651	0.8674451233929307	0.11133337541004902	5.0	0.0	2846.579877669067	9.0
0.9598267515568459	0.3475729036936517	0.11006386547444126	3.0	0.0	2706.9033463771307	9.0
0.7894223376102911	0.4250178990874124	0.06192752633807934	11.0	0.0	124.95952107316486	9.0
0.3665043950541921	0.7492120689931918	0.11030249738633707	8.0	0.0	2732.8016615988995	9.0
0.7508001266079305	0.1011922100152427	0.0853186703959868	1.0	0.0	815.3938749077327	9.0
0.48413802930679695	0.42835953299981655	0.10906689572715739	7.0	0.0	2600.4733232870904	9.0
0.04781974488601153	0.3695675311880566	0.11082955899658381	4.0	0.0	2790.586987343343	9.0
0.9654282374622644	0.7135616268254233	0.10825709837818977	2.0	0.0	2516.1070372695845	9.0
0.7557223153075433	0.6416391315020402	0.10693175376603067	6.0	0.0	2382.000897804253	9.0
0.6393635358344041	0.31607018361794254	0.06192752633807934	10.0	0.0	124.95952107316486	9.0
0.7827271262289199	0.1128253354520031	0.08540398906638277	1.0	0.0	819.5485760425273	10.0
0.9706422224744129	0.7088629695289033	0.10836535547656795	2.0	0.0	2527.2782073980356	10.0
0.7351022580276404	0.6554052802018574	0.10703868551979669	6.0	0.0	2392.639747332949	10.0
0.4736501241396541	0.4713584647193838	0.10917596262288454	7.0	0.0	2611.9781962788065	10.0
0.7829292609700165	0.4231625129495368	0.06198945386441741	11.0	0.0	125.82364549892458	10.0
0.9672508444424683	0.3648340007966779	0.1101739293399157	3.0	0.0	2718.8279644232002	10.0
0.6375051588437856	0.3090313256063348	0.06198945386441741	10.0	0.0	125.82364549892458	10.0
0.3773385571017274	0.733733521456075	0.11041279988372339	8.0	0.0	2744.828219026423	10.0
0.6221470729813989	0.8640094670609724	0.11144470878545906	5.0	0.0	2859.0533914160055	10.0
0.03512132179579737	0.37296292387538393	0.11094038855558039	4.0	0.0	2802.840722449972	10.0
0.044134124456110466	0.3739599567983495	0.11105132894413595	4.0	0.0	2815.1425842036338	11.0
0.7386888436769683	0.6535306418757107	0.10714572420531647	6.0	0.0	2403.3209140039803	11.0
0.47145905768346064	0.4556948319751135	0.10928513858550741	7.0	0.0	2623.5285078816064	11.0
0.9930716127306164	0.4002792975439791	0.1102841032692556	3.0	0.0	2730.799528961278	11.0
0.36159030692835775	0.7149921282300977	0.1105232126836071	8.0	0.0	2756.902088680947	11.0
0.7792116688053232	0.4652310769000105	0.06205144331828182	11.0	0.0	126.69261461015925	11.0
0.6282916506796595	0.34652597859796846	0.06205144331828182	10.0	0.0	126.69261461015925	11.0
0.972740758979203	0.7115963505974662	0.1084737208320445	2.0	0.0	2538.4936150573662	11.0
0.6208449308038376	0.8660561843455009	0.11155615349424451	5.0	0.0	2871.5758188797745	11.0
0.7898443232466589	0.09583233464408356	0.08548939305544914	1.0	0.0	823.7215421608706	11.0
