# x	y	r	id	split_id	s_prob	t
2.0	0.5	0.0	-1.0	0.0	0.0	0.0
0.5956944873977198	0.9815726550881195	0.10005928520363876	1.0	0.0	1762.4136034424985	0.0
0.31939039511596734	0.6317077912767818	0.11171835031689423	2.0	0.0	2889.8662347261716	0.0
0.38116467843472124	0.3376542764292019	0.0861881041359075	3.0	0.0	858.3948598566128	0.0
0.35903845553341884	0.8652763620562895	0.09991008266813456	4.0	0.0	1750.31599162428	0.0
0.5476861550529774	0.7533660131763696	0.1176716346584124	5.0	0.0	3616.175911714577	0.0
0.5859834820264367	0.2943073809401949	0.10588050065270395	6.0	0.0	2279.083848476179	0.0
0.08528542247203505	0.609945390671593	0.08528542247203505	7.0	0.0	813.7786348199543	0.0
0.535007040157945	0.5142455861985052	0.11187355509363685	8.0	0.0	2907.4407406687465	0.0
0.8856374478550683	0.13672588357819931	0.11391132889481227	9.0	0.0	3144.8363112209167	0.0
0.827388770633534	0.6552431263448926	0.12615781794066333	10.0	0.0	4847.990236836777	0.0
0.19885060371140267	0.4403768004431108	0.1030020888935548	11.0	0.0	2012.5502593379242	0.0
0.5658445638345941	0.2805829088153899	0.10598638115335664	6.0	0.0	2289.312522786766	1.0
0.08294805739848686	0.6045561644966068	0.08537070789450707	7.0	0.0	817.9262323491163	1.0
0.5341324819445534	0.5137964627297175	0.11198542864873047	8.0	0.0	2920.152757880214	1.0
0.8862356912721424	0.13917859719760176	0.11402524022370707	9.0	0.0	3158.4750317432	1.0
0.36525182598070816	0.32828801069443536	0.08627429224004339	3.0	0.0	862.7381384282531	1.0
0.3524575075254379	0.8561402022780532	0.10000999275080268	4.0	0.0	1758.4107365706257	1.0
0.6242792884712275	0.9785925295056253	0.10015934448884238	1.0	0.0	1770.5577383797395	1.0
0.3193068024086352	0.6332120403502488	0.11183006866721111	2.0	0.0	2902.5094207014513	1.0
0.5633292828696175	0.7523968289719845	0.1177893062930708	5.0	0.0	3631.6392791904655	1.0
0.8346280946598874	0.6579846303431924	0.12628397575860398	10.0	0.0	4868.146227204035	1.0
0.20994150668127493	0.4424627322199004	0.10310509098244836	11.0	0.0	2021.7092881186388	1.0
0.534236815841489	0.5165571563652726	0.11209741407737919	8.0	0.0	2932.914542040486	2.0
0.08723804233927844	0.6049216636562926	0.08545607860240156	7.0	0.0	822.0920674534676	2.0
0.2112286456012923	0.44373921394042126	0.10320819607343079	11.0	0.0	2030.9052637339853	2.0
0.5577903817830357	0.7694073661745818	0.11790709559936385	5.0	0.0	3647.162196005509	2.0
0.6329856390123305	0.9953781474409675	0.10025950383333121	1.0	0.0	1778.7351059183848	2.0
0.3627225359796214	0.3058480898417552	0.08636056653228343	3.0	0.0	867.1004082324815	2.0
0.891533753184415	0.11237813805888822	0.11413926546393076	9.0	0.0	3172.1668260241254	2.0
0.5626279837352357	0.2909008789347099	0.10609236753450998	6.0	0.0	2299.582030576879	2.0
0.33252258323745887	0.6378397777283517	0.11194189873587831	2.0	0.0	2915.202127480155	2.0
0.84097708313754	0.6633538253969568	0.12641025973436257	10.0	0.0	4888.378247010485	2.0
0.3549379825290479	0.8526897078941537	0.10011000274355347	4.0	0.0	1766.5385326293751	2.0
0.5762169924497126	0.28454245789185767	0.10619845990204449	6.0	0.0	2309.8925197062144	3.0
0.5631449496240813	0.7468381212883455	0.1180250026949632	5.0	0.0	3662.7448727743295	3.0
0.8325615129125902	0.6647166086972339	0.1265366699940969	10.0	0.0	4908.686561539378	3.0
0.2089595380050952	0.4415883986798427	0.1033114042695042	11.0	0.0	2040.1383208866523	3.0
0.5370217636133723	0.514290799783931	0.11220951149145655	8.0	0.0	2945.7262710725477	3.0
0.8914615004742058	0.10090191245865825	0.11425340472939467	9.0	0.0	3185.911883061488	3.0
0.6303578443163154	0.9947634325881333	0.10035976333716452	1.0	0.0	1786.945828134823	3.0
0.33894506156119025	0.6334161958337131	0.11205384063461418	2.0	0.0	2927.944532159845	3.0
0.0898705329692329	0.6101572940533345	0.08554153468100395	7.0	0.0	826.2762104927823	3.0
0.36520456102476967	0.28197187419701664	0.0864469270988157	3.0	0.0	871.4817422670943	3.0
0.3640490925217118	0.8584197615704119	0.10021011274629701	4.0	0.0	1774.699501258494	3.0
0.35527332993526034	0.26984633018190457	0.0865333740259145	3.0	0.0	875.8822137851149	4.0
0.5733545699567416	0.2853078323270633	0.10630465836194652	6.0	0.0	2320.244138533983	4.0
0.8317590286415355	0.6695752016970892	0.12666320666409098	10.0	0.0	4929.071436950537	4.0
0.3684371043059314	0.8616337203460755	0.1003103228590433	4.0	0.0	1782.89376432983	4.0
0.5678046872089018	0.7557827033780942	0.11814302769765815	5.0	0.0	3678.3875208131826	4.0
0.6183689871581469	0.985255445052583	0.10046012310050167	1.0	0.0	1795.1900275213372	4.0
0.8895205354811511	0.09609882290451499	0.11436765813412406	9.0	0.0	3199.7103924852845	4.0
0.08527487731079217	0.6144587672976347	0.08562707621568494	7.0	0.0	830.4787320733469	4.0
0.5352230091615303	0.5062726036912334	0.112321721002948	8.0	0.0	2958.5881234959384	4.0
0.3335243513338237	0.6333991319863405	0.11216589447524879	2.0	0.0	2940.736812431978	4.0
0.21148450920128503	0.4496878634995208	0.1034147156737737	11.0	0.0	2049.408594736225	4.0
0.8417539774126598	0.6799223767112109	0.12678986987075505	10.0	0.0	4949.533140283146	5.0
0.5919625368553965	0.2870357601367285	0.10641096302030846	6.0	0.0	2330.63703592053	5.0
0.07024122367501655	0.5951303185657358	0.08571270329190062	7.0	0.0	834.699703048776	5.0
0.3649762403848821	0.849163564116167	0.10041063318190234	4.0	0.0	1791.1214441304624	5.0
0.531016610210145	0.49989469558081673	0.11243404272395094	8.0	0.0	2971.500278428669	5.0
0.8958050790458588	0.11930933986316442	0.11448202579225816	9.0	0.0	3213.5625445597348	5.0
0.3306317400212262	0.6323082318454711	0.11227806036972403	2.0	0.0	2953.579146583815	5.0
0.21328491647798803	0.4484021722237917	0.10351813038944746	11.0	0.0	2058.7162209006674	5.0
0.35453202821999974	0.2730608511745776	0.08661990739994041	3.0	0.0	880.3018962956369	5.0
0.6204659195074733	0.9876573206741874	0.10056058322360216	1.0	0.0	1803.4678269874548	5.0
0.5698144238774352	0.7525794313006855	0.1182611707253558	5.0	0.0	3694.0903521422106	5.0
0.5335720338595907	0.49622417883634234	0.11254647676667488	8.0	0.0	2984.462915589153	6.0
0.6180538904965527	0.9870286197524386	0.10066114380682575	1.0	0.0	1811.779349861309	6.0
0.9036392370432175	0.11521457836271376	0.1145965078180504	9.0	0.0	3227.4685301853337	6.0
0.0857984159951925	0.57962025783973	0.0857984159951925	7.0	0.0	838.9391945208272	6.0
0.3668181360078502	0.8569545567775069	0.10051104381508423	4.0	0.0	1799.3826633640467	6.0
0.2123158069745811	0.43499073888334167	0.10362164851983689	11.0	0.0	2068.061335457803	6.0
0.5748215947829436	0.7598298147595972	0.11837943189608115	5.0	0.0	3709.8535794876902	6.0
0.8392115655346356	0.6800104474316482	0.1269166597406258	10.0	0.0	4970.071939458562	6.0
0.3548383774816133	0.2754809537843455	0.08670652730734034	3.0	0.0	884.7408635646678	6.0
0.5813936790644771	0.2744581646814571	0.10651737398332876	6.0	0.0	2341.0713612289483	6.0
0.3410267220328662	0.6240694542318771	0.11239033843009374	2.0	0.0	2966.471713500347	6.0
0.5748413995133049	0.2616285584575925	0.10662389135731208	6.0	0.0	2351.547264326711	7.0
0.08371606970262863	0.5831836805978526	0.08588421441118768	7.0	0.0	843.1972778402247	7.0
0.3351044675105204	0.27566731976524933	0.08679323383464767	3.0	0.0	889.1991896159791	7.0
0.5309762210822618	0.4886899881350476	0.11265902324344154	8.0	0.0	2997.476215298138	7.0
0.37359948702589185	0.8668114412663915	0.1006115548588993	4.0	0.0	1807.677545152174	7.0
0.3391337483863423	0.6300097675952228	0.11250272876852382	2.0	0.0	2979.414692666211	7.0
0.8926950745414568	0.13341286009817416	0.11471110432586844	9.0	0.0	3241.4285409008876	7.0
0.5639611230414119	0.7422867031984259	0.11849781132797721	5.0	0.0	3725.6774162843108	7.0
0.8429594206986603	0.6809621767311416	0.1270435764003664	10.0	0.0	4990.6881032831225	7.0
0.6205753367262729	0.9722159624421403	0.10076180495063257	1.0	0.0	1820.1247198909937	7.0
0.2023249266407176	0.41345717242068747	0.10372527016835671	11.0	0.0	2077.4440749468163	7.0
0.6272847084865372	0.9666140666946338	0.1008625667555832	1.0	0.0	1828.5040612459345	8.0
0.5622851077698899	0.7355159769492041	0.11861630913930517	5.0	0.0	3741.5620766774373	8.0
0.8370723048926406	0.6828586392108362	0.12717061997676676	10.0	0.0	5011.381901450985	8.0
0.08597009862559886	0.5653800593368503	0.08597009862559886	7.0	0.0	847.474024607479	8.0
0.1995175095700702	0.4120412058604873	0.10382899543852506	11.0	0.0	2086.864576369739	8.0
0.37272734422988985	0.8687881420966153	0.10071216641375819	4.0	0.0	1816.0062130357264	8.0
0.3394980509869807	0.26239665069468376	0.0868800270684823	3.0	0.0	893.6769487319547	8.0
0.5113084861606633	0.47872330512968675	0.11277168226668498	8.0	0.0	3010.5403584806477	8.0
0.8828364523941574	0.1484862372041384	0.1148258154301943	9.0	0.0	3255.442768885573	8.0
0.577022401029473	0.2683266393313557	0.10673051524866937	6.0	0.0	2362.064895587299	8.0
0.3340113763965369	0.6278263683693562	0.11261523149729234	2.0	0.0	2992.408264167631	8.0
0.8354699727340679	0.7009907553485348	0.1272977905967435	10.0	0.0	5032.153604546942	9.0
0.3625565459934814	0.8721065341047576	0.10081287858017193	4.0	0.0	1824.3687909762436	9.0
0.6299509335488301	0.9669430473270139	0.10096342932233876	1.0	0.0	1836.9174985182522	9.0
0.3427290923974349	0.6395399450626079	0.11272784672878962	2.0	0.0	3005.4526086943456	9.0
0.08605606872422444	0.5741732450435868	0.08605606872422444	7.0	0.0	851.7695066737131	9.0
0.21434288668402718	0.4267067497264883	0.10393282443396357	11.0	0.0	2096.322977192956	9.0
0.8899111265398015	0.15545042712449283	0.11494064124562448	9.0	0.0	3269.511406960991	9.0
0.522287047493722	0.4848009729049243	0.11288445394895165	8.0	0.0	3023.6555266679215	9.0
0.35358481403748926	0.255479663639806	0.08696690709555077	3.0	0.0	898.1742154544461	9.0
0.570151980819772	0.7499640233447689	0.11873492544844445	5.0	0.0	3757.507775525397	9.0
0.5808432233246772	0.2575243520598452	0.10683724576391804	6.0	0.0	2372.6244058918423	9.0
0.5774337838696423	0.7280295845698508	0.11885366037389289	5.0	0.0	3773.514728401757	10.0
0.6423820897340609	0.9523052572866486	0.10106439275166108	1.0	0.0	1845.365156724143	10.0
0.5295812684189836	0.4744292896334577	0.11299733840290059	8.0	0.0	3036.821901999374	10.0
0.8881992474759363	0.15409278939581986	0.11505558188687008	9.0	0.0	3283.6346485932354	10.0
0.8333225191534263	0.688479547288156	0.12742508838734024	10.0	0.0	5053.003484049278	10.0
0.21838438479243089	0.4272054227838641	0.10403675725839752	11.0	0.0	2105.819415348709	10.0
0.3397369752704878	0.6308230524135754	0.1128405745755184	2.0	0.0	3018.5479075415574	10.0
0.584719563419443	0.2519769777850338	0.10694408300968195	6.0	0.0	2383.2259466307564	10.0
0.0661393959163516	0.5566744158412755	0.08614212479294867	7.0	0.0	856.0837961414913	10.0
0.3628843458014455	0.8663275469311715	0.10091369145875209	4.0	0.0	1832.765403357285	10.0
0.36857323478299703	0.2596902864542005	0.08705387400264632	3.0	0.0	902.6910645856286	10.0
0.2078011276929074	0.42472970223373663	0.1041407940156559	11.0	0.0	2115.3540292366056	11.0
0.528433440048268	0.4782812764445716	0.11311033574130348	8.0	0.0	3050.039667224546	11.0
0.8721139262622168	0.15669758105505435	0.11517063746875694	9.0	0.0	3297.812687894964	11.0
0.6462535880064847	0.9473277542998759	0.10116545714441273	1.0	0.0	1853.8471613052523	11.0
0.5953308603465868	0.24334163357132907	0.10705102709269161	6.0	0.0	2393.869669705391	11.0
0.5640168573130221	0.7341012927155184	0.11897251403426677	5.0	0.0	3789.5831515976256	11.0
0.3414404320355275	0.6319915702090733	0.1129534151500939	2.0	0.0	3031.6943426118805	11.0
0.3772732114347351	0.8756739322312707	0.10101460515021084	4.0	0.0	1841.1961749858078	11.0
0.8230301510160686	0.6827654497375991	0.12755251347572757	10.0	0.0	5073.9318123326175	11.0
0.05732157615143811	0.5528829670151307	0.0862282669177416	7.0	0.0	860.4169653656472	11.0
0.3640595371332253	0.2616648298985992	0.08714092787664895	3.0	0.0	907.2275711888573	11.0
0.3609156609021997	0.27612695807121557	0.08722806880452559	3.0	0.0	911.7838105895319	12.0
0.821371623921348	0.6839341266031237	0.12768006598920328	10.0	0.0	5094.938862670774	12.0
0.8634754804978637	0.18213465997329964	0.11528580810622568	9.0	0.0	3312.0457196274733	12.0
0.5960108200534936	0.24542986004618456	0.1071580781197843	6.0	0.0	2404.555727529684	12.0
0.5573912308144402	0.741581567071209	0.11909148654830103	5.0	0.0	3805.7132621239452	12.0
0.21525551673202417	0.41896925349465514	0.10424493480967155	11.0	0.0	2124.9269577251366	12.0
0.05387056865000023	0.554341142177708	0.08631449518465933	7.0	0.0	864.7690869541199	12.0
0.3314557645449437	0.6216652428305003	0.11306636856524398	2.0	0.0	3044.8920964172958	12.0
0.37140562792181747	0.8804726545752476	0.10111561975536104	4.0	0.0	1849.6612310935361	12.0
0.6582773058151358	0.9389680586474392	0.10126662260155714	1.0	0.0	1862.363638130059	12.0
0.5424698007406444	0.4850641746739008	0.11322344607704478	8.0	0.0	3063.3090057050736	12.0
0.3818698207256462	0.8858584795909293	0.10121673537511638	4.0	0.0	1858.160697338346	13.0
0.3359407561490881	0.621990531236165	0.1131794349338092	2.0	0.0	3058.141352081113	13.0
0.5485911664123166	0.7311976018294458	0.11921057803484932	5.0	0.0	3821.9052777138118	13.0
0.8255752742425536	0.6774177469872891	0.12780774605519246	10.0	0.0	5116.024909239634	13.0
0.21546537664986906	0.41641087040408686	0.10434917974448121	11.0	0.0	2134.5383401531917	13.0
0.670811526488714	0.9352945272948288	0.10136788922415868	1.0	0.0	1870.9147134952584	13.0
0.5617726514772169	0.4737025643051906	0.11333666952312181	8.0	0.0	3076.6301014166534	13.0
0.06651514759098302	0.559497275548631	0.08640080967984398	7.0	0.0	869.1402337687875	13.0
0.8498792498833604	0.19621002753366798	0.1154010939143319	9.0	0.0	3326.3339392027915	13.0
0.5980379361795666	0.2433575765077926	0.10726523619790407	6.0	0.0	2415.2842730318152	13.0
0.3657488043216506	0.29097004059912485	0.0873152968733301	3.0	0.0	916.3598583759596	13.0
0.6809297377062776	0.9432106740543083	0.10146925711338282	1.0	0.0	1879.5005141271602	14.0
0.07049291549716113	0.5598361743669718	0.08648721048952382	7.0	0.0	873.5304789263074	14.0
0.8654658932632016	0.21651190736261133	0.11551649500824622	9.0	0.0	3340.677542685761	14.0
0.3343662420821687	0.6069575237485191	0.11329261436874301	2.0	0.0	3071.4422933399364	14.0
0.20660587934598382	0.41169360281825634	0.10445352892422569	11.0	0.0	2144.188316331588	14.0
0.8246083569903112	0.680387249716079	0.12793555380124763	10.0	0.0	5137.190227120028	14.0
0.5721429300918742	0.4949912377243934	0.11345000619264492	8.0	0.0	3090.003138951023	14.0
0.37089611653440085	0.3012040975446146	0.08740261217020343	3.0	0.0	920.9557904002231	14.0
0.35679025541423426	0.8733849285006143	0.1013179521104915	4.0	0.0	1866.6946998056505	14.0
0.6027999501068604	0.23707345507217306	0.10737250143410196	6.0	0.0	2426.0554596558723	14.0
0.5582632805227904	0.7425413793203401	0.11932978861288415	5.0	0.0	3838.1594168247775	14.0
0.6875592704500723	0.9475486630400458	0.10157072637049619	1.0	0.0	1888.1211671830797	15.0
0.19951548637283834	0.41501048069496665	0.1045579824531499	11.0	0.0	2153.877026544596	15.0
0.5573050556362082	0.7448127192736693	0.11944911840149702	5.0	0.0	3854.475898641182	15.0
0.36482347270076726	0.87489429584532	0.10141927006260197	4.0	0.0	1875.2633650097846	15.0
0.36113060048199264	0.30827101823233705	0.08749001478237362	3.0	0.0	925.5716827790482	15.0
0.8254357625981877	0.6876572080160971	0.12806348935504885	10.0	0.0	5158.435092300616	15.0
0.8524274853839169	0.21756851745213643	0.11563201150325446	9.0	0.0	3355.076726796142	15.0
0.06347674355159022	0.5613382836502496	0.08657369770001333	7.0	0.0	877.9398957989551	15.0
0.6068516956088759	0.22727931667253723	0.10747987393553605	6.0	0.0	2436.8694413635167	15.0
0.5625509531183038	0.5086698448968461	0.11356345619883755	8.0	0.0	3103.428303517942	15.0
0.34401044806155856	0.6016032716436148	0.11340590698311175	2.0	0.0	3084.795104545641	15.0
0.38818664036885214	0.31265236356531667	0.08757750479715598	3.0	0.0	930.207611894679	16.0
0.5973480437525018	0.2334524782178207	0.10758735380947158	6.0	0.0	2447.726372635656	16.0
0.3422321359684306	0.6033984573205758	0.11351931289009484	2.0	0.0	3098.19997066735	16.0
0.7068577694401104	0.9403789908515277	0.10167229709686668	1.0	0.0	1896.7768002527396	16.0
0.06008749549478882	0.560409140551979	0.08666027139771333	7.0	0.0	882.3685580154702	16.0
0.8127219324232102	0.6729080812382958	0.1281915528444039	10.0	0.0	5179.7597816807875	16.0
0.5836315623918806	0.4940131903994956	0.11367701965503638	8.0	0.0	3116.9057809471797	16.0
0.37108784190037547	0.8787426062944497	0.10152068933266456	4.0	0.0	1883.8668198954024	16.0
0.19585733977296746	0.39959156942273266	0.10466254043560304	11.0	0.0	2163.604611551475	16.0
0.8655920164131802	0.20477176552307236	0.1157476435147577	9.0	0.0	3369.5316889107125	16.0
0.5700946890023024	0.7548252625001394	0.11956856751989851	5.0	0.0	3870.8549430764797	16.0
0.8129803983020094	0.6751790788517519	0.12831974439724828	10.0	0.0	5201.164573073558	17.0
0.3875594496052794	0.31974970334268416	0.08766508230195312	3.0	0.0	934.8636543957513	17.0
0.6010974387155303	0.22794958202240861	0.10769494116328104	6.0	0.0	2458.626408474122	17.0
0.18331187643892266	0.3854030049832158	0.10476720297603863	11.0	0.0	2173.371212588013	17.0
0.361226167283746	0.8803395658730729	0.10162221002199721	4.0	0.0	1892.5051918388756	17.0
0.8801015228321509	0.18347651430052084	0.11586339115827245	9.0	0.0	3384.042627065382	17.0
0.7034741973022733	0.944616917191655	0.10177396939396353	1.0	0.0	1905.4675413596708	17.0
0.3688066198743602	0.5942803469035531	0.11363283220298492	2.0	0.0	3111.657077293426	17.0
0.6059277205953363	0.5034341215622437	0.1137906966746914	8.0	0.0	3130.435757690511	17.0
0.5648847681703091	0.7503622082189175	0.11968813608741839	5.0	0.0	3887.296770775571	17.0
0.055592784236406845	0.5605081985320404	0.08674693166911103	7.0	0.0	886.8165394619023	17.0
0.3701615088075422	0.8716538520692684	0.1017238322320192	4.0	0.0	1901.1786086496897	18.0
0.058919140815904505	0.5578701691953483	0.08683367860078013	7.0	0.0	891.28391428246	18.0
0.5771133565615786	0.7586880685967022	0.1198078242235058	5.0	0.0	3903.801603117161	18.0
0.7054429423602158	0.970626388917884	0.10187574336335749	1.0	0.0	1914.193518962627	18.0
0.18814616686490745	0.3906666821412039	0.10487197017901466	11.0	0.0	2183.176971368067	18.0
0.8224999848052545	0.6669263264689008	0.1284480641416455	10.0	0.0	5222.649745208493	18.0
0.6243343653511604	0.23261923865673367	0.10780263610444431	6.0	0.0	2469.5697044033577	18.0
0.6183656801134226	0.510860903162016	0.11390448737136608	8.0	0.0	3144.0184208237183	18.0
0.3888851429374234	0.3138311455609693	0.08775274738425506	3.0	0.0	939.539887198173	18.0
0.8893897757234249	0.19848997744225047	0.11597925454943071	9.0	0.0	3398.6097399573155	18.0
0.3723971661969528	0.5847081367410526	0.1137464650351879	2.0	0.0	3125.1666106334583	18.0
0.8909515586328555	0.1854960819178984	0.11609523380398012	9.0	0.0	3413.2332269470403	19.0
0.6107539953716343	0.5129992160619496	0.11401839185873743	8.0	0.0	3157.6539580485965	19.0
0.7037378470630477	0.9754470551773908	0.10197761910672083	1.0	0.0	1922.954861956992	19.0
0.3692869325746744	0.868502586227091	0.1018255560642512	4.0	0.0	1909.8871985718586	19.0
0.19773903263249004	0.3841747103821759	0.10497684214919366	11.0	0.0	2193.022030085114	19.0
0.83879918988645	0.6459707851603733	0.12857651220578714	10.0	0.0	5244.2155777346325	19.0
0.3877172358722918	0.31713306668670926	0.08784050013163931	3.0	0.0	944.2363874860021	19.0
0.07144715656983788	0.5433366029854801	0.0869205122793809	7.0	0.0	895.770756880362	19.0
0.5791235247610561	0.7469766943408241	0.1199276320477293	5.0	0.0	3920.369662216094	19.0
0.625488923746069	0.2267788586086388	0.10791043874054874	6.0	0.0	2480.5564164721027	19.0
0.36898640590301296	0.5778168816165137	0.11386021150022307	2.0	0.0	3138.728757520262	19.0
0.20057267797333903	0.3846702718115031	0.10508181899134283	11.0	0.0	2202.9065314138043	20.0
0.6196707311468498	0.5110314195493912	0.11413241025059614	8.0	0.0	3171.342557694969	20.0
0.3998056177977121	0.3175518157156512	0.08792834063177095	3.0	0.0	948.9532327123331	20.0
0.37781339427152827	0.5753970129070922	0.11397407171172329	2.0	0.0	3152.34370541189	20.0
0.7079961954126153	0.9719816631491729	0.10207959672582755	1.0	0.0	1931.7516996762051	20.0
0.06821248747247233	0.5501949274002544	0.08700743279166027	7.0	0.0	900.2771419186943	20.0
0.36965259521106797	0.8661985775232965	0.10192738162031544	4.0	0.0	1918.6310902853304	20.0
0.8364631759282031	0.6447497962520605	0.1287050887179929	10.0	0.0	5265.862351223402	20.0
0.6329586398653388	0.22311102310126613	0.10801834917928928	6.0	0.0	2491.586701255086	20.0
0.8830024122673501	0.20181452303456243	0.1162113290377841	9.0	0.0	3427.9132880605994	20.0
0.5849696143291564	0.743231449606093	0.12004755967977701	5.0	0.0	3937.001170925723	20.0
0.5828220487821206	0.757404556199575	0.12016760723945677	5.0	0.0	3953.6963528402744	21.0
0.6506773497679851	0.21495779785719515	0.10812636752846856	6.0	0.0	2502.6607158547317	21.0
0.8838305307626496	0.1830358964075041	0.11632754036682187	9.0	0.0	3442.650123991671	21.0
0.09070991824467989	0.5512580086198113	0.08709444022445192	7.0	0.0	904.8031443212634	21.0
0.6221669424576491	0.505291704235722	0.11424654266084673	8.0	0.0	3185.0844087227097	21.0
0.2088568678415446	0.37069662695206074	0.10518690081033416	11.0	0.0	2212.8306185115193	21.0
0.39943402541954165	0.3121947162828212	0.08801626897240271	3.0	0.0	953.6905006001815	21.0
0.8413361412921808	0.639096741039903	0.1288337938067109	10.0	0.0	5287.590347171584	21.0
0.38043781184811354	0.5738522871897938	0.114088045783435	2.0	0.0	3166.011642393634	21.0
0.7075236090766449	0.968049786677254	0.10218167632255336	1.0	0.0	1940.5841618931736	21.0
0.3786106159990665	0.8636210879450276	0.10202930900193574	4.0	0.0	1927.4104129074062	21.0
0.3788585849630537	0.5751878034235812	0.11420213382921841	2.0	0.0	3179.732757180048	22.0
0.07498742365314212	0.5593502338174436	0.08718153466467636	7.0	0.0	909.3488392734608	22.0
0.6143233255657249	0.4948460575325068	0.11436078920350756	8.0	0.0	3198.8797007237627	22.0
0.36221947287482553	0.8625359595433457	0.10213133831093767	4.0	0.0	1936.225295994156	22.0
0.21353922020943705	0.38716497322919047	0.10529208771114448	11.0	0.0	2222.794435019936	22.0
0.7025132285685012	0.9693221213120029	0.1022838579988759	1.0	0.0	1949.4523788217093	22.0
0.8342645407352027	0.6386496660914184	0.1289626276005176	10.0	0.0	5309.399848004248	22.0
0.4007983157364751	0.2881427917512807	0.0881042852413751	3.0	0.0	958.4482691433755	22.0
0.8899329900448463	0.17595652344351465	0.11644386790718868	9.0	0.0	3457.4439361037207	22.0
0.5724126897409951	0.7539788245628467	0.12028777484669621	5.0	0.0	3970.4554322972213	22.0
0.6558601304867665	0.209524329809598	0.10823449389599701	6.0	0.0	2513.7786179028544	22.0
0.637426471889076	0.2235846498368664	0.10834272838989299	6.0	0.0	2524.940565562378	23.0
0.8929009054942353	0.18150647596166827	0.11656031177509585	9.0	0.0	3472.294926432152	23.0
0.3939670940941338	0.27383471797856823	0.08819238952661647	3.0	0.0	963.2266166074453	23.0
0.22990206291364346	0.4096598178594309	0.10539737979885562	11.0	0.0	2232.798125066591	23.0
0.3596877165043846	0.8523325892271503	0.10223346964924859	4.0	0.0	1945.0758695418479	23.0
0.38104615781900686	0.5825290593155477	0.11431633596304762	2.0	0.0	3193.5072391169742	23.0
0.7048357160880353	0.9703731419262291	0.10238614185687477	1.0	0.0	1958.3564811179517	23.0
0.8448997032596967	0.6240205069887214	0.1290915902281181	10.0	0.0	5331.291137077714	23.0
0.07007622029031209	0.5550352405626462	0.08726871619934103	7.0	0.0	913.9143022231237	23.0
0.60627435572256	0.5048365235543665	0.11447514999271105	8.0	0.0	3212.7286239241826	23.0
0.578223414782759	0.7538884148249968	0.1204080626215429	5.0	0.0	3987.2786343796656	23.0
0.8374343050876472	0.619237866751886	0.12922068181834623	10.0	0.0	5353.264498682527	24.0
0.6567258787626642	0.225965968341304	0.10845107111828288	6.0	0.0	2536.1467175290495	24.0
0.3672421275743634	0.8585597432599822	0.10233570311889784	4.0	0.0	1953.9622639883748	24.0
0.6130291016329248	0.5013780319276473	0.11458962514270375	8.0	0.0	3226.6313691861706	24.0
0.38140452045740286	0.594864961214256	0.11443065229901066	2.0	0.0	3207.335278183569	24.0
0.7165607777127398	0.9451018559797327	0.10248852799873163	1.0	0.0	1967.2965998818113	24.0
0.2215539613924947	0.4248733283634701	0.10550277717865446	11.0	0.0	2242.8418332664583	24.0
0.5767512883402568	0.7553014979614598	0.12052847068416443	5.0	0.0	4004.166184918723	24.0
0.8977637954476304	0.18017334231015536	0.11667687208687093	9.0	0.0	3487.2032976864666	24.0
0.06795824949392626	0.5449880580252999	0.08735598491554036	7.0	0.0	918.4996088814008	24.0
0.40168279740389956	0.2698018704316614	0.08828058191614307	3.0	0.0	968.0256215305219	24.0
0.6063433515922947	0.501525377742795	0.11470421476784644	8.0	0.0	3240.588128010116	25.0
0.9240593749302685	0.17975943037799083	0.11679354895895779	9.0	0.0	3502.169253252424	25.0
0.23632028859830057	0.4063740119450443	0.1056082799558331	11.0	0.0	2252.925704723526	25.0
0.6569176780715682	0.21581225706984142	0.10855952218940115	6.0	0.0	2547.397233033154	25.0
0.37464769158502853	0.5895063316258962	0.11454508295130965	2.0	0.0	3221.2170649943387	25.0
0.3741523397463922	0.2607415661998329	0.08836886249805921	3.0	0.0	972.8453627242317	25.0
0.577699813201608	0.754329125134319	0.12064899915484859	5.0	0.0	4021.1183104959227	25.0
0.8390626088714421	0.6127400256769996	0.12934990250016457	10.0	0.0	5375.3202180464295	25.0
0.07939339107816955	0.5404088522322201	0.0874433409004559	7.0	0.0	923.1048352236197	25.0
0.3601292714531489	0.861481313807438	0.10243803882201673	4.0	0.0	1962.8846102146883	25.0
0.7106533137057606	0.9532112899212276	0.10259101652673036	1.0	0.0	1976.272866658402	25.0
0.9203787951313919	0.18311846786228725	0.11691034250791674	9.0	0.0	3517.192997194215	26.0
0.6827270185427081	0.9618208269370857	0.10269360754325708	1.0	0.0	1985.2854134394927	26.0
0.8182427628005521	0.6150432018105633	0.12947925240266472	10.0	0.0	5397.458581337355	26.0
0.22490822923728043	0.3993775000318644	0.10571388823578892	11.0	0.0	2263.049885032376	26.0
0.36817789867799655	0.5882484964379046	0.11465962803426094	2.0	0.0	3235.1527908011903	26.0
0.357347077379073	0.24843552756161216	0.08845723136055726	3.0	0.0	977.6859192745984	26.0
0.6015262855000978	0.477158055293551	0.11481891898261427	8.0	0.0	3254.599092536658	26.0
0.5796456792333803	0.7527859196617828	0.12076964815400341	5.0	0.0	4038.135238445611	26.0
0.37005052089359847	0.8580771819269065	0.10254047686083874	4.0	0.0	1971.8430395462356	26.0
0.06691158980265209	0.5336834198850541	0.08753078424135634	7.0	0.0	927.7300574901587	26.0
0.6648061789653802	0.21879960183604488	0.10866808171159054	6.0	0.0	2558.692271841246	26.0
0.36948242136205117	0.6011550386405352	0.1147742876622952	2.0	0.0	3249.142647495474	27.0
0.9147490040886799	0.1939725589137147	0.11702725285042465	9.0	0.0	3532.27473425664	27.0
0.6819406720838223	0.9589874698861187	0.10279630115080032	1.0	0.0	1994.334372664951	27.0
0.36740967063354796	0.8585390264318076	0.10264301733769957	4.0	0.0	1980.8376837544035	27.0
0.5987399263751564	0.476938322795333	0.11493373790159687	8.0	0.0	3268.6644555487346	27.0
0.6825818292313611	0.2108898418731165	0.10877674979330211	6.0	0.0	2570.0319942578835	27.0
0.08761831502559768	0.5358099030104153	0.08761831502559768	7.0	0.0	932.375352187323	27.0
0.5861167399501673	0.7468050770067545	0.12089041780215741	5.0	0.0	4055.2171968573653	27.0
0.8269482420230356	0.6169069789894749	0.12960873165506737	10.0	0.0	5419.679875666413	27.0
0.36327600042015307	0.23645410022778926	0.0885456885919178	3.0	0.0	982.5473705429475	27.0
0.23786364173869254	0.3913835489115316	0.1058196021240247	11.0	0.0	2273.214520279779	27.0
0.2217153062380176	0.38438941465666787	0.10592542172614872	11.0	0.0	2283.4197570462793	28.0
0.08949807470230083	0.5456437650685951	0.08770593334062327	7.0	0.0	937.0407960882179	28.0
0.6791953532936842	0.9573715820125027	0.10289909745195111	1.0	0.0	2003.4198772242032	28.0
0.3712163210249192	0.23310692708829217	0.0886342342805097	3.0	0.0	987.4297961668118	28.0
0.353231509454461	0.859746980787911	0.10274566035503725	4.0	0.0	1989.8686750579668	28.0
0.9336928612148174	0.17308362571725508	0.11714428010327506	9.0	0.0	3547.414669867295	28.0
0.8250569377618292	0.6126924084917431	0.1297383403867224	10.0	0.0	5441.984389090912	28.0
0.6782797177615916	0.19611313401962346	0.1088855265430954	6.0	0.0	2581.4165611273597	28.0
0.596953209678654	0.4795254885674922	0.11504867163949846	8.0	0.0	3282.7844104736528	28.0
0.5894589843836182	0.7334676559566277	0.12101130821995955	5.0	0.0	4072.3644145784006	28.0
0.3625061690317371	0.6062034786462952	0.11488906194995747	2.0	0.0	3263.186827610039	28.0
0.6665726593280535	0.19159523863975628	0.10899441206963849	6.0	0.0	2592.846133835451	29.0
0.9275971236276864	0.16185526891328403	0.11726142438337832	9.0	0.0	3562.6130101387603	29.0
0.36494031253432035	0.6133711453843385	0.11500395101190741	2.0	0.0	3277.2855243212994	29.0
0.5882038729468332	0.7360442171538029	0.12113231952817949	5.0	0.0	4089.577121216015	29.0
0.09129067208555958	0.5492089733328348	0.08779363927396389	7.0	0.0	941.7264662336303	29.0
0.6825799752853351	0.9593351765219339	0.10300199654940305	1.0	0.0	2012.542060457689	29.0
0.8287213451328245	0.592845500228165	0.12986807872710912	10.0	0.0	5464.372410617366	29.0
0.37764982110302486	0.22514367587902057	0.0887228685147902	3.0	0.0	992.3332760608421	29.0
0.23749725322650983	0.3848469771156467	0.10603134714787485	11.0	0.0	2293.6657424077976	29.0
0.3556925580408767	0.8562309305969639	0.10284840601539227	4.0	0.0	1998.936146124537	29.0
0.6102787164838255	0.47532525341198234	0.11516372031113795	8.0	0.0	3296.959151385156	29.0
