# x	y	r	id	split_id	s_prob	t
2.0	0.5	0.0	-1.0	0.0	0.0	0.0
0.36685230157268545	0.5657942959441765	0.03385051454816063	1.0	0.0	0.0	0.0
0.20594221956930214	0.9680878164367375	0.03401685507647618	2.0	0.0	0.0	0.0
0.1036751177959794	0.3886797931181468	0.03088090910557545	3.0	0.0	0.0	0.0
0.8790070065161303	0.5725246818606994	0.035809199625709345	4.0	0.0	0.0033911499483281204	0.0
0.24836020461160924	0.39553986188957757	0.03348385088223236	5.0	0.0	0.0	0.0
0.5289993816246844	0.8969485248196051	0.03477407333738215	6.0	0.0	0.0	0.0
0.48721532638051546	0.47973161499350003	0.03375013750188498	7.0	0.0	0.0	0.0
0.23841557489493662	0.6750459610244165	0.030533556639004908	8.0	0.0	0.0	0.0
0.5614287976350842	0.2901442598557782	0.03352930525995292	9.0	0.0	0.0	0.0
0.07876886953058528	0.03399954729043046	0.03399954729043046	10.0	0.0	0.0	0.0
0.823358696180621	0.5040536770012999	0.033478017629191774	11.0	0.0	0.0	0.0
0.042469513665943155	0.8466631129449783	0.03147176499185157	12.0	0.0	0.0	0.0
0.8329785421063896	0.27712446526408985	0.03381267821138922	13.0	0.0	0.0	0.0
0.43046384836231577	0.6088256364195147	0.033450996494256945	14.0	0.0	0.0	0.0
0.8723236645319311	0.7797618278008109	0.031474704599991125	15.0	0.0	0.0	0.0
0.3618631606480085	0.26208034215447074	0.03303160438175213	16.0	0.0	0.0	0.0
0.8243711474363659	0.70471150567762	0.035345990869624325	17.0	0.0	0.0002650781243573874	0.0
0.38431429480905455	0.8083912734065903	0.03226888926253998	18.0	0.0	0.0	0.0
0.844856213552976	0.1879124349702472	0.032487187692460257	19.0	0.0	0.0	0.0
0.8117143047305294	0.4122940483789504	0.03202847526607468	20.0	0.0	0.0	0.0
0.7914488327003848	0.33268560218244436	0.03446446038996347	21.0	0.0	0.0	0.0
0.42547470743763893	0.6768026815182373	0.03354602439376147	22.0	0.0	0.0	0.0
0.5321175947026074	0.3874325078869776	0.031623554087057	23.0	0.0	0.0	0.0
0.32828963675841216	0.9244561701759396	0.031676079069711274	24.0	0.0	0.0	0.0
0.19807039843455912	0.21141105445459307	0.03162068558562744	25.0	0.0	0.0	0.0
0.9032847620523767	0.24371167087281254	0.03004513259134571	26.0	0.0	0.0	0.0
0.17416627624000924	0.6242020011513791	0.029311346252606337	27.0	0.0	0.0	0.0
0.12474686965235483	0.5558758327791224	0.030788837061861796	28.0	0.0	0.0	0.0
0.3344228855622856	0.3967871471207468	0.033207670564385706	29.0	0.0	0.0	0.0
0.8850993151234975	0.9038085935910358	0.030864191945549232	30.0	0.0	0.0	0.0
0.6431259802766682	0.33567017079345485	0.033447401196723556	31.0	0.0	0.0	0.0
0.563299725481838	0.18474865782197888	0.032441174700839945	32.0	0.0	0.0	0.0
0.6917701042922679	0.7840692113987905	0.03594061848770925	33.0	0.0	0.005326237223570729	0.0
0.5140319588506537	0.08496583932844107	0.031217530232652824	34.0	0.0	0.0	0.0
0.10510623648867332	0.6345795155391541	0.03139564110128156	35.0	0.0	0.0	0.0
0.10834051004775458	0.8925010537444226	0.0347328245587007	36.0	0.0	0.0	0.0
0.2606145653467672	0.904184198900718	0.03240748307860776	37.0	0.0	0.0	0.0
0.34128295433371636	0.054407351164795115	0.03030153821161906	38.0	0.0	0.0	0.0
0.9315113211606392	0.5269077906406099	0.03194006477390539	39.0	0.0	0.0	0.0
0.49095718207402306	0.21031800506094794	0.03239817794326608	40.0	0.0	0.0	0.0
0.0710620735594055	0.7761204852604658	0.03077412892450413	41.0	0.0	0.0	0.0
0.15138377708615636	0.27424361094426164	0.03495090930317343	42.0	0.0	0.0	0.0
0.4884626116116846	0.7310595890740985	0.030026752727049164	43.0	0.0	0.0	0.0
0.7185867367624063	0.202210651058348	0.0338787664314897	44.0	0.0	0.0	0.0
0.07439097020685193	0.17290264046350626	0.03144458144242304	45.0	0.0	0.0	0.0
0.6057074233415916	0.7971657063260673	0.03292675365974682	46.0	0.0	0.0	0.0
0.9897532897687491	0.5816278818890345	0.03164598381124048	47.0	0.0	0.0	0.0
0.9412271505261125	0.7915529227858058	0.03306965826919027	48.0	0.0	0.0	0.0
0.420485566512962	0.12674989457261004	0.03160428365807888	49.0	0.0	0.0	0.0
0.18849051351548657	0.4373239171337465	0.030102010889777087	50.0	0.0	0.0	0.0
0.9462739395636611	0.31382302507149024	0.033049747542811134	51.0	0.0	0.0	0.0
0.27954233539083984	0.7715963590870982	0.031647573896059336	52.0	0.0	0.0	0.0
0.11755996641779001	0.10699696797796396	0.03250360583050118	53.0	0.0	0.0	0.0
0.1663053947533979	0.7131749352800206	0.03269705988901011	54.0	0.0	0.0	0.0
0.5838799317961302	0.06002013470505661	0.03225010364105469	55.0	0.0	0.0	0.0
0.4242274222064697	0.2296509261440709	0.031380608791455274	56.0	0.0	0.0	0.0
0.11633042277528854	0.9761200622984568	0.029614657480453613	57.0	0.0	0.0	0.0
0.8748405675919118	0.35202904473449	0.0316097994442622	58.0	0.0	0.0	0.0
0.9044322362066205	0.6599643308974528	0.03246187304111184	59.0	0.0	0.0	0.0
0.596976426723407	0.9212705868274049	0.03339956001621306	60.0	0.0	0.0	0.0
0.42101341486625476	0.12674823295939724	0.031635887941736954	49.0	0.0	0.0	1.0
0.20324835345192005	0.9684202076483336	0.03405087193155265	2.0	0.0	0.0	1.0
0.3674223595946952	0.5649345684154137	0.03388436506270879	1.0	0.0	0.0	1.0
0.8459330791637961	0.18894611019742433	0.03251967488015271	19.0	0.0	0.0	1.0
0.9031097667241236	0.2431376357257847	0.030075177723937054	26.0	0.0	0.0	1.0
0.3415851422018619	0.05474481170252274	0.030331839749830673	38.0	0.0	0.0	1.0
0.8253409438190432	0.7050510968850858	0.035381336860493946	17.0	0.0	0.0003549002736491502	1.0
0.1185708030430211	0.10736528286495553	0.03253610943633168	53.0	0.0	0.0	1.0
0.2798703004265061	0.7708401752223286	0.031679221469955395	52.0	0.0	0.0	1.0
0.0793018777577039	0.03782314511716782	0.03403354683772089	10.0	0.0	0.0	1.0
0.6435618053850276	0.3338331890070382	0.033480848597920276	31.0	0.0	0.0	1.0
0.2516008243128809	0.3955296607466174	0.033517334733114586	5.0	0.0	0.0	1.0
0.4293047880104237	0.610087645724167	0.0334844474907512	14.0	0.0	0.0	1.0
0.10177092592983181	0.8966516964325568	0.034767557383259394	36.0	0.0	0.0	1.0
0.15304239752930668	0.2748717240885284	0.0349858602124766	42.0	0.0	0.0	1.0
0.19201003432424343	0.43771326085419043	0.03013211290066686	50.0	0.0	0.0	1.0
0.6868095442641404	0.7866223666007384	0.03597655910619695	33.0	0.0	0.005960402335361437	1.0
0.8137784373649775	0.41131256329232974	0.03206050374134075	20.0	0.0	0.0	1.0
0.48726281033216334	0.4816167641315905	0.03378388763938686	7.0	0.0	0.0	1.0
0.8759195260793563	0.7798410762243452	0.03150617930459111	15.0	0.0	0.0	1.0
0.42445470725537576	0.6775023695812671	0.03357957041815523	22.0	0.0	0.0	1.0
0.8381928562723544	0.27161059299363843	0.0338464908896006	13.0	0.0	0.0	1.0
0.8752576474266619	0.35066090258662214	0.03164140924370645	58.0	0.0	0.0	1.0
0.07223617333603874	0.166140727272523	0.03147602602386546	45.0	0.0	0.0	1.0
0.5156361564975122	0.08434676006286114	0.031248747762885474	34.0	0.0	0.0	1.0
0.10553311436798239	0.6306062950278558	0.03142703674238284	35.0	0.0	0.0	1.0
0.1976836429078257	0.21291422431461682	0.031652306271213064	25.0	0.0	0.0	1.0
0.9453541711675224	0.3144204668738015	0.03308279729035394	51.0	0.0	0.0	1.0
0.5320559145730609	0.38733419737704816	0.031655177641144054	23.0	0.0	0.0	1.0
0.823176201871823	0.505252253999407	0.03351149564682096	11.0	0.0	0.0	1.0
0.5840812630670438	0.0603196589781811	0.03228235374469574	55.0	0.0	0.0	1.0
0.5733492472963492	0.18225276789165104	0.03247361587554078	32.0	0.0	0.0	1.0
0.3626540326663652	0.2623133008321425	0.03306463598613388	16.0	0.0	0.0	1.0
0.7839213248000153	0.3427700488525008	0.03449892485035343	21.0	0.0	0.0	1.0
0.041664951990737394	0.8472300452668522	0.03150323675684342	12.0	0.0	0.0	1.0
0.32879155441130614	0.9222153588523196	0.031707755148780985	24.0	0.0	0.0	1.0
0.10434224060767866	0.38838293864433704	0.030911790014681022	3.0	0.0	0.0	1.0
0.5233346972509467	0.8989516713115098	0.03480884741071953	6.0	0.0	0.0	1.0
0.38452055980015504	0.8062136078131114	0.03230115815180251	18.0	0.0	0.0	1.0
0.6059227965020194	0.7975809401909804	0.032959680413406564	46.0	0.0	0.0	1.0
0.26080711071248935	0.9027363487627644	0.03243989056168636	37.0	0.0	0.0	1.0
0.4907782546810275	0.21139186069977686	0.03243057612120934	40.0	0.0	0.0	1.0
0.11611249808902763	0.9761413961409411	0.029644272137934063	57.0	0.0	0.0	1.0
0.9895301900377429	0.5816554097566659	0.03167762979505172	47.0	0.0	0.0	1.0
0.6071584777533043	0.9235302277530546	0.03343295957622927	60.0	0.0	0.0	1.0
0.33811255874906737	0.39621347095764986	0.03324087823495009	29.0	0.0	0.0	1.0
0.7196453126117008	0.19748463925873747	0.03391264519792119	44.0	0.0	0.0	1.0
0.23937273315363095	0.6758149188734173	0.03056409019564391	8.0	0.0	0.0	1.0
0.9420524526952815	0.7932471480814277	0.033102727927459455	48.0	0.0	0.0	1.0
0.07235272576397093	0.7736700115393025	0.03080490305342863	41.0	0.0	0.0	1.0
0.8991002111545997	0.65759170105569	0.03249433491415295	59.0	0.0	0.0	1.0
0.12365391856608846	0.5561242577384874	0.030819625898923654	28.0	0.0	0.0	1.0
0.17461361042750212	0.6267132700682231	0.02934065759885894	27.0	0.0	0.0	1.0
0.8793605148161031	0.5735656351490526	0.03584500882533505	4.0	0.0	0.0038615681902598453	1.0
0.1664833483102325	0.7134128662241381	0.03272975694889912	54.0	0.0	0.0	1.0
0.4861699569287986	0.7283999142074201	0.03005677947977621	43.0	0.0	0.0	1.0
0.8851532117856322	0.9036317969949115	0.030895056137494777	30.0	0.0	0.0	1.0
0.5614354577697334	0.2900985872808084	0.03356283456521287	9.0	0.0	0.0	1.0
0.9326681402158965	0.5283384905984876	0.03197200483867929	39.0	0.0	0.0	1.0
0.4190911398435878	0.23093674474481204	0.031411989400246726	56.0	0.0	0.0	1.0
0.23891422253410122	0.6759130825249668	0.03059465428583955	8.0	0.0	0.0	2.0
0.8456452761773231	0.18895245302588579	0.03255219455503286	19.0	0.0	0.0	2.0
0.825262216446381	0.7044591042554931	0.03541671819735444	17.0	0.0	0.0004631347531613983	2.0
0.48562949810250466	0.7239033446255196	0.030086836259255983	43.0	0.0	0.0	2.0
0.2519138724273502	0.3955966819773547	0.0335508520678477	5.0	0.0	0.0	2.0
0.0795026028761361	0.038130044535723655	0.03406758038455861	10.0	0.0	0.0	2.0
0.07254098051425206	0.7727177173181098	0.030835707956482057	41.0	0.0	0.0	2.0
0.8409782233446137	0.2742842459659872	0.0338803373804902	13.0	0.0	0.0	2.0
0.2609383489027986	0.9024337549153691	0.032472330452248045	37.0	0.0	0.0	2.0
0.3639600997268924	0.5635481054383714	0.033918249427771496	1.0	0.0	0.0	2.0
0.15549834403260682	0.2797562346048713	0.03502084607268907	42.0	0.0	5.797659241579822e-08	2.0
0.9891979807314513	0.5806129121919031	0.03170930742484677	47.0	0.0	0.0	2.0
0.9418077172755295	0.7914068534063468	0.03313583065538691	48.0	0.0	0.0	2.0
0.10282767290708143	0.6327797814157912	0.03145846377912522	35.0	0.0	0.0	2.0
0.1964334338028412	0.21472452709557213	0.031683958577484274	25.0	0.0	0.0	2.0
0.3419512512530824	0.05470664278377745	0.0303621715895805	38.0	0.0	0.0	2.0
0.11847646781938732	0.10745814486821391	0.03256864554576801	53.0	0.0	0.0	2.0
0.4309665499285235	0.6081598602443189	0.03351793193824194	14.0	0.0	0.0	2.0
0.2838889871830726	0.7703699831667817	0.03171090069142535	52.0	0.0	0.0	2.0
0.5729183606788087	0.18347097580196534	0.03250608949141632	32.0	0.0	0.0	2.0
0.36020615005678586	0.2593245567319638	0.03309770062212001	16.0	0.0	0.0	2.0
0.9023546817007554	0.659764416915273	0.032526829249067093	59.0	0.0	0.0	2.0
0.04232584199945777	0.8466192212725443	0.03153473999360026	12.0	0.0	0.0	2.0
0.5228775614993747	0.9002440910943088	0.03484365625813025	6.0	0.0	0.0	2.0
0.6438126539475271	0.3338070366396834	0.03351432944651819	31.0	0.0	0.0	2.0
0.6825256001674025	0.7847803744473633	0.036012535665303144	33.0	0.0	0.006643714524884103	2.0
0.41736167115662165	0.22744244760145624	0.03144340138964697	56.0	0.0	0.0	2.0
0.5820730537993134	0.0659972927591521	0.03231463609844044	55.0	0.0	0.0	2.0
0.4914280277638617	0.21158325737920206	0.03246300669733054	40.0	0.0	0.0	2.0
0.42439338243633823	0.6773701948356565	0.03361314998857338	22.0	0.0	0.0	2.0
0.12288547753757774	0.5567416047184671	0.030850445524822575	28.0	0.0	0.0	2.0
0.3382388243259211	0.3969779383372011	0.033274119113185036	29.0	0.0	0.0	2.0
0.783269710170796	0.3418636125387642	0.03453342377520378	21.0	0.0	0.0	2.0
0.8761136067417352	0.5779474108973933	0.03588085383416038	4.0	0.0	0.0043741283378579965	2.0
0.1746302758352031	0.6268227242997881	0.029369998256457797	27.0	0.0	0.0	2.0
0.1952149623232958	0.4375820337676501	0.030162245013567523	50.0	0.0	0.0	2.0
0.8759538011499759	0.7798907065265185	0.0315376854838957	15.0	0.0	0.0	2.0
0.8241566420386636	0.5049567355136615	0.033545007142467775	11.0	0.0	0.0	2.0
0.6081594123188652	0.8002088803933246	0.03299264009381997	46.0	0.0	0.0	2.0
0.20076032395894294	0.9749282667705794	0.0340849228034842	2.0	0.0	0.0	2.0
0.16644169301616188	0.7120900260073351	0.03276248670584801	54.0	0.0	0.0	2.0
0.8766836231157576	0.34937586416387667	0.031673050652950153	58.0	0.0	0.0	2.0
0.38612091640231905	0.8074992956910104	0.03233345930995431	18.0	0.0	0.0	2.0
0.07160179315393535	0.16762900597754113	0.03150750204988932	45.0	0.0	0.0	2.0
0.8142797728232137	0.409413686409693	0.032092564245082084	20.0	0.0	0.0	2.0
0.10261379339219058	0.3929041216527497	0.0309427018046957	3.0	0.0	0.0	2.0
0.7165672985496961	0.19516738283216387	0.03394655784311911	44.0	0.0	0.0	2.0
0.48122614702421734	0.48323088915373225	0.03381767152702624	7.0	0.0	0.0	2.0
0.5304135708838802	0.38573773604272554	0.0316868328187852	23.0	0.0	0.0	2.0
0.41861387162605906	0.12848468822445636	0.03166752382967869	49.0	0.0	0.0	2.0
0.3301434870523707	0.9238038293046682	0.03173946290392976	24.0	0.0	0.0	2.0
0.900987083601659	0.24288927878704208	0.030105252901660988	26.0	0.0	0.0	2.0
0.8847989800679862	0.9039091122457552	0.030925951193632267	30.0	0.0	0.0	2.0
0.5586934065305945	0.2863838225481902	0.03359639739977808	9.0	0.0	0.0	2.0
0.9429321002098581	0.5230625294513973	0.03200397684351797	39.0	0.0	0.0	2.0
0.5154175750484471	0.08723448186127358	0.031279996510648354	34.0	0.0	0.0	2.0
0.6072667972626794	0.9216205955930613	0.033466392535805495	60.0	0.0	0.0	2.0
0.9449929256830042	0.3141555664398206	0.03311588008764429	51.0	0.0	0.0	2.0
0.11252858706246283	0.9837402026197511	0.029673916410071995	57.0	0.0	0.0	2.0
0.09880196405754774	0.8984755811098669	0.03480232494064265	36.0	0.0	0.0	2.0
0.04196335840530696	0.848394052382932	0.039457843416992315	12.0	0.0	0.0	3.0
0.1784014488192494	0.6279853580544549	0.029399368254714252	27.0	0.0	0.0	3.0
0.581578404351115	0.06954571932913738	0.032346950734538873	55.0	0.0	0.0	3.0
0.09699971360458912	0.8988377585576999	0.03483712726558329	36.0	0.0	0.0	3.0
0.8800799817878194	0.9009690686768206	0.030956877144825895	30.0	0.0	0.0	3.0
0.12282339643654781	0.1053912013302137	0.032601214191313774	53.0	0.0	0.0	3.0
0.10403720528420768	0.3940476564201566	0.030973644506500392	3.0	0.0	0.0	3.0
0.5320035087594207	0.3862944806672621	0.03171851965160398	23.0	0.0	0.0	3.0
0.4859765418162576	0.7212937399386004	0.030116923095515235	43.0	0.0	0.0	3.0
0.11046592978050884	0.9826288035757381	0.029703590326482066	57.0	0.0	0.0	3.0
0.8449055463171907	0.1889314901333811	0.03258474674958789	19.0	0.0	0.0	3.0
0.34450710701976756	0.056813452619437446	0.030392533761170078	38.0	0.0	0.0	3.0
0.16286920933519086	0.7112067345297968	0.03279524919255385	54.0	0.0	0.0	3.0
0.26329159101633365	0.9019454175099016	0.03250480278270029	37.0	0.0	0.0	3.0
0.2870277080454876	0.7764213555476039	0.03174261159211677	52.0	0.0	0.0	3.0
0.6110806554150104	0.8012732831800615	0.03302563273391378	46.0	0.0	0.0	3.0
0.682609232710898	0.7847468837708514	0.03604854820096844	33.0	0.0	0.007378110790156711	3.0
0.07860653499702092	0.04161271546171601	0.03410164796494316	10.0	0.0	0.0	3.0
0.07217580782341408	0.166786538546947	0.039423761939924015	45.0	0.0	0.0	3.0
0.8231322379989238	0.5043004602733696	0.03357855214961024	11.0	0.0	0.0	3.0
0.19534073403958904	0.21975104941041051	0.03171564253606175	25.0	0.0	0.0	3.0
0.9424611633417205	0.31398795840894617	0.03314899596773193	51.0	0.0	0.0	3.0
0.9040970288719677	0.24054798322479196	0.030135358154562645	26.0	0.0	0.0	3.0
0.8412736502579033	0.2743513957404387	0.03391421771787068	13.0	0.0	0.0	3.0
0.5168088679236663	0.08968567588925021	0.031311276507159	34.0	0.0	0.0	3.0
0.8156450196811591	0.408464475158689	0.03212465680932716	20.0	0.0	0.0	3.0
0.38585136737312603	0.807414333120723	0.03236579276926426	18.0	0.0	0.0	3.0
0.32973857430744374	0.9232965529260633	0.03177120236683369	24.0	0.0	0.0	3.0
0.415494011168526	0.22185752997938582	0.03147484479103661	56.0	0.0	0.0	3.0
0.5592879260734406	0.2860438955843678	0.033629993797177855	9.0	0.0	0.0	3.0
0.8771658621211045	0.3487394845738837	0.031704723703603103	58.0	0.0	0.0	3.0
0.48866725569398506	0.21093743539043838	0.03249546970402787	40.0	0.0	0.0	3.0
0.48259964065877864	0.48331313573826173	0.03385148919855326	7.0	0.0	0.0	3.0
0.10433039180155206	0.6309450356593973	0.031489922242904346	35.0	0.0	0.0	3.0
0.5725583702385227	0.1837527993493107	0.032538595580907735	32.0	0.0	0.0	3.0
0.06998691381160378	0.7744697267933038	0.030866543664438535	41.0	0.0	0.0	3.0
0.1961493203679641	0.436092782423606	0.030192407258581088	50.0	0.0	0.0	3.0
0.9882752605008466	0.5802701082474843	0.03174101673227161	47.0	0.0	0.0	3.0
0.9020270917582789	0.6604822824132061	0.03255935607831616	59.0	0.0	0.0	3.0
0.23946692064897834	0.6757464915227752	0.030625248940125385	8.0	0.0	0.0	3.0
0.8246764241848404	0.7034709988215998	0.03545213491555179	17.0	0.0	0.0005915399938913879	3.0
0.3376128834942241	0.3968315132276508	0.03330739323229822	29.0	0.0	0.0	3.0
0.9517145786622705	0.7907801897806765	0.03316896648604229	48.0	0.0	0.0	3.0
0.4181481467779367	0.13587232866269322	0.03169919135350836	49.0	0.0	0.0	3.0
0.6450626677608088	0.33175779943377637	0.03354784377596471	31.0	0.0	0.0	3.0
0.7138662325947803	0.1903380440933958	0.03398050440096222	44.0	0.0	0.0	3.0
0.8758535463184345	0.579812985233325	0.035916734687994535	4.0	0.0	0.004930727121816858	3.0
0.36350464559392326	0.5637753157933263	0.03395216767719927	1.0	0.0	0.0	3.0
0.9360154474329307	0.5205915483903865	0.03203598082036148	39.0	0.0	0.0	3.0
0.5271596143619274	0.8971862285324131	0.03487849991438837	6.0	0.0	0.0	3.0
0.1548630076489189	0.2802283046406829	0.03505586691876176	42.0	0.0	1.115948450092219e-06	3.0
0.42720227367472197	0.6754172651139702	0.03364676313856195	22.0	0.0	0.0	3.0
0.7846470648411087	0.34302841003511375	0.034567957198978976	21.0	0.0	0.0	3.0
0.6072434316134296	0.9179093235686642	0.03349985892834129	60.0	0.0	0.0	3.0
0.12091136950192899	0.5541365021689038	0.03860161996293424	28.0	0.0	0.0	3.0
0.20498878935979445	0.9823780203937625	0.03411900772628768	2.0	0.0	0.0	3.0
0.2519138724273502	0.4014414100096181	0.033584402919915546	5.0	0.0	0.0	3.0
0.43048594064933	0.6082130271994269	0.03355144987018018	14.0	0.0	0.0	3.0
0.3445019186505881	0.2656800461906052	0.03313079832274213	16.0	0.0	0.0	3.0
0.8689165207586143	0.7770414323252283	0.03156922316937959	15.0	0.0	0.0	3.0
0.2867949336631311	0.7760171997143944	0.03177435420370888	52.0	0.0	0.0	4.0
0.5713963809693894	0.1829664231294954	0.03257113417648864	32.0	0.0	0.0	4.0
0.26383105978383037	0.902011981574125	0.03253730758548299	37.0	0.0	0.0	4.0
0.07104948217418397	0.7758904227220346	0.03089741020810297	41.0	0.0	0.0	4.0
0.10275247253454013	0.3940274337734155	0.03100461815100689	3.0	0.0	0.0	4.0
0.7176724988062965	0.18974623986429207	0.034014484905363185	44.0	0.0	0.0	4.0
0.48709842597363506	0.47767703869949546	0.033885340687751814	7.0	0.0	0.0	4.0
0.2505626584995805	0.40362550218913024	0.033617987322835455	5.0	0.0	0.0	4.0
0.33462179218901406	0.3985168238614001	0.03334070062553052	29.0	0.0	0.0	4.0
0.10021197481773912	0.8988680949792598	0.03487196439284887	36.0	0.0	0.0	4.0
0.36013342437469864	0.5654044168786935	0.03398611984487646	1.0	0.0	0.0	4.0
0.8755098826210285	0.34931935483120213	0.0317364284273067	58.0	0.0	0.0	4.0
0.04133547638299921	0.847040764303578	0.03787952968031262	12.0	0.0	0.0	4.0
0.9530493970095932	0.7898013707375459	0.03320213545252833	48.0	0.0	0.0	4.0
0.5181149727716138	0.0933783114752702	0.0391782347295827	34.0	0.0	0.0	4.0
0.9014376289396681	0.6596171421082085	0.03259191543439447	59.0	0.0	0.0	4.0
0.870020109931302	0.9006839862113087	0.03098783402197072	30.0	0.0	0.0	4.0
0.4300666527210951	0.5974438906490745	0.03358500132005036	14.0	0.0	0.0	4.0
0.4152699756252119	0.21912633313347438	0.031506319635827645	56.0	0.0	0.0	4.0
0.48703615490362634	0.20992122239262206	0.032527965173731896	40.0	0.0	0.0	4.0
0.826179268489622	0.70458764786452	0.03548758705046734	17.0	0.0	0.000741884782215152	4.0
0.106431160225265	0.6282441223778314	0.03940176520643406	35.0	0.0	0.0	4.0
0.841172166109951	0.27415871467826564	0.03394813193558855	13.0	0.0	0.0	4.0
0.19935478984231433	0.21902297858646738	0.03174735817859781	25.0	0.0	0.0	4.0
0.559801364717804	0.2869225193544668	0.03366362379097503	9.0	0.0	0.0	4.0
0.5322859069087109	0.38583152514768626	0.03175023817125558	23.0	0.0	0.0	4.0
0.6434724785059589	0.3314900060058777	0.03358139161974067	31.0	0.0	0.0	4.0
0.23951103021137354	0.6757801362037946	0.030655874189065506	8.0	0.0	0.0	4.0
0.34286921779658797	0.2611548803821855	0.03316392912106487	16.0	0.0	0.0	4.0
0.8445350826594081	0.18944004178210266	0.03261733149633747	19.0	0.0	0.0	4.0
0.15791662238370194	0.2819998646972945	0.03509092278568052	42.0	0.0	4.810588109194214e-06	4.0
0.3427124461383973	0.055695337954113855	0.030422926294931246	38.0	0.0	0.0	4.0
0.42180847290336715	0.1362306580577742	0.039663613181077334	49.0	0.0	0.0	4.0
0.17783186537336407	0.6274175647775612	0.029428767622968963	27.0	0.0	0.0	4.0
0.5818243188971708	0.06994321377900238	0.040474122106591764	55.0	0.0	0.0	4.0
0.6824604038455844	0.7844884788146982	0.03608459674916941	33.0	0.0	0.00816553922147989	4.0
0.946908773969967	0.31908235620666536	0.03318214496369966	51.0	0.0	0.0	4.0
0.8735325229189095	0.5787449714401617	0.03595265142268252	4.0	0.0	0.005533272199500061	4.0
0.08046949171432824	0.039021227266446266	0.0341357496129081	10.0	0.0	0.0	4.0
0.20536148403324847	0.983826541129482	0.03415312673401397	2.0	0.0	0.0	4.0
0.12528921622467187	0.1048143769494997	0.032633815405505084	53.0	0.0	0.0	4.0
0.5295789015997499	0.895720917312435	0.04364172301787844	6.0	0.0	0.0	4.0
0.07405457286961399	0.16689904144051348	0.03784681146232705	45.0	0.0	0.0	4.0
0.9014247405236169	0.23342380116807754	0.030165493512717204	26.0	0.0	0.0	4.0
0.8211271440485837	0.4070355468052834	0.032156781466136486	20.0	0.0	0.0	4.0
0.12425350669296018	0.5527490611772701	0.037057555164416875	28.0	0.0	0.0	4.0
0.7848712677904587	0.3428926150405804	0.03460252515617795	21.0	0.0	0.0	4.0
0.8257698456743937	0.49958458101035613	0.03361213070175984	11.0	0.0	0.0	4.0
0.8685229194809254	0.783285000233015	0.03160079239254896	15.0	0.0	0.0	4.0
0.38418480204740457	0.8082196802648041	0.03239815856203352	18.0	0.0	0.0	4.0
0.48751993854798736	0.7226326481884718	0.03014704001861075	43.0	0.0	0.0	4.0
0.9881222684899864	0.5795870754264983	0.03177275774900388	47.0	0.0	0.0	4.0
0.6071136269381663	0.9179040086631939	0.03353335878726963	60.0	0.0	0.0	4.0
0.6119738416604869	0.8004477606529785	0.033058658366647696	46.0	0.0	0.0	4.0
0.10767723228092752	0.9834885450562494	0.029733293916808543	57.0	0.0	0.0	4.0
0.9384260895124953	0.5214699053305191	0.032068016801181834	39.0	0.0	0.0	4.0
0.1583791427162023	0.7121090513337657	0.032828044441746404	54.0	0.0	0.0	4.0
0.32972679318722836	0.9232369576559118	0.03180297356920052	24.0	0.0	0.0	4.0
0.19386437894773845	0.4370923434159932	0.030222599665839667	50.0	0.0	0.0	4.0
0.4259133076518084	0.6856105863913889	0.03368040990170051	22.0	0.0	0.0	4.0
0.8723994631347747	0.9034093533202875	0.031018821855992685	30.0	0.0	0.0	5.0
0.10677508305203931	0.6321359800080447	0.037825694598176696	35.0	0.0	0.0	5.0
0.8720209499967045	0.7869987633184804	0.03163239318494151	15.0	0.0	0.0	5.0
0.5699307643387892	0.18202748900867016	0.03260370531066512	32.0	0.0	0.0	5.0
0.9106891662266022	0.2259838676419975	0.03019565900622992	26.0	0.0	0.0	5.0
0.07073152984120974	0.7768266766277406	0.030928307618311068	41.0	0.0	0.0	5.0
0.09696612673107613	0.8953783054099084	0.03490683635724171	36.0	0.0	0.0	5.0
0.8428926299421199	0.2806386212638595	0.03398208006752414	13.0	0.0	0.0	5.0
0.934867280668159	0.5181806956215015	0.032100084817983016	39.0	0.0	0.0	5.0
0.6062851639938441	0.9177644926080637	0.0335668921460569	60.0	0.0	0.0	5.0
0.7839503045875096	0.3447242731992271	0.034637127681334125	21.0	0.0	0.0	5.0
0.8776226364035632	0.3542759511313375	0.031768164855734006	58.0	0.0	0.0	5.0
0.42054104657111546	0.687491777804145	0.033714090311602204	22.0	0.0	0.0	5.0
0.559825001111524	0.2856712264342594	0.033697287414766006	9.0	0.0	0.0	5.0
0.48979607912994855	0.4755924020322621	0.03391922602843956	7.0	0.0	0.0	5.0
0.04131584145327758	0.8460013058802492	0.036301215943632927	12.0	0.0	0.0	5.0
0.33388370500224107	0.3979611612677707	0.03337404132615605	29.0	0.0	0.0	5.0
0.417577470672794	0.21882685523060272	0.03153782595546347	56.0	0.0	0.0	5.0
0.4331315576372814	0.5981812400017608	0.0336185863213704	14.0	0.0	0.0	5.0
0.249773597055556	0.40405709545634566	0.03365160531015829	5.0	0.0	0.0	5.0
0.177992838095568	0.6276570468877778	0.02945819639059193	27.0	0.0	0.0	5.0
0.820124754066515	0.7057252352136891	0.035523074637517804	17.0	0.0	0.0009159483028327031	5.0
0.32972679318722836	0.9241701684282895	0.03183477654276971	24.0	0.0	0.0	5.0
0.4902817361385999	0.7233711168374075	0.030177187058629356	43.0	0.0	0.0	5.0
0.688055256118126	0.7879164373912909	0.03612068134591857	33.0	0.0	0.009007959047025338	5.0
0.6488232228313352	0.3324953614527086	0.033614973011360405	31.0	0.0	0.0	5.0
0.19820078272783562	0.22600984560732568	0.03177910553677641	25.0	0.0	0.0	5.0
0.2058021170086288	0.9840326687409308	0.034187279860747974	2.0	0.0	0.0	5.0
0.8208367072648193	0.4065594129762568	0.03218893824760262	20.0	0.0	0.0	5.0
0.5291838300342384	0.38859181513232355	0.03178198840942683	23.0	0.0	0.0	5.0
0.8263690279119582	0.50159537124297	0.0336457428324616	11.0	0.0	0.0	5.0
0.5204013239571514	0.09498938297691044	0.03761110534039939	34.0	0.0	0.0	5.0
0.07325669832856725	0.17213928196402845	0.03626986098473009	45.0	0.0	0.0	5.0
0.600399255685834	0.8003348377740593	0.03309171702501434	46.0	0.0	0.0	5.0
0.24002827298775897	0.6753371004319293	0.03068653006325457	8.0	0.0	0.0	5.0
0.12398329899143659	0.5529058226591804	0.0355134903658995	28.0	0.0	0.0	5.0
0.583080258586489	0.0734940218155547	0.03885515722232809	55.0	0.0	0.0	5.0
0.9881933126346165	0.580211301276559	0.03180453050675288	47.0	0.0	0.0	5.0
0.9466302670862435	0.31893678609364673	0.03321532710866335	51.0	0.0	0.0	5.0
0.9005748319572646	0.6604247087343667	0.032624507349828864	59.0	0.0	0.0	5.0
0.7174837093537806	0.1908060763292586	0.03404849939026854	44.0	0.0	0.0	5.0
0.14865599873960778	0.27125675185966447	0.03512601370846619	42.0	0.0	1.2806585459657072e-05	5.0
0.1960538706221062	0.4415870513155281	0.030252822265505505	50.0	0.0	0.0	5.0
0.34288362372938014	0.2622989148486342	0.03319709305018593	16.0	0.0	0.0	5.0
0.34164376704047783	0.0564284182231434	0.030453349221226174	38.0	0.0	0.0	5.0
0.1560298342830142	0.7092406614478645	0.032860872486188145	54.0	0.0	0.0	5.0
0.3858501143586344	0.8096279969842154	0.03243055672059555	18.0	0.0	0.0	5.0
0.42174224331269605	0.13628811272481614	0.03807706865383424	49.0	0.0	0.0	5.0
0.12492864084210535	0.10494063874190833	0.03266644922091059	53.0	0.0	0.0	5.0
0.08036206119597841	0.039040015228531476	0.034169885362521	10.0	0.0	0.0	5.0
0.8759892057859068	0.580987033910806	0.0359886040741052	4.0	0.0	0.00618368219993215	5.0
0.8463962282377758	0.1916268184520028	0.03264994882783381	19.0	0.0	0.0	5.0
0.1027206436331467	0.39413937950679556	0.031035622769157892	3.0	0.0	0.0	5.0
0.2581092885279839	0.900365657444029	0.03256984489306847	37.0	0.0	0.0	5.0
0.10665774589134705	0.9814287284168107	0.029763027210725348	57.0	0.0	0.0	5.0
0.35807499088186856	0.5651635772378285	0.03402010596472133	1.0	0.0	0.0	5.0
0.4851259237811713	0.2094233162472137	0.032560493138905626	40.0	0.0	0.0	5.0
0.2892771540886973	0.7764513022763015	0.03180612855791259	52.0	0.0	0.0	5.0
0.9591870325838806	0.7858693496744871	0.033235337587980855	48.0	0.0	0.0	5.0
0.5303192721939127	0.8938888047912185	0.0418960540971633	6.0	0.0	0.0	5.0
0.12779259465151302	0.5544034975220249	0.03396942556738214	28.0	0.0	0.0	6.0
0.6010224196634177	0.8011257014835035	0.033124808742039345	46.0	0.0	0.0	6.0
0.5293766205203498	0.3876772599322564	0.031813770397836255	23.0	0.0	0.0	6.0
0.10722073960885847	0.6307374765151997	0.036249623989919336	35.0	0.0	0.0	6.0
0.3603005293346871	0.5647017404945684	0.03405412607068605	1.0	0.0	0.0	6.0
0.0702602780776356	0.7768969119018958	0.030959235925929376	41.0	0.0	0.0	6.0
0.6496446959763583	0.3349143008995938	0.03364858798437176	31.0	0.0	0.0	6.0
0.9086467881773012	0.2253117187546349	0.030225854665236147	26.0	0.0	0.0	6.0
0.08512220642623007	0.035818587017986084	0.03420405524788352	10.0	0.0	0.0	6.0
0.9574329331221932	0.7882772786427482	0.03326857292556883	48.0	0.0	0.0	6.0
0.10576029005058427	0.9893141796106905	0.02979279023793607	57.0	0.0	0.0	6.0
0.8820762943657751	0.3564977274490641	0.031799933020589734	58.0	0.0	0.0	6.0
0.2367002905187443	0.6749901396233339	0.03071721659331782	8.0	0.0	0.0	6.0
0.3338424406665572	0.39752550845254	0.0334074153674822	29.0	0.0	0.0	6.0
0.20505301506058765	0.9855704660675133	0.03422146714060872	2.0	0.0	0.0	6.0
0.5607081157519672	0.28382895010658027	0.03373098470218077	9.0	0.0	0.0	6.0
0.8718981470330204	0.9018361860267851	0.031049840677848675	30.0	0.0	0.0	6.0
0.42025558882750563	0.686047778334127	0.0337478044019138	22.0	0.0	0.0	6.0
0.49090714233725513	0.4748404900239961	0.03395314525446799	7.0	0.0	0.0	6.0
0.8223530763309856	0.5020396321564922	0.03367938857529406	11.0	0.0	0.0	6.0
0.1738631753027501	0.629341016930283	0.029487654586982517	27.0	0.0	0.0	6.0
0.7831531952686404	0.3445796932364454	0.03467176480901545	21.0	0.0	0.0	6.0
0.2518068350507979	0.9005045558681972	0.03260241473796153	37.0	0.0	0.0	6.0
0.0960712677582798	0.39921120788458375	0.031066658391927047	3.0	0.0	0.0	6.0
0.8208500176000837	0.7047681518898353	0.03555859771215532	17.0	0.0	0.0011155201818127125	6.0
0.19795660667845277	0.22433538262589392	0.031810884642313186	25.0	0.0	0.0	6.0
0.4852049422686455	0.2093869560646517	0.032593053632044525	40.0	0.0	0.0	6.0
0.5309578833919095	0.8934205127550703	0.040150385176448165	6.0	0.0	0.0	6.0
0.8757647315204597	0.5803648848696132	0.036024592678179305	4.0	0.0	0.006883886768932257	6.0
0.9345555531322883	0.5185116481990213	0.032132184902800995	39.0	0.0	0.0	6.0
0.825391517768777	0.40869014821905714	0.03222112718585022	20.0	0.0	0.0	6.0
0.842654476940568	0.2806288699918953	0.034016062147591654	13.0	0.0	0.0	6.0
0.24912358811623667	0.4023242053567198	0.03368525691546844	5.0	0.0	0.0	6.0
0.4318112138087809	0.594037902654514	0.03365220490769177	14.0	0.0	0.0	6.0
0.07305496166179283	0.1657327643300272	0.034692910507133135	45.0	0.0	0.0	6.0
0.9906124270275662	0.5787041378297315	0.031836335037259626	47.0	0.0	0.0	6.0
0.6067535655113492	0.9188633794011372	0.03360045903820295	60.0	0.0	0.0	6.0
0.9534949396580886	0.31839543747847426	0.033248542435772015	51.0	0.0	0.0	6.0
0.4261174401164864	0.1350292381997923	0.036490524126591144	49.0	0.0	0.0	6.0
0.28720047930902914	0.7788299744012693	0.0318379346864705	52.0	0.0	0.0	6.0
0.04194745134985221	0.8462681838465357	0.03472290220695324	12.0	0.0	0.0	6.0
0.90021458813086	0.6626057834249777	0.03265713185717869	59.0	0.0	0.0	6.0
0.6871645613596759	0.7912060137277623	0.03615680202726449	33.0	0.0	0.009907340678523724	6.0
0.5923758470449292	0.06772812563715373	0.03723619233806442	55.0	0.0	0.0	6.0
0.15190163229215536	0.7085988021398126	0.03289373335867433	54.0	0.0	0.0	6.0
0.14928238025248947	0.2722144602102636	0.035161139722174654	42.0	0.0	2.6778596136978194e-05	6.0
0.4935551013968795	0.7260008595002712	0.03020736424568798	43.0	0.0	0.0	6.0
0.8421257572247112	0.18777842231385491	0.03268259877666164	19.0	0.0	0.0	6.0
0.5703899211294745	0.18294068323734705	0.032636309015975785	32.0	0.0	0.0	6.0
0.12593712897230783	0.10235167293408734	0.03269911567013149	53.0	0.0	0.0	6.0
0.34312753278327096	0.05937940651410322	0.030483802570447395	38.0	0.0	0.0	6.0
0.8718231015146153	0.7858460848409744	0.03166402557812645	15.0	0.0	0.0	6.0
0.38555550999317567	0.809623359692909	0.03246298727731614	18.0	0.0	0.0	6.0
0.4167293811156693	0.22027815160699132	0.03156936378141893	56.0	0.0	0.0	6.0
0.19528460848910079	0.43936783946928915	0.03028307508777101	50.0	0.0	0.0	6.0
0.34316239948230626	0.26295293278339954	0.03323029014323611	16.0	0.0	0.0	6.0
0.7193157743872802	0.18935312286813877	0.03408254788965881	44.0	0.0	0.0	6.0
0.10060865436225117	0.8944288721863249	0.03494174319359895	36.0	0.0	0.0	6.0
0.5128084559979139	0.09639283555566902	0.03604397595121608	34.0	0.0	0.0	6.0
0.3273278984903211	0.9243138173615657	0.03186661131931248	24.0	0.0	0.0	6.0
0.8714941480104333	0.7844595617055015	0.03169568960370457	15.0	0.0	0.0	7.0
0.49622015834130595	0.7292968778713415	0.030237571609933664	43.0	0.0	0.0	7.0
0.9576766308593018	0.7890951016668081	0.0333018414984944	48.0	0.0	0.0	7.0
0.18927218458818795	0.44705723064922326	0.030313358162858777	50.0	0.0	0.0	7.0
0.19784080856375472	0.22400132153425267	0.0318426955269555	25.0	0.0	0.0	7.0
0.8770798071899111	0.5808440542373324	0.03606061727085748	4.0	0.0	0.007635826614375674	7.0
0.1266480904093607	0.10526651453494927	0.03273181478580162	53.0	0.0	0.0	7.0
0.4203677533196787	0.6858411711892404	0.03378155220631571	22.0	0.0	0.0	7.0
0.417232247873009	0.220180385958022	0.03160093314520035	56.0	0.0	0.0	7.0
0.3294240086561981	0.9239879108716097	0.03189847793063179	24.0	0.0	0.0	7.0
0.8706205069653044	0.9004273632170513	0.03108089051852652	30.0	0.0	0.0	7.0
0.12696326026056065	0.5551229513313535	0.032425360768864764	28.0	0.0	0.0	7.0
0.0722789940537675	0.7795263253142283	0.0309901951618553	41.0	0.0	0.0	7.0
0.3864163310598735	0.8102799531531731	0.03249545026459345	18.0	0.0	0.0	7.0
0.9905827091977629	0.5810641531132694	0.03186817137229688	47.0	0.0	0.0	7.0
0.2577876012635027	0.3959307598955805	0.03371894217238391	5.0	0.0	0.0	7.0
0.10347281884253118	0.8973202134032736	0.03497668493679254	36.0	0.0	0.0	7.0
0.6513327333244829	0.33516588566827543	0.033682236572356125	31.0	0.0	0.0	7.0
0.3369566081865951	0.39511900642132636	0.033440822782849676	29.0	0.0	0.0	7.0
0.8178337947172447	0.7052176891806509	0.03559415630986747	17.0	0.0	0.0013424005298503516	7.0
0.8218908032082061	0.5021632379593137	0.03371306796386935	11.0	0.0	0.0	7.0
0.4852980596368945	0.2118508583383608	0.032625646685676565	40.0	0.0	0.0	7.0
0.9100750123644357	0.224565213844029	0.03025608051990138	26.0	0.0	0.0	7.0
0.5130048537064731	0.09618693823298079	0.03447684656203278	34.0	0.0	0.0	7.0
0.5295356055350098	0.8923775598665752	0.03840471625573303	6.0	0.0	3.8731371887479327e-08	7.0
0.9319694421283025	0.5152717575282324	0.03216431708770379	39.0	0.0	0.0	7.0
0.7835832767738234	0.3429507004843373	0.03470643657382447	21.0	0.0	0.0	7.0
0.6066201864815896	0.9189299175978545	0.033634059497241145	60.0	0.0	0.0	7.0
0.4403982142677042	0.5978624123709682	0.03368585711259946	14.0	0.0	0.0	7.0
0.2375123534731434	0.6775950308555366	0.030747933809911136	8.0	0.0	0.0	7.0
0.07142705218418699	0.16741804202955868	0.03311596002953617	45.0	0.0	0.0	7.0
0.8819299450649734	0.35745891307060695	0.03183173295361032	58.0	0.0	0.0	7.0
0.3434944439593155	0.05861398859095733	0.03051428637301784	38.0	0.0	0.0	7.0
0.2851541571172378	0.7800518458810006	0.031869772621156964	52.0	0.0	0.0	7.0
0.8236139467384317	0.40761351096228504	0.032253348313036063	20.0	0.0	0.0	7.0
0.49035507035502696	0.4760110235903235	0.03398709839972246	7.0	0.0	0.0	7.0
0.8386596521833236	0.2805156623380279	0.034050078209739244	13.0	0.0	0.0	7.0
0.5730250280245758	0.18037919364320812	0.03266894532499176	32.0	0.0	0.0	7.0
0.5910447627259154	0.06745190320382785	0.035617227453800755	55.0	0.0	0.0	7.0
0.09489078191013887	0.40129099993456324	0.03109772505031897	3.0	0.0	0.0	7.0
0.7177252468998941	0.19142481316903484	0.034116630437548465	44.0	0.0	0.0	7.0
0.6016173181668657	0.8009944158617331	0.03315793355078138	46.0	0.0	0.0	7.0
0.20508638306780774	0.9882203569761602	0.03425568860774932	2.0	0.0	0.0	7.0
0.1497459079426416	0.7070180147245986	0.032926627092033	54.0	0.0	0.0	7.0
0.9540710676622003	0.3188464673383638	0.033281790978207784	51.0	0.0	0.0	7.0
0.5607081157519672	0.28548069625049943	0.03376471568688295	9.0	0.0	0.0	7.0
0.8986690521950642	0.6614724456874241	0.032689788989035864	59.0	0.0	0.0	7.0
0.6905568192510342	0.7868446599060628	0.03619295882929175	33.0	0.0	0.010865665757179954	7.0
0.3412192215101665	0.2643221881599716	0.033263520433379344	16.0	0.0	0.0	7.0
0.8455352881488666	0.1888767610732875	0.0327152813754383	19.0	0.0	0.0	7.0
0.14539746425228875	0.27905894498302036	0.035196300861896825	42.0	0.0	4.841128308896714e-05	7.0
0.10765142045259199	0.9914260508988759	0.029822583028174	57.0	0.0	0.0	7.0
0.10732064329352207	0.6311064478085389	0.034673553381661976	35.0	0.0	0.0	7.0
0.1745344414494577	0.626922316307476	0.029517142241569497	27.0	0.0	0.0	7.0
0.35864940982842053	0.5636307682069239	0.03408818019675673	1.0	0.0	0.0	7.0
0.25427888196485127	0.8990495151473241	0.03263501715269949	37.0	0.0	0.0	7.0
0.08723535618693719	0.03722934613645029	0.0342382593031314	10.0	0.0	0.0	7.0
0.4260146955207004	0.13477498760973516	0.03490397959934806	49.0	0.0	0.0	7.0
0.5265739622998508	0.38802307480241294	0.03184558416823409	23.0	0.0	0.0	7.0
0.042088973654426806	0.8475116625503122	0.033144588470273545	12.0	0.0	0.0	7.0
0.3592049172483903	0.5636851498742781	0.034122268376953487	1.0	0.0	0.0	8.0
0.2838030721671406	0.7812239222167687	0.031901642393778115	52.0	0.0	0.0	8.0
0.19217745596883828	0.44186278524900113	0.03034367152102163	50.0	0.0	0.0	8.0
0.3293560620224388	0.9241530502287887	0.031930376408562416	24.0	0.0	0.0	8.0
0.48612054669556426	0.21171234864325897	0.03265827233236224	40.0	0.0	0.0	8.0
0.4172382383522929	0.6863075935110156	0.03381533375852202	22.0	0.0	0.0	8.0
0.25077703215857966	0.8963434280092453	0.032667652169852186	37.0	0.0	0.0	8.0
0.06209789928310027	0.14524733938537707	0.018701241980151915	65.0	45.0	0.0	8.0
0.8678354705732921	0.8987405254536546	0.031111971409045043	30.0	0.0	0.0	8.0
0.129710111353095	0.11155239809662951	0.03276454660058742	53.0	0.0	0.0	8.0
0.8387527856707442	0.28050118179760747	0.03408412828794898	13.0	0.0	0.0	8.0
0.9897939414727885	0.5794704909504788	0.03190003954366918	47.0	0.0	0.0	8.0
0.10705264380340038	0.6298351178158104	0.033097482773404616	35.0	0.0	0.0	8.0
0.5295797310752179	0.8922552622727822	0.036659047335017896	6.0	0.0	9.658996162897893e-07	8.0
0.10353523611397066	0.8973263237722274	0.03501166162172933	36.0	0.0	1.0149790341529297e-08	8.0
0.0877009644927034	0.03815537146434553	0.03427249756243453	10.0	0.0	0.0	8.0
0.8223405355431539	0.5009642748934691	0.03374678103183322	11.0	0.0	0.0	8.0
0.08287617379754766	0.18568375946490842	0.018701241980151915	66.0	45.0	0.0	8.0
0.8815603647199961	0.35745774966907207	0.03186356468656392	58.0	0.0	0.0	8.0
0.5262812989044202	0.39033506159596504	0.03187742975240232	23.0	0.0	0.0	8.0
0.6501670012325041	0.3335442801166572	0.03371591880892848	31.0	0.0	0.0	8.0
0.49297925725162284	0.4807730329174302	0.034021085498122175	7.0	0.0	0.0	8.0
0.261168165076996	0.3926446393034013	0.033752661114556284	5.0	0.0	0.0	8.0
0.17407182559869225	0.627182974152082	0.029546659383811062	27.0	0.0	0.0	8.0
0.6043960523412933	0.9116341161557308	0.03366769355673838	60.0	0.0	0.0	8.0
0.06499240076706028	0.829580839729566	0.01808292058892296	62.0	12.0	0.0	8.0
0.24740808023598757	0.6780626380850894	0.030778681743721045	8.0	0.0	0.0	8.0
0.38841716488770606	0.817317104937325	0.03252794571485804	18.0	0.0	0.0	8.0
0.8226937160416883	0.40878138505088796	0.0322856016613491	20.0	0.0	0.0	8.0
0.06995822618558721	0.7796359896025905	0.031021185357017155	41.0	0.0	0.0	8.0
0.9315227143158897	0.5184764125518859	0.03219648140479149	39.0	0.0	0.0	8.0
0.3373666230875996	0.39496667994069556	0.03347426360563252	29.0	0.0	0.0	8.0
0.1485401406164237	0.7101719986580078	0.032959553719125026	54.0	0.0	0.0	8.0
0.14552809802214828	0.27991691492608856	0.03523149716275872	42.0	0.0	7.939935819933908e-05	8.0
0.9134154883416863	0.22506307775501228	0.03028633660042128	26.0	0.0	0.0	8.0
0.5701863486742262	0.18227432329864798	0.03270161427031675	32.0	0.0	0.0	8.0
0.19587220765985738	0.22531557844468608	0.03187453822248245	25.0	0.0	0.0	8.0
0.8452635598922693	0.19005506157786298	0.03274799665681373	19.0	0.0	0.0	8.0
0.5997219867704229	0.8032213595934027	0.03319109148433216	46.0	0.0	0.0	8.0
0.43594414050623653	0.595315717668337	0.03371954296971205	14.0	0.0	0.0	8.0
0.9573062292480538	0.32317200633958837	0.03331507276918599	51.0	0.0	0.0	8.0
0.49711828046942425	0.7284015784909629	0.030267809181543596	43.0	0.0	0.0	8.0
0.4196943974034569	0.2231482342599866	0.03163253407834555	56.0	0.0	0.0	8.0
0.15216574923908244	0.5526458957122035	0.017690526596111946	64.0	28.0	0.0	8.0
0.3434810147224368	0.2645723969332651	0.03329678395381272	16.0	0.0	0.0	8.0
0.5921414778814631	0.06575180644555652	0.03399826256953708	55.0	0.0	0.0	8.0
0.7831846146914481	0.34203151154221356	0.03474114301039829	21.0	0.0	0.0	8.0
0.81866162206882	0.7062155432789946	0.03562975046617733	17.0	0.0	0.0015983999855819775	8.0
0.8722738211177914	0.7848123956825621	0.03172738529330827	15.0	0.0	0.0	8.0
0.565016257389197	0.2858477423287369	0.033798480402569823	9.0	0.0	0.0	8.0
0.9566368426994248	0.7886634483165207	0.033335143339992886	48.0	0.0	0.0	8.0
0.1035717078168683	0.5572715386581278	0.017690526596111946	63.0	28.0	0.0	8.0
0.027544700793051484	0.8586399074401346	0.01808292058892296	61.0	12.0	0.0	8.0
0.1076265449415902	0.987474960685774	0.02985240561120217	57.0	0.0	0.0	8.0
0.34561738886906485	0.057885573839240104	0.030544800659390855	38.0	0.0	0.0	8.0
0.8972424882222017	0.6608160154247396	0.032722478778024894	59.0	0.0	0.0	8.0
0.5120296603669489	0.09683798669229064	0.03290971717284947	34.0	0.0	0.0	8.0
0.0927192491864659	0.40199053268872853	0.031128822775369287	3.0	0.0	0.0	8.0
0.8774936901349835	0.5809948592698541	0.036096677888128335	4.0	0.0	0.008441453551697009	8.0
0.6882734550612447	0.7711862494329919	0.03622915178812104	33.0	0.0	0.011884927199716344	8.0
0.7178243642297996	0.19130063856400856	0.03415074706798601	44.0	0.0	0.0	8.0
0.43038973743485925	0.14032739757191084	0.03331743507210496	49.0	0.0	0.0	8.0
0.20580585355769107	0.9875553902909048	0.03428994429635707	2.0	0.0	0.0	8.0
0.572377293511066	0.05097115880193304	0.01822325024275365	76.0	55.0	0.0	9.0
0.48305880027714243	0.21078949511694478	0.03269093060469459	40.0	0.0	0.0	9.0
0.06760539410738434	0.14557713533580077	0.018719943222132066	65.0	0.0	0.0	9.0
0.15239596190258875	0.5534555788718902	0.017708217122708057	64.0	0.0	0.0	9.0
0.8826192372513925	0.58143154685497	0.03613277456601646	4.0	0.0	0.009302730549450189	9.0
0.9593084808531319	0.32669959371122714	0.03334838784195517	51.0	0.0	0.0	9.0
0.3469339188923168	0.05809876737004591	0.03057534546005024	38.0	0.0	0.0	9.0
0.029175570685956824	0.8605079441648465	0.01810100350951188	61.0	0.0	0.0	9.0
0.7831784703608062	0.34199571426131087	0.03477588415340868	21.0	0.0	0.0	9.0
0.130169685975365	0.6253963498848308	0.018374014158170502	71.0	35.0	0.0	9.0
0.5170796685529323	0.8713383681068682	0.0207020939257854	68.0	6.0	0.0	9.0
0.7183002829641534	0.1928977699249889	0.03418489781505399	44.0	0.0	0.0	9.0
0.488136532101939	0.0892803462468511	0.01826977638798606	70.0	34.0	0.0	9.0
0.44595905720950235	0.12455978837025161	0.018496120321896334	74.0	49.0	0.0	9.0
0.8231560965187529	0.7017351947114973	0.0356653802166435	17.0	0.0	0.0018853397592124566	9.0
0.9558581432851807	0.7907003300499019	0.033368478483332874	48.0	0.0	0.0	9.0
0.4216874824976382	0.688187559666488	0.03384914909228054	22.0	0.0	0.0	9.0
0.06374830385370032	0.8402254875712504	0.01810100350951188	62.0	0.0	0.0	9.0
0.5988484069490603	0.8033515577655739	0.033224282575816486	46.0	0.0	0.0	9.0
0.10740091007688057	0.9874398786237878	0.02988225801681337	57.0	0.0	0.0	9.0
0.9023054631222949	0.6605448159300482	0.03275520125680292	59.0	0.0	0.0	9.0
0.38360449176695854	0.8197179815325555	0.032560473660572894	18.0	0.0	0.0	9.0
0.6499487812200426	0.3334158363551591	0.0337496347277374	31.0	0.0	0.0	9.0
0.6887857804615226	0.7700445867394003	0.03626538093990916	33.0	0.0	0.012967129244586317	9.0
0.19421388662589598	0.43799635260941067	0.03037401519254265	50.0	0.0	0.0	9.0
0.14400214270227382	0.28028402653251894	0.03526672865992147	42.0	0.0	0.00012144762409604937	9.0
0.1480880361883117	0.7114501938216405	0.032992513272844144	54.0	0.0	0.0	9.0
0.8826565200840466	0.35825099428385676	0.03189542825125048	58.0	0.0	0.0	9.0
0.5699929210461131	0.18213619443349174	0.03273431588458706	32.0	0.0	0.0	9.0
0.2542550902443297	0.8885929452877347	0.03270031982202203	37.0	0.0	0.0	9.0
0.19480392013320694	0.2265085610928761	0.03190641276070493	25.0	0.0	0.0	9.0
0.20514843733274712	0.9860395959601757	0.03432423424065342	2.0	0.0	0.0	9.0
0.8691545010683226	0.8904294281780522	0.031143083380454083	30.0	0.0	0.0	9.0
0.4349250529300351	0.5951572683366538	0.03375326251268176	14.0	0.0	0.0	9.0
0.8419057063927547	0.27469349760265344	0.03411821241623693	13.0	0.0	0.0	9.0
0.845458535919577	0.19008663520470784	0.03278074465347054	19.0	0.0	0.0	9.0
0.6146125029009368	0.07993509293330613	0.01822325024275365	75.0	55.0	0.0	9.0
0.08831504938991337	0.03837040405825394	0.03430677005999696	10.0	0.0	0.0	9.0
0.18434546327189724	0.627556047038627	0.02957620604319487	27.0	0.0	0.0	9.0
0.10372315075007471	0.893065123461901	0.03504667328335105	36.0	0.0	6.50706340366014e-07	9.0
0.07578476197505403	0.6343852182958734	0.018374014158170502	72.0	35.0	0.0	9.0
0.5261713252618364	0.3917879446576267	0.03190930718215472	23.0	0.0	0.0	9.0
0.10616793770505509	0.5618456030485426	0.017708217122708057	63.0	0.0	0.0	9.0
0.4928205177119094	0.4803655206935779	0.03405510658362029	7.0	0.0	0.0	9.0
0.126772087122009	0.11325689811552885	0.032797311147188	53.0	0.0	0.0	9.0
0.8675361510047586	0.7850362669402455	0.03175911267860158	15.0	0.0	0.0	9.0
0.35795087921034807	0.5629256055015823	0.03415639064533044	1.0	0.0	0.0	9.0
0.6038560828683849	0.9116120068850165	0.03370136125029512	60.0	0.0	0.0	9.0
0.9361610073339857	0.5223989113906109	0.03222867788619628	39.0	0.0	0.0	9.0
0.5435254075146615	0.9198221172583162	0.0207020939257854	67.0	6.0	0.0	9.0
0.3436489736902671	0.26901662136216603	0.033330080737766526	16.0	0.0	0.0	9.0
0.338866761277535	0.3968219810229152	0.03350773786923815	29.0	0.0	0.0	9.0
0.9116328297388094	0.2259523846349004	0.030316622937021698	26.0	0.0	0.0	9.0
0.26471781062463956	0.38901590193562247	0.033786413775670834	5.0	0.0	0.0	9.0
0.24807983289901808	0.6781028635079036	0.030809460425464764	8.0	0.0	0.0	9.0
0.417387161681414	0.22566040107208651	0.03166416661242389	56.0	0.0	0.0	9.0
0.4942583624072422	0.7269067551315904	0.030298076990725138	43.0	0.0	0.0	9.0
0.3326951267318011	0.9210669378407768	0.03196230678497097	24.0	0.0	0.0	9.0
0.5654317430546483	0.2849218766900033	0.03383227888297239	9.0	0.0	0.0	9.0
0.4142514785239205	0.15907138138952287	0.018496120321896334	73.0	49.0	0.0	9.0
0.9888594263192206	0.5793967950124792	0.031931939583212846	47.0	0.0	0.0	9.0
0.28349591538054947	0.7826368725018126	0.03193354403617189	52.0	0.0	0.0	9.0
0.8204497103970745	0.5001793255733985	0.03378052781286505	11.0	0.0	0.0	9.0
0.5349713946889847	0.10602370352465976	0.01826977638798606	69.0	34.0	0.0	9.0
0.08071008588428272	0.19180774968172745	0.018719943222132066	66.0	0.0	0.0	9.0
0.0710813898854975	0.7714627958133821	0.03105220654237417	41.0	0.0	0.0	9.0
0.0929586948222522	0.40139800328395014	0.031159951598144654	3.0	0.0	0.0	9.0
0.8217249958208707	0.39976489757842487	0.03231788726301044	20.0	0.0	0.0	9.0
0.41918986258719587	0.6867174667429691	0.033882998241372815	22.0	0.0	0.0	10.0
0.4881499969742236	0.7235155243193122	0.03032837506771586	43.0	0.0	0.0	10.0
0.35174446172358903	0.559058865838896	0.034190547035975766	1.0	0.0	0.0	10.0
0.8425437435041225	0.27299252377506134	0.03415233062865316	13.0	0.0	0.0	10.0
0.256024342539926	0.8879101694378085	0.03273302014184405	37.0	0.0	0.0	10.0
0.822626846304579	0.3996362845584272	0.03235020515027345	20.0	0.0	0.0	10.0
0.6006757352313206	0.8040435599157452	0.0332575068583923	46.0	0.0	0.0	10.0
0.6141794299424403	0.0810265006044699	0.018241473492996402	75.0	0.0	0.0	10.0
0.08056773393611578	0.19156763259117537	0.018738663165354195	66.0	0.0	0.0	10.0
0.545849579413256	0.9288552787931725	0.020722796019711186	67.0	0.0	0.0	10.0
0.3322232058734352	0.9212877018887782	0.03199426909175594	24.0	0.0	0.0	10.0
0.41351704694342284	0.15974165165761917	0.01851461644221823	73.0	0.0	0.0	10.0
0.86906544013043	0.8903675070362597	0.031174226463834533	30.0	0.0	0.0	10.0
0.02762649511247819	0.8609431182943735	0.01811910451302139	61.0	0.0	0.0	10.0
0.06690542827694333	0.1450772817897995	0.018738663165354195	65.0	0.0	0.0	10.0
0.19450027971176254	0.22666003682432959	0.03193831917346563	25.0	0.0	0.0	10.0
0.9580946777945378	0.32358354849263066	0.03338173622979712	51.0	0.0	0.0	10.0
0.1034251783848662	0.8902917075257959	0.0350817199566344	36.0	0.0	3.4927247014593377e-06	10.0
0.1517400997646845	0.5489579351692458	0.017725925339830764	64.0	0.0	0.0	10.0
0.34717067572335314	0.05710084875984763	0.03060592080551029	38.0	0.0	0.0	10.0
0.4098586027974127	0.22789298444085243	0.03169583077903631	56.0	0.0	0.0	10.0
0.5702553470492884	0.18385974281800238	0.032767050200471645	32.0	0.0	0.0	10.0
0.18586910458439276	0.6263476947814657	0.02960578224923806	27.0	0.0	0.0	10.0
0.10534062116351005	0.5661736652199119	0.017725925339830764	63.0	0.0	0.0	10.0
0.8195741019441388	0.498228125214471	0.03381430834067791	11.0	0.0	0.0	10.0
0.8791763643397696	0.5826860140118963	0.03616890734058247	4.0	0.0	0.010221631775166884	10.0
0.8666679071744042	0.7844486829415558	0.03179087179128017	15.0	0.0	0.0	10.0
0.43527980170901764	0.5922057899053965	0.03378701577519443	14.0	0.0	0.0	10.0
0.12496511284087486	0.11074328495682728	0.032830108458335186	53.0	0.0	0.0	10.0
0.5259079722310911	0.3959654273650879	0.03194121648933687	23.0	0.0	0.0	10.0
0.07194613324696923	0.771350565224334	0.03108325874891654	41.0	0.0	0.0	10.0
0.2051209359613208	0.9865851623244823	0.03435855847489407	2.0	0.0	0.0	10.0
0.08651942579143497	0.037974135519628555	0.03434107683005695	10.0	0.0	0.0	10.0
0.9028950863873139	0.6605429598556632	0.032787956458059715	59.0	0.0	0.0	10.0
0.8430522360019246	0.1915234515833082	0.03281352539812401	19.0	0.0	0.0	10.0
0.14363373047930195	0.2804678146812957	0.035301995388581385	42.0	0.0	0.0001762710161870018	10.0
0.9891642255265496	0.578440312381306	0.031963871522796054	47.0	0.0	0.0	10.0
0.563521105325911	0.287544692576654	0.03386611116185536	9.0	0.0	0.0	10.0
0.49506225457744446	0.47807383431996386	0.03408916169020391	7.0	0.0	0.0	10.0
0.07517165996587828	0.6352729900036581	0.01839238817232867	72.0	0.0	0.0	10.0
0.6048770373569474	0.9093369183361875	0.03373506261154541	60.0	0.0	0.0	10.0
0.13020164115758376	0.625253685976217	0.01839238817232867	71.0	0.0	0.0	10.0
0.8224918511344442	0.704790786337891	0.03570104559686014	17.0	0.0	0.0022050516761566996	10.0
0.5716948218826324	0.04971404514782539	0.018241473492996402	76.0	0.0	0.0	10.0
0.106780424069265	0.9831848304613054	0.02991214027483018	57.0	0.0	0.0	10.0
0.9559590448772058	0.791092495698423	0.0334018469618162	48.0	0.0	0.0	10.0
0.9364486045580608	0.5211867029787577	0.032260906564082474	39.0	0.0	0.0	10.0
0.2819504250036307	0.7804288617518962	0.03196547758020806	52.0	0.0	0.0	10.0
0.5355321562774575	0.10551836518495467	0.018288046164374044	69.0	0.0	0.0	10.0
0.49232604828387067	0.20794797190651143	0.032723621535299285	40.0	0.0	0.0	10.0
0.4421271156556185	0.12420900017106692	0.01851461644221823	74.0	0.0	0.0	10.0
0.6890653929267981	0.7710280144141592	0.03630164632084906	33.0	0.0	0.014114287498358635	10.0
0.48765858132760165	0.08912969489269804	0.018288046164374044	70.0	0.0	0.0	10.0
0.650809218058225	0.3331799524846673	0.033783384362465134	31.0	0.0	0.0	10.0
0.2648559370165248	0.3889798989731776	0.0338202001894465	5.0	0.0	0.0	10.0
0.0903758061389867	0.4023761332345586	0.031191111549742793	3.0	0.0	0.0	10.0
0.1935216090810682	0.4349056795625602	0.030404389207735187	50.0	0.0	0.0	10.0
0.8826651264784171	0.3582166499659206	0.031927323679501726	58.0	0.0	0.0	10.0
0.7166864568799172	0.19136807526629912	0.03421908271286904	44.0	0.0	0.0	10.0
0.9124825366048229	0.22749431445190843	0.030346939559958715	26.0	0.0	0.0	10.0
0.06502463182491197	0.8394524426564715	0.01811910451302139	62.0	0.0	0.0	10.0
0.340300214302335	0.397205267662796	0.03354124560710738	29.0	0.0	0.0	10.0
0.34278177908917573	0.2584447311868148	0.03336341081850429	16.0	0.0	0.0	10.0
0.7837315870358106	0.34349900891078555	0.034810660037562086	21.0	0.0	0.0	10.0
0.5174781703533227	0.8664802690560852	0.020722796019711186	68.0	0.0	0.0	10.0
0.3818013949294613	0.820349367505076	0.032593034134233465	18.0	0.0	0.0	10.0
0.24751556291302432	0.6769980019604517	0.030840269885890226	8.0	0.0	0.0	10.0
0.1485627496536421	0.7098929967433691	0.03302550578611699	54.0	0.0	0.0	10.0
0.27895051995905473	0.7788124557556886	0.03199744305778827	52.0	0.0	0.0	11.0
0.6890011057245093	0.7713889133961118	0.03633794796716991	33.0	0.0	0.015328428982286368	11.0
0.9026497459354126	0.6605142546744993	0.03282074441451777	59.0	0.0	0.0	11.0
0.33534347673836246	0.9215535434697775	0.03202626336084769	24.0	0.0	0.0	11.0
0.09762875074064238	0.40565838738062604	0.03122230266129253	3.0	0.0	0.0	11.0
0.38169963503484045	0.8180418341296715	0.03262562716836769	18.0	0.0	0.0	11.0
0.19389412658779506	0.22590064565806298	0.03197025749263909	25.0	0.0	0.0	11.0
0.9587626342115312	0.3214874514691721	0.03341511796602691	51.0	0.0	0.0	11.0
0.9372898880240459	0.5210121224786558	0.032293167470646554	39.0	0.0	0.0	11.0
0.10224478044474132	0.8834146302487483	0.03511680167659103	36.0	0.0	1.0198286403806378e-05	11.0
0.5260005702963761	0.39619048023571807	0.031973157705826205	23.0	0.0	0.0	11.0
0.06898306966429474	0.15275057264355682	0.018757401828519548	65.0	0.0	0.0	11.0
0.8824450471646187	0.3543367345397596	0.03195925100318123	58.0	0.0	0.0	11.0
0.35100892657701943	0.5631880529264711	0.03422473758301174	1.0	0.0	0.0	11.0
0.8797198972346593	0.582468356105112	0.03620507624792305	4.0	0.0	0.011200142641200728	11.0
0.10529274322940282	0.980360271846161	0.029942052415105006	57.0	0.0	0.0	11.0
0.26613971329977054	0.388484474185492	0.03385402038963595	5.0	0.0	0.0	11.0
0.5628617964839532	0.2879383699132701	0.03389997727301721	9.0	0.0	0.0	11.0
0.8322543028912128	0.27031055736075743	0.03418648295928181	13.0	0.0	0.0	11.0
0.4853876208701506	0.08579666122074132	0.018306334210538417	70.0	0.0	0.0	11.0
0.8640837893386119	0.7871238661882478	0.03182266266307145	15.0	0.0	0.0	11.0
0.8215319936492136	0.7065326021755095	0.035736746642457	17.0	0.0	0.002559378220922781	11.0
0.5688517958752589	0.18495853247039293	0.03279981725067211	32.0	0.0	0.0	11.0
0.4086284544328119	0.22631140885225207	0.03172752660981534	56.0	0.0	0.0	11.0
0.1840849871859393	0.6247399118260948	0.029635388031487297	27.0	0.0	0.0	11.0
0.4360582570350888	0.5943215238534443	0.03382080279096963	14.0	0.0	0.0	11.0
0.7159745835188456	0.18776703525558439	0.034253301795581906	44.0	0.0	0.0	11.0
0.34166416702160146	0.2571482059189616	0.03339677422932279	16.0	0.0	0.0	11.0
0.8476458945578357	0.19467455695867583	0.03284633892352213	19.0	0.0	0.0	11.0
0.24639516860115251	0.6762601710141695	0.03087111015577611	8.0	0.0	0.0	11.0
0.41925815822675394	0.6872569896870092	0.033916881239614186	22.0	0.0	0.0	11.0
0.09011291174411896	0.03591949697303564	0.03437541790688701	10.0	0.0	0.0	11.0
0.9167515691992794	0.22791223346096195	0.03037728649951867	26.0	0.0	0.0	11.0
0.613613154066403	0.07980599362156511	0.018259714966489395	75.0	0.0	0.0	11.0
0.25691901225414254	0.885981867915879	0.03276575316198589	37.0	0.0	0.0	11.0
0.14547971725727646	0.5489382281184868	0.017743651265170593	64.0	0.0	0.0	11.0
0.7847453847268346	0.3437429065492681	0.03484547069759964	21.0	0.0	0.0	11.0
0.49339479783374846	0.20731890855555057	0.03275634515683458	40.0	0.0	0.0	11.0
0.10598529341109358	0.5655470032591067	0.017743651265170593	63.0	0.0	0.0	11.0
0.06226389329296034	0.8449431389619777	0.01813722361753441	62.0	0.0	0.0	11.0
0.40944593037624993	0.16309750159940298	0.018533131058660446	73.0	0.0	0.0	11.0
0.5354790114452594	0.10636138421864555	0.018306334210538417	69.0	0.0	0.0	11.0
0.43747085786414946	0.1207035765200659	0.018533131058660446	74.0	0.0	0.0	11.0
0.12518254032895992	0.1123030268681467	0.032862938566793516	53.0	0.0	0.0	11.0
0.027555577371726026	0.8600785665942449	0.01813722361753441	61.0	0.0	0.0	11.0
0.4944856850154247	0.47852520985963287	0.034123250851894105	7.0	0.0	0.0	11.0
0.876505645070397	0.8903440860238477	0.031205400690298365	30.0	0.0	0.0	11.0
0.8213048314187842	0.49743173386764794	0.03384812264901858	11.0	0.0	0.0	11.0
0.6507261967560769	0.3336142739797677	0.033817167746827595	31.0	0.0	0.0	11.0
0.07725023545700134	0.7761912911744887	0.03111434200766545	41.0	0.0	0.0	11.0
0.14634399890980188	0.27868297884308635	0.035337297383969964	42.0	0.0	0.0002455946447099677	11.0
0.5738117039605389	0.04857342875059003	0.018259714966489395	76.0	0.0	0.0	11.0
0.9898441947727383	0.5805285681522815	0.03199583539431885	47.0	0.0	0.0	11.0
0.08107316917188848	0.18990965924539532	0.018757401828519548	66.0	0.0	0.0	11.0
0.1956345210093362	0.4374525606520163	0.03043479359694292	50.0	0.0	0.0	11.0
0.6042481252590167	0.9085069837631122	0.03376879767415695	60.0	0.0	0.0	11.0
0.07664793243868494	0.6370987750778766	0.018410780560500998	72.0	0.0	0.0	11.0
0.3483598778691335	0.056338997094194425	0.030636526726315796	38.0	0.0	0.0	11.0
0.12628338025354158	0.6252906898207612	0.018410780560500998	71.0	0.0	0.0	11.0
0.14849551276515588	0.7105582176317663	0.0330585312919031	54.0	0.0	0.0	11.0
0.6026579099097533	0.8033354260469523	0.03329076436525069	46.0	0.0	0.0	11.0
0.4904817655529783	0.7244663594430678	0.03035870344278357	43.0	0.0	0.0	11.0
0.5155609774304837	0.8663047630773443	0.020743518815730895	68.0	0.0	0.0	11.0
0.20438398016963924	0.9863218841373624	0.03439291703336896	2.0	0.0	0.0	11.0
0.3410529210587317	0.39721237618478655	0.033574786852714485	29.0	0.0	0.0	11.0
0.5440090777638201	0.9298025682794011	0.020743518815730895	67.0	0.0	0.0	11.0
0.9542335517940339	0.7956059514400076	0.03343524880877802	48.0	0.0	0.0	11.0
0.8224584739625675	0.39969052365270774	0.032382555355423726	20.0	0.0	0.0	11.0
