# x	y	r	id	split_id	s_prob	t
2.0	0.5	0.0	-1.0	0.0	0.0	0.0
0.7370988710841964	0.8927065049187058	0.13324975315451712	1.0	0.0	6069.799950069363	0.0
0.07999728471998521	0.6665795330387196	0.07999728471998521	2.0	0.0	583.0944362829493	0.0
0.16278396529784944	0.912564727909952	0.11782699499194169	3.0	0.0	3636.6012996656827	0.0
0.566898345451945	0.6266944050505301	0.10221080806734016	4.0	0.0	1943.1097219806827	0.0
0.9323992325766262	0.49073957485034614	0.10377676268965987	5.0	0.0	2082.1171596481686	0.0
0.7761648650906227	0.6366394653168876	0.10655869897216384	6.0	0.0	2345.1319407245264	0.0
0.3117971308450072	0.6893309713749712	0.11892628875104228	7.0	0.0	3783.328314146025	0.0
0.49108724062785475	0.8397903783309	0.11033449170591444	8.0	0.0	2736.2864577254995	0.0
0.12164363679762347	0.43785074171452376	0.11101510000107484	9.0	0.0	2811.1213107734743	0.0
0.3127445505310044	0.6678470404599504	0.1190452150397933	7.0	0.0	3799.434414358643	1.0
0.08626524452813526	0.681284392001131	0.0800772820047052	2.0	0.0	586.2098875440987	1.0
0.7559617947493661	0.8900164608122958	0.13338300290767163	1.0	0.0	6094.529684350873	1.0
0.7843330499879899	0.6374840421521117	0.106665257671136	6.0	0.0	2355.6240199487443	1.0
0.9386631950332587	0.48910685859674624	0.10388053945234951	5.0	0.0	2091.5564630614663	1.0
0.4990990801442304	0.8371536730360588	0.11044482619762035	8.0	0.0	2748.326725956015	1.0
0.5626115159964431	0.6268418804366295	0.10231301887540749	4.0	0.0	1951.9881600578965	1.0
0.12583685955661308	0.4191300990221867	0.11112611510107591	9.0	0.0	2823.4556852580777	1.0
0.16110000609235572	0.9163814005635831	0.11794482198693361	3.0	0.0	3652.143321245631	1.0
0.5379773063013724	0.6214054614207907	0.10241533189428288	4.0	0.0	1960.9025208471394	2.0
0.31892518115609836	0.689584995519256	0.11916426025483308	7.0	0.0	3815.6023348926446	2.0
0.08779039632666798	0.6775102689756114	0.08015735928670989	2.0	0.0	589.3395483256	2.0
0.9500008129575316	0.49104801435579576	0.10398441999180186	5.0	0.0	2101.0337343079163	2.0
0.7836726549787733	0.8952230755510863	0.1335163859105793	1.0	0.0	6119.351327669327	2.0
0.508960159825271	0.8401937945428518	0.11055527102381796	8.0	0.0	2760.4143555910246	2.0
0.1730019119472742	0.9239009874392284	0.11806276680892053	3.0	0.0	3667.745170340126	2.0
0.12318374320349251	0.4272780933124096	0.11123724121617697	9.0	0.0	2835.838475268074	2.0
0.7785024273021962	0.6470702991578933	0.10677192292880712	6.0	0.0	2366.1578858298894	2.0
0.3030353338627511	0.6982762719221586	0.1192834245150879	7.0	0.0	3831.832293923634	3.0
0.788737446883334	0.8909942986631819	0.13364990229648985	1.0	0.0	6144.26519762029	3.0
0.11744084582428937	0.4441888360361748	0.11134847845739312	9.0	0.0	2848.2698541927016	3.0
0.18261174184752113	0.9154577713604257	0.11818082957572944	3.0	0.0	3683.4070584904744	3.0
0.9520424659861977	0.4909644180382631	0.10408840441179365	5.0	0.0	2110.5491115516447	3.0
0.5449069815416405	0.636590832281883	0.10251774722617715	4.0	0.0	1969.8529355751443	3.0
0.7782430573454914	0.6433310657139846	0.10687869485173591	6.0	0.0	2376.7336894465425	3.0
0.08319242639631062	0.6825166354043739	0.08023751664599658	2.0	0.0	592.4834747836327	3.0
0.5118578281568461	0.8520738259456622	0.11066582629484176	8.0	0.0	2772.54951648013	3.0
0.307388461670123	0.7116451769373338	0.11940270793960298	7.0	0.0	3848.124510353091	4.0
0.5170827048820574	0.851727928036844	0.11077649212113659	8.0	0.0	2784.732379043474	4.0
0.08599685542580841	0.6901386857698644	0.08031775416264257	2.0	0.0	595.6417232737695	4.0
0.554531835370306	0.6242163624233599	0.10262026497340332	4.0	0.0	1978.8395359142658	4.0
0.7765895705905766	0.6364344226329091	0.10698557354658764	6.0	0.0	2387.351582387207	4.0
0.9500483767648082	0.49105864563353135	0.10419249281620543	5.0	0.0	2120.102733424896	4.0
0.18888644851128591	0.942666903456453	0.11829901040530516	3.0	0.0	3699.1291979425887	4.0
0.7840789356042164	0.8961344711700304	0.13378355219878632	1.0	0.0	6169.2716128425855	4.0
0.12615402965645117	0.44294624770618785	0.1114598269358505	9.0	0.0	2860.7499960031414	4.0
0.0853508280661036	0.693518343297304	0.0803980719168052	2.0	0.0	598.8143503516394	5.0
0.19828108548708398	0.9607795197785851	0.11841730941571045	3.0	0.0	3714.9118016492457	5.0
0.5048813294543829	0.84100777479128	0.11088726861325772	8.0	0.0	2796.9631142735698	5.0
0.7828788451253131	0.637616119239141	0.10709255912013421	6.0	0.0	2398.011716751965	5.0
0.7796235575854018	0.9069629437713714	0.1339173357509851	1.0	0.0	6194.370893021599	5.0
0.9463627523369399	0.48936271368980827	0.10429668530902163	5.0	0.0	2129.6947390295522	5.0
0.3175126243406391	0.7034062566492951	0.11952211064754256	7.0	0.0	3864.4792038107094	5.0
0.11721681355378372	0.44061674172753856	0.11157128676278634	9.0	0.0	2873.279075254396	5.0
0.5568394682179868	0.6327390738651609	0.10272288523837671	4.0	0.0	1987.8624539839204	5.0
0.7959274157848644	0.6444460797276894	0.10719965167925434	6.0	0.0	2408.7142451541263	6.0
0.5046084776445626	0.8526454086554867	0.11099815588187097	8.0	0.0	2809.2418937371517	6.0
0.5602105369539035	0.6130990021443599	0.10282560812361508	4.0	0.0	1996.9218223520438	6.0
0.12852092843368632	0.42750300486147197	0.11168285804954911	9.0	0.0	2885.8572670871717	6.0
0.771548950543498	0.9014984535813353	0.13405125308673607	1.0	0.0	6219.563358892609	6.0
0.305821878215746	0.7028021817332692	0.11964163275819009	7.0	0.0	3880.8965946567214	6.0
0.08700225656728182	0.7035168183391147	0.080478469988722	2.0	0.0	602.0014127735955	6.0
0.20297914353680602	0.9557283795094227	0.11853572672512615	3.0	0.0	3730.7550832723564	6.0
0.9568774693012634	0.47765036891796514	0.10440098199433064	5.0	0.0	2139.325267938649	6.0
0.7737211423389941	0.9116402397673582	0.1341853043398228	1.0	0.0	6244.849332244137	7.0
0.20519622396734494	0.9540151099036209	0.11865426245185126	3.0	0.0	3746.65925718524	7.0
0.09458011098888203	0.7097632968911235	0.08055894845871071	2.0	0.0	605.2029674973817	7.0
0.12877023216491965	0.43409962632727445	0.11179454090759865	9.0	0.0	2898.4847472297647	7.0
0.9621486493130965	0.4752248470727149	0.10450538297632496	5.0	0.0	2148.994460197911	7.0
0.5521034419240911	0.619612046668756	0.10292843373173868	4.0	0.0	2006.0177740365411	7.0
0.3039002777254429	0.70068327933631	0.11976127439094827	7.0	0.0	3897.376903984243	7.0
0.5050659419445415	0.8578221104845611	0.11110915403775283	8.0	0.0	2821.5688895770286	7.0
0.8141371455133886	0.6569322873374995	0.10730685133093358	6.0	0.0	2419.4593207218863	7.0
0.22591223537799401	0.9637060367960943	0.1187729167143031	3.0	0.0	3762.6245384749027	8.0
0.7760730128208241	0.9053702751145132	0.1343194896441626	1.0	0.0	6270.229135921292	8.0
0.31370124787263914	0.6944043759066844	0.11988103566533921	7.0	0.0	3913.920353621621	8.0
0.1281835575295114	0.42863907705113174	0.11190633544850623	9.0	0.0	2911.1616919999524	8.0
0.9672580925915502	0.47659104555426846	0.10460988835930127	5.0	0.0	2158.7024563272726	8.0
0.09295503208885354	0.7182648101082635	0.08063950740716941	2.0	0.0	608.4190716828044	8.0
0.8125000356458162	0.6549334568221375	0.1074141581822645	6.0	0.0	2430.247097099997	8.0
0.5546423375965733	0.6349836385947547	0.10303136216547042	4.0	0.0	2015.1504425067483	8.0
0.48741616354457695	0.8702589815874405	0.11122026319179057	8.0	0.0	2833.944274513935	8.0
0.48440979823053887	0.8702873735392396	0.11133148345498235	8.0	0.0	2846.3682218483996	9.0
0.5527628465634228	0.6299308756526332	0.10313439352763587	4.0	0.0	2024.3199616848958	9.0
0.31670045842628264	0.6915741397952954	0.12000091670100453	7.0	0.0	3930.527166134791	9.0
0.9740575934741464	0.47956552699601773	0.10471449824766056	5.0	0.0	2168.449397322427	9.0
0.21856150545794803	0.9688857097900553	0.11889168963101739	3.0	0.0	3778.651142944332	9.0
0.08849329258179293	0.7401108583470223	0.08072014691457657	2.0	0.0	611.6497826924058	9.0
0.813301565330119	0.6433781223496816	0.10752157234044676	6.0	0.0	2441.077728451433	9.0
0.1316729469087045	0.4279149699368234	0.11201824178395473	9.0	0.0	2923.8882783068966	9.0
0.7700429595731205	0.9110143256340648	0.13445380913380675	1.0	0.0	6295.703093829123	9.0
0.10920547066773342	0.4202060364394809	0.11213026002573867	9.0	0.0	2936.6646836530444	10.0
0.32214210451301517	0.6946401993298525	0.12012091761770552	7.0	0.0	3947.197564829642	10.0
0.8123672713877543	0.6414290802499509	0.1076290939127872	6.0	0.0	2451.9513694590623	10.0
0.5461358165859411	0.6234889858154796	0.10323752792116349	4.0	0.0	2033.526465947581	10.0
0.469348182693957	0.8871070457160639	0.11144281493843733	8.0	0.0	2858.840905462609	10.0
0.7669214961795544	0.9334065140481153	0.13458826294294055	1.0	0.0	6321.271530935995	10.0
0.22063241488338367	0.9546842302446431	0.11901058132064839	3.0	0.0	3794.7392871147867	10.0
0.06623267765059847	0.7262419874800728	0.08080086706149114	2.0	0.0	614.8951580921361	10.0
0.9907604054378754	0.4854143094663949	0.1048192127459082	5.0	0.0	2178.235424656354	10.0
0.2233241490449648	0.9528625991926536	0.11912959190196902	3.0	0.0	3810.8891882281023	11.0
0.8083822182959227	0.6405496358238569	0.10773672300669998	6.0	0.0	2462.8681753273354	11.0
0.07355589671512985	0.7268659128437335	0.08088166792855263	2.0	0.0	618.1552556520328	11.0
0.9895522040013692	0.48731336995756225	0.1049240319586541	5.0	0.0	2188.0606802808784	11.0
0.4699362199757663	0.8830745181091176	0.11155425775337575	8.0	0.0	2871.362499822285	11.0
0.10369128777781382	0.4109047970160006	0.1122423902857644	9.0	0.0	2949.4910861360413	11.0
0.5442252854695596	0.6224595552479876	0.10334076544908465	4.0	0.0	2042.77009012724	11.0
0.7710066820007225	0.9376356635540092	0.13472285120588348	1.0	0.0	6346.934773276974	11.0
0.30032742520105254	0.6782172055387312	0.12024103853532321	7.0	0.0	3963.9317737543856	11.0
0.8003919500364466	0.642260291751555	0.10784445972970667	6.0	0.0	2473.8283017839644	12.0
0.29697747088349785	0.6788030615475467	0.12036127957385852	7.0	0.0	3980.7300177019306	12.0
0.5435890144937551	0.6205464966901291	0.10344410621453372	4.0	0.0	2052.0509695136234	12.0
0.09204172350973605	0.7088965268345868	0.08096254959648116	2.0	0.0	621.4301333468987	12.0
0.9936195185521376	0.4726580558390911	0.10502895599061274	5.0	0.0	2197.925306628211	12.0
0.10180758586313342	0.4079024087728383	0.11235463267605014	9.0	0.0	2962.3676644506486	12.0
0.774052641389985	0.9266604878982895	0.13485757405708934	1.0	0.0	6372.693147957206	12.0
0.22102218294564116	0.9464825092580649	0.11924872149387097	3.0	0.0	3827.1010642490005	12.0
0.47203093011047825	0.8940328819744161	0.11166581201112911	8.0	0.0	2883.9331799785646	12.0
0.7978057607435196	0.6518117873890189	0.10795230418943637	6.0	0.0	2484.8319050816144	13.0
0.21887618214418111	0.945654341605093	0.11936797021536483	3.0	0.0	3843.3751338674106	13.0
0.30355456827946786	0.67470537984621	0.12048164085343237	7.0	0.0	3997.5925222122783	13.0
0.5637445503046443	0.6375915745891849	0.10354755032074824	4.0	0.0	2061.3692398552826	13.0
0.7591151158506495	0.9141886106813121	0.1349924316311464	1.0	0.0	6398.546983155336	13.0
0.4727907915108626	0.8961811714106829	0.11177747782314024	8.0	0.0	2896.553121569887	13.0
0.09030288141953416	0.42213089168729956	0.11246698730872617	9.0	0.0	2975.2945978906655	13.0
0.09223726658748953	0.7166597363336654	0.08104351214607763	2.0	0.0	624.7198493569847	13.0
0.9859699632626157	0.47244127831815347	0.10513398494660334	5.0	0.0	2207.8294466125108	13.0
0.9809579833897427	0.4746337982362609	0.10523911893154993	5.0	0.0	2217.7732436314436	14.0
0.30979081959884014	0.6717400724990786	0.12060212249428579	7.0	0.0	4014.519513574905	14.0
0.10916687515650271	0.4028465777860635	0.11257945429603489	9.0	0.0	2988.2720663508603	14.0
0.7594644525039561	0.9197300233779531	0.13512742406277753	1.0	0.0	6424.4966081269085	14.0
0.09387405191427935	0.714050902641118	0.0811245556582237	2.0	0.0	628.0244620686714	14.0
0.8198939617326239	0.6686596189297604	0.10806025649362579	6.0	0.0	2495.8791419996023	14.0
0.21669140868379905	0.9451721932377476	0.11948733818558017	3.0	0.0	3859.711616500789	14.0
0.4826471652360925	0.9003458448729172	0.11188925530096336	8.0	0.0	2909.222500823883	14.0
0.5430578266970196	0.6304936444585958	0.10365109787106898	4.0	0.0	2070.7250373610573	14.0
0.5444985486952554	0.6495273014205755	0.10375474896894003	4.0	0.0	2080.1184987015663	15.0
0.9754595107724308	0.4772908673296931	0.10534435805048147	5.0	0.0	2227.756841567747	15.0
0.09390049261407059	0.7161506675306698	0.08120568021388191	2.0	0.0	631.3440300751555	15.0
0.09571891600839194	0.4043342457759999	0.1126920337503309	9.0	0.0	3001.300250328901	15.0
0.22580609996479778	0.947486775410301	0.11960682552376574	3.0	0.0	3876.110732296455	15.0
0.47920106300286286	0.8952880840727792	0.11200114455626431	8.0	0.0	2921.9414945592775	15.0
0.7453259373269562	0.9248816230426911	0.1352625514868403	1.0	0.0	6450.542353207796	15.0
0.31150560814773365	0.6702334557953437	0.12072272461678006	7.0	0.0	4031.5112188311723	15.0
0.8127441452252586	0.6626899800247785	0.1081683167501194	6.0	0.0	2506.9701698455974	15.0
0.0694842749068358	0.41099626325141186	0.11280472578408123	9.0	0.0	3014.3793309273005	16.0
0.09494511815884396	0.7216155701121366	0.08128688589409579	2.0	0.0	634.678612177138	16.0
0.2982075630179315	0.6582497319002784	0.12084344734139683	7.0	0.0	4048.5678657767294	16.0
0.47566090504709796	0.8805104535563043	0.11211314570082057	8.0	0.0	2934.7102801877886	16.0
0.8071285005769037	0.6617442858404812	0.1082764850668695	6.0	0.0	2518.1051464573275	16.0
0.22929950588621875	0.9441754865230837	0.1197264323492895	3.0	0.0	3892.572702133926	16.0
0.98932737451932	0.4844285308726215	0.10544970240853194	5.0	0.0	2237.780384790801	16.0
0.7425286622940754	0.9059732138991827	0.13539781403832712	1.0	0.0	6476.684549817621	16.0
0.5452168366159003	0.6476833304197992	0.10385850371790896	4.0	0.0	2089.549761010706	16.0
0.5409261107084863	0.6496250594240485	0.10396236222162686	4.0	0.0	2099.0189618871523	17.0
0.9939164775778411	0.49690107850230364	0.10555515211094045	5.0	0.0	2247.8440181582037	17.0
0.3028951361105234	0.670063106834049	0.12096429078873822	7.0	0.0	4065.689682963927	17.0
0.08566539494137522	0.7102854851199211	0.08136817277998987	2.0	0.0	638.028267383514	17.0
0.73907716363784	0.9060492807398354	0.13553321185236544	1.0	0.0	6502.923530463221	17.0
0.07186379097953167	0.4068648150599916	0.11291753050986529	9.0	0.0	3027.5094898553634	17.0
0.4750462858121974	0.9021222336827265	0.11222525884652138	8.0	0.0	2947.529035716043	17.0
0.22371860888024603	0.9349473724358766	0.11984615878163878	3.0	0.0	3909.097747627272	17.0
0.8088668681924112	0.6572815914535193	0.10838476155193635	6.0	0.0	2529.284230204289	17.0
0.9836506533496678	0.49978500566432066	0.10566070726305138	5.0	0.0	2257.9478870173557	18.0
0.8120124234059921	0.6374617196125384	0.10849314631348828	6.0	0.0	2540.507579989472	18.0
0.0901368362908649	0.707176638970641	0.08144954095276985	2.0	0.0	641.3930549120654	18.0
0.0670519776315457	0.4057391970128289	0.11303044804037514	9.0	0.0	3040.690909431137	18.0
0.19867241564529725	0.9380377763952711	0.1199660049404204	3.0	0.0	3925.6860911274553	18.0
0.296720428856494	0.6672218289230211	0.12108525507952694	7.0	0.0	4082.876899704253	18.0
0.5330431858823134	0.64587676678688	0.10406632458384847	4.0	0.0	2108.5262393958646	18.0
0.7358489180312477	0.8977618083894787	0.1356687450642178	1.0	0.0	6529.259628742085	18.0
0.4772470942276542	0.8752923793041167	0.11233748410536788	8.0	0.0	2960.397939747486	18.0
0.9875928497739037	0.512719040615244	0.10576636797031441	5.0	0.0	2268.092137207037	19.0
0.4700048755816507	0.8630763155774647	0.11244982158947324	8.0	0.0	2973.3171714843106	19.0
0.3053929224397058	0.6625479969790434	0.12120634033460646	7.0	0.0	4100.129746070747	19.0
0.09286011235447673	0.715352923474851	0.08153099049372262	2.0	0.0	644.7730341901545	19.0
0.06914008058984505	0.40416718665095447	0.11314347848841551	9.0	0.0	3053.923772583376	19.0
0.19130769882279913	0.9318887094895022	0.1200859709453608	3.0	0.0	3942.3379557247104	19.0
0.7385777976154115	0.8978907573643964	0.13580441380928202	1.0	0.0	6555.693179345829	19.0
0.5332710181181788	0.6434714026071305	0.1041703909084323	4.0	0.0	2118.071732069603	19.0
0.796384526388372	0.6481593278702285	0.10860163945980175	6.0	0.0	2551.7753552510735	19.0
0.06256129749501599	0.4100211192975609	0.1132566219669039	9.0	0.0	3067.2082628535	20.0
0.8028697657545291	0.6484191565387721	0.10871024109926154	6.0	0.0	2563.087715964232	20.0
0.47029282461320476	0.8676439565745822	0.1125622714110627	8.0	0.0	2986.2869107293805	20.0
0.09368738377804427	0.7181291561365396	0.08161252148421633	2.0	0.0	648.1682648554211	20.0
0.7356081818502478	0.9078564639572339	0.13594021822309127	1.0	0.0	6582.224518063671	20.0
0.30298152911889115	0.6637509579199975	0.12132754667494106	7.0	0.0	4117.44845290045	20.0
0.9990594522448113	0.5163163904025176	0.10587213433828471	5.0	0.0	2278.2769150590075	20.0
0.5293576586038476	0.6420733510413362	0.10427456129934072	4.0	0.0	2127.6555789104377	20.0
0.18874163355753376	0.9323374752373783	0.12020605691630615	3.0	0.0	3959.0535652509006	20.0
0.5446587442825711	0.6333246872496371	0.10437883586064005	4.0	0.0	2137.2779193912743	21.0
0.10090447280726153	0.7216167254196356	0.08169413400570054	2.0	0.0	651.5788067564825	21.0
0.482600961955765	0.8638967124133319	0.11267483368247376	8.0	0.0	2999.3073378881663	21.0
0.7886592383887818	0.6514615228379387	0.10881895134036079	6.0	0.0	2574.4448226427617	21.0
0.9941376995609744	0.5167357150609841	0.10597800647262298	5.0	0.0	2288.502367399593	21.0
0.174153216148003	0.9540409349175222	0.12032626297322244	3.0	0.0	3975.8331442818935	21.0
0.29332702772972974	0.6531051726809891	0.12144887422161599	7.0	0.0	4134.833251796848	21.0
0.06468718364008882	0.406105234169584	0.11336987858887079	9.0	0.0	3080.5445643975736	21.0
0.7482955973292672	0.9068781197246674	0.13607615844131435	1.0	0.0	6608.853981785923	21.0
0.06815543849293171	0.4054761609099049	0.11348324846745965	9.0	0.0	3093.932861988282	22.0
0.5402251020326571	0.6345101853517743	0.10448321469650068	4.0	0.0	2146.9388934573785	22.0
0.9772449151283752	0.5303069704546799	0.10608398447909559	5.0	0.0	2298.768641551293	22.0
0.7467255931364681	0.9081394232092801	0.13621223459975565	1.0	0.0	6635.581908507477	22.0
0.17224793195832444	0.9531642226039413	0.12044658923619564	3.0	0.0	3992.676918139954	22.0
0.7770080247180761	0.6570918281790866	0.10892777029170114	6.0	0.0	2585.846836340887	22.0
0.29053559022572095	0.6545249601062452	0.1215703230958376	7.0	0.0	4152.284375132323	22.0
0.08684008584952227	0.7155988326844305	0.08177582813970623	2.0	0.0	655.0047199536331	22.0
0.48954689736658663	0.8636123082496411	0.11278750851615622	8.0	0.0	3012.378633970684	22.0
0.5307539799036	0.618065896178942	0.10458769791119717	4.0	0.0	2156.6386415279035	23.0
0.15440729308256868	0.952433730355012	0.12056703582543182	3.0	0.0	4009.5851128961285	23.0
0.9825664127657464	0.5581461002952668	0.10619006846357468	5.0	0.0	2309.075885334383	23.0
0.4946969693299	0.857160276576556	0.11290029602467237	8.0	0.0	3025.5009805934446	23.0
0.7555689116915939	0.9185299928270549	0.1363484468343554	1.0	0.0	6662.40863733133	23.0
0.7658411387034689	0.6462369128135934	0.10903669806199283	6.0	0.0	2597.293918654994	23.0
0.0898241354258081	0.7163167300038017	0.08185760396784593	2.0	0.0	658.4460647195493	23.0
0.291457628643969	0.6572400276832638	0.12169189341893343	7.0	0.0	4169.80205605062	23.0
0.08029552055786633	0.4154833157085091	0.1135967317159271	9.0	0.0	3107.3733410169125	23.0
0.7636692670956764	0.9229606476016985	0.13648479528118973	1.0	0.0	6689.33450847209	24.0
0.9746226725446067	0.5581210942047333	0.10629625853203824	5.0	0.0	2319.4242470685244	24.0
0.14811642007240514	0.9429462106675928	0.12068760286125724	3.0	0.0	4026.5579553726398	24.0
0.07184564731454421	0.7085864157693762	0.08193946157181377	2.0	0.0	661.9029015399936	24.0
0.7594322694327044	0.6481247046130691	0.1091457347600548	6.0	0.0	2608.786231725374	24.0
0.28428651682756295	0.6497220544109256	0.12181358531235234	7.0	0.0	4187.386528469308	24.0
0.4934051101065764	0.8605394552505791	0.11301319632069703	8.0	0.0	3038.6745599814044	24.0
0.5335349125890569	0.6089436349225669	0.10469228560910836	4.0	0.0	2166.377304497432	24.0
0.07226945637838422	0.41075919411393214	0.11371032844764302	9.0	0.0	3120.8661874953473	24.0
0.14541077256790752	0.9447525269823639	0.12080829046411848	3.0	0.0	4043.5956731453034	25.0
0.7648252483691417	0.9193330922031127	0.1366212800764709	1.0	0.0	6716.359863259517	25.0
0.05745108977130121	0.731853671909658	0.08202140103338558	2.0	0.0	665.3752911145245	25.0
0.755898004327799	0.6454468851421065	0.10925488049481485	6.0	0.0	2620.323938237987	25.0
0.5302369376067189	0.6014589684008504	0.10479697789471745	4.0	0.0	2176.1550237375077	25.0
0.9509018789873206	0.5411818062310575	0.10640255479057026	5.0	0.0	2329.8138755743826	25.0
0.2714545472004293	0.6274424748288814	0.12193539889766468	7.0	0.0	4205.038027082269	25.0
0.5118863161609821	0.8576659684017498	0.11312620951701773	8.0	0.0	3051.8995549699243	25.0
0.06617076353111818	0.409810959802812	0.11382403877609065	9.0	0.0	3134.4115880580594	25.0
0.7527383972377168	0.6344367907292263	0.10936413537530966	6.0	0.0	2631.9072014262138	26.0
0.9625738157264576	0.5337573560676584	0.10650895734536081	5.0	0.0	2340.2449201752447	26.0
0.2818569134004081	0.6292616903066031	0.12205733429656233	7.0	0.0	4222.756787362173	26.0
0.08138208829220232	0.7382525087416839	0.08210342243441895	2.0	0.0	668.8632943572044	26.0
0.07988945248384727	0.4010222050344996	0.11393786281486673	9.0	0.0	3148.0097299641184	26.0
0.5067922108491059	0.859378063316233	0.11323933572653473	8.0	0.0	3065.176149006734	26.0
0.7696341813723406	0.9203626483432421	0.13675790135654736	1.0	0.0	6743.4850441420695	26.0
0.5381219685675238	0.5892358168308887	0.10490177487261215	4.0	0.0	2185.9719410981893	26.0
0.14636013937244624	0.9467014389265705	0.12092909875458259	3.0	0.0	4060.698494545936	26.0
0.15885422798707466	0.9529343087228342	0.12105002785333716	3.0	0.0	4077.8666486647703	27.0
0.5397183814862491	0.5880958002420728	0.10500667664748475	4.0	0.0	2195.828198909595	27.0
0.7824483224770926	0.9217802008008391	0.1368946592579039	1.0	0.0	6770.710394690435	27.0
0.07635322232912335	0.39939501653574583	0.11405180067768159	9.0	0.0	3161.6608010991954	27.0
0.9730092137118991	0.5210162491044598	0.10661546630270616	5.0	0.0	2350.7175306986496	27.0
0.7588661721020858	0.6293204911439678	0.10947349951068495	6.0	0.0	2643.536185072629	27.0
0.27147932325474067	0.6189167163477659	0.12217939163085888	7.0	0.0	4240.54304556297	27.0
0.08062358785094549	0.7502843523395533	0.08218552585685336	2.0	0.0	672.3669723973143	27.0
0.4975634032365233	0.8574629301732531	0.11335257506226125	8.0	0.0	3078.5045261539017	27.0
0.16305806544765375	0.9421423210720811	0.12117107788119048	3.0	0.0	4095.100365352899	28.0
0.5000766797078475	0.8590068794198514	0.1134659276373235	8.0	0.0	3091.884871089817	28.0
0.2768940695919721	0.6355459614944683	0.12230157102248972	7.0	0.0	4258.397038722397	28.0
0.7659594703371331	0.9213129301746756	0.1370315539171618	1.0	0.0	6798.036259601125	28.0
0.5563026189824378	0.5814546374845428	0.10511168332413223	4.0	0.0	2205.723939983457	28.0
0.07455668300060883	0.3973631813334874	0.11416585247835925	9.0	0.0	3175.364989977581	28.0
0.07308305201418462	0.7494982092527058	0.0822677113827102	2.0	0.0	675.8863865800676	28.0
0.7695191211602067	0.6271098246453113	0.10958297301019562	6.0	0.0	2655.2110535107736	28.0
0.9767135167792452	0.5111407693639202	0.10672208176900885	5.0	0.0	2361.2318574780156	28.0
0.27998556605106883	0.6333965456548817	0.12242387259351219	7.0	0.0	4276.319004664485	29.0
0.0738104912276228	0.7530599752684911	0.0823499790940929	2.0	0.0	679.4215984673269	29.0
0.7806967061405117	0.6272838349477421	0.1096925559832058	6.0	0.0	2666.931971626932	29.0
0.7547610553572239	0.9384347885296476	0.13716858547107894	1.0	0.0	6825.462984700021	29.0
0.9814312517058429	0.5239629206265608	0.10682880385077785	5.0	0.0	2371.7880513542755	29.0
0.16429762477608903	0.9387067796029869	0.12129224895907166	3.0	0.0	4112.399875224694	29.0
0.4983850582210417	0.8575944838108541	0.1135793935649608	8.0	0.0	3105.3173691111665	29.0
0.5548992359991732	0.5778318842635672	0.10521679500745636	4.0	0.0	2215.6593076146846	29.0
0.07060762898969905	0.3921518704597117	0.1142800183308376	9.0	0.0	3189.12248574421	29.0
