# x	y	r	id	split_id	s_prob	t
2.0	0.5	0.0	-1.0	0.0	0.0	0.0
0.3135719246119706	0.4908259466418686	0.11925396132397857	1.0	0.0	3827.8151857074276	0.0
0.4076408924906048	0.25174261490132555	0.12331393661297074	2.0	0.0	4408.2651210811755	0.0
0.8501730962947277	0.4349950364495845	0.11751499091314571	3.0	0.0	3595.6593685197677	0.0
0.22789574313940836	0.10694745765673619	0.10694745765673619	4.0	0.0	2383.5613289167386	0.0
0.7969625839830483	0.2030268229490341	0.11920907888535062	5.0	0.0	3821.7011642099715	0.0
0.17199318400055397	0.701533775740815	0.10769330551021676	6.0	0.0	2458.4604532121125	0.0
0.40317466735157753	0.7129442240953884	0.1027459113070472	7.0	0.0	1989.8907885065946	0.0
0.08230602131313919	0.5105750105951546	0.08230602131313919	8.0	0.0	677.5311130623638	0.0
0.24694570345144776	0.9062400748248436	0.10001664274796389	9.0	0.0	1758.9504054166962	0.0
0.2318220443702986	0.10705440511439292	0.10705440511439292	4.0	0.0	2394.2063861890006	1.0
0.41787713335818644	0.26394352796181286	0.1234372505495837	2.0	0.0	4426.756876853678	1.0
0.774918387670057	0.1998830971181436	0.11932828796423596	5.0	0.0	3837.954520322318	1.0
0.17199318400055397	0.714441962155094	0.10780099881572697	6.0	0.0	2469.403090614473	1.0
0.8420573664387099	0.4399806698010128	0.11763250590405884	3.0	0.0	3611.0436980104437	1.0
0.32166325014221514	0.49637634161830724	0.11937321528530254	1.0	0.0	3844.0919944697903	1.0
0.22981500961436274	0.9176766909065165	0.10011665939071183	9.0	0.0	1767.0804044835809	1.0
0.39695232899224936	0.7077489700477436	0.10284865721835423	7.0	0.0	1998.9583488807677	1.0
0.08204615701440138	0.5208918216815384	0.08238832733445232	8.0	0.0	681.0737045707606	1.0
0.31420742895126136	0.49317346475998763	0.11949258850058783	1.0	0.0	3860.4312259097405	2.0
0.22803182299071018	0.10218139810007758	0.1071614595195073	4.0	0.0	2404.893783031074	2.0
0.833352277482916	0.44446110003971173	0.11775013840996289	3.0	0.0	3626.4872972311714	2.0
0.16502891833727873	0.7115903900110384	0.10790879981454268	6.0	0.0	2480.3891417811656	2.0
0.43514047702888525	0.2622952704413763	0.12356068780013327	2.0	0.0	4445.3188424333275	2.0
0.22916641299166537	0.929319628518813	0.10021677605010254	9.0	0.0	1775.2435842154166	2.0
0.4054366215130579	0.7121154385505278	0.10295150587557257	7.0	0.0	2008.0625224617047	2.0
0.08493288961415105	0.5080040042069293	0.08247071566178676	8.0	0.0	684.6321844139646	2.0
0.7723655133159709	0.20772323787800315	0.11944761625220018	5.0	0.0	3854.270216377801	2.0
0.44487701665662516	0.25781502322705	0.12368424848793338	2.0	0.0	4463.951263848219	3.0
0.08407674601566495	0.505429860642124	0.08255318637744855	8.0	0.0	688.2066146911317	3.0
0.1659965894100236	0.7035394523645448	0.10801670861435721	6.0	0.0	2491.418763278914	3.0
0.22785947435324838	0.07480648247853015	0.1072686209790268	4.0	0.0	2415.6236723874013	3.0
0.24024962667974417	0.9285858962913727	0.10031699282615263	9.0	0.0	1783.440066511631	3.0
0.7740274816944676	0.2119116430922664	0.11956706386845237	5.0	0.0	3870.6484722806836	3.0
0.2974032054766023	0.4887934051753153	0.11961208108908841	1.0	0.0	3876.833100206735	3.0
0.8366992065730012	0.4441547114344054	0.11786788854837284	3.0	0.0	3641.9903758649602	3.0
0.4057643713190962	0.7207877572327592	0.10305445738144814	7.0	0.0	2017.2034428201748	3.0
0.4190380239735803	0.7190650381896232	0.10315751183882958	7.0	0.0	2026.381243980169	4.0
0.29007278860207963	0.48369680734661324	0.11973169317017748	1.0	0.0	3893.297838272533	4.0
0.2465451826656488	0.9487804372449856	0.10041730981897877	9.0	0.0	1791.669973686974	4.0
0.17054392827481116	0.7013065842493434	0.10812472532297156	6.0	0.0	2502.4921122021115	4.0
0.08137629854492662	0.506611187187237	0.08263573956382599	8.0	0.0	691.7970577205696	4.0
0.4404306674027514	0.24962484194316995	0.15475991592052663	2.0	0.0	4482.654387941495	4.0
0.8256636526292753	0.4675529035723447	0.11798575643692119	3.0	0.0	3657.5531442934653	4.0
0.763850405219805	0.21651718653543306	0.1196866309323208	5.0	0.0	3887.0895086666537	4.0
0.21020696478442152	0.08279496521250145	0.10737588960000581	4.0	0.0	2426.396207718383	4.0
0.7443655813982147	0.21743791168315507	0.11980631756325312	5.0	0.0	3903.593546905164	5.0
0.8274657614279091	0.46213455228725114	0.1181037421933581	3.0	0.0	3673.1758135992295	5.0
0.20779322229436273	0.0844064029301649	0.10748326548960581	4.0	0.0	2437.211543002049	5.0
0.2966005458737175	0.48469981522392336	0.11985142486334764	1.0	0.0	3909.825661753549	5.0
0.40476396080019095	0.7041005489761513	0.1032606693506684	7.0	0.0	2035.5960604203733	5.0
0.42188525031903024	0.2269818011055831	0.14856951928370557	2.0	0.0	4501.428462373951	5.0
0.0827183753033898	0.4823313150265623	0.0827183753033898	8.0	0.0	695.4035760404656	5.0
0.25046802496560416	0.946854214072932	0.10051772712879774	9.0	0.0	1799.9334284728616	5.0
0.16583757405872188	0.7079411501203531	0.10823285004829451	6.0	0.0	2513.6093461745154	5.0
0.7388074687531204	0.2166452684837709	0.11992612388081636	5.0	0.0	3920.160809101785	6.0
0.07055848774862851	0.4634814018944056	0.08280109367869318	8.0	0.0	699.0262324096179	6.0
0.42739223613549754	0.2386580171697405	0.1423791226468845	2.0	0.0	4520.273735626653	6.0
0.20889010632684452	0.08633890444561951	0.1075907487550954	4.0	0.0	2448.0698327357263	6.0
0.24497272804062978	0.9423822083577512	0.10061824485592652	9.0	0.0	1808.230554018736	6.0
0.8247595797193663	0.443576626137509	0.11822184593555145	3.0	0.0	3688.858595567924	6.0
0.16815210703561342	0.705633891591473	0.1083410828983428	6.0	0.0	2524.770623350967	6.0
0.3997961211844964	0.720772076852269	0.10336393002001905	7.0	0.0	2044.8480270756456	6.0
0.310207296003086	0.4863787272278289	0.11997127628821097	1.0	0.0	3926.4167930331987	6.0
0.3081248617372567	0.4965749655679113	0.12009124756449917	1.0	0.0	3943.0714552342693	7.0
0.07113640382531905	0.47264869497588785	0.08288389477237186	8.0	0.0	702.6650898081647	7.0
0.2406488359356299	0.9392944679178367	0.10071886310078243	9.0	0.0	1816.5614738934216	7.0
0.21009031007663342	0.07983844439627931	0.1076983395038505	4.0	0.0	2458.9712319377227	7.0
0.4099458084283847	0.7224156760272838	0.10346729395003906	7.0	0.0	2054.1372793384926	7.0
0.1647778145409445	0.7232863220312636	0.10844942398124112	6.0	0.0	2535.976102419101	7.0
0.8235590075908389	0.44186139309210914	0.11834006778148698	3.0	0.0	3704.601702690613	7.0
0.41835440835120824	0.2461079620051007	0.13618872601006346	2.0	0.0	4539.1904570035595	7.0
0.7392962330725839	0.2080285375874708	0.12004605000469716	5.0	0.0	3936.791518100562	7.0
0.2464419462121239	0.9303141525172919	0.1008195819638832	9.0	0.0	1824.9263120864891	8.0
0.7617728179186286	0.21313740727725403	0.12016609605470184	5.0	0.0	3953.485897486386	8.0
0.4050341437258672	0.2557473147173977	0.12999832937324238	2.0	0.0	4558.178876634148	8.0
0.41020027448171026	0.7166453387726699	0.10357076124398909	7.0	0.0	2063.463953060552	8.0
0.20531924785445138	0.07952258996902925	0.10780603784335434	4.0	0.0	2469.915896149005	8.0
0.07232665266290514	0.47812395226388293	0.08296677866714422	8.0	0.0	706.3202114383213	8.0
0.30980491037486835	0.4948136542012559	0.12021133881206365	1.0	0.0	3959.78987222128	8.0
0.16388580562070226	0.7273896474765696	0.10855787340522235	6.0	0.0	2547.2259426010714	8.0
0.8260400232862017	0.4447032068098596	0.11845840784926845	3.0	0.0	3720.405348166014	8.0
0.3248121881630626	0.23745982524647036	0.0746569270308775	10.0	2.0	399.1509328403356	9.0
0.3309559623545813	0.4950134035948186	0.12033155015087571	1.0	0.0	3976.572268602863	9.0
0.810484775854609	0.4522200883272912	0.1185768662571177	3.0	0.0	3736.2697459027636	9.0
0.7487333538977875	0.2084790458298338	0.12028626215075652	5.0	0.0	3970.244171587362	9.0
0.08042646540931005	0.4777923021211816	0.08304974544581135	8.0	0.0	709.9916607251151	9.0
0.19095738659418612	0.7249114282748321	0.10866643127862756	6.0	0.0	2558.5203036552675	9.0
0.40621418096748696	0.7279148710640138	0.10367433200523307	7.0	0.0	2072.8281845540846	9.0
0.2142464323162137	0.0630787042277616	0.10791384388119768	4.0	0.0	2480.903981434893	9.0
0.25836263962189265	0.9507134829940063	0.10092040154584707	9.0	0.0	1833.3251930096228	9.0
0.5146893521012575	0.23809825218683894	0.0746569270308775	11.0	2.0	399.1509328403356	9.0
0.8127035395789503	0.45534788819221106	0.11869544312337481	3.0	0.0	3752.1951105216986	10.0
0.31060345573983317	0.5150480678779286	0.12045188170102657	1.0	0.0	3993.4188697341474	10.0
0.07869954310765243	0.47583920180860767	0.08313279519125716	8.0	0.0	713.6795013171258	10.0
0.7520206306988504	0.2177728749705641	0.12040654841290727	5.0	0.0	3987.066565477196	10.0
0.40893996310845987	0.7285344343053315	0.1037780063372383	7.0	0.0	2082.230110593466	10.0
0.5146893521012575	0.26470302973809506	0.07473158395790838	11.0	0.0	401.4094676476279	10.0
0.19518429803470094	0.7505030106604936	0.10877509770990618	6.0	0.0	2569.85934587806	10.0
0.2551342731543673	0.9524793039475451	0.10102132194739291	9.0	0.0	1841.758241497993	10.0
0.321106397748205	0.24793688119013366	0.07473158395790838	10.0	0.0	401.4094676476279	10.0
0.21785994446323803	0.08077157055272577	0.10802175772507887	4.0	0.0	2491.9356443867496	10.0
0.21008695941279876	0.10812977948280393	0.10812977948280393	4.0	0.0	2503.0110421236845	11.0
0.3076586879405496	0.529113506183697	0.12057233358272758	1.0	0.0	4010.329901719151	11.0
0.09110036722893759	0.4714089950983853	0.0832159279864484	8.0	0.0	717.3837970872252	11.0
0.2561017195379162	0.9625076644962471	0.10112234326934029	9.0	0.0	1850.225582811631	11.0
0.8132389828714339	0.46830061643139415	0.11881413856649817	3.0	0.0	3768.1816573581377	11.0
0.4225411715259528	0.7378154741957532	0.10388178434357552	7.0	0.0	2091.669868416686	11.0
0.5105170996491557	0.27415938817363905	0.07480631554186629	11.0	0.0	403.67877744295805	11.0
0.30937837224316583	0.2640711064660738	0.07480631554186629	10.0	0.0	403.67877744295805	11.0
0.2070326560002178	0.7494025020387025	0.10888387280761608	6.0	0.0	2581.2432301055296	11.0
0.7464437326209821	0.21767538817988863	0.12052695496132015	5.0	0.0	4003.953304977577	11.0
