# x	y	r	id	split_id	s_prob	t
2.0	0.5	0.0	-1.0	0.0	0.0	0.0
0.4940721447747382	0.15904899732317535	0.1128630513701319	1.0	0.0	3021.1635180298	0.0
0.7200644050125043	0.11548589565117287	0.11066698244862434	2.0	0.0	2772.676609888629	0.0
0.9041547029988257	0.2608763734191949	0.10499060973905447	3.0	0.0	2194.3166827548353	0.0
0.5437073339559994	0.5365448039097456	0.1028812278100184	4.0	0.0	2001.8385171137986	0.0
0.7205418859187505	0.39858254858171926	0.12025520988886391	5.0	0.0	3965.9091177328564	0.0
0.4861457814151327	0.7457728800689803	0.10511090103048362	6.0	0.0	2205.6501075851747	0.0
0.3290415289570075	0.5280673842624063	0.10448499120676791	7.0	0.0	2147.1035730790977	0.0
0.5443862016215026	0.5335872559514026	0.10298410903782841	4.0	0.0	2010.9543173335644	1.0
0.7207002226976347	0.39580308564474975	0.12037546509875277	5.0	0.0	3982.714926890213	1.0
0.906137774680355	0.26041247735504663	0.1050956003487935	3.0	0.0	2204.206369795852	1.0
0.3215399587719626	0.5280040548562611	0.10458947619797467	7.0	0.0	2156.8039819588025	1.0
0.5001821512656229	0.7472161530852326	0.1052160119315141	6.0	0.0	2215.585179616515	1.0
0.4723463109426736	0.15454052058627477	0.11297591442150202	1.0	0.0	3034.320164826971	1.0
0.7194981396729034	0.11322618083655288	0.11077764943107296	2.0	0.0	2784.8599719519025	1.0
0.7145638035915005	0.3835785502672025	0.12049584056385151	5.0	0.0	3999.5850232531075	2.0
0.7241030048248981	0.10957420634970835	0.11088842708050402	2.0	0.0	2797.091208472241	2.0
0.32347436115996314	0.527257545589124	0.10469406567417262	7.0	0.0	2166.543308138414	2.0
0.5003688182478205	0.754626974813157	0.1053212279434456	6.0	0.0	2225.5600209124523	2.0
0.5333623217860517	0.533617515958948	0.10308709314686623	4.0	0.0	2020.1069067395838	2.0
0.48319015323592723	0.1592842228396412	0.11308889033592351	1.0	0.0	3047.528166801462	2.0
0.9170911778240805	0.26710358534518636	0.10520069594914229	3.0	0.0	2214.1356614248775	2.0
0.538032562486131	0.524982074708315	0.10319018024001309	4.0	0.0	2029.2964194997326	3.0
0.9265632540470239	0.2711058792493812	0.10530589664509142	3.0	0.0	2224.104701347245	3.0
0.5050030910715179	0.749020258431005	0.10542654917138904	6.0	0.0	2235.5747757353183	3.0
0.7259486695686105	0.10636966053685341	0.1109993155075845	2.0	0.0	2809.3704910223933	3.0
0.3152748135828999	0.526298186882324	0.10479875973984679	7.0	0.0	2176.3216929976074	3.0
0.4731089164750778	0.1546453640005031	0.11320197922625942	1.0	0.0	3060.7877071986377	3.0
0.7125119115946843	0.36950748474194345	0.12061633640441535	5.0	0.0	4016.5196331995467	3.0
0.8276553106212424	0.002004008016032064	0.02264529058116232	-2.0	-1.0	0.0	4.0
0.4497661828766921	0.14495495825112326	0.11331518120548567	1.0	0.0	3074.09896987755	4.0
0.3185534125239747	0.5244779804994552	0.10490355849958662	7.0	0.0	2186.139278394592	4.0
0.5004357850873142	0.7650839739722016	0.10553197572056042	6.0	0.0	2245.629588835315	4.0
0.724729371978158	0.11165692430562432	0.11111031482309208	2.0	0.0	2821.697991751199	4.0
0.7162119000538049	0.37075102625447137	0.12073695274081976	5.0	0.0	4033.5189838597043	4.0
0.9312268396829081	0.27430495240356934	0.1054112025417365	3.0	0.0	2234.1136337543576	4.0
0.5462375888869379	0.5280892864593132	0.10329337042025309	4.0	0.0	2038.5229902370504	4.0
0.7152109987992961	0.38207730320149863	0.12085768969356057	5.0	0.0	4050.5833031183265	5.0
0.4957260301531456	0.7816486980771542	0.10563750769628097	6.0	0.0	2255.724605452096	5.0
0.32401271336488996	0.52229180188044	0.10500846205808619	7.0	0.0	2195.9962066676653	5.0
0.5551102204408818	0.8496993987975952	0.04749498997995992	-2.0	-1.0	12.484975963147136	5.0
0.5343022336676728	0.5263871838300808	0.10339666379067333	4.0	0.0	2047.7867540312122	5.0
0.4506217000746086	0.13452542623130345	0.11342849638669114	1.0	0.0	3087.4621393129155	5.0
0.7327492114743718	0.10796661286685746	0.11122142513791516	2.0	0.0	2834.073883385442	5.0
0.9434100995030126	0.2706327461688085	0.10551661374427822	3.0	0.0	2244.162603325259	5.0
0.22645290581162322	0.3567134268537074	0.05390781563126252	-2.0	-1.0	43.26174674480181	6.0
0.4734531217227902	0.12978752138646035	0.11354192488307782	1.0	0.0	3100.8774005970954	6.0
0.47884788461434885	0.7890321415891323	0.10574314520397723	6.0	0.0	2265.8599713163485	6.0
0.7037129638543945	0.37515625565250676	0.12097854738325411	5.0	0.0	4067.7128196171475	6.0
0.319115535344596	0.5382222109318839	0.10511347052014426	7.0	0.0	2205.892620636768	6.0
0.941847423406987	0.2692942617240064	0.10562213035802248	3.0	0.0	2254.2517552282175	6.0
0.5411449338770694	0.5373069113405562	0.103500060454464	4.0	0.0	2057.0878464200146	6.0
0.7345507542446013	0.10509517615453197	0.11133264656305307	2.0	0.0	2846.4983392317213	6.0
0.48511843454806486	0.1329066738655463	0.11365546680796089	1.0	0.0	3114.344939442085	7.0
0.7100474158760083	0.3638237594656312	0.12109952593063736	5.0	0.0	4084.9077627573215	7.0
0.9430150819422616	0.2769631510786491	0.1057277524883805	3.0	0.0	2264.3812351223028	7.0
0.3144837968675923	0.5312368990496453	0.10521858399066439	7.0	0.0	2215.828663605039	7.0
0.4707444684446696	0.8080430471367264	0.1058488883491812	6.0	0.0	2276.035832651388	7.0
0.538142248167518	0.5401935647626861	0.10360356051491845	4.0	0.0	2066.426403400855	7.0
0.7318089886934278	0.10629457753566376	0.11144397920961611	2.0	0.0	2858.971533178313	7.0
0.4849244910418376	0.13598313606230128	0.11376912227476883	1.0	0.0	3127.864942181502	8.0
0.9454717815276394	0.2666082809564913	0.10583348024086886	3.0	0.0	2274.551189158978	8.0
0.31680054235132893	0.538328282394126	0.10532380257465504	7.0	0.0	2225.804479360387	8.0
0.5464414670516742	0.5416732858988711	0.10370716407543336	4.0	0.0	2075.8025614322282	8.0
0.7061524335849615	0.3641062555528872	0.12122062545656798	5.0	0.0	4102.168362701846	8.0
0.7348823319505278	0.08964894960440548	0.11155542318882572	2.0	0.0	2871.4936396970497	8.0
0.4648302791033983	0.8019970801310806	0.10595473723753036	6.0	0.0	2286.2523361747467	8.0
0.33081076892024747	0.5374007757127007	0.10542912637722969	7.0	0.0	2235.820212177057	9.0
0.48399723266207195	0.14263493418718615	0.11388289139704359	1.0	0.0	3141.4375957725974	9.0
0.9437712553319039	0.2683687344181647	0.10593931372110972	3.0	0.0	2284.761763983696	9.0
0.2985971943887775	0.5711422845691382	0.04649298597194388	-2.0	-1.0	9.715800840358455	9.0
0.5522889024903683	0.5468764507881955	0.10381087123950879	4.0	0.0	2085.216457435217	9.0
0.4510713409820701	0.793424947839998	0.10606069197476788	6.0	0.0	2296.5096290997776	9.0
0.7004736645632504	0.3632233116555361	0.12134184608202453	5.0	0.0	4119.494850378006	9.0
0.733287310322246	0.09745866583238466	0.11166697861201454	2.0	0.0	2884.0648338451965	9.0
0.3301620555236913	0.5402138041848188	0.10553455550360691	7.0	0.0	2245.8760068171996	10.0
0.5585248519113098	0.5652390523345576	0.10391468211074828	4.0	0.0	2094.6682287949925	10.0
0.4649185860312862	0.12629343398242088	0.11399677428844063	1.0	0.0	3155.0630877982494	10.0
0.7023082202934863	0.3581386883188332	0.12146318792810654	5.0	0.0	4136.88745747982	10.0
0.9498367660349414	0.2836547151771681	0.10604525303483082	3.0	0.0	2295.013106737491	10.0
0.7394684805069063	0.10073915382170083	0.11177864559062654	2.0	0.0	2896.6852912673403	10.0
0.45689685930521445	0.7873176534382123	0.10616675266674264	6.0	0.0	2306.8078591372578	10.0
0.7408449535162579	0.11402601980204416	0.11189042423621716	2.0	0.0	2909.3551881972817	11.0
0.45917060257875075	0.7873964173119656	0.10627291941940936	6.0	0.0	2317.147174496992	11.0
0.46056278060020606	0.1386082203227846	0.11411077106272906	1.0	0.0	3168.7416064689837	11.0
0.32000018922477524	0.5312855678043343	0.1056400900591105	7.0	0.0	2255.9720085324598	11.0
0.7037640738408745	0.3616237552561878	0.12158465111603463	5.0	0.0	4154.346416470495	11.0
0.9410964930622026	0.2729832723641024	0.10615129828786564	3.0	0.0	2305.305365058588	11.0
0.566328060268685	0.5508655320837338	0.10401859679285902	4.0	0.0	2104.1580133623224	11.0
0.68937875751503	0.17434869739478956	0.020641282565130262	-2.0	-1.0	0.0	11.0
0.4607699983511417	0.7764283923140347	0.10637919233882875	6.0	0.0	2327.527723889438	12.0
0.5646756877327822	0.5473762468833401	0.10412261538965187	4.0	0.0	2113.6859494550745	12.0
0.7117186147632568	0.3552176812234325	0.12170623576715064	5.0	0.0	4171.871960584884	12.0
0.32443119466139925	0.5320604831954299	0.1057457301491696	7.0	0.0	2266.108363065557	12.0
0.7556374875848529	0.10605552059880641	0.11200231466045336	2.0	0.0	2922.0747014599324	12.0
0.9357521445582888	0.26469861474756873	0.10625744958615349	3.0	0.0	2315.6386870840124	12.0
0.4572470390052094	0.13659994561867392	0.11422488183379177	1.0	0.0	3182.47334062499	12.0
0.9309394528938714	0.27598936234662186	0.10636370703573964	3.0	0.0	2326.0132214511996	13.0
0.4741250260847589	0.7758815652462608	0.10648557153116757	6.0	0.0	2337.949656527319	13.0
0.7532901363330967	0.10668317170305604	0.1121143169751138	2.0	0.0	2934.84400847322	13.0
0.5658779805023388	0.5532630418876832	0.10422673800504151	4.0	0.0	2123.252175859733	13.0
0.4438594134950569	0.15823960428266032	0.11433910671562555	1.0	0.0	3196.2584797381487	13.0
0.707295158151983	0.3555385066063114	0.12182794200291779	5.0	0.0	4189.46432383197	13.0
0.3200599630919508	0.5288550697317238	0.10585147587931876	7.0	0.0	2276.2852166518715	13.0
0.4048096192384769	0.8256513026052104	0.06513026052104208	-2.0	-1.0	175.06068940383565	13.0
0.4736495663514561	0.7790042659135666	0.10659205710269873	6.0	0.0	2348.413122127248	14.0
0.7660715682773703	0.09294115214774236	0.1122264312920889	2.0	0.0	2947.663287249998	14.0
0.2998025390545061	0.526484922361395	0.10595732735519807	7.0	0.0	2286.502716021046	14.0
0.9273354428457946	0.27962756918496756	0.10647007074277537	3.0	0.0	2336.4291172996145	14.0
0.7061422046492862	0.3537996908588243	0.1219497699449207	5.0	0.0	4207.123740997326	14.0
0.5696388437031203	0.5620861621113492	0.10433096474304654	4.0	0.0	2132.85683183292	14.0
0.4447067272416328	0.15518657040540035	0.11445344582234117	1.0	0.0	3210.097213914058	14.0
0.14629258517034066	0.2545090180360721	0.020841683366733466	-2.0	-1.0	0.0	14.0
0.9339667756752996	0.2834371100266996	0.10657654081351814	3.0	0.0	2346.8865242723796	15.0
0.46277982807168666	0.13312020445044165	0.11456789926816349	1.0	0.0	3223.989733894081	15.0
0.16633266533066132	0.7394789579158316	0.01282565130260521	-2.0	-1.0	0.0	15.0
0.7753188663161218	0.09830598866442197	0.11233865772338097	2.0	0.0	2960.532716399963	15.0
0.5756464602878414	0.5784140333834207	0.10443529570778957	4.0	0.0	2142.5000571029136	15.0
0.4783049812616057	0.7817051132103233	0.10669864915980141	6.0	0.0	2358.9182709113607	15.0
0.2960278056326024	0.5319507363470658	0.10606328468255326	7.0	0.0	2296.7610083985787	15.0
0.7007959055058918	0.3666691024987668	0.1220717197148656	5.0	0.0	4224.850447645614	15.0
0.6878055429804525	0.3714023539323928	0.12219379143458046	5.0	0.0	4242.644680123071	16.0
0.6993987975951903	0.09619238476953906	0.09799599198396793	-2.0	-1.0	1599.995389370715	16.0
0.5778355608716784	0.5785174759383489	0.10453973100349735	4.0	0.0	2152.1819918711813	16.0
0.5691382765531061	0.3006012024048096	0.08557114228456915	-2.0	-1.0	827.7291774033254	16.0
0.4575116689229866	0.1459240825412127	0.11468246716743165	1.0	0.0	3237.936231057379	16.0
0.9472588086490903	0.27711681262093985	0.10668311735433164	3.0	0.0	2357.385592517897	16.0
0.7721326541088592	0.09550657614431637	0.11245099638110434	2.0	0.0	2973.452475131575	16.0
0.29778803861772546	0.5208596602709634	0.1061693479672358	7.0	0.0	2307.0602415074304	16.0
0.469743040127728	0.7857103796654006	0.1068053478089612	6.0	0.0	2369.4652536089484	16.0
0.5635440496913304	0.5700533683345258	0.10464427073450083	4.0	0.0	2161.90277681391	17.0
0.6909209042068926	0.3617928829100666	0.12231598522601503	5.0	0.0	4260.506675560016	17.0
0.4727055063512467	0.7863446212504509	0.10691215315677015	6.0	0.0	2380.054221458102	17.0
0.7742865881235917	0.09632226262166801	0.11256344737748543	2.0	0.0	2986.4227432539847	17.0
0.29372665929156433	0.519523055818046	0.10627551731520303	7.0	0.0	2317.400563569635	17.0
0.5791583166332664	0.08817635270541081	0.07394789579158316	-2.0	-1.0	378.122022354032	17.0
0.9384234268426889	0.3042511825198789	0.10678980047168596	3.0	0.0	2367.9264726914907	17.0
0.4552872466507679	0.1425693414636687	0.11479714963459907	1.0	0.0	3251.936897422969	17.0
0.5446182776751343	0.5491843771515063	0.10474891500523532	4.0	0.0	2171.662553083545	18.0
0.7785978678990065	0.11148550593628317	0.11267601082486291	2.0	0.0	2999.443701178974	18.0
0.6533066132264529	0.03206412825651302	0.01783567134268537	-2.0	-1.0	0.0	18.0
0.47330299680615917	0.7727957750047532	0.1070190653099269	6.0	0.0	2390.6853262073505	18.0
0.2859223330228145	0.5106965833934943	0.10638179283251822	7.0	0.0	2327.782123307912	18.0
0.93871490325159	0.299112563193332	0.10689659027215763	3.0	0.0	2378.5093159570415	18.0
0.45592605439590717	0.14979813991382535	0.11491194678423365	1.0	0.0	3265.9919256517824	18.0
0.6946836496367546	0.36489454036040053	0.12243830121124102	5.0	0.0	4278.436671873354	18.0
0.2893220651588057	0.5064373847691497	0.10648817462535073	7.0	0.0	2338.2050699472898	19.0
0.9366625224501873	0.3046906504520631	0.10700348686242978	3.0	0.0	2389.134273988632	19.0
0.45123806219511997	0.15716676281263658	0.11502685873101787	1.0	0.0	3280.1015090487213	19.0
0.7544544713011526	0.10110443044023862	0.11278868683568775	2.0	0.0	3012.5155299228877	19.0
0.6332665330661322	0.503006012024048	0.01162324649298597	-2.0	-1.0	0.0	19.0
0.4975669600726457	0.7674410640992948	0.10712608437523681	6.0	0.0	2401.358720117318	19.0
0.5435010935879331	0.5474037236719297	0.10485366392024055	4.0	0.0	2181.461462310332	19.0
0.6927887140118545	0.3681372559236377	0.12256073951245225	5.0	0.0	4296.434907769097	19.0
0.9298853009722348	0.3159600176438928	0.1071104903492922	3.0	0.0	2399.8014989721946	20.0
0.6892631194281644	0.362552411941967	0.1226833002519647	5.0	0.0	4314.501622744886	20.0
0.7496419717895446	0.09579780359351946	0.11290147552252343	2.0	0.0	3025.6384111085854	20.0
0.2853248436416494	0.5100854015607601	0.10659466279997608	7.0	0.0	2348.669553216726	20.0
0.45912131355541047	0.1677069816890293	0.11514188558974887	1.0	0.0	3294.2658415647365	20.0
0.5338739492688768	0.5436760264818814	0.10495851758416078	4.0	0.0	2191.2996466038658	20.0
0.5168318287144764	0.771548642493128	0.10723321045961204	6.0	0.0	2412.074555962378	20.0
0.4557080334615097	0.16638975563656083	0.11525702747533861	1.0	0.0	3308.485117798901	21.0
0.9226193930478981	0.3156625120748868	0.10721760083964148	3.0	0.0	2410.511143607172	21.0
0.7479813218093254	0.09299664458719528	0.11301437699804594	2.0	0.0	3038.8125269673947	21.0
0.26543991007418666	0.5156715774737208	0.10670125746277605	7.0	0.0	2359.175723350741	21.0
0.5331648732767204	0.5418557041162914	0.10506347610174492	4.0	0.0	2201.177248554642	21.0
0.6908426790373164	0.3649674854983281	0.12280598355221664	5.0	0.0	4332.637057092524	21.0
0.5369618555537902	0.7800543050125146	0.10734044367007164	6.0	0.0	2422.8329870323087	21.0
0.750035317866767	0.08884665759403808	0.11312739137504398	2.0	0.0	3052.0380603410667	22.0
0.5505013238605806	0.7635232810724288	0.1074477841137417	6.0	0.0	2433.634167133966	22.0
0.7014322076512651	0.3534767404646329	0.12292878953576884	5.0	0.0	4350.841451900517	22.0
0.2629363956323603	0.5158531528908493	0.10680795872023881	7.0	0.0	2369.7237310910496	22.0
0.5288911505998418	0.530252433041093	0.10516853957784665	4.0	0.0	2211.0944112356165	22.0
0.4309401774687899	0.17835851664514218	0.11537228450281393	1.0	0.0	3322.75953300049	22.0
0.9267307707477533	0.3047017924894574	0.10732481844048111	3.0	0.0	2421.26336110817	22.0
0.4332569941689657	0.17955096116279198	0.11548765678731673	1.0	0.0	3337.089283071076	23.0
0.5115849943218457	0.524446423502191	0.10527370811742448	4.0	0.0	2221.051278203764	23.0
0.5621279690079363	0.7696938068179577	0.10755523189785543	6.0	0.0	2444.478250592953	23.0
0.24920279453154548	0.5105531901961591	0.10691476667895904	7.0	0.0	2380.313727688207	23.0
0.6824339708512072	0.34957234965428485	0.1230517183253046	5.0	0.0	4369.115049056624	23.0
0.7508872672260524	0.09135533840047624	0.11324051876641901	2.0	0.0	3065.315194683742	23.0
0.9288207120218102	0.32121194271788234	0.10743214325892159	3.0	0.0	2432.05830520663	23.0
0.7490158747542869	0.09413944375724737	0.11335375928518542	2.0	0.0	3078.6441140639213	24.0
0.4228456913827655	0.8336673346693386	0.020240480961923844	-2.0	-1.0	0.0	24.0
0.5157299700941778	0.5286307290392199	0.1053789818255419	4.0	0.0	2231.0479935016497	24.0
0.6894283295962819	0.3515372402190829	0.12317477004362988	5.0	0.0	4387.4580912504125	24.0
0.2593471890592205	0.5279128226724573	0.10702168144563798	7.0	0.0	2390.9458649032476	24.0
0.4317516495808633	0.16922790206896615	0.11560314444410404	1.0	0.0	3351.474564566623	24.0
0.9391829456300499	0.32739929569827364	0.1075395754021805	3.0	0.0	2442.8961301524923	24.0
0.5639813117454519	0.7684395571491663	0.10766278712975327	6.0	0.0	2455.3653922552953	24.0
0.9939879759519037	0.6933867735470941	0.09839679358717433	-2.0	-1.0	1630.7292214349861	25.0
0.6974103666555994	0.3526243297731661	0.1232979448136735	5.0	0.0	4405.870821975821	25.0
0.7487697572935077	0.09113904827240524	0.11346711304447059	2.0	0.0	3092.025003166446	25.0
0.5632783478114816	0.7583052058728742	0.10777044991688302	6.0	0.0	2466.295747489123	25.0
0.26795809780017454	0.5179234345066183	0.1071287031270836	7.0	0.0	2401.620295009341	25.0
0.9411339303212836	0.33314423557669337	0.10764711497758267	3.0	0.0	2453.7769907158795	25.0
0.4372879998339585	0.16633415983437913	0.11571874758854812	1.0	0.0	3365.915574699587	25.0
0.5289194770545189	0.5321574311473822	0.10548436080736742	4.0	0.0	2241.0847016589955	25.0
0.9504637798077213	0.3334674273352533	0.10775476209256024	3.0	0.0	2464.7010421887726	26.0
0.2621113245148281	0.5126545309914985	0.10723583183021067	7.0	0.0	2412.337170793445	26.0
0.41235134760443215	0.17506616584310777	0.11583446633613666	1.0	0.0	3380.412511341029	26.0
0.5585258590211044	0.7572563993248915	0.10787822036679989	6.0	0.0	2477.26947218636	26.0
0.7117945163320754	0.3478904901179619	0.12342124275848716	5.0	0.0	4424.353485533737	26.0
0.7515389980783509	0.08784348019882197	0.11358058015751504	2.0	0.0	3105.458047294476	26.0
0.5308390710285242	0.5429337518817711	0.10558984516817478	4.0	0.0	2251.1615476942657	26.0
0.5340397337634657	0.5440999657922025	0.10569543501334294	4.0	0.0	2261.27867711624	27.0
0.7004166440711758	0.3426397505765273	0.12354466400124564	5.0	0.0	4442.906327034568	27.0
0.24856690144350702	0.4988083163584526	0.10734306766204087	7.0	0.0	2423.0966455579646	27.0
0.6973947895791582	0.4889779559118236	0.04929859719438877	-2.0	-1.0	18.709417633665694	27.0
0.4234299585243391	0.18443509495096727	0.11595030080247277	1.0	0.0	3394.965573022729	27.0
0.5621249515389762	0.7593444192941705	0.10798609858716668	6.0	0.0	2488.286722764413	27.0
0.7543512467888714	0.08779921331745252	0.11369416073767255	2.0	0.0	3118.9434323714845	27.0
0.9488346775422535	0.3510446812991657	0.10786251685465278	3.0	0.0	2475.6684403866975	27.0
0.4251830627592197	0.18551205723248898	0.11606625110327523	1.0	0.0	3409.5749589393085	28.0
0.9366917727135461	0.35540626522080837	0.10797037937150743	3.0	0.0	2486.679341650421	28.0
0.697912594777171	0.33914528384248727	0.12366820866524687	5.0	0.0	4461.529592400841	28.0
0.22650562032506333	0.5116072081053159	0.10745041072970289	7.0	0.0	2433.898873122425	28.0
0.533338478081255	0.5359942600773554	0.10580113044835628	4.0	0.0	2271.436235925608	28.0
0.7528962450056037	0.09268204059571554	0.11380785489841021	2.0	0.0	3132.4813449432495	28.0
0.560946416871483	0.7656121730563976	0.10809408468575384	6.0	0.0	2499.3476561678726	28.0
0.6813428699590708	0.3256610435735482	0.1237918768739121	5.0	0.0	4480.223528369792	29.0
0.5546360003651984	0.766797842043846	0.10820217877043958	6.0	0.0	2510.4524298702154	29.0
0.7507442045010637	0.09042590745927398	0.1139216627533086	2.0	0.0	3146.0719721798596	29.0
0.3106212424849699	0.2785571142284569	0.0533066132264529	-2.0	-1.0	39.26485447390857	29.0
0.8256513026052104	0.15430861723446893	0.07935871743486973	-2.0	-1.0	558.6205602750917	29.0
0.5298201354189027	0.5340409532270111	0.10590693157880463	4.0	0.0	2281.6343706165567	29.0
0.4226976422404839	0.198514401543164	0.11618231735437849	1.0	0.0	3424.2408689503627	29.0
0.2287016367476895	0.48842252038514644	0.10755786114043259	7.0	0.0	2444.7440078251357	29.0
0.9555841361483175	0.3536767977812778	0.10807834975087892	3.0	0.0	2497.7339028476426	29.0
