1 0 11 0
2 0 7 0
3 0 11 0
4 0 11 0
5 0 11 0
6 0 8 0
7 0 11 0
8 0 11 0
9 0 11 0
10 0 11 0
11 0 8 0
12 0 8 0
13 0 8 0
14 0 11 0
15 0 11 0
16 0 11 0
17 0 11 0
18 0 11 0
19 0 11 0
20 0 11 0
21 0 11 0
22 0 11 0
23 0 11 0
24 0 11 0
25 0 7 0
26 0 11 0
27 0 11 0
28 0 11 0
29 0 11 0
30 0 11 0
31 0 11 0
32 0 11 0
33 0 11 0
34 0 8 0
35 0 8 0
36 0 11 0
37 0 11 0
38 0 11 0
39 0 7 0
40 0 11 0
41 0 11 0
42 0 11 0
43 0 11 0
44 0 11 0
45 0 11 0
46 0 11 0
47 0 11 0
48 0 11 0
49 0 11 0
50 0 11 0
51 0 11 0
52 0 11 0
53 0 11 0
54 0 11 0
55 0 11 0
56 0 11 0
-2 1 8 -1
62 8 11 39
59 8 11 25
58 8 11 2
60 8 11 25
57 8 11 2
61 8 11 39
66 9 11 11
74 9 11 35
67 9 11 12
63 9 11 6
72 9 11 34
73 9 11 35
68 9 11 12
64 9 11 6
69 9 11 13
71 9 11 34
70 9 11 13
65 9 11 11
