# x	y	r	id	split_id	s_prob	t
2.0	0.5	0.0	-1.0	0.0	0.0	0.0
0.14129142955829993	0.4681008924863889	0.030198896720937753	1.0	0.0	0.0	0.0
0.3986580749675006	0.7990366341728211	0.03322912512276207	2.0	0.0	0.0	0.0
0.954947288068974	0.6393841245831606	0.03242644086036342	3.0	0.0	0.0	0.0
0.3492820351401076	0.20388100974257892	0.034188547618547345	4.0	0.0	0.0	0.0
0.539003060098706	0.5628511910133245	0.03187936058870195	5.0	0.0	0.0	0.0
0.5623611136507479	0.2472786286560834	0.03163149082329311	6.0	0.0	0.0	0.0
0.9494646652563028	0.8557006485075458	0.03268949971976248	7.0	0.0	0.0	0.0
0.6774263241338219	0.9630546420715739	0.03178423821498129	8.0	0.0	0.0	0.0
0.6814896968354526	0.25470350157126775	0.03270143482373512	9.0	0.0	0.0	0.0
0.24399470630251696	0.72856501861176	0.032676401494669306	10.0	0.0	0.0	0.0
0.1068604799569789	0.5808751292252726	0.03087190515342656	11.0	0.0	0.0	0.0
0.1037248553667071	0.650191935798562	0.033819884778199645	12.0	0.0	0.0	0.0
0.9493345045287125	0.9455926488352048	0.030162044643873426	13.0	0.0	0.0	0.0
0.9206469442118204	0.26145669953888606	0.03399230587592699	14.0	0.0	0.0	0.0
0.7946711358637288	0.5982237119545762	0.0300943246532036	15.0	0.0	0.0	0.0
0.4186315090385407	0.33730087426946526	0.0314441705352374	16.0	0.0	0.0	0.0
0.8214877683338672	0.45852776606362333	0.031221804949671965	17.0	0.0	0.0	0.0
0.8806788075010794	0.5565635268180739	0.03288261535642719	18.0	0.0	0.0	0.0
0.9474922748723549	0.5513300309516731	0.032101816327934955	19.0	0.0	0.0	0.0
0.8111945208140301	0.7436910937674875	0.03303019255412264	20.0	0.0	0.0	0.0
0.19285998151074435	0.03303705796552206	0.03067100177756338	21.0	0.0	0.0	0.0
0.3005355053740988	0.35720675217799713	0.030693896303055322	22.0	0.0	0.0	0.0
0.18724322828431733	0.213436218138871	0.03129935026985479	23.0	0.0	0.0	0.0
0.4784843297623308	0.4342057040558235	0.03258916673283475	24.0	0.0	0.0	0.0
0.5483363085730799	0.6352543695709318	0.031065505402163945	25.0	0.0	0.0	0.0
0.4260983500532235	0.48721532638051546	0.0331321493477704	26.0	0.0	0.0	0.0
0.3044886045175627	0.28275203423578127	0.03389732803237722	27.0	0.0	0.0	0.0
0.8691323592723765	0.06781264070242876	0.03258833879886048	28.0	0.0	0.0	0.0
0.8885653178468352	0.9010267529485569	0.032057046641030006	29.0	0.0	0.0	0.0
0.4924015564054543	0.2682899413227691	0.032458383743728024	30.0	0.0	0.0	0.0
0.15424787334570625	0.700526847454031	0.031675616573831084	31.0	0.0	0.0	0.0
0.07158371155847787	0.5160256839532561	0.03306413491227768	32.0	0.0	0.0	0.0
0.19321249739977792	0.5338888561166342	0.03214748509903784	33.0	0.0	0.0	0.0
0.7755474688735213	0.2678406899176353	0.031814960859626186	34.0	0.0	0.0	0.0
0.6774263241338219	0.33941202648696256	0.031223242591557208	35.0	0.0	0.0	0.0
0.11526901798422813	0.16979285453433346	0.030088321035987974	36.0	0.0	0.0	0.0
0.23738613890948002	0.33880916366106795	0.033604696129210285	37.0	0.0	0.0	0.0
0.755663833388525	0.19811622230226164	0.03375909419723299	38.0	0.0	0.0	0.0
0.15102809715019536	0.40268314514290615	0.031912745030416266	39.0	0.0	0.0	0.0
0.33811697321085044	0.695717481409565	0.03600396152631783	40.0	0.0	0.006476363022059672	0.0
0.5838799317961302	0.4610223365259617	0.034771735166595846	41.0	0.0	0.0	0.0
0.5126837227085154	0.3503092925634237	0.03245343363490403	42.0	0.0	0.0	0.0
0.6483831118313425	0.6418287797946577	0.03483305783654785	43.0	0.0	0.0	0.0
0.4859680411493462	0.605083780726007	0.030527258380390485	44.0	0.0	0.0	0.0
0.8141235257556539	0.813656103199074	0.03380113172334671	45.0	0.0	0.0	0.0
0.5308429712009787	0.8710149937013357	0.03269460002187551	46.0	0.0	0.0	0.0
0.5265440913967975	0.9755556771016346	0.033813425750525414	47.0	0.0	0.0	0.0
0.5763962204091149	0.7765855000117751	0.03345391696762315	48.0	0.0	0.0	0.0
0.06526332330969066	0.7663384465483184	0.03304229104725569	49.0	0.0	0.0	0.0
0.17168020060765024	0.318057845194521	0.03348854748155822	50.0	0.0	0.0	0.0
0.14325503830748276	0.9636733809418655	0.03453257050718574	51.0	0.0	0.0	0.0
0.6942646747546064	0.4822261854558385	0.03710361862480341	52.0	0.0	0.059577324470652115	0.0
0.9511023907377745	0.06457512588577394	0.031124778991626235	53.0	0.0	0.0	0.0
0.4179909960506235	0.6892755338299296	0.03437463248838459	54.0	0.0	0.0	0.0
0.16447680137254866	0.11889938834749546	0.030775025387624194	55.0	0.0	0.0	0.0
0.47334820357027063	0.9201996579214898	0.031040986898402453	56.0	0.0	0.0	0.0
0.07614866466874572	0.42829678444304525	0.03310447659130833	57.0	0.0	0.0	0.0
0.30672264612242567	0.5788706936874743	0.031511370860194995	58.0	0.0	0.0	0.0
0.7677762242461138	0.3554249052214775	0.03556835858847391	59.0	0.0	0.001175025400954155	0.0
0.045475938474773686	0.15537155237715503	0.027875853211509392	60.0	0.0	0.0	0.0
0.06673734398674341	0.07760415358181219	0.03257826317587091	61.0	0.0	0.0	0.0
0.27110028469868164	0.1689767133244657	0.029793901573391488	62.0	0.0	0.0	0.0
0.548955945323392	0.1579320253518406	0.030309134251257905	63.0	0.0	0.0	0.0
0.6214818924204903	0.5717036512997529	0.03573501933320421	64.0	0.0	0.002541418935450679	0.0
0.9293779408300049	0.4023999306610082	0.031901486495221766	65.0	0.0	0.0	0.0
0.3924698037433352	0.2722736559343544	0.03387974949952732	66.0	0.0	0.0	0.0
0.8104760457039534	0.6662312949357699	0.032621780795182395	67.0	0.0	0.0	0.0
0.0812239836349334	0.2514784176895323	0.030891847734921332	68.0	0.0	0.0	0.0
0.6699426127468066	0.09432047856221024	0.03378442797078995	69.0	0.0	0.0	0.0
0.1277489376095906	0.81453022438272	0.033841493611018285	70.0	0.0	0.0	0.0
0.18211933880454628	0.7649487102242583	0.031209658648607145	71.0	0.0	0.0	0.0
0.27669362304832723	0.6401932443463371	0.033553998455987916	72.0	0.0	0.0	0.0
0.48908625422726926	0.7291886612273446	0.03281568701579258	73.0	0.0	0.0	0.0
0.3893034357337314	0.9200233015962357	0.031047847329483326	74.0	0.0	0.0	0.0
0.6453832662576683	0.7303580396099747	0.03115262406050893	75.0	0.0	0.0	0.0
0.2131767631226805	0.6601951720920556	0.032023579857601014	76.0	0.0	0.0	0.0
0.7678545033935905	0.9237651572897434	0.032452829850239104	77.0	0.0	0.0	0.0
0.1573907505543369	0.8886494430064067	0.03220864526069902	78.0	0.0	0.0	0.0
0.12730522963899465	0.03388815790965934	0.03193441730196579	79.0	0.0	0.0	0.0
0.5496962059919146	0.6344071224597262	0.031096570907566106	25.0	0.0	0.0	1.0
0.6785384852462231	0.3403768346001114	0.03125446583414876	35.0	0.0	0.0	1.0
0.6460764221952146	0.7239064019822661	0.031183776684569436	75.0	0.0	0.0	1.0
0.15755122274041952	0.7010191780261401	0.03170729219040491	31.0	0.0	0.0	1.0
0.7588033270957443	0.19758752059008597	0.03379285329143022	38.0	0.0	0.0	1.0
0.8037328820043307	0.7432856570545574	0.03306322274667676	20.0	0.0	0.0	1.0
0.6733946448322972	0.0959353352982789	0.03381821239876073	69.0	0.0	0.0	1.0
0.11465537811559409	0.1706814050626125	0.030118409357023958	36.0	0.0	0.0	1.0
0.18801663481318392	0.21253900063729678	0.03133064962012464	23.0	0.0	0.0	1.0
0.9521724906277571	0.9497020526996701	0.030192206688517294	13.0	0.0	0.0	1.0
0.4896376487179455	0.730482252518007	0.03284850270280837	73.0	0.0	0.0	1.0
0.9487886438532033	0.8474593333278154	0.032722189219482244	7.0	0.0	0.0	1.0
0.6779900898890798	0.25064365919378245	0.03273413625855885	9.0	0.0	0.0	1.0
0.9414421217991542	0.062057154518699205	0.031155903770617856	53.0	0.0	0.0	1.0
0.6482508092698582	0.6388286531002071	0.0348678908943844	43.0	0.0	0.0	1.0
0.12908840834270774	0.8161868194333806	0.0338753351046293	70.0	0.0	0.0	1.0
0.40729699453088375	0.6829810708924178	0.03440900712087297	54.0	0.0	0.0	1.0
0.4760670115445523	0.4361983164181952	0.032621755899567575	24.0	0.0	0.0	1.0
0.15432953197621457	0.8889102534365971	0.03224085390595972	78.0	0.0	0.0	1.0
0.7967246415447444	0.5970739378350046	0.030124418977856803	15.0	0.0	0.0	1.0
0.04218805447303725	0.14931526564009093	0.027903729064720897	60.0	0.0	0.0	1.0
0.1852351214710966	0.7648211332297844	0.03124086830725575	71.0	0.0	0.0	1.0
0.5430300829489433	0.5613550936356592	0.03191123994929065	5.0	0.0	0.0	1.0
0.5307172899454708	0.8721192858138588	0.032727294621897385	46.0	0.0	0.0	1.0
0.4894685078590426	0.5977814140119123	0.03055778563877087	44.0	0.0	0.0	1.0
0.2852811562432395	0.6453209128699938	0.0335875524544439	72.0	0.0	0.0	1.0
0.39600156033361666	0.7997112287611791	0.033262354247884825	2.0	0.0	0.0	1.0
0.7671846776289081	0.3522210115882966	0.03560392694706238	59.0	0.0	0.0014097210945749339	1.0
0.1141248191560845	0.6455641885169588	0.03385370466297784	12.0	0.0	0.0	1.0
0.2735104365708158	0.16069842710447071	0.029823695474964877	62.0	0.0	0.0	1.0
0.8681321595949234	0.06701941362992114	0.032620927137659336	28.0	0.0	0.0	1.0
0.526994677260395	0.9740776255156824	0.03384723917627593	47.0	0.0	0.0	1.0
0.9464945071658099	0.5391663359738318	0.032133918144262884	19.0	0.0	0.0	1.0
0.3439393226813928	0.19798972989946811	0.03422273616616589	4.0	0.0	0.0	1.0
0.5731449625418449	0.7806065043966984	0.03348737088459077	48.0	0.0	0.0	1.0
0.1245463564367098	0.03060492790153661	0.031966351719267753	79.0	0.0	0.0	1.0
0.39170366001909473	0.27484475070469166	0.03391362924902685	66.0	0.0	0.0	1.0
0.8204130817331935	0.4569923831181731	0.03125302675462163	17.0	0.0	0.0	1.0
0.3051951222995201	0.2812292607557247	0.03393122536040959	27.0	0.0	0.0	1.0
0.15376662566205046	0.11846085582656533	0.030805800413011813	55.0	0.0	0.0	1.0
0.9216610264213264	0.2593412101524166	0.034026298181802916	14.0	0.0	0.0	1.0
0.14387138523610551	0.962691000047211	0.03456710307769292	51.0	0.0	0.0	1.0
0.42664352850257686	0.48611382306186535	0.03316528149711817	26.0	0.0	0.0	1.0
0.5446632789367738	0.16042242344308258	0.03033944338550916	63.0	0.0	0.0	1.0
0.07753926358849333	0.4288843626517388	0.03313758106789964	57.0	0.0	0.0	1.0
0.06298052537031427	0.07430340511106508	0.03261084143904678	61.0	0.0	0.0	1.0
0.06938146259709126	0.5088016722098547	0.033097199047189954	32.0	0.0	0.0	1.0
0.6954779150729143	0.48389165344766255	0.03714072224342821	52.0	0.0	0.06278572868664867	1.0
0.37943822160598	0.9240460816360309	0.031078895176812806	74.0	0.0	0.0	1.0
0.41973015385919415	0.3364737689606861	0.03147561470577264	16.0	0.0	0.0	1.0
0.775616465874528	0.2641880405372927	0.03184677582048581	34.0	0.0	0.0	1.0
0.6708135128433859	0.9644703948930535	0.031816022453196265	8.0	0.0	0.0	1.0
0.20141475474723045	0.03322559478312276	0.030701672779340942	21.0	0.0	0.0	1.0
0.49135376444108075	0.2694901068772518	0.03249084212747175	30.0	0.0	0.0	1.0
0.7783016263812162	0.9161043074469715	0.032485282680089336	77.0	0.0	0.0	1.0
0.2428261109948297	0.7279912062613513	0.03270907789616397	10.0	0.0	0.0	1.0
0.06637522111002699	0.7680384868376556	0.03307533333830294	49.0	0.0	0.0	1.0
0.2120888103873462	0.6605761378181165	0.03205560343745861	76.0	0.0	0.0	1.0
0.47145459628097997	0.9181116229504203	0.031072027885300852	56.0	0.0	0.0	1.0
0.9277581330092166	0.3995038145391283	0.031933387981716986	65.0	0.0	0.0	1.0
0.33745450228141993	0.6947959433097374	0.03603996548784415	40.0	0.0	0.007198412919507291	1.0
0.955832057715347	0.6377042725207299	0.03245886730122378	3.0	0.0	0.0	1.0
0.6312625250501002	0.7434869739478958	0.05671342685370741	-2.0	-1.0	65.51867169344969	1.0
0.5610137950703417	0.2468352246129128	0.0316631223141164	6.0	0.0	0.0	1.0
0.8825015690795844	0.9027302118608506	0.03208910368767103	29.0	0.0	0.0	1.0
0.6209394677171509	0.572817170308546	0.03577075435253741	64.0	0.0	0.002930406923439932	1.0
0.14135263900863568	0.46486051018602725	0.03022909561765869	1.0	0.0	0.0	1.0
0.5128322871196036	0.35620741312404675	0.03248588706853893	42.0	0.0	0.0	1.0
0.8175317064877151	0.6644198190678176	0.03265440257597758	67.0	0.0	0.0	1.0
0.15186735599049098	0.40348874341225965	0.03194465777544668	39.0	0.0	0.0	1.0
0.19501638660017467	0.5349659693764139	0.03217963258413687	33.0	0.0	0.0	1.0
0.16085478523546695	0.3133439775134289	0.03352203602903977	50.0	0.0	0.0	1.0
0.5821538729517122	0.46139187265389553	0.034806506901762437	41.0	0.0	0.0	1.0
0.09725022966891592	0.5747184087591316	0.030902777058579984	11.0	0.0	0.0	1.0
0.24065146347575972	0.3468061790215173	0.033638300825339494	37.0	0.0	0.0	1.0
0.31132394670999025	0.36054165322305	0.030724590199358373	22.0	0.0	0.0	1.0
0.8764898192950425	0.5562862069238953	0.032915497971783614	18.0	0.0	0.0	1.0
0.8222659135427116	0.8124835212804109	0.03383493285507005	45.0	0.0	0.0	1.0
0.0772159148393844	0.24975504523067812	0.03092273958265625	68.0	0.0	0.0	1.0
0.3176342580717809	0.5807789684937583	0.03154288223105519	58.0	0.0	0.0	1.0
0.1609535544902641	0.11033406470435309	0.030836606213424822	55.0	0.0	0.0	2.0
0.1266997292199785	0.030516757173000057	0.03199831807098702	79.0	0.0	0.0	2.0
0.9270169984001306	0.39855095353526254	0.0319653213696987	65.0	0.0	0.0	2.0
0.6751268431066693	0.9675097720055	0.03184783847564946	8.0	0.0	0.0	2.0
0.038736397356250646	0.15369579861264082	0.027931632793785615	60.0	0.0	0.0	2.0
0.5595340383687254	0.6297292807351337	0.031127667478473668	25.0	0.0	0.0	2.0
0.5254926101165626	0.9653264819628935	0.033881086415452205	47.0	0.0	0.0	2.0
0.47206076423610205	0.4255178690004474	0.03265437765546714	24.0	0.0	0.0	2.0
0.6217301187968564	0.5634209889092148	0.03580652510688995	64.0	0.0	0.003357636274529341	2.0
0.42220977475797616	0.3376337328347547	0.03150709032047841	16.0	0.0	0.0	2.0
0.7961309570656112	0.5979108571578087	0.030154543396834654	15.0	0.0	0.0	2.0
0.7011552260390613	0.48473779880560663	0.03717786296567163	52.0	0.0	0.06611067988507102	2.0
0.6471777994887279	0.7219941294493886	0.031214960461254	75.0	0.0	0.0	2.0
0.3955412735611406	0.8008712192536811	0.033295616602132705	2.0	0.0	0.0	2.0
0.48936621195455615	0.7321256501596503	0.032881351205511174	73.0	0.0	0.0	2.0
0.07793317782320959	0.24847262341222262	0.030953662322238902	68.0	0.0	0.0	2.0
0.4724063495732265	0.9185137730503771	0.03110309991318615	56.0	0.0	0.0	2.0
0.3044131909288855	0.37140403334565125	0.030755314789557727	22.0	0.0	0.0	2.0
0.11683492605146355	0.6416923137723555	0.03388755836764081	12.0	0.0	0.0	2.0
0.8207713581072695	0.8106587427054142	0.033868767787925115	45.0	0.0	0.0	2.0
0.819639518964691	0.6741159559274802	0.03268705697855355	67.0	0.0	0.0	2.0
0.4189506078017906	0.6772815244587774	0.03444341612799384	54.0	0.0	0.0	2.0
0.7760461447660901	0.2651619024158449	0.03187862259630629	34.0	0.0	0.0	2.0
0.6740253984039785	0.2495028992842284	0.032766870394817404	9.0	0.0	0.0	2.0
0.10900791127702791	0.17348756854614056	0.030148527766380977	36.0	0.0	0.0	2.0
0.15347401288794008	0.3947868801022161	0.031976602433222125	39.0	0.0	0.0	2.0
0.24046264134565984	0.7267935110066629	0.03274178697406013	10.0	0.0	0.0	2.0
0.5664147779216857	0.24297832144317463	0.03169478543643051	6.0	0.0	0.0	2.0
0.06068743212384241	0.07170998146244666	0.032643452280485825	61.0	0.0	0.0	2.0
0.6730553237363746	0.09891676326322142	0.03385203061115949	69.0	0.0	0.0	2.0
0.5814120286433279	0.46241023474744514	0.0348413134086642	41.0	0.0	0.0	2.0
0.14721255412871834	0.705819224946149	0.031738999482595315	31.0	0.0	0.0	2.0
0.1530421421114584	0.8891689653014314	0.03227309475986567	78.0	0.0	0.0	2.0
0.39488237535121806	0.272051924954318	0.03394754287827587	66.0	0.0	0.0	2.0
0.48863526207156593	0.5995481078392386	0.030588343424409636	44.0	0.0	0.0	2.0
0.5127921145725313	0.3549316602560313	0.032518372955607465	42.0	0.0	0.0	2.0
0.09508094494045335	0.5771409017448483	0.03093367983563856	11.0	0.0	0.0	2.0
0.1463220026770215	0.9637264743206901	0.034601670180770615	51.0	0.0	0.0	2.0
0.3343590979815696	0.7031931138343344	0.036076005453331984	40.0	0.0	0.007973029870768755	2.0
0.18842817057139488	0.2094444462601304	0.031361980269744766	23.0	0.0	0.0	2.0
0.9220282308535179	0.26662573367390124	0.034060324479984715	14.0	0.0	0.0	2.0
0.9475828348635744	0.5477639238634526	0.03216605206240714	19.0	0.0	0.0	2.0
0.5315868421325344	0.872873628863198	0.03276002191651928	46.0	0.0	0.0	2.0
0.06709197317985637	0.4223435480999288	0.033170718648967534	57.0	0.0	0.0	2.0
0.8027790036321812	0.7426745634492934	0.033096285969423433	20.0	0.0	0.0	2.0
0.34176358162368115	0.19759509323709298	0.03425695890233205	4.0	0.0	0.0	2.0
0.1554159905795815	0.3110861388253871	0.033555558065068804	50.0	0.0	0.0	2.0
0.30913324529589914	0.28663529425078915	0.03396515658577	27.0	0.0	0.0	2.0
0.18416349992934306	0.776947686483289	0.031272109175563	71.0	0.0	0.0	2.0
0.790081193185387	0.9229382442225418	0.03251776796276942	77.0	0.0	0.0	2.0
0.3225947124201562	0.5770035412924557	0.031574425113286245	58.0	0.0	0.0	2.0
0.20723129134764318	0.6610725482097883	0.03208765904089607	76.0	0.0	0.0	2.0
0.7654514036999078	0.1925825732685269	0.033826646144721646	38.0	0.0	0.0	2.0
0.6556802416693184	0.6473596643106959	0.03490275878527878	43.0	0.0	0.0	2.0
0.9524809285758535	0.9517277960358147	0.03022239889520581	13.0	0.0	0.0	2.0
0.06432781125591515	0.7688733678030096	0.03310840867164124	49.0	0.0	0.0	2.0
0.07450376053539173	0.5164222100415292	0.03313029624623714	32.0	0.0	0.0	2.0
0.1399606051071428	0.46224312209870627	0.030259324713276345	1.0	0.0	0.0	2.0
0.3810427712099888	0.9253022257184519	0.031109974071989614	74.0	0.0	0.0	2.0
0.5818615264500738	0.7780984891594626	0.03352085825547536	48.0	0.0	0.0	2.0
0.9430643094312897	0.06951937113666154	0.031187059674388472	53.0	0.0	0.0	2.0
0.8820470226969249	0.903875735725136	0.0321211927913587	29.0	0.0	0.0	2.0
0.12992110837014517	0.8216557850454241	0.033909210439733925	70.0	0.0	0.0	2.0
0.5457208962257232	0.5600756249339075	0.03194315118923993	5.0	0.0	0.0	2.0
0.5464467244344008	0.16314922908914642	0.030369782828894666	63.0	0.0	0.0	2.0
0.9555898226405155	0.6347512068483726	0.032491326168525	3.0	0.0	0.0	2.0
0.7646039671682053	0.3519847650896491	0.03563953087400944	59.0	0.0	0.0016740349467596616	2.0
0.2799666508132891	0.6511511210493316	0.03362114000689834	72.0	0.0	0.0	2.0
0.9492846275437135	0.8440580729206121	0.03275491140870172	7.0	0.0	0.0	2.0
0.6783310763010244	0.3458649125094491	0.0312857202999829	35.0	0.0	0.0	2.0
0.8695630275815621	0.5572295805087428	0.0329484134697554	18.0	0.0	0.0	2.0
0.42351978119484335	0.48686532861205334	0.03319844677861528	26.0	0.0	0.0	2.0
0.8677271092014444	0.07021923695961697	0.03265354806479699	28.0	0.0	0.0	2.0
0.20013201827208407	0.03623494065168458	0.03073237445212028	21.0	0.0	0.0	2.0
0.2401214092222139	0.3459120916076456	0.03367193912616483	37.0	0.0	0.0	2.0
0.2734821715130705	0.16294307177436554	0.029853519170439838	62.0	0.0	0.0	2.0
0.1913037312568205	0.5386206446855032	0.032211812216721	33.0	0.0	0.0	2.0
0.8233284246039224	0.4572038277134114	0.031284279781376254	17.0	0.0	0.0	2.0
0.49281273291288735	0.2677087782320812	0.032523332969599215	30.0	0.0	0.0	2.0
0.47381908664291056	0.4265085841433093	0.0326870320331226	24.0	0.0	0.0	3.0
0.9444622760305188	0.07636424536443837	0.031218246734062857	53.0	0.0	0.0	3.0
0.4223946979166939	0.33663216488793424	0.03153859741079888	16.0	0.0	0.0	3.0
0.2719293318828429	0.1651321158498495	0.029883372689610273	62.0	0.0	0.0	3.0
0.48829569855279525	0.6010205637056741	0.03061893176783404	44.0	0.0	0.0	3.0
0.6571844297627444	0.7248594075187581	0.03124617542171525	75.0	0.0	0.0	3.0
0.9370171410768481	0.8480098939092163	0.032787666320110424	7.0	0.0	0.0	3.0
0.1524192731952048	0.3938834602088471	0.03200857903565534	39.0	0.0	0.0	3.0
0.1971562685411539	0.5320015904359806	0.032244024028937716	33.0	0.0	0.0	3.0
0.15722222574061123	0.705930399916227	0.031770738482077905	31.0	0.0	0.0	3.0
0.7743287049542288	0.26712909836139265	0.03191050121890259	34.0	0.0	0.0	3.0
0.8684095411541611	0.06846731451369445	0.03268620161286179	28.0	0.0	0.0	3.0
0.07625814596946634	0.5143948789863825	0.033163426542483374	32.0	0.0	0.0	3.0
0.23725757223518618	0.35240294261946764	0.033705611065290984	37.0	0.0	0.0	3.0
0.06726517145005208	0.4233921666629493	0.0332038893676165	57.0	0.0	0.0	3.0
0.6295857940048281	0.563000197736258	0.035842331631996835	64.0	0.0	0.003824981192238397	3.0
0.11809825996541437	0.8179291918108207	0.03394311965017365	70.0	0.0	0.0	3.0
0.34560701237174873	0.19278002713772785	0.03429121586123438	4.0	0.0	0.0	3.0
0.046557713585359976	0.15935577819468064	0.027959564426579396	60.0	0.0	0.0	3.0
0.5429261040999569	0.16287159269459847	0.030400152611723557	63.0	0.0	0.0	3.0
0.9448847308363113	0.5483771959410028	0.032198218114469546	19.0	0.0	0.0	3.0
0.15399663496776403	0.8897227160412648	0.03230536785462553	78.0	0.0	0.0	3.0
0.3096202884042894	0.2885282433373814	0.03399912174235577	27.0	0.0	0.0	3.0
0.1402442523993602	0.461111211060672	0.030289584037989616	1.0	0.0	0.0	3.0
0.29308167195859186	0.6447112859245949	0.03365476114690523	72.0	0.0	0.0	3.0
0.2107404769312668	0.6607513061255409	0.03211974669993696	76.0	0.0	0.0	3.0
0.12538949033241914	0.02499416353133968	0.032030316389058004	79.0	0.0	0.0	3.0
0.8678915499433894	0.5545654515558295	0.032981361883225147	18.0	0.0	0.0	3.0
0.702685934092554	0.4846751233388682	0.0372150408286373	52.0	0.0	0.06955449170892791	3.0
0.7963127127014124	0.6003120660148831	0.030184697940231486	15.0	0.0	0.0	3.0
0.10969455515735399	0.17258144907801748	0.030178676294147354	36.0	0.0	0.0	3.0
0.18546688307442918	0.7813216981498327	0.03130338128473856	71.0	0.0	0.0	3.0
0.4732853016823205	0.9176806421698823	0.031134203013099333	56.0	0.0	0.0	3.0
0.3412625548078163	0.6992459414544473	0.03611208145878531	40.0	0.0	0.008802170446415403	3.0
0.8151692191438502	0.6743836432926308	0.0327197440355321	67.0	0.0	0.0	3.0
0.3722323643551948	0.9216447099060804	0.038926355057577	74.0	0.0	0.0	3.0
0.2421715944500851	0.7308027764045157	0.03277452876103419	10.0	0.0	0.0	3.0
0.4225038570706991	0.6763074213600042	0.04309732443015229	54.0	0.0	0.0	3.0
0.6616677211412004	0.10496042367452715	0.03388588264177064	69.0	0.0	0.0	3.0
0.5779166065371315	0.4652183725237384	0.03487615472207286	41.0	0.0	0.0	3.0
0.9248440025758702	0.39699919254784666	0.0319972866910684	65.0	0.0	0.0	3.0
0.16192834987360086	0.10682169004886027	0.030867442819638245	55.0	0.0	0.0	3.0
0.8834936200859843	0.9153035880336639	0.032153313984150056	29.0	0.0	0.0	3.0
0.9573831956227804	0.6389585243134454	0.03252381749469352	3.0	0.0	0.0	3.0
0.6748771549866042	0.24828601193323815	0.03279963726521222	9.0	0.0	0.0	3.0
0.526720956460574	0.96676974312358	0.033914967501867656	47.0	0.0	0.0	3.0
0.49693506587957786	0.7388605676132909	0.03291423255671668	73.0	0.0	0.0	3.0
0.9234367090727713	0.2662774894498642	0.034094384804464695	14.0	0.0	0.0	3.0
0.5138795217171497	0.3541551304690813	0.03255089132856307	42.0	0.0	0.0	3.0
0.42318985308282403	0.4853002230065763	0.033231645225393895	26.0	0.0	0.0	3.0
0.7987025166774686	0.7384206376170045	0.03312938225539285	20.0	0.0	0.0	3.0
0.6742144995050147	0.9646467697808824	0.031879686314125105	8.0	0.0	0.0	3.0
0.1143821343875423	0.6441575053812245	0.03392144592600845	12.0	0.0	0.0	3.0
0.05120097993580899	0.07644244520111941	0.03267609573276631	61.0	0.0	0.0	3.0
0.6494088624996291	0.6387812423001579	0.03493766154406405	43.0	0.0	0.0	3.0
0.07914639950649942	0.24822085946253508	0.030984615984561138	68.0	0.0	0.0	3.0
0.5840408005933183	0.7742020818824716	0.033554379113730826	48.0	0.0	0.0	3.0
0.6773461398275461	0.3471149053540325	0.0391462575253536	35.0	0.0	0.0	3.0
0.9530495221445653	0.9525737032542949	0.03025262129410101	13.0	0.0	0.0	3.0
0.2989221986546811	0.3720815568361882	0.030786070104347283	22.0	0.0	0.0	3.0
0.19859039646136292	0.03363455654251956	0.030763106826572396	21.0	0.0	0.0	3.0
0.7643497150641141	0.19270444655058377	0.03386047279086636	38.0	0.0	0.0	3.0
0.5443881287620779	0.5584895490943705	0.03197509434042917	5.0	0.0	0.0	3.0
0.7662598895560236	0.35134572462121594	0.035675170404883445	59.0	0.0	0.0019697910782809913	3.0
0.05193734628897039	0.7671063619108341	0.03314151708031288	49.0	0.0	0.0	3.0
0.18601686240926268	0.20794214627316243	0.03139334225001451	23.0	0.0	0.0	3.0
0.15641816714554657	0.31328226235135576	0.03358911362313387	50.0	0.0	0.0	3.0
0.32379894651941904	0.5721979749897527	0.03160599953839953	58.0	0.0	0.0	3.0
0.38757123097363905	0.27792552193083736	0.03398149042115414	66.0	0.0	0.0	3.0
0.4882348493322192	0.2643518273518504	0.03255585630256881	30.0	0.0	0.0	3.0
0.1435846397150064	0.959918632873636	0.03463627185095138	51.0	0.0	0.0	3.0
0.8251358576121077	0.8215080353885132	0.03390263655571304	45.0	0.0	0.0	3.0
0.0960180253976859	0.575790317749808	0.030964613515474197	11.0	0.0	0.0	3.0
0.3896914436022788	0.7982681780087092	0.03332891221873483	2.0	0.0	0.0	3.0
0.5669399162399422	0.24088272640229652	0.03172648022186694	6.0	0.0	0.0	3.0
0.8234226227963526	0.46094356788049734	0.031315564061157625	17.0	0.0	0.0	3.0
0.558041715072524	0.6291097638225797	0.03115879514595214	25.0	0.0	0.0	3.0
0.7926299316946497	0.9100453480269483	0.03255028573073219	77.0	0.0	0.0	3.0
0.5329221118998386	0.8725255877203731	0.032792781938435794	46.0	0.0	0.0	3.0
0.1553139360967017	0.8758151628038793	0.03233767322248016	78.0	0.0	0.0	4.0
0.6789404820747488	0.9632222920208899	0.039889457500549036	8.0	0.0	0.0	4.0
0.3709589593317526	0.9221639716519018	0.03736930085527392	74.0	0.0	0.0	4.0
0.5673762851441071	0.24277496133729157	0.03175820670208881	6.0	0.0	0.0	4.0
0.8681677029286315	0.5524889116387056	0.033014343245108366	18.0	0.0	0.0	4.0
0.47557545212285535	0.4263030868887752	0.040899648831444646	24.0	0.0	0.0	4.0
0.765434292238202	0.1923323115934526	0.03389433326365723	38.0	0.0	0.0	4.0
0.06528915159854808	0.423261349962314	0.03323709325698411	57.0	0.0	0.0	4.0
0.3411718131336647	0.7010460555102377	0.036148193540244095	40.0	0.0	0.009687802389748867	4.0
0.18469389703663147	0.7803016385272183	0.031334684666023294	71.0	0.0	0.0	4.0
0.8257660920592049	0.8229364539462578	0.033936539192268744	45.0	0.0	0.0	4.0
0.5370969775807222	0.8789087641759131	0.03282557472037423	46.0	0.0	0.0	4.0
0.22476175095700993	0.3512059375578819	0.033739316676356275	37.0	0.0	0.0	4.0
0.9383147881430058	0.8502961017922879	0.032820453986430534	7.0	0.0	0.0	4.0
0.48877453006049854	0.26351522957893925	0.04073551519858922	30.0	0.0	0.0	4.0
0.474067228393003	0.9185107923188227	0.031165337216112428	56.0	0.0	0.0	4.0
0.9233089594745946	0.2679652140988276	0.03412847918926915	14.0	0.0	0.0	4.0
0.1828066939074385	0.2063658654844902	0.03142473559226452	23.0	0.0	0.0	4.0
0.5844443509627625	0.7730378964611435	0.04198491686605569	48.0	0.0	0.0	4.0
0.7799830097623236	0.2777025542913968	0.03194241172012149	34.0	0.0	0.0	4.0
0.11529937756927389	0.6496284773742763	0.033955367371934456	12.0	0.0	0.0	4.0
0.5119391891065664	0.3533496288252376	0.03258344221989163	42.0	0.0	0.0	4.0
0.41386985236103024	0.6822300771953139	0.0413734314529462	54.0	0.0	0.0	4.0
0.19609815974978936	0.026990382805567013	0.030793869933398964	21.0	0.0	0.0	4.0
0.5270119122313591	0.9684031264056494	0.03394888246936952	47.0	0.0	0.0	4.0
0.3898681305100199	0.2726295965134244	0.03401547191157529	66.0	0.0	0.0	4.0
0.24048362031571408	0.7313231703811184	0.03280730328979522	10.0	0.0	0.0	4.0
0.3314200981993778	0.5709145464125017	0.03163760553793792	58.0	0.0	0.0	4.0
0.8260275882903985	0.459938280204086	0.03134687962521878	17.0	0.0	0.0	4.0
0.14270687612114266	0.9605207511079934	0.03467090812280233	51.0	0.0	0.0	4.0
0.6602949894509236	0.7391682764414843	0.031277421597136965	75.0	0.0	0.0	4.0
0.41752614579360886	0.33661683917841106	0.031570136008209675	16.0	0.0	0.0	4.0
0.11650815587712265	0.8183758918778328	0.033977062769823825	70.0	0.0	0.0	4.0
0.03949467730152924	0.154575868499439	0.027987523991005972	60.0	0.0	0.0	4.0
0.29552961755436635	0.6450761272754941	0.03368841590805213	72.0	0.0	0.0	4.0
0.7968659618467796	0.7361782946249851	0.03316251163764824	20.0	0.0	0.0	4.0
0.6780950997329159	0.35899541056185225	0.03758040722433945	35.0	0.0	0.0	4.0
0.54476749370967	0.5606497232074444	0.032007069434769594	5.0	0.0	0.0	4.0
0.4281218702562731	0.47843948160280686	0.033264876870619284	26.0	0.0	0.0	4.0
0.9431390505731383	0.07617554000220171	0.031249464980796917	53.0	0.0	0.0	4.0
0.07855102973409474	0.25495811041288297	0.031015600600545694	68.0	0.0	0.0	4.0
0.631666722042494	0.5644069300597874	0.03587817396362883	64.0	0.0	0.004334326713944847	4.0
0.1261652560075161	0.02382419998201744	0.03206234670544706	79.0	0.0	0.0	4.0
0.9251374845742041	0.3986467577031053	0.03202928397775946	65.0	0.0	0.0	4.0
0.8823411599428044	0.9158251233949385	0.0321854672981342	29.0	0.0	0.0	4.0
0.5595622753162041	0.6334087103239453	0.031189953941098088	25.0	0.0	0.0	4.0
0.795358465641653	0.5998435045337362	0.030214882638171715	15.0	0.0	0.0	4.0
0.9438486324632929	0.5459882800908762	0.032230416332584014	19.0	0.0	0.0	4.0
0.6737354642434276	0.24767084720780058	0.032832436902477426	9.0	0.0	0.0	4.0
0.8165176780594533	0.6732286430417278	0.03275246377956763	67.0	0.0	0.0	4.0
0.8687959101980761	0.0561974573149475	0.03271888781447464	28.0	0.0	0.0	4.0
0.2701026670543317	0.1707419921658106	0.02991325606229988	62.0	0.0	0.0	4.0
0.3019586742556366	0.2872380007389944	0.03403312086409812	27.0	0.0	0.0	4.0
0.5430255086150109	0.1638550700877917	0.03043055276433528	63.0	0.0	0.0	4.0
0.11172547630648395	0.17789382778914833	0.037761068713051876	36.0	0.0	0.0	4.0
0.1583666793642224	0.11158378439530499	0.03862288782807235	55.0	0.0	0.0	4.0
0.13789470589017142	0.4545992480745412	0.030319873622027604	1.0	0.0	0.0	4.0
0.5803810110601466	0.46496144455191984	0.04363878859599366	41.0	0.0	0.0	4.0
0.056114464483902074	0.7628361707945296	0.033174658597393186	49.0	0.0	0.0	4.0
0.7679181438755482	0.35199768919214275	0.03571084557528832	59.0	0.0	0.0022988242371724255	4.0
0.07649510552888984	0.5048638943834706	0.03319658996902585	32.0	0.0	0.0	4.0
0.09729859511030461	0.5744461049424573	0.03099557812898967	11.0	0.0	0.0	4.0
0.1560181565282425	0.31462465435130266	0.033622702736757	50.0	0.0	0.0	4.0
0.3881131343396031	0.7992933794990583	0.03336224113095356	2.0	0.0	0.0	4.0
0.4794529464939473	0.5987156799977987	0.03064955069960187	44.0	0.0	0.0	4.0
0.34768566724792854	0.1929571248714044	0.03432550707709561	4.0	0.0	0.0	4.0
0.6470363030201223	0.6386541555686089	0.034972599205608114	43.0	0.0	0.0	4.0
0.19298116245082117	0.5314597249106311	0.03227626805296665	33.0	0.0	0.0	4.0
0.21130797680256755	0.6641872001381386	0.032151866446636895	76.0	0.0	0.0	4.0
0.7915991576811527	0.9106091509191246	0.03258283601646292	77.0	0.0	0.0	4.0
0.6663180796316203	0.10206314426027904	0.03391976852441241	69.0	0.0	0.0	4.0
0.05006428425561085	0.07808838054326213	0.03270877182849907	61.0	0.0	0.0	4.0
0.9493822939761127	0.9530731503759681	0.03028287391539511	13.0	0.0	0.0	4.0
0.3927855711422845	0.33266533066132264	0.01703406813627254	-2.0	-1.0	0.0	4.0
0.3008447780220093	0.36210431812146626	0.030816856174451627	22.0	0.0	0.0	4.0
0.49830607339372773	0.7370978924120188	0.03294714678927339	73.0	0.0	0.0	4.0
0.16318244175474936	0.3967613910794694	0.032040587614690995	39.0	0.0	0.0	4.0
0.9566324624986263	0.6374417089869094	0.03255634131218821	3.0	0.0	0.0	4.0
0.704086419329833	0.48589005479457664	0.037252255869465935	52.0	0.0	0.07311949042806987	4.0
0.15798369165964582	0.7034325720876048	0.03180250922055998	31.0	0.0	0.0	4.0
0.794621198185841	0.6027089793408148	0.030245097520809883	15.0	0.0	0.0	5.0
0.7949611059654668	0.9126165907745948	0.03261541885247938	77.0	0.0	0.0	5.0
0.5691041144038798	0.2435050315300469	0.031789964908790894	6.0	0.0	0.0	5.0
0.06776572591725968	0.26103501858986433	0.031046616201146238	68.0	0.0	0.0	5.0
0.29984240817318547	0.361105098665152	0.030847673030626074	22.0	0.0	0.0	5.0
0.15479216450942643	0.7037856318142223	0.03183431172978054	31.0	0.0	0.0	5.0
0.4222327880939123	0.3465961226315687	0.03160170614421788	16.0	0.0	0.0	5.0
0.3903714656768218	0.7968031721392517	0.03339560337208451	2.0	0.0	0.0	5.0
0.6601634339967217	0.7377793650963187	0.0313086990187341	75.0	0.0	0.0	5.0
0.1831863628623338	0.780449219313801	0.03136601935068931	71.0	0.0	0.0	5.0
0.15650238949865483	0.3156187141976166	0.033656325439493755	50.0	0.0	0.0	5.0
0.7799830097623236	0.2796101715525644	0.031974354131841604	34.0	0.0	0.0	5.0
0.6777105844855728	0.23665347182023863	0.0328652693393799	9.0	0.0	0.0	5.0
0.1566612678326355	0.8746313944027315	0.032370010895702635	78.0	0.0	0.0	5.0
0.4693468891438374	0.9154660116696965	0.031196502553328537	56.0	0.0	0.0	5.0
0.19511179419390848	0.027513869501851893	0.030824663803332358	21.0	0.0	0.0	5.0
0.9449493219775069	0.8492645540856376	0.03285327444041696	7.0	0.0	0.0	5.0
0.5602336548960964	0.6346641789697344	0.03122114389503918	25.0	0.0	0.0	5.0
0.9420094101006045	0.0766528538530133	0.03128071444577771	53.0	0.0	0.0	5.0
0.07008412942674735	0.4200163487916493	0.03327033035024109	57.0	0.0	0.0	5.0
0.7669472756693267	0.35071649728488913	0.03574655642086361	59.0	0.0	0.002662979842597224	5.0
0.5838463619817438	0.7722060567459131	0.04030552019141346	48.0	0.0	0.0	5.0
0.48409469458111154	0.2551479734108574	0.03910609459064565	30.0	0.0	0.0	5.0
0.30231495510669415	0.2900525536871992	0.03406715398496221	27.0	0.0	0.0	5.0
0.22703372827265209	0.348128000470132	0.033773055993032625	37.0	0.0	0.0	5.0
0.8262578115946683	0.45848766303935334	0.031378226504843995	17.0	0.0	0.0	5.0
0.8821835061750986	0.9146396415815194	0.03221765276543233	29.0	0.0	0.0	5.0
0.6655544391993274	0.10052025042171368	0.03395368829293682	69.0	0.0	0.0	5.0
0.9481333605969924	0.5353853413387831	0.032262646748916594	19.0	0.0	0.0	5.0
0.6815306526257694	0.9719146218635879	0.03829387920052707	8.0	0.0	0.0	5.0
0.8261703152036554	0.821479960458495	0.03397047573146101	45.0	0.0	0.0	5.0
0.12207771245700191	0.028506168482041145	0.0320944090521525	79.0	0.0	0.0	5.0
0.6301008185337765	0.5615225336983711	0.03591405213759245	64.0	0.0	0.004887568755592042	5.0
0.8694474985738565	0.5473818125864501	0.03304735758835347	18.0	0.0	0.0	5.0
0.056904154583638976	0.7616120155780994	0.033207833255990575	49.0	0.0	0.0	5.0
0.29342072763809474	0.6373927521106607	0.03372210432396018	72.0	0.0	0.0	5.0
0.7962269366390858	0.7466847773864984	0.033195674149285884	20.0	0.0	0.0	5.0
0.42924531619718065	0.4809857578941245	0.0332981417474899	26.0	0.0	0.0	5.0
0.17039344667771708	0.3932205898658771	0.032072628202305685	39.0	0.0	0.0	5.0
0.4767266232431876	0.4254364376068228	0.039263662878186854	24.0	0.0	0.0	5.0
0.14485766085882615	0.9599889726595894	0.03470557903092513	51.0	0.0	0.0	5.0
0.5563326069969788	0.5585520389763559	0.03203907650420436	5.0	0.0	0.0	5.0
0.04220331997623439	0.1556408071149552	0.028015511514996976	60.0	0.0	0.0	5.0
0.3401099742129819	0.7144187714905234	0.036184341733784334	40.0	0.0	0.0106319046625174	5.0
0.1925757590599745	0.532956989140158	0.032308544321019615	33.0	0.0	0.0	5.0
0.26962576954136797	0.16971412435555647	0.029943169318362176	62.0	0.0	0.0	5.0
0.9484052516799807	0.9535302096657599	0.0303131567893105	13.0	0.0	0.0	5.0
0.6486324443964603	0.6381730560599146	0.03500757180481372	43.0	0.0	2.7782931510955677e-09	5.0
0.15692984435433704	0.11619278533432933	0.037077972314949456	55.0	0.0	0.0	5.0
0.42342552136007255	0.6768660538727723	0.039649538475740105	54.0	0.0	0.0	5.0
0.8676545706534542	0.057045499727653916	0.03275160670228911	28.0	0.0	0.0	5.0
0.3989331345095126	0.27972626158543995	0.034049487383486864	66.0	0.0	0.0	5.0
0.6863767186774552	0.36636456057141836	0.03601455692332531	35.0	0.0	0.0	5.0
0.5128875017541616	0.35407295671158384	0.03261602566211152	42.0	0.0	0.0	5.0
0.21032417466944883	0.6646474216720876	0.032184018313083526	76.0	0.0	0.0	5.0
0.1108149007942223	0.1765205520791623	0.0362506259645298	36.0	0.0	0.0	5.0
0.3707466989077426	0.9231403896888818	0.035812246652970836	74.0	0.0	0.0	5.0
0.8187719200207338	0.662529321146956	0.032785216243347196	67.0	0.0	0.0	5.0
0.5349554803103951	0.8805852652432041	0.0328584002950946	46.0	0.0	0.0	5.0
0.0969805741397602	0.5734481314328141	0.031026573707118654	11.0	0.0	0.0	5.0
0.11428083650501857	0.8217813601399815	0.03401103983259365	70.0	0.0	0.0	5.0
0.9263081696507188	0.399828550870746	0.032061313261737216	65.0	0.0	0.0	5.0
0.3321611537569112	0.5662452193207551	0.031669243143475856	58.0	0.0	0.0	5.0
0.5441956329222345	0.1646577385816431	0.03046098331709961	63.0	0.0	0.0	5.0
0.5304059625230999	0.9752358815166045	0.03398283135183889	47.0	0.0	0.0	5.0
0.14008734593931363	0.4546199552488481	0.030350193495649627	1.0	0.0	0.0	5.0
0.7022105863197841	0.4863413393510411	0.037289508125335394	52.0	0.0	0.07680801499024881	5.0
0.08696446816759543	0.5057558656373807	0.033229786558994875	32.0	0.0	0.0	5.0
0.23054854910881808	0.7322957689785274	0.03284011059308501	10.0	0.0	0.0	5.0
0.18422612294129412	0.2068034683507856	0.03145616032785678	23.0	0.0	0.0	5.0
0.4783517931541896	0.5974703066940847	0.03068020025030147	44.0	0.0	0.0	5.0
0.5812877638462849	0.46300710011649254	0.04189323705215391	41.0	0.0	0.0	5.0
0.49320670841833986	0.7422456429113763	0.03298009393606266	73.0	0.0	0.0	5.0
0.7615770006338458	0.18204897235267484	0.03392822759692088	38.0	0.0	0.0	5.0
0.05227641785625585	0.0779139315147393	0.03274148060032757	61.0	0.0	0.0	5.0
0.9584870847002182	0.6383962661931105	0.03258889765350039	3.0	0.0	0.0	5.0
0.3476742405205036	0.1911421659387706	0.0343598325841727	4.0	0.0	0.0	5.0
0.9244742900574529	0.2665424028534493	0.03416260766845842	14.0	0.0	0.0	5.0
0.11533614912823652	0.6510883363430222	0.03398932273930639	12.0	0.0	0.0	5.0
0.29145553267122964	0.636098581257893	0.03375582642828414	72.0	0.0	0.0	6.0
0.5374268616776866	0.1630743332167679	0.03049144430041671	63.0	0.0	0.0	6.0
0.22947040696469764	0.733856918800573	0.03287295070367809	10.0	0.0	0.0	6.0
0.6409510058080071	0.6443441384703262	0.035042579376618525	43.0	0.0	4.940579287904256e-07	6.0
0.585079085226235	0.7712780116483468	0.03862612351677123	48.0	0.0	0.0	6.0
0.7963149472239537	0.7484307126732358	0.03322886982343517	20.0	0.0	0.0	6.0
0.15385481704066112	0.11860011344291913	0.03553305680182656	55.0	0.0	0.0	6.0
0.9451583081183567	0.07724450271178016	0.03131199516022348	53.0	0.0	0.0	6.0
0.5308803962577644	0.9737470730947392	0.034016814183190726	47.0	0.0	0.0	6.0
0.11473493772437499	0.652603477672658	0.034023312062045695	12.0	0.0	0.0	6.0
0.4623505637523894	0.9255966908193766	0.031227699055881863	56.0	0.0	0.0	6.0
0.051072381257411543	0.07836989551604866	0.032774222080927895	61.0	0.0	0.0	6.0
0.5341722295499373	0.881689416891206	0.03289125869538969	46.0	0.0	0.0	6.0
0.9267533210811554	0.40215733673426257	0.03209337457499895	65.0	0.0	0.0	6.0
0.581786880965832	0.4617257789805205	0.04014768550831417	41.0	0.0	0.0	6.0
0.9473679122235578	0.847491007748705	0.032886127714857376	7.0	0.0	0.0	6.0
0.8266250752163746	0.8228190631915511	0.034004446207192465	45.0	0.0	0.0	6.0
0.09533346754127751	0.5730628270207823	0.03105760028082577	11.0	0.0	0.0	6.0
0.6636012531058727	0.09919843176334314	0.033987641981229756	69.0	0.0	0.0	6.0
0.9580312316305345	0.637503688986307	0.03262148655115389	3.0	0.0	0.0	6.0
0.33112969228246275	0.5625286658748733	0.03170091238661933	58.0	0.0	0.0	6.0
0.8205435342414961	0.466127877878403	0.031409604731348836	17.0	0.0	0.0	6.0
0.06864827561973294	0.2637454198612341	0.03107766281734738	68.0	0.0	0.0	6.0
0.04249934039967384	0.15288555912675644	0.02804352702651197	60.0	0.0	0.0	6.0
0.4870565435720888	0.2506810893126313	0.03747667398270208	30.0	0.0	0.0	6.0
0.7683232300331342	0.35354113143207794	0.035782302977284464	59.0	0.0	0.0030641140289446867	6.0
0.7782702585234155	0.28002222218769235	0.03200632848597344	34.0	0.0	0.0	6.0
0.11117522754514497	0.1721278415696626	0.03474018321600772	36.0	0.0	0.0	6.0
0.19411286059179123	0.02956453487094666	0.030855488467135688	21.0	0.0	0.0	6.0
0.656355016802799	0.7365789418765013	0.03134000771775283	75.0	0.0	0.0	6.0
0.8842936514493556	0.9174609892761635	0.032249870418197754	29.0	0.0	0.0	6.0
0.8021307877294366	0.9131365949476171	0.03264803427133185	77.0	0.0	0.0	6.0
0.18377560930801345	0.7793956831416748	0.03139738537004	71.0	0.0	0.0	6.0
0.8210233949720924	0.6619424690109308	0.03281800145959054	67.0	0.0	0.0	6.0
0.3020415790919409	0.29139108669571934	0.03410122113894717	27.0	0.0	0.0	6.0
0.06740045907860602	0.7585919159281453	0.03324104108924656	49.0	0.0	0.0	6.0
0.3741759262216828	0.9204904222599011	0.034255192450667764	74.0	0.0	0.0	6.0
0.6647966306962864	0.237263700689598	0.03289813460871928	9.0	0.0	0.0	6.0
0.33962776960959723	0.7129055775034033	0.036220526075518115	40.0	0.0	0.01163646749103009	6.0
0.548672427993095	0.5489553347153998	0.03207111558070856	5.0	0.0	0.0	6.0
0.4794338404734097	0.5973986728690885	0.030710880450551765	44.0	0.0	0.0	6.0
0.270998481502667	0.16812166146530563	0.029973112487680535	62.0	0.0	0.0	6.0
0.4208370417775689	0.6806141723018975	0.037925645498534014	54.0	0.0	0.0	6.0
0.10645853754541587	0.8151553600362688	0.034045050872426236	70.0	0.0	0.0	6.0
0.210665129350065	0.6636222825499236	0.032216202331396604	76.0	0.0	0.0	6.0
0.14201859038203904	0.9645780251389916	0.034740284609956054	51.0	0.0	0.0	6.0
0.1885630065525668	0.20353848280585993	0.031487616488184635	23.0	0.0	0.0	6.0
0.8698937305763343	0.05502764868182197	0.032784358308991395	28.0	0.0	0.0	6.0
0.08311717405280142	0.5065290118786655	0.03326301634555387	32.0	0.0	0.0	6.0
0.2297633057874697	0.33748872607604424	0.033806829049025655	37.0	0.0	0.0	6.0
0.3074998417485554	0.35909877415212743	0.030878520703656695	22.0	0.0	0.0	6.0
0.4229640364388641	0.34837336861039436	0.03163330785036209	16.0	0.0	0.0	6.0
0.38849410030137715	0.79783003546185	0.03342899897545659	2.0	0.0	0.0	6.0
0.7616628815034291	0.18545850845181885	0.033962155824517795	38.0	0.0	0.0	6.0
0.1585467432102222	0.31648252738970273	0.03368998176493324	50.0	0.0	0.0	6.0
0.16540574035000777	0.8747551924394551	0.03240238090659833	78.0	0.0	0.0	6.0
0.8673337564956793	0.548469736440183	0.03308040494594182	18.0	0.0	0.0	6.0
0.34825387392862106	0.19193785404247446	0.03439419241675687	4.0	0.0	0.0	6.0
0.19280657037078103	0.5317068849765129	0.03234085286534063	33.0	0.0	0.0	6.0
0.48111932257985135	0.4181905928946548	0.03762767692492907	24.0	0.0	0.0	6.0
0.6819465757532046	0.9738279076092423	0.03669830090050511	8.0	0.0	0.0	6.0
0.7828848772191385	0.5969461238212396	0.03027534261833069	15.0	0.0	0.0	6.0
0.3901468653972804	0.2727581464347664	0.034083536870870346	66.0	0.0	0.0	6.0
0.15479216450942643	0.7073478424658025	0.031866146041510314	31.0	0.0	0.0	6.0
0.14109970955997983	0.455030450353029	0.03038054368914527	1.0	0.0	0.0	6.0
0.06986132824665682	0.41766410054301967	0.03330360068059132	57.0	0.0	0.0	6.0
0.9499897707687557	0.9533245630905858	0.030343469946099808	13.0	0.0	0.0	6.0
0.561693830047678	0.24470502291518176	0.03182175487369968	6.0	0.0	0.0	6.0
0.4230660459288306	0.47826365928040204	0.03333143988923738	26.0	0.0	0.0	6.0
0.9480485981551753	0.5387504750016014	0.03229490939566551	19.0	0.0	0.0	6.0
0.11861536225878558	0.02381558640074241	0.03212650346120465	79.0	0.0	0.0	6.0
0.5582162632504327	0.6359034975830882	0.031252365038934214	25.0	0.0	0.0	6.0
0.6875906166030277	0.3684418478648286	0.03444870662231117	35.0	0.0	0.0	6.0
0.9258627881870617	0.26757408997006615	0.03419677027612687	14.0	0.0	0.0	6.0
0.6321459669505871	0.5694712383630206	0.035949966189730044	64.0	0.0	0.0054866141564957616	6.0
0.5093369903847144	0.3542407306229651	0.03264864168777363	42.0	0.0	0.0	6.0
0.16231214078995493	0.3896316702932756	0.03210470083050799	39.0	0.0	0.0	6.0
0.7026252030641013	0.4876713243185188	0.03732679763346072	52.0	0.0	0.08062241707233397	6.0
0.49339003536567155	0.7436938919502065	0.03301307402999872	73.0	0.0	0.0	6.0
0.6307822817954623	0.5692592104603145	0.03598591615591977	64.0	0.0	0.006133380724193671	7.0
0.04321402079584858	0.1535544905765541	0.028071570553538476	60.0	0.0	0.0	7.0
0.6665974359062177	0.1001221399235282	0.03402162962321098	69.0	0.0	0.0	7.0
0.5715796936753463	0.24158897242955268	0.03185357662857338	6.0	0.0	0.0	7.0
0.1363068900676888	0.9622907730769928	0.034775024894566006	51.0	0.0	0.0	7.0
0.34039317535032165	0.7121031496444351	0.03625674660159363	40.0	0.0	0.012703492412327932	7.0
0.3080628600716047	0.3580298094842754	0.030909399224360347	22.0	0.0	0.0	7.0
0.07481597156750645	0.49977359438913926	0.03329627936189942	32.0	0.0	0.0	7.0
0.6785362332879373	0.9710526124425539	0.03510272260048315	8.0	0.0	0.0	7.0
0.5464828483404192	0.5554028499215187	0.03210318669628927	5.0	0.0	0.0	7.0
0.1688830701634801	0.3921667821468772	0.03213680553133849	39.0	0.0	0.0	7.0
0.6412680475975929	0.6424970318184757	0.03507762195599514	43.0	0.0	2.993186114963464e-06	7.0
0.9193169581604768	0.2565326839234921	0.034230967046402994	14.0	0.0	0.0	7.0
0.7798524513885731	0.2795235107921563	0.03203833481445941	34.0	0.0	0.0	7.0
0.04863708616431566	0.07581680697289342	0.03280699630300882	61.0	0.0	0.0	7.0
0.07174361479823978	0.4217888565180959	0.03333690428127191	57.0	0.0	0.0	7.0
0.4200395138639485	0.6783134176986545	0.03620175252132792	54.0	0.0	0.0	7.0
0.16379833962918894	0.8746893767601143	0.032434783287504924	78.0	0.0	0.0	7.0
0.8700508168932138	0.5511443648745052	0.033113485350887754	18.0	0.0	0.0	7.0
0.7967229032669253	0.922390857140138	0.03268068230560318	77.0	0.0	0.0	7.0
0.6490621491502161	0.737478795473312	0.03137134772547058	75.0	0.0	0.0	7.0
0.8243786646337398	0.6575147368948628	0.032850819461050125	67.0	0.0	0.0	7.0
0.5328560453026445	0.9726174611425571	0.03405083099737391	47.0	0.0	0.0	7.0
0.4760843345770695	0.5858939337586391	0.030741591331002315	44.0	0.0	0.0	7.0
0.1024917232846707	0.5774602674488728	0.031088657881106593	11.0	0.0	0.0	7.0
0.4927052652583267	0.7455550024265517	0.03304608710402872	73.0	0.0	0.0	7.0
0.8204800821541873	0.46780683149502317	0.03144101433608018	17.0	0.0	0.0	7.0
0.2994751012751289	0.6444007628680712	0.03378958225471242	72.0	0.0	0.0	7.0
0.9515675248096143	0.9541366187685679	0.030373813416045906	13.0	0.0	0.0	7.0
0.8847582566611859	0.9147541682656676	0.03228212028861595	29.0	0.0	0.0	7.0
0.9455166307942529	0.5393934420900529	0.032327204305061176	19.0	0.0	0.0	7.0
0.11011762465226935	0.8218477040979157	0.034079095923298657	70.0	0.0	0.0	7.0
0.9591501265036206	0.64043043644094	0.03265410803770504	3.0	0.0	0.0	7.0
0.22739699868887217	0.33597277270267517	0.033840635878074676	37.0	0.0	0.0	7.0
0.3499626239155943	0.1917814295974879	0.034428586609173625	4.0	0.0	0.0	7.0
0.5411199946609733	0.16154118128562728	0.03052193574471712	63.0	0.0	0.0	7.0
0.5810296795880301	0.4717293128294292	0.03840213396447443	41.0	0.0	2.557449363393971e-08	7.0
0.5020707352548184	0.3521500124483163	0.0326812903294614	42.0	0.0	0.0	7.0
0.7832365723840579	0.6039229777931757	0.030305617960949015	15.0	0.0	0.0	7.0
0.17420611383545634	0.784299091070542	0.031428782755410035	71.0	0.0	0.0	7.0
0.42217094146985484	0.4796705914873561	0.033364771329126616	26.0	0.0	0.0	7.0
0.30388536998026316	0.29124568520225924	0.03413532236008611	27.0	0.0	0.0	7.0
0.10980443087701226	0.1699429609534182	0.03322974046748565	36.0	0.0	0.0	7.0
0.33136993561260036	0.5637854859877052	0.031732613299005945	58.0	0.0	0.0	7.0
0.7693440662295545	0.35299108543911456	0.035818085280261744	59.0	0.0	0.0035040936899690678	7.0
0.1530956919183495	0.7071925419329468	0.03189801218755182	31.0	0.0	0.0	7.0
0.06075873805056071	0.7485890508410337	0.0332742821303358	49.0	0.0	0.0	7.0
0.7947345240118839	0.7474182287479212	0.0332620986932586	20.0	0.0	0.0	7.0
0.5511022044088176	0.15430861723446893	0.08076152304609219	-2.0	-1.0	613.3118909929613	7.0
0.7635169621157147	0.1857348402773423	0.03399611798034231	38.0	0.0	0.0	7.0
0.555190762919586	0.6385956482291527	0.031283617403973146	25.0	0.0	0.0	7.0
0.27268103577381214	0.16692013035879202	0.030003085600168213	62.0	0.0	0.0	7.0
0.15831698634335353	0.11674770695919405	0.03398814128870367	55.0	0.0	0.0	7.0
0.8708392135381469	0.05419694543022706	0.03281714266730038	28.0	0.0	0.0	7.0
0.9314207266802975	0.07754726233079794	0.0313433071553837	53.0	0.0	0.0	7.0
0.706644824648095	0.4826355256037649	0.03736412443109418	52.0	0.0	0.08456506113166995	7.0
0.2349667629559732	0.7258353929518946	0.032905823654381765	10.0	0.0	0.0	7.0
0.06959021319532521	0.2622440876808552	0.031108740480164723	68.0	0.0	0.0	7.0
0.37715731272734343	0.9334186663370769	0.032698138248364685	74.0	0.0	0.0	7.0
0.3875338142159224	0.7995218773161	0.033462427974432045	2.0	0.0	0.0	7.0
0.4614556943860135	0.9243518720977567	0.031258926754937744	56.0	0.0	0.0	7.0
0.6856392457051494	0.36541688799180566	0.032882856321297026	35.0	0.0	0.0	7.0
0.5841106528088897	0.7715109953902823	0.03694672684212901	48.0	0.0	0.0	7.0
0.20835755139967835	0.6519493067348475	0.032248418533728	76.0	0.0	0.0	7.0
0.8335029770922737	0.8253251394346648	0.03403845065339965	45.0	0.0	0.0	7.0
0.38756686931915024	0.2846263725432075	0.03411762040774121	66.0	0.0	0.0	7.0
0.4911927797902205	0.2554188315391365	0.03584725337475852	30.0	0.0	0.0	7.0
0.1609339468655818	0.32081449249755084	0.03372367174669817	50.0	0.0	0.0	7.0
0.19084598780462766	0.5325941287940095	0.03237319371820597	33.0	0.0	0.0	7.0
0.12238144037884666	0.017641584704136765	0.032158629964665855	79.0	0.0	0.0	7.0
0.48113186115065315	0.4161990348367034	0.03599169097167129	24.0	0.0	0.0	7.0
0.1897714389691723	0.20469844802362894	0.03151910410467282	23.0	0.0	0.0	7.0
0.19161754486569074	0.03317775203622819	0.03088634395560282	21.0	0.0	0.0	7.0
0.4252711015805731	0.3454072240261825	0.03166494115821245	16.0	0.0	0.0	7.0
0.9248324184378769	0.399008263401067	0.032125467949573945	65.0	0.0	0.0	7.0
0.9468842973405414	0.8491919342771952	0.03291901384257223	7.0	0.0	0.0	7.0
0.5354253884532849	0.8892765924847028	0.032924149954085075	46.0	0.0	0.0	7.0
0.14322166338691847	0.4648817886192444	0.030410924232834414	1.0	0.0	0.0	7.0
0.11799146215469648	0.6508488002619561	0.03405733537410774	12.0	0.0	0.0	7.0
0.6630855712676931	0.2335758162694153	0.032931032743327995	9.0	0.0	0.0	7.0
0.5419491329896291	0.1608836176171224	0.030552457680461834	63.0	0.0	0.0	8.0
0.5104559105326187	0.3429038824203979	0.03271397161979085	42.0	0.0	0.0	8.0
0.072785761930904	0.4222447498783889	0.03337024118555318	57.0	0.0	0.0	8.0
0.31278637772976353	0.36882808139021717	0.030940308623584704	22.0	0.0	0.0	8.0
0.35576772546777485	0.9437346680453178	0.017526376665671403	85.0	74.0	0.0	8.0
0.3516021488363218	0.19121888361121125	0.03446301519578279	4.0	0.0	0.0	8.0
0.5338232719722028	0.9730999771611942	0.03408488182837128	47.0	0.0	0.0	8.0
0.15216574186940704	0.7099309063830184	0.03192991019973936	31.0	0.0	0.0	8.0
0.9465978126914872	0.535078922765594	0.032359531509366234	19.0	0.0	0.0	8.0
0.950530619186721	0.9524367450880774	0.03040418722946195	13.0	0.0	0.0	8.0
0.15505432218231116	0.3143701892768586	0.033757395418444865	50.0	0.0	0.0	8.0
0.11228678943878528	0.16999766912281591	0.03171929771896358	36.0	0.0	0.0	8.0
0.16379833962918894	0.8763017547534111	0.03246721807079243	78.0	0.0	0.0	8.0
0.7982010839095353	0.9241726400318412	0.03271336298790878	77.0	0.0	0.0	8.0
0.2050449401343442	0.6522315353791333	0.03228066695226173	76.0	0.0	0.0	8.0
0.779411310426031	0.280400874231397	0.03207037314927387	34.0	0.0	0.0	8.0
0.47217311966267894	0.5825438471114416	0.030772332922333313	44.0	0.0	0.0	8.0
0.4793795409320338	0.4196841378405129	0.0343557050184135	24.0	0.0	0.0	8.0
0.8184455521784867	0.46427436735874367	0.031472455350416255	17.0	0.0	0.0	8.0
0.5800047355001262	0.4712419568717212	0.03665658242063468	41.0	0.0	8.432167533101165e-07	8.0
0.16962866979185456	0.12103139771383892	0.03244322577558077	55.0	0.0	0.0	8.0
0.40251437264093015	0.6599070467276112	0.020443850439579445	83.0	54.0	0.0	8.0
0.03845185699450496	0.1599216919376872	0.028099642124092012	60.0	0.0	0.0	8.0
0.6984950467867608	0.3888985120700234	0.01888434272026269	80.0	35.0	0.0	8.0
0.27094898721877864	0.16676157308828646	0.03003308868576838	62.0	0.0	0.0	8.0
0.45991388802470307	0.9213329580946868	0.03129018568169268	56.0	0.0	0.0	8.0
0.8258856022928475	0.6602493177272524	0.032883670280511174	67.0	0.0	0.0	8.0
0.1885636563676999	0.20329731724997752	0.03155062320877749	23.0	0.0	0.0	8.0
0.4265479505153207	0.3525524530243538	0.03169660609937066	16.0	0.0	0.0	8.0
0.9244237989779671	0.255270024839768	0.03426519801344939	14.0	0.0	0.0	8.0
0.4931098657393486	0.7430056497253079	0.033079133191132745	73.0	0.0	0.0	8.0
0.24032904957999415	0.3361854069260235	0.03387447651395275	37.0	0.0	0.0	8.0
0.44290086004333373	0.6927024726407379	0.020443850439579445	82.0	54.0	0.0	8.0
0.3527405061376701	0.7182628070234324	0.03629300334819522	40.0	0.0	0.013834992320468587	8.0
0.12589842872356036	0.6472040283240231	0.03409139270948184	12.0	0.0	0.0	8.0
0.3845426862128108	0.7981455163689876	0.03349589040240648	2.0	0.0	0.0	8.0
0.7085382164002163	0.4831932416800086	0.03740148855552527	52.0	0.0	0.0886383244577047	8.0
0.18828805277605148	0.7849645112678201	0.031460211538165445	71.0	0.0	0.0	8.0
0.4237312187815404	0.48049866624150045	0.033398136100455736	26.0	0.0	0.0	8.0
0.6632876847930065	0.23456542622237553	0.03296396377607132	9.0	0.0	0.0	8.0
0.7695974829023803	0.19142612774950407	0.03403011409832264	38.0	0.0	0.0	8.0
0.9493524920297319	0.8463286180395114	0.032951932856414796	7.0	0.0	0.0	8.0
0.3281202005838788	0.5641036203689356	0.031764345912304946	58.0	0.0	0.0	8.0
0.6798915030813542	0.3453701455174552	0.01888434272026269	81.0	35.0	0.0	8.0
0.6786363309229942	0.9699958205231444	0.03350714430046119	8.0	0.0	0.0	8.0
0.5856703478151526	0.7691587563521741	0.03526733016748678	48.0	0.0	0.0	8.0
0.06675579841939558	0.5031793083105813	0.033329575641261315	32.0	0.0	0.0	8.0
0.04694664175828653	0.07555397403032992	0.032839803299311826	61.0	0.0	0.0	8.0
0.9411039579268888	0.07909834191347205	0.03137465046253908	53.0	0.0	0.0	8.0
0.1153898165145184	0.8190069466697083	0.03411317501922195	70.0	0.0	0.0	8.0
0.6407601694113918	0.6505533368260453	0.03511269957795113	43.0	0.0	9.161083525555114e-06	8.0
0.11688589205988746	0.032190788594630516	0.032190788594630516	79.0	0.0	0.0	8.0
0.8736946327473937	0.5515939686461214	0.03314659883623864	18.0	0.0	0.0	8.0
0.5730159004866487	0.24191541852876133	0.03188543020520195	6.0	0.0	0.0	8.0
0.23639107663312703	0.7263341413593691	0.032938729478036145	10.0	0.0	0.0	8.0
0.5532079997668714	0.6439845243439947	0.031314901021377115	25.0	0.0	0.0	8.0
0.9574490302940928	0.6419829217134894	0.032686762145742745	3.0	0.0	0.0	8.0
0.7766232957001117	0.595637837132686	0.03033592357890996	15.0	0.0	0.0	8.0
0.18857604183825946	0.5286529223172032	0.03240556691192417	33.0	0.0	0.0	8.0
0.3904684391698461	0.28331923975435275	0.03415173802814895	66.0	0.0	0.0	8.0
0.2985871599685426	0.6476801699630499	0.03382337183696713	72.0	0.0	0.0	8.0
0.9215528531410315	0.40416310984906745	0.032157593417523514	65.0	0.0	0.0	8.0
0.13729698045115546	0.962387698453592	0.034809799919460566	51.0	0.0	0.0	8.0
0.10020003385250581	0.5672096361928578	0.031119746538987695	11.0	0.0	0.0	8.0
0.0688096060735519	0.263094029143651	0.031139849220644885	68.0	0.0	0.0	8.0
0.5385475342546439	0.5474924760851794	0.03213528988298556	5.0	0.0	0.0	8.0
0.49104514115142195	0.2577607748188048	0.03421783276681495	30.0	0.0	0.0	8.0
0.766390038314869	0.35185109035465134	0.035853903365542	59.0	0.0	0.003984796523226919	8.0
0.17429411526979405	0.39763340433378747	0.03216894233686983	39.0	0.0	0.0	8.0
0.654504367182299	0.7412119859762831	0.03140271907319605	75.0	0.0	0.0	8.0
0.884827778278425	0.9110737460962466	0.03231440240890456	29.0	0.0	0.0	8.0
0.6341022767841221	0.5698398270386215	0.03602190207207569	64.0	0.0	0.006829797279692684	8.0
0.39634874152649463	0.9250586299477057	0.03171929771896358	84.0	74.0	0.0	8.0
0.534324915212883	0.8883577678039536	0.032957074104039155	46.0	0.0	0.0	8.0
0.062010359608408956	0.7488405747625453	0.03330755641246613	49.0	0.0	0.0	8.0
0.2962406143007258	0.29131041314018247	0.03416945768244619	27.0	0.0	0.0	8.0
0.13711335836870653	0.45779563410316465	0.030441335157067245	1.0	0.0	0.0	8.0
0.6698617512981881	0.09935852503427425	0.03405565125283419	69.0	0.0	0.0	8.0
0.8640975852096813	0.049231143085662316	0.03284995980996768	28.0	0.0	0.0	8.0
0.8434440899046453	0.8331076785351959	0.03407248910405305	45.0	0.0	0.0	8.0
0.20153628851518804	0.03284351445696478	0.03091723029955842	21.0	0.0	0.0	8.0
0.794792951311097	0.745562762764964	0.033295360791951854	20.0	0.0	0.0	8.0
0.06671239511625554	0.25911219707424316	0.031170989069865526	68.0	0.0	0.0	9.0
0.6484229204501076	0.6528104711131029	0.03514781227752908	43.0	0.0	2.0668620933861348e-05	9.0
0.3270990162481501	0.5638236684853015	0.03179611025821725	58.0	0.0	0.0	9.0
0.9412933372544979	0.8401008309305413	0.03298488478927121	7.0	0.0	0.0	9.0
0.6689696826669435	0.9496996610014156	0.0182807226612647	86.0	8.0	0.0	9.0
0.061171932599359886	0.747466081294453	0.033340863968878594	49.0	0.0	0.0	9.0
0.6043471070800008	0.4570157527695475	0.01964812387483263	95.0	41.0	0.0	9.0
0.9539520324242425	0.9524690567300694	0.030434591416691407	13.0	0.0	0.0	9.0
0.9578984214734657	0.6449344106355078	0.032719448907888485	3.0	0.0	0.0	9.0
0.6995910358995617	0.38984929085212816	0.018903227062982954	80.0	0.0	0.0	9.0
0.29906082763731645	0.29013964145587273	0.03420362714012863	27.0	0.0	0.0	9.0
0.840974896657473	0.8308825296633998	0.0341065615931571	45.0	0.0	0.0	9.0
0.1895368068416963	0.5288713017213112	0.03243797247883609	33.0	0.0	0.0	9.0
0.44208780074222653	0.6913695662738367	0.020464294290019024	82.0	0.0	0.0	9.0
0.4288851329162385	0.3510133114165903	0.03172830270547003	16.0	0.0	0.0	9.0
0.5114873875874216	0.3434513108180067	0.03274668559141064	42.0	0.0	0.0	9.0
0.49211762041882323	0.7420411248826596	0.033112212324323875	73.0	0.0	0.0	9.0
0.16438586376616243	0.8728787998712043	0.03249968528886322	78.0	0.0	0.0	9.0
0.6572292138843706	0.24523930227998028	0.03299692773984739	9.0	0.0	0.0	9.0
0.9480186327971247	0.5354397254286276	0.032391891040875594	19.0	0.0	0.0	9.0
0.1402658867995037	0.4546530138933363	0.03047177649222431	1.0	0.0	0.0	9.0
0.07181183952674053	0.4229876116717597	0.03340361142673873	57.0	0.0	0.0	9.0
0.35651710578747353	0.9425061551951522	0.01754390304233707	85.0	0.0	0.0	9.0
0.4030487899572993	0.6570125728390367	0.020464294290019024	83.0	0.0	0.0	9.0
0.1350319406080915	0.9623805683373242	0.03484460971938002	51.0	0.0	0.0	9.0
0.17567251429400738	0.39825718628176027	0.0322011112792067	39.0	0.0	0.0	9.0
0.5392649101805408	0.16590306961722953	0.030583010138142293	63.0	0.0	0.0	9.0
0.18553223326355325	0.10444496870755524	0.017079211108305722	99.0	55.0	0.0	9.0
0.6903315123769084	0.9895959593903164	0.0182807226612647	87.0	8.0	0.0	9.0
0.7781280992952159	0.5956331001632124	0.030366259502488866	15.0	0.0	0.0	9.0
0.234392725009156	0.7279395688342489	0.032971668207514175	10.0	0.0	0.0	9.0
0.1567396081733723	0.3133202176630398	0.03379115281386331	50.0	0.0	0.0	9.0
0.19503752062682017	0.7861448904377563	0.031491671749703604	71.0	0.0	0.0	9.0
0.38444062631757075	0.8021973721406419	0.03352938629280888	2.0	0.0	0.0	9.0
0.45728659590385984	0.9164934824874414	0.03132147586737437	56.0	0.0	0.0	9.0
0.7967866231292138	0.7480929518423294	0.0333286561527438	20.0	0.0	0.0	9.0
0.6690688410039956	0.09473897667556397	0.03408970690408702	69.0	0.0	0.0	9.0
0.46943986445326075	0.2426834421799155	0.019651008257900646	91.0	30.0	0.0	9.0
0.7076440817665917	0.48012210641175646	0.03743889004408079	52.0	0.0	0.09284459722371707	9.0
0.12487061024502341	0.6465636739673464	0.034125484102191316	12.0	0.0	0.0	9.0
0.12983363586073948	0.027194097732475577	0.032222979383225145	79.0	0.0	0.0	9.0
0.4722967737124455	0.5923637245806695	0.030803105255255644	44.0	0.0	0.0	9.0
0.5713958746558235	0.2423051614507637	0.03191731563540715	6.0	0.0	0.0	9.0
0.6501363563916617	0.736966004832936	0.03143412179226924	75.0	0.0	0.0	9.0
0.1549531567702502	0.7128902283546056	0.0319618401099391	31.0	0.0	0.0	9.0
0.7655909417576887	0.3493434657965987	0.035889757268907536	59.0	0.0	0.004508111074571275	9.0
0.047031469921801954	0.07405848545161732	0.032872643102611135	61.0	0.0	0.0	9.0
0.5541836336357248	0.6438579018468756	0.03134621592239849	25.0	0.0	0.0	9.0
0.598222793126985	0.7918266063222568	0.018903477250386956	96.0	48.0	0.0	9.0
0.028678357688925533	0.15555038496878132	0.028127741766216102	60.0	0.0	0.0	9.0
0.927034086166828	0.4033814304626354	0.032189751010941035	65.0	0.0	0.0	9.0
0.8645367714820217	0.047478544689502494	0.03288280976977764	28.0	0.0	0.0	9.0
0.3534536861120379	0.7206561612262934	0.03632929635154341	40.0	0.0	0.01503299151309534	9.0
0.7708480858525315	0.19073182035991115	0.03406414421242096	38.0	0.0	0.0	9.0
0.09808984861920288	0.5641125684242017	0.031150866285526678	11.0	0.0	0.0	9.0
0.5399022597919444	0.8875623819358537	0.03299003117814319	46.0	0.0	0.0	9.0
0.4588488422446432	0.40756942791207884	0.019401350659169442	89.0	24.0	0.0	9.0
0.08855311289574307	0.18205329275350274	0.017912518965288983	93.0	36.0	0.0	9.0
0.8248214188245764	0.659426960014798	0.03291655395079168	67.0	0.0	0.0	9.0
0.4254865055017268	0.48040464387699217	0.03343153423655619	26.0	0.0	0.0	9.0
0.8836492080458569	0.9089028181485359	0.032346716811313465	29.0	0.0	0.0	9.0
0.18797071831633677	0.20798141838988762	0.03158217383198626	23.0	0.0	0.0	9.0
0.8706560546590362	0.5511606366121512	0.033179745435074876	18.0	0.0	0.0	9.0
0.32232925608487306	0.3677115510753597	0.030971248932208286	22.0	0.0	0.0	9.0
0.36265614599666773	0.1974471852773341	0.03449747821097857	4.0	0.0	0.0	9.0
0.3908496660870711	0.2893665172427467	0.0341858897661771	66.0	0.0	0.0	9.0
0.5323029397513777	0.9723770665417185	0.03411896671019965	47.0	0.0	0.0	9.0
0.9376999225199202	0.0684162250825391	0.03140602511300162	53.0	0.0	0.0	9.0
0.5578750159998549	0.4828349679372334	0.01964812387483263	94.0	41.0	0.0	9.0
0.5604215794497718	0.7536445657218751	0.018903477250386956	97.0	48.0	0.0	9.0
0.510877249919868	0.26913908000155956	0.019651008257900646	90.0	30.0	0.0	9.0
0.7927593413949063	0.9187480006103242	0.032746076350896686	77.0	0.0	0.0	9.0
0.2956309647031014	0.6448780860509352	0.0338571952088041	72.0	0.0	0.0	9.0
0.20600743294817367	0.651941426478556	0.03231294761921399	76.0	0.0	0.0	9.0
0.536930991765185	0.5402754222624935	0.03216742517286854	5.0	0.0	0.0	9.0
0.20522127743645135	0.03079768925057787	0.030948147529857976	21.0	0.0	0.0	9.0
0.6359685875272408	0.565817326009288	0.03605792397414776	64.0	0.0	0.007577803702645269	9.0
0.6756332053113782	0.3561016833820841	0.018903227062982954	81.0	0.0	0.0	9.0
0.06795649820083059	0.5017863942119396	0.03336290521690257	32.0	0.0	0.0	9.0
0.23459188633756928	0.3324072222822063	0.0339083509904667	37.0	0.0	0.0	9.0
0.9256515234253662	0.25472371539205513	0.034299463211462836	14.0	0.0	0.0	9.0
0.27272710070575135	0.16594337809280071	0.030063121774454145	62.0	0.0	0.0	9.0
0.39271896065863904	0.9126136932599043	0.00964914667328539	101.0	84.0	0.0	9.0
0.8205698980134463	0.46711470176472436	0.03150392780576667	17.0	0.0	0.0	9.0
0.7723574747427923	0.2733692083601556	0.03210244352242314	34.0	0.0	0.0	9.0
0.11618835896140736	0.8178660852749511	0.03414728819424117	70.0	0.0	0.0	9.0
0.40540870897374454	0.9338286879523496	0.00964914667328539	100.0	84.0	0.0	9.0
0.15678557293624987	0.13960577357577517	0.017079211108305722	98.0	55.0	0.0	9.0
0.12570749707811987	0.16656032117436606	0.017912518965288983	92.0	36.0	0.0	9.0
0.5023173197706488	0.43126763948304103	0.019401350659169442	88.0	24.0	0.0	9.0
0.5900795364022414	0.7899216702681833	0.018922380727637342	96.0	0.0	0.0	10.0
0.39102433233258865	0.2882659603089002	0.034220075655943274	66.0	0.0	0.0	10.0
0.09942891251681575	0.5646783712269453	0.0311820171518122	11.0	0.0	0.0	10.0
0.4076831537586435	0.9275248756228913	0.010807044274079637	100.0	0.0	0.0	10.0
0.060841326068140626	0.49710072762831226	0.03339626812211947	32.0	0.0	0.0	10.0
0.3546855369131203	0.7207455051578919	0.03636562564789495	40.0	0.0	0.016299525738048715	10.0
0.8193192454444836	0.46682213906527054	0.031535431733572435	17.0	0.0	0.0	10.0
0.08588578589115946	0.17903662130199116	0.01793043148425427	93.0	0.0	0.0	10.0
0.5040789552091919	0.7467438815180536	0.033145324536648195	73.0	0.0	0.0	10.0
0.7068317538139808	0.47951055229577333	0.037476328934124864	52.0	0.0	0.0971862825387717	10.0
0.9585560705832893	0.6442092368638548	0.03275216835679637	3.0	0.0	0.0	10.0
0.04620221400328026	0.06883341549973301	0.032905515745713744	61.0	0.0	0.0	10.0
0.36398625702985543	0.19506902908024248	0.034531975689189545	4.0	0.0	0.0	10.0
0.35474885461376926	0.9404548331012572	0.017561446945379405	85.0	0.0	0.0	10.0
0.5569082120908717	0.48171339298880195	0.01966777199870746	94.0	0.0	0.0	10.0
0.8306228938440748	0.6579147921777829	0.03294947050474247	67.0	0.0	0.0	10.0
0.20993778626423618	0.6546375253092803	0.0323452605668332	76.0	0.0	0.0	10.0
0.9245872437683136	0.4013902199166549	0.03222194076195197	65.0	0.0	0.0	10.0
0.4366091613947855	0.3387021638230631	0.031760031008175496	16.0	0.0	0.0	10.0
0.6108144802561918	0.45524275915860785	0.01966777199870746	95.0	0.0	0.0	10.0
0.7725122060839755	0.2722057018128141	0.03213454596594556	34.0	0.0	0.0	10.0
0.4243630615355727	0.4795136756148668	0.03346496577079274	26.0	0.0	0.0	10.0
0.1127805227228938	0.8152438348918518	0.03418143548243541	70.0	0.0	0.0	10.0
0.07373374610507538	0.42407049723526574	0.033437015038165464	57.0	0.0	0.0	10.0
0.1279950332782622	0.0293000763645902	0.032255202362608364	79.0	0.0	0.0	10.0
0.8668936933883216	0.04551066583647771	0.03291569257954742	28.0	0.0	0.0	10.0
0.772276154345828	0.19197068049726107	0.03409820835663338	38.0	0.0	0.0	10.0
0.9227365772090074	0.25872518941824385	0.03433376267467429	14.0	0.0	0.0	10.0
0.16305359154052865	0.1509801017895061	0.017096290319414027	98.0	0.0	0.0	10.0
0.5429011009254167	0.1637628167067454	0.03061359314828043	63.0	0.0	0.0	10.0
0.5110387430060188	0.34083747750692084	0.03277943227700205	42.0	0.0	0.0	10.0
0.44318753219925083	0.693365205937481	0.02048475858430904	82.0	0.0	0.0	10.0
0.6799305446066518	0.3534988756679059	0.018922130290045934	81.0	0.0	0.0	10.0
0.8713660377222555	0.5501462982123404	0.033212925180509945	18.0	0.0	0.0	10.0
0.3937031255982647	0.9111692582096289	0.01061406134061393	101.0	0.0	0.0	10.0
0.8318718013624622	0.8341993915886283	0.03414066815475025	45.0	0.0	0.0	10.0
0.5318254483731572	0.9712370093878062	0.03415308567690985	47.0	0.0	0.0	10.0
0.5708788268038688	0.24343819627745197	0.03194923295104256	6.0	0.0	0.0	10.0
0.23474746276522485	0.33416773731615035	0.033942259341457164	37.0	0.0	0.0	10.0
0.16874321074666546	0.8802442431272097	0.03253218497415208	78.0	0.0	0.0	10.0
0.5531889950572375	0.6430059605719747	0.03137756213832088	25.0	0.0	0.0	10.0
0.4570207973218005	0.9146707407103493	0.03135279734324174	56.0	0.0	0.0	10.0
0.1259910908795452	0.163920735561441	0.01793043148425427	92.0	0.0	0.0	10.0
0.5363450527495681	0.5394816276172255	0.0321995925980414	5.0	0.0	0.0	10.0
0.6911839426775492	0.9925940501500662	0.01829900338392596	87.0	0.0	0.0	10.0
0.0605397226133131	0.7489492686415318	0.03337420483284747	49.0	0.0	0.0	10.0
0.47234733507080695	0.5896870442671234	0.030833908360510896	44.0	0.0	0.0	10.0
0.890804807798545	0.9117161366290347	0.03237906352812477	29.0	0.0	0.0	10.0
0.5029834782834479	0.4320915133221434	0.01942075200982861	88.0	0.0	0.0	10.0
0.4037558364720026	0.658730998027653	0.02048475858430904	83.0	0.0	0.0	10.0
0.9359247502569302	0.06865798933512947	0.03143743113811462	53.0	0.0	0.0	10.0
0.17489913165459495	0.10124000200735996	0.017096290319414027	99.0	0.0	0.0	10.0
0.5135874642599149	0.2683221831985681	0.019670659266158543	90.0	0.0	0.0	10.0
0.6374025588998937	0.5667487718438449	0.03609398189812191	64.0	0.0	0.008379350976881028	10.0
0.2955870373782887	0.6460404109482057	0.0338910524040129	72.0	0.0	0.0	10.0
0.79076670162072	0.9192009224850097	0.03277882242724758	77.0	0.0	0.0	10.0
0.19196447853476417	0.5275235115247514	0.03247041045131492	33.0	0.0	0.0	10.0
0.5402177693492201	0.8865274195919598	0.03302302120932133	46.0	0.0	0.0	10.0
0.6514820323802063	0.7374182775826096	0.031465555914061506	75.0	0.0	0.0	10.0
0.1339890964023096	0.9645916643295371	0.0348794543290994	51.0	0.0	0.0	10.0
0.6673132621939911	0.9485480063096875	0.01829900338392596	86.0	0.0	0.0	10.0
0.32612604595218525	0.5608982652812907	0.03182790636847546	58.0	0.0	0.0	10.0
0.13884218953459296	0.454468239554745	0.03050224826871653	1.0	0.0	0.0	10.0
0.670095216342098	0.09486561925070273	0.0341237966109911	69.0	0.0	0.0	10.0
0.23433779451283723	0.719214709015675	0.033004639875721685	10.0	0.0	0.0	10.0
0.15271096714556884	0.3126417804346921	0.033824943966677165	50.0	0.0	0.0	10.0
0.06201238605149876	0.25987329747426274	0.031202160058935387	68.0	0.0	0.0	10.0
0.797446835371779	0.745458336440353	0.033361984808896544	20.0	0.0	0.0	10.0
0.12341520719208048	0.6475353150531599	0.0341596095862935	12.0	0.0	0.0	10.0
0.6972823396808476	0.3889915767325173	0.018922130290045934	80.0	0.0	0.0	10.0
0.35871743486973945	0.09819639278557113	0.04488977955911823	-2.0	-1.0	6.190700704544398	10.0
0.2757616551752336	0.16490217620842337	0.030093184896228597	62.0	0.0	0.0	10.0
0.20671808696977867	0.03188087156269362	0.03097909567738783	21.0	0.0	0.0	10.0
0.4671846590353984	0.2502516655725315	0.019670659266158543	91.0	0.0	0.0	10.0
0.45866535515745005	0.4085293307801301	0.01942075200982861	89.0	0.0	0.0	10.0
0.9562139487132053	0.9532932229915198	0.030465026008108097	13.0	0.0	0.0	10.0
0.6573792794411657	0.24259370302444025	0.03302992466758723	9.0	0.0	0.0	10.0
0.15525390135321981	0.7168634232058171	0.031993801950049035	31.0	0.0	0.0	10.0
0.9557387835260821	0.5257678883399324	0.032424282931916466	19.0	0.0	0.0	10.0
0.7815377308175615	0.5951029653164944	0.030396625761991352	15.0	0.0	0.0	10.0
0.37528279749323973	0.8057978934055515	0.03356291567910169	2.0	0.0	0.0	10.0
0.1947104242092125	0.7839017922959552	0.0315231634214533	71.0	0.0	0.0	10.0
0.18591262355064078	0.20744497124502284	0.03161375600581825	23.0	0.0	0.0	10.0
0.31951443919223843	0.36460772054924234	0.031002220181140492	22.0	0.0	0.0	10.0
0.656749389756018	0.6429014568589366	0.0351829600898066	43.0	0.0	3.919666059459814e-05	10.0
0.17547674948423506	0.4008434730456167	0.0322333123904859	39.0	0.0	0.0	10.0
0.025039487570874326	0.1537635999273425	0.028155869507982316	60.0	0.0	0.0	10.0
0.9470139064380723	0.8366360029108237	0.03301786967406048	7.0	0.0	0.0	10.0
0.29830261278921	0.29410620181949304	0.03423783076726876	27.0	0.0	0.0	10.0
0.5602008773587979	0.7522539409001412	0.018922380727637342	97.0	0.0	0.0	10.0
0.7612113123368099	0.34943998751265787	0.03592564702617644	59.0	0.0	0.005075936782859003	10.0
0.3250266442387914	0.5596548730174854	0.03185973427484393	58.0	0.0	0.0	11.0
0.8728728484594416	0.5512956219384516	0.03324613810569045	18.0	0.0	0.0	11.0
0.6512501891666491	0.7466226301910569	0.031497021469975565	75.0	0.0	0.0	11.0
0.16209709338049977	0.15147240270695977	0.01711338660973344	98.0	0.0	0.0	11.0
0.625346516888351	0.5673184614219319	0.03613007588002003	64.0	0.0	0.009236401235909852	11.0
0.43831188681816147	0.34130555221050524	0.03179179103918367	16.0	0.0	0.0	11.0
0.8327802707900025	0.6584626358802824	0.03298241997524721	67.0	0.0	0.0	11.0
0.05937607654836577	0.2498879132594975	0.03123336221899432	68.0	0.0	0.0	11.0
0.6059701128284747	0.4624498146048396	0.019687439770706167	95.0	0.0	0.0	11.0
0.516093025151605	0.34094886775008015	0.032812211709279046	42.0	0.0	0.0	11.0
0.6970633659621204	0.3907214286844077	0.018941052420335978	80.0	0.0	0.0	11.0
0.2344967204869911	0.3320815837622642	0.03397620160079862	37.0	0.0	0.0	11.0
0.7669605911534857	0.2678028896961222	0.0321666805119115	34.0	0.0	0.0	11.0
0.15572632462167815	0.7262352556497855	0.03202579575199908	31.0	0.0	0.0	11.0
0.9127973667765261	0.25063678100914827	0.03436809643734896	14.0	0.0	0.0	11.0
0.7784737933345562	0.19060294989543997	0.03413230656499001	38.0	0.0	0.0	11.0
0.1877213921210262	0.20818254044598794	0.03164536976182406	23.0	0.0	0.0	11.0
0.1928226765868591	0.5268774244986919	0.03250288086176623	33.0	0.0	0.0	11.0
0.580087676262828	0.24577668895156693	0.031981182183993595	6.0	0.0	0.0	11.0
0.6724027397975599	0.09737809935300497	0.03415792040760209	69.0	0.0	0.0	11.0
0.35596307355731743	0.1995896387985875	0.03456650766487873	4.0	0.0	0.0	11.0
0.9588407805178313	0.5225158500128363	0.032456707214848377	19.0	0.0	0.0	11.0
0.6895972288294353	0.9918149301274004	0.018317302387309886	87.0	0.0	0.0	11.0
0.7944834700347709	0.745938211800661	0.033395346793705434	20.0	0.0	0.0	11.0
0.35484320880449544	0.7217810547237664	0.03640199127354284	40.0	0.0	0.0176366422402765	11.0
0.8671255188068414	0.04425506913318908	0.032948608272126964	28.0	0.0	0.0	11.0
0.23936029128664532	0.7296173125589378	0.0330376445155974	10.0	0.0	0.0	11.0
0.3760975887091289	0.809546010103602	0.033596478594780786	2.0	0.0	0.0	11.0
0.21142014910196466	0.030591827944598735	0.031010074773065215	21.0	0.0	0.0	11.0
0.625250501002004	0.2985971943887775	0.008817635270541082	-2.0	-1.0	0.0	11.0
0.08342803819827174	0.18363256860228783	0.017948361915738523	93.0	0.0	0.0	11.0
0.9231324066483312	0.40211598796771586	0.03225416270271392	65.0	0.0	0.0	11.0
0.8881648363637812	0.9154377146440611	0.03241144259165289	29.0	0.0	0.0	11.0
0.3879329627860361	0.9012380576475463	0.011781608088081463	101.0	0.0	0.0	11.0
0.7072775667810594	0.4830323924314817	0.03751380526305898	52.0	0.0	0.101665796499816	11.0
0.8311283369334929	0.8319640374040299	0.034174808822905	45.0	0.0	0.0	11.0
0.5042332481729803	0.4265119157442616	0.019440172761838435	88.0	0.0	0.0	11.0
0.5093055244799762	0.26628614153841507	0.019690329925424698	90.0	0.0	0.0	11.0
0.15567961642706798	0.31263243542709757	0.033858768910643836	50.0	0.0	0.0	11.0
0.12978201119644286	0.03073569130464263	0.03228745756497097	79.0	0.0	0.0	11.0
0.9456625329575377	0.8366998599699835	0.03305088754373454	7.0	0.0	0.0	11.0
0.554182563383234	0.6427200813508653	0.031408939700459194	25.0	0.0	0.0	11.0
0.0654735109117314	0.49773159412500084	0.03342966439024158	32.0	0.0	0.0	11.0
0.6605153809544216	0.6437077270563818	0.0352181430498964	43.0	0.0	6.643609789591665e-05	11.0
0.7784737866421388	0.5981190602918575	0.03042702238775334	15.0	0.0	0.0	11.0
0.4422488342145302	0.6926013049490883	0.02050524334289335	82.0	0.0	0.0	11.0
0.12891471517952716	0.16474205485766583	0.017948361915738523	92.0	0.0	0.0	11.0
0.4673035720955409	0.5851417849979784	0.0308647422688714	44.0	0.0	0.0	11.0
0.5410853031606884	0.16522158481609717	0.030644206741428707	63.0	0.0	0.0	11.0
0.5412513639570438	0.8870430442854763	0.03305604423053065	46.0	0.0	0.0	11.0
0.765539449866991	0.34478656911343997	0.035961572673202616	59.0	0.0	0.0056901840247434166	11.0
0.389755138391305	0.28971972489393166	0.034254295731599216	66.0	0.0	0.0	11.0
0.093595871346413	0.5651753360591346	0.03121319916896401	11.0	0.0	0.0	11.0
0.4593088363936435	0.4074744258850803	0.019440172761838435	89.0	0.0	0.0	11.0
0.26624641144124395	0.16619807623881735	0.030123278081124822	62.0	0.0	0.0	11.0
0.5621807238725255	0.7519461112648268	0.018941303108364976	97.0	0.0	0.0	11.0
0.298717470674796	0.29126127016577624	0.034272068598036026	27.0	0.0	0.0	11.0
0.1663328303056404	0.8801759363725363	0.032564717159126226	78.0	0.0	0.0	11.0
0.17059339655343622	0.3883070500707401	0.03226554570287638	39.0	0.0	0.0	11.0
0.4025878638363882	0.6574431028435735	0.02050524334289335	83.0	0.0	0.0	11.0
0.5587738158169604	0.4796562368697578	0.019687439770706167	94.0	0.0	0.0	11.0
0.061457934524605407	0.748121808822086	0.03340757903768031	49.0	0.0	0.0	11.0
0.07447257727229395	0.42654993404339364	0.03347045205320363	57.0	0.0	0.0	11.0
0.12978795805229934	0.4589850832938148	0.030532750516985244	1.0	0.0	0.0	11.0
0.9601123681867624	0.9589381343796817	0.030495491034116202	13.0	0.0	0.0	11.0
0.31983140316513325	0.3673927087625412	0.031033222401321628	22.0	0.0	0.0	11.0
0.3537020542732815	0.9449940937023907	0.01757900839232478	85.0	0.0	0.0	11.0
0.19466102275554079	0.7827815523078366	0.03155468658487475	71.0	0.0	0.0	11.0
0.5058848024121344	0.7448977971307923	0.03317846986118484	73.0	0.0	0.0	11.0
0.049020759414214785	0.06986039870215867	0.032938421261459454	61.0	0.0	0.0	11.0
0.5325473846984734	0.9700192582278747	0.03418723876258675	47.0	0.0	0.0	11.0
0.6692653222789663	0.9437174609692235	0.018317302387309886	86.0	0.0	0.0	11.0
0.6791011209520126	0.3508960824175603	0.018941052420335978	81.0	0.0	0.0	11.0
0.533833992899702	0.5358941273487078	0.03223179219063944	5.0	0.0	0.0	11.0
0.7849639344156562	0.9239841841936818	0.03281160124967482	77.0	0.0	0.0	11.0
0.29263577327501367	0.6449439735427295	0.0339249434564169	72.0	0.0	0.0	11.0
0.2113328101418693	0.6554027131966215	0.03237760582740003	76.0	0.0	0.0	11.0
0.1329534355973374	0.9643767472551165	0.034914333783428494	51.0	0.0	0.0	11.0
0.8128533766802472	0.47004773793608606	0.031566967165306006	17.0	0.0	0.0	11.0
0.4110325684523121	0.9353717407439535	0.01167160781600601	100.0	0.0	0.0	11.0
0.9375585123264698	0.06859109427959337	0.03146886856925273	53.0	0.0	0.0	11.0
0.024824175500975727	0.1521445549353399	0.028184025377490294	60.0	0.0	0.0	11.0
0.5913037092414932	0.7865287737297842	0.018941303108364976	96.0	0.0	0.0	11.0
0.1692973049401407	0.09992957768478994	0.01711338660973344	99.0	0.0	0.0	11.0
0.11312006867394735	0.8141300262440363	0.034215616917917836	70.0	0.0	0.0	11.0
0.4584922482819891	0.9090974181648717	0.03138415014058498	56.0	0.0	0.0	11.0
0.4658718572504842	0.24960704388624957	0.019690329925424698	91.0	0.0	0.0	11.0
0.4252131403618349	0.47842074734808926	0.03349843073656353	26.0	0.0	0.0	11.0
0.9589511042431517	0.6427858548508852	0.03278492052515316	3.0	0.0	0.0	11.0
0.6455792820180393	0.2506881303434867	0.03306295459225481	9.0	0.0	0.0	11.0
0.13250131038686722	0.6491243361706981	0.03419376919587979	12.0	0.0	0.0	11.0
