1 0 11 0
2 0 8 0
3 0 11 0
4 0 11 0
5 0 11 0
6 0 7 0
7 0 11 0
8 0 8 0
9 0 11 0
10 0 11 0
11 0 11 0
12 0 11 0
13 0 8 0
14 0 11 0
15 0 11 0
16 0 11 0
17 0 7 0
18 0 11 0
19 0 11 0
20 0 11 0
21 0 11 0
22 0 11 0
23 0 11 0
24 0 11 0
25 0 11 0
26 0 11 0
27 0 11 0
28 0 11 0
29 0 8 0
30 0 11 0
31 0 11 0
32 0 11 0
33 0 11 0
34 0 11 0
35 0 11 0
36 0 11 0
37 0 11 0
38 0 11 0
39 0 11 0
40 0 11 0
41 0 11 0
42 0 11 0
43 0 7 0
44 0 11 0
45 0 11 0
46 0 11 0
47 0 11 0
48 0 11 0
49 0 11 0
50 0 8 0
51 0 11 0
52 0 11 0
53 0 11 0
54 0 11 0
55 0 11 0
56 0 11 0
57 0 11 0
58 0 11 0
59 0 11 0
60 0 11 0
61 0 11 0
62 0 11 0
63 0 11 0
64 0 11 0
65 0 11 0
66 0 11 0
67 0 11 0
68 0 11 0
69 0 11 0
70 0 11 0
71 0 11 0
77 8 11 43
74 8 11 17
72 8 11 6
75 8 11 17
73 8 11 6
76 8 11 43
78 9 11 2
87 9 11 50
83 9 11 13
80 9 11 8
79 9 11 2
84 9 11 29
82 9 11 13
86 9 11 50
85 9 11 29
81 9 11 8
