# x	y	r	id	split_id	s_prob	t
2.0	0.5	0.0	-1.0	0.0	0.0	0.0
0.7921765654013904	0.31197175140123956	0.03284834705708412	1.0	0.0	0.0	0.0
0.05040732021005542	0.6444158994302495	0.03174929824501083	2.0	0.0	0.0	0.0
0.36622865895710077	0.070622059169995	0.03246071222060789	3.0	0.0	0.0	0.0
0.8076750390354711	0.5319376233687676	0.030361997822860774	4.0	0.0	0.0	0.0
0.26582219784797834	0.29887525647396274	0.03259969231765705	5.0	0.0	0.0	0.0
0.1308454344075475	0.16933634589298002	0.03189575782934982	6.0	0.0	0.0	0.0
0.3574976623389162	0.2882733320090244	0.03343541259781615	7.0	0.0	0.0	0.0
0.8066268563713858	0.617392737916513	0.03421315256355203	8.0	0.0	0.0	0.0
0.44221159222537587	0.7201363439589648	0.0324482942261073	9.0	0.0	0.0	0.0
0.15169559919599448	0.8034021324819134	0.0306245964803881	10.0	0.0	0.0	0.0
0.5229379813887617	0.936684067235176	0.03258671054295999	11.0	0.0	0.0	0.0
0.7005011009104525	0.07685848532584112	0.032930698484073505	12.0	0.0	0.0	0.0
0.45042041206102335	0.5901163579519764	0.03579789438815827	13.0	0.0	0.0032509942820553306	0.0
0.8788498132526545	0.47393750178836574	0.03633725241884705	14.0	0.0	0.015304535404141006	0.0
0.5674401102962615	0.5607668492118704	0.03535768057802007	15.0	0.0	0.00029286404065942406	0.0
0.43769787710652147	0.36907788810665665	0.03271719048010689	16.0	0.0	0.0	0.0
0.06492283085282276	0.3241919831601538	0.03402910726596263	17.0	0.0	0.0	0.0
0.1385622837687726	0.08657994926107615	0.03102359441484251	18.0	0.0	0.0	0.0
0.8667399830605054	0.3927728543844589	0.03325699400681546	19.0	0.0	0.0	0.0
0.09901077998748792	0.4509928663527553	0.0288302443833049	20.0	0.0	0.0	0.0
0.26990597196393384	0.1457013582935453	0.031192504033535677	21.0	0.0	0.0	0.0
0.037569000544010606	0.15980295319859444	0.036690994798425955	22.0	0.0	0.030946161598279787	0.0
0.5575405085241164	0.43620038799162075	0.032406372038834536	23.0	0.0	0.0	0.0
0.9476449966219618	0.4263046785298316	0.03129450557675081	24.0	0.0	0.0	0.0
0.6127673841555886	0.6877674141128012	0.031990719096050335	25.0	0.0	0.0	0.0
0.10188784207504575	0.6953497095482336	0.03649783237689764	26.0	0.0	0.021506493936186644	0.0
0.20907071982977873	0.6886518912143449	0.03548076871674704	27.0	0.0	0.0007111948057740847	0.0
0.034527218089532546	0.2441760686815056	0.03411726122145597	28.0	0.0	0.0	0.0
0.6564705749062433	0.8432790677857925	0.0311484426366097	29.0	0.0	0.0	0.0
0.2094461490927346	0.10441794293981704	0.0320620261210115	30.0	0.0	0.0	0.0
0.6016619404493962	0.27257212490205235	0.033989854519478335	31.0	0.0	0.0	0.0
0.4747424740688232	0.08371855409727184	0.03425564862443684	32.0	0.0	0.0	0.0
0.5319899140787004	0.24548060341627254	0.03340866821708572	33.0	0.0	0.0	0.0
0.8931018528258515	0.16662262352763776	0.03469365563917924	34.0	0.0	0.0	0.0
0.7478979396948829	0.9200233015962357	0.03175406258400601	35.0	0.0	0.0	0.0
0.8744973906585591	0.7528870806195599	0.033740502937543576	36.0	0.0	0.0	0.0
0.5059389196600736	0.3924033091752282	0.03251277956733883	37.0	0.0	0.0	0.0
0.6472310158290749	0.4143862908609613	0.03344084863065988	38.0	0.0	0.0	0.0
0.2519937488735801	0.9343880865112583	0.035663988050070566	39.0	0.0	0.0018735304848433998	0.0
0.5047279582399729	0.7593228492794988	0.0315136732754817	40.0	0.0	0.0	0.0
0.6138342374341649	0.7609712895529626	0.03541697907348742	41.0	0.0	0.0004640051000137646	0.0
0.6775786168471606	0.5012501489893183	0.03340046599220109	42.0	0.0	0.0	0.0
0.6080751399278191	0.4927439436032261	0.03377640449612116	43.0	0.0	0.0	0.0
0.9605600716092355	0.5327412373181921	0.03348477741545801	44.0	0.0	0.0	0.0
0.3008984962044635	0.5429049141242817	0.03329078262495942	45.0	0.0	0.0	0.0
0.6859386577008515	0.7688027831587846	0.03174997223510022	46.0	0.0	0.0	0.0
0.19341740302588606	0.8836017185058758	0.033121338991301194	47.0	0.0	0.0	0.0
0.46164597914154637	0.1903614413622404	0.029992083431996726	48.0	0.0	0.0	0.0
0.23713463753108624	0.42859292051556197	0.03175907995943999	49.0	0.0	0.0	0.0
0.9462162914507894	0.7934238506325596	0.030253410182312434	50.0	0.0	0.0	0.0
0.030745198827470916	0.46293498941556593	0.030745198827470916	51.0	0.0	0.0	0.0
0.3867438206033911	0.6745604199357691	0.030473821492858693	52.0	0.0	0.0	0.0
0.43233477620906957	0.2845314763155167	0.0294757473099984	53.0	0.0	0.0	0.0
0.33483249358754996	0.47654994194784245	0.034785506404247886	54.0	0.0	0.0	0.0
0.5171501719285767	0.6842863929052526	0.032178718806426684	55.0	0.0	0.0	0.0
0.12862082241936384	0.5140319588506537	0.03235119905641807	56.0	0.0	0.0	0.0
0.972491266701647	0.16483463475771903	0.03108656397263415	57.0	0.0	0.0	0.0
0.4342057040558235	0.9331197965235126	0.03316268144881579	58.0	0.0	0.0	0.0
0.4954517037959233	0.5150131412190939	0.032174080954198506	59.0	0.0	0.0	0.0
0.5934625549999694	0.9117422047567365	0.031081686808680828	60.0	0.0	0.0	0.0
0.6994031777033143	0.07836565248091855	0.032963629182557574	12.0	0.0	0.0	1.0
0.23592265867103182	0.42845111726838	0.03179083903939942	49.0	0.0	0.0	1.0
0.06661169896780408	0.3204285200950307	0.03406313637322859	17.0	0.0	0.0	1.0
0.8071669901520978	0.5281173359101708	0.030392359820683633	4.0	0.0	0.0	1.0
0.26262579455284907	0.2983369709882958	0.03263229200997471	5.0	0.0	0.0	1.0
0.4299581169986187	0.36387047348370083	0.032749907670587	16.0	0.0	0.0	1.0
0.25206862299142385	0.933068084009305	0.03569965203812063	39.0	0.0	0.002191928001650467	1.0
0.033827063669763534	0.2434420483023657	0.03415137848267742	28.0	0.0	0.0	1.0
0.4317726090821964	0.2856495427064029	0.029505223057308395	53.0	0.0	0.0	1.0
0.6014951563480974	0.27152123267845224	0.03402384437399781	31.0	0.0	0.0	1.0
0.15143718143082596	0.7988463245953535	0.030655221076868487	10.0	0.0	0.0	1.0
0.45420439055094947	0.5864380929281133	0.035833692282546424	13.0	0.0	0.0037084917550203045	1.0
0.6551148208026115	0.8437347277229176	0.031179591079246307	29.0	0.0	0.0	1.0
0.21231517428001467	0.1052239239776962	0.03209408814713251	30.0	0.0	0.0	1.0
0.8628055754699543	0.39169425889741327	0.03329025100082227	19.0	0.0	0.0	1.0
0.5140652174822966	0.3835793314519577	0.03254529234690616	37.0	0.0	0.0	1.0
0.3585609753344543	0.28543859474417854	0.033468848010413964	7.0	0.0	0.0	1.0
0.26935950087425925	0.14326163815476708	0.03122369653756921	21.0	0.0	0.0	1.0
0.49472350806435467	0.51367180370574	0.0322062550351527	59.0	0.0	0.0	1.0
0.9473627521220553	0.7932159052011631	0.030283663592494743	50.0	0.0	0.0	1.0
0.437890256531605	0.9304886157710368	0.0331958441302646	58.0	0.0	0.0	1.0
0.46373488419733727	0.07476071151156292	0.03428990427306128	32.0	0.0	0.0	1.0
0.5919207908688631	0.9177344484687237	0.031112768495489506	60.0	0.0	0.0	1.0
0.12687509699179586	0.5254974470419059	0.032383550255474486	56.0	0.0	0.0	1.0
0.9556802062319085	0.5321079047131972	0.03351826219287346	44.0	0.0	0.0	1.0
0.1921201461161563	0.8820178317131847	0.03315446033029249	47.0	0.0	0.0	1.0
0.9459839526670407	0.42870987017248885	0.031325800082327555	24.0	0.0	0.0	1.0
0.6081193016742878	0.7597100846747111	0.035452396052560904	41.0	0.0	0.0005925655432150734	1.0
0.6144290633027135	0.6885447457532567	0.032022709815146384	25.0	0.0	0.0	1.0
0.5592317179791886	0.433347681730166	0.032438778410873365	23.0	0.0	0.0	1.0
0.1005447100135351	0.4500637973101511	0.028859074627688202	20.0	0.0	0.0	1.0
0.13489521366188614	0.08652222685665732	0.031054618009257347	18.0	0.0	0.0	1.0
0.69405896060478	0.767435295770987	0.031781722207335314	46.0	0.0	0.0	1.0
0.4703264215970625	0.1856842535758469	0.03002207551542872	48.0	0.0	0.0	1.0
0.5648197611962569	0.5604936631446346	0.03539303825859809	15.0	0.0	0.0003885835886876521	1.0
0.20909665405202357	0.687278952978911	0.03551624948546378	27.0	0.0	0.0008805598295822392	1.0
0.8770588790792532	0.7515890387650846	0.03377424344048112	36.0	0.0	0.0	1.0
0.8792129263191791	0.4763223376340162	0.03637358967126589	14.0	0.0	0.016586357559319254	1.0
0.5193280756857698	0.6841697329553038	0.03221089752523311	55.0	0.0	0.0	1.0
0.5300301615586432	0.2454003605485316	0.033442076885302804	33.0	0.0	0.0	1.0
0.0478133099002459	0.6477079841619547	0.03178104754325584	2.0	0.0	0.0	1.0
0.3454674039514896	0.47181764878571775	0.03482029191065213	54.0	0.0	0.0	1.0
0.025557350229401345	0.4590293621956117	0.030775944026298383	51.0	0.0	0.0	1.0
0.7910622144231839	0.31275697596130253	0.0328811954041412	1.0	0.0	0.0	1.0
0.03816583598222721	0.16064431444069222	0.03672768579322438	22.0	0.0	0.033004583773120544	1.0
0.8032939830844643	0.6141529755148799	0.03424736571611558	8.0	0.0	0.0	1.0
0.10083398416720153	0.6929198458158007	0.03653433020927453	26.0	0.0	0.02311726660887814	1.0
0.29362688764833217	0.534886687194653	0.03332407340758438	45.0	0.0	0.0	1.0
0.509393084748669	0.7673060641895129	0.03154518694875718	40.0	0.0	0.0	1.0
0.6538458000564377	0.4232305190087169	0.033474289479290535	38.0	0.0	0.0	1.0
0.6061231667241164	0.49342746124571973	0.03381018090061728	43.0	0.0	0.0	1.0
0.7492964316954516	0.9268707483504877	0.03178581664659001	35.0	0.0	0.0	1.0
0.3894735825279624	0.6753644965923541	0.03050429531435155	52.0	0.0	0.0	1.0
0.8971925221307328	0.16927974552968453	0.03472834929481842	34.0	0.0	0.0	1.0
0.6896376606994286	0.5036735156854121	0.03343386645819329	42.0	0.0	0.0	1.0
0.4451117470898734	0.7205313218367909	0.03248074252033341	9.0	0.0	0.0	1.0
0.1336693955308444	0.16911364809823484	0.03192765358717917	6.0	0.0	0.0	1.0
0.5152115523064357	0.9355822001341134	0.032619297253502946	11.0	0.0	0.0	1.0
0.9737863490681808	0.16499443260147653	0.031117650536606783	57.0	0.0	0.0	1.0
0.3652553135474727	0.07118674725239839	0.032493172932828496	3.0	0.0	0.0	1.0
0.34498829220302046	0.47078500858446043	0.03485511220256278	54.0	0.0	0.0	2.0
0.6010747563339145	0.2695269484851074	0.034057868218371805	31.0	0.0	0.0	2.0
0.0344579619875094	0.2412750658352447	0.034185529861160094	28.0	0.0	0.0	2.0
0.43564946723701475	0.9302550009389932	0.03322903997439486	58.0	0.0	0.0	2.0
0.5917197355707113	0.9148359142495901	0.031143881263984992	60.0	0.0	0.0	2.0
0.6534029542414216	0.841940059422893	0.03121077067032555	29.0	0.0	0.0	2.0
0.35947215986448516	0.2863355494291559	0.03350231685842438	7.0	0.0	0.0	2.0
0.5674691166204258	0.4360537320567238	0.03247121718928424	23.0	0.0	0.0	2.0
0.5311711213912254	0.23998790078974083	0.0334755189621881	33.0	0.0	0.0	2.0
0.1347871300961342	0.1693974853033259	0.031959581240766345	6.0	0.0	0.0	2.0
0.06248383509193227	0.3272924559847491	0.034097199509601814	17.0	0.0	0.0	2.0
0.04084474017621974	0.6415663120086604	0.0318128285907991	2.0	0.0	0.0	2.0
0.25124748122990753	0.9337449569229426	0.03573535169015875	39.0	0.0	0.0025448679886039827	2.0
0.7927931557306115	0.3062007980970072	0.03291407659954534	1.0	0.0	0.0	2.0
0.514134351509591	0.9402532868232414	0.032651916550756444	11.0	0.0	0.0	2.0
0.1225667078257418	0.5287836818474223	0.032415933805729956	56.0	0.0	0.0	2.0
0.5082524726705454	0.7657194021332352	0.031576732135705936	40.0	0.0	0.0	2.0
0.5601824995922937	0.5620522159273507	0.03542843129685668	15.0	0.0	0.0005032960702493483	2.0
0.21384894922542066	0.09746526176630968	0.03212618223527964	30.0	0.0	0.0	2.0
0.9738019478081196	0.16251681400283544	0.031148768187143388	57.0	0.0	0.0	2.0
0.10399165384605916	0.4581504514145239	0.028887933702315887	20.0	0.0	0.0	2.0
0.19298204083706272	0.880752849702143	0.03318761479062278	47.0	0.0	0.0	2.0
0.14654813170931855	0.08500985461436925	0.0310856726272666	18.0	0.0	0.0	2.0
0.03905073627977639	0.16133707100585037	0.0367644134790176	22.0	0.0	0.035154512075720845	2.0
0.2004008016032064	0.501002004008016	0.07254509018036072	-2.0	-1.0	338.71889930599554	2.0
0.6087002672753286	0.4940474554952014	0.033843991081517893	43.0	0.0	0.0	2.0
0.9483502880697958	0.7927463366332168	0.030313947256087236	50.0	0.0	0.0	2.0
0.26347196814294616	0.2977643230243569	0.03266492430198468	5.0	0.0	0.0	2.0
0.8972799451838095	0.17026903164181764	0.03476307764411323	34.0	0.0	0.0	2.0
0.26819482264772154	0.14452976431956693	0.031254920234106774	21.0	0.0	0.0	2.0
0.6976325338327092	0.0662232756093089	0.03299659281174013	12.0	0.0	0.0	2.0
0.6882423195069167	0.4998062118618339	0.03346730032465148	42.0	0.0	0.0	2.0
0.23403938553408957	0.428635481202305	0.03182262987843882	49.0	0.0	0.0	2.0
0.4279571738981458	0.3643785924189305	0.03278265757825758	16.0	0.0	0.0	2.0
0.6528299834588571	0.4227317251956598	0.03350776376876982	38.0	0.0	0.0	2.0
0.1043371020783816	0.6944518585263887	0.0365708645394838	26.0	0.0	0.024808252999392266	2.0
0.43155980864044424	0.284049383970866	0.0295347282803657	53.0	0.0	0.0	2.0
0.6958757210248143	0.7695162558766281	0.031813503929542644	46.0	0.0	0.0	2.0
0.8754262096574986	0.7510057659957033	0.033808017683921596	36.0	0.0	0.0	2.0
0.6084502725899092	0.7620843438498919	0.03548784844861346	41.0	0.0	0.0007430786077549101	2.0
0.6136644757451437	0.6879225337101424	0.03205473252496153	25.0	0.0	0.0	2.0
0.3888255372441638	0.6744865641412631	0.030534799609665896	52.0	0.0	0.0	2.0
0.8058290367268758	0.5282483155073645	0.030422752180504314	4.0	0.0	0.0	2.0
0.5266682542439192	0.6937304458925914	0.03224310842275834	55.0	0.0	0.0	2.0
0.8034186294583064	0.6155634836386529	0.03428161308183169	8.0	0.0	0.0	2.0
0.5071082958998303	0.3755730512669365	0.032577837639253066	37.0	0.0	0.0	2.0
0.463642200636109	0.07623092042923288	0.03432419417733434	32.0	0.0	0.0	2.0
0.4945575285499276	0.5147619156629817	0.032238461290187856	59.0	0.0	0.0	2.0
0.4715970762895967	0.18311696508096098	0.030052097590944144	48.0	0.0	0.0	2.0
0.9349038146034645	0.428814510398465	0.03135712588240988	24.0	0.0	0.0	2.0
0.8559985747971096	0.3971628389864341	0.03332354125182309	19.0	0.0	0.0	2.0
0.028788497065802433	0.4575425571122511	0.030806719970324678	51.0	0.0	0.0	2.0
0.45250716980730277	0.5895179730318852	0.03586952597482897	13.0	0.0	0.004207534191394302	2.0
0.9609208507043294	0.5312930811066339	0.03355178045506633	44.0	0.0	0.0	2.0
0.14767650319417241	0.7942547216939383	0.030685876297945353	10.0	0.0	0.0	2.0
0.365853164753084	0.07198609796121891	0.03252566610576132	3.0	0.0	0.0	2.0
0.28341707964007534	0.5244493882192655	0.03335739748099196	45.0	0.0	0.0	2.0
0.208979242836518	0.6903856748105432	0.03555176573494924	27.0	0.0	0.0010750883480028506	2.0
0.8822217962930334	0.48024144421401993	0.03640996326093715	14.0	0.0	0.0179392120506634	2.0
0.7460311130670096	0.9287105705576891	0.031817602463236595	35.0	0.0	0.0	2.0
0.44164359959648464	0.7203893171204965	0.03251322326285374	9.0	0.0	0.0	2.0
0.4293891522705809	0.36682907067977333	0.03281544023583583	16.0	0.0	0.0	3.0
0.9530870545702474	0.5314657284640826	0.03358533223552139	44.0	0.0	0.0	3.0
0.13540630020720296	0.17208240465410138	0.03199154082200711	6.0	0.0	0.0	3.0
0.5222162084192981	0.6984570608731345	0.0322753515311811	55.0	0.0	0.0	3.0
0.6096015835978451	0.4945856369766499	0.03387783507259941	43.0	0.0	0.0	3.0
0.614584100771507	0.7668862969672348	0.03552333629706207	41.0	0.0	0.0009173235550861136	3.0
0.7993690322126061	0.6129691455626508	0.034315894694913515	8.0	0.0	0.0	3.0
0.6955145594193423	0.7704978431865707	0.03184531743347219	46.0	0.0	0.0	3.0
0.19352485895346797	0.8828625747756198	0.0332208024054134	47.0	0.0	0.0	3.0
0.22469212726707996	0.09866477826573515	0.032158308417514915	30.0	0.0	0.0	3.0
0.6524921072817471	0.8426718118917434	0.031241981440995874	29.0	0.0	0.0	3.0
0.04009161648518238	0.16150562692346496	0.036801177892496616	22.0	0.0	0.03739812229649431	3.0
0.6952161466557983	0.06720861601630007	0.03302958940455187	12.0	0.0	0.0	3.0
0.6179549617082524	0.6864504025902006	0.03208678725748649	25.0	0.0	0.0	3.0
0.21210459407023252	0.6878423020374362	0.03558731750068418	27.0	0.0	0.001296578452681274	3.0
0.4478143638952546	0.5850698108612229	0.035905395500803794	13.0	0.0	0.00475001487924942	3.0
0.8603606451402602	0.3985076434392217	0.033356864793074904	19.0	0.0	0.0	3.0
0.7375899071161727	0.9362217242741223	0.03184942006569983	35.0	0.0	0.0	3.0
0.1032037774164573	0.6939129681298054	0.03660743540402328	26.0	0.0	0.026581565971738996	3.0
0.5597852202925407	0.4407740825958457	0.03250368840647352	23.0	0.0	0.0	3.0
0.7933610081358928	0.3028924520381653	0.03294699067614488	1.0	0.0	0.0	3.0
0.974506637371547	0.16396343916452807	0.03117991695533053	57.0	0.0	0.0	3.0
0.8809550217584733	0.4797525806066916	0.03644637322419808	14.0	0.0	0.01936516020263923	3.0
0.565707198209246	0.5604625954692971	0.03546385972815353	15.0	0.0	0.0006387633374913548	3.0
0.44102353833693897	0.9261021373134369	0.03326226901436925	58.0	0.0	0.0	3.0
0.6010747563339145	0.2749375179140393	0.034091926086590174	31.0	0.0	0.0	3.0
0.6898578197047963	0.5003491707336671	0.03350076762497613	42.0	0.0	0.0	3.0
0.9372262198594772	0.4293423871155511	0.031388483008292285	24.0	0.0	0.0	3.0
0.10399165384605916	0.46009141060593933	0.0289168216360182	20.0	0.0	0.0	3.0
0.49663468183348436	0.5147815321865061	0.03227069975147804	59.0	0.0	0.0	3.0
0.06517274081188637	0.32765866342006345	0.034131296709111414	17.0	0.0	0.0	3.0
0.8949293921428932	0.16652254035252378	0.03479784072175734	34.0	0.0	0.0	3.0
0.5956322254175389	0.9158294508347119	0.031175025145248975	60.0	0.0	0.0	3.0
0.4362316736997583	0.2836809603273982	0.02956426300864606	53.0	0.0	0.0	3.0
0.4586831913811987	0.07466782753426775	0.034358518371511666	32.0	0.0	0.0	3.0
0.12989321633604492	0.5188581724189959	0.032448349739535684	56.0	0.0	0.0	3.0
0.8796928545512839	0.7423852427237728	0.033841825701605516	36.0	0.0	0.0	3.0
0.8048571389694419	0.5280972033225768	0.030453174932684814	4.0	0.0	0.0	3.0
0.5063910815028394	0.7640839800706956	0.03160830886784164	40.0	0.0	0.0	3.0
0.14658468150757287	0.7933195398301292	0.030716562174243296	10.0	0.0	0.0	3.0
0.3649289435932692	0.07557818985235135	0.03255819177186708	3.0	0.0	0.0	3.0
0.46823361787303347	0.17818049860931925	0.030082149688535086	48.0	0.0	0.0	3.0
0.2699345921092386	0.1454813667477227	0.03128617515434088	21.0	0.0	0.0	3.0
0.34129046204942337	0.47006608899101326	0.03488996731476534	54.0	0.0	0.0	3.0
0.5135958672353476	0.9376988371556417	0.0326845684673072	11.0	0.0	0.0	3.0
0.3891316574361229	0.6723873126765931	0.030565334409275557	52.0	0.0	0.0	3.0
0.27003776574906196	0.5252505589296306	0.03339075487847295	45.0	0.0	0.0	3.0
0.04182685681210741	0.6417508426551034	0.03184464141938989	2.0	0.0	0.0	3.0
0.2599132669504241	0.2892675774531793	0.03269758922628666	5.0	0.0	0.0	3.0
0.5049963443913602	0.3736698359063154	0.032610415476892314	37.0	0.0	0.0	3.0
0.6524323018208382	0.42366470060998906	0.03354127153253859	38.0	0.0	0.0	3.0
0.1417512031512161	0.08469228778087991	0.031116758299893865	18.0	0.0	0.0	3.0
0.5303633444389908	0.23676441982027258	0.03350899448115029	33.0	0.0	0.0	3.0
0.4395045670664063	0.7227780267409285	0.03254573648611659	9.0	0.0	0.0	3.0
0.35627262926161846	0.2883010764693074	0.0335358191752828	7.0	0.0	0.0	3.0
0.2359782438437386	0.4272509204721598	0.031854452508317255	49.0	0.0	0.0	3.0
0.030015862074182977	0.4523692728694785	0.030837526690295	51.0	0.0	0.0	3.0
0.03627360426424452	0.23887908028693441	0.04277464423877656	28.0	0.0	0.0	3.0
0.25360612720590475	0.9337078300851841	0.035771087041848906	39.0	0.0	0.002934203214437048	3.0
0.9508698375782972	0.7902347059282472	0.03034426120334332	50.0	0.0	0.0	3.0
0.4422937020525514	0.9207484585863649	0.03329553128338362	58.0	0.0	0.0	4.0
0.7392436993381458	0.9363626244581017	0.03188126948576553	35.0	0.0	0.0	4.0
0.9726855570977249	0.16442588378350978	0.031211096872285855	57.0	0.0	0.0	4.0
0.889710653028296	0.4806097173614388	0.03648281959742228	14.0	0.0	0.02086627494126958	4.0
0.8029437563377617	0.293809268364811	0.03297993766682102	1.0	0.0	0.0	4.0
0.02457211750290738	0.23957978052741577	0.041063658469225495	28.0	0.0	0.0	4.0
0.25793062898760755	0.288615089094716	0.032730286815512946	5.0	0.0	0.0	4.0
0.94950110556962	0.7902993832377482	0.030374605464546657	50.0	0.0	0.0	4.0
0.5291097151830108	0.24097146286195228	0.03354250347563143	33.0	0.0	0.0	4.0
0.693296986487373	0.07981318022824305	0.03306261899395642	12.0	0.0	0.0	4.0
0.8798281591358567	0.7435740897394101	0.03387566752730712	36.0	0.0	0.0	4.0
0.5053237035100375	0.776162512992076	0.03163991717670948	40.0	0.0	0.0	4.0
0.2365928553750974	0.4263959577597168	0.03188630696082557	49.0	0.0	0.0	4.0
0.1277752808046108	0.517784902306716	0.03248079808927522	56.0	0.0	0.0	4.0
0.14259028615079486	0.08314669577125884	0.031147875058193754	18.0	0.0	0.0	4.0
0.06642161692503623	0.32738305425971304	0.03416542800582052	17.0	0.0	0.0	4.0
0.798640562298345	0.6052782433901231	0.034350210589608424	8.0	0.0	0.0	4.0
0.10164049187758915	0.6940263504291317	0.0366440428394273	26.0	0.0	0.028439330201848634	4.0
0.27042049062148127	0.5265966442373257	0.033424145633351415	45.0	0.0	0.0	4.0
0.620417188899843	0.4953700734517895	0.033911712907672004	43.0	0.0	0.0	4.0
0.525760565700882	0.6878003386785246	0.03230762688271228	55.0	0.0	0.0	4.0
0.6901860296779739	0.7737712512550938	0.03187716275090566	46.0	0.0	0.0	4.0
0.3905749159076054	0.673084749536847	0.03059589974368483	52.0	0.0	0.0	4.0
0.5192513837854007	0.9340756813119733	0.0327172530357745	11.0	0.0	0.0	4.0
0.8940485498220418	0.17649022100801562	0.03483263856247909	34.0	0.0	0.0	4.0
0.4404261077857392	0.7237814196708269	0.0325782822226027	9.0	0.0	0.0	4.0
0.21195396264504152	0.6918280365786873	0.035622904818184864	27.0	0.0	0.0015468387549617546	4.0
0.1458887812639724	0.7926081338082305	0.030747278736417537	10.0	0.0	0.0	4.0
0.2237109901139482	0.09888778820685781	0.032190466725932426	30.0	0.0	0.0	4.0
0.05008769113288921	0.6367474296550345	0.03187648606080928	2.0	0.0	0.0	4.0
0.4464031922574639	0.5842629487554457	0.035941300896304595	13.0	0.0	0.005337838019201513	4.0
0.5905463962253362	0.9081593064032604	0.03120620017039422	60.0	0.0	0.0	4.0
0.5597701408823474	0.4419716006770201	0.04067024011859998	23.0	0.0	0.0	4.0
0.45925580259835425	0.07133175631944809	0.03439287688988318	32.0	0.0	0.0	4.0
0.25427045821056204	0.9310567785232194	0.03580685812889075	39.0	0.0	0.003361797193420557	4.0
0.6558183091025162	0.4214954854798168	0.033574812804071125	38.0	0.0	0.0	4.0
0.6123380403377592	0.7680067790343861	0.03555885963335913	41.0	0.0	0.0011170900884138746	4.0
0.9355468808977779	0.4292099543138688	0.03141987149130057	24.0	0.0	0.0	4.0
0.1941218623306916	0.8778955595365059	0.033254023207818804	47.0	0.0	0.0	4.0
0.09714697353934752	0.45376525207798496	0.028945738457654215	20.0	0.0	0.0	4.0
0.4341296910765097	0.36578290132305835	0.032848255676071664	16.0	0.0	0.0	4.0
0.8682415509414338	0.39645346717559454	0.03339022165786797	19.0	0.0	0.0	4.0
0.5072225313839052	0.37088085954085326	0.032643025892369205	37.0	0.0	0.0	4.0
0.1269213614833547	0.17423706763718763	0.03202353236282911	6.0	0.0	0.0	4.0
0.030479832258822604	0.15600992090623061	0.03683797907038911	22.0	0.0	0.0397376022938829	4.0
0.43360634788261265	0.28769496202830525	0.029593827271654702	53.0	0.0	0.0	4.0
0.0314746550566273	0.44816086259039367	0.03086836421698529	51.0	0.0	0.0	4.0
0.6534189018675647	0.8432573578109336	0.031273223422436866	29.0	0.0	0.0	4.0
0.2689974983587201	0.14421184896268074	0.03131746132949522	21.0	0.0	0.0	4.0
0.3551540937447922	0.2856304640226178	0.033569354994458074	7.0	0.0	0.0	4.0
0.4973490412207656	0.5166501165984194	0.04037871306403689	59.0	0.0	0.0	4.0
0.5627196449083566	0.5524979334099767	0.03549932358788168	15.0	0.0	0.0007967576121785669	4.0
0.6022143426999167	0.27401013640740174	0.03412601801267676	31.0	0.0	0.0	4.0
0.45710693403291575	0.1795533997712591	0.03011223183822362	48.0	0.0	0.0	4.0
0.9530525616039437	0.5328351255643881	0.04202364695969614	44.0	0.0	0.0	4.0
0.618075332505754	0.6912292151634291	0.03211887404474397	25.0	0.0	0.0	4.0
0.3709925840673962	0.06854385001478436	0.03259074996363894	3.0	0.0	0.0	4.0
0.33468517660752556	0.4654736512050892	0.0349248572820801	54.0	0.0	0.0	4.0
0.8105942978473866	0.5266786990004536	0.030483628107617497	4.0	0.0	0.0	4.0
0.6900470216760265	0.49932442818020084	0.033534268392601096	42.0	0.0	0.0	4.0
0.14222007426776268	0.07863347651908567	0.031179022933251945	18.0	0.0	0.0	5.0
0.5849682386041202	0.9048760165756377	0.03123740637056461	60.0	0.0	0.0	5.0
0.26999160173311354	0.527718509653411	0.033457569778984765	45.0	0.0	0.0	5.0
0.9491299153554931	0.7882889686243439	0.0304049800700112	50.0	0.0	0.0	5.0
0.222210718083599	0.09875044850153794	0.032222657192658356	30.0	0.0	0.0	5.0
0.6922999637840134	0.7785624566879673	0.03190903991365656	46.0	0.0	0.0	5.0
0.37035825870072686	0.07008553173613515	0.03262334071360258	3.0	0.0	0.0	5.0
0.13424011336565073	0.5179273793687825	0.03251327888736449	56.0	0.0	0.0	5.0
0.39511877301539927	0.6706364327515447	0.03062649564342851	52.0	0.0	0.0	5.0
0.5656472405396364	0.5530862584744998	0.03553482291146956	15.0	0.0	0.0009790615285396598	5.0
0.6197110411569844	0.49154548517484753	0.03394562462057967	43.0	0.0	0.0	5.0
0.1953116392906495	0.8781191076401846	0.03328727723102662	47.0	0.0	0.0	5.0
0.6585763944283443	0.42270202604185053	0.03360838761687519	38.0	0.0	0.0	5.0
0.5062410586691535	0.37179950509140947	0.03267566891826157	37.0	0.0	0.0	5.0
0.5345682083397452	0.24095428007774058	0.03357604597910706	33.0	0.0	0.0	5.0
0.5580452600617796	0.43848657306746425	0.03904343051385598	23.0	0.0	0.0	5.0
0.49661832984582494	0.5155481012589951	0.038763564541475413	59.0	0.0	0.0	5.0
0.051920702970643745	0.635573127097046	0.03190836254687008	2.0	0.0	0.0	5.0
0.4434358435739486	0.5745291892612493	0.035977242197200894	13.0	0.0	0.005972918769288071	5.0
0.21302650714053495	0.691041542312333	0.03565852772300304	27.0	0.0	0.0018276884292873774	5.0
0.43694776557783305	0.35797237415408895	0.03288110393174773	16.0	0.0	0.0	5.0
0.892508741078132	0.17238517080604016	0.03486747120104156	34.0	0.0	0.0	5.0
0.03463641895386898	0.4494501484114271	0.030899232581202273	51.0	0.0	0.0	5.0
0.9707890773494702	0.1642763272424402	0.031242307969158136	57.0	0.0	0.0	5.0
0.9361929019457738	0.43053614154795866	0.03145129136279187	24.0	0.0	0.0	5.0
0.09783731062955685	0.6913821235559986	0.03668068688226672	26.0	0.0	0.030383682225675557	5.0
0.3336860769842714	0.4651308448983069	0.034959782139362176	54.0	0.0	0.0	5.0
0.6582275521109786	0.845966760019783	0.0313044966458593	29.0	0.0	0.0	5.0
0.4317293686200709	0.28591583280215915	0.029623421098926354	53.0	0.0	0.0	5.0
0.4581275766901608	0.18965132117236141	0.03014234407006184	48.0	0.0	0.0	5.0
0.2655992983855373	0.14810422711953775	0.03134877879082471	21.0	0.0	0.0	5.0
0.6922773336190198	0.500137078880359	0.03356780266099369	42.0	0.0	0.0	5.0
0.237494052484249	0.42942027695867657	0.03191819326778639	49.0	0.0	0.0	5.0
0.8884397128898648	0.48235439241727085	0.03651930241701969	14.0	0.0	0.022444640841627006	5.0
0.5313116940684751	0.6869372405498915	0.032339934509594985	55.0	0.0	0.0	5.0
0.06514468791002018	0.32896230062472887	0.034199593433826336	17.0	0.0	0.0	5.0
0.5213569050653296	0.9336110227714255	0.03274997028881027	11.0	0.0	0.0	5.0
0.5026890595801201	0.7762537786878545	0.03167155709388618	40.0	0.0	0.0	5.0
0.7995008522929993	0.6020197769154803	0.03438456080019803	8.0	0.0	0.0	5.0
0.0206715233167824	0.1507250171672821	0.036874817049459496	22.0	0.0	0.04217515204342703	5.0
0.6293195066992732	0.6906251761675447	0.03215099291878871	25.0	0.0	0.0	5.0
0.43962166651695417	0.9208747214838772	0.033328826814667	58.0	0.0	0.0	5.0
0.6073511542233767	0.7730508420202782	0.03559441849299248	41.0	0.0	0.0013441783958256792	5.0
0.14755086220741936	0.792129903581782	0.03077802601515395	10.0	0.0	0.0	5.0
0.459990784238348	0.06784516683898101	0.03442726976677306	32.0	0.0	0.0	5.0
0.6012091760215073	0.2725740751646197	0.034160144030689434	31.0	0.0	0.0	5.0
0.6963378544614744	0.08011086746821618	0.03309568161295037	12.0	0.0	0.0	5.0
0.7395228254701119	0.9395212376175508	0.03191315075525129	35.0	0.0	0.0	5.0
0.867734161392818	0.39752926257361765	0.03342361187952584	19.0	0.0	0.0	5.0
0.4415800886943608	0.7269177802325714	0.0326108605048253	9.0	0.0	0.0	5.0
0.961436756436748	0.5298398636491459	0.04034270108130829	44.0	0.0	0.0	5.0
0.8217785458709188	0.5307538630220692	0.030514111735725113	4.0	0.0	0.0	5.0
0.2563840890437393	0.9291997381780124	0.035842664987019636	39.0	0.0	0.003829524229644221	5.0
0.10387316565004975	0.45116953322738235	0.028974684196111867	20.0	0.0	0.0	5.0
0.12342872464939433	0.16937859344855757	0.032055555895191934	6.0	0.0	0.0	5.0
0.25664541990466694	0.2861749498590597	0.03276301710232846	5.0	0.0	0.0	5.0
0.028636311407769763	0.23667749352048822	0.039352672699674435	28.0	0.0	0.0	5.0
0.8819374880634877	0.7413062343458615	0.03390954319483442	36.0	0.0	0.0	5.0
0.8050000863509255	0.29359488444580034	0.03301291760448784	1.0	0.0	0.0	5.0
0.35790087772000634	0.2804153317622261	0.03360292434945253	7.0	0.0	0.0	5.0
0.8119069708636867	0.3023604814683435	0.03304593052209232	1.0	0.0	0.0	6.0
0.6217655728117943	0.48983008281655827	0.03397957024520025	43.0	0.0	0.0	6.0
0.9636177360860977	0.16619385034834053	0.03127355027712729	57.0	0.0	0.0	6.0
0.4572287601261888	0.19133209319489378	0.030172486414131897	48.0	0.0	0.0	6.0
0.7386487047146828	0.9372772164139911	0.03194506390600654	35.0	0.0	0.0	6.0
0.6516172010146579	0.8535384116057771	0.03133580114250516	29.0	0.0	0.0	6.0
0.25767288921379694	0.9281236725715737	0.035878507652006654	39.0	0.0	0.004339269461567596	6.0
0.42748233210903697	0.36639490598080615	0.03291398503567947	16.0	0.0	0.0	6.0
0.0211978775744972	0.1519598631715428	0.03691169186650895	22.0	0.0	0.04471298368703458	6.0
0.26382350602990495	0.2939906011017734	0.03279578011943078	5.0	0.0	0.0	6.0
0.21976276314740395	0.09704846592317544	0.03225487984985101	30.0	0.0	0.0	6.0
0.1217895058992361	0.16844134141119887	0.03208761145108712	6.0	0.0	0.0	6.0
0.3618255414392133	0.2791237205675993	0.03363652727380198	7.0	0.0	0.0	6.0
0.9371757336266359	0.4286701057578674	0.03148274265415466	24.0	0.0	0.0	6.0
0.6268519187060118	0.6897436279108408	0.03218314391170749	25.0	0.0	0.0	6.0
0.13070933650117714	0.5088632562488284	0.03254579216625185	56.0	0.0	0.0	6.0
0.5356177162469676	0.24070877075400424	0.03360962202508616	33.0	0.0	0.0	6.0
0.3779287448122188	0.060095251409861036	0.03265596405431618	3.0	0.0	0.0	6.0
0.49483123638116544	0.5166459437127973	0.037148416018913936	59.0	0.0	0.0	6.0
0.2695978856750754	0.520777443813353	0.03349102734876375	45.0	0.0	0.0	6.0
0.6998876775377552	0.06732017434661748	0.033128777294563316	12.0	0.0	0.0	6.0
0.8760447381031733	0.3942012896984649	0.033457035491405364	19.0	0.0	0.0	6.0
0.6008915831301516	0.2741291075939811	0.03419430417472012	31.0	0.0	0.0	6.0
0.5363468078366558	0.6972735966520145	0.03237227444410458	55.0	0.0	0.0	6.0
0.20208526251377237	0.8856833773419	0.03332056450825764	47.0	0.0	0.0	6.0
0.5248207038653326	0.9357994400143341	0.03278272025909908	11.0	0.0	0.0	6.0
0.445099954802805	0.5750422264235256	0.03601321943939809	13.0	0.0	0.006657183290059265	6.0
0.14282860867924088	0.08011247519750042	0.031210201956185193	18.0	0.0	0.0	6.0
0.8241620118420275	0.5324786837984947	0.030544625847460833	4.0	0.0	0.0	6.0
0.8825388352555429	0.7421317299094592	0.03394345273802925	36.0	0.0	0.0	6.0
0.029078926149409386	0.4412935507973447	0.03093013181378347	51.0	0.0	0.0	6.0
0.6578386065487926	0.42134301977905786	0.03364199600449207	38.0	0.0	0.0	6.0
0.027978187268658035	0.23492296871935894	0.037641686930123375	28.0	0.0	0.0	6.0
0.5862913724825716	0.9010589635176018	0.03126864377693517	60.0	0.0	0.0	6.0
0.4330302593975637	0.2873685691545205	0.029653044520025276	53.0	0.0	0.0	6.0
0.9504696604843303	0.7890662241599729	0.03043538505008121	50.0	0.0	0.0	6.0
0.14884208722519274	0.7939024245777403	0.0308088040411691	10.0	0.0	0.0	6.0
0.2177268088223101	0.6976675759021436	0.03569418625072604	27.0	0.0	0.0021409572569126567	6.0
0.26168568656146757	0.15236545003921614	0.031380127569615536	21.0	0.0	0.0	6.0
0.33774560496826883	0.4674859873277784	0.03499474192150154	54.0	0.0	0.0	6.0
0.46141524631811925	0.06818786138291234	0.034461697036539826	32.0	0.0	0.0	6.0
0.6061183610435298	0.7762755187866075	0.03563001291148547	41.0	0.0	0.0016003991937338924	6.0
0.6955368138433977	0.7778481300084401	0.03194094895357021	46.0	0.0	0.0	6.0
0.884984287258425	0.4861167325674555	0.03655582171943671	14.0	0.0	0.024102354175312257	6.0
0.0651787099317835	0.3278818689617291	0.03423379302726016	17.0	0.0	0.0	6.0
0.8062725695699658	0.608855747896624	0.034418945360998224	8.0	0.0	0.0	6.0
0.39926982948639284	0.6720315752228148	0.030657122139071933	52.0	0.0	0.0	6.0
0.10258377889089107	0.4487214621215044	0.029003658880307974	20.0	0.0	0.0	6.0
0.5015830983991867	0.3614197357776732	0.032708344587179826	37.0	0.0	0.0	6.0
0.10039010533163978	0.6917625915979698	0.036717367569148986	26.0	0.0	0.032416770487557756	6.0
0.23020094084987375	0.42628441568204656	0.03195011146105417	49.0	0.0	0.0	6.0
0.963034002540987	0.5313348649922792	0.03866175520292044	44.0	0.0	0.0	6.0
0.44220776156811337	0.7283903233511572	0.03264347136533012	9.0	0.0	0.0	6.0
0.43735912895898565	0.9207820809590329	0.033362155641481664	58.0	0.0	0.0	6.0
0.6927331306335331	0.5037377911475871	0.03360137046365468	42.0	0.0	0.0	6.0
0.5704816663168579	0.4450868575008694	0.03741662090911198	23.0	0.0	0.0	6.0
0.8900268816379513	0.17969334361467026	0.0349023386722426	34.0	0.0	0.0	6.0
0.5015176422418969	0.7765200388236504	0.03170322865098006	40.0	0.0	0.0	6.0
0.050630543856839544	0.6355365658220804	0.031940270909416944	2.0	0.0	0.0	6.0
0.5665361676739261	0.5506225232076205	0.035570357734381025	15.0	0.0	0.0011874681765249306	6.0
0.7024742385130192	0.06664598126604288	0.03316190607185788	12.0	0.0	0.0	7.0
0.4926649108658402	0.5138607450728654	0.035533267496352466	59.0	0.0	0.0	7.0
0.8867153121715565	0.4767412758633726	0.036592377541156136	14.0	0.0	0.025841522958202745	7.0
0.5306497770179843	0.23587962144586339	0.03364323164711124	33.0	0.0	0.0	7.0
0.0664221331898655	0.33541010067352894	0.034268026820287414	17.0	0.0	0.0	7.0
0.8124361470041166	0.3008938259132623	0.03307897645261441	1.0	0.0	0.0	7.0
0.2695547405299449	0.9335681730676653	0.035914386159658654	39.0	0.0	0.004892928906528482	7.0
0.45284289658762383	0.18867566821489157	0.030202658900546027	48.0	0.0	0.0	7.0
0.6512203009553077	0.8526232853326458	0.03136713694364766	29.0	0.0	0.0	7.0
0.8734206796481789	0.3879360946596581	0.033490492526896766	19.0	0.0	0.0	7.0
0.14601165627390747	0.0795764388584668	0.031241412158141375	18.0	0.0	0.0	7.0
0.22830942729043793	0.42971687135967623	0.03198206157251522	49.0	0.0	0.0	7.0
0.6989329296807684	0.5042857927256975	0.033634971834118337	42.0	0.0	0.0	7.0
0.6146069156817233	0.4925016245929994	0.034013549815445444	43.0	0.0	0.0	7.0
0.2738043396008636	0.5086424224958513	0.033524518376112505	45.0	0.0	0.0	7.0
0.19405661872575636	0.8811082648802996	0.0333538850727659	47.0	0.0	0.0	7.0
0.13521391127139099	0.5168413793131453	0.0325783379584181	56.0	0.0	0.0	7.0
0.5033678459843699	0.36556371425982476	0.032741052931767003	37.0	0.0	0.0	7.0
0.2183036210736664	0.09697030661942832	0.03228713472970086	30.0	0.0	0.0	7.0
0.5232795073830626	0.9364053817516457	0.032815502979358174	11.0	0.0	0.0	7.0
0.1434745979691229	0.793136966205761	0.03083961284521027	10.0	0.0	0.0	7.0
0.43605800742783507	0.9178826699379564	0.033395517797123145	58.0	0.0	0.0	7.0
0.2580048240596248	0.28294306466279967	0.03282857589955021	5.0	0.0	0.0	7.0
0.5998957138814136	0.2719826884658162	0.03422849847889484	31.0	0.0	0.0	7.0
0.11796723104096513	0.1619939865974658	0.032119699062538205	6.0	0.0	0.0	7.0
0.8813048460235661	0.7431489158887756	0.03397739619076727	36.0	0.0	0.0	7.0
0.9548151647757134	0.7953585143632518	0.030465820435131286	50.0	0.0	0.0	7.0
0.36767739700897617	0.28037655853165333	0.03367016380107578	7.0	0.0	0.0	7.0
0.9617071821096532	0.16277789809654214	0.03130482382740441	57.0	0.0	0.0	7.0
0.09829025973754255	0.6927773160891837	0.03675408493671813	26.0	0.0	0.03454075538866164	7.0
0.6971689314638558	0.7877296884784599	0.03197288990252378	46.0	0.0	0.0	7.0
0.7935753968806408	0.6066327888367722	0.034453364306359216	8.0	0.0	0.0	7.0
0.3474618910556815	0.45780023898543715	0.03502973666342304	54.0	0.0	1.6828937532409327e-07	7.0
0.7299720135154635	0.9277096388282876	0.03197700896991255	35.0	0.0	0.0	7.0
0.46155487872689543	0.07003257214090415	0.034496158733576365	32.0	0.0	0.0	7.0
0.5595390206980959	0.5541131584504831	0.0356059280921154	15.0	0.0	0.0014237811450072968	7.0
0.5858663918382874	0.8996649044357918	0.031299912420712096	60.0	0.0	0.0	7.0
0.4184435366848966	0.3640434306346855	0.03294689902071515	16.0	0.0	0.0	7.0
0.39988509368694647	0.6697011775859602	0.030687779261211003	52.0	0.0	0.0	7.0
0.02755015624712756	0.23390100298248903	0.035930701160572315	28.0	0.0	0.0	7.0
0.0251513382172793	0.4447007628098588	0.03096106194559725	51.0	0.0	0.0	7.0
0.9550892601459186	0.532621404343933	0.036980809324532606	44.0	0.0	0.0	7.0
0.09444003382113934	0.4466482910192376	0.029032662539188278	20.0	0.0	0.0	7.0
0.021989426839155654	0.15006996223718277	0.036948603558375454	22.0	0.0	0.04735332158229255	7.0
0.4402511612114968	0.5666234812243456	0.036049232658837485	13.0	0.0	0.007392568789839515	7.0
0.8306677410411564	0.5278622893439271	0.03057517047330829	4.0	0.0	0.0	7.0
0.4394691505037341	0.726536968355928	0.03267611483669545	9.0	0.0	0.0	7.0
0.6206340209614483	0.7764126038955915	0.03566564292439695	41.0	0.0	0.0018875737704178164	7.0
0.5380381041609331	0.696645255545021	0.03240464671854868	55.0	0.0	0.0	7.0
0.43165167178789215	0.2864356100111144	0.029682697564545297	53.0	0.0	0.0	7.0
0.6283204342704843	0.6894388861775026	0.0322153270556192	25.0	0.0	0.0	7.0
0.5533806592465135	0.44173902534374804	0.03578981130436799	23.0	0.0	0.0	7.0
0.25222767137087926	0.1517393093955128	0.03141150769718515	21.0	0.0	0.0	7.0
0.891104593277464	0.18348377352509104	0.03493724101091484	34.0	0.0	0.0	7.0
0.051284484044719365	0.6347969779528828	0.03197221118032636	2.0	0.0	0.0	7.0
0.21588394853680062	0.6889254564588844	0.03572988043697676	27.0	0.0	0.0024884856697582336	7.0
0.9383675986482164	0.4273886662051425	0.031514225396808815	24.0	0.0	0.0	7.0
0.6563635500810501	0.4214874211448608	0.033675638000496555	38.0	0.0	0.0	7.0
0.37872043311145914	0.052726511211404405	0.032688620018370494	3.0	0.0	0.0	7.0
0.5056897431366498	0.7712932133913055	0.031734931879631036	40.0	0.0	0.0	7.0
0.038076152304609215	0.6052104208416833	0.06012024048096192	-2.0	-1.0	101.4498366285303	8.0
0.5062504599565949	0.7703474048290586	0.03176666681151066	40.0	0.0	0.0	8.0
0.602929306066174	0.2726321575805639	0.03426272697737373	31.0	0.0	0.0	8.0
0.4431524403757013	0.2920421722113854	0.029712380262109837	53.0	0.0	0.0	8.0
0.43857873168631706	0.9175555181135402	0.03342891331492026	58.0	0.0	0.0	8.0
0.583308745808155	0.8992009977179906	0.0313312123331328	60.0	0.0	0.0	8.0
0.027378313091957814	0.4438089700697302	0.030992023007542845	51.0	0.0	0.0	8.0
0.5131592728535055	0.3721005650762033	0.03277379398469877	37.0	0.0	0.0	8.0
0.831998531181094	0.5319492832855771	0.030605745643781594	4.0	0.0	0.0	8.0
0.523548868388547	0.9379175351693707	0.032848318482337525	11.0	0.0	0.0	8.0
0.44030957242167584	0.568169052327531	0.03608528189149632	13.0	0.0	0.00818102357007433	8.0
0.8958086348459141	0.1887368910871027	0.03497217825192575	34.0	0.0	0.0	8.0
0.11772750766482963	0.16674956800939716	0.03215181876160074	6.0	0.0	0.0	8.0
0.061013660475970496	0.3412989595907985	0.0343022948471077	17.0	0.0	0.0	8.0
0.6325806687485475	0.6987745676144435	0.03224754238267481	25.0	0.0	0.0	8.0
0.4000024712304562	0.6676318556951923	0.03071846704047221	52.0	0.0	0.0	8.0
0.05177742691087336	0.6335771472296674	0.03200418339150668	2.0	0.0	0.0	8.0
0.5344670108319731	0.23187775081233364	0.033676874878758346	33.0	0.0	0.0	8.0
0.15256574827449465	0.07320544932109997	0.03127265357029951	18.0	0.0	0.0	8.0
0.04148115516459379	0.2528168079347053	0.01994687077434915	61.0	28.0	0.0	8.0
0.9372893356617894	0.42743961785123136	0.031545739622205624	24.0	0.0	0.0	8.0
0.7912415421164832	0.6037089258371885	0.03448781767066557	8.0	0.0	0.0	8.0
0.6997209514118876	0.06956907068843268	0.03319506797792973	12.0	0.0	0.0	8.0
0.09361753055776022	0.45751454070823944	0.029061695201727463	20.0	0.0	0.0	8.0
0.21847593693008993	0.6886552271541393	0.03576561031741373	27.0	0.0	0.0028721247943082062	8.0
0.22981237898600587	0.43757948264850033	0.03201404363408773	49.0	0.0	0.0	8.0
0.34875441373487603	0.4581284618356308	0.035064766400086454	54.0	0.0	1.7387183959272079e-06	8.0
0.13260236349304894	0.5175750284976108	0.03261091629637652	56.0	0.0	0.0	8.0
0.25527764031576355	0.2841360871470115	0.03286140447544976	5.0	0.0	0.0	8.0
0.8766674095423093	0.7433095595576543	0.034011373586958035	36.0	0.0	0.0	8.0
0.26005426343940935	0.16009990060789447	0.03144291920488233	21.0	0.0	0.0	8.0
0.6910710931074114	0.5122222266428025	0.033668606805952454	42.0	0.0	0.0	8.0
0.6189931872114535	0.7856240053696542	0.035701308567321344	41.0	0.0	0.0022075340296652257	8.0
0.19740603582128405	0.8804132043742638	0.03338723895783866	47.0	0.0	0.0	8.0
0.45106637412649253	0.19558032719102159	0.03023286155944657	48.0	0.0	0.0	8.0
0.8712737497013893	0.38656068328674215	0.03352398301942366	19.0	0.0	0.0	8.0
0.9500993522560933	0.8029811187728645	0.030496286255566413	50.0	0.0	0.0	8.0
0.6488814256723403	0.8568675508332767	0.0313985040805913	29.0	0.0	0.0	8.0
0.8856738343701095	0.47734549107489715	0.03662896991869729	14.0	0.0	0.0276642669983147	8.0
0.2172870148955114	0.098997067208531	0.032319421864430556	30.0	0.0	0.0	8.0
0.6063834823187656	0.4875208645637232	0.03404756336526089	43.0	0.0	0.0	8.0
0.49340451096300014	0.5119620619791697	0.03391811897379099	59.0	0.0	0.0	8.0
0.09770041876998932	0.6946693757582648	0.03679083902165485	26.0	0.0	0.03675780933563999	8.0
0.37783770963624475	0.05615731757604694	0.03272130863838886	3.0	0.0	0.0	8.0
0.9603876975952267	0.16078793020374865	0.03133612865123181	57.0	0.0	0.0	8.0
0.814799259480713	0.298596731996566	0.03311205542906702	1.0	0.0	0.0	8.0
0.4407684651895636	0.7272476550516788	0.03270879095153214	9.0	0.0	0.0	8.0
0.5436755280136468	0.4433106349219009	0.03416300169962398	23.0	0.0	0.0	8.0
0.4152435277970943	0.36617978736698026	0.03297984591973586	16.0	0.0	0.0	8.0
0.8957915831663326	0.503006012024048	0.06292585170340681	-2.0	-1.0	139.379613620597	8.0
0.4617088796488447	0.06840669027261537	0.034530654892309935	32.0	0.0	0.0	8.0
0.7241590742057837	0.9252964792782333	0.03200898597888246	35.0	0.0	0.0	8.0
0.6968007376002721	0.7859830586557687	0.0320048627924263	46.0	0.0	0.0	8.0
0.27273270395289034	0.9418809257513627	0.03595030054581831	39.0	0.0	0.005492409505691853	8.0
0.5587798183699829	0.5641431272409476	0.03564153402020751	15.0	0.0	0.0016898145652390895	8.0
0.036985552161933825	0.14083692222973726	0.036985552161933825	22.0	0.0	0.05009840235207719	8.0
0.3697104788939388	0.27897280999753904	0.03370383396487685	7.0	0.0	0.0	8.0
0.9524180962723625	0.5322404693010487	0.035299863446144754	44.0	0.0	0.0	8.0
0.2753312643922584	0.5178870972768612	0.03355804289448861	45.0	0.0	0.0	8.0
0.6570854223182894	0.4207306324732364	0.033709313638497045	38.0	0.0	0.0	8.0
0.5352553533370359	0.6966715356936416	0.03243705136526723	55.0	0.0	0.0	8.0
0.01994687077434915	0.21864313354065257	0.01994687077434915	62.0	28.0	0.0	8.0
0.14804681834301056	0.799939143422638	0.030870452458055475	10.0	0.0	0.0	8.0
0.957245006361359	0.16154399324986374	0.03136746477988304	57.0	0.0	0.0	9.0
0.5239837841420485	0.9360843862697685	0.03288116680081986	11.0	0.0	0.0	9.0
0.8955937450672246	0.19157584151419485	0.03500715043017767	34.0	0.0	2.3397888071485795e-09	9.0
0.13483743448544322	0.5161031319270444	0.03264352721267289	56.0	0.0	0.0	9.0
0.4386366807831822	0.5686390094910408	0.03612136717338781	13.0	0.0	0.009024507070947152	9.0
0.8203566502869764	0.29815847572353094	0.033145167484496085	1.0	0.0	0.0	9.0
0.5085932932806599	0.7713373364249149	0.03179843347832217	40.0	0.0	0.0	9.0
0.04860235121493056	0.6307158822757052	0.032036187574898185	2.0	0.0	0.0	9.0
0.3710678435494182	0.2794290112304283	0.03373753779884172	7.0	0.0	0.0	9.0
0.8766969772198974	0.7444834189351099	0.03404538496054499	36.0	0.0	0.0	9.0
0.5338558229672793	0.43020987700194535	0.018638543283395974	64.0	23.0	0.0	9.0
0.2540660795109269	0.2843954731407298	0.03289426587992521	5.0	0.0	0.0	9.0
0.03224920418410584	0.4504954550828125	0.031023015030550386	51.0	0.0	0.0	9.0
0.6035425646093961	0.49468039581664563	0.034081610928626146	43.0	0.0	0.0	9.0
0.6971317377901678	0.7840546294309688	0.03203686765521872	46.0	0.0	0.0	9.0
0.3106212424849699	0.1903807615230461	0.09979959919839679	-2.0	-1.0	1741.3935557461566	9.0
0.6939136928363141	0.5108264322039723	0.0337022754127584	42.0	0.0	0.0	9.0
0.5287928535036758	0.6998954539210622	0.03246948841663249	55.0	0.0	0.0	9.0
0.6355898268688768	0.6987650950891227	0.032279789925057485	25.0	0.0	0.0	9.0
0.25806095223742487	0.1567376137368775	0.03147436212408721	21.0	0.0	0.0	9.0
0.8334874937049191	0.5371861276128354	0.030636351389425373	4.0	0.0	0.0	9.0
0.6055694706127659	0.2795381637232472	0.0342969897043511	31.0	0.0	0.0	9.0
0.8783285304190143	0.4860080514614915	0.03666559888861598	14.0	0.0	0.029572717943935345	9.0
0.9581249280149965	0.5591232903950369	0.020272409208677192	65.0	44.0	0.0	9.0
0.5550786983932603	0.5730269790905756	0.03567717555422772	15.0	0.0	0.001987393154436745	9.0
0.6993158495179457	0.062427276848997085	0.03322826304590766	12.0	0.0	0.0	9.0
0.2727603752252395	0.9440784154769284	0.03598625084636413	39.0	0.0	0.006139629168899319	9.0
0.5125758091973569	0.5242807989209696	0.018504940934137404	68.0	59.0	0.0	9.0
0.14979191546313783	0.7994370269678268	0.030901322910513528	10.0	0.0	0.0	9.0
0.4298566530584649	0.9100847654736212	0.03346234222823518	58.0	0.0	0.0	9.0
0.8692632559909754	0.39784730189009426	0.03355750700244308	19.0	0.0	0.0	9.0
0.04723822943781291	0.2638665470220377	0.019966817645123498	61.0	0.0	0.0	9.0
0.0342582941638558	0.13610170516060846	0.037022537714095756	22.0	0.0	0.05295047493432037	9.0
0.12630701911828998	0.17457955734366445	0.032183970580362334	6.0	0.0	0.0	9.0
0.3820570831093325	0.06454902076419947	0.032754029947027245	3.0	0.0	0.0	9.0
0.46825822264603817	0.4893871845016563	0.018504940934137404	67.0	59.0	0.0	9.0
0.5068743328391084	0.37451665208166407	0.03280656777868347	37.0	0.0	0.0	9.0
0.15031203724283282	0.07220259918512689	0.03130392622386981	18.0	0.0	0.0	9.0
0.2195308164231283	0.4306214353439667	0.03204605767772182	49.0	0.0	0.0	9.0
0.4159713478490714	0.3670349487944624	0.03301282576565559	16.0	0.0	0.0	9.0
0.3995843776321174	0.6701631783683499	0.03074918550751268	52.0	0.0	0.0	9.0
0.9545105994549202	0.8062587803023935	0.030526782541821975	50.0	0.0	0.0	9.0
0.618364594618559	0.7866692479910496	0.03573700987588866	41.0	0.0	0.0025621225346839083	9.0
0.4452231146848683	0.2849299089561672	0.029742092642371945	53.0	0.0	0.0	9.0
0.5847256895485555	0.9004618225697562	0.031362543545465936	60.0	0.0	0.0	9.0
0.4527555200421583	0.7229652678228641	0.032741499742483665	9.0	0.0	0.0	9.0
0.647754294746779	0.8555599828787351	0.03142990258467188	29.0	0.0	0.0	9.0
0.9459547347791494	0.5078964795304481	0.020272409208677192	66.0	44.0	0.0	9.0
0.65987775791799	0.43357564047492064	0.033743022952135535	38.0	0.0	0.0	9.0
0.2165642237094171	0.688866708653526	0.03580137592773114	27.0	0.0	0.0032937364958343096	9.0
0.09430137872744844	0.4454585549959435	0.029090756896929186	20.0	0.0	0.0	9.0
0.5336342252735254	0.2276650715911285	0.0337105517536371	33.0	0.0	0.0	9.0
0.7185408346406656	0.9233687756627889	0.03204099496486134	35.0	0.0	0.0	9.0
0.2771305461719717	0.5163848122179179	0.033591600937383094	45.0	0.0	0.0	9.0
0.19649700850257334	0.8812857728830334	0.0334206261967965	47.0	0.0	0.0	9.0
0.019966817645123498	0.21252343236713703	0.019966817645123498	62.0	0.0	0.0	9.0
0.9448227261950803	0.42842391748237024	0.03157728536182783	24.0	0.0	0.0	9.0
0.454849207553709	0.06751640874607813	0.03456518554720224	32.0	0.0	0.0	9.0
0.09633373852603272	0.6953727936696441	0.0368276298606765	26.0	0.0	0.039070116789446274	9.0
0.2165872374155578	0.09647563478580022	0.032351741286294984	30.0	0.0	0.0	9.0
0.554316263513686	0.46418760325557185	0.018638543283395974	63.0	23.0	0.0	9.0
0.059227136892068544	0.3521153597271083	0.034336597141954806	17.0	0.0	0.0	9.0
0.7788721732208049	0.5972436981055073	0.03452230548833623	8.0	0.0	0.0	9.0
0.3508291989871761	0.4563961490204901	0.03509983116648654	54.0	0.0	6.367638661686215e-06	9.0
0.456155354557927	0.20428886368649865	0.030263094421006012	48.0	0.0	0.0	9.0
0.5829954150257625	0.9033389749549123	0.0313939060890114	60.0	0.0	0.0	10.0
0.34698631421228254	0.446530790185183	0.03513493099765302	54.0	0.0	1.572226703672186e-05	10.0
0.25721305018361174	0.15507739008770763	0.031505836486211296	21.0	0.0	0.0	10.0
0.9535883137093581	0.8082798347675256	0.030557309324363794	50.0	0.0	0.0	10.0
0.40027038526757797	0.669387323122309	0.030779934693020188	52.0	0.0	0.0	10.0
0.5353409397655733	0.4259255262580106	0.01865718182667937	64.0	0.0	0.0	10.0
0.2180718984066823	0.42963411259902523	0.03207810373539954	49.0	0.0	0.0	10.0
0.1960896676910021	0.8825367585787619	0.03345404682299329	47.0	0.0	0.0	10.0
0.6020817496260482	0.2805179519081577	0.03433128669405545	31.0	0.0	0.0	10.0
0.27848981916404075	0.5163634162524531	0.03362519253832048	45.0	0.0	0.0	10.0
0.9566843419824802	0.5049550186774652	0.020292681617885867	66.0	0.0	0.0	10.0
0.7895784619342614	0.5988393613604739	0.03455682779382456	8.0	0.0	0.0	10.0
0.25295313322585194	0.2840446695141877	0.03292716014580513	5.0	0.0	0.0	10.0
0.8763938958038304	0.7492910999820658	0.03407943034550553	36.0	0.0	0.0	10.0
0.5677679641436314	0.5787693909532279	0.03571285272978194	15.0	0.0	0.0023183522595076056	10.0
0.4463133388425599	0.2915306058818176	0.029771834735014314	53.0	0.0	0.0	10.0
0.44309356860533566	0.7180280135131699	0.032774241242226144	9.0	0.0	0.0	10.0
0.5425039918772379	0.23089691638458476	0.03374426230539074	33.0	0.0	0.0	10.0
0.6078991493103669	0.5056596312305173	0.03411569253955477	43.0	0.0	0.0	10.0
0.819406211033634	0.29705588517062775	0.033178312651980575	1.0	0.0	0.0	10.0
0.3815423674412886	0.0663593321610383	0.03278678397697427	3.0	0.0	0.0	10.0
0.7273896421226351	0.9285024271693588	0.0320730359598262	35.0	0.0	0.0	10.0
0.6476560980898497	0.8503615256581071	0.03146133248725655	29.0	0.0	0.0	10.0
0.4507008498533185	0.20249378012223337	0.030293357515427013	48.0	0.0	0.0	10.0
0.03633522104082587	0.1336922929382442	0.03705956025180985	22.0	0.0	0.05591180063190393	10.0
0.4586305010114869	0.49345524420707904	0.01852344587507154	67.0	0.0	0.0	10.0
0.5247846242773007	0.9372758110211834	0.03291404796762067	11.0	0.0	0.0	10.0
0.6942632728789103	0.7818951302811556	0.03206890452287394	46.0	0.0	0.0	10.0
0.963152486034783	0.5627615368111076	0.020292681617885867	65.0	0.0	0.0	10.0
0.5583800736249488	0.4662148979291973	0.01865718182667937	63.0	0.0	0.0	10.0
0.5286172207566946	0.7041375336406678	0.03250195790504912	55.0	0.0	0.0	10.0
0.14131786559278536	0.5120656755284817	0.03267617073988556	56.0	0.0	0.0	10.0
0.45567955807310867	0.06664589477678859	0.034599750732749436	32.0	0.0	0.0	10.0
0.8403362736049107	0.5409322076118793	0.030666987740814795	4.0	0.0	0.0	10.0
0.3760360084259693	0.2757858680264598	0.03377127533664056	7.0	0.0	0.0	10.0
0.9666837449570572	0.15851275137709184	0.031398832244662916	57.0	0.0	0.0	10.0
0.21261469512543218	0.10080102243716717	0.03238409302758127	30.0	0.0	0.0	10.0
0.8701565441301153	0.3926429454991597	0.03359106450944552	19.0	0.0	0.0	10.0
0.09476603833665016	0.4444231104508231	0.029119847653826112	20.0	0.0	0.0	10.0
0.15090608493777682	0.8001214805647864	0.030932224233424038	10.0	0.0	0.0	10.0
0.6204031887028275	0.788727185355002	0.035772746885764546	41.0	0.0	0.0029531925521126823	10.0
0.4394433328154543	0.5679992790007043	0.036157488540561195	13.0	0.0	0.009924989917109883	10.0
0.4273787374050071	0.35931499808988504	0.03304583859142124	16.0	0.0	0.0	10.0
0.15170695644772192	0.07825141436373807	0.03133523015009367	18.0	0.0	0.0	10.0
0.642135251719003	0.7066548791119275	0.03231206971498254	25.0	0.0	0.0	10.0
0.2713769365304124	0.9431421733617187	0.03602223709721049	39.0	0.0	0.006836516819817007	10.0
0.016735541997255823	0.20847527673493926	0.01998678446276862	62.0	0.0	0.0	10.0
0.5064049062636113	0.3677491159612196	0.03283937434646215	37.0	0.0	0.0	10.0
0.8797249212853433	0.48012233138946214	0.03670226448750459	14.0	0.0	0.03156901933174083	10.0
0.21714252490213765	0.6898014704158683	0.03583717730365887	27.0	0.0	0.0037551934226200956	10.0
0.937468003067605	0.4262071002657591	0.03160886264718965	24.0	0.0	0.0	10.0
0.04810259884273304	0.628609450159159	0.03206822376247308	2.0	0.0	0.0	10.0
0.12441340903918417	0.1766413598505949	0.03221615455094269	6.0	0.0	0.0	10.0
0.6976958673581484	0.06345077650830225	0.03326149130895356	12.0	0.0	0.0	10.0
0.5097185397779295	0.7717961829426333	0.03183023191180048	40.0	0.0	0.0	10.0
0.029846316036848973	0.4528608176522206	0.031054038045580934	51.0	0.0	0.0	10.0
0.09517334613275272	0.6978331218336693	0.03686445749053718	26.0	0.0	0.04147987431431943	10.0
0.04733161718238963	0.26272806555761635	0.01998678446276862	61.0	0.0	0.0	10.0
0.8890543481770774	0.19962378014536272	0.035042157580607844	34.0	0.0	4.795203096819023e-07	10.0
0.6573860802524822	0.43771887684806204	0.033776765975087664	38.0	0.0	0.0	10.0
0.5109963035778966	0.5253352920746273	0.01852344587507154	68.0	0.0	0.0	10.0
0.06020594055408253	0.3514529543640622	0.034370933739096755	17.0	0.0	0.0	10.0
0.6945243857672425	0.5100412772913772	0.03373597768817115	42.0	0.0	0.0	10.0
0.42742815522222166	0.9085717559275854	0.03349580457046341	58.0	0.0	0.0	10.0
0.456848793444545	0.4933822914626973	0.018541969320946608	67.0	0.0	0.0	11.0
0.8694343302053985	0.3895988486810676	0.033624655573954956	19.0	0.0	0.0	11.0
0.14259509891872166	0.5113980905944148	0.03270884691062544	56.0	0.0	0.0	11.0
0.5373648013189721	0.4278198340497886	0.018675839008506046	64.0	0.0	0.0	11.0
0.5060994599740279	0.36565448585308347	0.032872213720808605	37.0	0.0	0.0	11.0
0.5872488927130728	0.9027869379834605	0.03142529999510041	60.0	0.0	0.0	11.0
0.028808483474886654	0.45763494564895707	0.03108509208362651	51.0	0.0	0.0	11.0
0.7802430269566126	0.6049284653036842	0.03459138462161838	8.0	0.0	0.0	11.0
0.4252752533102873	0.3566797444274816	0.03307888443001266	16.0	0.0	0.0	11.0
0.936511039437188	0.4145408440530915	0.031640471509836836	24.0	0.0	0.0	11.0
0.8806636184876494	0.7482354171588921	0.03411350977585103	36.0	0.0	0.0	11.0
0.5627684364054668	0.4552160896996315	0.018675839008506046	63.0	0.0	0.0	11.0
0.9525832831515123	0.8076536778052321	0.030587866633688156	50.0	0.0	0.0	11.0
0.5200027047978744	0.5190734374369063	0.018541969320946608	68.0	0.0	0.0	11.0
0.542801279173826	0.23561268721558895	0.033778006567696126	33.0	0.0	0.0	11.0
0.4503281431288116	0.20402182511721514	0.030323650872942438	48.0	0.0	0.0	11.0
0.7210514131793726	0.9345864456178985	0.03210510899578602	35.0	0.0	0.0	11.0
0.26114095927724407	0.16371299489663352	0.031537342322697504	21.0	0.0	0.0	11.0
0.037491405135895654	0.13179687751217398	0.03709661981206166	22.0	0.0	0.05898465316273871	11.0
0.21814946036463173	0.6917428158601135	0.03587301448096252	27.0	0.0	0.004258379050455119	11.0
0.3458797703269313	0.4562533831034116	0.035170065928650664	54.0	0.0	3.14797966751712e-05	11.0
0.8878423005011181	0.20034750121591063	0.03507719973818845	34.0	0.0	2.9446077860484365e-06	11.0
0.8753409976188705	0.4757921534663697	0.03673896675199209	14.0	0.0	0.03365532663532633	11.0
0.6965800241064426	0.7771252757985864	0.03210097342739681	46.0	0.0	0.0	11.0
0.10226170071867362	0.6949945881658415	0.03690132194802771	26.0	0.0	0.04398929062698187	11.0
0.4380319257437513	0.5759227125483308	0.03619364602910175	13.0	0.0	0.010884453963498686	11.0
0.24773740752659767	0.2922427880637429	0.03296008730595093	5.0	0.0	0.0	11.0
0.15203588808231772	0.8007029799840668	0.03096315645765746	10.0	0.0	0.0	11.0
0.15019236998090588	0.08157040932415746	0.03136656538024376	18.0	0.0	0.0	11.0
0.45184107994849515	0.06352218802440995	0.03463435048348218	32.0	0.0	0.0	11.0
0.6022157752372295	0.28264395619784516	0.0343656179807495	31.0	0.0	0.0	11.0
0.9623394553915363	0.5634490983216764	0.020312974299503753	65.0	0.0	0.0	11.0
0.8164521593434854	0.2971209888839925	0.03321149096463255	1.0	0.0	0.0	11.0
0.017262808430021016	0.2100278844871967	0.020006771247231384	62.0	0.0	0.0	11.0
0.4251772979787534	0.9189259122496619	0.03352930037503387	58.0	0.0	0.0	11.0
0.5657884517128083	0.5784870924165523	0.035748565582511715	15.0	0.0	0.0026845379010040915	11.0
0.48697394789579157	0.4108216432865731	0.0845691382765531	-2.0	-1.0	779.4963415161697	11.0
0.8413720961638268	0.5427756720327264	0.030697654728555606	4.0	0.0	0.0	11.0
0.6933692817409853	0.5101396901195744	0.03376971366585932	42.0	0.0	0.0	11.0
0.9657661649293012	0.15904508707334092	0.031430231076907574	57.0	0.0	0.0	11.0
0.3803494162093711	0.06573579983273731	0.032819570760951246	3.0	0.0	0.0	11.0
0.2726946427683093	0.9451025494190822	0.036058259334307695	39.0	0.0	0.00758501244125398	11.0
0.2840318395883936	0.5246083830264292	0.03365881773085879	45.0	0.0	0.0	11.0
0.659565104795436	0.43880591702186006	0.033810542741062745	38.0	0.0	0.0	11.0
0.6381455847859714	0.7022555698537704	0.032344381784697514	25.0	0.0	0.0	11.0
0.21796021639370033	0.43258923870378224	0.03211018183913493	49.0	0.0	0.0	11.0
0.6581099077877558	0.8557420065834546	0.031492793819743806	29.0	0.0	0.0	11.0
0.9553240416440859	0.4980738847384551	0.020312974299503753	66.0	0.0	0.0	11.0
0.04717080247880734	0.27549902362498113	0.020006771247231384	61.0	0.0	0.0	11.0
0.522979417569685	0.9362132708022897	0.03294696201558829	11.0	0.0	0.0	11.0
0.44524061246656	0.7175257597590305	0.032807015483468364	9.0	0.0	0.0	11.0
0.21370358072636103	0.09363197678450709	0.03241647712060885	30.0	0.0	0.0	11.0
0.05567893984634696	0.6252381507783107	0.03210029198623555	2.0	0.0	0.0	11.0
0.4461508621037448	0.2925977124845053	0.029801606569749325	53.0	0.0	0.0	11.0
0.6020195462958968	0.5070929079978048	0.03414980823209432	43.0	0.0	0.0	11.0
0.09460725948601187	0.436017477424258	0.029148967501479935	20.0	0.0	0.0	11.0
0.5136537265544867	0.7838815478941688	0.03186206214371228	40.0	0.0	0.0	11.0
0.4030754793373079	0.6679658333826586	0.030810714627713204	52.0	0.0	0.0	11.0
0.5333666414531658	0.6977033065001279	0.03253445986295416	55.0	0.0	0.0	11.0
0.37889230897502113	0.27556061994207376	0.033805046611977196	7.0	0.0	0.0	11.0
0.1970277180417145	0.88568475323658	0.033487500869816285	47.0	0.0	0.0	11.0
0.07067654540438809	0.350892093842225	0.03440530467283585	17.0	0.0	0.0	11.0
0.6969662325813938	0.06535931749552472	0.03329475280026251	12.0	0.0	0.0	11.0
0.6116325641026206	0.7893086658351978	0.035808519632650304	41.0	0.0	0.0033826080961034677	11.0
0.12244492863785437	0.17830605892375492	0.03224837070549363	6.0	0.0	0.0	11.0
