# x	y	r	id	split_id	s_prob	t
2.0	0.5	0.0	-1.0	0.0	0.0	0.0
0.6649033876871241	0.18126631609162952	0.1169273285636146	1.0	0.0	3519.381571592396	0.0
0.5705233882631776	0.8310835355510896	0.12197777870830265	2.0	0.0	4211.190719977926	0.0
0.763631225833066	0.6707082377364605	0.12048812165371399	3.0	0.0	3998.5018249370128	0.0
0.14962180236749306	0.4014482148380005	0.12050071243888102	4.0	0.0	4000.2687964747656	0.0
0.6723177231297509	0.4225419691444397	0.11921933820750406	5.0	0.0	3823.0981456605386	0.0
0.4700417180579488	0.5554343731483027	0.1174528322238203	6.0	0.0	3587.5396384190203	0.0
0.9204340076633369	0.4484579008072247	0.12219292113777655	7.0	0.0	4242.517641608384	0.0
0.923743851050368	0.20454537136588105	0.11911803179851294	8.0	0.0	3809.318460765816	0.0
0.09842475511854298	0.6567311208504902	0.09842475511854298	9.0	0.0	1632.8879016040028	0.0
0.8632132407991344	0.029405797922337107	0.029405797922337107	10.0	0.0	0.0	0.0
0.36388608619722074	0.9916377882156348	0.11883904063677679	11.0	0.0	3771.541355674593	0.0
0.32089517809127505	0.7462980794969787	0.11924559589125312	12.0	0.0	3826.675127103177	0.0
0.674533989600852	0.4201591393239279	0.11933855754571156	5.0	0.0	3839.356860664715	1.0
0.36164019082797144	0.9899908786112609	0.11895787967741356	11.0	0.0	3787.6022016985644	1.0
0.806793742215858	0.6643418075273101	0.12060860977536769	3.0	0.0	4015.4322931691718	1.0
0.10281434114953256	0.6644647384489819	0.09852317987366152	9.0	0.0	1640.5016224388237	1.0
0.4852177054798792	0.5655256947054282	0.11757028505604411	6.0	0.0	3602.8926782887124	1.0
0.30889036147008225	0.7489338890114624	0.11936484148714437	12.0	0.0	3842.9475629438593	1.0
0.9247569599548033	0.19322795545629262	0.11923714983031143	8.0	0.0	3825.5243099899985	1.0
0.14709533131245084	0.4037539686704448	0.12062121315131989	4.0	0.0	4017.2060208534035	1.0
0.5680564544380879	0.8350710691044518	0.12209975648701094	2.0	0.0	4228.932920623161	1.0
0.8573590963167186	0.04002908495408667	0.03234637771457082	10.0	0.0	0.0	1.0
0.9226292528026593	0.4500597677489711	0.1223151140589143	7.0	0.0	4260.3791533357435	1.0
0.6699410891043717	0.18254558859044864	0.11704425589217819	1.0	0.0	3534.4717552343022	1.0
0.8151957507328184	0.6739656656531497	0.12072921838514304	3.0	0.0	4032.4274875348437	2.0
0.14803008886125538	0.40282214901246316	0.1207418343644712	4.0	0.0	4034.2079951493297	2.0
0.3625842164360693	1.0028332815540428	0.11907683755709096	11.0	0.0	3803.724708305387	2.0
0.6813607142594348	0.41172921003742385	0.11945789610325726	5.0	0.0	3855.677934517265	2.0
0.8498129982943774	0.03493408793173649	0.03493408793173649	10.0	0.0	0.0	2.0
0.9397018908320497	0.1724522216613469	0.11935638698014173	8.0	0.0	3841.792331546957	2.0
0.08164604031211732	0.678596899824418	0.09862170305353517	9.0	0.0	1648.1466229222708	2.0
0.9266421612070728	0.4555684624410444	0.1224374291729732	7.0	0.0	4278.308664241349	2.0
0.3242103011558277	0.7447280255749766	0.11948420632863149	12.0	0.0	3859.282406036146	2.0
0.5705531227228537	0.8349373344542509	0.12222185624349793	2.0	0.0	4246.742701511874	2.0
0.4864937676096893	0.5612349298315552	0.11768785534110014	6.0	0.0	3618.304877175399	2.0
0.6743498420235263	0.14939385056621368	0.11716130014807036	1.0	0.0	3549.620167341	2.0
0.09872032475658869	0.7017666740348258	0.09872032475658869	9.0	0.0	1655.823018468335	3.0
0.6601306132610021	0.14327992675764678	0.11727846144821842	1.0	0.0	3564.82701412482	3.0
0.8474680660220305	0.05464318893975197	0.038427496724910144	10.0	0.0	0.25769804238152005	3.0
0.8189950924479378	0.68615298668318	0.12084994760352817	3.0	0.0	4049.4876358703395	3.0
0.9550530626842758	0.19143511235176727	0.11947574336712186	8.0	0.0	3858.1227447834117	3.0
0.32983039139181713	0.7431541538116098	0.11960369053496012	12.0	0.0	3875.6798765081867	3.0
0.6077456018839751	0.8744235697922385	0.12234407809974142	2.0	0.0	4264.620299954889	3.0
0.3589026868806882	1.0024260157664817	0.11919591439464804	11.0	0.0	3819.909093139149	3.0
0.14280552282149964	0.4051076659930144	0.15107822024854456	4.0	0.0	4051.274947277866	3.0
0.9475033160180045	0.46666528096151616	0.12255986660214617	7.0	0.0	4296.306413025577	3.0
0.48070932138759226	0.5565276179396698	0.11780554319644122	6.0	0.0	3633.7764443931696	3.0
0.6991284318416602	0.41266129068956525	0.11957735399936051	5.0	0.0	3872.0615871853374	3.0
0.6998771311573807	0.41577215732792133	0.11969693135335986	5.0	0.0	3888.5080393677044	4.0
0.6642849170237554	0.13514564600936765	0.11739573990966663	1.0	0.0	3580.0925024855956	4.0
0.3348338753901301	0.7484716125722766	0.14965411778186882	12.0	0.0	3892.1401952202687	4.0
0.9512156104060954	0.184149202227695	0.11959521911048897	8.0	0.0	3874.515769775712	4.0
0.15078253303596945	0.37894077184210095	0.14503509143860277	4.0	0.0	4068.4071059114203	4.0
0.10221078876415632	0.6875729949011616	0.09881904508134527	9.0	0.0	1663.5309248852213	4.0
0.8400452502931423	0.06314545662073211	0.04150169646290296	10.0	0.0	1.758976529910825	4.0
0.8264677939740549	0.6765399536194031	0.12097079755113169	3.0	0.0	4066.612966768806	4.0
0.4896825354097506	0.5664784193604357	0.11792334873963765	6.0	0.0	3649.307589953579	4.0
0.9450704075715105	0.4577936419979888	0.1226824264687483	7.0	0.0	4314.37263918042	4.0
0.7009252301487877	0.891822163106192	0.12246642217784115	2.0	0.0	4282.5659540501965	4.0
0.32610403969835966	1.0075733264136226	0.11931511030904267	11.0	0.0	3836.1555745681158	4.0
0.9438332754735498	0.4473140912397997	0.12280510889521704	7.0	0.0	4332.5075829920115	5.0
0.3664993126832859	0.7752340251920873	0.14366795307059407	12.0	0.0	3908.6635837671656	5.0
0.09994198368819307	0.6760961532298312	0.0989178641264266	9.0	0.0	1671.2704583766304	5.0
0.7021829915706874	0.41460365572437363	0.1198166282847132	5.0	0.0	3905.0175124971047	5.0
0.8313374324995975	0.05141067288712703	0.045236849144564224	10.0	0.0	6.8656061154347015	5.0
0.9627244717279185	0.18276952040205938	0.11971481432959945	8.0	0.0	3890.9716273321856	5.0
0.5112004569782445	0.5624144105818034	0.11804127208837728	6.0	0.0	3664.8985245678737	5.0
0.3346400908731409	1.0146573275985873	0.1194344254193517	11.0	0.0	3852.4643716870555	5.0
0.6765656000831073	0.12727813679125527	0.11751313564957629	1.0	0.0	3595.416840012875	5.0
0.8279119550538174	0.671082985125061	0.12109176834868281	3.0	0.0	4083.803709582647	5.0
0.13617043101102735	0.39847773020459515	0.13899196262866098	4.0	0.0	4085.604700481915	5.0
0.7034955303867146	0.9005630427706999	0.12258888860001897	2.0	0.0	4300.57990268547	5.0
0.9554831189302455	0.4382648595351734	0.12292791400411224	7.0	0.0	4350.711485543174	6.0
0.9705488900989333	0.16835693127768914	0.11983452914392903	8.0	0.0	3907.490538995477	6.0
0.8344579299844054	0.6800152560260496	0.12121286011703147	3.0	0.0	4101.0600944259595	6.0
0.828216214972412	0.03450575166492792	0.04528208599370878	10.0	0.0	6.95702668568309	6.0
0.7090578448579048	0.40161924902456914	0.1199364449129979	5.0	0.0	3921.5902287426006	6.0
0.6775395558276532	0.12292991144293444	0.11763064878522585	1.0	0.0	3610.800234988134	6.0
0.6857530368450564	0.8849744518899046	0.12271147748861898	2.0	0.0	4318.662385540596	6.0
0.14361462822007495	0.3906734625980578	0.13294883381871922	4.0	0.0	4102.8679611832185	6.0
0.09807757508390512	0.6709287901771462	0.09901678199055301	9.0	0.0	1679.0417355430507	6.0
0.5036798358022382	0.5471077998546161	0.11815931336046565	6.0	0.0	3680.549459649246	6.0
0.3801397625976292	0.7554925059783756	0.1376817883593193	12.0	0.0	3925.25026448049	6.0
0.3336089622728027	1.0078851327252443	0.11955385984477104	11.0	0.0	3868.835704319555	6.0
0.8318508274954262	0.026125482289538676	0.04532736807970249	10.0	0.0	7.0493478636168305	7.0
0.9634409496577625	0.17166950969357236	0.11995436367307295	8.0	0.0	3924.072727044905	7.0
0.3816532049659064	0.7561319899755835	0.13169562364804457	12.0	0.0	3941.900460431057	7.0
0.3277111469393891	1.0053930929863946	0.1196734137046158	11.0	0.0	3885.2697930203703	7.0
0.9783559693646545	0.43542615780778926	0.12305084191811634	7.0	0.0	4368.984588715961	7.0
0.13627819977682773	0.40322795277645007	0.12690570500877743	4.0	0.0	4120.197118973583	7.0
0.7108104622861685	0.1592040609457245	0.11774827943401106	1.0	0.0	3626.2428963869925	7.0
0.8336857538133975	0.6922640332372711	0.12133407297714849	3.0	0.0	4118.382352176967	7.0
0.5131246108547443	0.5393875197302244	0.1182774726738261	6.0	0.0	3696.2606073150837	7.0
0.6853917151816662	0.8890631961172525	0.12283418896610758	2.0	0.0	4336.813643090207	7.0
0.14008731781885475	0.6713255279206438	0.09911579877254355	9.0	0.0	1686.8448733830458	7.0
0.7156934910432751	0.40770308588669785	0.12005638135791089	5.0	0.0	3938.226411011933	7.0
0.9931582515619899	0.19680075555376209	0.12007431803674601	8.0	0.0	3940.718414498819	8.0
0.06442681754038863	0.46650152257709904	0.0680221353923003	13.0	4.0	230.45993500847698	8.0
0.5077420698290259	0.5343642686049489	0.11839575014649992	6.0	0.0	3712.032180389225	8.0
0.7105280210721542	0.39054998278653563	0.12017643773926878	5.0	0.0	3954.92628295389	8.0
0.3808104513112905	0.7427098735729973	0.12570945893676982	12.0	0.0	3958.614395431251	8.0
0.13207111637375585	0.6507465336534535	0.09921491457131608	9.0	0.0	1694.679989294554	8.0
0.8526168546923185	0.045372695447782184	0.045372695447782184	10.0	0.0	7.142575739796513	8.0
0.8461274711548233	0.6855601988775263	0.12145540705012563	3.0	0.0	4135.770714480474	8.0
0.2019183820738703	0.3582441063062874	0.0680221353923003	14.0	4.0	230.45993500847698	8.0
0.32764583138661024	0.9950187275581102	0.1197930871183204	11.0	0.0	3901.7668590777616	8.0
0.9908291932710389	0.45558778449572906	0.12317389276003445	7.0	0.0	4387.327135194215	8.0
0.6865261577734575	0.8959316109062062	0.12295702315507367	2.0	0.0	4355.033916606221	8.0
0.7082515235769333	0.13966757095388746	0.11786602771344507	1.0	0.0	3641.745033881444	8.0
0.8549302443415854	0.047828757807155745	0.04541806814322996	10.0	0.0	7.236716431981421	9.0
0.12738839508121516	0.6156780218671934	0.09931412948588739	9.0	0.0	1702.547201076186	9.0
0.9809727235032055	0.17949087699835797	0.12019439235478274	8.0	0.0	3957.4278251169753	9.0
0.2821263681085354	0.7353340470546365	0.06978740329388992	16.0	12.0	269.43003660145837	9.0
0.19844124237979793	0.34733258277350704	0.0680901575276926	14.0	0.0	231.88704054660167	9.0
0.8413506463893096	0.6914679533874044	0.12157686245717574	3.0	0.0	4153.2254137503105	9.0
0.7114998657812718	0.4098292316794399	0.12029661417700804	5.0	0.0	3971.690068960682	9.0
0.3347385725954068	0.9837137739180878	0.11991288020543871	11.0	0.0	3918.3271245158494	9.0
0.07689143800902419	0.45469268722061873	0.0680901575276926	13.0	0.0	231.88704054660167	9.0
0.7125439348530018	0.13900018012910906	0.1179838937411585	1.0	0.0	3657.3068578420916	9.0
0.4587417422146648	0.7955624124253003	0.06978740329388992	15.0	12.0	269.43003660145837	9.0
0.4959225507946089	0.5519483867173476	0.1185141458966464	6.0	0.0	3727.8643924042276	9.0
0.6870568977683695	0.9001243588829096	0.12307998017822873	2.0	0.0	4373.323448160395	9.0
0.9962353020964952	0.4450829591436376	0.12329706665279447	7.0	0.0	4405.739368466137	9.0
0.4546423355276916	0.7842005668494564	0.06985719069718381	15.0	0.0	271.0548116595748	10.0
0.12994619237599866	0.6195887755819455	0.09941344361537326	9.0	0.0	1710.4466269285283	10.0
0.3244474409842626	0.954618560874934	0.12003279308564413	11.0	0.0	3934.950812096966	10.0
0.7020369394569852	0.41962563554956395	0.12041691079118504	5.0	0.0	3988.5179941703186	10.0
0.8034281551647159	0.6678413763421363	0.1216984393196329	3.0	0.0	4170.746683171801	10.0
0.22136538533331404	0.3704742423538412	0.06815824768522027	14.0	0.0	233.32146138344484	10.0
0.4993216158531078	0.5633552782958268	0.11863266004254303	6.0	0.0	3743.7574576036477	10.0
0.06211663639412851	0.45520449548968384	0.06815824768522027	13.0	0.0	233.32146138344484	10.0
0.9813239037148408	0.17851755192022617	0.1203145867471375	8.0	0.0	3974.2011834028995	10.0
0.7107575848304033	0.15469585592571938	0.11810187763489964	1.0	0.0	3672.9285793403847	10.0
0.9908829815294219	0.4424548229321276	0.12342036371944724	7.0	0.0	4424.22153282685	10.0
0.8533707599430457	0.05546447283358812	0.04546348621137319	10.0	0.0	7.3317760852311125	10.0
0.6680447736096926	0.9039450057826613	0.12320306015840694	2.0	0.0	4391.682480626886	10.0
0.2866565505167416	0.7449391904799363	0.06985719069718381	16.0	0.0	271.0548116595748	10.0
0.6946001880626218	0.42793043659895535	0.12053732770197621	5.0	0.0	4005.410284469007	11.0
0.41960104456493896	0.7875186990031815	0.06992704788788098	15.0	0.0	272.6877402293138	11.0
0.8184609945929868	0.6653097936457566	0.12182013775895252	3.0	0.0	4188.334756704237	11.0
0.9874037055852517	0.4541308934938037	0.12354378408316667	7.0	0.0	4442.77387338099	11.0
0.05237760090600342	0.4751973185977998	0.06822640593290549	13.0	0.0	234.76322875705188	11.0
0.7089183412001657	0.15295161565345278	0.11821997951253453	1.0	0.0	3688.6104101508786	11.0
0.8487680775125579	0.04602537342153969	0.04550894969758455	10.0	0.0	7.427760872007497	11.0
0.2774266518095396	0.7404070570404344	0.06992704788788098	16.0	0.0	272.6877402293138	11.0
0.22472810577267324	0.37534346154179676	0.06822640593290549	14.0	0.0	234.76322875705188	11.0
0.497984126109528	0.5650973824413363	0.11875129270258555	6.0	0.0	3759.711590944308	11.0
0.9842050650711415	0.18424775122433207	0.12043490133388463	8.0	0.0	3991.038714606283	11.0
0.6715580086541796	0.89584459456539	0.12332626321856534	2.0	0.0	4410.111257684811	11.0
0.3236807423707576	0.9756690889222067	0.12015282587872976	11.0	0.0	3951.638145324027	11.0
0.14398143875499192	0.6327255815707746	0.09951285705898862	9.0	0.0	1718.3783854554558	11.0
