# x	y	r	id	split_id	s_prob	t
2.0	0.5	0.0	-1.0	0.0	0.0	0.0
0.1635448088921021	0.6206748461156223	0.033795367970707445	1.0	0.0	0.0	0.0
0.2421899406411893	0.46224334197459827	0.03427334915765654	2.0	0.0	0.0	0.0
0.25456899986404563	0.9565082254938584	0.03569735278114836	3.0	0.0	0.00217038903070943	0.0
0.10894498559356831	0.12345752782890941	0.03546706760079587	4.0	0.0	0.0006521075095804463	0.0
0.7040477949913401	0.09416346167766304	0.03045950528260919	5.0	0.0	0.0	0.0
0.3290500177889992	0.4650412750536005	0.03537473024233478	6.0	0.0	0.0003367721781160071	0.0
0.16747122538446074	0.261924297724909	0.03308853557843614	7.0	0.0	0.0	0.0
0.8493364755393742	0.6713947781873655	0.030838297724169943	8.0	0.0	0.0	0.0
0.9667964977650816	0.887593885585836	0.03385962916095099	9.0	0.0	0.0	0.0
0.5283757390090997	0.047547282393364386	0.032256114957921765	10.0	0.0	0.0	0.0
0.578230104918547	0.7246659992178573	0.0316987016645795	11.0	0.0	0.0	0.0
0.649086363196351	0.3687075874403177	0.03136498113306738	12.0	0.0	0.0	0.0
0.3108539839144015	0.8065745784999346	0.03410785904916623	13.0	0.0	0.0	0.0
0.5860448657519505	0.4517956886312238	0.03153658796685474	14.0	0.0	0.0	0.0
0.5746160130592525	0.5250370042897303	0.03439687379842579	15.0	0.0	0.0	0.0
0.7497818449226115	0.18088881739393414	0.03502315073838812	16.0	0.0	7.940987245547149e-08	0.0
0.5762950536036925	0.8081534693184679	0.032002006327207656	17.0	0.0	0.0	0.0
0.6530763307161672	0.03755928578154076	0.03213453516124179	18.0	0.0	0.0	0.0
0.3916692982613859	0.166835289451207	0.03163992277708746	19.0	0.0	0.0	0.0
0.8816497401838731	0.11039245251861485	0.030845757340652633	20.0	0.0	0.0	0.0
0.46692300462723985	0.09385829274942498	0.03311651982972053	21.0	0.0	0.0	0.0
0.5682888664065149	0.16603937935444055	0.035033323352118007	22.0	0.0	2.3682416383508098e-07	0.0
0.6186511474354635	0.6674788447795212	0.033157537758146005	23.0	0.0	0.0	0.0
0.9281306555988357	0.45603319560128486	0.031297973606743815	24.0	0.0	0.0	0.0
0.6228102307640574	0.26366713063492025	0.03202452058823313	25.0	0.0	0.0	0.0
0.16541573673885593	0.7715963590870982	0.031736603419066076	26.0	0.0	0.0	0.0
0.7292591082471088	0.2544123889128271	0.035115474661180764	27.0	0.0	9.854624124727707e-06	0.0
0.08309491148168724	0.40551814373893136	0.031138389245197	28.0	0.0	0.0	0.0
0.16512811359708587	0.42497397056618547	0.032155771772834595	29.0	0.0	0.0	0.0
0.6681796116641223	0.5997892610296337	0.0335929401343092	30.0	0.0	0.0	0.0
0.11240589000255377	0.46709835954949497	0.03506108004283589	31.0	0.0	1.4584044265575358e-06	0.0
0.8510490595768675	0.9657834383429555	0.029292299140046694	32.0	0.0	0.0	0.0
0.7138976721312302	0.3260627406570439	0.033675689718241204	33.0	0.0	0.0	0.0
0.44942711668782753	0.8014981284525458	0.03246196215960595	34.0	0.0	0.0	0.0
0.23825975432948626	0.34066560262491746	0.03662245990257881	35.0	0.0	0.027333918261220447	0.0
0.8221837184885789	0.7688414906072897	0.034025719992837676	36.0	0.0	0.0	0.0
0.5012419146016692	0.5597310033415507	0.03317009758436832	37.0	0.0	0.0	0.0
0.44293670067400803	0.37558329819087	0.03488980274438959	38.0	0.0	0.0	0.0
0.7732181407554751	0.36199585722054317	0.034483031104760586	39.0	0.0	0.0	0.0
0.14857738611807142	0.8732501054273899	0.03233884288455514	40.0	0.0	0.0	0.0
0.8375708868320819	0.42184687099422474	0.029422157746824926	41.0	0.0	0.0	0.0
0.3876038539645813	0.09778718183199545	0.03418606510347487	42.0	0.0	0.0	0.0
0.8053494912053644	0.12432648818034177	0.03417544767628621	43.0	0.0	0.0	0.0
0.2807896206220091	0.6337713410428991	0.027242285206181154	44.0	0.0	0.0	0.0
0.6501202354498362	0.19369090420592605	0.032134793572968695	45.0	0.0	0.0	0.0
0.619427560884453	0.9649255699183278	0.03132012030665023	46.0	0.0	0.0	0.0
0.2352637096843324	0.6786736093649911	0.03368400585895266	47.0	0.0	0.0	0.0
0.030358202405200575	0.07769275419189157	0.02851900561997392	48.0	0.0	0.0	0.0
0.7223291492119992	0.8251806446115361	0.032219755066916364	49.0	0.0	0.0	0.0
0.177045283033697	0.9456219409038115	0.03471381273603253	50.0	0.0	0.0	0.0
0.6925313556726733	0.42731356344590427	0.03351636231112982	51.0	0.0	0.0	0.0
0.08746040979077951	0.5994709971857455	0.034683897258815655	52.0	0.0	0.0	0.0
0.14006038848861696	0.19453734237234221	0.0331497511096042	53.0	0.0	0.0	0.0
0.7043877433680182	0.6697341361513897	0.03355771074361168	54.0	0.0	0.0	0.0
0.5302466668558536	0.9505817897598817	0.03243818071043782	55.0	0.0	0.0	0.0
0.11146954150992193	0.962382406466821	0.03264651029412847	56.0	0.0	0.0	0.0
0.6324755993021569	0.864267911980065	0.03318049995571143	57.0	0.0	0.0	0.0
0.28057095148677935	0.5198314694554851	0.0317648921885209	58.0	0.0	0.0	0.0
0.494737117632779	0.4766924839564917	0.033813692811107854	59.0	0.0	0.0	0.0
0.588196061633731	0.6048095207446561	0.03247295837481559	60.0	0.0	0.0	0.0
0.28064577769411947	0.40326856237582404	0.03194498592831753	61.0	0.0	0.0	0.0
0.8247709505963017	0.4883933716046541	0.032385679926544626	62.0	0.0	0.0	0.0
0.8712304796864927	0.894369034909821	0.03289957667494804	63.0	0.0	0.0	0.0
0.5214734805118904	0.41328572993699186	0.030903505311859463	64.0	0.0	0.0	0.0
0.3575703132894951	0.2376228217562219	0.032357274692144264	65.0	0.0	0.0	0.0
0.4903335394584385	0.2402528506090093	0.03248923835991938	66.0	0.0	0.0	0.0
0.24337106368693237	0.1585556679674252	0.036844362006412924	67.0	0.0	0.04015304409166731	0.0
0.8177441945653596	0.2666843001071052	0.032844516962258374	68.0	0.0	0.0	0.0
0.8859391031791479	0.24957608915100196	0.034391317165794785	69.0	0.0	0.0	0.0
0.8460165577792405	0.3457275509165226	0.030571202851450284	70.0	0.0	0.0	0.0
0.7584998641598214	0.9094213771312973	0.030979449925057325	71.0	0.0	0.0	0.0
0.6536780714653898	0.7785480304314214	0.03290775521517319	72.0	0.0	0.0	0.0
0.9574418585313124	0.30635896786097816	0.033681068357590035	73.0	0.0	0.0	0.0
0.8095782801189165	0.03763226173138508	0.03350152382161145	74.0	0.0	0.0	0.0
0.7648913522144236	0.4484802848318512	0.031883996022664216	75.0	0.0	0.0	0.0
0.34645080777713877	0.9549230834302025	0.03469989601824142	76.0	0.0	0.0	0.0
0.41550656813118225	0.6186314658238478	0.03278227596926778	77.0	0.0	0.0	0.0
0.7751907943729329	0.6948032162685962	0.0318517102555983	78.0	0.0	0.0	0.0
0.16350253843936496	0.5158390788696823	0.02957119571522779	79.0	0.0	0.0	0.0
0.3854508266578181	0.8512242044707109	0.033053629634417485	80.0	0.0	0.0	0.0
0.41360776854750464	0.9152472922538597	0.034603209670878286	81.0	0.0	0.0	0.0
0.48373831285215735	0.6351423413714063	0.03493445000022843	82.0	0.0	0.0	0.0
0.1747703759726251	0.06376199039856428	0.028080701940235146	83.0	0.0	0.0	0.0
0.0985180683054821	0.04641606061618089	0.03101594717667138	84.0	0.0	0.0	0.0
0.7444430612553932	0.5140278808420626	0.03062200877596596	85.0	0.0	0.0	0.0
0.29559278807856415	0.2716967457004954	0.0338325186197179	86.0	0.0	0.0	0.0
0.2948648235925061	0.2726449323726049	0.033866351138337615	86.0	0.0	0.0	1.0
0.23501231948131887	0.33880882485969194	0.03665908236248139	35.0	0.0	0.029226971307778626	1.0
0.8075583764683054	0.1317392661854784	0.034209623123962495	43.0	0.0	0.0	1.0
0.030138895165110986	0.07942524090097118	0.02854752462559389	48.0	0.0	0.0	1.0
0.14847547698815375	0.872007740532591	0.03237118172743969	40.0	0.0	0.0	1.0
0.1397347673073191	0.19586924161176938	0.0331829008607138	53.0	0.0	0.0	1.0
0.5751187695035802	0.5234593170938747	0.034431270672224214	15.0	0.0	0.0	1.0
0.649702383009154	0.370103788705734	0.03139634611420044	12.0	0.0	0.0	1.0
0.3561368599961784	0.23953940550702696	0.032389631966836405	65.0	0.0	0.0	1.0
0.17478852720387097	0.06520345444350861	0.028108782642175378	83.0	0.0	0.0	1.0
0.3404319971674659	0.9447941901634185	0.03473459591425966	76.0	0.0	0.0	1.0
0.1746405440622521	0.41999203871644525	0.03218792754460743	29.0	0.0	0.0	1.0
0.09906578526881625	0.48031001198609946	0.03509614112287872	31.0	0.0	5.687318420655174e-06	1.0
0.09559276732904765	0.0360705028290873	0.03104696312384805	84.0	0.0	0.0	1.0
0.8188550055064736	0.26750965904170254	0.03287736147922063	68.0	0.0	0.0	1.0
0.17303068909342992	0.2700763224935768	0.03312162411401457	7.0	0.0	0.0	1.0
0.43777706892982376	0.3778404092839237	0.03492469254713398	38.0	0.0	0.0	1.0
0.1024165268112616	0.9622973742751916	0.03267915680442259	56.0	0.0	0.0	1.0
0.22642592485894053	0.688147728448476	0.03371768986481161	47.0	0.0	0.0	1.0
0.42627800450676445	0.9143390997866185	0.03463781288054916	81.0	0.0	0.0	1.0
0.26431224443965423	0.9582544739589065	0.03573305013392951	3.0	0.0	0.0025210473712178327	1.0
0.9274333365487253	0.4552834695874322	0.03132927158035056	24.0	0.0	0.0	1.0
0.8468481207162601	0.6714496185070843	0.03086913602189411	8.0	0.0	0.0	1.0
0.5660610063039276	0.17570009228829325	0.03506835667547012	22.0	0.0	2.0441971173568163e-06	1.0
0.8138808920837121	0.03707384787500967	0.03353502534543306	74.0	0.0	0.0	1.0
0.3875601128211397	0.16661517992331518	0.03167156269986454	19.0	0.0	0.0	1.0
0.7617213166423507	0.4466144097071679	0.03191588001868688	75.0	0.0	0.0	1.0
0.165007996591197	0.5174211874104587	0.029600766910943016	79.0	0.0	0.0	1.0
0.11670666743528066	0.12195018827176538	0.03550253466839666	4.0	0.0	0.0008122281881384197	1.0
0.16346329098153953	0.6077269867292067	0.03382916333867815	1.0	0.0	0.0	1.0
0.3134422652108171	0.8031589912663497	0.034141966908215395	13.0	0.0	0.0	1.0
0.5237834392867949	0.41204108013665935	0.03093440881717132	64.0	0.0	0.0	1.0
0.8231284383240058	0.7680527100451503	0.03405974571283051	36.0	0.0	0.0	1.0
0.7508091081957702	0.17569236483583597	0.0350581738891265	16.0	0.0	1.2599818006719943e-06	1.0
0.07305066320760414	0.4000736120310514	0.031169527634442196	28.0	0.0	0.0	1.0
0.9656005320011681	0.8868487716349286	0.03389348879011194	9.0	0.0	0.0	1.0
0.2817602257675095	0.627642783271372	0.027269527491387332	44.0	0.0	0.0	1.0
0.5011551130144836	0.5586728131203271	0.03320326768195268	37.0	0.0	0.0	1.0
0.6184184223052713	0.9642610059653355	0.03135144042695688	46.0	0.0	0.0	1.0
0.6725058778650918	0.5959881947539166	0.0336265330744435	30.0	0.0	0.0	1.0
0.8851761853470901	0.24322868033793016	0.034425708482960574	69.0	0.0	0.0	1.0
0.2779355067539005	0.4023003153957488	0.031976930914245846	61.0	0.0	0.0	1.0
0.08925263955196955	0.5938468466091344	0.034718581156074464	52.0	0.0	0.0	1.0
0.694135570721734	0.42976633402908143	0.03354987867344094	51.0	0.0	0.0	1.0
0.5778727164556043	0.7272297678065635	0.031730400366244076	11.0	0.0	0.0	1.0
0.6299932046975242	0.865625708392556	0.03321368045566714	57.0	0.0	0.0	1.0
0.1222444889779559	0.09218436873747494	0.02945891783567134	-2.0	-1.0	0.0	1.0
0.32593202624064876	0.45946649916032917	0.03541010497257711	6.0	0.0	0.00044143328784684854	1.0
0.7154029688431519	0.3269360412400589	0.03370936540795944	33.0	0.0	0.0	1.0
0.2437876457604011	0.1603621008850473	0.036881206368419336	67.0	0.0	0.04260781808262948	1.0
0.4510030988202914	0.80330329544578	0.03249442412176555	34.0	0.0	0.0	1.0
0.4913159502133978	0.23864231427000637	0.0325217275982793	66.0	0.0	0.0	1.0
0.7044451606232156	0.09318014527449946	0.0304899647878918	5.0	0.0	0.0	1.0
0.24141634676331036	0.46496415639816374	0.0343076225068142	2.0	0.0	0.0	1.0
0.46973589641116703	0.0931628092813787	0.033149636349550246	21.0	0.0	0.0	1.0
0.38704538417829193	0.09984976160602325	0.03422025116857834	42.0	0.0	0.0	1.0
0.166566481140515	0.7721171180051447	0.03176834002248514	26.0	0.0	0.0	1.0
0.7059443861144306	0.6692649420864943	0.03359126845435528	54.0	0.0	0.0	1.0
0.6522983628754155	0.1850705986859692	0.03216692836654166	45.0	0.0	0.0	1.0
0.585511439306574	0.4530046930537478	0.031568124554821594	14.0	0.0	0.0	1.0
0.7591486697413231	0.9085188483769433	0.031010429374982378	71.0	0.0	0.0	1.0
0.8543428559668228	0.9662320270455872	0.029321591439186737	32.0	0.0	0.0	1.0
0.7783878999614853	0.36554214953311664	0.034517514135865346	39.0	0.0	0.0	1.0
0.6166058433100965	0.6701428897284515	0.03319069529590415	23.0	0.0	0.0	1.0
0.8461732142629744	0.34346909673537857	0.03060177405430173	70.0	0.0	0.0	1.0
0.878387710566096	0.10918056121863488	0.030876603097993283	20.0	0.0	0.0	1.0
0.27881696682451956	0.5240944017539898	0.03179665708070942	58.0	0.0	0.0	1.0
0.6517584430038829	0.7802133225309577	0.032940662970388356	72.0	0.0	0.0	1.0
0.7487638722084725	0.5154800766657265	0.030652630784741924	85.0	0.0	0.0	1.0
0.8170682439705522	0.4934855814942202	0.03241806560647117	62.0	0.0	0.0	1.0
0.38562573789511323	0.8501221038648243	0.0330866832640519	80.0	0.0	0.0	1.0
0.777892223961866	0.6963253189221071	0.031883561965853895	78.0	0.0	0.0	1.0
0.6549406068687691	0.03326085334892436	0.03216666969640303	18.0	0.0	0.0	1.0
0.5301490023067863	0.04641125720052583	0.032288371072879685	10.0	0.0	0.0	1.0
0.7282363041471639	0.25465845329708786	0.03515059013584194	27.0	0.0	2.1855942989645882e-05	1.0
0.5824821144978984	0.6028489784031386	0.0325054313331904	60.0	0.0	0.0	1.0
0.41716351580823363	0.6192116751053098	0.03281505824523704	77.0	0.0	0.0	1.0
0.7242383046225296	0.8223786234458138	0.032251974821983276	49.0	0.0	0.0	1.0
0.4946937169079758	0.47784087492301114	0.033847506503918955	59.0	0.0	0.0	1.0
0.5304834274709095	0.9543374457035583	0.03247061889114825	55.0	0.0	0.0	1.0
0.8740138416055966	0.8843400482846895	0.03293247625162299	63.0	0.0	0.0	1.0
0.584452145157313	0.8106682598147581	0.03203400833353486	17.0	0.0	0.0	1.0
0.8428780551189958	0.416549102886124	0.029451579904571746	41.0	0.0	0.0	1.0
0.959252569919599	0.3067466274575191	0.03371474942594762	73.0	0.0	0.0	1.0
0.17438740787740425	0.9416541696870813	0.03474852654876856	50.0	0.0	0.0	1.0
0.4908063886012764	0.6340433858891812	0.03496938445022865	82.0	0.0	0.0	1.0
0.6269539248341232	0.26600885299635896	0.03205654510882136	25.0	0.0	0.0	1.0
0.2761761488316601	0.40242791847375464	0.03200890784516009	61.0	0.0	0.0	2.0
0.8171581442273889	0.7701433132041344	0.03409380545854334	36.0	0.0	0.0	2.0
0.1475748331661896	0.8702442465464882	0.032403552909167126	40.0	0.0	0.0	2.0
0.956049080547748	0.30685759831134923	0.03374846417537356	73.0	0.0	0.0	2.0
0.31553522287631486	0.8011751429489574	0.03417610887512361	13.0	0.0	0.0	2.0
0.36350419879049034	0.23771784153353262	0.03242202159880324	65.0	0.0	0.0	2.0
0.8093314597860093	0.13018143157940387	0.03424383274708645	43.0	0.0	0.0	2.0
0.8797073007452577	0.8843938170055792	0.03296540872787461	63.0	0.0	0.0	2.0
0.24315282231897967	0.15947902215367343	0.036918087574787754	67.0	0.0	0.04516325866592297	2.0
0.7774488161202456	0.6978848328809178	0.03191544552781975	78.0	0.0	0.0	2.0
0.42258256248835324	0.911629241154797	0.0346724506934297	81.0	0.0	0.0	2.0
0.09590866071647015	0.03752364230471347	0.031078010086971895	84.0	0.0	0.0	2.0
0.4919931463081616	0.6338435317438694	0.03500435383467888	82.0	0.0	5.282032589093433e-10	2.0
0.7504303591007008	0.5220030615230231	0.030683283415526664	85.0	0.0	0.0	2.0
0.17567008791959604	0.9448867124035721	0.034783275075317324	50.0	0.0	0.0	2.0
0.2435647707534596	0.4648219261782886	0.034341930129321005	2.0	0.0	0.0	2.0
0.3246440329050979	0.46505164961974177	0.03544551507754968	6.0	0.0	0.0005659358336913556	2.0
0.5830240328101757	0.812976650029471	0.03206604234186839	17.0	0.0	0.0	2.0
0.7755983191259366	0.44466907678227297	0.03194779589870556	75.0	0.0	0.0	2.0
0.6239264934286024	0.2687027219512527	0.032088601653930175	25.0	0.0	0.0	2.0
0.7758925967677931	0.36631143901768476	0.03455203165000121	39.0	0.0	0.0	2.0
0.815525728091919	0.03839526943444463	0.03356856037077849	74.0	0.0	0.0	2.0
0.49817266797386867	0.48003886532009443	0.033881354010422866	59.0	0.0	0.0	2.0
0.6536569641875613	0.18534362109250965	0.0321990952949082	45.0	0.0	0.0	2.0
0.16488405114654267	0.6209742491136161	0.033862992502016825	1.0	0.0	0.0	2.0
0.38255668229000894	0.09960932318633055	0.03425447141974691	42.0	0.0	0.0	2.0
0.653303219336213	0.7784662241614276	0.03297360363335874	72.0	0.0	0.0	2.0
0.16794673483228356	0.27533943746379536	0.03315474573812858	7.0	0.0	0.0	2.0
0.5729880419425405	0.7253447128595834	0.031762130766610316	11.0	0.0	0.0	2.0
0.6915204760349468	0.4306525715974984	0.03358342855211438	51.0	0.0	0.0	2.0
0.7380445908313438	0.24581957522444245	0.03518574072597778	27.0	0.0	4.101109735188402e-05	2.0
0.7215532856647117	0.8223701712777829	0.03228422679680525	49.0	0.0	0.0	2.0
0.1723715136687115	0.4206915694293176	0.03222011547215203	29.0	0.0	0.0	2.0
0.8531595043728997	0.9663478718217869	0.02935091303062592	32.0	0.0	0.0	2.0
0.7044527206711527	0.09197934857878798	0.03052045475267969	5.0	0.0	0.0	2.0
0.60527018875774	0.9662206162188071	0.03138279186738383	46.0	0.0	0.0	2.0
0.07974389528709655	0.5927103192847015	0.034753299737230535	52.0	0.0	0.0	2.0
0.7597377757876136	0.909587876078716	0.031041439804357356	71.0	0.0	0.0	2.0
0.6521586254107093	0.03099691071764822	0.03219883636609943	18.0	0.0	0.0	2.0
0.623975179585546	0.6719157914924615	0.03322388599120005	23.0	0.0	0.0	2.0
0.0691572493102532	0.3987922851875505	0.031200697162076633	28.0	0.0	0.0	2.0
0.17578055641584395	0.05942382596406135	0.02813689142481755	83.0	0.0	0.0	2.0
0.9643150483389954	0.888523136935751	0.033927382278902046	9.0	0.0	0.0	2.0
0.8460998739440474	0.6606624425731406	0.030900005157916	8.0	0.0	0.0	2.0
0.1719537398003845	0.5212203034711843	0.029630367677853955	79.0	0.0	0.0	2.0
0.7132525975315255	0.3304118854925842	0.033743074773367396	33.0	0.0	0.0	2.0
0.846017842433553	0.41206335244307374	0.029481031484476315	41.0	0.0	0.0	2.0
0.10968800733772344	0.11993071056759404	0.03553803720306505	4.0	0.0	0.0009968203446106827	2.0
0.034803975275463646	0.0853457412726916	0.02857607215021948	48.0	0.0	0.0	2.0
0.8257766915486978	0.49082484964518863	0.03245048367207764	62.0	0.0	0.0	2.0
0.4896725939828028	0.23999694433764945	0.032554249325877575	66.0	0.0	0.0	2.0
0.5227277462318457	0.04191635902434694	0.032320659443952564	10.0	0.0	0.0	2.0
0.5865941258121787	0.4511784340031802	0.031599692679376415	14.0	0.0	0.0	2.0
0.2770162243927482	0.5227387282942304	0.03182845373779012	58.0	0.0	0.0	2.0
0.09998054586408396	0.4798318844746433	0.035131237264001594	31.0	0.0	1.4466100481058675e-05	2.0
0.5657199256383753	0.1770257415443635	0.035103425032145585	22.0	0.0	7.080386538405037e-06	2.0
0.7515056138454503	0.17383551691936253	0.03509323206301562	16.0	0.0	5.186517611832642e-06	2.0
0.8884398456761204	0.2425514158064827	0.03446013419144353	69.0	0.0	0.0	2.0
0.2271387323860712	0.6889641949514901	0.03375140755467642	47.0	0.0	0.0	2.0
0.4578316201403876	0.0991014420462886	0.03318278598589979	21.0	0.0	0.0	2.0
0.34101616442699656	0.9431089507022344	0.03476933051017392	76.0	0.0	0.0	2.0
0.5223097072828142	0.41207355940108237	0.030965343225988488	64.0	0.0	0.0	2.0
0.2635276834159238	0.9549475871291169	0.03576878318406344	3.0	0.0	0.0029079812350261136	2.0
0.7067512095296137	0.6704985377566874	0.03362485972280963	54.0	0.0	0.0	2.0
0.1660289334964773	0.7731534959148397	0.03180010836250762	26.0	0.0	0.0	2.0
0.4111951667287625	0.6283370046930299	0.032847873303482274	77.0	0.0	0.0	2.0
0.39417378661239	0.16811845089627075	0.031703234262564405	19.0	0.0	0.0	2.0
0.8421165677051108	0.33552603241397383	0.03063237582835603	70.0	0.0	0.0	2.0
0.6277833933155978	0.8650199011575629	0.0332468941361228	57.0	0.0	0.0	2.0
0.6775643024592831	0.5932626192027176	0.03366015960751794	30.0	0.0	0.0	2.0
0.44827867888943257	0.8175559523788251	0.03252691854588731	34.0	0.0	0.0	2.0
0.8794727416554544	0.10798412367211124	0.030907479701091273	20.0	0.0	0.0	2.0
0.6544500724916179	0.3685413188171288	0.031427742460314635	12.0	0.0	0.0	2.0
0.4354891104709281	0.37637464926234965	0.03495961723968111	38.0	0.0	0.0	2.0
0.38584949941567603	0.8450480304417555	0.03311976994731595	80.0	0.0	0.0	2.0
0.583664128494781	0.6026955708916805	0.03253793676452359	60.0	0.0	0.0	2.0
0.23363217482179685	0.3386649370503345	0.03669574144484387	35.0	0.0	0.03120749273315937	2.0
0.576408353370842	0.5243680190599865	0.034465701942896436	15.0	0.0	0.0	2.0
0.3016547365627206	0.27985359679921856	0.03390021748947595	86.0	0.0	0.0	2.0
0.9213191122334329	0.45903954343479325	0.0313606008519309	24.0	0.0	0.0	2.0
0.816774708566033	0.2684196971091299	0.032910238840699844	68.0	0.0	0.0	2.0
0.14194583607435196	0.19577870849760148	0.03321608376157451	53.0	0.0	0.0	2.0
0.10865259255588791	0.9600695336061338	0.03271183596122701	56.0	0.0	0.0	2.0
0.279614246152523	0.6286466701272598	0.027296797018878716	44.0	0.0	0.0	2.0
0.4998591027551788	0.5593193479297097	0.03323647094963463	37.0	0.0	0.0	2.0
0.5319050754753201	0.9535006671920317	0.0325030895100394	55.0	0.0	0.0	2.0
0.24290867301710134	0.4631983542976645	0.03437627205945032	2.0	0.0	0.0	3.0
0.49625107326147583	0.48102789266945867	0.033915235364433284	59.0	0.0	0.0	3.0
0.776098307091978	0.7004102622976371	0.03194736097334756	78.0	0.0	0.0	3.0
0.3817653634148878	0.8398950957777607	0.03315288971726326	80.0	0.0	0.0	3.0
0.8801032051082098	0.8832965352333269	0.03299837413660248	63.0	0.0	0.0	3.0
0.10998581922467279	0.12115169729355427	0.035573575240268114	4.0	0.0	0.0012076780172520785	3.0
0.17403263890761117	0.9418705291292641	0.03481805835039264	50.0	0.0	0.0	3.0
0.28528440481036405	0.529045303958458	0.03186028219152791	58.0	0.0	0.0	3.0
0.5269677387246152	0.9565337586339917	0.03253559259954943	55.0	0.0	0.0	3.0
0.3026737353085908	0.2799533521739266	0.03393411770696542	86.0	0.0	0.0	3.0
0.27906703742100475	0.6311638820754575	0.02732409381589759	44.0	0.0	0.0	3.0
0.6463719420965088	0.03318830529883087	0.03223103520246553	18.0	0.0	0.0	3.0
0.06598125529185854	0.4037843374880003	0.031231897859238706	28.0	0.0	0.0	3.0
0.16632076043372243	0.6188656256828242	0.03389685549451884	1.0	0.0	0.0	3.0
0.10197772777650767	0.47911838925663053	0.035166368501265595	31.0	0.0	2.94708924002407e-05	3.0
0.4478903295591332	0.8187486132744428	0.03255944546443319	34.0	0.0	0.0	3.0
0.9257222161146766	0.45182121976584894	0.03139196145278283	24.0	0.0	0.0	3.0
0.8068116507331757	0.1253972411952893	0.03427807657983353	43.0	0.0	0.0	3.0
0.5217050270662933	0.4132761779730472	0.030996308569214474	64.0	0.0	0.0	3.0
0.6029977699985698	0.9654409147114071	0.03141417465925121	46.0	0.0	0.0	3.0
0.8178237393748267	0.2687870336401692	0.03294314907954054	68.0	0.0	0.0	3.0
0.04594204000396099	0.0918075094702971	0.028604648222369695	48.0	0.0	0.0	3.0
0.6459331449380717	0.7699163096066499	0.033006577236992095	72.0	0.0	0.0	3.0
0.41476567115025514	0.633238392108967	0.032880721176785754	77.0	0.0	0.0	3.0
0.8418779047494034	0.4039572010091844	0.029510512515960787	41.0	0.0	0.0	3.0
0.4155395240196144	0.9185908248711933	0.03470712314412313	81.0	0.0	0.0	3.0
0.8372802019369886	0.6600785616006034	0.030930905163073914	8.0	0.0	0.0	3.0
0.8163324445108352	0.040287855144295524	0.033602128931149264	74.0	0.0	0.0	3.0
0.5226279332224343	0.040862572071857985	0.03235298010339651	10.0	0.0	0.0	3.0
0.7058163654319948	0.6709648992272986	0.033658484582532434	54.0	0.0	0.0	3.0
0.36333765080783914	0.24432992361705316	0.032454443620402035	65.0	0.0	0.0	3.0
0.31268294213946785	0.805090593333544	0.03421028498399873	13.0	0.0	0.0	3.0
0.4883126790268269	0.2406968802167375	0.03258680357520345	66.0	0.0	0.0	3.0
0.45994084633842264	0.10151739933128993	0.033215968771885686	21.0	0.0	0.0	3.0
0.5833677216453392	0.6008279369225294	0.032570474701288106	60.0	0.0	0.0	3.0
0.7509233629642856	0.17089017743342927	0.03512832529507864	16.0	0.0	1.3524362060479689e-05	3.0
0.7042777170847486	0.43389214184672825	0.03361701198066649	51.0	0.0	0.0	3.0
0.7130379263304774	0.33210774834912354	0.03377681784814076	33.0	0.0	0.0	3.0
0.7017824446936035	0.10054491414707142	0.030550975207432364	5.0	0.0	0.0	3.0
0.3319269044778033	0.4733936219734884	0.035480960592627224	6.0	0.0	0.0007120466640202494	3.0
0.1554892662210084	0.8724676090307316	0.03243595646207629	40.0	0.0	0.0	3.0
0.6732685668397647	0.594827840861447	0.03369381976712545	30.0	0.0	0.0	3.0
0.9628878151661646	0.8802079810986573	0.033961309661180945	9.0	0.0	0.0	3.0
0.38161794019818446	0.09294988770992392	0.03428872589116665	42.0	0.0	0.0	3.0
0.7218526543554893	0.8195837588626829	0.03231651102360206	49.0	0.0	0.0	3.0
0.8159001832099535	0.7690096836099682	0.03412789926400188	36.0	0.0	0.0	3.0
0.6292102155712879	0.8657542736162598	0.03328014103025892	57.0	0.0	0.0	3.0
0.954983202172665	0.30520530385638184	0.033782212639548934	73.0	0.0	0.0	3.0
0.09693987688355162	0.03841823007020575	0.031109088097058864	84.0	0.0	0.0	3.0
0.16583270501991954	0.2777608969216045	0.0331879004838667	7.0	0.0	0.0	3.0
0.5749628223722938	0.7220136834119536	0.03179389289737692	11.0	0.0	0.0	3.0
0.2800734097135479	0.40216991154649856	0.032040916753005244	61.0	0.0	0.0	3.0
0.8784633562186532	0.1086579991046484	0.03093838718079236	20.0	0.0	0.0	3.0
0.7772260017595128	0.3660347350056545	0.034586583681651205	39.0	0.0	0.0	3.0
0.17860115453389036	0.4227853102908314	0.03225233558762418	29.0	0.0	0.0	3.0
0.8241921613808881	0.49530465269773166	0.03248293415574971	62.0	0.0	0.0	3.0
0.622736651755704	0.6711867970643582	0.03325710987719124	23.0	0.0	0.0	3.0
0.10542605392597625	0.956027312529823	0.03274454779718823	56.0	0.0	0.0	3.0
0.1390765874425144	0.19631781381920121	0.03324929984533608	53.0	0.0	0.0	3.0
0.16355219324008075	0.5330639963836585	0.029659998045531804	79.0	0.0	0.0	3.0
0.17737061452583033	0.0698669301289882	0.028165028316242364	83.0	0.0	0.0	3.0
0.2338605208847788	0.3346392819491086	0.036732437186288706	35.0	0.0	0.033277635884601864	3.0
0.7590096118695044	0.9085749549622616	0.03884060155520214	71.0	0.0	0.0	3.0
0.5883005811161157	0.45051989227150824	0.03163129237205579	14.0	0.0	0.0	3.0
0.8929928072213609	0.244751578332955	0.034494594325634974	69.0	0.0	0.0	3.0
0.26633925112344264	0.9590187371627176	0.035804551967247494	3.0	0.0	0.003333053442602818	3.0
0.5001732336461326	0.5602840763340498	0.033269707420584264	37.0	0.0	0.0	3.0
0.6235007405752673	0.2696356971266971	0.0321206902555841	25.0	0.0	0.0	3.0
0.7736884620941851	0.44055271946909474	0.03197974369460427	75.0	0.0	0.0	3.0
0.23001618730339599	0.6957148075950077	0.033785158962231096	47.0	0.0	0.0	3.0
0.24134579920776913	0.15922132234230038	0.03695500566236254	67.0	0.0	0.04782159232166805	3.0
0.16535406853358955	0.7724459882251925	0.03183190847087013	26.0	0.0	0.0	3.0
0.6535474538502394	0.18418745352163984	0.03223129439020311	45.0	0.0	0.0	3.0
0.6549476332075957	0.3675670764929719	0.031459170202774944	12.0	0.0	0.0	3.0
0.43395490462571884	0.37985190778224015	0.034994576856920784	38.0	0.0	0.0	3.0
0.5650591851550246	0.1762971589898707	0.03513852845717773	22.0	0.0	1.7013629303619382e-05	3.0
0.8468182997520107	0.331892725069946	0.030663008204184383	70.0	0.0	0.0	3.0
0.7492030633123553	0.521216805507662	0.030713966698942188	85.0	0.0	0.0	3.0
0.08129087646961128	0.6008032684760211	0.03478805303696776	52.0	0.0	0.0	3.0
0.3348016822657482	0.9319978412574317	0.03480409984068409	76.0	0.0	0.0	3.0
0.5861706075160826	0.8104812000721698	0.032098108384210254	17.0	0.0	0.0	3.0
0.8455405994756897	0.9762716307660223	0.029380263943656545	32.0	0.0	0.0	3.0
0.39439405555488466	0.17704894974854343	0.031734937496826966	19.0	0.0	0.0	3.0
0.5784287046701719	0.5243616591984989	0.034500167644839326	15.0	0.0	0.0	3.0
0.49703332596475114	0.634594719171343	0.03503935818851355	82.0	0.0	3.9019820974317554e-07	3.0
0.7332598717349	0.24192582909262073	0.03522092646670375	27.0	0.0	6.901177769691458e-05	3.0
0.3722845323571373	0.24824378929475788	0.03248689806402243	65.0	0.0	0.0	4.0
0.4963801952902168	0.6359355014344706	0.03507439754670206	82.0	0.0	2.6354562976393936e-06	4.0
0.17623511307037815	0.07219794943429259	0.028193193344558602	83.0	0.0	0.0	4.0
0.5261648632027466	0.4134869206168171	0.031027304877783685	64.0	0.0	0.0	4.0
0.10297546719190766	0.4812338515763446	0.035201534869766855	31.0	0.0	5.238784949312958e-05	4.0
0.1745980347779966	0.9379932673863223	0.03485287640874302	50.0	0.0	0.0	4.0
0.06802355941667043	0.4059525957790035	0.03126312975709794	28.0	0.0	0.0	4.0
0.8935369439215616	0.24642267832867176	0.03452908891996061	69.0	0.0	0.0	4.0
0.3444260252279511	0.9223669760893402	0.034838903940524774	76.0	0.0	0.0	4.0
0.23475445515788745	0.32850903349952953	0.03676916962347499	35.0	0.0	0.03543956608613996	4.0
0.23305990640806373	0.16154903717313224	0.0369919606680249	67.0	0.0	0.050585057803914424	4.0
0.1683621957979507	0.5408388488730916	0.029689658043577333	79.0	0.0	0.0	4.0
0.8557114228456913	0.3987975951903807	0.03987975951903807	-2.0	-1.0	0.7436613895499136	4.0
0.5832734991646845	0.6026971024783089	0.032603045175989394	60.0	0.0	0.0	4.0
0.834302184492448	0.6566193065303126	0.030961836068236985	8.0	0.0	0.0	4.0
0.8478235163269137	0.9839328507063358	0.0294096442076002	32.0	0.0	0.0	4.0
0.16632771304265456	0.6177613112787791	0.03393075235001335	1.0	0.0	0.0	4.0
0.1358048224446326	0.20080910857632056	0.03328254914518142	53.0	0.0	0.0	4.0
0.10439551074996975	0.12376683732513742	0.035609148815508376	4.0	0.0	0.001446605747190688	4.0
0.43278867004528715	0.38029355630544065	0.035029571433777704	38.0	0.0	1.654996708566614e-07	4.0
0.8480947428505052	0.33150798712839163	0.030693671212388564	70.0	0.0	0.0	4.0
0.7666571537790976	0.704749368278985	0.03197930833432091	78.0	0.0	0.0	4.0
0.07116814449365551	0.6073785577134178	0.034822841090004726	52.0	0.0	0.0	4.0
0.6904822897768969	0.10894119786883996	0.030581526182639793	5.0	0.0	0.0	4.0
0.8253386381486336	0.49578908049063036	0.032515417089905456	62.0	0.0	0.0	4.0
0.5696402639775406	0.7158390619590913	0.031825686790274296	11.0	0.0	0.0	4.0
0.38570177615564716	0.8388690607229192	0.03318604260698052	80.0	0.0	0.0	4.0
0.26958428153936287	0.9684243869554844	0.03584035651921474	3.0	0.0	0.00379813760144998	4.0
0.39562337326389413	0.17550885538650066	0.03176667243432379	19.0	0.0	0.0	4.0
0.38224712200580846	0.09465991687319333	0.034323014617057813	42.0	0.0	0.0	4.0
0.044315274327420294	0.09090436476699877	0.02863325287059206	48.0	0.0	0.0	4.0
0.03006012024048096	0.6753507014028055	0.009218436873747494	-2.0	-1.0	0.0	4.0
0.8873640317170216	0.10865926959042249	0.03096932556797315	20.0	0.0	0.0	4.0
0.9480996042450126	0.31733289714158097	0.03381599485218848	73.0	0.0	0.0	4.0
0.6299528054478761	0.8648239539162653	0.03331342117128917	57.0	0.0	0.0	4.0
0.7039732419709703	0.6691275686004786	0.03369214306711496	54.0	0.0	0.0	4.0
0.7473723154642563	0.16509912933976886	0.035163453620373715	16.0	0.0	2.794882837520163e-05	4.0
0.7491407151263073	0.8994536808492458	0.037286977492994054	71.0	0.0	0.0	4.0
0.7328138804152675	0.2497474834089676	0.03525614739317045	27.0	0.0	0.00010755975273468721	4.0
0.7447476057301103	0.5260680014924937	0.03843085083205141	85.0	0.0	0.0	4.0
0.1673459096566408	0.2787169348759589	0.03322108838435057	7.0	0.0	0.0	4.0
0.7816120104590826	0.4450094034410138	0.03201172343829887	75.0	0.0	0.0	4.0
0.8817436291991941	0.8826870938986108	0.041289215638423846	63.0	0.0	0.0	4.0
0.6853707414829658	0.48296593186372744	0.04048096192384769	-2.0	-1.0	1.0537809157537765	4.0
0.5890815425695505	0.44067811471542134	0.03166292366442784	14.0	0.0	0.0	4.0
0.4859370087995793	0.24363499856688714	0.03261939037877865	66.0	0.0	0.0	4.0
0.6248890625554343	0.2650816006261661	0.03215281094583968	25.0	0.0	0.0	4.0
0.09657102935063659	0.039461040322382776	0.03114019718515592	84.0	0.0	0.0	4.0
0.4142799942591263	0.9224589708289656	0.03474183026726725	81.0	0.0	0.0	4.0
0.6732955791362855	0.5933978301840451	0.03372751358689258	30.0	0.0	0.0	4.0
0.7274346035450121	0.819847525219472	0.03234882753462565	49.0	0.0	0.0	4.0
0.5792094479679789	0.8123425233291627	0.03213020649259446	17.0	0.0	0.0	4.0
0.5216629198632557	0.0373854439248324	0.032385333083499904	10.0	0.0	0.0	4.0
0.2771345573350398	0.40103577288490816	0.03207295766975825	61.0	0.0	0.0	4.0
0.808857941029818	0.12958576969574126	0.034312354656413364	43.0	0.0	0.0	4.0
0.5670628933445775	0.18083853875012504	0.0351736669856349	22.0	0.0	3.3522142871333926e-05	4.0
0.498089134566981	0.5584989756302214	0.03330297712800485	37.0	0.0	0.0	4.0
0.5769233659763533	0.5269860454350869	0.03453466781248416	15.0	0.0	0.0	4.0
0.2299353080373807	0.6931463382520922	0.03381894412119332	47.0	0.0	0.0	4.0
0.6442442906837258	0.037290362015472374	0.03226326623766799	18.0	0.0	0.0	4.0
0.2802483993480079	0.6311006021335315	0.027351417909713484	44.0	0.0	0.0	4.0
0.16278778761786913	0.774067356477328	0.03186374037934099	26.0	0.0	0.0	4.0
0.2402557447645787	0.46369681501762006	0.034410648331509766	2.0	0.0	0.0	4.0
0.15396412615153143	0.8701033801104769	0.03246839241853836	40.0	0.0	0.0	4.0
0.6556312506032469	0.18519442260828728	0.03226352568459331	45.0	0.0	0.0	4.0
0.7787011797647544	0.36789329617385347	0.03462117026533285	39.0	0.0	0.0	4.0
0.6543451081680893	0.36602028910011974	0.03149062937297772	12.0	0.0	0.0	4.0
0.3327441539781826	0.4760151503248652	0.03551644155321985	6.0	0.0	0.0008815430174706762	4.0
0.6471631625937881	0.7674311260279946	0.033039583814229084	72.0	0.0	0.0	4.0
0.6207398723536023	0.6711050381158018	0.03329036698706843	23.0	0.0	0.0	4.0
0.710146666960916	0.33017782984634186	0.033810594665988895	33.0	0.0	0.0	4.0
0.8161543943982543	0.7701790791325521	0.03416202716326588	36.0	0.0	0.0	4.0
0.41642297352180146	0.6280376537380329	0.03291360189796254	77.0	0.0	0.0	4.0
0.44804603735900506	0.8172993429931591	0.040740006137372026	34.0	0.0	0.0	4.0
0.6036023957184905	0.9666066174108973	0.03144558883391046	46.0	0.0	0.0	4.0
0.4613707646200969	0.09941874289483389	0.041561480925821966	21.0	0.0	0.0	4.0
0.9641850026876935	0.8813049830618697	0.03399527097084212	9.0	0.0	0.0	4.0
0.1060678523239796	0.954175815430672	0.032777292344985415	56.0	0.0	0.0	4.0
0.17730287803320738	0.4243909582323995	0.0322845879232118	29.0	0.0	0.0	4.0
0.847004246698969	0.41435203611668364	0.029540023028476744	41.0	0.0	0.0	4.0
0.3129872971222808	0.807494941508963	0.034244495268982725	13.0	0.0	0.0	4.0
0.9145804663528336	0.44719587991457366	0.031423353414235605	24.0	0.0	0.0	4.0
0.3037348683321083	0.28070107683864653	0.033968051824672385	86.0	0.0	0.0	4.0
0.8177012418575164	0.2720283399302885	0.03297609222862007	68.0	0.0	0.0	4.0
0.5213470000281029	0.9554409936851639	0.03256812819214898	55.0	0.0	0.0	4.0
0.2843916519706944	0.527350294748877	0.03189214247371943	58.0	0.0	0.0	4.0
0.8185257797251011	0.044268014774447785	0.03363573106008041	74.0	0.0	0.0	4.0
0.6966528877969702	0.43218447262569715	0.033650628992647154	51.0	0.0	0.0	4.0
0.49555399492220104	0.4792383703818808	0.033949150599797716	59.0	0.0	0.0	4.0
0.5240939540831787	0.4119683280031542	0.031058332182661463	64.0	0.0	0.0	5.0
0.4945548484529824	0.635360147260791	0.03510947194424876	82.0	0.0	8.396310064995305e-06	5.0
0.7485555407350062	0.16474248856541682	0.03519861707399408	16.0	0.0	5.014523983959407e-05	5.0
0.6042664628513905	0.9657958241490755	0.03147703442274437	46.0	0.0	0.0	5.0
0.28118642557614953	0.6300124117479942	0.027378769327623197	44.0	0.0	0.0	5.0
0.2322554900424802	0.46448000382015503	0.03444505897984127	2.0	0.0	0.0	5.0
0.8103240550826276	0.27083355234045653	0.03300906832084869	68.0	0.0	0.0	5.0
0.3106588501320237	0.8188957337762058	0.034278739764251706	13.0	0.0	0.0	5.0
0.7514133326246059	0.9003143123026124	0.035733353430785965	71.0	0.0	0.0	5.0
0.396099408475957	0.17107809670739163	0.03179843910675811	19.0	0.0	0.0	5.0
0.9141221214053479	0.4486661338260005	0.031454776767649836	24.0	0.0	0.0	5.0
0.09742905363803825	0.03829864105096342	0.031171337382341072	84.0	0.0	0.0	5.0
0.8447502070659298	0.4155483063572245	0.029569563051505217	41.0	0.0	0.0	5.0
0.7139684741547362	0.3274486339415067	0.03384440526065488	33.0	0.0	0.0	5.0
0.6967347435869473	0.4311865761665111	0.0336842796216398	51.0	0.0	0.0	5.0
0.274388390352155	0.397595363415027	0.032105030627428005	61.0	0.0	0.0	5.0
0.5891651414808132	0.4417825561005874	0.031694586588092266	14.0	0.0	0.0	5.0
0.8861030323673817	0.10659202300766465	0.03100029489354112	20.0	0.0	0.0	5.0
0.5669670336558725	0.7237107523665856	0.031857512477064566	11.0	0.0	0.0	5.0
0.6281298202964156	0.27062735923942527	0.03218496375678552	25.0	0.0	0.0	5.0
0.7372336341410088	0.5213866257987277	0.036893616798769346	85.0	0.0	0.0	5.0
0.8422647021428896	0.34006677213181596	0.03072436488360095	70.0	0.0	0.0	5.0
0.6885339161577773	0.10818929693471135	0.03061210770882243	5.0	0.0	0.0	5.0
0.34423266297884647	0.9210409740963089	0.034873742844465296	76.0	0.0	0.0	5.0
0.23497494112379563	0.33069045315505974	0.036805938793098465	35.0	0.0	0.03769546068734542	5.0
0.7267338028251862	0.8209802943096297	0.03238117636216027	49.0	0.0	0.0	5.0
0.33058334198088213	0.4761992477005326	0.035551957994773065	6.0	0.0	0.0010762125660193078	5.0
0.5614367578313539	0.17937207355960183	0.03520884065262053	22.0	0.0	5.8294166763062094e-05	5.0
0.13275578803336885	0.20045236722171692	0.03331583169432659	53.0	0.0	0.0	5.0
0.6732955791362855	0.6080256933131803	0.03376124110047946	30.0	0.0	0.0	5.0
0.3862083151447764	0.09745116146372335	0.03435733763167487	42.0	0.0	0.0	5.0
0.7703861506103925	0.44067720841240265	0.03204373516173716	75.0	0.0	0.0	5.0
0.8495436230760608	0.9836654058162293	0.029439053851807798	32.0	0.0	0.0	5.0
0.4351261767832987	0.380887142117316	0.03506460100521148	38.0	0.0	1.7254318152026826e-06	5.0
0.9609710239062674	0.8835096714798708	0.03402926624181296	9.0	0.0	0.0	5.0
0.3730130877785469	0.24747999417821215	0.03251938496208645	65.0	0.0	0.0	5.0
0.2627821446984191	0.9741767992665123	0.03587619687573395	3.0	0.0	0.0043051181504552005	5.0
0.6212713527904999	0.6697406346712342	0.03332365735405549	23.0	0.0	0.0	5.0
0.7298957085974263	0.24534647061975512	0.035291403540563614	27.0	0.0	0.00015836691126480673	5.0
0.7821572305543982	0.37039430448637684	0.03465579143559818	39.0	0.0	0.0	5.0
0.23080147307137364	0.16473275944510463	0.037028952628692914	67.0	0.0	0.05345590619035079	5.0
0.7679364433108358	0.7036536139233737	0.03201128764265523	78.0	0.0	0.0	5.0
0.043313449191519374	0.09058858682196395	0.02866188612346265	48.0	0.0	0.0	5.0
0.7008322028316215	0.6717838739111645	0.03372583521018207	54.0	0.0	0.0	5.0
0.8122545067827762	0.7737382652936381	0.03419618919042914	36.0	0.0	0.0	5.0
0.5751049191278528	0.51972942738735	0.03456920248029664	15.0	0.0	0.0	5.0
0.16549885333199754	0.27854784942598443	0.033254309472734916	7.0	0.0	0.0	5.0
0.15407347119897857	0.8687703646242471	0.0325008608109569	40.0	0.0	0.0	5.0
0.8726276871445928	0.8889403436036483	0.03963764701288689	63.0	0.0	0.0	5.0
0.4989872336223545	0.5560098196234777	0.03333628010513285	37.0	0.0	0.0	5.0
0.6537900569248127	0.36184656611210964	0.03152212000235069	12.0	0.0	0.0	5.0
0.8242730331989416	0.4956096288930337	0.03254793250699536	62.0	0.0	0.0	5.0
0.6542143539959139	0.1849923587906307	0.0322957892102779	45.0	0.0	0.0	5.0
0.18097887236754714	0.07986572680803242	0.028221386537903157	83.0	0.0	0.0	5.0
0.16914799766811162	0.5399036959713872	0.029719347701620907	79.0	0.0	0.0	5.0
0.181896758588269	0.9355301978126724	0.03488772928515176	50.0	0.0	0.0	5.0
0.8220820733272456	0.04615542089655541	0.033669366791140486	74.0	0.0	0.0	5.0
0.6466638452561266	0.7683108284241909	0.03307262339804331	72.0	0.0	0.0	5.0
0.5204352188118782	0.9549789458495296	0.03260069632034113	55.0	0.0	0.0	5.0
0.41640706192034105	0.9264365519709997	0.034776572097534514	81.0	0.0	0.0	5.0
0.8382591425410957	0.658291264050977	0.03099279790430522	8.0	0.0	0.0	5.0
0.5718135974501942	0.6023723451571534	0.03263564822116538	60.0	0.0	0.0	5.0
0.8954467807769348	0.24714592615623776	0.03456361800888057	69.0	0.0	0.0	5.0
0.41874826801578824	0.6285970689358392	0.032946515499860496	77.0	0.0	0.0	5.0
0.455272354842642	0.8133435016032926	0.03911040589187715	34.0	0.0	0.0	5.0
0.6301307156455709	0.8626550669458702	0.03334673459246046	57.0	0.0	0.0	5.0
0.46264491840881683	0.09922063546913372	0.03989902168878908	21.0	0.0	0.0	5.0
0.4960235945481267	0.48074472643665817	0.03398309975039751	59.0	0.0	0.0	5.0
0.05685794924908835	0.4056361782618702	0.03129439288685504	28.0	0.0	0.0	5.0
0.37519801509052797	0.8418400099712883	0.0332192286495875	80.0	0.0	0.0	5.0
0.3056777243517281	0.279557516573965	0.03400201987649706	86.0	0.0	0.0	5.0
0.06189910673372334	0.6084039364062807	0.034857663931094726	52.0	0.0	0.0	5.0
0.8096884873113649	0.13104903463552978	0.034346667011069774	43.0	0.0	0.0	5.0
0.6437553085345813	0.03893133277157981	0.03229552950390565	18.0	0.0	0.0	5.0
0.23603909754366284	0.6956353062841099	0.03385276306531451	47.0	0.0	0.0	5.0
0.16622861024104654	0.6188827663395877	0.03396468310236336	1.0	0.0	0.0	5.0
0.582361174902263	0.8163424118722513	0.03216233669908705	17.0	0.0	0.0	5.0
0.5215719480890169	0.03627641533413345	0.0324177184165834	10.0	0.0	0.0	5.0
0.16185050750306523	0.7749446383356497	0.031895604119720325	26.0	0.0	0.0	5.0
0.09704025036914983	0.9574333719289301	0.032810069637330394	56.0	0.0	0.0	5.0
0.28293235146730367	0.5316474036366081	0.03192403461619315	58.0	0.0	0.0	5.0
0.10705626849136245	0.12905868678187832	0.035644757964323884	4.0	0.0	0.0017154186218562018	5.0
0.942528337364468	0.31859923171574633	0.03384981084704067	73.0	0.0	0.0	5.0
0.10053095702808659	0.4864168372957655	0.03523673640463662	31.0	0.0	8.491318220649191e-05	5.0
0.1762589389218266	0.4251464159945236	0.03231687251113501	29.0	0.0	0.0	5.0
0.48514754680439004	0.2403074543790588	0.03265200976915743	66.0	0.0	0.0	5.0
0.5034847560702684	0.48077717496285327	0.03401708285014791	59.0	0.0	0.0	6.0
0.851172195182564	0.42219660806472287	0.029599132614556718	41.0	0.0	0.0	6.0
0.9590209881551911	0.8812474637802215	0.03406329550805477	9.0	0.0	0.0	6.0
0.3879360019190464	0.0988753057900257	0.03439169496930654	42.0	0.0	0.0	6.0
0.4618343440995195	0.10839315780526756	0.038236562451756204	21.0	0.0	0.0	6.0
0.8901769412109127	0.09613358489202345	0.031031295188434657	20.0	0.0	0.0	6.0
0.49605192699981526	0.555675860619951	0.03336961638523798	37.0	0.0	0.0	6.0
0.15483090822690834	0.8694616305409885	0.03253336167176785	40.0	0.0	0.0	6.0
0.23439662442234604	0.32930966572561626	0.03684274473189156	35.0	0.0	0.040047509112113744	6.0
0.3072738165574699	0.2799842908092519	0.03403602189637355	86.0	0.0	0.0	6.0
0.6230335732414748	0.6662901417108714	0.03335698101140955	23.0	0.0	0.0	6.0
0.16481140665917438	0.2803460369485813	0.033287563782207645	7.0	0.0	0.0	6.0
0.7843030505476912	0.3727091183141513	0.03469044722703377	39.0	0.0	0.0	6.0
0.16850932909416208	0.5388263995818502	0.029749067049322526	79.0	0.0	0.0	6.0
0.28027454609335684	0.6312978918069171	0.027406148096950817	44.0	0.0	0.0	6.0
0.8220820733272456	0.05437409308129467	0.033703036157931625	74.0	0.0	0.0	6.0
0.10077096648197513	0.9622926959252974	0.03284287970696772	56.0	0.0	0.0	6.0
0.5868468611659706	0.8065823345152199	0.03219449903578613	17.0	0.0	0.0	6.0
0.16788825156771617	0.6204361687901592	0.03399864778546572	1.0	0.0	0.0	6.0
0.0742197427256767	0.6064883046348546	0.034892521595025816	52.0	0.0	0.0	6.0
0.7095269900305485	0.326445905114542	0.03387824966591553	33.0	0.0	0.0	6.0
0.3771694737132699	0.84298375522164	0.033252447878237085	80.0	0.0	0.0	6.0
0.8744442709892627	0.888212892071558	0.037986078387349936	63.0	0.0	0.0	6.0
0.45256018195267067	0.8092531641179046	0.037480805646382266	34.0	0.0	0.0	6.0
0.2482820514569471	0.9744963637200739	0.03591207307260968	3.0	0.0	0.0048558904046274165	6.0
0.2767117221922846	0.531077947315186	0.03195595865080934	58.0	0.0	0.0	6.0
0.5885719409908573	0.4373219688099215	0.031726281174680356	14.0	0.0	0.0	6.0
0.09593104500361221	0.03927168272339581	0.03120250871972341	84.0	0.0	0.0	6.0
0.05563356765512853	0.40767211670805176	0.03132568727974189	28.0	0.0	0.0	6.0
0.8509704486105134	0.9834802254756391	0.029468492905659602	32.0	0.0	0.0	6.0
0.3130556323408378	0.8190999353982074	0.034313018504015955	13.0	0.0	0.0	6.0
0.03934640201940823	0.09102743773067948	0.02869054800958611	48.0	0.0	0.0	6.0
0.811366734081891	0.13085267738089698	0.03438101367808084	43.0	0.0	0.0	6.0
0.17202575631158037	0.4314442004300129	0.03234918938364614	29.0	0.0	0.0	6.0
0.7677880443026259	0.44027325077645346	0.032075778896898895	75.0	0.0	0.0	6.0
0.10579995727233696	0.12803631601133914	0.0356804027222882	4.0	0.0	0.0020159423186072445	6.0
0.3371520248537464	0.9245732601933146	0.03490861658730976	76.0	0.0	0.0	6.0
0.3226452905811623	0.34669338677354705	0.08997995991983966	-2.0	-1.0	1063.6364961874617	6.0
0.17710945868186306	0.08594770157849337	0.028249607924441058	83.0	0.0	0.0	6.0
0.23580092084286197	0.1707590394885727	0.0370659815813216	67.0	0.0	0.056436400932312836	6.0
0.6386777399660946	0.038010361635908006	0.03232782503340955	18.0	0.0	0.0	6.0
0.167746752318465	0.7682761521038627	0.03192749972384004	26.0	0.0	0.0	6.0
0.5741024003491154	0.6152213509732685	0.03266828386938654	60.0	0.0	0.0	6.0
0.7004391551362809	0.6734882542488658	0.033759561045392246	54.0	0.0	0.0	6.0
0.3716427538910295	0.24931218478689002	0.032551904347048535	65.0	0.0	0.0	6.0
0.897168223796257	0.25036499596562606	0.03459818162688944	69.0	0.0	0.0	6.0
0.522905789752553	0.41519759437975096	0.03108939051484412	64.0	0.0	0.0	6.0
0.1449999162476578	0.19282399605554654	0.03334914752602092	53.0	0.0	0.0	6.0
0.726756887310264	0.8197582190181726	0.03241355753852243	49.0	0.0	0.0	6.0
0.3285195221708032	0.4785039654483235	0.03558750995276783	6.0	0.0	0.0012978534581122858	6.0
0.1835776696385415	0.9361187982894332	0.03492261701443691	50.0	0.0	0.0	6.0
0.6882457024334668	0.1070391632834799	0.03064271981653125	5.0	0.0	0.0	6.0
0.4182311300872669	0.6259811059380666	0.03297946201536035	77.0	0.0	0.0	6.0
0.728084629851251	0.24354108399303342	0.035326694944104176	27.0	0.0	0.00022315530429750652	6.0
0.5759390821264786	0.5206609574841611	0.03460377168277694	15.0	0.0	0.0	6.0
0.7429686795576161	0.15842390648364393	0.03523381569106807	16.0	0.0	8.180897140164234e-05	6.0
0.5161021023066643	0.9522029737083086	0.03263329701666146	55.0	0.0	0.0	6.0
0.27542770379230097	0.399728922717492	0.03213713565805543	61.0	0.0	0.0	6.0
0.5251118853446852	0.03815514077013132	0.03245013613499998	10.0	0.0	0.0	6.0
0.6005401458124899	0.9729800667115185	0.031508511457167106	46.0	0.0	0.0	6.0
0.839999879448933	0.6591324536975434	0.031023790702209522	8.0	0.0	0.0	6.0
0.424685222178288	0.3736278896791061	0.03509966560621668	38.0	0.0	6.336010841323514e-06	6.0
0.811904019381046	0.27568578585336945	0.03304207738916953	68.0	0.0	0.0	6.0
0.6353701016493631	0.8702169506187727	0.03338008132705292	57.0	0.0	0.0	6.0
0.8261600252794832	0.4955799262375531	0.032580480439502346	62.0	0.0	0.0	6.0
0.4934728060742339	0.6452465293192847	0.035144581416193005	82.0	0.0	1.9342713414971513e-05	6.0
0.7632316702107197	0.7051691991358683	0.03204329893029788	78.0	0.0	0.0	6.0
0.627085373596665	0.2707429001854752	0.0322171487205423	25.0	0.0	0.0	6.0
0.24230152059275428	0.4598573450410884	0.03447950403882111	2.0	0.0	0.0	6.0
0.23895226094511343	0.7098990498520088	0.033886615828379825	47.0	0.0	0.0	6.0
0.5617876782752466	0.7156818624146271	0.03188936998954163	11.0	0.0	0.0	6.0
0.38743460012953296	0.18125892348491524	0.031830237545864865	19.0	0.0	0.0	6.0
0.643972597076336	0.3568715392156381	0.03155364212235304	12.0	0.0	0.0	6.0
0.6524861369716813	0.18379078631746862	0.03232808499948817	45.0	0.0	0.0	6.0
0.9147482416750117	0.4503678421523783	0.03148623154441748	24.0	0.0	0.0	6.0
0.7523995157328245	0.9005384691762951	0.03417972936857788	71.0	0.0	0.0	6.0
0.8138271768153594	0.771231623462782	0.03423038537961957	36.0	0.0	0.0	6.0
0.9565131111169162	0.31588035944661835	0.033883660657887706	73.0	0.0	0.0	6.0
0.66737028951406	0.6098524304451335	0.033795002341579936	30.0	0.0	0.0	6.0
0.48398107795870965	0.2410240363850646	0.03268466177892658	66.0	0.0	0.0	6.0
0.8454953670948961	0.33035879974617904	0.030755089248484548	70.0	0.0	0.0	6.0
0.6948026350891601	0.4298432446557394	0.03371796390126144	51.0	0.0	0.0	6.0
0.645455732051921	0.7684137575409679	0.033105696021441346	72.0	0.0	0.0	6.0
0.5614097632660785	0.18044377841347384	0.03524404949327315	22.0	0.0	9.302800440025294e-05	6.0
0.7370345776883038	0.5203085100882908	0.03535638276548729	85.0	0.0	0.0	6.0
0.09893885745318091	0.4878698480829444	0.03527197314104125	31.0	0.0	0.00012875319801253227	6.0
0.40723397080153984	0.91729229136579	0.03481134866963204	81.0	0.0	0.0	6.0
0.6398082353753478	0.043545614692515305	0.03236015285844296	18.0	0.0	0.0	7.0
0.16669645818920245	0.7672024557297152	0.03195942722356388	26.0	0.0	0.0	7.0
0.5833676237030324	0.8081043472987518	0.03222669353482192	17.0	0.0	0.0	7.0
0.15310822636988908	0.8712450204388664	0.03256589503343962	40.0	0.0	0.0	7.0
0.5224095086531011	0.9503881449075506	0.03266593031367812	55.0	0.0	0.0	7.0
0.622560194351787	0.662351671262197	0.03339033799242096	23.0	0.0	0.0	7.0
0.8455107942381229	0.9880973309176606	0.029497961398565257	32.0	0.0	0.0	7.0
0.0736533918521472	0.6055856112782583	0.034927414116620835	52.0	0.0	0.0	7.0
0.2384291222109983	0.7070656622359678	0.0339205024442082	47.0	0.0	0.0	7.0
0.9134684917422217	0.4489919127041766	0.03151771777596189	24.0	0.0	0.0	7.0
0.7091016370132197	0.32539333145058325	0.033912127915581444	33.0	0.0	0.0	7.0
0.8529682164127297	0.33779073793535874	0.03078584433773303	70.0	0.0	0.0	7.0
0.24480181249603253	0.4619934367370658	0.03451398354285992	2.0	0.0	0.0	7.0
0.7818298992934589	0.3686547042651551	0.0347251376742608	39.0	0.0	0.0	7.0
0.5250357267156635	0.4050936470080833	0.03112047990535896	64.0	0.0	0.0	7.0
0.09535914896502355	0.4836097732382882	0.03530724511418229	31.0	0.0	0.0001856243433593363	7.0
0.8879367443394487	0.2535975603589675	0.034632779808516326	69.0	0.0	0.0	7.0
0.03468476660628963	0.09573330525369955	0.028719238557595693	48.0	0.0	0.0	7.0
0.6450373427788236	0.3595548552822154	0.03158519576447539	12.0	0.0	0.0	7.0
0.1668981008256966	0.541505598283894	0.029778816116371846	79.0	0.0	0.0	7.0
0.6902572797395267	0.10912162942881623	0.030673362536347778	5.0	0.0	0.0	7.0
0.16762332366958468	0.6184440362222378	0.034032646433251185	1.0	0.0	0.0	7.0
0.04530964043650301	0.41001871870332973	0.031357012967021626	28.0	0.0	0.0	7.0
0.6965588029444639	0.671990779427228	0.03379332060643764	54.0	0.0	0.0	7.0
0.50380206438702	0.48436786071425403	0.03405109993299805	59.0	0.0	0.0	7.0
0.846942397755481	0.6510785406555073	0.03105481449291173	8.0	0.0	0.0	7.0
0.6019927258663432	0.9735511677304617	0.03154001996862427	46.0	0.0	0.0	7.0
0.8160081552567003	0.05460975677584959	0.03373673919408955	74.0	0.0	0.0	7.0
0.3820952258403973	0.24690869321056313	0.03258445625139558	65.0	0.0	0.0	7.0
0.24620380778251932	0.9713620804903007	0.03594798514568228	3.0	0.0	0.005452360599832673	7.0
0.7311024077341893	0.24578336469636852	0.03536202163904827	27.0	0.0	0.00030365718727409785	7.0
0.1493620800312831	0.19453903831777278	0.03338249667354693	53.0	0.0	0.0	7.0
0.39330605026166393	0.09672486836006713	0.034426086664275844	42.0	0.0	0.0	7.0
0.5866989413079707	0.5247356745240148	0.03463837545445971	15.0	0.0	0.0	7.0
0.526182571005679	0.037662467126979945	0.032482586271134976	10.0	0.0	0.0	7.0
0.6648891910969481	0.6093375607014921	0.03382879734392151	30.0	0.0	0.0	7.0
0.3080220197185496	0.807893760395639	0.03434733152251997	13.0	0.0	0.0	7.0
0.48458788379424755	0.24000048557571058	0.0327173464407055	66.0	0.0	0.0	7.0
0.9483948757590644	0.31772561337813604	0.03391754431854559	73.0	0.0	0.0	7.0
0.7506012331230572	0.8978991733354613	0.0326261053063698	71.0	0.0	0.0	7.0
0.23229421480355253	0.32890092238002694	0.03687958747662345	35.0	0.0	0.0424979129078622	7.0
0.33815642920557976	0.9243648293597878	0.03494352520389707	76.0	0.0	0.0	7.0
0.5898139702471944	0.4368063579284548	0.03175800745585503	14.0	0.0	0.0	7.0
0.1826916284563142	0.9374017859191281	0.034957539631451345	50.0	0.0	0.0	7.0
0.6527218474314841	0.18511403047726588	0.03236041308448766	45.0	0.0	0.0	7.0
0.2312812581827611	0.17730351100932842	0.03710304756290292	67.0	0.0	0.05952881790489073	7.0
0.6271221002697235	0.26490943616254436	0.03224936586926284	25.0	0.0	0.0	7.0
0.452917879197713	0.8101888101081032	0.03585120540088739	34.0	0.0	0.0	7.0
0.7459055940501439	0.15984313419855137	0.03526904950675914	16.0	0.0	0.00012464549153889948	7.0
0.27386239827080744	0.5335497572047575	0.03198791460946014	58.0	0.0	0.0	7.0
0.8762795335682091	0.8883925559887045	0.03633450976181299	63.0	0.0	0.0	7.0
0.630971983155691	0.8715124571542784	0.03341346140837997	57.0	0.0	0.0	7.0
0.5000478231896642	0.562320356682288	0.03340298600162321	37.0	0.0	0.0	7.0
0.7655964718458197	0.7100237928822393	0.03207534222922817	78.0	0.0	0.0	7.0
0.8918498178450148	0.09574225214616575	0.031062326483623087	20.0	0.0	0.0	7.0
0.566002076475155	0.7211711909198596	0.03192125935953117	11.0	0.0	0.0	7.0
0.5727272016857241	0.6123525321049161	0.03270095215325593	60.0	0.0	0.0	7.0
0.1656922991028799	0.28082785905600194	0.033320851345989846	7.0	0.0	0.0	7.0
0.9639977398990144	0.8789574224524861	0.03409735880356282	9.0	0.0	0.0	7.0
0.10106746210130174	0.9611095128897006	0.032875722586674684	56.0	0.0	0.0	7.0
0.8051182056838134	0.26764772196669995	0.0330751194665587	68.0	0.0	0.0	7.0
0.46168682775640635	0.1096893028311106	0.03657410321472333	21.0	0.0	0.0	7.0
0.42450930480211063	0.3726029832901477	0.035134765271822896	38.0	0.0	1.5664406646465068e-05	7.0
0.7271779270376069	0.81583933785371	0.03244597109606095	49.0	0.0	0.0	7.0
0.1763207497169154	0.07762081892588439	0.028277857532365495	83.0	0.0	0.0	7.0
0.4162117891248818	0.6233163124239577	0.03301244147737571	77.0	0.0	0.0	7.0
0.0993219131147782	0.038874946340627894	0.03123371122844313	84.0	0.0	0.0	7.0
0.8157586207891238	0.49515403648040374	0.032613060919941844	62.0	0.0	0.0	7.0
0.8149071618417748	0.767984461992733	0.03426461576499918	36.0	0.0	0.0	7.0
0.27918406276527524	0.3881817184079055	0.032169272793713476	61.0	0.0	0.0	7.0
0.10769484925976074	0.12713530403401976	0.035716083125010484	4.0	0.0	0.002350013148472385	7.0
0.30310017574908055	0.28095113291974766	0.03407005791826992	86.0	0.0	0.0	7.0
0.39057998741453653	0.1793538287909753	0.031862067783410726	19.0	0.0	0.0	7.0
0.4999129035938952	0.6429457980963398	0.03517972599760919	82.0	0.0	3.715460792363956e-05	7.0
0.5612095876270216	0.18142389987958404	0.03527929354276642	22.0	0.0	0.0001394320648557823	7.0
0.33283129477237516	0.4834427711761024	0.0356230974627206	6.0	0.0	0.0015482743621078043	7.0
0.849882522654561	0.4236368167251937	0.02962873174717127	41.0	0.0	0.0	7.0
0.6950007746896466	0.4324609052390187	0.0337516818651627	51.0	0.0	0.0	7.0
0.7608601077319453	0.4451550035206495	0.03210785467579579	75.0	0.0	0.0	7.0
0.6472296498451493	0.7673696338999662	0.033138801717462786	72.0	0.0	0.0	7.0
0.3836026112139893	0.8346708862704999	0.03328570032611532	80.0	0.0	0.0	7.0
0.41015026612750827	0.9203994704874283	0.034846160018301674	81.0	0.0	0.0	7.0
0.2820157402696038	0.6336881051260179	0.027433554245047766	44.0	0.0	0.0	7.0
0.7401381829262894	0.522006090340061	0.03381914873220524	85.0	0.0	0.0	7.0
0.16401300859934792	0.42690401373166437	0.032381538573029785	29.0	0.0	0.0	7.0
0.8214025369665547	0.13982443318989898	0.03441539469175892	43.0	0.0	0.0	7.0
0.16682147461527944	0.2806377019534794	0.03335417219733583	7.0	0.0	0.0	8.0
0.1715697758422202	0.9405915706999581	0.03499249717108279	50.0	0.0	0.0	8.0
0.8905809849751801	0.25551109352523155	0.034667412588324835	69.0	0.0	0.0	8.0
0.8202057935910368	0.13943058361411248	0.03444981008645068	43.0	0.0	0.0	8.0
0.5915211034705392	0.43565105554610467	0.03178976546331088	14.0	0.0	0.0	8.0
0.9620756428758831	0.8743682286749971	0.03413145616236638	9.0	0.0	0.0	8.0
0.9511812337534901	0.31968901339585065	0.03395146186286413	73.0	0.0	0.0	8.0
0.6287888846216328	0.26490418929403614	0.032281615235132094	25.0	0.0	0.0	8.0
0.60221055902262	0.9725786516206371	0.03157155998859289	46.0	0.0	0.0	8.0
0.5876910683516515	0.5250415423255664	0.03467301382991417	15.0	0.0	0.0	8.0
0.6878576715128496	0.09698311476197032	0.03070403589888412	5.0	0.0	0.0	8.0
0.8149511759080301	0.4940004563584919	0.03264567398086178	62.0	0.0	0.0	8.0
0.7101597807714514	0.31853613751745424	0.03394604004349702	33.0	0.0	0.0	8.0
0.7271636048551386	0.8169767213619357	0.032478417067157005	49.0	0.0	0.0	8.0
0.27329056780249433	0.5343777677214743	0.032019902524069596	58.0	0.0	0.0	8.0
0.5678952964648611	0.7166509438711322	0.0319531806188907	11.0	0.0	0.0	8.0
0.17111745508788093	0.6191462114373384	0.034066679079684435	1.0	0.0	0.0	8.0
0.3343025166050367	0.481599618317252	0.035658720560183314	6.0	0.0	0.0018292945097329039	8.0
0.1763922508658123	0.07659001531767201	0.028306135389897857	83.0	0.0	0.0	8.0
0.6872401361826028	0.4204305833261679	0.03378543354702786	51.0	0.0	0.0	8.0
0.6352670651727211	0.3631894557555892	0.031616780960239864	12.0	0.0	0.0	8.0
0.10481620701695309	0.9646182888191512	0.03290859830926136	56.0	0.0	0.0	8.0
0.6299248303535784	0.8797847709697936	0.03344687486978835	57.0	0.0	0.0	8.0
0.4261275950585518	0.3726794530878252	0.03516990003709471	38.0	0.0	3.138776519051589e-05	8.0
0.15318802410795362	0.8733564829076985	0.03259846092847305	40.0	0.0	0.0	8.0
0.6573963918869243	0.772930541035875	0.033171940519180244	72.0	0.0	0.0	8.0
0.6521295192827473	0.18641203107587467	0.03239277349757214	45.0	0.0	0.0	8.0
0.6689331370949915	0.6055999656180485	0.03386262614126543	30.0	0.0	0.0	8.0
0.8371818402606548	0.6562586911244702	0.03108586930740464	8.0	0.0	0.0	8.0
0.48402604576097513	0.239052785767959	0.032750063787146205	66.0	0.0	0.0	8.0
0.8784610149137643	0.09553150245364411	0.031093388810106707	20.0	0.0	0.0	8.0
0.5206157343853645	0.0407990644405488	0.032515068857406106	10.0	0.0	0.0	8.0
0.4228117161337214	0.6220331770053771	0.033045453918853086	77.0	0.0	0.0	8.0
0.5612523498794894	0.18312159395484118	0.035314572836309184	22.0	0.0	0.00019922490497492618	8.0
0.26998662098113524	0.6313494445631522	0.02746098779929281	44.0	0.0	0.0	8.0
0.767215321338455	0.7107319680639138	0.032107417571457395	78.0	0.0	0.0	8.0
0.3075110174947754	0.8088210561453975	0.03438167885404248	13.0	0.0	0.0	8.0
0.6138931256444832	0.6660138204508255	0.03342372833041338	23.0	0.0	0.0	8.0
0.06968451731239532	0.5988909743623387	0.034962341530737455	52.0	0.0	0.0	8.0
0.4495789716632407	0.8175055381543507	0.03422160515539251	34.0	0.0	0.0	8.0
0.503036702669569	0.4864480080443772	0.03408515103293104	59.0	0.0	0.0	8.0
0.8793753866590287	0.8903485062839283	0.034682941136276034	63.0	0.0	0.0	8.0
0.4601690901227349	0.11844149128575673	0.03491164397769045	21.0	0.0	0.0	8.0
0.3865080815940935	0.8377555445074338	0.03331898602644143	80.0	0.0	0.0	8.0
0.2506005806592171	0.9759685304638921	0.03598393313082796	3.0	0.0	0.006096445937714634	8.0
0.6416720548253312	0.04310961506870774	0.032392513011301395	18.0	0.0	0.0	8.0
0.09975990883547263	0.03729676378572553	0.03126494493967157	84.0	0.0	0.0	8.0
0.4989510662910756	0.5617114612537388	0.033436388987624834	37.0	0.0	0.0	8.0
0.8263531181006647	0.04920264658081141	0.03377047593328364	74.0	0.0	0.0	8.0
0.9154197801461538	0.4431250271759279	0.03154923549373785	24.0	0.0	0.0	8.0
0.23209685336733574	0.33113427984179905	0.03691646706410007	35.0	0.0	0.045048885794699345	8.0
0.7313840005544217	0.24281041716552929	0.035397383660687315	27.0	0.0	0.00040161506238689526	8.0
0.8138450236197329	0.7689058748730117	0.034298880380764174	36.0	0.0	0.0	8.0
0.7414115697583127	0.915098357889816	0.032281914698923185	87.0	71.0	0.0	8.0
0.23725977309795038	0.708439603849726	0.03395442294665241	47.0	0.0	0.0	8.0
0.10279848374385257	0.48632041675867954	0.03534255235929647	31.0	0.0	0.0002572532458202659	8.0
0.41015026612750827	0.921705338230641	0.03488100617831997	81.0	0.0	0.0	8.0
0.8501920286189161	0.42233226403099955	0.029658360478918438	41.0	0.0	0.0	8.0
0.10985649038670518	0.12762663947974157	0.03575179920813549	4.0	0.0	0.002719478100104311	8.0
0.7407346698704683	0.521081433180889	0.032281914698923185	85.0	0.0	0.0	8.0
0.7476397181168781	0.16003497006273315	0.035304318556265896	16.0	0.0	0.00018037040427998363	8.0
0.5189649214052713	0.9587599639717336	0.032698596243991795	55.0	0.0	0.0	8.0
0.8117190338796315	0.2667910344572853	0.03310819458602526	68.0	0.0	0.0	8.0
0.04053972919988222	0.09276628559377424	0.028747957796153287	48.0	0.0	0.0	8.0
0.5047374167875119	0.6505290057621146	0.0352149057236068	82.0	0.0	6.352196450620795e-05	8.0
0.3887789718612612	0.18036859910513983	0.03189392985119413	19.0	0.0	0.0	8.0
0.7582765227183177	0.4464438649569823	0.032139962530471584	75.0	0.0	0.0	8.0
0.8520349842958174	0.3300263293521257	0.03081663018207076	70.0	0.0	0.0	8.0
0.69781372361615	0.6750407729525417	0.03382711392704407	54.0	0.0	0.0	8.0
0.7826845472154381	0.3657191962595111	0.03475986281193506	39.0	0.0	0.0	8.0
0.3840495977882465	0.09577373796206548	0.034460512750940114	42.0	0.0	0.0	8.0
0.8450529008164178	0.987076964102121	0.029527459359963818	32.0	0.0	0.0	8.0
0.16470648695160559	0.7686425198114776	0.03199138665078744	26.0	0.0	0.0	8.0
0.044129539637184204	0.40938285790780315	0.031388369979988645	28.0	0.0	0.0	8.0
0.5734719967137357	0.6105742614625282	0.03273365310540918	60.0	0.0	0.0	8.0
0.27976283664214546	0.3912095429423705	0.032201442066507185	61.0	0.0	0.0	8.0
0.33308447285607606	0.9283354812728288	0.03497846872910096	76.0	0.0	0.0	8.0
0.16891137951115906	0.5411665551172703	0.029808594932488216	79.0	0.0	0.0	8.0
0.5823517322897245	0.8153919650173819	0.03225892022835673	17.0	0.0	0.0	8.0
0.14995571560572143	0.19188875234031177	0.03341587917022047	53.0	0.0	0.0	8.0
0.24579919749802043	0.46009976954414705	0.03454849752640278	2.0	0.0	0.0	8.0
0.16408448524050342	0.42832195215530083	0.03241392011160281	29.0	0.0	0.0	8.0
0.5196220104552638	0.4034618766200087	0.031151600385264315	64.0	0.0	0.0	8.0
0.762268175940907	0.8751796348582346	0.017175485077341335	88.0	71.0	0.0	8.0
0.38059575111553745	0.2493324330437871	0.032617040707646976	65.0	0.0	0.0	8.0
0.2298887326945412	0.1717465569536833	0.03714015061046582	67.0	0.0	0.06273544545727816	8.0
0.30168679231812956	0.2802571228863274	0.034104127976188184	86.0	0.0	0.0	8.0
0.7687369209431534	0.8781188401139125	0.017192660562418676	88.0	0.0	0.0	9.0
0.2344689378757515	0.8557114228456913	0.01723446893787575	-2.0	-1.0	0.0	9.0
0.8226846243683308	0.5008238646155566	0.032678319654842636	62.0	0.0	0.0	9.0
0.14966869573410807	0.19074338282779282	0.03344929504939069	53.0	0.0	0.0	9.0
0.15732690524335724	0.8666438486532647	0.03263105938940152	40.0	0.0	0.0	9.0
0.30670687756960197	0.8135730421243458	0.03441606053289652	13.0	0.0	0.0	9.0
0.23596934688513116	0.46156480862954785	0.03458304602392918	2.0	0.0	0.0	9.0
0.10668261948261304	0.4915136598713343	0.03537789491165576	31.0	0.0	0.00034537675644230603	9.0
0.7353169977997036	0.2377538462573617	0.035432781044348	27.0	0.0	0.0005187817211975698	9.0
0.6698185752089012	0.604967664208816	0.03389648876740669	30.0	0.0	0.0	9.0
0.8254072556798026	0.042897385885409325	0.03380424640921692	74.0	0.0	0.0	9.0
0.3627254509018036	0.1623246492985972	0.09959919839679358	-2.0	-1.0	1725.2870430029986	9.0
0.8381594364258754	0.9858266251568484	0.02955698681932378	32.0	0.0	0.0	9.0
0.3330523871393781	0.4812399188093497	0.035694379280743496	6.0	0.0	0.0021427437397676385	9.0
0.7646378848203326	0.7075029448252573	0.03213952498902885	78.0	0.0	0.0	9.0
0.38059575111553745	0.26121278829061784	0.03264965774835462	65.0	0.0	0.0	9.0
0.6817772113275188	0.4263334089664254	0.03381921898057488	51.0	0.0	0.0	9.0
0.09941871631427113	0.035773509800466216	0.031296209884611244	84.0	0.0	0.0	9.0
0.38597778266329047	0.10029732897235064	0.03449497326369105	42.0	0.0	0.0	9.0
0.5724961681629541	0.610809024553041	0.032766386758514586	60.0	0.0	0.0	9.0
0.32904134011520514	0.9274964630769189	0.035013447197830054	76.0	0.0	1.556234963118186e-08	9.0
0.5068052761856187	0.4804413672219093	0.034119236183963966	59.0	0.0	0.0	9.0
0.48459376347061023	0.23985309963465357	0.032782813850933346	66.0	0.0	0.0	9.0
0.9549348024144414	0.31915371645919166	0.03398541332472699	73.0	0.0	0.0	9.0
0.5764037376625339	0.8157481386687016	0.032291179148585085	17.0	0.0	0.0	9.0
0.5132670122484545	0.39413479963853904	0.031182751985649577	64.0	0.0	0.0	9.0
0.707227644264583	0.32650527914976957	0.03397998608354052	33.0	0.0	0.0	9.0
0.589953680990389	0.4337373098984565	0.03182155522877419	14.0	0.0	0.0	9.0
0.7443838534820852	0.1611292445117672	0.03533962287482216	16.0	0.0	0.0002507094912118646	9.0
0.3013726923062039	0.2830169470487416	0.03413823210416437	86.0	0.0	0.0	9.0
0.43711485027031827	0.8128696652017472	0.018998068884735958	91.0	34.0	0.0	9.0
0.6341727197151225	0.3621256831597816	0.0316483977412001	12.0	0.0	0.0	9.0
0.8630247144279852	0.8698870454553649	0.01859024160979819	93.0	63.0	0.0	9.0
0.4461380489680275	0.13936775326423517	0.02004945809331982	90.0	21.0	0.0	9.0
0.6409050286003756	0.8782188834061625	0.033480321744658134	57.0	0.0	0.0	9.0
0.5662735930208551	0.7161621395949412	0.03198513379950959	11.0	0.0	0.0	9.0
0.2688237391512906	0.6317402814118488	0.027488448787092102	44.0	0.0	0.0	9.0
0.03920290373157146	0.09181164335031083	0.028776705753949437	48.0	0.0	0.0	9.0
0.8797994765242707	0.25103530275979585	0.034702080000913155	69.0	0.0	0.0	9.0
0.38548405509909156	0.847090568479898	0.033352305012467866	80.0	0.0	0.0	9.0
0.6146033586860273	0.6690936177516198	0.033457152058743785	23.0	0.0	0.0	9.0
0.7218382501804605	0.5107424026972183	0.01792125285755839	97.0	85.0	0.0	9.0
0.38495253750281605	0.18360452755314885	0.03192582378104532	19.0	0.0	0.0	9.0
0.4097931813239552	0.9203528305085795	0.034915887184498284	81.0	0.0	0.0	9.0
0.47096016741676955	0.09944983151830666	0.02004945809331982	89.0	21.0	0.0	9.0
0.42195131656102364	0.6356814130871119	0.033078499372771936	77.0	0.0	0.0	9.0
0.5558802307147013	0.18711320619619412	0.03534988740914549	22.0	0.0	0.00027413527148212324	9.0
0.07113002491623166	0.6015940495350406	0.03499730387226819	52.0	0.0	0.0	9.0
0.17275361509515463	0.9498981138992055	0.03502748966825387	50.0	0.0	1.3295003498114966e-07	9.0
0.7894140869737086	0.3618714640100376	0.03479462267474699	39.0	0.0	0.0	9.0
0.76010805962451	0.533488758195855	0.01792125285755839	98.0	85.0	0.0	9.0
0.5175284094467091	0.9568642921553232	0.032731294840235785	55.0	0.0	0.0	9.0
0.5868387537390468	0.5260689131023927	0.034707686843744076	15.0	0.0	0.0	9.0
0.8245494082077612	0.7781920088527341	0.03433317926114494	36.0	0.0	0.0	9.0
0.1585747907623829	0.2691660538704298	0.03338752636953316	7.0	0.0	0.0	9.0
0.10405916261149718	0.9637835142583516	0.03294150690757061	56.0	0.0	0.0	9.0
0.228181148277563	0.17118458902304365	0.03717729076107628	67.0	0.0	0.06605858446317825	9.0
0.7540477932781567	0.44937820677271656	0.03217210249300205	75.0	0.0	0.0	9.0
0.6417786915794248	0.04522505234383551	0.032424905524312694	18.0	0.0	0.0	9.0
0.725106366857996	0.8151228118659494	0.03251089548422416	49.0	0.0	0.0	9.0
0.8934648600041202	0.9081867836516675	0.01859024160979819	94.0	63.0	0.0	9.0
0.11303202088941934	0.1289215389676446	0.03578755100734362	4.0	0.0	0.003126194883776634	9.0
0.043810812585551105	0.4083373412544601	0.03141975834996863	28.0	0.0	0.0	9.0
0.4763809284660372	0.8164064448413697	0.018998068884735958	92.0	34.0	0.0	9.0
0.16161193268577567	0.7580134776203885	0.032023378037438224	26.0	0.0	0.0	9.0
0.8115229441200549	0.2678168675308407	0.03314130278061128	68.0	0.0	0.0	9.0
0.7381942492745603	0.9015927778720284	0.01014366973182702	95.0	87.0	0.0	9.0
0.6029617186408543	0.9732641885338997	0.03160313154858148	46.0	0.0	0.0	9.0
0.17491121529200765	0.6266569411238337	0.034100745758764116	1.0	0.0	0.0	9.0
0.8530854816784997	0.3243366985129751	0.030847446812252825	70.0	0.0	0.0	9.0
0.8849132320979287	0.10481111991733978	0.03112448219891681	20.0	0.0	0.0	9.0
0.2318148611467832	0.7019598213447334	0.03398837736959905	47.0	0.0	0.0	9.0
0.28022878458255523	0.3880142558556047	0.03223364350857369	61.0	0.0	0.0	9.0
0.9126811143747177	0.4415591470432883	0.031580784729231585	24.0	0.0	0.0	9.0
0.2692857018513575	0.5351302450504148	0.03205192242659366	58.0	0.0	0.0	9.0
0.6482251856622476	0.18963040066487347	0.032425166271069714	45.0	0.0	0.0	9.0
0.522701854488191	0.04019882550928215	0.03254758392626351	10.0	0.0	0.0	9.0
0.8132711497529289	0.13302127678180423	0.034484259896537126	43.0	0.0	0.0	9.0
0.17046573970230133	0.5435518018535707	0.0298384035274207	79.0	0.0	0.0	9.0
0.16680176881148148	0.4268578279939489	0.03244633403171441	29.0	0.0	0.0	9.0
0.6590388435569071	0.7727383718588214	0.03320511245969942	72.0	0.0	0.0	9.0
0.6238501818801678	0.2688718239066359	0.03231389685036722	25.0	0.0	0.0	9.0
0.5066180118983452	0.6463382994675911	0.0352501206293304	82.0	0.0	0.00010014482505482647	9.0
0.4362471871924004	0.37057946714136897	0.0352050699371318	38.0	0.0	5.519325013381149e-05	9.0
0.5065596344109344	0.558552871796233	0.03346982537661245	37.0	0.0	0.0	9.0
0.8297537263065023	0.6616341256526245	0.03111695517671204	8.0	0.0	0.0	9.0
0.6909417996792783	0.09556395999502415	0.030734739934783	5.0	0.0	0.0	9.0
0.6977258326643899	0.6767843349831004	0.033860941040971114	54.0	0.0	0.0	9.0
0.17474877710909156	0.07637671731965331	0.028334441525287753	83.0	0.0	0.0	9.0
0.7371166709567647	0.9391228368123408	0.01014366973182702	96.0	87.0	0.0	9.0
0.23275046715825484	0.3343345738937805	0.03695338353116416	35.0	0.0	0.047702653714864596	9.0
0.8502250393657715	0.42058469990086456	0.029688018839397354	41.0	0.0	0.0	9.0
0.24906717535492176	0.9749587128713587	0.03601991706395879	3.0	0.0	0.006790074630885101	9.0
0.9620756428758831	0.8761889931211625	0.034165587618528746	9.0	0.0	0.0	9.0
0.22902577134737584	0.1706283660645294	0.037214468051837354	67.0	0.0	0.06950054837155051	10.0
0.8944388774378841	0.906757241850023	0.01860883185140799	94.0	0.0	0.0	10.0
0.5747012325717761	0.6119439511811013	0.0327991531452731	60.0	0.0	0.0	10.0
0.6306524904311474	0.35759979924039115	0.0316800461389413	12.0	0.0	0.0	10.0
0.8514955760883182	0.33254915404616336	0.030878294259065076	70.0	0.0	0.0	10.0
0.9634520367614668	0.8766515899517265	0.03419975320614727	9.0	0.0	0.0	10.0
0.8230760743203978	0.4995954654887785	0.032710997974497474	62.0	0.0	0.0	10.0
0.2451826533794684	0.9738937932422598	0.036055936981022746	3.0	0.0	0.00753518594810032	10.0
0.18283358756672918	0.08718642868150302	0.028362775966813036	83.0	0.0	0.0	10.0
0.8588366563157716	0.870457425446318	0.01860883185140799	93.0	0.0	0.0	10.0
0.03961983514064021	0.4094015969028973	0.03145117810831859	28.0	0.0	0.0	10.0
0.2998619608248649	0.2827625345875906	0.03417237033626853	86.0	0.0	0.0	10.0
0.7386768989344206	0.24385092743798711	0.03546821382539234	27.0	0.0	0.0006569202872412916	10.0
0.28092564221031685	0.3891406513609705	0.03226587715208226	61.0	0.0	0.0	10.0
0.6992664835386104	0.3236611465885453	0.034013966069624056	33.0	0.0	0.0	10.0
0.3095133207228646	0.8096691058520701	0.03445047659342941	13.0	0.0	0.0	10.0
0.6380950801130285	0.046411682803635626	0.032457330429837006	18.0	0.0	0.0	10.0
0.07283695378700043	0.6019594900804787	0.03503230117614045	52.0	0.0	2.1569246655417373e-07	10.0
0.48094370288016774	0.23198604290987207	0.03281559666478428	66.0	0.0	0.0	10.0
0.8249550813590913	0.7771881347578782	0.034367512440406076	36.0	0.0	0.0	10.0
0.14041934308738013	0.19658709488688367	0.033482744344440075	53.0	0.0	0.0	10.0
0.5536191593986499	0.19030064723794776	0.035385237296554635	22.0	0.0	0.00036590214334353277	10.0
0.1718417594106361	0.950338756915118	0.03506251715792212	50.0	0.0	1.5637871939588877e-06	10.0
0.3315274451773755	0.9286215273226881	0.03504846064502788	76.0	0.0	7.283624512410825e-07	10.0
0.5782968949543508	0.8169111379677212	0.03232347032773367	17.0	0.0	0.0	10.0
0.10496444410021742	0.964421418538615	0.03297444841447818	56.0	0.0	0.0	10.0
0.7447945175393327	0.1591811455333807	0.03537496249769698	16.0	0.0	0.00033739875391347596	10.0
0.5068535831754049	0.48171957884030625	0.03415335542014793	59.0	0.0	0.0	10.0
0.6134222228505641	0.6689704777265899	0.033490609210802526	23.0	0.0	0.0	10.0
0.23478256310038706	0.3348779298406446	0.03699033691469532	35.0	0.0	0.05046145488228149	10.0
0.2701734196273791	0.5345130440689131	0.03208397434902025	58.0	0.0	0.0	10.0
0.5667829592814054	0.7198161389663617	0.032017118933309094	11.0	0.0	0.0	10.0
0.3862714421669537	0.18718912808024354	0.031957749604826356	19.0	0.0	0.0	10.0
0.7279970393430198	0.5114237130278787	0.017939174110415946	97.0	0.0	0.0	10.0
0.8777643522586236	0.2499054463043894	0.03473678208091406	69.0	0.0	0.0	10.0
0.5228697205365815	0.03842656102589516	0.03258013151018977	10.0	0.0	0.0	10.0
0.6230024723847553	0.2710892186482201	0.03234621074721759	25.0	0.0	0.0	10.0
0.43181573182399596	0.8125188523337004	0.019017066953620692	91.0	0.0	0.0	10.0
0.8322016504949699	0.050295265954574536	0.03383805065562613	74.0	0.0	0.0	10.0
0.805818099297183	0.25953483490684964	0.03317444408339189	68.0	0.0	0.0	10.0
0.5935434477647757	0.43588078156587284	0.03185337678400296	14.0	0.0	0.0	10.0
0.10552645565668729	0.03872499952624533	0.031327506094495854	84.0	0.0	0.0	10.0
0.6479766563885486	0.1912626788042518	0.03245759143734078	45.0	0.0	0.0	10.0
0.17653994976091703	0.6272503972144443	0.03413484650452288	1.0	0.0	0.0	10.0
0.23086282696332827	0.4653590743197404	0.0346176290699531	2.0	0.0	0.0	10.0
0.5907478099999237	0.9666831018424967	0.031634734680130054	46.0	0.0	0.0	10.0
0.7293977099995826	0.9391957342630969	0.011056600007691453	96.0	0.0	0.0	10.0
0.7220813712903454	0.8133932176562029	0.03254340637970838	49.0	0.0	0.0	10.0
0.7571683551679828	0.45442225988612855	0.03220427459549505	75.0	0.0	0.0	10.0
0.771015998414195	0.8783709609422785	0.017209853222981093	88.0	0.0	0.0	10.0
0.44791325287577416	0.14058548734437834	0.020069507551413138	90.0	0.0	0.0	10.0
0.673911388273236	0.605420427852544	0.03393038525617409	30.0	0.0	0.0	10.0
0.7906164258038828	0.3610128602016504	0.034829417297421734	39.0	0.0	0.0	10.0
0.15618224313467152	0.26799124735812313	0.03342091389590269	7.0	0.0	0.0	10.0
0.7420722374519638	0.9034068963899288	0.010955163310373182	95.0	0.0	0.0	10.0
0.6537772349132354	0.8825451463350121	0.03351380206640279	57.0	0.0	0.0	10.0
0.32036333989851606	0.4765257537777291	0.03573007366002424	6.0	0.0	0.0024904625418429305	10.0
0.38257020254197965	0.8445947561154159	0.03338565731748033	80.0	0.0	0.0	10.0
0.503326864544132	0.6441709282653431	0.03528537074995973	82.0	0.0	0.00014873334446008357	10.0
0.6815928813092166	0.42736821081780646	0.03385303819955546	51.0	0.0	0.0	10.0
0.5151669451379833	0.9591888777966606	0.032764026135076015	55.0	0.0	0.0	10.0
0.3792835034755275	0.2601720857415622	0.03268230740610297	65.0	0.0	0.0	10.0
0.913950323612711	0.4416191215585234	0.031612365513960815	24.0	0.0	0.0	10.0
0.38255069279703924	0.09822161297038835	0.03452946823695474	42.0	0.0	0.0	10.0
0.4755872782977844	0.8156729179920321	0.019017066953620692	92.0	0.0	0.0	10.0
0.9569117571775997	0.3084462716111618	0.03401939873805171	73.0	0.0	0.0	10.0
0.6993364274777142	0.10147921295287468	0.030765474674717783	5.0	0.0	0.0	10.0
0.2684485232133289	0.6328926083033991	0.027515937235879192	44.0	0.0	0.0	10.0
0.7657931104968746	0.7097301899544289	0.03217166451401787	78.0	0.0	0.0	10.0
0.6565510703761425	0.7616317086802842	0.033238317572159115	72.0	0.0	0.0	10.0
0.10538927395662184	0.48976151378505234	0.03541327280656741	31.0	0.0	0.0004517419920659904	10.0
0.16050272644008914	0.7543749612286502	0.03205540141547566	26.0	0.0	0.0	10.0
0.16617327817387054	0.4251823045699726	0.03247878036574612	29.0	0.0	0.0	10.0
0.5106466950647975	0.39698785613513726	0.031213934737635222	64.0	0.0	0.0	10.0
0.8143703948016952	0.13369656204557598	0.03451874415643366	43.0	0.0	0.0	10.0
0.5992354900932471	0.5324494007349251	0.03474239453058782	15.0	0.0	0.0	10.0
0.469981279479388	0.09861138119534978	0.020069507551413138	89.0	0.0	0.0	10.0
0.8283388838343585	0.6645385914291289	0.03114807213188875	8.0	0.0	0.0	10.0
0.411457949730032	0.9184700244951585	0.03495080307168278	81.0	0.0	0.0	10.0
0.23257433593573235	0.7140071207003138	0.034022365746968646	47.0	0.0	0.0	10.0
0.4213785212930235	0.6344864978241131	0.03311157787214471	77.0	0.0	0.0	10.0
0.43277528831961126	0.36737058350063073	0.03524027500706893	38.0	0.0	8.877808444651691e-05	10.0
0.8798916185630877	0.10141274303572982	0.03115560668111572	20.0	0.0	0.0	10.0
0.15599063604245914	0.8677453447283711	0.03266369044879092	40.0	0.0	0.0	10.0
0.11432276694479994	0.1302918886634405	0.03582333855835096	4.0	0.0	0.0035720319757359675	10.0
0.8369557294901626	0.9823541018432447	0.0295865438061431	32.0	0.0	0.0	10.0
0.8489999862780784	0.4167403920008811	0.02971770685823675	41.0	0.0	0.0	10.0
0.5076273138791222	0.5574614027098069	0.03350329520198906	37.0	0.0	0.0	10.0
0.17149265313272988	0.5440968082316426	0.029868241930948117	79.0	0.0	0.0	10.0
0.04009060102706591	0.0922544849077842	0.028805482459703383	48.0	0.0	0.0	10.0
0.7647088668643796	0.5357120415642957	0.017939174110415946	98.0	0.0	0.0	10.0
0.6970866856442358	0.6795558805918511	0.03389480198201208	54.0	0.0	0.0	10.0
0.7398951073857237	0.9044929914746489	0.012269782907617965	95.0	0.0	0.0	11.0
0.6545286080959852	0.8815536077977548	0.03354731586846919	57.0	0.0	0.0	11.0
0.769345669692078	0.8773592780882108	0.01722706307620407	88.0	0.0	0.0	11.0
0.10404903729564566	0.48990977622082527	0.03544868607937397	31.0	0.0	0.0005781063780716522	11.0
0.3811526094984622	0.8443743465298321	0.03341904297479781	80.0	0.0	0.0	11.0
0.6985559721083614	0.3224963542937577	0.034047980035693676	33.0	0.0	0.0	11.0
0.7294220087933202	0.24238823693418882	0.035503682039217735	27.0	0.0	0.0008178042588866674	11.0
0.8153775853183457	0.6579704149633636	0.031179220204020634	8.0	0.0	0.0	11.0
0.22724787832595195	0.4624172731419074	0.03465224669902305	2.0	0.0	0.0	11.0
0.22988206525500166	0.3344914761978101	0.03702732725161001	35.0	0.0	0.05332753983239513	11.0
0.39528964571723346	0.1842212272626627	0.03198970735443118	19.0	0.0	0.0	11.0
0.3009867665162601	0.28325458741799653	0.034206542706604795	86.0	0.0	0.0	11.0
0.7899311040112983	0.36200520615563425	0.03486424671471915	39.0	0.0	0.0	11.0
0.8253682694420466	0.7740811556796554	0.03440187995284648	36.0	0.0	0.0	11.0
0.6937588526082531	0.09437475331184905	0.030796240149392497	5.0	0.0	0.0	11.0
0.8530995184019845	0.3324226670300337	0.03090917255332414	70.0	0.0	0.0	11.0
0.1911480352095028	0.09720857356475493	0.028391138742779844	83.0	0.0	0.0	11.0
0.44660169596513305	0.13962372585611288	0.02008957705896455	90.0	0.0	0.0	11.0
0.15301023899517935	0.26862868837630727	0.033454334809798585	7.0	0.0	0.0	11.0
0.2332788663406139	0.7125836554478128	0.03405638811271561	47.0	0.0	0.0	11.0
0.22752138180485476	0.16690562107793724	0.03725168251988919	67.0	0.0	0.07306366325742886	11.0
0.5938768104134576	0.5311958553206875	0.034777136925118406	15.0	0.0	0.0	11.0
0.5203766131744538	0.030248449841666705	0.03261271164169996	10.0	0.0	0.0	11.0
0.3805514092019101	0.09959305867250504	0.03456399770519169	42.0	0.0	0.0	11.0
0.9573056697480756	0.307210144604262	0.034053418136789755	73.0	0.0	0.0	11.0
0.8303571058592885	0.9883762574089616	0.02961613034994924	32.0	0.0	0.0	11.0
0.7652534868543368	0.7019506506549054	0.03220383617853189	78.0	0.0	0.0	11.0
0.698196947476841	0.6786523630333744	0.033928696783994086	54.0	0.0	0.0	11.0
0.27676125515320926	0.39031053199405064	0.03229814302923434	61.0	0.0	0.0	11.0
0.33081586991140904	0.9270878533349282	0.03508350910567291	76.0	0.0	3.727189479718618e-06	11.0
0.7562235119131802	0.45699021321989125	0.03223647887009054	75.0	0.0	0.0	11.0
0.43407302005018206	0.37762242459008283	0.035275515282075995	38.0	0.0	0.00013384959237328076	11.0
0.567276960136614	0.7210610939153107	0.0320491360522424	11.0	0.0	0.0	11.0
0.8219720117378985	0.4940105205374346	0.03274370897247197	62.0	0.0	0.0	11.0
0.1637966905818646	0.42891784358143786	0.03251125914611186	29.0	0.0	0.0	11.0
0.7680984942697007	0.5290750254668813	0.01795711328452636	98.0	0.0	0.0	11.0
0.8925866001369009	0.9095129092119996	0.018627440683259396	94.0	0.0	0.0	11.0
0.48018574175457784	0.8180397053767442	0.01903608402057431	92.0	0.0	0.0	11.0
0.5057409121503751	0.4827096557503467	0.03418750877556807	59.0	0.0	0.0	11.0
0.26049979535425	0.6229344088310725	0.027543453173115066	44.0	0.0	0.0	11.0
0.11156010878221262	0.1334563022858813	0.035859161896909304	4.0	0.0	0.004058868662454529	11.0
0.1776001042932009	0.6269740654918052	0.034168981351027396	1.0	0.0	0.0	11.0
0.8137728996957061	0.13164431149671568	0.03455326290059009	43.0	0.0	0.0	11.0
0.2548899496035501	0.979745676556575	0.03609199291800377	3.0	0.0	0.008333730259764138	11.0
0.6818150160528378	0.4259685589754249	0.03388689123775501	51.0	0.0	0.0	11.0
0.8330368341201237	0.045429430344847296	0.03387188870628175	74.0	0.0	0.0	11.0
0.04128935696619389	0.4100579914425251	0.03148262928642691	28.0	0.0	0.0	11.0
0.2712611957295434	0.5363218308051391	0.032116058323369265	58.0	0.0	0.0	11.0
0.4220315751837328	0.6330312366492366	0.03314468945001685	77.0	0.0	0.0	11.0
0.7224681227282027	0.8118498635206353	0.03257594978608808	49.0	0.0	0.0	11.0
0.4076307954412089	0.9212395858448754	0.03498575387475446	81.0	0.0	0.0	11.0
0.5944897889218124	0.43362129991796977	0.03188523016078696	14.0	0.0	0.0	11.0
0.6296499804232218	0.35795084569732694	0.03171172618508024	12.0	0.0	0.0	11.0
0.16112263446884306	0.7528948704559492	0.03208745681689113	26.0	0.0	0.0	11.0
0.7248752163255573	0.9395237426267008	0.012383392008614429	96.0	0.0	0.0	11.0
0.5158255490720929	0.9568158015534639	0.032796790161211085	55.0	0.0	0.0	11.0
0.9619518774159406	0.867911561359354	0.034233952959353414	9.0	0.0	0.0	11.0
0.8036184436364893	0.26362487465378	0.03320761852747527	68.0	0.0	0.0	11.0
0.16973611876691333	0.5444728689379307	0.029898110172879064	79.0	0.0	0.0	11.0
0.5113686151749832	0.3959564635184787	0.031245148672372856	64.0	0.0	0.0	11.0
0.6251364595535254	0.6765930847449617	0.03352409982001332	23.0	0.0	0.0	11.0
0.10524868630631809	0.037319892102469755	0.031358833600590344	84.0	0.0	0.0	11.0
0.1551972541329702	0.8709980986396604	0.032696354139239714	40.0	0.0	0.0	11.0
0.3232633606555472	0.47391235852278785	0.03576580373368426	6.0	0.0	0.0028743021004657976	11.0
0.46674304527844984	0.09635994342859867	0.02008957705896455	89.0	0.0	0.0	11.0
0.5470708196385268	0.18469177478479107	0.035420622533851184	22.0	0.0	0.00047627477418643593	11.0
0.8876994265709861	0.2517248909034926	0.03477151886299497	69.0	0.0	0.0	11.0
0.1416782689377559	0.19887161838991688	0.03351622708878451	53.0	0.0	0.0	11.0
0.4957193307003658	0.6518506464914635	0.035320656120709684	82.0	0.0	0.00021100783257566036	11.0
0.5925760332870272	0.9750931019707868	0.03166636941481018	46.0	0.0	0.0	11.0
0.912573083265412	0.4441945380971477	0.031643977879474774	24.0	0.0	0.0	11.0
0.5082599626021517	0.5584840114173916	0.033536798497191045	37.0	0.0	0.0	11.0
0.6548329171492997	0.7626871999524906	0.03327155588973127	72.0	0.0	0.0	11.0
0.4805805411029467	0.22949562276520757	0.03284841226144906	66.0	0.0	0.0	11.0
0.6492114820551281	0.18605794824743416	0.03249004902877812	45.0	0.0	0.0	11.0
0.8509780108105626	0.4193168040851617	0.029747424565094983	41.0	0.0	0.0	11.0
0.8800555334960679	0.10240515618907778	0.031186762287796835	20.0	0.0	0.0	11.0
0.637876035064326	0.048142098249162366	0.03248978776026684	18.0	0.0	0.0	11.0
0.10433224112368125	0.9667105171540404	0.033007422862892655	56.0	0.0	0.0	11.0
0.673049616012643	0.6073736239928859	0.03396431564143026	30.0	0.0	0.0	11.0
0.728542187504355	0.5105300125878756	0.01795711328452636	97.0	0.0	0.0	11.0
0.5792459602966888	0.8178221386752283	0.032355793798061395	17.0	0.0	0.0	11.0
0.8575999825465702	0.8705002645908094	0.018627440683259396	93.0	0.0	0.0	11.0
0.06874583537681747	0.6035087807930101	0.03506733347731659	52.0	0.0	1.953768503426545e-06	11.0
0.04114251437480346	0.09207733902380602	0.028834287942163084	48.0	0.0	0.0	11.0
0.6119295937980677	0.2671334217966204	0.0323785569579648	25.0	0.0	0.0	11.0
0.3792536101837187	0.25858955733875305	0.03271498971350907	65.0	0.0	0.0	11.0
0.43152268853520664	0.8108115625511452	0.01903608402057431	91.0	0.0	0.0	11.0
0.5666030871216501	0.6135252220746084	0.032831952298418364	60.0	0.0	0.0	11.0
0.17413428736043302	0.9492828795928212	0.03509757967508004	50.0	0.0	5.946454180616456e-06	11.0
0.7450718507441951	0.159401918796562	0.03541033746019467	16.0	0.0	0.00044218445623300795	11.0
0.308334542389588	0.8081923274311034	0.03448492707002283	13.0	0.0	0.0	11.0
