# x	y	r	id	split_id	s_prob	t
2.0	0.5	0.0	-1.0	0.0	0.0	0.0
0.2363797809835621	0.36066167003429417	0.030482846518705576	1.0	0.0	0.0	0.0
0.18293413039669856	0.24514497302612745	0.03192992231762165	2.0	0.0	0.0	0.0
0.6013419250324993	0.6917701042922679	0.034698401187055514	3.0	0.0	0.0	0.0
0.7148448810688985	0.277671407544086	0.03548296038104483	4.0	0.0	0.0007209655121585001	0.0
0.07998613594510023	0.6148710833784378	0.03191668873640893	5.0	0.0	0.0	0.0
0.08238073779453793	0.9432539201955799	0.03307262176399617	6.0	0.0	0.0	0.0
0.8403620773945619	0.08340985601210499	0.0318365633715486	7.0	0.0	0.0	0.0
0.4130602735892202	0.47439669878763835	0.03131720867681906	8.0	0.0	0.0	0.0
0.5826326465649609	0.5015591065389615	0.03245453235612324	9.0	0.0	0.0	0.0
0.440652186892309	0.693365694704154	0.030338373704306438	10.0	0.0	0.0	0.0
0.6434162452283284	0.2352908572787816	0.03258455380320305	11.0	0.0	0.0	0.0
0.8125344465942533	0.7498812183371016	0.03128285856082627	12.0	0.0	0.0	0.0
0.21974276093938783	0.19091806749020498	0.03252742688762259	13.0	0.0	0.0	0.0
0.7806239265097843	0.10027201158705062	0.02974088892093148	14.0	0.0	0.0	0.0
0.8838474991040458	0.629648217363137	0.0316031045628951	15.0	0.0	0.0	0.0
0.36443069562155195	0.24584397389496965	0.033092766356515785	16.0	0.0	0.0	0.0
0.8609326027832045	0.3501288334758974	0.030907201215893163	17.0	0.0	0.0	0.0
0.6601745251692811	0.38102934521637655	0.030865967101214947	18.0	0.0	0.0	0.0
0.421240864846454	0.5470443188509504	0.033029101790123194	19.0	0.0	0.0	0.0
0.11713405778444919	0.7956050762254886	0.03268209060754063	20.0	0.0	0.0	0.0
0.4762396727222177	0.9172888316113545	0.0334444113043721	21.0	0.0	0.0	0.0
0.7274835962537353	0.46131243471586264	0.03476353862294695	22.0	0.0	0.0	0.0
0.0739836955946896	0.8671501864997705	0.03290931647129618	23.0	0.0	0.0	0.0
0.037707971554140206	0.2729223047414193	0.0349813862443217	24.0	0.0	0.0	0.0
0.8278924846294848	0.6761279445858869	0.03222086034891307	25.0	0.0	0.0	0.0
0.7449017546157047	0.38963674260069064	0.034748337071160526	26.0	0.0	0.0	0.0
0.887117268853119	0.1300897552359963	0.03260270698796357	27.0	0.0	0.0	0.0
0.9081740919001281	0.8420679746481593	0.031004098315418074	28.0	0.0	0.0	0.0
0.2903675722823691	0.310831891898918	0.031297305750194446	29.0	0.0	0.0	0.0
0.4424648498790969	0.1597587310697919	0.032599137810138006	30.0	0.0	0.0	0.0
0.7159627263065498	0.14455294436106952	0.03142176404634394	31.0	0.0	0.0	0.0
0.4999199189400178	0.5465695099062235	0.03253091063226414	32.0	0.0	0.0	0.0
0.5145058112813877	0.660740774606055	0.032123140642534326	33.0	0.0	0.0	0.0
0.7005011009104525	0.7148448810688985	0.033061906375403974	34.0	0.0	0.0	0.0
0.5399278890310454	0.866326625827434	0.031530363481899366	35.0	0.0	0.0	0.0
0.27733016360407536	0.4382205623962349	0.031704955943079434	36.0	0.0	0.0	0.0
0.08027776931575538	0.3702874152857853	0.031722771529166825	37.0	0.0	0.0	0.0
0.19062676989657104	0.13132416912921502	0.032328319656894346	38.0	0.0	0.0	0.0
0.17186263289249454	0.6121436208420198	0.03318469750432998	39.0	0.0	0.0	0.0
0.24960748984277847	0.8607772531156976	0.030275377799436134	40.0	0.0	0.0	0.0
0.5676652237909303	0.7921765654013904	0.03345622185183083	41.0	0.0	0.0	0.0
0.8251085858384403	0.42566592298696726	0.033858595128384725	42.0	0.0	0.0	0.0
0.3732544165081873	0.8079830557608906	0.03398449653008317	43.0	0.0	0.0	0.0
0.40333691811676364	0.4000358022251283	0.033625100239506094	44.0	0.0	0.0	0.0
0.9293002832944283	0.5201867012828039	0.03251692196946177	45.0	0.0	0.0	0.0
0.2834668530855527	0.6868506146087695	0.03576776501745041	46.0	0.0	0.0028964426506519203	0.0
0.40809583900519486	0.8709032262727382	0.03321996880075468	47.0	0.0	0.0	0.0
0.518397457159746	0.7416615135390369	0.03565164241698405	48.0	0.0	0.001770956980152505	0.0
0.702995671372791	0.913163232824805	0.030585693080752308	49.0	0.0	0.0	0.0
0.7195451691860832	0.5904949208525739	0.03376173421471224	50.0	0.0	0.0	0.0
0.9791343086964762	0.6680138220965299	0.03302123169593726	51.0	0.0	0.0	0.0
0.1865822827042388	0.8019906734085631	0.0334057107123756	52.0	0.0	0.0	0.0
0.3120702235036508	0.6075916871436728	0.03079540756358286	53.0	0.0	0.0	0.0
0.913761261553645	0.693419661562749	0.032694096547673565	54.0	0.0	0.0	0.0
0.33881077496281864	0.899693092292184	0.02934939034293985	55.0	0.0	0.0	0.0
0.3026766503875609	0.15420168419398803	0.03275093838719499	56.0	0.0	0.0	0.0
0.9025613083598666	0.762241719853329	0.03332876427641626	57.0	0.0	0.0	0.0
0.8300036589853144	0.8120166193936115	0.03180487253551575	58.0	0.0	0.0	0.0
0.9633882523429811	0.4594077690431854	0.03415190013588004	59.0	0.0	0.0	0.0
0.6474914785857605	0.7560052936974829	0.031870519816604756	60.0	0.0	0.0	0.0
0.33434295246342244	0.39870847503107476	0.030503807145861116	61.0	0.0	0.0	0.0
0.4955985560816138	0.20642926381431392	0.03159341838153129	62.0	0.0	0.0	0.0
0.3632107419701699	0.6774092516295154	0.03562115798803534	63.0	0.0	0.0015338616799738247	0.0
0.4541914556730402	0.6213232875674078	0.03272075350988463	64.0	0.0	0.0	0.0
0.6624008202965987	0.6250947867830238	0.029412148455162962	65.0	0.0	0.0	0.0
0.1385808612806968	0.45186349512298407	0.029084232868774585	66.0	0.0	0.0	0.0
0.3646795705456518	0.12521018356554775	0.031067453994229974	67.0	0.0	0.0	0.0
0.11601164118532202	0.30805769627231366	0.032766486703212	68.0	0.0	0.0	0.0
0.4255863358757287	0.7543790770828196	0.03112511512608053	69.0	0.0	0.0	0.0
0.9310813078360834	0.1979321687835206	0.03126094177806217	70.0	0.0	0.0	0.0
0.38322438565330164	0.9656132964270485	0.0312818195400412	71.0	0.0	0.0	0.0
0.18967867681439993	0.4023625285625455	0.031400491027673776	72.0	0.0	0.0	0.0
0.05702627813321524	0.45898486279347644	0.03371469344730512	73.0	0.0	0.0	0.0
0.5709946359937264	0.1704343547536527	0.03428203205803804	74.0	0.0	0.0	0.0
0.48742992692502535	0.8098927198716465	0.03544255201795709	75.0	0.0	0.0005547188834640338	0.0
0.4996881786922076	0.09120226548428718	0.03291412435578608	76.0	0.0	0.0	0.0
0.9000667378975281	0.9655492125339123	0.03069527475214276	77.0	0.0	0.0	0.0
0.3427361660958222	0.5387609998383375	0.03163584452452179	78.0	0.0	0.0	0.0
0.29285124808400037	0.23497693453858406	0.033894631407152424	79.0	0.0	0.0	0.0
0.17726494643496354	0.8981958100507743	0.0341551873532846	80.0	0.0	0.0	0.0
0.645747657957024	0.16817097053681665	0.030050261823961706	81.0	0.0	0.0	0.0
0.7029604707700519	0.07872245767609877	0.032622654534129616	82.0	0.0	0.0	0.0
0.3352208422256408	0.4718216612885229	0.034374421149895855	83.0	0.0	0.0	0.0
0.9424967176038407	0.594838116534723	0.03443182149558788	84.0	0.0	0.0	0.0
0.9073574165399475	0.39911160337445795	0.031456174824020765	85.0	0.0	0.0	0.0
0.48508261734022473	0.38012893752742544	0.030573911067064193	86.0	0.0	0.0	0.0
0.41989314908732883	0.32304337739568467	0.031227890367648732	87.0	0.0	0.0	0.0
0.13314766941746425	0.5409168988755658	0.033214715997020035	88.0	0.0	0.0	0.0
0.38449362115310265	0.9560692454103425	0.03131310135958124	71.0	0.0	0.0	1.0
0.1859692392705881	0.12001512422398056	0.032360647976551235	38.0	0.0	0.0	1.0
0.9783334874214672	0.6722032757002516	0.03305425292763319	51.0	0.0	0.0	1.0
0.834660558587358	0.8260810108971317	0.03183667740805126	58.0	0.0	0.0	1.0
0.9277292994653829	0.194673805877265	0.03129220271984023	70.0	0.0	0.0	1.0
0.8264529129548419	0.42491958199134194	0.03389245372351311	42.0	0.0	0.0	1.0
0.2900839800797915	0.23432959296865863	0.03392852603855957	79.0	0.0	0.0	1.0
0.9071445697124328	0.8419475190906635	0.03103510241373349	28.0	0.0	0.0	1.0
0.744405670603064	0.3885312721129655	0.03478308540823168	26.0	0.0	0.0	1.0
0.4092826930181397	0.870656934059108	0.03325318876955543	47.0	0.0	0.0	1.0
0.24977812942481478	0.8593575469017863	0.03030565317723557	40.0	0.0	0.0	1.0
0.6588527516600526	0.3804411860758154	0.03089683306831616	18.0	0.0	0.0	1.0
0.7129330624674409	0.27462420477418853	0.03551844334142587	4.0	0.0	0.0008918336957606243	1.0
0.3637220999958651	0.13100713171588027	0.0310985214482242	67.0	0.0	0.0	1.0
0.4898140049050446	0.8088751415387535	0.035477994569975045	75.0	0.0	0.000698954432138521	1.0
0.9458588930102333	0.588045024525276	0.03446625331708346	84.0	0.0	0.0	1.0
0.9079341667526423	0.3981102175672844	0.03148763099884478	85.0	0.0	0.0	1.0
0.8402142548180616	0.0810754833965808	0.03186839993492015	7.0	0.0	0.0	1.0
0.07724264682809043	0.6154224106842098	0.03194860542514534	5.0	0.0	0.0	1.0
0.4448210677531152	0.6157434560780948	0.03275347426339451	64.0	0.0	0.0	1.0
0.4161798620578427	0.32289133534091413	0.031259118258016375	87.0	0.0	0.0	1.0
0.11661943408012543	0.311469756980557	0.03279925318991521	68.0	0.0	0.0	1.0
0.07369982336836117	0.8659536787735453	0.03294222578776747	23.0	0.0	0.0	1.0
0.3603433798963317	0.8000166623944925	0.03401848102661325	43.0	0.0	0.0	1.0
0.29991352901636115	0.15248019655290868	0.032783689325582184	56.0	0.0	0.0	1.0
0.7193960194560197	0.591474498993424	0.03379549594892695	50.0	0.0	0.0	1.0
0.8203397024623106	0.6735261022362878	0.03225308120926198	25.0	0.0	0.0	1.0
0.29136363728285697	0.3107026177504068	0.031328603055944634	29.0	0.0	0.0	1.0
0.5324315785959867	0.8625278482806632	0.031561893845381266	35.0	0.0	0.0	1.0
0.3466601087151126	0.5507397652173585	0.031667480369046305	78.0	0.0	0.0	1.0
0.09239163296814806	0.37772917144468965	0.03175449430069599	37.0	0.0	0.0	1.0
0.5754258409623477	0.8008392429639382	0.03348967807368266	41.0	0.0	0.0	1.0
0.49009575132026006	0.3825514727088589	0.030604484978131254	86.0	0.0	0.0	1.0
0.5017098217744761	0.5469763501980764	0.0325634415428964	32.0	0.0	0.0	1.0
0.33616564273076655	0.8917400454841066	0.029378739733282786	55.0	0.0	0.0	1.0
0.7720285106610928	0.10080754864145829	0.029770629809852407	14.0	0.0	0.0	1.0
0.36482956537378197	0.24098138917691614	0.033125859122872296	16.0	0.0	0.0	1.0
0.7019186796410667	0.7160746412583829	0.03309496828177937	34.0	0.0	0.0	1.0
0.22955329617551254	0.18473967621029552	0.03255995431451021	13.0	0.0	0.0	1.0
0.13301005783183956	0.5397719826674612	0.03324793071301705	88.0	0.0	0.0	1.0
0.060675053159092794	0.46005964327049526	0.033748408140752424	73.0	0.0	0.0	1.0
0.8077485683959957	0.7460873953051388	0.03131414141938709	12.0	0.0	0.0	1.0
0.3142537423532826	0.6122213046364623	0.03082620297114644	53.0	0.0	0.0	1.0
0.3621963167248742	0.6779153133893598	0.035656779146023374	63.0	0.0	0.0018131679675690293	1.0
0.18781642250135866	0.8036407671314697	0.03343911642308797	52.0	0.0	0.0	1.0
0.14183307656408037	0.4551465691782555	0.029113317101643357	66.0	0.0	0.0	1.0
0.5842105663471076	0.5009501682190554	0.03248698688847936	9.0	0.0	0.0	1.0
0.427194045867845	0.7583459357806153	0.03115624024120661	69.0	0.0	0.0	1.0
0.1938924965956226	0.40640734258193056	0.031431891518701446	72.0	0.0	0.0	1.0
0.23773832288802774	0.35958425295243485	0.030513329365224277	1.0	0.0	0.0	1.0
0.8840807047390966	0.6314904988265442	0.03163470766745799	15.0	0.0	0.0	1.0
0.17541545806250383	0.8972876605288024	0.03418934254063788	80.0	0.0	0.0	1.0
0.702995671372791	0.9197535296301756	0.030616278773833057	49.0	0.0	0.0	1.0
0.3376141755085826	0.4654001061864844	0.034408795571045744	83.0	0.0	0.0	1.0
0.8922965756486333	0.134919277173564	0.03263530969495153	27.0	0.0	0.0	1.0
0.4782188479161059	0.9162858787116845	0.03347785571567646	21.0	0.0	0.0	1.0
0.07922066128363349	0.9460658194155888	0.03310569438576016	6.0	0.0	0.0	1.0
0.41106334028911395	0.40505455217070724	0.03365872533974559	44.0	0.0	0.0	1.0
0.5157693787338428	0.661272151150751	0.03215526378317685	33.0	0.0	0.0	1.0
0.3394599328072121	0.3978467576583946	0.030534310953006974	61.0	0.0	0.0	1.0
0.6474914785857605	0.7592427377317948	0.03190239033642136	60.0	0.0	0.0	1.0
0.6455040531417238	0.16916971591568117	0.030080312085785665	81.0	0.0	0.0	1.0
0.18539350346135158	0.2522630466900762	0.03196185223993927	2.0	0.0	0.0	1.0
0.2694790338794837	0.4341536193558707	0.03173666089902251	36.0	0.0	0.0	1.0
0.4421996324536781	0.15841711806290246	0.03263173694794814	30.0	0.0	0.0	1.0
0.5712826768609071	0.1723261351614451	0.03431631409009607	74.0	0.0	0.0	1.0
0.5006742587247599	0.0938822946786306	0.03294703848014186	76.0	0.0	0.0	1.0
0.6479689777110861	0.23924038688144594	0.03261713835700625	11.0	0.0	0.0	1.0
0.2788161059862195	0.685512456050826	0.03580353278246785	46.0	0.0	0.0033204028144240283	1.0
0.5182479168631143	0.7334343364603075	0.03568729405940103	48.0	0.0	0.002077819148837534	1.0
0.7018819562072868	0.07885553361477607	0.03265527718866374	82.0	0.0	0.0	1.0
0.7299669510529153	0.4615240121700564	0.03479830216156989	22.0	0.0	0.0	1.0
0.9635964376222159	0.4579801165595003	0.03418605203601592	59.0	0.0	0.0	1.0
0.8620303588396395	0.3514520567033142	0.030938108417109055	17.0	0.0	0.0	1.0
0.48943732614950364	0.20672040318469434	0.03162501179991282	62.0	0.0	0.0	1.0
0.7066587277624151	0.1441719883388177	0.031453185810390284	31.0	0.0	0.0	1.0
0.6554692570208291	0.6193073753493524	0.029441560603618123	65.0	0.0	0.0	1.0
0.44114694737704957	0.6882135190379959	0.03036871207801074	10.0	0.0	0.0	1.0
0.9278880082588604	0.5197610216808429	0.03254943889143123	45.0	0.0	0.0	1.0
0.037462183431955676	0.2757036623724654	0.035016367630566016	24.0	0.0	2.8063212198503606e-08	1.0
0.8977837946601346	0.9653402246002957	0.030725970026894898	77.0	0.0	0.0	1.0
0.41970699287852864	0.5483087002729348	0.033062130891913316	19.0	0.0	0.0	1.0
0.11466456286272463	0.7890215309200748	0.03271477269814817	20.0	0.0	0.0	1.0
0.41567844548126776	0.47398962132323336	0.03134852588549587	8.0	0.0	0.0	1.0
0.5907417089197411	0.6920037201879243	0.03473309958824256	3.0	0.0	0.0	1.0
0.9137044702867334	0.6945462746517137	0.03272679064422124	54.0	0.0	0.0	1.0
0.9028772901035278	0.7609807763037839	0.033362093040692674	57.0	0.0	0.0	1.0
0.1706891711824038	0.615907787281804	0.0332178822018343	39.0	0.0	0.0	1.0
0.28792890007272864	0.6851393289732229	0.03583933631525032	46.0	0.0	0.0037843214197295083	2.0
0.6561259180614817	0.7654911426937441	0.031934292726757775	60.0	0.0	0.0	2.0
0.7367230863200037	0.3902775036802509	0.03481786849363991	26.0	0.0	0.0	2.0
0.7220085468409897	0.5955808900214271	0.03382929144487588	50.0	0.0	0.0	2.0
0.4948551795318014	0.3737845995654197	0.03063508946310938	86.0	0.0	0.0	2.0
0.3568154198115523	0.8113334602395603	0.03405249950763986	43.0	0.0	0.0	2.0
0.7060891483689644	0.14599905403613303	0.03148463899620067	31.0	0.0	0.0	2.0
0.3396989366861324	0.39671297639816966	0.03056484526395998	61.0	0.0	0.0	2.0
0.490985199654736	0.8089749252682418	0.03551347256454502	75.0	0.0	0.0008664264563691404	2.0
0.2683681270940072	0.4343768654555921	0.03176839755992153	36.0	0.0	0.0	2.0
0.2800362070617274	0.23518564552956556	0.03396245456459813	79.0	0.0	0.0	2.0
0.33797835402474874	0.8902648831084723	0.029408118473016064	55.0	0.0	0.0	2.0
0.8842084822514561	0.6304274012372854	0.031666342375125445	15.0	0.0	0.0	2.0
0.4259738469406488	0.3131281324061583	0.03129037737627439	87.0	0.0	0.0	2.0
0.9002034260301421	0.7732581917618919	0.03339545513373336	57.0	0.0	0.0	2.0
0.24409068186851557	0.35203697189016325	0.0305438426945895	1.0	0.0	0.0	2.0
0.36141204947622035	0.6830661846181496	0.035692435925169394	63.0	0.0	0.00212480338686305	2.0
0.3449325754575484	0.5497229433997268	0.03169914784941535	78.0	0.0	0.0	2.0
0.10627655439326464	0.30368320892039447	0.03283205244310512	68.0	0.0	0.0	2.0
0.6559026995147038	0.6181946524895674	0.029471002164221737	65.0	0.0	0.0	2.0
0.410163574763501	0.40622651274811067	0.03369238406508533	44.0	0.0	0.0	2.0
0.7306791759307595	0.46429215611612185	0.03483310046373146	22.0	0.0	0.0	2.0
0.4212815018304021	0.5482044644445102	0.033095193022805225	19.0	0.0	0.0	2.0
0.5890092218681018	0.5023636566455343	0.03251947387536784	9.0	0.0	0.0	2.0
0.4459800832157936	0.6148709012504406	0.0327862277376579	64.0	0.0	0.0	2.0
0.699644344380191	0.7139188708599401	0.03312806325006115	34.0	0.0	0.0	2.0
0.5346300722812487	0.8612708210013978	0.031593455739226645	35.0	0.0	0.0	2.0
0.6410119603716712	0.16386721968349413	0.030110392397871447	81.0	0.0	0.0	2.0
0.8258709813524211	0.4238147079639298	0.03392634617723662	42.0	0.0	0.0	2.0
0.5185564303954452	0.7308675311874688	0.03572298135346042	48.0	0.0	0.0024185844895612263	2.0
0.31309850959146357	0.6106562653475108	0.030857029174117586	53.0	0.0	0.0	2.0
0.04058170643697465	0.2740731485757015	0.03505138399819658	24.0	0.0	8.682877137289324e-07	2.0
0.823068288263713	0.665322137861481	0.032285334290471236	25.0	0.0	0.0	2.0
0.14002640211608672	0.45398913943228597	0.029142430418744997	66.0	0.0	0.0	2.0
0.5113488995961379	0.6612025695291637	0.03218741904696003	33.0	0.0	0.0	2.0
0.4812056817734423	0.9043667442631792	0.03351133357139214	21.0	0.0	0.0	2.0
0.09343633675378149	0.36987349278695103	0.03178624879499668	37.0	0.0	0.0	2.0
0.9023000519857236	0.9728499927701016	0.03075669599692179	77.0	0.0	0.0	2.0
0.9841629890079122	0.6638593613888208	0.03308730718056082	51.0	0.0	0.0	2.0
0.08066545007745965	0.6150219378449362	0.031980554030570485	5.0	0.0	0.0	2.0
0.29460483550963107	0.1499559384605071	0.03281647301490776	56.0	0.0	0.0	2.0
0.4111822892393477	0.8738156396440807	0.03328644195832498	47.0	0.0	0.0	2.0
0.1748795486657401	0.8945767413044066	0.03422353188317851	80.0	0.0	0.0	2.0
0.9595285025941365	0.45946233534021935	0.034220238088051934	59.0	0.0	0.0	2.0
0.6433988306378182	0.24592248535209904	0.03264975549536325	11.0	0.0	0.0	2.0
0.7130305118642511	0.2759116276026787	0.035553961784767295	4.0	0.0	0.0010879761909023955	2.0
0.21969576650521003	0.1889048381010231	0.032592514268824715	13.0	0.0	0.0	2.0
0.6995986190869072	0.9257384911175767	0.030646895052606888	49.0	0.0	0.0	2.0
0.9490459259891435	0.5872143170327819	0.03450071957040054	84.0	0.0	0.0	2.0
0.5034903878015785	0.5488667283273861	0.03259600498443929	32.0	0.0	0.0	2.0
0.29261002026134675	0.30910016966402	0.03135993165900058	29.0	0.0	0.0	2.0
0.7733450394401459	0.10063668314892597	0.029800400439662256	14.0	0.0	0.0	2.0
0.11579686010210546	0.7891323777055621	0.03274748747084631	20.0	0.0	0.0	2.0
0.8064063917729565	0.7454283497675916	0.03134545556080647	12.0	0.0	0.0	2.0
0.36428028025109066	0.23996960524485977	0.03315898498199517	16.0	0.0	0.0	2.0
0.9068209958324742	0.39853177108765764	0.03151911862984362	85.0	0.0	0.0	2.0
0.07254314996982397	0.8664771208052311	0.03297516801355523	23.0	0.0	0.0	2.0
0.17019694585602643	0.6107110636314542	0.03325110008403613	39.0	0.0	0.0	2.0
0.9097448649460038	0.6944498654887311	0.03275951743486546	54.0	0.0	0.0	2.0
0.9042499340782406	0.8426054622949263	0.03106613751614722	28.0	0.0	0.0	2.0
0.8358630621560518	0.07060443348202021	0.03190026833485506	7.0	0.0	0.0	2.0
0.5730974577792345	0.7977666264418666	0.03352316775175634	41.0	0.0	0.0	2.0
0.18694056316399066	0.11935778079422592	0.032393008624527785	38.0	0.0	0.0	2.0
0.8297062273136695	0.8255644941183407	0.03186851408545931	58.0	0.0	0.0	2.0
0.4418566532058902	0.1572390676613761	0.032664368684896083	30.0	0.0	0.0	2.0
0.4192356987562478	0.7478438204068137	0.03118739648144781	69.0	0.0	0.0	2.0
0.8931511974063399	0.13379262544246528	0.032667945004646474	27.0	0.0	0.0	2.0
0.33942290420976845	0.4691131630921168	0.034443204366616784	83.0	0.0	0.0	2.0
0.18139555258494441	0.8146285044107114	0.033472555539511055	52.0	0.0	0.0	2.0
0.3727550139680424	0.13154803434831028	0.031129619969672423	67.0	0.0	0.0	2.0
0.7021363913934676	0.08173474209890094	0.0326879324658524	82.0	0.0	0.0	2.0
0.19617197032272496	0.4133244582671884	0.031463323410220144	72.0	0.0	0.0	2.0
0.9399477022671618	0.1900009938307913	0.03132349492256006	70.0	0.0	0.0	2.0
0.1872968373026302	0.25211294963469544	0.031993814092179204	2.0	0.0	0.0	2.0
0.3872819120451272	0.9646323746681207	0.03134441446094082	71.0	0.0	0.0	2.0
0.1329051141574473	0.5373922530883372	0.033281178643730064	88.0	0.0	0.0	2.0
0.0831599814502569	0.936317623229445	0.033138800080145914	6.0	0.0	0.0	2.0
0.2509207743100122	0.870662520447806	0.0303359588304128	40.0	0.0	0.0	2.0
0.4412641089876149	0.6895393289946175	0.030399080790088746	10.0	0.0	0.0	2.0
0.8596512375046734	0.35410887932807356	0.03096904652552616	17.0	0.0	0.0	2.0
0.6600531850908818	0.38089578557133885	0.03092772990138447	18.0	0.0	0.0	2.0
0.9269125058369002	0.5206072773542422	0.03258198833032266	45.0	0.0	0.0	2.0
0.06622761942991892	0.4516855937983389	0.033782156548893175	73.0	0.0	0.0	2.0
0.4867928731233569	0.2065787524085049	0.03165663681171273	62.0	0.0	0.0	2.0
0.5007162522644965	0.0916591882441588	0.032979985518622	76.0	0.0	0.0	2.0
0.4142625975080921	0.47363955493808585	0.03137987441138137	8.0	0.0	0.0	2.0
0.5886544003046257	0.6986992748625479	0.0347678326878308	3.0	0.0	0.0	2.0
0.5697332246179858	0.17161315813259373	0.034350630404186164	74.0	0.0	0.0	2.0
0.4183624592383791	0.8635574764223232	0.033319728400283306	47.0	0.0	0.0	3.0
0.26882776025887956	0.4305527582203192	0.03180016595748145	36.0	0.0	0.0	3.0
0.19138561268439416	0.8074944890798066	0.033506028095050565	52.0	0.0	0.0	3.0
0.9849986718114865	0.6682311912118521	0.03312039448774138	51.0	0.0	0.0	3.0
0.3628851537550235	0.24043849798121697	0.03319214396697716	16.0	0.0	0.0	3.0
0.5849926079786051	0.49538978814352663	0.032551993349243205	9.0	0.0	0.0	3.0
0.8369171717533713	0.07072104337713857	0.03193216860318991	7.0	0.0	0.0	3.0
0.10553854932086078	0.3018569500920016	0.032864884495548224	68.0	0.0	0.0	3.0
0.6389944389558339	0.16814488023147295	0.030140502790269315	81.0	0.0	0.0	3.0
0.44537893843300985	0.6798568205923335	0.030429479870878833	10.0	0.0	0.0	3.0
0.08430223783097228	0.9380169792738537	0.03317193888022606	6.0	0.0	0.0	3.0
0.5851841687715763	0.700322645279763	0.034802600520518624	3.0	0.0	0.0	3.0
0.8982975909869451	0.7736913831453965	0.03342885058886709	57.0	0.0	0.0	3.0
0.22351144974389148	0.19428382162576407	0.032625106783093535	13.0	0.0	0.0	3.0
0.8261958150375531	0.6670400271706186	0.032317619624761706	25.0	0.0	0.0	3.0
0.655276799065501	0.618726098889272	0.029500473166385956	65.0	0.0	0.0	3.0
0.43056951351266337	0.3076590045085555	0.03132166775365066	87.0	0.0	0.0	3.0
0.5019304298352534	0.09110048711551728	0.03301296550414062	76.0	0.0	0.0	3.0
0.09768214428817516	0.366841513425375	0.03181803504379167	37.0	0.0	0.0	3.0
0.19360190547532516	0.11762148656548374	0.03242540163315231	38.0	0.0	0.0	3.0
0.13956603239289628	0.4527131865683495	0.02917157284916374	66.0	0.0	0.0	3.0
0.4968259412233812	0.3739525049898338	0.030665724552572486	86.0	0.0	0.0	3.0
0.48599990797823583	0.21072710708953601	0.03168829344852444	62.0	0.0	0.0	3.0
0.34420066786976583	0.5479754427756028	0.03173084699726476	78.0	0.0	0.0	3.0
0.42156550017189215	0.5491575319010289	0.03312828821582803	19.0	0.0	0.0	3.0
0.1986559313862322	0.414724029716865	0.03149478673363036	72.0	0.0	0.0	3.0
0.7980544191753506	0.7480032211142805	0.03137680101636728	12.0	0.0	0.0	3.0
0.7278686164225979	0.5888415286538611	0.03386312073632075	50.0	0.0	0.0	3.0
0.34675143132289543	0.885957061511336	0.02943752659148908	55.0	0.0	0.0	3.0
0.9115096132152665	0.6919949913282476	0.03279227695230032	54.0	0.0	0.0	3.0
0.5774232351799379	0.7986927426262186	0.03355669091950809	41.0	0.0	0.0	3.0
0.6957859139245166	0.9279504388450976	0.03067754194765949	49.0	0.0	0.0	3.0
0.357566461573187	0.8072657201014787	0.0340865520071475	43.0	0.0	0.0	3.0
0.9015178680745551	0.9712696328439736	0.03078745269291871	77.0	0.0	0.0	3.0
0.9392438702086103	0.1920735230920672	0.03135481841748262	70.0	0.0	0.0	3.0
0.48289769978747465	0.9028179809817894	0.033544844904963525	21.0	0.0	0.0	3.0
0.9545350088859638	0.4560829885508698	0.034254458326139985	59.0	0.0	0.0	3.0
0.06303817146612384	0.8675286002237252	0.033008143181568785	23.0	0.0	0.0	3.0
0.9105725971459063	0.39918786904118386	0.03155063774847346	85.0	0.0	0.0	3.0
0.11952845679986854	0.7953373886434097	0.03278023495831715	20.0	0.0	0.0	3.0
0.34282965401905946	0.3893376245653868	0.030595410109223935	61.0	0.0	0.0	3.0
0.8285816697878732	0.827029250268403	0.031900382599544766	58.0	0.0	0.0	3.0
0.29504581854330403	0.31203625445726174	0.03139129159065957	29.0	0.0	0.0	3.0
0.7408663784495335	0.3936061246003183	0.034852686362133546	26.0	0.0	0.0	3.0
0.0816141956812813	0.6143971454310231	0.03201253458460105	5.0	0.0	0.0	3.0
0.7048557994205912	0.708346011160789	0.03316119131331121	34.0	0.0	0.0	3.0
0.37230703588189373	0.6846209285393456	0.03572812836109456	63.0	0.0	0.002470607846177586	3.0
0.3739112158474927	0.12667469925762148	0.031160749589642094	67.0	0.0	0.0	3.0
0.658752332793009	0.38181242780819324	0.030958657631285854	18.0	0.0	0.0	3.0
0.8234449980679955	0.42487596854498033	0.033960272523413854	42.0	0.0	0.0	3.0
0.8865330427146524	0.6307235655442779	0.031698008717500566	15.0	0.0	0.0	3.0
0.6509469574853964	0.7739227777023832	0.03196622701948453	60.0	0.0	0.0	3.0
0.4101959614429769	0.40879847237813177	0.03372607644915041	44.0	0.0	0.0	3.0
0.4418756926398459	0.6129192833782507	0.032819013965395556	64.0	0.0	0.0	3.0
0.5094208894656332	0.7347276267899878	0.03575870433481388	48.0	0.0	0.002795102059110377	3.0
0.3284189639892403	0.4729498746685647	0.0344776475709834	83.0	0.0	0.0	3.0
0.06607228665516345	0.4467527168131055	0.03381593870544206	73.0	0.0	0.0	3.0
0.2598301326562711	0.8713087002465089	0.03036629478924321	40.0	0.0	0.0	3.0
0.5033481808091448	0.5504759537857942	0.032628600989423724	32.0	0.0	0.0	3.0
0.8609303403084432	0.354687725674144	0.031000015572051683	17.0	0.0	0.0	3.0
0.31309850959146357	0.6119808612892071	0.0308878862032917	53.0	0.0	0.0	3.0
0.24472084206869313	0.3502904306393983	0.030574386537284084	1.0	0.0	0.0	3.0
0.48873456121796355	0.8091096964239118	0.03554898603710956	75.0	0.0	0.0010589217538097273	3.0
0.38816653587062255	0.963579617518078	0.03137575887540176	71.0	0.0	0.0	3.0
0.4189466810185794	0.47711994033283506	0.03141125428579274	8.0	0.0	0.0	3.0
0.5698121553143853	0.1674346263835728	0.034384981034590346	74.0	0.0	0.0	3.0
0.5127172420866913	0.6620913856780629	0.03221960646600699	33.0	0.0	0.0	3.0
0.7751432147719514	0.10483275765708255	0.029830200840101916	14.0	0.0	0.0	3.0
0.1265400951315221	0.5380153597020875	0.03331445982237379	88.0	0.0	0.0	3.0
0.29536016037544455	0.1473615810257839	0.032849289487922664	56.0	0.0	0.0	3.0
0.2870207846727377	0.2409430818452666	0.03399641701916272	79.0	0.0	0.0	3.0
0.893036769758134	0.1383354904506001	0.03270061294965112	27.0	0.0	0.0	3.0
0.042268158972104806	0.27190491242008896	0.035086435382194775	24.0	0.0	4.132897586828221e-06	3.0
0.7179834678314395	0.4642521913114731	0.03486793356419519	22.0	0.0	0.0	3.0
0.5412919621478592	0.8545881025206059	0.031625049194965865	35.0	0.0	0.0	3.0
0.8977311450680204	0.8525723890679725	0.031097203653663363	28.0	0.0	0.0	3.0
0.18619118647746508	0.25239371829817514	0.03202580790627138	2.0	0.0	0.0	3.0
0.7071093739927173	0.1457739047802782	0.03151612363519687	31.0	0.0	0.0	3.0
0.1778736477463505	0.8941881525988357	0.03425775541506169	80.0	0.0	0.0	3.0
0.7142910440104946	0.2725511143168572	0.03558951574655206	4.0	0.0	0.0013111917380967952	3.0
0.9531634229021176	0.5924834308012298	0.034535220289970935	84.0	0.0	0.0	3.0
0.4377983596418423	0.15276408547656786	0.03269703305358097	30.0	0.0	0.0	3.0
0.7009061499837324	0.07439202923018867	0.03272062039831825	82.0	0.0	0.0	3.0
0.6489798068763318	0.24853325977406449	0.03268240525085861	11.0	0.0	0.0	3.0
0.16975730832962138	0.607696202980403	0.03328435118412016	39.0	0.0	0.0	3.0
0.41226370607223833	0.7505594443144847	0.031218583877929255	69.0	0.0	0.0	3.0
0.934799981523596	0.5230389466283009	0.032614570318652975	45.0	0.0	0.0	3.0
0.2786074617067132	0.6849461603163332	0.03587517565156557	46.0	0.0	0.004290082596384082	3.0
0.3353736454090009	0.4715977691009293	0.03451212521855438	83.0	0.0	0.0	4.0
0.9841875563871664	0.669050002936593	0.03315351488222912	51.0	0.0	0.0	4.0
0.43768598220960264	0.680220339314395	0.030459909350749707	10.0	0.0	0.0	4.0
0.2971971075286404	0.3137645481179151	0.031422682882250225	29.0	0.0	0.0	4.0
0.2786398001015931	0.6862300192859315	0.03591105082721713	46.0	0.0	0.004839581349031619	4.0
0.4860672451394671	0.9091217329499328	0.03357838974986849	21.0	0.0	0.0	4.0
0.8804039487070867	0.6287064738901956	0.03172970672621806	15.0	0.0	0.0	4.0
0.3067900958884021	0.6166344806274253	0.030918774089494987	53.0	0.0	0.0	4.0
0.578540985026553	0.7981784125019572	0.033590247610427594	41.0	0.0	0.0	4.0
0.8986730201489094	0.7746038364494502	0.033462279439455955	57.0	0.0	0.0	4.0
0.48710378824196676	0.2113862407375518	0.031719981741972963	62.0	0.0	0.0	4.0
0.29565622707346884	0.14864542078554466	0.032882138777410586	56.0	0.0	0.0	4.0
0.9416967451355861	0.523277854786827	0.03264718488897162	45.0	0.0	0.0	4.0
0.9099183546192344	0.68721059758617	0.032825069229252615	54.0	0.0	0.0	4.0
0.28892006595582065	0.2394753944982708	0.03403041343618188	79.0	0.0	0.0	4.0
0.5398975256946967	0.8554938681799646	0.031656674244160826	35.0	0.0	0.0	4.0
0.22441732943719214	0.19352747009495344	0.032657731889876626	13.0	0.0	0.0	4.0
0.34021019152622634	0.3898640276736734	0.030626005519333158	61.0	0.0	0.0	4.0
0.8627711274164354	0.35044345156513246	0.03103101558762373	17.0	0.0	0.0	4.0
0.4137927606568182	0.8624884958070107	0.03335304812868359	47.0	0.0	0.0	4.0
0.08591559367812274	0.9349538100541812	0.03320511081910628	6.0	0.0	0.0	4.0
0.18504492595383254	0.8950730034964722	0.03429201317047675	80.0	0.0	0.0	4.0
0.19631025788409945	0.1144795669011332	0.032457827034785454	38.0	0.0	0.0	4.0
0.8989651494642393	0.8525374191378636	0.031128300857317024	28.0	0.0	0.0	4.0
0.141194566028684	0.45237523838790394	0.0292007444220129	66.0	0.0	0.0	4.0
0.407455627070575	0.7581168205884898	0.03124980246180718	69.0	0.0	0.0	4.0
0.1239428314228614	0.544108633700811	0.03334777428219616	88.0	0.0	0.0	4.0
0.9109084664049617	0.40083238818525946	0.031582188386221934	85.0	0.0	0.0	4.0
0.3469364748791813	0.5437079124703883	0.03176257784426202	78.0	0.0	0.0	4.0
0.9438039726014132	0.18707332476309668	0.031386173235900094	70.0	0.0	0.0	4.0
0.6486176154582847	0.7735905899194566	0.03199819324650401	60.0	0.0	0.0	4.0
0.09578343369358118	0.3700992131982753	0.03184985307883546	37.0	0.0	0.0	4.0
0.5082096315812124	0.7347543214434298	0.03579446303914869	48.0	0.0	0.003209231644532906	4.0
0.5765786638973073	0.4885426229161535	0.03258454534259245	9.0	0.0	0.0	4.0
0.7755093642909456	0.1068882676799608	0.029860031040942016	14.0	0.0	0.0	4.0
0.42320334208166344	0.5501923152944809	0.033161416504043854	19.0	0.0	0.0	4.0
0.1971823907909897	0.4119263182242287	0.03152628152036399	72.0	0.0	0.0	4.0
0.44335924059741333	0.6139646616433537	0.03285183297936095	64.0	0.0	0.0	4.0
0.37060746863477545	0.6824358310774641	0.03576385648945565	63.0	0.0	0.002852431946294587	4.0
0.7042187788700892	0.07893941963237501	0.03275334101871657	82.0	0.0	0.0	4.0
0.7383266745178515	0.3911988196392103	0.034887539048495675	26.0	0.0	0.0	4.0
0.19708351723711579	0.8080825486974152	0.033539534123145615	52.0	0.0	0.0	4.0
0.19474306665848096	0.25204355806963685	0.03205783371417765	2.0	0.0	0.0	4.0
0.42083935573741377	0.4786016471881867	0.03144266554007853	8.0	0.0	0.0	4.0
0.08253215853535467	0.6139173441613818	0.03204454711918565	5.0	0.0	0.0	4.0
0.481691947057974	0.8153763552199771	0.035584535023146666	75.0	0.0	0.0012782375950450842	4.0
0.7181599372010266	0.46210086934493844	0.03490280149775938	22.0	0.0	0.0	4.0
0.824468534158247	0.42667924490506914	0.03399423279593727	42.0	0.0	0.0	4.0
0.1179633412049752	0.7832387868953377	0.032813015193275466	20.0	0.0	0.0	4.0
0.1073493726757897	0.2902947734061012	0.03289774938004377	68.0	0.0	0.0	4.0
0.7011714671152429	0.7143013385959622	0.03319435250462452	34.0	0.0	0.0	4.0
0.17034068136272543	0.4749498997995992	0.055310621242484974	-2.0	-1.0	53.62281340686283	4.0
0.6551410210118711	0.37751474308723554	0.030989616288917138	18.0	0.0	0.0	4.0
0.35775085766009107	0.8014098843663097	0.03412063855915464	43.0	0.0	0.0	4.0
0.4485724567281062	0.1425779741334542	0.03272973008663455	30.0	0.0	0.0	4.0
0.8833788820522643	0.130003087491581	0.032733313562600765	27.0	0.0	0.0	4.0
0.5700990050540229	0.16634814360953504	0.03441936601562493	74.0	0.0	0.0	4.0
0.9542105725179763	0.4547883063305885	0.03428871278446612	59.0	0.0	0.0	4.0
0.6439339302706508	0.2450250276785895	0.03271508765610946	11.0	0.0	0.0	4.0
0.5212468270482593	0.663583080229314	0.03225182607247299	33.0	0.0	0.0	4.0
0.9012454579059961	0.9729189239089696	0.030818240145611624	77.0	0.0	0.0	4.0
0.38729074769723104	0.9627282963451181	0.03140713463427716	71.0	0.0	0.0	4.0
0.9576839628284487	0.5965058975513249	0.034569755510260904	84.0	0.0	0.0	4.0
0.3609974128020768	0.24009609887703162	0.03322533611094413	16.0	0.0	0.0	4.0
0.2638595147222816	0.424789169885881	0.03183196612343892	36.0	0.0	0.0	4.0
0.8003863228575709	0.7462012207685222	0.03140817781738364	12.0	0.0	0.0	4.0
0.2432329786211354	0.3498419676246329	0.030604960923821364	1.0	0.0	0.0	4.0
0.4122286343699988	0.41199344362260876	0.033759802525599555	44.0	0.0	0.0	4.0
0.2608049241554702	0.8711946482572641	0.03039666108403245	40.0	0.0	0.0	4.0
0.06681930181244808	0.4459890569549162	0.0338497546441475	73.0	0.0	0.0	4.0
0.6501488233314092	0.6202365916345194	0.02952997363955234	65.0	0.0	0.0	4.0
0.34832000794225304	0.8865966866257561	0.029466964118080564	55.0	0.0	0.0	4.0
0.1725353335628132	0.6073711700843653	0.03331763553530428	39.0	0.0	0.0	4.0
0.7309134485628513	0.5875775096496837	0.03389698385705707	50.0	0.0	0.0	4.0
0.7091172098753813	0.14941744602840654	0.03154763975883206	31.0	0.0	0.0	4.0
0.5043658023029313	0.09216585504971324	0.03304597846964476	76.0	0.0	0.0	4.0
0.6988091223234727	0.9272832598354046	0.03070821948960715	49.0	0.0	0.0	4.0
0.8241853626588195	0.6658566798555643	0.032349937244386465	25.0	0.0	0.0	4.0
0.06082147033543853	0.8679740650351236	0.03304115132475035	23.0	0.0	0.0	4.0
0.7074039057466004	0.2729635251101321	0.035625105262298604	4.0	0.0	0.0015632896002131247	4.0
0.4323968440355884	0.30036693564067934	0.031352989421404305	87.0	0.0	0.0	4.0
0.4839820714959802	0.3739120737873696	0.030696390277125056	86.0	0.0	0.0	4.0
0.8293764274010128	0.8260834394777936	0.03193228298214431	58.0	0.0	0.0	4.0
0.5867359051922628	0.7000411907933592	0.03483740312103914	3.0	0.0	0.0	4.0
0.6411105061406513	0.17347768135169528	0.03017064329305958	81.0	0.0	0.0	4.0
0.364940350825252	0.12727163005796796	0.031191910339231733	67.0	0.0	0.0	4.0
0.5010336989182376	0.5512215358688832	0.03266122959041314	32.0	0.0	0.0	4.0
0.8359124659040506	0.07221576293985765	0.0319641007717931	7.0	0.0	0.0	4.0
0.04108399647934889	0.27185642640294266	0.03512152181757697	24.0	0.0	1.148531057992841e-05	4.0
0.08698474345285989	0.9340380474426656	0.033238315929925384	6.0	0.0	0.0	5.0
0.8580124560473871	0.34315598676059217	0.03106204660321135	17.0	0.0	0.0	5.0
0.28643618407854776	0.2358298612143466	0.034064443849618056	79.0	0.0	0.0	5.0
0.7027620380361693	0.07778412405176156	0.03278609435973528	82.0	0.0	0.0	5.0
0.4842235646046289	0.3709680533569781	0.03072708666740218	86.0	0.0	0.0	5.0
0.6520768413677895	0.3771562297188916	0.031020605905206052	18.0	0.0	0.0	5.0
0.9541093575230849	0.5968303245953285	0.03460432526577116	84.0	0.0	0.0	5.0
0.2443565415845948	0.35444841728054505	0.03063556588474518	1.0	0.0	0.0	5.0
0.43095420441440546	0.2972575823978917	0.03138434241082571	87.0	0.0	0.0	5.0
0.8823005452986247	0.12861669286234417	0.032766046876163364	27.0	0.0	0.0	5.0
0.1835357453057397	0.8968016544986926	0.03432630518364722	80.0	0.0	0.0	5.0
0.8328114205356895	0.8269264721307016	0.03196421526512645	58.0	0.0	0.0	5.0
0.8330777246055382	0.07467492229454663	0.031996064872564886	7.0	0.0	0.0	5.0
0.36907406056136216	0.6832496457140578	0.0357996203459451	63.0	0.0	0.003272137024566746	5.0
0.589772695737432	0.7037969519777134	0.03487224052416017	3.0	0.0	0.0	5.0
0.4171598263836573	0.47994234399742747	0.031474108205618606	8.0	0.0	0.0	5.0
0.7266198580371295	0.5912085014359719	0.03393088084091412	50.0	0.0	0.0	5.0
0.7035825692926074	0.2718117204405546	0.0356607303675609	4.0	0.0	0.0018460896059053766	5.0
0.5020349931194028	0.08959572812127242	0.0330790244481144	76.0	0.0	0.0	5.0
0.30805262047259174	0.616165434438742	0.03094969286358448	53.0	0.0	0.0	5.0
0.35305327531767466	0.8031888406234403	0.03415475919771379	43.0	0.0	0.0	5.0
0.18797228632260735	0.259052943582433	0.032089891547891825	2.0	0.0	0.0	5.0
0.4199289482256808	0.5491602176498684	0.0331945779205479	19.0	0.0	0.0	5.0
0.29848601177385076	0.31610347224157453	0.03145410556513247	29.0	0.0	0.0	5.0
0.2659932161966717	0.42513469284622124	0.031863798089562356	36.0	0.0	0.0	5.0
0.7012680399645218	0.9169190407156992	0.030738927709096753	49.0	0.0	0.0	5.0
0.08627606131174542	0.6065866437560651	0.03207659166630483	5.0	0.0	0.0	5.0
0.5753839875901328	0.7982479888932165	0.03362383785803802	41.0	0.0	0.0	5.0
0.05921767367523109	0.8694377510284202	0.0330741924760751	23.0	0.0	0.0	5.0
0.33882944912288104	0.39040688477222485	0.030656631524852488	61.0	0.0	0.0	5.0
0.3638780963045789	0.12816995452938762	0.03122310224957096	67.0	0.0	0.0	5.0
0.7059878525891251	0.7134902424498912	0.03322754685712914	34.0	0.0	0.0	5.0
0.48994622506550184	0.20980818201732182	0.031751701723714935	62.0	0.0	0.0	5.0
0.5001710729501749	0.5568870475777138	0.032693890820003554	32.0	0.0	0.0	5.0
0.8983739201189929	0.8470344763168	0.031159429158174337	28.0	0.0	0.0	5.0
0.5769636735098872	0.49042774833763914	0.03261712988793503	9.0	0.0	0.0	5.0
0.57099643709614	0.16813300180637858	0.03445378538164055	74.0	0.0	0.0	5.0
0.4406972864641317	0.6898798367802312	0.030490369260100455	10.0	0.0	0.0	5.0
0.3316789493339512	0.4592393102434196	0.03454663734377293	83.0	0.0	0.0	5.0
0.19594881841279532	0.40850737008419435	0.03155780780188435	72.0	0.0	0.0	5.0
0.7298862794588775	0.3891119440399292	0.034922426587544166	26.0	0.0	0.0	5.0
0.3884539940072344	0.9633456576916885	0.031438541768911435	71.0	0.0	0.0	5.0
0.364273023229062	0.23553952186427948	0.03325856144705507	16.0	0.0	0.0	5.0
0.4488389633562758	0.14521470792566477	0.032762459816721184	30.0	0.0	0.0	5.0
0.4813387609594446	0.8163748872734847	0.03562011955816981	75.0	0.0	0.001526181766848822	5.0
0.9400735026265261	0.19498287363416594	0.031417559409135994	70.0	0.0	0.0	5.0
0.07337008537291241	0.44364878303417166	0.03388360439879164	73.0	0.0	0.0	5.0
0.09441147527541295	0.37125944720700405	0.031881702931914294	37.0	0.0	0.0	5.0
0.9062246447206083	0.4019883132587381	0.03161377057460815	85.0	0.0	0.0	5.0
0.22207149145231483	0.190735777580863	0.0326903896217665	13.0	0.0	0.0	5.0
0.8196273329531168	0.6661872655838788	0.032382287181630845	25.0	0.0	0.0	5.0
0.03515664333939454	0.26983574709459024	0.03515664333939454	24.0	0.0	2.4598904872163985e-05	5.0
0.709359918217325	0.1477530480053542	0.03157918739859089	31.0	0.0	0.0	5.0
0.775202162742386	0.10814775069398021	0.029889891071982956	14.0	0.0	0.0	5.0
0.19151875275500213	0.11569632038291339	0.032490284861820234	38.0	0.0	0.0	5.0
0.9653328631762779	0.44882944413368137	0.03432300149725059	59.0	0.0	0.0	5.0
0.6490597856107482	0.7725348656309027	0.03203019143975051	60.0	0.0	0.0	5.0
0.8239110620200281	0.42565238047944015	0.0340282270287332	42.0	0.0	0.0	5.0
0.41151676778908775	0.4129706539799187	0.03379356232812515	44.0	0.0	0.0	5.0
0.12301068522866404	0.5428119606025655	0.03338112205647835	88.0	0.0	0.0	5.0
0.19807742989563176	0.8078762950671027	0.033573073657268755	52.0	0.0	0.0	5.0
0.11579449577888408	0.7714920371888988	0.032845828208468736	20.0	0.0	0.0	5.0
0.4079757306859942	0.7560413168224841	0.031281052264268985	69.0	0.0	0.0	5.0
0.34842877202865963	0.5464373326948948	0.03179434042210628	78.0	0.0	0.0	5.0
0.912529858324433	0.6973104437027363	0.03285789429848186	54.0	0.0	0.0	5.0
0.8865404247791144	0.6158834796476815	0.031761436432944275	15.0	0.0	0.0	5.0
0.4931038320070344	0.9158760999348206	0.03361196813961835	21.0	0.0	0.0	5.0
0.7963252885613081	0.7540307895180884	0.031439585995201025	12.0	0.0	0.0	5.0
0.5053663832222877	0.743162515923043	0.03583025750218784	48.0	0.0	0.0036628438073194047	5.0
0.7188226284585547	0.46334009097243917	0.03493770429925713	22.0	0.0	0.0	5.0
0.6457928946493762	0.6182322206680745	0.029559503613191887	65.0	0.0	0.0	5.0
0.3550448614364384	0.8838049587979452	0.02949643108219864	55.0	0.0	0.0	5.0
0.2970416811948371	0.15403014765751996	0.03291502091618799	56.0	0.0	0.0	5.0
0.539219315321861	0.8540790451684985	0.031688330918404985	35.0	0.0	0.0	5.0
0.6349286764010573	0.24707189862710305	0.03274780274376557	11.0	0.0	0.0	5.0
0.17424891909465523	0.6060811119474774	0.03335095317083958	39.0	0.0	0.0	5.0
0.11856885004094188	0.28128812362906563	0.03293064712942381	68.0	0.0	0.0	5.0
0.9895762137114703	0.6663156078070157	0.033186668397111346	51.0	0.0	0.0	5.0
0.5221959389833671	0.6561899047580811	0.03228407789854546	33.0	0.0	0.0	5.0
0.9037636974461056	0.9750485417733809	0.03084905838575723	77.0	0.0	0.0	5.0
0.6407963290949117	0.17055343827699596	0.030200813936352638	81.0	0.0	0.0	5.0
0.4159079985857263	0.8614827103999926	0.03338640117681227	47.0	0.0	0.0	5.0
0.26151703930341597	0.8698426035698489	0.03042705774511648	40.0	0.0	0.0	5.0
0.9437104563260348	0.5220108372412957	0.03267983207386059	45.0	0.0	0.0	5.0
0.4415832941558758	0.6116210601184164	0.03288468481234031	64.0	0.0	0.0	5.0
0.27778809199442756	0.6884578733897416	0.03594696187804434	46.0	0.0	0.005434723601851488	5.0
0.1430421708317952	0.4511248718661314	0.02922994516643491	66.0	0.0	0.0	5.0
0.8960498020323836	0.7680824023446201	0.03349574171889541	57.0	0.0	0.0	5.0
0.643153127449669	0.17608257191382728	0.030231014750288988	81.0	0.0	0.0	6.0
0.4401534085921073	0.6910329967406731	0.03052085962936055	10.0	0.0	0.0	6.0
0.42464458651445575	0.5564521730426076	0.03322777249846844	19.0	0.0	0.0	6.0
0.49072332798142115	0.2086035390965829	0.031783453425438646	62.0	0.0	0.0	6.0
0.28303995225878625	0.2334045735155449	0.03409850829346767	79.0	0.0	0.0	6.0
0.4100119021902582	0.7546633377886389	0.03131233331653325	69.0	0.0	0.0	6.0
0.7730618391292225	0.11363793997968805	0.029919780963054934	14.0	0.0	0.0	6.0
0.14263721455209893	0.4501579993219403	0.029259175111601345	66.0	0.0	0.0	6.0
0.5423426307413618	0.8711298199914301	0.03172001924932338	35.0	0.0	0.0	6.0
0.9875111218348794	0.6682485066389511	0.03321985506550845	51.0	0.0	0.0	6.0
0.4325008757654931	0.2978656766521348	0.031415726753236534	87.0	0.0	0.0	6.0
0.569657809796027	0.7993553218122728	0.033657461695896056	41.0	0.0	0.0	6.0
0.1651161231101477	0.6045431171864568	0.03338430412401042	39.0	0.0	0.0	6.0
0.8230915428625667	0.4250190893978399	0.034062255255761925	42.0	0.0	0.0	6.0
0.19749319486142558	0.4084441349594317	0.03158936560968623	72.0	0.0	0.0	6.0
0.7941011912461519	0.7576258039363639	0.03147102558119622	12.0	0.0	0.0	6.0
0.9083039072569301	0.4019293899147079	0.031645384345182756	85.0	0.0	0.0	6.0
0.034832011050756985	0.2624743023568936	0.03519179998273393	24.0	0.0	4.515706065433278e-05	6.0
0.71799940051765	0.4644407792907143	0.03497264200355639	22.0	0.0	0.0	6.0
0.25973464769981564	0.4292859887934484	0.031895661887651916	36.0	0.0	0.0	6.0
0.5017660793515343	0.5617854769420568	0.032726584710823556	32.0	0.0	0.0	6.0
0.7018019989087595	0.919375302388558	0.030769666636805845	49.0	0.0	0.0	6.0
0.18522401402959074	0.8963616033641336	0.03436063148883086	80.0	0.0	0.0	6.0
0.9388949842502655	0.19774772009744243	0.03144897696854513	70.0	0.0	0.0	6.0
0.1930133484412698	0.11780325774372033	0.03252277514668205	38.0	0.0	0.0	6.0
0.48175204084236245	0.8127045481419745	0.03565573967772798	75.0	0.0	0.001804572615768052	6.0
0.36957699197286364	0.12757581274301144	0.03125432535182053	67.0	0.0	0.0	6.0
0.2632719557114976	0.8700591394946925	0.030457484802861593	40.0	0.0	0.0	6.0
0.7185507606162697	0.7161798659253324	0.03326077440398627	34.0	0.0	0.0	6.0
0.7100239338705555	0.14888934723614058	0.03161076658598948	31.0	0.0	0.0	6.0
0.7022165933357861	0.2721041655489974	0.03569639109792846	4.0	0.0	0.002161422193395879	6.0
0.953875290672945	0.5977899656624993	0.03463892959103693	84.0	0.0	0.0	6.0
0.5013734116301957	0.0888474981562512	0.03311210347256251	76.0	0.0	0.0	6.0
0.08390462658937971	0.6080026419136019	0.03210866825797113	5.0	0.0	0.0	6.0
0.08757740953659574	0.9313920897563731	0.0332715542458553	6.0	0.0	0.0	6.0
0.6333547074279116	0.2452459604472033	0.03278055054650933	11.0	0.0	0.0	6.0
0.11646805903001728	0.7617815438564296	0.0328786740366772	20.0	0.0	0.0	6.0
0.56494598151184	0.16320921473502514	0.03448823916702219	74.0	0.0	0.0	6.0
0.29913764773459267	0.15359519927032095	0.03294793593710418	56.0	0.0	0.0	6.0
0.34871181481778285	0.547432825194453	0.03182613476252838	78.0	0.0	0.0	6.0
0.12109932161005434	0.28243326553423465	0.03296357777655323	68.0	0.0	0.0	6.0
0.5225501654930573	0.6552081366122761	0.032316361976444004	33.0	0.0	0.0	6.0
0.6508893089449659	0.3809655314231651	0.031051626511111256	18.0	0.0	0.0	6.0
0.6969877366379713	0.0775476929214786	0.032818880454095006	82.0	0.0	0.0	6.0
0.12426846071098534	0.5430978497214952	0.033414503178534824	88.0	0.0	0.0	6.0
0.5041855018216179	0.7445859375375548	0.035866087759690024	48.0	0.0	0.004157819927854689	6.0
0.5907686432825352	0.704683166003096	0.03490711276468433	3.0	0.0	0.0	6.0
0.7322428659222286	0.5941026125345233	0.03396481172175503	50.0	0.0	0.0	6.0
0.06826083498803535	0.44558363638615117	0.03391748800319043	73.0	0.0	0.0	6.0
0.8956959459436216	0.8510185482629224	0.031190588587332507	28.0	0.0	0.0	6.0
0.9099439385035638	0.7017356085147907	0.03289075219278034	54.0	0.0	0.0	6.0
0.360485550589441	0.6724899245376975	0.03583541996629105	63.0	0.0	0.003731595199212734	6.0
0.9618822162387809	0.4541053236400971	0.034357324498747836	59.0	0.0	0.0	6.0
0.9408229829001317	0.5218561690176738	0.032712511905934445	45.0	0.0	0.0	6.0
0.3393781135764659	0.46382990839360394	0.0345811839811167	83.0	0.0	0.0	6.0
0.41680822145600277	0.8639453688071977	0.03341978757798908	47.0	0.0	0.0	6.0
0.9070485393668298	0.9740131508709978	0.030879907444142984	77.0	0.0	0.0	6.0
0.36468164040272055	0.23801347009126309	0.03329182000850212	16.0	0.0	0.0	6.0
0.2865385568182953	0.6931912935676048	0.035982908839922376	46.0	0.0	0.006077426243621176	6.0
0.8221688753374888	0.8302075155448698	0.03199617948039157	58.0	0.0	0.0	6.0
0.3802980312623145	0.973696472537478	0.031469980310680344	71.0	0.0	0.0	6.0
0.4472602575518306	0.6203618260621713	0.032917569497152646	64.0	0.0	0.0	6.0
0.24260009987996792	0.3554380727541885	0.030666201450629923	1.0	0.0	0.0	6.0
0.21726940965918512	0.19490161958194918	0.03272308001138826	13.0	0.0	0.0	6.0
0.8608876852801115	0.3410475881668798	0.031093108649814558	17.0	0.0	0.0	6.0
0.35342142346070304	0.8014424276888978	0.0341889139569115	43.0	0.0	0.0	6.0
0.6482572367997443	0.6213597422265839	0.029589063116805075	65.0	0.0	0.0	6.0
0.576401717728096	0.48866428920832955	0.032649747017822965	9.0	0.0	0.0	6.0
0.18950552235105336	0.2568624403715898	0.032121981439439715	2.0	0.0	0.0	6.0
0.06256354570235402	0.8695958550248761	0.03310726666855117	23.0	0.0	0.0	6.0
0.35383072297974394	0.8912043534447293	0.029525927513280835	55.0	0.0	0.0	6.0
0.6522847469665684	0.769984416950052	0.03206222163119026	60.0	0.0	0.0	6.0
0.730092029350096	0.3844463069267869	0.03495734901413171	26.0	0.0	0.0	6.0
0.8403455780745162	0.06895283496636515	0.032028060937437444	7.0	0.0	0.0	6.0
0.48730958863102347	0.9205310552491929	0.033645580107757964	21.0	0.0	0.0	6.0
0.8854194698466867	0.6136186513523028	0.03179319786937722	15.0	0.0	0.0	6.0
0.4494461628199459	0.14920264220817264	0.0327952222765379	30.0	0.0	0.0	6.0
0.412476605476421	0.4048005396240292	0.03382735589045327	44.0	0.0	0.0	6.0
0.4160516395406023	0.47184018639857545	0.03150558231382422	8.0	0.0	0.0	6.0
0.8896618951687016	0.7669237615976839	0.0335292374606143	57.0	0.0	0.0	6.0
0.33695790824182076	0.3909581644720256	0.030687288156377338	61.0	0.0	0.0	6.0
0.19876739076451977	0.8088234344964506	0.03360664673092602	52.0	0.0	0.0	6.0
0.48511700675807035	0.3696567699431276	0.03075781375406958	86.0	0.0	0.0	6.0
0.8813261350202816	0.12850268547648075	0.03279881292303952	27.0	0.0	0.0	6.0
0.299937637988686	0.316945635789595	0.0314855596706976	29.0	0.0	0.0	6.0
0.09653507228491805	0.3717421353230807	0.031913584634846205	37.0	0.0	0.0	6.0
0.8297974324355976	0.6694634389629662	0.032414669468812475	25.0	0.0	0.0	6.0
0.3040412398139166	0.6127933533965233	0.03098064255644806	53.0	0.0	0.0	6.0
0.8224209664404318	0.426273056151983	0.03409631751101768	42.0	0.0	0.0	7.0
0.7051699643303913	0.14899632283263334	0.03164237735257546	31.0	0.0	0.0	7.0
0.19670642167159705	0.8091306009421925	0.03364025337765694	52.0	0.0	0.0	7.0
0.6318077079104862	0.24401908352848373	0.03281333109705584	11.0	0.0	0.0	7.0
0.035438546268683126	0.26400286048246646	0.03522699178271666	24.0	0.0	7.485320166722431e-05	7.0
0.5637170029582887	0.16210170310343136	0.03452272740618921	74.0	0.0	0.0	7.0
0.6501429973450488	0.3793569894427157	0.031082678137622364	18.0	0.0	0.0	7.0
0.5154115335627758	0.7388400923719036	0.03590195384744971	48.0	0.0	0.004696052250011462	7.0
0.6448048760300561	0.17401325439117	0.030261245765039274	81.0	0.0	0.0	7.0
0.4494704601539746	0.1479163596047396	0.032828017498814435	30.0	0.0	0.0	7.0
0.9350707879588687	0.19598802461664208	0.031480425945513674	70.0	0.0	0.0	7.0
0.4997999630117147	0.08955954802499752	0.033145215576035066	76.0	0.0	0.0	7.0
0.8304592836439406	0.6702025442951351	0.03244708413828128	25.0	0.0	0.0	7.0
0.2970626613832835	0.15215252948582017	0.032980883873041274	56.0	0.0	0.0	7.0
0.7053827536320724	0.2697824279149402	0.035732087489026385	4.0	0.0	0.002511128454202094	7.0
0.3416192955659916	0.4642510057930485	0.03461576516509782	83.0	0.0	0.0	7.0
0.33749367120649804	0.39213221073396093	0.030717975444533713	61.0	0.0	0.0	7.0
0.12259521884006414	0.28101535190336296	0.032996541354329785	68.0	0.0	0.0	7.0
0.28141419443367016	0.234165101201872	0.03413260680176114	79.0	0.0	0.0	7.0
0.5685665651652754	0.7970033380032325	0.033691119157591945	41.0	0.0	0.0	7.0
0.7763753882376706	0.11025055966004524	0.029949700744017985	14.0	0.0	0.0	7.0
0.5443947558116164	0.871488705423673	0.03175173926857271	35.0	0.0	0.0	7.0
0.7357915479535098	0.6078949736089297	0.03399877653347678	50.0	0.0	0.0	7.0
0.07976014862319628	0.614516964876876	0.032140776926229096	5.0	0.0	0.0	7.0
0.1941181151687846	0.1176314868834641	0.03255529792182873	38.0	0.0	0.0	7.0
0.19508262629815942	0.4035616018510048	0.03162095497529591	72.0	0.0	0.0	7.0
0.8413092770701596	0.06974721880801302	0.032060088998374876	7.0	0.0	0.0	7.0
0.2706851713062586	0.43765008229589747	0.03192755754953956	36.0	0.0	0.0	7.0
0.9113006086779749	0.4006853516979638	0.031677029729527933	85.0	0.0	0.0	7.0
0.7219724654407357	0.7176767107195685	0.033294035178390254	34.0	0.0	0.0	7.0
0.4875054610665202	0.8160182282118346	0.0356913954174057	75.0	0.0	0.0021152390917080766	7.0
0.9070307890587371	0.9711937889459519	0.030910787351587123	77.0	0.0	0.0	7.0
0.16172760906703	0.6036598931901361	0.033417688428134425	39.0	0.0	0.0	7.0
0.9647063701613826	0.45329273038147394	0.03439168182324658	59.0	0.0	0.0	7.0
0.8135399100156573	0.82687749350886	0.03202817565987196	58.0	0.0	0.0	7.0
0.10112075105949316	0.37201673172998617	0.03194549821948105	37.0	0.0	0.0	7.0
0.7220379047149117	0.46299801966288756	0.035007614645559945	22.0	0.0	2.825714773280197e-09	7.0
0.8842391182097329	0.1315953198571034	0.03283161173596256	27.0	0.0	0.0	7.0
0.48378046060971946	0.3694833064992868	0.030788571567823646	86.0	0.0	0.0	7.0
0.9124836200868788	0.6987893613861101	0.03292364294497312	54.0	0.0	0.0	7.0
0.5019264906221544	0.5604508693735011	0.032759311295534374	32.0	0.0	0.0	7.0
0.2826774146731801	0.705672983894306	0.03601889174876229	46.0	0.0	0.006769617172679432	7.0
0.9550304308511753	0.5965162205188924	0.03467356852062796	84.0	0.0	0.0	7.0
0.4228717481382152	0.5421277544034602	0.03326100027096691	19.0	0.0	0.0	7.0
0.6575181073010111	0.7721184464016003	0.03209428385282145	60.0	0.0	0.0	7.0
0.14150699958249802	0.462947600391686	0.029288434286712944	66.0	0.0	0.0	7.0
0.48810929050259505	0.9214470525776218	0.033679225687865716	21.0	0.0	0.0	7.0
0.3141794072478206	0.6106895127621952	0.031011623199004506	53.0	0.0	0.0	7.0
0.36251849062442026	0.12544828094589353	0.03128557967717235	67.0	0.0	0.0	7.0
0.8873096415421172	0.7765676696484048	0.03356276669807491	57.0	0.0	0.0	7.0
0.5747640834213004	0.4832923763723531	0.03268239676484078	9.0	0.0	0.0	7.0
0.3692114499140612	0.6686603461226714	0.035871255386257336	63.0	0.0	0.004232689413754542	7.0
0.2764631425062022	0.8676665174908111	0.030487942287664452	40.0	0.0	0.0	7.0
0.7035747633606004	0.9191678864310318	0.030800436303442646	49.0	0.0	0.0	7.0
0.3727454909819639	0.43286573146292584	0.026052104208416832	-2.0	-1.0	0.0	7.0
0.37008586191140447	0.2306921585194121	0.03332511182851062	16.0	0.0	0.0	7.0
0.4868740558465477	0.20739023829081202	0.03181523687886408	62.0	0.0	0.0	7.0
0.06685695714063146	0.44637464208383537	0.03395140549119362	73.0	0.0	0.0	7.0
0.8793673894363659	0.6155682551651804	0.031824991067246594	15.0	0.0	0.0	7.0
0.12210974484240344	0.5446189833242462	0.03344791768171335	88.0	0.0	0.0	7.0
0.2176697316892805	0.19379209387887472	0.032755803091399645	13.0	0.0	0.0	7.0
0.4403071212769023	0.6274805447315347	0.0329504870666498	64.0	0.0	0.0	7.0
0.3470978270566786	0.5484243258177263	0.031857960897290906	78.0	0.0	0.0	7.0
0.34864837979885077	0.7971411310077382	0.03422310287086841	43.0	0.0	0.0	7.0
0.4199588517179807	0.39807775623025843	0.03386118324634372	44.0	0.0	0.0	7.0
0.4457132243798528	0.692339143872705	0.030551380488989907	10.0	0.0	0.0	7.0
0.12921530579745005	0.7657114562294711	0.03291155271071387	20.0	0.0	0.0	7.0
0.6495775990221027	0.6234939659380992	0.029618652179921878	65.0	0.0	0.0	7.0
0.30902885498937593	0.3097873804099341	0.031517045230368294	29.0	0.0	0.0	7.0
0.43407202516542615	0.2995337228904115	0.03144714247998977	87.0	0.0	0.0	7.0
0.9861577321518681	0.673246940314485	0.03325307492057396	51.0	0.0	0.0	7.0
0.5215651314124842	0.6551926314449605	0.03234867833842044	33.0	0.0	0.0	7.0
0.06570847772548383	0.869282597204737	0.033140373935219715	23.0	0.0	0.0	7.0
0.6977361219779262	0.07682021531354381	0.032851699334549095	82.0	0.0	0.0	7.0
0.37822235921643277	0.9724032815067968	0.03150145029099102	71.0	0.0	0.0	7.0
0.40995269257163863	0.7527830278189452	0.03134364564984978	69.0	0.0	0.0	7.0
0.41634225380801404	0.8656406165306855	0.03345320736556707	47.0	0.0	0.0	7.0
0.09275137816157132	0.9450289781008296	0.033304825800101155	6.0	0.0	0.0	7.0
0.3489237043763172	0.8910503539768627	0.029555453440794112	55.0	0.0	0.0	7.0
0.23700652224587584	0.35040177079177853	0.03069686765208055	1.0	0.0	0.0	7.0
0.18222143722045314	0.8958169949484018	0.034394992120319684	80.0	0.0	0.0	7.0
0.8596475318227644	0.3414994583990161	0.03112420175846437	17.0	0.0	0.0	7.0
0.7291010068130803	0.382774665257502	0.034992306363145834	26.0	0.0	0.0	7.0
0.19137955001340434	0.2682086287147793	0.03215410342087915	2.0	0.0	0.0	7.0
0.4099947892687678	0.47135974248189405	0.031537087896138044	8.0	0.0	0.0	7.0
0.5935840936313475	0.7030259988668943	0.03494201987744901	3.0	0.0	0.0	7.0
0.9063325075722989	0.847066911395726	0.031221779175919836	28.0	0.0	0.0	7.0
0.7902706163812385	0.7569807217420471	0.03150249660677742	12.0	0.0	0.0	7.0
0.9337463163972203	0.5232782849111568	0.03274522441784038	45.0	0.0	0.0	7.0
0.5926050269834034	0.703035245119486	0.03497696189732645	3.0	0.0	0.0	8.0
0.425391421602685	0.4659803418304718	0.03156862498403418	8.0	0.0	0.0	8.0
0.1836056839857234	0.8958475020667886	0.03442938711244	80.0	0.0	0.0	8.0
0.2803752543698772	0.7105541515623451	0.03605491064051105	46.0	0.0	0.007513235342315738	8.0
0.9130478245466555	0.40208902276689806	0.03170870675925746	85.0	0.0	0.0	8.0
0.1971748460274962	0.8119666481752954	0.033673893631034596	52.0	0.0	0.0	8.0
0.9071513329187416	0.8535354804643531	0.031253000955095755	28.0	0.0	0.0	8.0
0.5134145144088841	0.5653049738476081	0.032792070606829905	32.0	0.0	0.0	8.0
0.5670883717207994	0.1639457420819154	0.034557250133595396	74.0	0.0	0.0	8.0
0.4414797732911797	0.6255581322656033	0.032983437553716445	64.0	0.0	0.0	8.0
0.3736571240304802	0.9809401953604097	0.03153295174128201	71.0	0.0	0.0	8.0
0.9864802443080057	0.671500172412145	0.03328632799549453	51.0	0.0	0.0	8.0
0.7194446588044127	0.4640937596100101	0.0350426222602055	22.0	0.0	4.955521859528744e-07	8.0
0.19226281584178348	0.11712286711411735	0.03258785321975055	38.0	0.0	0.0	8.0
0.8831408685317378	0.1297428090852053	0.032864443347698516	27.0	0.0	0.0	8.0
0.6359368788547415	0.17465643433824762	0.03029150701080431	81.0	0.0	0.0	8.0
0.8230505253795245	0.42552384201666177	0.034130413828528695	42.0	0.0	0.0	8.0
0.15708758777832654	0.6023248207675981	0.03345110611656255	39.0	0.0	0.0	8.0
0.7775243772264396	0.10512089840604656	0.029979650444762	14.0	0.0	0.0	8.0
0.8934209613783258	0.780321959223982	0.033596329464772985	57.0	0.0	0.0	8.0
0.12018361295005542	0.5449558344678542	0.03348136559939506	88.0	0.0	0.0	8.0
0.8346221096684243	0.06092259698740814	0.03209214908737325	7.0	0.0	0.0	8.0
0.9290218633022179	0.5211760107676843	0.032777969642258216	45.0	0.0	0.0	8.0
0.5212913266599046	0.653133749127498	0.03238102701675886	33.0	0.0	0.0	8.0
0.41057189574496705	0.7511934247330668	0.03137498929549963	69.0	0.0	0.0	8.0
0.2754462648861652	0.8677017427607083	0.030518430229952112	40.0	0.0	0.0	8.0
0.09807376077750192	0.3727904835959811	0.031977443717700525	37.0	0.0	0.0	8.0
0.4201495007674366	0.39956493040943364	0.03389504442959006	44.0	0.0	0.0	8.0
0.6414154855918107	0.38456824001854306	0.03111376081575998	18.0	0.0	0.0	8.0
0.8789845943574378	0.6034118957756198	0.031856816058313836	15.0	0.0	0.0	8.0
0.06589921687607121	0.870650887157037	0.03317351430915493	23.0	0.0	0.0	8.0
0.522742809487657	0.7376054798848635	0.03593785580129715	48.0	0.0	0.005279443925886085	8.0
0.48506752243249757	0.9209348082042683	0.033712904913553575	21.0	0.0	0.0	8.0
0.48509403086021696	0.2076784883155407	0.031847052115742944	62.0	0.0	0.0	8.0
0.06460407863182221	0.4451607482184443	0.033985356896684804	73.0	0.0	0.0	8.0
0.4874796333675145	0.8119158976602715	0.035727086812823106	75.0	0.0	0.0024600207918155093	8.0
0.5756656730155476	0.48088878530261664	0.03271507916160562	9.0	0.0	0.0	8.0
0.662690978683711	0.7842541885635694	0.032126378136674266	60.0	0.0	0.0	8.0
0.3701811090997697	0.2317699831589461	0.033358436940339124	16.0	0.0	0.0	8.0
0.35652180050958865	0.545190816906889	0.031889818858188194	78.0	0.0	0.0	8.0
0.6924490452544342	0.07788269802845603	0.03288455103388364	82.0	0.0	0.0	8.0
0.34863445636828977	0.79492960939444	0.034257325973739275	43.0	0.0	0.0	8.0
0.29576187042066	0.15224687352382102	0.03301386475691431	56.0	0.0	0.0	8.0
0.7047844974210216	0.1480424508707554	0.03167401972992803	31.0	0.0	0.0	8.0
0.6488183551174622	0.6223170075506026	0.029648270832101798	65.0	0.0	0.0	8.0
0.626807241930031	0.2435613248618385	0.03284614442815289	11.0	0.0	0.0	8.0
0.12873582496862584	0.7617222181874547	0.03294446426342458	20.0	0.0	0.0	8.0
0.43210099358266046	0.29693268013651514	0.03147858962246975	87.0	0.0	0.0	8.0
0.2796835798087501	0.23373720921254326	0.0341667394085629	79.0	0.0	0.0	8.0
0.07714252333754593	0.6161707723412663	0.03217291770315532	5.0	0.0	0.0	8.0
0.33374604227635274	0.3962041093761765	0.030748693419978244	61.0	0.0	0.0	8.0
0.3468848461510192	0.8917932453780036	0.029585008894234904	55.0	0.0	0.0	8.0
0.4812198234594063	0.36979925883238857	0.030819360139391468	86.0	0.0	0.0	8.0
0.11876990345464569	0.28601600656718146	0.03302953789568411	68.0	0.0	0.0	8.0
0.4133553560982284	0.8682984177932217	0.03348666057293263	47.0	0.0	0.0	8.0
0.9047151796563088	0.9753958347631169	0.030941698138938708	77.0	0.0	0.0	8.0
0.3620137457727347	0.12850422844738077	0.03131686525684951	67.0	0.0	0.0	8.0
0.7130536641976359	0.2777236646293165	0.035767819576515404	4.0	0.0	0.002897060177218691	8.0
0.8350863800831066	0.6651003569334095	0.03247953122241956	25.0	0.0	0.0	8.0
0.7042991028375403	0.9198458586533684	0.030831236739746085	49.0	0.0	0.0	8.0
0.22056354994327232	0.19349039712094965	0.03278855889449104	13.0	0.0	0.0	8.0
0.2387829136244921	0.346696018859192	0.030727564519732627	1.0	0.0	0.0	8.0
0.2707630215504505	0.43752085619986014	0.0319594851070891	36.0	0.0	0.0	8.0
0.7879957634092367	0.7579758694837361	0.03153399910338419	12.0	0.0	0.0	8.0
0.9516654651017066	0.5901273884907751	0.034708242089148585	84.0	0.0	0.0	8.0
0.09387731743992773	0.9455385116858183	0.033338130625901255	6.0	0.0	0.0	8.0
0.032779159424008886	0.26436504768325586	0.03526221877449937	24.0	0.0	0.00011539083712364118	8.0
0.8526859041812954	0.33786075148802813	0.03115532596022283	17.0	0.0	0.0	8.0
0.9364646041415061	0.19785161198269507	0.03151190637145918	70.0	0.0	0.0	8.0
0.4432079878174232	0.6892803734209635	0.030581931869478895	10.0	0.0	0.0	8.0
0.18946942846795609	0.41374765241660955	0.0316525759302712	72.0	0.0	0.0	8.0
0.7377345367958609	0.6050432959346028	0.03403277531001025	50.0	0.0	0.0	8.0
0.37120858150600844	0.6660248608766548	0.03590712664164359	63.0	0.0	0.004777313481639567	8.0
0.20307757632967677	0.26616468204051513	0.03218625752430002	2.0	0.0	0.0	8.0
0.5011760464884222	0.09378564248101132	0.0331783607916111	76.0	0.0	0.0	8.0
0.13829476002054175	0.463806511347883	0.029317722720999653	66.0	0.0	0.0	8.0
0.7190047107286499	0.716700019343368	0.03332732921356864	34.0	0.0	0.0	8.0
0.31046395476043837	0.31354124031503516	0.03154856227559866	29.0	0.0	0.0	8.0
0.5475960191720781	0.8694942453292609	0.03178349100784127	35.0	0.0	0.0	8.0
0.3425646086324507	0.46685293334028455	0.03465038093026291	83.0	0.0	0.0	8.0
0.42338233619102283	0.5400902230442027	0.03329426127123787	19.0	0.0	0.0	8.0
0.7188943926581695	0.391406166547687	0.035027298669508974	26.0	0.0	1.301980319112772e-07	8.0
0.8140502937883192	0.8277261749576793	0.03206020383553183	58.0	0.0	0.0	8.0
0.9128114884057567	0.7009427185401138	0.03295656658791809	54.0	0.0	0.0	8.0
0.44372919161946156	0.14694950991898373	0.03286084551631325	30.0	0.0	0.0	8.0
0.9664318173033188	0.4500167410300322	0.03442607350506983	59.0	0.0	0.0	8.0
0.5675699156815069	0.7977635349344349	0.033724810276749534	41.0	0.0	0.0	8.0
0.3177761637623614	0.6078370376965996	0.031042634822203506	53.0	0.0	0.0	8.0
0.426021488660578	0.47295211863090164	0.03160019360901821	8.0	0.0	0.0	9.0
0.876129250433996	0.1301626738927684	0.03289730779104621	27.0	0.0	0.0	9.0
0.7248982541157228	0.39184161586258753	0.03506232596817848	26.0	0.0	1.5494839260554727e-06	9.0
0.5003941499030029	0.09314934456182444	0.03321153915240271	76.0	0.0	0.0	9.0
0.6266442081767862	0.24463208979605125	0.032878990572581035	11.0	0.0	0.0	9.0
0.37580112403623456	0.9841298640114258	0.03156448469302329	71.0	0.0	0.0	9.0
0.6351089243818677	0.38222526108865545	0.031144874576575738	18.0	0.0	0.0	9.0
0.8763429375706758	0.6107179251665046	0.031888672874372144	15.0	0.0	0.0	9.0
0.8233101796127253	0.42658838774492397	0.03416454424235722	42.0	0.0	0.0	9.0
0.3709549175481312	0.23313328680349524	0.03339179537727946	16.0	0.0	0.0	9.0
0.9014930980639282	0.8596962856571332	0.03128425395605085	28.0	0.0	0.0	9.0
0.4938301191507351	0.20831210114753418	0.03187889916785868	62.0	0.0	0.0	9.0
0.20336678522321963	0.26347283323885257	0.03221844378182432	2.0	0.0	0.0	9.0
0.8370170718154317	0.06029834458307975	0.03212424123646062	7.0	0.0	0.0	9.0
0.10993655016268714	0.5354850424463147	0.03351484696499445	88.0	0.0	0.0	9.0
0.09640710242508423	0.9462836832828113	0.033371468756527155	6.0	0.0	0.0	9.0
0.41064149055271576	0.7522973843308601	0.031406364284795124	69.0	0.0	0.0	9.0
0.35734706359100005	0.5532061644444478	0.03192170867704638	78.0	0.0	0.0	9.0
0.4428495898850705	0.14854568878442315	0.03289370636182956	30.0	0.0	0.0	9.0
0.7091824479018028	0.2733454284167344	0.035803587396091914	4.0	0.0	0.0033210798927996166	9.0
0.4502778744065578	0.6917952161946922	0.03061251380134837	10.0	0.0	0.0	9.0
0.22241698905067622	0.1942461818155024	0.032821347453385524	13.0	0.0	0.0	9.0
0.96676272898433	0.4509021776241677	0.034460499578574895	59.0	0.0	0.0	9.0
0.9139776784176484	0.7007913647422033	0.032989523154506005	54.0	0.0	0.0	9.0
0.3442117712487558	0.8901742203259582	0.029614593903129136	55.0	0.0	0.0	9.0
0.1012301087778095	0.37087875022811156	0.03200942116141822	37.0	0.0	0.0	9.0
0.28168222579205865	0.709849930457912	0.03609096555115156	46.0	0.0	0.008310230806117147	9.0
0.5255285149036233	0.7342042707769496	0.03597379365709844	48.0	0.0	0.005909909060648033	9.0
0.778652688488264	0.7604740858400858	0.031565533102487574	12.0	0.0	0.0	9.0
0.3124426041478863	0.6173705564589586	0.031073677457025706	53.0	0.0	0.0	9.0
0.5566437596501201	0.16263951320400516	0.03459180738372899	74.0	0.0	0.0	9.0
0.9617659805148837	0.5910717614974597	0.034742950331237726	84.0	0.0	0.0	9.0
0.9348227697327288	0.20706863100928766	0.03154341827783064	70.0	0.0	0.0	9.0
0.021646688089488622	0.2666022118073602	0.035297480993273865	24.0	0.0	0.0001684836035593662	9.0
0.2713897983193901	0.43669373948219026	0.03199144459219618	36.0	0.0	0.0	9.0
0.4860532347534112	0.8133558307134012	0.035762813899635926	75.0	0.0	0.0028407680043613937	9.0
0.11687179311015769	0.287426347673566	0.03306256743357979	68.0	0.0	0.0	9.0
0.9755375008604225	0.6704984386398156	0.033319614323490024	51.0	0.0	0.0	9.0
0.5471806251736957	0.867836591387894	0.03181527449884911	35.0	0.0	0.0	9.0
0.5784886580571309	0.4798400054285088	0.03274779424076722	9.0	0.0	0.0	9.0
0.8921257955321715	0.7810303766271649	0.03362992579423776	57.0	0.0	0.0	9.0
0.34953955606954507	0.794113965830933	0.03429158329971301	43.0	0.0	0.0	9.0
0.4839839168847633	0.36802846722424915	0.030850179499530856	86.0	0.0	0.0	9.0
0.17801620658570638	0.40641024876404414	0.03168422850620147	72.0	0.0	0.0	9.0
0.9038033691990199	0.9776119238385383	0.030972639837077643	77.0	0.0	0.0	9.0
0.5209652685035292	0.5596204535371656	0.032824862677436735	32.0	0.0	0.0	9.0
0.6488049641650425	0.6201900618550695	0.029677919102933898	65.0	0.0	0.0	9.0
0.12937658045262102	0.7627293626812345	0.032977408727688	20.0	0.0	0.0	9.0
0.4382380764582069	0.6159364687238585	0.03301642099127016	64.0	0.0	0.0	9.0
0.7204764568412302	0.7149030898281528	0.033360656542782204	34.0	0.0	0.0	9.0
0.3326566800350383	0.3954668834963082	0.03077944211339822	61.0	0.0	0.0	9.0
0.7203277094173697	0.46579625827884835	0.0350776648824657	22.0	0.0	2.998154727151814e-06	9.0
0.43088130077028447	0.2968055203307289	0.031510068212092214	87.0	0.0	0.0	9.0
0.703892546535681	0.14673335615498548	0.031705693749657954	31.0	0.0	0.0	9.0
0.4270975762478455	0.5399237591796648	0.03332755553250911	19.0	0.0	0.0	9.0
0.30956551416994416	0.3103039866170172	0.03158011083787425	29.0	0.0	0.0	9.0
0.6950993666967453	0.9176937824441888	0.03086206797648583	49.0	0.0	0.0	9.0
0.8406971736963961	0.33140099507748916	0.031186481286183048	17.0	0.0	0.0	9.0
0.4173316230880487	0.8670999148763754	0.03352014723350556	47.0	0.0	0.0	9.0
0.23785141310634864	0.3460483771766698	0.030758292084252358	1.0	0.0	0.0	9.0
0.2921566362403639	0.14140711442121806	0.03304687862167122	56.0	0.0	0.0	9.0
0.7672206621064754	0.10099477267161774	0.03000963009520676	14.0	0.0	0.0	9.0
0.839278454984755	0.6654044006154365	0.032512010753641976	25.0	0.0	0.0	9.0
0.3655071667183871	0.13024697564322651	0.03134818212210636	67.0	0.0	0.0	9.0
0.35124124285268216	0.4609810212666776	0.03468503131119317	83.0	0.0	0.0	9.0
0.6969316070609701	0.07786858737739799	0.03291743558491752	82.0	0.0	0.0	9.0
0.930016142213283	0.5218218513805174	0.03281074761190047	45.0	0.0	0.0	9.0
0.06793440462662893	0.8688627670636262	0.03320668782346408	23.0	0.0	0.0	9.0
0.15263908664846979	0.5987968536947949	0.03348455722267911	39.0	0.0	0.0	9.0
0.06473479825761944	0.4439440585663887	0.03401934225358148	73.0	0.0	0.0	9.0
0.1990008187826878	0.8132533151962101	0.033707567524665624	52.0	0.0	0.0	9.0
0.41971055846370037	0.3887454669288901	0.03392893947401964	44.0	0.0	0.0	9.0
0.6408569836619086	0.17527107854335525	0.03032179851781511	81.0	0.0	0.0	9.0
0.18411567009599816	0.8944879055628279	0.034463816499552435	80.0	0.0	0.0	9.0
0.5229722660741618	0.6542868207281544	0.03241340804377561	33.0	0.0	0.0	9.0
0.4937124912273247	0.9169568448988438	0.03374661781846713	21.0	0.0	0.0	9.0
0.27419081361502623	0.8677927983921171	0.03054894866018206	40.0	0.0	0.0	9.0
0.5698247524980817	0.7960210887287547	0.03375853508702628	41.0	0.0	0.0	9.0
0.8188241831369528	0.8250758160636318	0.03209226403936735	58.0	0.0	0.0	9.0
0.19074510494242916	0.1187753826829836	0.032620441072970296	38.0	0.0	0.0	9.0
0.9065947170536338	0.3942404600665156	0.03174041546601671	85.0	0.0	0.0	9.0
0.07692411904415766	0.617396862205681	0.032205090620858474	5.0	0.0	0.0	9.0
0.591492242865757	0.7033783108930015	0.035011938859223775	3.0	0.0	1.0891014312619518e-08	9.0
0.143166352739701	0.46279557374172453	0.02934704044372065	66.0	0.0	0.0	9.0
0.6615668232762177	0.7848149909159289	0.032158504514810934	60.0	0.0	0.0	9.0
0.2803711866339199	0.23502302253705576	0.03420090614797146	79.0	0.0	0.0	9.0
0.735555521995833	0.6061997487851931	0.034066808085320255	50.0	0.0	0.0	9.0
0.3731974784453489	0.6617381470937368	0.035943033768285226	63.0	0.0	0.005367372130990589	9.0
0.37282778224674673	0.6605702970034745	0.03597897680205351	63.0	0.0	0.006004781049540497	10.0
0.20134179240312075	0.8122814931028389	0.033741275092190284	52.0	0.0	0.0	10.0
0.20457834908624023	0.26411583781277487	0.03225066222560614	2.0	0.0	0.0	10.0
0.8897743243970113	0.7796061401892849	0.03366355572003199	57.0	0.0	0.0	10.0
0.4928863400884018	0.2067201490493045	0.03191077806702654	62.0	0.0	0.0	10.0
0.8283482667350294	0.8250458352120339	0.032124356303406716	58.0	0.0	0.0	10.0
0.5474984290373245	0.8667941030574616	0.03184708977334796	35.0	0.0	0.0	10.0
0.5795865215279323	0.4796693078974131	0.032780542035007985	9.0	0.0	0.0	10.0
0.8809154715648412	0.13475693167668867	0.03293020509883725	27.0	0.0	0.0	10.0
0.5232157882661237	0.5603142775151708	0.032857687540114165	32.0	0.0	0.0	10.0
0.359562888576497	0.5455953438752373	0.03195363038572342	78.0	0.0	0.0	10.0
0.8949170963875118	0.9737910418611071	0.031003612476914716	77.0	0.0	0.0	10.0
0.6493833674564515	0.6189011516052673	0.02970759702203683	65.0	0.0	0.0	10.0
0.11851999582801233	0.2886190872914068	0.033095630001013364	68.0	0.0	0.0	10.0
0.7095862248301429	0.27448699148247563	0.035839390983488005	4.0	0.0	0.0037850609170675398	10.0
0.15095227601276662	0.5996920825698074	0.03351804177990179	39.0	0.0	0.0	10.0
0.2748804663213852	0.8689075479159206	0.03057949760884224	40.0	0.0	0.0	10.0
0.4922940657717505	0.91574191596173	0.03378036443628559	21.0	0.0	0.0	10.0
0.6601624554540607	0.790904778316692	0.032190663019325744	60.0	0.0	0.0	10.0
0.694939981946407	0.9153959959291834	0.03089293004446231	49.0	0.0	0.0	10.0
0.4482420584657893	0.6113265864782553	0.03304943741226143	64.0	0.0	0.0	10.0
0.5705713784254121	0.7953651016717596	0.033792293622113306	41.0	0.0	0.0	10.0
0.4297321202390142	0.29856256419059674	0.0315415782803043	87.0	0.0	0.0	10.0
0.905386346518104	0.8549428210496341	0.0313155382100069	28.0	0.0	0.0	10.0
0.7041021813071257	0.14551200996809827	0.03173739944340761	31.0	0.0	0.0	10.0
0.5222953386957581	0.6566676484822689	0.03244582145181939	33.0	0.0	0.0	10.0
0.23921446388135012	0.35108249187456725	0.030789050376336606	1.0	0.0	0.0	10.0
0.6315010319837969	0.3880570316241725	0.03117601945115231	18.0	0.0	0.0	10.0
0.1915219506198906	0.12196034037562697	0.03265306151404326	38.0	0.0	0.0	10.0
0.10243069085082457	0.37032630503774117	0.03204143058257964	37.0	0.0	0.0	10.0
0.42672744832230197	0.46308587302743903	0.03163179380262723	8.0	0.0	0.0	10.0
0.023105015869018506	0.267835486419242	0.035332778474267135	24.0	0.0	0.00023585530696834667	10.0
0.9390224565241813	0.5180830073581923	0.032843558359512366	45.0	0.0	0.0	10.0
0.3478066355163755	0.792386491750377	0.03432587488301272	43.0	0.0	0.0	10.0
0.9879023799540719	0.667769686036613	0.03335293393781351	51.0	0.0	0.0	10.0
0.35290723566970006	0.4623543108312857	0.034719716342504356	83.0	0.0	0.0	10.0
0.08472237866310674	0.6143874195430797	0.032237295711479326	5.0	0.0	0.0	10.0
0.05924572314901319	0.44141827277340573	0.03405336159583506	73.0	0.0	0.0	10.0
0.5529279203651528	0.15558450141409796	0.03462639919111271	74.0	0.0	0.0	10.0
0.8430519811597477	0.3202303120515611	0.031217667767469228	17.0	0.0	0.0	10.0
0.4146488007627271	0.868115889310566	0.03355366738073907	47.0	0.0	0.0	10.0
0.8386403430453705	0.05721634969924136	0.032156365477697076	7.0	0.0	0.0	10.0
0.1719172583854704	0.3995125107333178	0.03171591273470767	72.0	0.0	0.0	10.0
0.41213292521746636	0.7531626428223855	0.03143777064907992	69.0	0.0	0.0	10.0
0.33344437340635313	0.3948738753130837	0.030810221555511615	61.0	0.0	0.0	10.0
0.9647258483407138	0.4502318379391297	0.03449496007815347	59.0	0.0	0.0	10.0
0.2770719720836893	0.7107161545559314	0.036127056516702706	46.0	0.0	0.009162564763570913	10.0
0.5219197249180125	0.7255937574802341	0.036009767450755535	48.0	0.0	0.006589372757730416	10.0
0.876981119840659	0.6115491689075988	0.03192056154724651	15.0	0.0	0.0	10.0
0.375662470297548	0.981685450811748	0.03159604917771631	71.0	0.0	0.0	10.0
0.09620456539609559	0.9451867163172571	0.03340484022528368	6.0	0.0	0.0	10.0
0.37236648931211225	0.23395221269012556	0.03342518717265674	16.0	0.0	0.0	10.0
0.45098408046225286	0.6926686189706441	0.030643126315149715	10.0	0.0	0.0	10.0
0.42898275046428264	0.5458436689350956	0.03336088308804162	19.0	0.0	0.0	10.0
0.8273932285031055	0.4257410862751531	0.03419870878659958	42.0	0.0	0.0	10.0
0.41769516666533846	0.38873912267940974	0.033962868413493656	44.0	0.0	0.0	10.0
0.9349794567129424	0.20515847434475049	0.03157496169610846	70.0	0.0	0.0	10.0
0.725156860248934	0.3896900357315645	0.03509738829414665	26.0	0.0	5.911534799452056e-06	10.0
0.4425883818534204	0.15891584709346862	0.03292660006819139	30.0	0.0	0.0	10.0
0.6409897156543076	0.17790418761263815	0.03035212031633292	81.0	0.0	0.0	10.0
0.49827031032830477	0.09813194852876687	0.03324475069155511	76.0	0.0	0.0	10.0
0.10815599358175623	0.5378657170216997	0.03354836181195944	88.0	0.0	0.0	10.0
0.9158316633266532	0.9519038076152304	0.04248496993987976	-2.0	-1.0	2.6838000433298532	10.0
0.2896507351817859	0.13762786381648118	0.033079925500292894	56.0	0.0	0.0	10.0
0.3138190043674328	0.6182401618106309	0.031104751134482727	53.0	0.0	0.0	10.0
0.27199170866344846	0.43785420700747496	0.03202343603678837	36.0	0.0	0.0	10.0
0.7768930456889012	0.7502222893061659	0.03159709863559006	12.0	0.0	0.0	10.0
0.3421312660064407	0.8880473580758216	0.02964420849703226	55.0	0.0	0.0	10.0
0.9226397440090861	0.7062640306775028	0.03302251267766051	54.0	0.0	0.0	10.0
0.6961398553881338	0.07049925732108357	0.032950353020502435	82.0	0.0	0.0	10.0
0.3647915915068405	0.1295154562634058	0.031379530304228465	67.0	0.0	0.0	10.0
0.7703141015407505	0.10419722622640765	0.030039639725301964	14.0	0.0	0.0	10.0
0.4850866018826935	0.8128962014575029	0.035798576713535556	75.0	0.0	0.00325934175290854	10.0
0.9092116213129453	0.39511998418306876	0.03177215588148272	85.0	0.0	0.0	10.0
0.07245607963116513	0.8727853540708087	0.03323989451128754	23.0	0.0	0.0	10.0
0.31392629926586546	0.3159839866542121	0.03161169094871212	29.0	0.0	0.0	10.0
0.7171900610970238	0.7200686724268714	0.033394017199324985	34.0	0.0	0.0	10.0
0.14927591701392626	0.46144727997423524	0.029376387484164365	66.0	0.0	0.0	10.0
0.7219605632622809	0.4702341292730829	0.03511274254734816	22.0	0.0	9.171566162535782e-06	10.0
0.7327342903502025	0.605028554364286	0.03410087489340557	50.0	0.0	0.0	10.0
0.9589890086591564	0.5921233899945305	0.03477769328156896	84.0	0.0	0.0	10.0
0.48821661221823276	0.3610895064972126	0.030881029679030385	86.0	0.0	0.0	10.0
0.1952392421502088	0.8869600283481291	0.03449828031605198	80.0	0.0	0.0	10.0
0.6311580248433576	0.24565806866744294	0.03291186956315361	11.0	0.0	0.0	10.0
0.8416853121123433	0.6672402370173347	0.032544522764395616	25.0	0.0	0.0	10.0
0.2138986603169869	0.1863699670568087	0.032854168800838905	13.0	0.0	0.0	10.0
0.13666637846512442	0.7651794153088706	0.03301038613641569	20.0	0.0	0.0	10.0
0.6016477783871742	0.698903291034173	0.035046950798082996	3.0	0.0	6.623825896667768e-07	10.0
0.28789266222149384	0.2348857858065397	0.034235107054119425	79.0	0.0	0.0	10.0
0.4921322079398388	0.9128884233365465	0.033814144800721875	21.0	0.0	0.0	11.0
0.6914525384928201	0.06921425602590002	0.03298330337352293	82.0	0.0	0.0	11.0
0.578546897505736	0.4782608883180434	0.03281332257704299	9.0	0.0	0.0	11.0
0.5236633761923349	0.7249459657501914	0.03604577721820629	48.0	0.0	0.007319771163892597	11.0
0.0944660049016608	0.9465477726981625	0.03343824506550896	6.0	0.0	0.0	11.0
0.14157469408217574	0.4592314085985953	0.029405763871648526	66.0	0.0	0.0	11.0
0.13104084425339155	0.7691434335696494	0.0330433965225521	20.0	0.0	0.0	11.0
0.49228933987189416	0.20499788833239532	0.03194268884509356	62.0	0.0	0.0	11.0
0.27144864469456936	0.44214431210331556	0.032055459472825155	36.0	0.0	0.0	11.0
0.28004532822748207	0.709653920126084	0.036163183573219404	46.0	0.0	0.010072209605880289	11.0
0.4405534170364342	0.5371032485499372	0.03339424397112965	19.0	0.0	0.0	11.0
0.41094758967128125	0.7503780763485698	0.03146920841972899	69.0	0.0	0.0	11.0
0.11707214654399807	0.29124644276051015	0.03312872563101437	68.0	0.0	0.0	11.0
0.9657221918836381	0.45043206158781773	0.03452945503823162	59.0	0.0	0.0	11.0
0.02241708693246986	0.266878534654508	0.0353681112527414	24.0	0.0	0.0003192399650515654	11.0
0.32912549881578873	0.38986361263087266	0.030841031777067124	61.0	0.0	0.0	11.0
0.9061888941924109	0.39152275166789346	0.031803928037364204	85.0	0.0	0.0	11.0
0.826021602411272	0.42762397733822405	0.034232907495386176	42.0	0.0	0.0	11.0
0.10602296087683795	0.3752575710499506	0.03207347201316221	37.0	0.0	0.0	11.0
0.9910913658903524	0.6723873376645361	0.03338628687175132	51.0	0.0	0.0	11.0
0.6996229171516893	0.9286356475645222	0.03092382297450677	49.0	0.0	0.0	11.0
0.7374730414404953	0.6027753011349588	0.03413497576829897	50.0	0.0	0.0	11.0
0.05796382413742737	0.44247495112010077	0.03408741495743089	73.0	0.0	0.0	11.0
0.20159762073485857	0.809900338153613	0.03377501636728247	52.0	0.0	0.0	11.0
0.7279328078670294	0.46397301154631065	0.03514785528989551	22.0	0.0	2.0686669472524954e-05	11.0
0.350072868604389	0.792350819560045	0.034360200757895726	43.0	0.0	0.0	11.0
0.42399872382386733	0.45848310224755523	0.03166342559642985	8.0	0.0	0.0	11.0
0.37082273372547453	0.6592857806905272	0.03601495577885556	63.0	0.0	0.006691466929723333	11.0
0.664562777368033	0.7898754196526104	0.032222853682345065	60.0	0.0	0.0	11.0
0.9508915054947992	0.5941796676992387	0.034812470974850525	84.0	0.0	0.0	11.0
0.36169740651535937	0.23694942528479704	0.033458612359829394	16.0	0.0	0.0	11.0
0.43088800469739064	0.2985152360291233	0.0315731198585846	87.0	0.0	0.0	11.0
0.23631398635510958	0.351000296465308	0.03081983942671294	1.0	0.0	0.0	11.0
0.5030622897815473	0.08708315628331433	0.03327799544224666	76.0	0.0	0.0	11.0
0.34241715514144655	0.8870172447112732	0.02967385270552929	55.0	0.0	0.0	11.0
0.47838204377831844	0.8164544633525818	0.03583437529024909	75.0	0.0	0.0037176138406067594	11.0
0.5219026908149698	0.6555349151901183	0.0324782672732712	33.0	0.0	0.0	11.0
0.8906095365030616	0.7788534768335039	0.03369721927575202	57.0	0.0	0.0	11.0
0.7082606841992449	0.27248789011581304	0.03587523037447149	4.0	0.0	0.004290887396422249	11.0
0.20050253942952717	0.2652900283811912	0.03228291288783174	2.0	0.0	0.0	11.0
0.6355996387829224	0.3878892124939821	0.03120719547060346	18.0	0.0	0.0	11.0
0.89691648717827	0.9717979350440521	0.031034616089391627	77.0	0.0	0.0	11.0
0.6369955866960555	0.17516837624327217	0.030382472436649252	81.0	0.0	0.0	11.0
0.6034262892910539	0.7116616502506239	0.03508199774888107	3.0	0.0	3.528464588953284e-06	11.0
0.4166217753858706	0.38967029767147343	0.03399683128190715	44.0	0.0	0.0	11.0
0.9047509491636486	0.8559698726246866	0.0313468537482169	28.0	0.0	0.0	11.0
0.5486740077650855	0.8739448703315515	0.0318789368631213	35.0	0.0	0.0	11.0
0.2915328554483564	0.13526993568286041	0.03311300542579318	56.0	0.0	0.0	11.0
0.844990789737725	0.05280109291677506	0.03218852184317477	7.0	0.0	0.0	11.0
0.2164606552097829	0.1856364210367007	0.03288702296963974	13.0	0.0	0.0	11.0
0.9239413472627341	0.7050302821563411	0.033055535190338166	54.0	0.0	0.0	11.0
0.17257067548672367	0.4006982411912724	0.03174762864744237	72.0	0.0	0.0	11.0
0.8782539077378999	0.6111829498935861	0.031952482108793756	15.0	0.0	0.0	11.0
0.45189883338327075	0.6908849770794795	0.03067376944146486	10.0	0.0	0.0	11.0
0.7862271146561564	0.753161404239383	0.031628695734225644	12.0	0.0	0.0	11.0
0.27678892135637145	0.8677185368972486	0.03061007710645108	40.0	0.0	0.0	11.0
0.23046092184368736	0.16833667334669336	0.027254509018036072	-2.0	-1.0	0.0	11.0
0.07097919292046685	0.6151055203177541	0.0322695330071908	5.0	0.0	0.0	11.0
0.9443222489224671	0.20489371289690655	0.031606536657804565	70.0	0.0	0.0	11.0
0.650662980392969	0.6158459511366179	0.029737304619058862	65.0	0.0	0.0	11.0
0.8425751055045014	0.6773092086964269	0.032577067287160005	25.0	0.0	0.0	11.0
0.48441483635035276	0.3491592504538769	0.03091191070870941	86.0	0.0	0.0	11.0
0.19209692514560855	0.8898278266795812	0.03453277859636803	80.0	0.0	0.0	11.0
0.3149039417114104	0.3154250024589625	0.03164330263966083	29.0	0.0	0.0	11.0
0.07116169412779105	0.8728628635575935	0.03327313440579882	23.0	0.0	0.0	11.0
0.10686782608773551	0.5377314183469041	0.0335819101737714	88.0	0.0	0.0	11.0
0.7708102109063812	0.1029695597201594	0.030069679365027264	14.0	0.0	0.0	11.0
0.716483342598005	0.7231779443758944	0.03342741121652431	34.0	0.0	0.0	11.0
0.724763355175143	0.38850689477809763	0.035132485682440796	26.0	0.0	1.488287435336133e-05	11.0
0.5507690342776644	0.15812111208226076	0.03466102559030382	74.0	0.0	0.0	11.0
0.413617129578854	0.8677177549285073	0.0335872210481198	47.0	0.0	0.0	11.0
0.5632222520146051	0.7896139345277604	0.03382608591573542	41.0	0.0	0.0	11.0
0.15729811278643074	0.6014292437602109	0.03355155982168168	39.0	0.0	0.0	11.0
0.28304123324163466	0.24517205398964695	0.03426934216117354	79.0	0.0	0.0	11.0
0.35419669565304246	0.464694243431198	0.03475443605884686	83.0	0.0	0.0	11.0
0.4496034221469692	0.6226519258144432	0.03308248684967369	64.0	0.0	0.0	11.0
0.44370053324119446	0.15978651035063335	0.032959526668259576	30.0	0.0	0.0	11.0
0.3694286959578468	0.13588101213997492	0.03141090983453269	67.0	0.0	0.0	11.0
0.8815807123574319	0.13679995484575422	0.03296313530393608	27.0	0.0	0.0	11.0
0.5236456889847775	0.5619020169934814	0.03289054522765428	32.0	0.0	0.0	11.0
0.8435108910877314	0.3214775657875353	0.031248885435236694	17.0	0.0	0.0	11.0
0.35713076463295473	0.5367533684795412	0.03198558401610914	78.0	0.0	0.0	11.0
0.6326862717413082	0.2512011278114517	0.03294478143271676	11.0	0.0	0.0	11.0
0.37219431285242954	0.9787897614480203	0.03162764522689402	71.0	0.0	0.0	11.0
0.830133918294525	0.8238373955469148	0.03215648065971012	58.0	0.0	0.0	11.0
0.18242196339130345	0.12018190583437911	0.0326857145755573	38.0	0.0	0.0	11.0
0.7094851819489643	0.14157940028505459	0.031769136842851015	31.0	0.0	0.0	11.0
0.9393555198348352	0.5163981932137767	0.032876401917871875	45.0	0.0	0.0	11.0
0.3135354825576755	0.6172185783728202	0.031135855885617205	53.0	0.0	0.0	11.0
