# x	y	r	id	split_id	s_prob	t
2.0	0.5	0.0	-1.0	0.0	0.0	0.0
0.6671213566135804	0.636316402726628	0.03399904302727172	1.0	0.0	0.0	0.0
0.9300015834455895	0.6281585575026376	0.03163458958755641	2.0	0.0	0.0	0.0
0.8058967029442519	0.4005290028142544	0.03250983859652049	3.0	0.0	0.0	0.0
0.5495108928510605	0.4578136903883865	0.032564563103153414	4.0	0.0	0.0	0.0
0.4647641922194694	0.9543236454533893	0.03153075685127975	5.0	0.0	0.0	0.0
0.3693468720350238	0.25958577169213226	0.032496876929536074	6.0	0.0	0.0	0.0
0.6007182824169147	0.6668243996688835	0.03366185448486755	7.0	0.0	0.0	0.0
0.08870769502194874	0.09556776379337946	0.030158895043614492	8.0	0.0	0.0	0.0
0.8818071563047658	0.8738540416316141	0.035822985199361855	9.0	0.0	0.003567434834153005	0.0
0.7973629523374144	0.6455081029411023	0.033041861392389224	10.0	0.0	0.0	0.0
0.1866195856687327	0.8932066691260975	0.03230861711859785	11.0	0.0	0.0	0.0
0.08309491148168724	0.3718414424973623	0.031309323776159345	12.0	0.0	0.0	0.0
0.4142491403571159	0.7291886612273446	0.03206982554638282	13.0	0.0	0.0	0.0
0.9312488686767587	0.3793251538843776	0.031170716146945346	14.0	0.0	0.0	0.0
0.9412271505261125	0.46039869391037713	0.03315505341116267	15.0	0.0	0.0	0.0
0.47973161499350003	0.7079848122974679	0.03268026655267588	16.0	0.0	0.0	0.0
0.8564117548066054	0.5046773196168846	0.031066775665287594	17.0	0.0	0.0	0.0
0.46414054960388473	0.07935305578817956	0.0336364656831735	18.0	0.0	0.0	0.0
0.5447900804274322	0.3282324947678702	0.030278254029002277	19.0	0.0	0.0	0.0
0.8632323476223008	0.6581209784750788	0.03315761048948151	20.0	0.0	0.0	0.0
0.08381149282560191	0.5061557057384113	0.03288101652826206	21.0	0.0	0.0	0.0
0.35444191427751864	0.8662428057359071	0.03168382108934067	22.0	0.0	0.0	0.0
0.928222044770104	0.8163353645415853	0.03184653161195977	23.0	0.0	0.0	0.0
0.30277779226563295	0.7714649693085329	0.03282355300303625	24.0	0.0	0.0	0.0
0.9625706455344903	0.9041389484511507	0.03034166441487188	25.0	0.0	0.0	0.0
0.2876496893934397	0.22777999829731707	0.0331158416792047	26.0	0.0	0.0	0.0
0.1691575924323636	0.6674480422844681	0.030970314603905594	27.0	0.0	0.0	0.0
0.17539401858820972	0.7584998641598214	0.03100151875408634	28.0	0.0	0.0	0.0
0.7397905856922831	0.3481430231051471	0.030142413270337984	29.0	0.0	0.0	0.0
0.25459663076745537	0.6237930591935453	0.03463340545516183	30.0	0.0	0.0	0.0
0.1057597702360578	0.43971398415723467	0.03423944418652681	31.0	0.0	0.0	0.0
0.15709423652382706	0.5446641949598001	0.03432251089353876	32.0	0.0	0.0	0.0
0.27333857539637413	0.4916506549356951	0.03292204395361766	33.0	0.0	0.0	0.0
0.7843958018250701	0.2535074519053236	0.034375517236436844	34.0	0.0	0.0	0.0
0.8411633319667918	0.1485662900535446	0.030877794653486532	35.0	0.0	0.0	0.0
0.47603509301742236	0.42789963600585623	0.030976876036912893	36.0	0.0	0.0	0.0
0.9262597277520819	0.5314939520870228	0.03128134455698908	37.0	0.0	0.0	0.0
0.45727061698308724	0.3521381265257206	0.034018760206364025	38.0	0.0	0.0	0.0
0.6880159571116333	0.15615790557760983	0.0331340995335049	39.0	0.0	0.0	0.0
0.2281340427991839	0.5449803712929507	0.03198545726135192	40.0	0.0	0.0	0.0
0.3834479940387161	0.7989993687840926	0.03436630694002903	41.0	0.0	0.0	0.0
0.7618317227821672	0.16461150977936767	0.03251955999117135	42.0	0.0	0.0	0.0
0.3793251538843776	0.05253642331804127	0.032793030586250244	43.0	0.0	0.0	0.0
0.25175879812233004	0.332890585322366	0.03423552583223361	44.0	0.0	0.0	0.0
0.7243882449416466	0.6823268040798249	0.03535078412967684	45.0	0.0	0.0002762484079426031	0.0
0.4767449131701997	0.2860183298009308	0.0302287336446771	46.0	0.0	0.0	0.0
0.8568712954029223	0.2961034079688584	0.0337626875507521	47.0	0.0	0.0	0.0
0.07932597797619001	0.5834226361481569	0.03380875887946512	48.0	0.0	0.0	0.0
0.3306810298687779	0.42485106482205426	0.03148205445239386	49.0	0.0	0.0	0.0
0.5121610310038999	0.885722957739082	0.031184306962281548	50.0	0.0	0.0	0.0
0.4114501578676351	0.40992296266285116	0.030752975625738893	51.0	0.0	0.0	0.0
0.680544537211745	0.8807338168144052	0.034157345593527934	52.0	0.0	0.0	0.0
0.7093231705556191	0.23366862826928247	0.037061218065760834	53.0	0.0	0.056046925584411156	0.0
0.8091838591365227	0.5607052131492719	0.03228900298987037	54.0	0.0	0.0	0.0
0.8506568685573462	0.9441156142744933	0.03215034055625118	55.0	0.0	0.0	0.0
0.6568461178195297	0.7809509983208673	0.03277068445776671	56.0	0.0	0.0	0.0
0.4529149825233618	0.5308703094714382	0.03213467703503564	57.0	0.0	0.0	0.0
0.9150823566676183	0.158914802742084	0.03244162951338856	58.0	0.0	0.0	0.0
0.5102901031571461	0.5620524402506688	0.03290836297806083	59.0	0.0	0.0	0.0
0.19516960506966607	0.46763772943341275	0.03166606319561339	60.0	0.0	0.0	0.0
0.16600969228567888	0.3297637743990207	0.031820115707580164	61.0	0.0	0.0	0.0
0.07927572188949301	0.37124762892079977	0.031340633099935504	12.0	0.0	0.0	1.0
0.36750506672916466	0.25974269025965346	0.03252937380646561	6.0	0.0	0.0	1.0
0.5509445025518828	0.4557655212908144	0.03259712766625657	4.0	0.0	0.0	1.0
0.33052033176933465	0.429103165370476	0.031513536506846254	49.0	0.0	0.0	1.0
0.104269659402554	0.4398220592262819	0.034273683630713335	31.0	0.0	0.0	1.0
0.8584538256621123	0.9484464018629329	0.03218249089680742	55.0	0.0	0.0	1.0
0.4634140031751071	0.07839427951058707	0.03367010214885667	18.0	0.0	0.0	1.0
0.1859669201142713	0.8919287257791714	0.032340925735716446	11.0	0.0	0.0	1.0
0.8061106550832058	0.39853761589042525	0.03254234843511701	3.0	0.0	0.0	1.0
0.2290833767746973	0.5394117785969944	0.032017442718613266	40.0	0.0	0.0	1.0
0.4147325584379436	0.728298204474665	0.032101895371929194	13.0	0.0	0.0	1.0
0.16630259529471764	0.7631791371740119	0.031032520272840425	28.0	0.0	0.0	1.0
0.3841721849224803	0.7998080903471131	0.034400673246969056	41.0	0.0	0.0	1.0
0.7399445779121947	0.3459229785552284	0.03017255568360832	29.0	0.0	0.0	1.0
0.5173470267819856	0.5642376492515706	0.032941271341038886	59.0	0.0	0.0	1.0
0.8103830472897298	0.5614418951923335	0.03232129199286024	54.0	0.0	0.0	1.0
0.08737849422465999	0.09530934508372972	0.030189053938658103	8.0	0.0	0.0	1.0
0.7834736288989771	0.2541926483106014	0.034409892753673274	34.0	0.0	0.0	1.0
0.5060655176294798	0.8858572954545874	0.031215491269243827	50.0	0.0	0.0	1.0
0.7982794141147189	0.644999303418292	0.03307490325378161	10.0	0.0	0.0	1.0
0.9280471979270739	0.6255108745219208	0.031666224177143966	2.0	0.0	0.0	1.0
0.6806353393004431	0.8796268568446353	0.03419150293912146	52.0	0.0	0.0	1.0
0.14415737446390758	0.5463747999748206	0.03435683340443229	32.0	0.0	0.0	1.0
0.7321029951469964	0.6839784736785071	0.035386134913806516	45.0	0.0	0.00036846580437099874	1.0
0.08631142436912287	0.5073637668314268	0.032913897544790315	21.0	0.0	0.0	1.0
0.8762396556200917	0.8732887081381163	0.03585880818456121	9.0	0.0	0.0040538576825923656	1.0
0.4788414763761701	0.70964935670414	0.032712946819228546	16.0	0.0	0.0	1.0
0.3822184232181697	0.05388989146585284	0.03282582361683649	43.0	0.0	0.0	1.0
0.9287831181090345	0.37623605127101356	0.031201886863092287	14.0	0.0	0.0	1.0
0.2507521236369136	0.6173082033227297	0.034668038860616986	30.0	0.0	0.0	1.0
0.0796591878624397	0.5824991173170188	0.03384256763834458	48.0	0.0	0.0	1.0
0.9632259300199407	0.9005898422103379	0.03037200607928675	25.0	0.0	0.0	1.0
0.6582058782514958	0.7827221104335388	0.03280345514222447	56.0	0.0	0.0	1.0
0.5437884563027373	0.32989802541137986	0.030308532283031275	19.0	0.0	0.0	1.0
0.9425283823562008	0.812192938697952	0.03187837814357173	23.0	0.0	0.0	1.0
0.6850985019239696	0.15730494158844852	0.033167233633038404	39.0	0.0	0.0	1.0
0.47708492348925474	0.4354307195920154	0.0310078529129498	36.0	0.0	0.0	1.0
0.35023049930776	0.8602260426007494	0.03171550491043001	22.0	0.0	0.0	1.0
0.4784689885141861	0.28391331872219755	0.030258962378321774	46.0	0.0	0.0	1.0
0.303058322503947	0.7685032401045238	0.032856376556039284	24.0	0.0	0.0	1.0
0.41119517616672546	0.41146673411335283	0.030783728601364628	51.0	0.0	0.0	1.0
0.2845179881706054	0.22542232395323214	0.0331489575208839	26.0	0.0	0.0	1.0
0.19637752927053645	0.4645367762730964	0.031697729258808996	60.0	0.0	0.0	1.0
0.601917390748407	0.6680974601058587	0.03369551633935241	7.0	0.0	0.0	1.0
0.44618586801982746	0.5251312068102281	0.03216681171207068	57.0	0.0	0.0	1.0
0.4568239804338538	0.3511083236040142	0.034052778966570385	38.0	0.0	0.0	1.0
0.7080919664122067	0.24010960679533105	0.03709827928382659	53.0	0.0	0.059124822869605964	1.0
0.7545108757182794	0.170802583520192	0.032552079551162516	42.0	0.0	0.0	1.0
0.16698282350246083	0.3304494888162244	0.03185193582328774	61.0	0.0	0.0	1.0
0.6682285360914565	0.6371176250599111	0.03403304207029899	1.0	0.0	0.0	1.0
0.9161576051776851	0.15801703909575737	0.03247407114290195	58.0	0.0	0.0	1.0
0.8556033539500592	0.5040194528446267	0.03109784244095288	17.0	0.0	0.0	1.0
0.4639579302098982	0.9537478845991254	0.031562287608131026	5.0	0.0	0.0	1.0
0.9411910282113389	0.46183277738906997	0.03318820846457383	15.0	0.0	0.0	1.0
0.8512733237565341	0.2988960429077736	0.03379645023830285	47.0	0.0	0.0	1.0
0.86391823864658	0.6546513711593879	0.033190768099970985	20.0	0.0	0.0	1.0
0.8478486915382872	0.15233311173386355	0.030908672448140016	35.0	0.0	0.0	1.0
0.24942916260905057	0.33345104487484334	0.034269761358065844	44.0	0.0	0.0	1.0
0.283601315785218	0.48531582341397267	0.03295496599757128	33.0	0.0	0.0	1.0
0.17700411957268158	0.664074225750607	0.031001284918509498	27.0	0.0	0.0	1.0
0.9256698967658546	0.5331615294587039	0.03131262590154607	37.0	0.0	0.0	1.0
0.47798354046282654	0.28534278656050915	0.03028922134070009	46.0	0.0	0.0	2.0
0.6788094377518167	0.16034405430237317	0.03320040086667144	39.0	0.0	0.0	2.0
0.09397889374981272	0.09819672847181762	0.03021924299259676	8.0	0.0	0.0	2.0
0.25190193287794027	0.617333543722663	0.034702706899477596	30.0	0.0	0.0	2.0
0.3426853707414829	0.30861723446893785	0.05290581162324649	-2.0	-1.0	36.74193357136078	2.0
0.2824299261678609	0.4848295375796698	0.03298792096356885	33.0	0.0	0.0	2.0
0.4707532168490982	0.9550246562069739	0.03159384989573916	5.0	0.0	0.0	2.0
0.28579365734040535	0.2253700911578022	0.03318210647840478	26.0	0.0	0.0	2.0
0.18547752263223888	0.8928438909292914	0.03237326666145216	11.0	0.0	0.0	2.0
0.7323420842314996	0.3413183085863321	0.030202728239291925	29.0	0.0	0.0	2.0
0.34701187110521076	0.866933013442293	0.031747220415340435	22.0	0.0	0.0	2.0
0.4825789458865584	0.7094491582313759	0.03274565976604777	16.0	0.0	0.0	2.0
0.5066151924774577	0.8850052050805068	0.03124670676051307	50.0	0.0	0.0	2.0
0.4699922416150282	0.08060518169845306	0.03370377225100552	18.0	0.0	0.0	2.0
0.8555003673339637	0.5029321601864623	0.03112894028339383	17.0	0.0	0.0	2.0
0.17583911595761573	0.331655644957114	0.03188378775911103	61.0	0.0	0.0	2.0
0.17617784061499042	0.6635448775632994	0.031032286203428003	27.0	0.0	0.0	2.0
0.2503601933149547	0.34266237346619266	0.03430403111942391	44.0	0.0	0.0	2.0
0.9372309900858389	0.8055563435286794	0.0319102565217153	23.0	0.0	0.0	2.0
0.8125492443343046	0.5604118789722272	0.032353613284853096	54.0	0.0	0.0	2.0
0.7537269519947097	0.17146552997125794	0.03258463163071367	42.0	0.0	0.0	2.0
0.7917481423513589	0.6450061518291694	0.03310797815703539	10.0	0.0	0.0	2.0
0.9290591405084654	0.6252606731668628	0.03169789040132111	2.0	0.0	0.0	2.0
0.38302385632722324	0.05444239326121852	0.03285864944045332	43.0	0.0	0.0	2.0
0.8783693010956796	0.8732551859381508	0.03589466699274577	9.0	0.0	0.004583151560353826	2.0
0.9687732249073	0.895059982161309	0.030402378085366034	25.0	0.0	0.0	2.0
0.1494848591404516	0.5352610685789237	0.03439119023783672	32.0	0.0	0.0	2.0
0.47695496972117296	0.4371475639558931	0.031038860765862746	36.0	0.0	0.0	2.0
0.8643145748776592	0.6604607494586177	0.03322395886807095	20.0	0.0	0.0	2.0
0.731168453064461	0.6818237145825391	0.03542152104872032	45.0	0.0	0.00047933348879780624	2.0
0.6780147734801705	0.8821423183306233	0.03422569444206058	52.0	0.0	0.0	2.0
0.7998288415317139	0.3882393888520433	0.03257489078355212	3.0	0.0	0.0	2.0
0.5222241396755103	0.5641608798758481	0.03297421261237992	59.0	0.0	0.0	2.0
0.8507071482200872	0.2997383527747185	0.03383024668854115	47.0	0.0	0.0	2.0
0.06970582952742198	0.5786579960062106	0.03387641020598292	48.0	0.0	0.0	2.0
0.22768045782666343	0.540692135929639	0.03204946016133187	40.0	0.0	0.0	2.0
0.41701644796594123	0.7194414324933557	0.03213399726730112	13.0	0.0	0.0	2.0
0.9102304623502805	0.15482338160852527	0.03250654521404485	58.0	0.0	0.0	2.0
0.8584538256621123	0.954443160970735	0.03221467338770422	55.0	0.0	0.0	2.0
0.29886387962726707	0.7647233578107642	0.03288923293259532	24.0	0.0	0.0	2.0
0.782699001131166	0.2547990764847033	0.03444430264642694	34.0	0.0	0.0	2.0
0.8460012094887863	0.1534680519407911	0.03093958112058815	35.0	0.0	0.0	2.0
0.1656229568353364	0.7612954628248841	0.03106355279311326	28.0	0.0	0.0	2.0
0.6766116455275656	0.635487809363328	0.03406707511236928	1.0	0.0	0.0	2.0
0.37366536961034774	0.2621646946394529	0.03256190318027207	6.0	0.0	0.0	2.0
0.1944287390222777	0.4651375785521157	0.0317294269880678	60.0	0.0	0.0	2.0
0.07988866201075022	0.37004746944452543	0.031371973733035435	12.0	0.0	0.0	2.0
0.3843093766782918	0.8013596119925548	0.03443507392021602	41.0	0.0	0.0	2.0
0.9241839762809766	0.5313472937330467	0.031343938527447615	37.0	0.0	0.0	2.0
0.4365527670028654	0.5297862840957804	0.03219897852378274	57.0	0.0	0.0	2.0
0.9391574894210575	0.46022004139464034	0.033221396673038396	15.0	0.0	0.0	2.0
0.08722870654707646	0.5077928704049915	0.0329468114423351	21.0	0.0	0.0	2.0
0.6616190564301351	0.7780981436224251	0.03283625859736669	56.0	0.0	0.0	2.0
0.4554483825154457	0.35140282870157	0.03408683174553695	38.0	0.0	0.0	2.0
0.5621531974223168	0.4529941875248639	0.03262972479392282	4.0	0.0	0.0	2.0
0.6040407017296074	0.6676846531882987	0.033729211855691756	7.0	0.0	0.0	2.0
0.10163282057334247	0.4395806745570659	0.034307957314344044	31.0	0.0	0.0	2.0
0.9279460570297827	0.3788067522831606	0.031233088749955375	14.0	0.0	0.0	2.0
0.4063822089736874	0.40573900501612364	0.03081451232996599	51.0	0.0	0.0	2.0
0.33151911207584006	0.428427240813581	0.0315450500433531	49.0	0.0	0.0	2.0
0.5451981328727624	0.3294340992844771	0.0303388408153143	19.0	0.0	0.0	2.0
0.7057496409874534	0.25325908026902977	0.03713537756311042	53.0	0.0	0.062316635782011076	2.0
0.06668255223420201	0.5894688538281693	0.0339102866161889	48.0	0.0	0.0	3.0
0.41940136426177527	0.7199835178083586	0.03216613126456842	13.0	0.0	0.0	3.0
0.25371904485044944	0.6180479652764224	0.03473740960637707	30.0	0.0	0.0	3.0
0.4864600009696373	0.44250311101300016	0.031069899626628605	36.0	0.0	0.0	3.0
0.100101311868376	0.09864077648893319	0.03024946223558935	8.0	0.0	0.0	3.0
0.5637400922250551	0.45266488010415196	0.03266235451871674	4.0	0.0	0.0	3.0
0.8499829649877966	0.29299792462900953	0.033864076935229685	47.0	0.0	0.0	3.0
0.927116659650224	0.6215726166322321	0.03172958829172243	2.0	0.0	0.0	3.0
0.45233099443867997	0.34821598019734745	0.034120918577282486	38.0	0.0	0.0	3.0
0.8566735778655256	0.9545722791539005	0.032246888061091925	55.0	0.0	0.0	3.0
0.0792796090840356	0.5141540532073753	0.03297975825377743	21.0	0.0	0.0	3.0
0.4045592189200423	0.40487218206063613	0.030845326842295955	51.0	0.0	0.0	3.0
0.4694351483745168	0.07940446625401043	0.033737476023256524	18.0	0.0	0.0	3.0
0.0789583774043817	0.36203579546056236	0.03140334570676847	12.0	0.0	0.0	3.0
0.8554256937482643	0.5044135189168435	0.03116006922367722	17.0	0.0	0.0	3.0
0.6031903976606161	0.6668987642794874	0.033762941067547445	7.0	0.0	0.0	3.0
0.4725025169895992	0.9538408173640941	0.03162544374563489	5.0	0.0	0.0	3.0
0.29886387962726707	0.7688727213615874	0.03292212216552791	24.0	0.0	0.0	3.0
0.7527064809357564	0.1590250604978529	0.03261721626234438	42.0	0.0	0.0	3.0
0.3843953431164226	0.05479066823557678	0.03289150808989377	43.0	0.0	0.0	3.0
0.2822021344753653	0.48620868875123063	0.033020908884532414	33.0	0.0	0.0	3.0
0.9213026846916644	0.5431601828027474	0.03137528246597506	37.0	0.0	0.0	3.0
0.24976026683622218	0.34093167089894927	0.034338335150543325	44.0	0.0	0.0	3.0
0.9574840766356677	0.8983853053392166	0.0304327804634514	25.0	0.0	0.0	3.0
0.14884136580595558	0.5336091083915129	0.03442558142807455	32.0	0.0	0.0	3.0
0.9124644341072878	0.15082917838375953	0.03253905175925889	58.0	0.0	0.0	3.0
0.16914921844915584	0.338758125710325	0.03191567154687013	61.0	0.0	0.0	3.0
0.9389546399356818	0.4583319938403718	0.03325461806971143	15.0	0.0	0.0	3.0
0.336457720901258	0.43738914109594224	0.03157659509339645	49.0	0.0	0.0	3.0
0.7977446031633734	0.3894137391901002	0.03260746567433567	3.0	0.0	0.0	3.0
0.5095884319268135	0.8846573318440468	0.03127795346727358	50.0	0.0	0.0	3.0
0.7339043445979824	0.3410349452630154	0.030232930967531213	29.0	0.0	0.0	3.0
0.4770985267790793	0.28475996453362734	0.030319510562040786	46.0	0.0	0.0	3.0
0.39139853033336375	0.7983819372750074	0.03446950899413623	41.0	0.0	0.0	3.0
0.3730277917773488	0.2629951510906401	0.03259446508345234	6.0	0.0	0.0	3.0
0.809208129037997	0.5499272101383742	0.03238596689813795	54.0	0.0	0.0	3.0
0.8861009291440669	0.8804918880883512	0.035930561659738514	9.0	0.0	0.005157217400565628	3.0
0.5208934973411673	0.565438153477515	0.0330071868249923	59.0	0.0	0.0	3.0
0.6666433851106395	0.7722694940603169	0.03286909485596405	56.0	0.0	0.0	3.0
0.23926538442156464	0.5445857527069661	0.0320815096214932	40.0	0.0	0.0	3.0
0.2842173617743124	0.22371755132317284	0.03321528858488318	26.0	0.0	0.0	3.0
0.18001114967924933	0.6753173655401288	0.03106331848963143	27.0	0.0	0.0	3.0
0.4880612503518381	0.7048717850930336	0.03277840542581381	16.0	0.0	0.0	3.0
0.4364331187623438	0.5276769306717786	0.03223117750230652	57.0	0.0	0.0	3.0
0.8655157020926006	0.6596030108784232	0.041571478533673774	20.0	0.0	0.0	3.0
0.7313729941268717	0.6828937601941718	0.035456942569769036	45.0	0.0	0.0006106112946042686	3.0
0.703744600515828	0.2535321507316222	0.03717251294067352	53.0	0.0	0.06562466358201391	3.0
0.6778543604301387	0.8831958711412876	0.034259920136502635	52.0	0.0	0.0	3.0
0.11246207365822977	0.4393946871696207	0.03434226527165839	31.0	0.0	0.0	3.0
0.8400609154223283	0.1612053904649913	0.030970520701708738	35.0	0.0	0.0	3.0
0.9313637113998611	0.37986039801865107	0.031264321838705325	14.0	0.0	0.0	3.0
0.3354952420991263	0.864371992410636	0.03177896763575577	22.0	0.0	0.0	3.0
0.6742562598580542	0.6327553612047383	0.03410114218748165	1.0	0.0	0.0	3.0
0.6723595292201355	0.1668551630433682	0.03323360126753811	39.0	0.0	0.0	3.0
0.7911478712690074	0.6460637155660607	0.03314108613519242	10.0	0.0	0.0	3.0
0.1931857411154036	0.4632107184177179	0.03176115641505586	60.0	0.0	0.0	3.0
0.7774510385707515	0.2528493823019997	0.034478746949073366	34.0	0.0	0.0	3.0
0.18744810976807566	0.8994569664125724	0.03240563992811361	11.0	0.0	0.0	3.0
0.5522479197711919	0.33364357010189205	0.030369179656129612	19.0	0.0	0.0	3.0
0.9402739637120348	0.8145167934044076	0.03194216677823701	23.0	0.0	0.0	3.0
0.16728931330215857	0.7609277217000202	0.03109461634590637	28.0	0.0	0.0	3.0
0.7945230294100559	0.6484420120976556	0.03317422722132761	10.0	0.0	0.0	4.0
0.5563256164496831	0.3370919853752808	0.030399548835785738	19.0	0.0	0.0	4.0
0.3350665106784469	0.4377989349517711	0.03160817168848984	49.0	0.0	0.0	4.0
0.477042743488303	0.9512448633246656	0.03165706918938052	5.0	0.0	0.0	4.0
0.2802173045384148	0.2241091388595047	0.03324850387346806	26.0	0.0	0.0	4.0
0.5996903368349261	0.6689886719770096	0.03379670400861499	7.0	0.0	0.0	4.0
0.9303143526687564	0.37907039731870307	0.03129558616054403	14.0	0.0	0.0	4.0
0.9209116809303725	0.541877577696416	0.031406657748441036	37.0	0.0	0.0	4.0
0.4364331187623438	0.5321058864563117	0.03226340867980883	57.0	0.0	0.0	4.0
0.45780781676909316	0.35172136835615814	0.03415503949585976	38.0	0.0	0.0	4.0
0.7509836691669397	0.16455140207890345	0.03264983347860672	42.0	0.0	0.0	4.0
0.8843338091358824	0.878441878242884	0.03596649222139825	9.0	0.0	0.00577796708034839	4.0
0.17102943187253378	0.33758670985987643	0.031947587218417	61.0	0.0	0.0	4.0
0.18812847944186986	0.8982756707320984	0.032438045568041717	11.0	0.0	0.0	4.0
0.2401634133737205	0.5454697572629414	0.032113591131114685	40.0	0.0	0.0	4.0
0.2504549889561583	0.3351516443726005	0.034372673485693866	44.0	0.0	0.0	4.0
0.8548408825537901	0.9620860714047084	0.032279134949153014	55.0	0.0	0.0	4.0
0.37150627444745543	0.2640962134653929	0.032627059548535786	6.0	0.0	0.0	4.0
0.1545468802922814	0.5425770807969235	0.03446000700950262	32.0	0.0	0.0	4.0
0.7324830862732205	0.6816059586759666	0.035492399512338804	45.0	0.0	0.0007640694164052775	4.0
0.6696131807533836	0.16770184852903292	0.03326683486880565	39.0	0.0	0.0	4.0
0.7785838338901588	0.2549050216635551	0.034513225696022436	34.0	0.0	0.0	4.0
0.39692271953424757	0.4014241920048447	0.030876172169138245	51.0	0.0	0.0	4.0
0.28642616277811966	0.4859290491284121	0.041317412241771184	33.0	0.0	0.0	4.0
0.4697230841817644	0.07636455193200938	0.03377121349927978	18.0	0.0	0.0	4.0
0.8412248552842497	0.15966941439525537	0.031001491222410443	35.0	0.0	0.0	4.0
0.07951478830607485	0.5162204437671926	0.0330127380120312	21.0	0.0	0.0	4.0
0.3902865703911699	0.05582095419503648	0.03292439959798366	43.0	0.0	0.0	4.0
0.8493473276907608	0.29158147448172533	0.03389794101216491	47.0	0.0	0.0	4.0
0.4843684801190201	0.4303177707753436	0.03110096952625523	36.0	0.0	0.0	4.0
0.33315924268751973	0.8693249076286309	0.031810746603391525	22.0	0.0	0.0	4.0
0.39070116638207414	0.8045092910148767	0.03450397850313036	41.0	0.0	0.0	4.0
0.08168180372645813	0.35970308954797103	0.03143474905247524	12.0	0.0	0.0	4.0
0.24628077758273614	0.6137950056574515	0.04346518376997931	30.0	0.0	0.0	4.0
0.9288406876960167	0.6200189840579354	0.03176131788001415	2.0	0.0	0.0	4.0
0.10156493426517499	0.09807594691181029	0.030279711697824938	8.0	0.0	0.0	4.0
0.19268396163108248	0.46650628062999056	0.031792917571470916	60.0	0.0	0.0	4.0
0.7343554250395331	0.3422148581984477	0.03026316389849874	29.0	0.0	0.0	4.0
0.4175154806916185	0.7178506367940733	0.032198297395832985	13.0	0.0	0.0	4.0
0.11062243037103352	0.4445957491506395	0.03437660753693004	31.0	0.0	0.0	4.0
0.9129754464381412	0.14969044172579957	0.032571590811018146	58.0	0.0	0.0	4.0
0.5100257942742927	0.5597578171693156	0.033040194011817285	59.0	0.0	0.0	4.0
0.6775418866522962	0.8862873896332504	0.03429418005663913	52.0	0.0	0.0	4.0
0.6673532511641891	0.7731251588912283	0.03290196395082001	56.0	0.0	0.0	4.0
0.9322873306963084	0.4613492240269986	0.03328787268778114	15.0	0.0	0.0	4.0
0.5087621165905396	0.8837227925541136	0.039136539275926065	50.0	0.0	0.0	4.0
0.06702035155602044	0.5884532018370873	0.03394419690280509	48.0	0.0	0.0	4.0
0.7062024626208396	0.25108201355007503	0.037209685453614194	53.0	0.0	0.06905121809873549	4.0
0.8644207134220644	0.508339897392262	0.031191229292900895	17.0	0.0	0.0	4.0
0.7981952476889506	0.5589648260919444	0.03241835286503608	54.0	0.0	0.0	4.0
0.5724866636987862	0.4614944437633291	0.032695016873235457	4.0	0.0	0.0	4.0
0.16333716316343952	0.7627162313179939	0.031125710962252275	28.0	0.0	0.0	4.0
0.9417114306834815	0.813694896480953	0.03197410894501524	23.0	0.0	0.0	4.0
0.4752142208101447	0.2758212359834492	0.030349830072602824	46.0	0.0	0.0	4.0
0.18289984245831212	0.6740319629727325	0.031094381808121057	27.0	0.0	0.0	4.0
0.8646368280963234	0.6605844708331151	0.03990861939232682	20.0	0.0	0.0	4.0
0.3000058582369736	0.769721238614843	0.032955044287693434	24.0	0.0	0.0	4.0
0.9582169005390361	0.8975131994996962	0.030463213243914846	25.0	0.0	0.0	4.0
0.7995225531398965	0.3884557458668764	0.03264007314001	3.0	0.0	0.0	4.0
0.4880262582925971	0.7030193317742109	0.03281118383123962	16.0	0.0	0.0	4.0
0.6709458846850628	0.6341052468734824	0.03413524332966913	1.0	0.0	0.0	4.0
0.5102806035474768	0.5609299639389604	0.0330732342058291	59.0	0.0	0.0	5.0
0.942218056214952	0.8119547608470286	0.03200608305396025	23.0	0.0	0.0	5.0
0.7972609787033758	0.5594758435887387	0.03245077121790112	54.0	0.0	0.0	5.0
0.7519023864788451	0.16663366347177308	0.03268248331208532	42.0	0.0	0.0	5.0
0.3332038227229879	0.868313999351821	0.031842557349994915	22.0	0.0	0.0	5.0
0.7334380394382211	0.34260248670918897	0.030293427062397234	29.0	0.0	0.0	5.0
0.8438590553799232	0.16544187904737645	0.03103249271363285	35.0	0.0	0.0	5.0
0.8629040411199593	0.5096894627108808	0.031222420522193792	17.0	0.0	0.0	5.0
0.43850400827832087	0.5339486053254932	0.03229567208848863	57.0	0.0	0.0	5.0
0.6633121047070973	0.7836957812004268	0.03293486591477083	56.0	0.0	0.0	5.0
0.4825036777990247	0.431337762478262	0.03113207049578148	36.0	0.0	0.0	5.0
0.15574943572686129	0.7625967948581096	0.031156836673214523	28.0	0.0	0.0	5.0
0.4711563204794103	0.0792150447089688	0.033804984712779054	18.0	0.0	0.0	5.0
0.5716285149702269	0.4630991676101618	0.03272771189010869	4.0	0.0	0.0	5.0
0.15343990670160423	0.5391033151597732	0.03449446701651212	32.0	0.0	0.0	5.0
0.9230909178678963	0.5450331127766128	0.03143806440618947	37.0	0.0	0.0	5.0
0.2826276825985167	0.4794840909566038	0.03966471575210034	33.0	0.0	0.0	5.0
0.28114464336796857	0.21774981514509154	0.033281752377341524	26.0	0.0	0.0	5.0
0.10776192114876221	0.44635300948749623	0.034410984144466965	31.0	0.0	0.0	5.0
0.3016277306302997	0.7698183584423668	0.03298799933198113	24.0	0.0	0.0	5.0
0.3885645391598036	0.05064336994345361	0.032957323997581646	43.0	0.0	0.0	5.0
0.6712980028988228	0.6324348763592107	0.034169378572998794	1.0	0.0	0.0	5.0
0.3394026225383776	0.4389000459932515	0.031639779860178324	49.0	0.0	0.0	5.0
0.8024845210587024	0.3914458185341019	0.03267271321315001	3.0	0.0	0.0	5.0
0.41293213494077985	0.7266033440956247	0.03223049569322881	13.0	0.0	0.0	5.0
0.1689679412779867	0.33663811951395256	0.03197953480563541	61.0	0.0	0.0	5.0
0.4919698862628246	0.6951752774275403	0.032843995015070855	16.0	0.0	0.0	5.0
0.782422982638228	0.24812071096902685	0.03454773892171845	34.0	0.0	0.0	5.0
0.9319676857221185	0.4589456449107662	0.03332116056046892	15.0	0.0	0.0	5.0
0.8563088660142251	0.9623048593833822	0.032311414084102166	55.0	0.0	0.0	5.0
0.4786124415970947	0.9470601296270413	0.031688726258569895	5.0	0.0	0.0	5.0
0.7308251204217875	0.6824592986444854	0.03552789191185114	45.0	0.0	0.0009414884528951006	5.0
0.8615944852105862	0.664419131782451	0.03824576025097987	20.0	0.0	0.0	5.0
0.2408350133310824	0.6229701828488816	0.041726576419180136	30.0	0.0	0.0	5.0
0.191435903804599	0.46598816707288127	0.03182471048904238	60.0	0.0	0.0	5.0
0.07946816839979773	0.5174540148531924	0.03304575075004323	21.0	0.0	0.0	5.0
0.6697797463965287	0.16644935362477217	0.03330010170367445	39.0	0.0	0.0	5.0
0.46040439561497143	0.35040554432464377	0.03418919453535562	38.0	0.0	0.0	5.0
0.23295098880791182	0.5463430288854721	0.032145704722245795	40.0	0.0	0.0	5.0
0.5154970161783801	0.8833620360026668	0.037571077704889023	50.0	0.0	0.0	5.0
0.2524337729111901	0.3342107421703409	0.034407046159179555	44.0	0.0	0.0	5.0
0.06943329607081165	0.36506127088214757	0.03146618380152771	12.0	0.0	0.0	5.0
0.47848356110194895	0.27279956600895794	0.030380179902675424	46.0	0.0	0.0	5.0
0.6773824795029827	0.8880912534133462	0.034328474236695765	52.0	0.0	0.0	5.0
0.06384462649509776	0.5924835466455183	0.03397814109970789	48.0	0.0	0.0	5.0
0.5566827943784434	0.335011042894578	0.03042994838462152	19.0	0.0	0.0	5.0
0.3954310254100313	0.4023405655298097	0.03090704834130738	51.0	0.0	0.0	5.0
0.9175644322286669	0.1522760754499945	0.03260416240182916	58.0	0.0	0.0	5.0
0.8518753207290407	0.30074805742918015	0.03393183895317707	47.0	0.0	0.0	5.0
0.9287038448066054	0.6202724504863396	0.03179307919789416	2.0	0.0	0.0	5.0
0.6986238987232697	0.25209151626998816	0.0372468951390678	53.0	0.0	0.07259862378080584	5.0
0.1781899339551157	0.9013396745590437	0.032470483613609755	11.0	0.0	0.0	5.0
0.6009995514224271	0.6657489046798872	0.0338305007126236	7.0	0.0	0.0	5.0
0.382185701707929	0.7975795095653739	0.034538482481633485	41.0	0.0	0.0	5.0
0.872019327099412	0.8750659329590907	0.036002458713619644	9.0	0.0	0.006447323465863519	5.0
0.7923897850539388	0.6476187673111583	0.03320740144854893	10.0	0.0	0.0	5.0
0.3728352238162372	0.25498280317045807	0.03265968660808432	6.0	0.0	0.0	5.0
0.10154159311260207	0.09684028383605242	0.03030999140952276	8.0	0.0	0.0	5.0
0.9320622788295787	0.37831883142516926	0.03132688174670457	14.0	0.0	0.0	5.0
0.9555197422136051	0.8910734714032419	0.030493676457158756	25.0	0.0	0.0	5.0
0.1791420697141611	0.6745437415408383	0.031125476189929176	27.0	0.0	0.0	5.0
0.33868419966285607	0.4378736498048133	0.0316714196400385	49.0	0.0	0.0	6.0
0.2345557404372139	0.5462975525058978	0.03217785042696804	40.0	0.0	0.0	6.0
0.4375143259444172	0.5382401840078554	0.032327967760577114	57.0	0.0	0.0	6.0
0.4225458745745859	0.7251085848074869	0.032262726188922036	13.0	0.0	0.0	6.0
0.6002143524844528	0.6635726607107463	0.03386433121333622	7.0	0.0	0.0	6.0
0.919877470107937	0.15660141780611933	0.032636766564230986	58.0	0.0	0.0	6.0
0.4700977066142417	0.07926506786628922	0.03383878969749183	18.0	0.0	0.0	6.0
0.17645241544276413	0.9031843503222702	0.03250295409722336	11.0	0.0	0.0	6.0
0.4806463673757555	0.27973729795334973	0.030410560082578097	46.0	0.0	0.0	6.0
0.5766397312600577	0.45988877693696745	0.03276043960199879	4.0	0.0	0.0	6.0
0.8792046927923199	0.8761368385097005	0.03603846117233326	9.0	0.0	0.007167220457432677	6.0
0.7809082805319525	0.24742372413883512	0.034582286660640164	34.0	0.0	0.0	6.0
0.49097957483120336	0.6945923825596624	0.03287683901008592	16.0	0.0	0.0	6.0
0.39354391903134595	0.05361658807899048	0.032990281321579225	43.0	0.0	0.0	6.0
0.8604745694205548	0.5105401848239364	0.03125364294271598	17.0	0.0	0.0	6.0
0.2882012981481845	0.479888335306641	0.03801201926242948	33.0	0.0	0.0	6.0
0.9550668453561998	0.8900292341866771	0.03052417013361591	25.0	0.0	0.0	6.0
0.5124658107923119	0.5548734808518033	0.03310630744003492	59.0	0.0	0.0	6.0
0.07662510579563152	0.5163155096015368	0.03307879650079327	21.0	0.0	0.0	6.0
0.2402169506355452	0.6193693082838008	0.03998796906838096	30.0	0.0	0.0	6.0
0.7350737085120815	0.33958958208329115	0.030323720489459628	29.0	0.0	0.0	6.0
0.47695390781563124	0.9739478957915831	0.025250501002004006	-2.0	-1.0	0.0	6.0
0.8490136996284497	0.1543319597201713	0.03106352520634648	35.0	0.0	0.0	6.0
0.25154072969834795	0.33362263233095635	0.03444145320533873	44.0	0.0	0.0	6.0
0.4869127119460129	0.43012905081742836	0.03116320256627726	36.0	0.0	0.0	6.0
0.7478510301302327	0.15818207909729692	0.032715165795397405	42.0	0.0	0.0	6.0
0.9270874591392951	0.3863600931060383	0.03135820862845127	14.0	0.0	0.0	6.0
0.8534427301836479	0.3004433270005056	0.03396577079213024	47.0	0.0	0.0	6.0
0.9310523747001371	0.4631561622291865	0.03335448172102938	15.0	0.0	0.0	6.0
0.30118146829461045	0.7733437485071386	0.033020987331313104	24.0	0.0	0.0	6.0
0.48367629596297945	0.9480777539241655	0.031720414984828464	5.0	0.0	0.0	6.0
0.9285577113455183	0.6217182495558308	0.031824872277092055	2.0	0.0	0.0	6.0
0.6638813453716178	0.7868914153079511	0.0329678007806856	56.0	0.0	0.0	6.0
0.4736064326770021	0.34453093818535696	0.03422338372989097	38.0	0.0	0.0	6.0
0.28010238499870727	0.21863122932637089	0.03331503412971886	26.0	0.0	0.0	6.0
0.5580458651577409	0.33461884680447856	0.03046037833300614	19.0	0.0	0.0	6.0
0.11521058514347064	0.4501867692077329	0.03444539512861143	31.0	0.0	0.0	6.0
0.7901958858996099	0.6360736935103115	0.03324060884999748	10.0	0.0	0.0	6.0
0.8018434480274501	0.39479955775762343	0.032705385926363156	3.0	0.0	0.0	6.0
0.10303698053083525	0.0855956772901475	0.03034030140093228	8.0	0.0	0.0	6.0
0.17041495908711343	0.32820769706372727	0.03201151434044104	61.0	0.0	0.0	6.0
0.6746551801142181	0.6283359283310244	0.03420354795157179	1.0	0.0	0.0	6.0
0.15438286379060506	0.761426280198012	0.031187993509887733	28.0	0.0	0.0	6.0
0.7978840957816276	0.5643983534695378	0.032483221989119015	54.0	0.0	0.0	6.0
0.3813223380802697	0.7969952282437821	0.03457302096411512	41.0	0.0	0.0	6.0
0.8517582327273294	0.9604825569522302	0.03234372549818627	55.0	0.0	0.0	6.0
0.9228024745865072	0.5473117614483383	0.031469502470595656	37.0	0.0	0.0	6.0
0.1754834280864679	0.6722643243531389	0.0311566016661191	27.0	0.0	0.0	6.0
0.6707734135399283	0.16621690702125808	0.033333401805378124	39.0	0.0	0.0	6.0
0.3308971197463713	0.8660145462139619	0.031874399907344905	22.0	0.0	0.0	6.0
0.6765690386301114	0.8833520925313364	0.03436280271093246	52.0	0.0	0.0	6.0
0.949301965451535	0.8120216609036034	0.032038089137014204	23.0	0.0	0.0	6.0
0.5243095795241192	0.8838897437531058	0.036005616133851975	50.0	0.0	0.0	6.0
0.8658163604783844	0.6710551084312601	0.03658290110963293	20.0	0.0	0.0	6.0
0.3722207775411334	0.2572521192379866	0.0326923462946924	6.0	0.0	0.0	6.0
0.06651739720390203	0.5893829047862512	0.034012119240807596	48.0	0.0	0.0	6.0
0.07957998492480478	0.3646458105608128	0.03149764998532923	12.0	0.0	0.0	6.0
0.725948335255839	0.6998829437955345	0.03556341980376299	45.0	0.0	0.0011446594500625906	6.0
0.15205391470907406	0.5347539689806364	0.03452896148352863	32.0	0.0	0.0	6.0
0.39449268117300174	0.40088597088192246	0.030937955389648684	51.0	0.0	0.0	6.0
0.6933593503613034	0.2489028904374269	0.037284142034206866	53.0	0.0	0.07626921774736672	6.0
0.19247520644051747	0.4657172704450963	0.031856535199531424	60.0	0.0	0.0	6.0
0.48941512156137484	0.689683011590538	0.03290971584909601	16.0	0.0	0.0	7.0
0.9559787949039135	0.8908615141213473	0.030554694303749522	25.0	0.0	0.0	7.0
0.9261168722613529	0.38663275527111934	0.03138956683707972	14.0	0.0	0.0	7.0
0.5141466025848869	0.5549317045193989	0.03313941374747495	59.0	0.0	0.0	7.0
0.4825485532086351	0.9361714843176341	0.03175213539981329	5.0	0.0	0.0	7.0
0.8524799095894013	0.9582178811679971	0.032376069223684446	55.0	0.0	0.0	7.0
0.7905446840667988	0.6336817733345809	0.033273849458847475	10.0	0.0	0.0	7.0
0.6606411069820933	0.78700365917049	0.03300076858146628	56.0	0.0	0.0	7.0
0.24106185225309662	0.615095339490615	0.038249361717581795	30.0	0.0	0.0	7.0
0.9188700608815381	0.1551621526805167	0.03266940333079521	58.0	0.0	0.0	7.0
0.8525497593352798	0.29967846754355065	0.03399973656292237	47.0	0.0	0.0	7.0
0.4629907971097316	0.35871448495522756	0.03425760711362086	38.0	0.0	0.0	7.0
0.39271821030911436	0.05604799975926755	0.0330232716029008	43.0	0.0	0.0	7.0
0.24910031274356678	0.3330517503851607	0.034475894658544066	44.0	0.0	0.0	7.0
0.9486557396065463	0.8006289426081779	0.03207012722615121	23.0	0.0	0.0	7.0
0.10268797766729669	0.0868846391374755	0.03037064170233321	8.0	0.0	0.0	7.0
0.9308099501522722	0.46133324421839345	0.033387836202750404	15.0	0.0	0.0	7.0
0.29265041495400507	0.7764521775733548	0.03305400831864441	24.0	0.0	0.0	7.0
0.15313113976812648	0.5339429893552446	0.034563490445012154	32.0	0.0	0.0	7.0
0.6714619695851691	0.8886391368601566	0.034397165513643385	52.0	0.0	0.0	7.0
0.9130262696494547	0.5534883371358279	0.03150097197306625	37.0	0.0	0.0	7.0
0.7522742923855427	0.1569694668814059	0.0327478809611928	42.0	0.0	0.0	7.0
0.8801749965513327	0.8758708352470879	0.03607449963350559	9.0	0.0	0.007939603034984088	7.0
0.2824064779795736	0.21770855461805633	0.03334834916384857	26.0	0.0	0.0	7.0
0.2857987605194799	0.4773052351328903	0.03635932277275864	33.0	0.0	0.0	7.0
0.9270744460921708	0.6231420247533229	0.031856697149369145	2.0	0.0	0.0	7.0
0.15445269560352462	0.7577294365023822	0.031219181503397617	28.0	0.0	0.0	7.0
0.062263647119038194	0.5899622314980382	0.0340461313600484	48.0	0.0	0.0	7.0
0.06837205535440898	0.5195603053040994	0.033111875297294056	21.0	0.0	0.0	7.0
0.5262162140595288	0.8845573852659442	0.03444015456281494	50.0	0.0	0.0	7.0
0.11401257061518617	0.45072891979187124	0.034479840523740035	31.0	0.0	0.0	7.0
0.48835452990975964	0.43049518567071876	0.031194365768843532	36.0	0.0	0.0	7.0
0.16829255160170706	0.32684799578527846	0.03204352585478148	61.0	0.0	0.0	7.0
0.17700661546168275	0.9021934749919145	0.03253545705132058	11.0	0.0	0.0	7.0
0.7958656841895988	0.5624363304869854	0.03251570521110813	54.0	0.0	0.0	7.0
0.39529035770612486	0.4041563321442953	0.03096889334503833	51.0	0.0	0.0	7.0
0.2357326184575665	0.5480484158069769	0.032210028277395004	40.0	0.0	0.0	7.0
0.7047612362151385	0.25610656624105244	0.03732142617624107	53.0	0.0	0.08006534983931601	7.0
0.8484941638919483	0.5070930650723513	0.031284896585658695	17.0	0.0	0.0	7.0
0.48673826318944813	0.27446211102339163	0.030440970642660672	46.0	0.0	0.0	7.0
0.19077618891655757	0.46493547128237056	0.03188839173473095	60.0	0.0	0.0	7.0
0.866748443459018	0.6717118983140924	0.03492004196828597	20.0	0.0	0.0	7.0
0.7264463686864056	0.7015542896648127	0.03559898322356675	45.0	0.0	0.00137538394433534	7.0
0.5773329912405906	0.457390828314195	0.03279320004160079	4.0	0.0	0.0	7.0
0.4381245129411021	0.5394537547424941	0.032360295728337686	57.0	0.0	0.0	7.0
0.3420201597557916	0.4376949582826614	0.031703091059678536	49.0	0.0	0.0	7.0
0.32870124615133156	0.8761157725500791	0.03190627430725225	22.0	0.0	0.0	7.0
0.4223094195338967	0.7238279134666953	0.032294988915110956	13.0	0.0	0.0	7.0
0.381279342169661	0.7987021987256522	0.034607593985079226	41.0	0.0	0.0	7.0
0.46505759532262003	0.08291239859249303	0.03387262848718932	18.0	0.0	0.0	7.0
0.5581193546022813	0.33578458574767595	0.030490838711339143	19.0	0.0	0.0	7.0
0.8478195097961073	0.15703857616401176	0.03109458873155282	35.0	0.0	0.0	7.0
0.17631696888696385	0.6731719011193668	0.031187758267785217	27.0	0.0	0.0	7.0
0.590523239598451	0.6630535538675282	0.03389819554454955	7.0	0.0	0.0	7.0
0.6675236012736537	0.1722940018975456	0.0333667352071835	39.0	0.0	0.0	7.0
0.07941415756227405	0.3778148445242904	0.03152914763531456	12.0	0.0	0.0	7.0
0.7960603485200122	0.3937506171772591	0.03273809131228952	3.0	0.0	0.0	7.0
0.6740466509739836	0.6298149141980642	0.03423775149952336	1.0	0.0	0.0	7.0
0.3731053197901554	0.25794459549985116	0.03272503864098709	6.0	0.0	0.0	7.0
0.7353211028454036	0.3372869276540539	0.030354044209949083	29.0	0.0	0.0	7.0
0.7800279511320372	0.24786289010737733	0.0346168689473008	34.0	0.0	0.0	7.0
0.7271804442335422	0.7022589232795623	0.03563458220679031	45.0	0.0	0.0016354740060506856	8.0
0.7537001955966741	0.15940954900010573	0.03278062884215399	42.0	0.0	0.0	8.0
0.8740750138531639	0.6401109172641456	0.019720042970927668	62.0	20.0	0.0	8.0
0.6688578545876687	0.1728776788158453	0.03340010194239068	39.0	0.0	0.0	8.0
0.3299187660323773	0.8782608115382877	0.0319381805815595	22.0	0.0	0.0	8.0
0.3422975391292393	0.44042916640653473	0.03173479415073821	49.0	0.0	0.0	8.0
0.7309576149584303	0.33500621768965366	0.030384398254159027	29.0	0.0	0.0	8.0
0.48830167641503075	0.267045626298704	0.03047141161330333	46.0	0.0	0.0	8.0
0.9502437481878285	0.8032695309177771	0.03210219735337736	23.0	0.0	0.0	8.0
0.46484633332476044	0.0841914717169882	0.0339065011156765	18.0	0.0	0.0	8.0
0.24045122472241376	0.6254223080010108	0.03651075436678262	30.0	0.0	0.0	8.0
0.11286103595100913	0.4506962869367148	0.03451432036426377	31.0	0.0	0.0	8.0
0.18537189706043528	0.6718805765824398	0.031218946026052997	27.0	0.0	0.0	8.0
0.08041777859371099	0.37621519653227364	0.03156067678294987	12.0	0.0	0.0	8.0
0.7061265777898498	0.2559118546936018	0.03735874760241731	53.0	0.0	0.08398938267062306	8.0
0.3836128171432776	0.7922347793330902	0.0346422015790643	41.0	0.0	0.0	8.0
0.250501002004008	0.2945891783567134	0.017635270541082163	-2.0	-1.0	0.0	8.0
0.2386233507589131	0.5456435460667148	0.0322422383056724	40.0	0.0	0.0	8.0
0.24802267263188274	0.3317360048860475	0.03451037055320261	44.0	0.0	0.0	8.0
0.17240326822783042	0.31703325962232837	0.03207556938063626	61.0	0.0	0.0	8.0
0.6675177777342536	0.6308721734428807	0.03427198925102288	1.0	0.0	0.0	8.0
0.29197349223385494	0.7787238563858728	0.033087062326963054	24.0	0.0	0.0	8.0
0.1432713579857231	0.525280165044844	0.03459805393545716	32.0	0.0	0.0	8.0
0.8519441563902024	0.29881325490108973	0.03403373629948529	47.0	0.0	0.0	8.0
0.571542410490136	0.4647397129366611	0.032825993241642384	4.0	0.0	0.0	8.0
0.06590851819740383	0.6021485611018296	0.034080177491408445	48.0	0.0	0.0	8.0
0.3932796951207754	0.05944747595320706	0.0330562948745037	43.0	0.0	0.0	8.0
0.8500776039971353	0.9570382832274351	0.03240844529290813	55.0	0.0	0.0	8.0
0.4936735505824311	0.43414386665763693	0.031225560134612373	36.0	0.0	0.0	8.0
0.9319934525613474	0.4606761895807704	0.03342122403895315	15.0	0.0	0.0	8.0
0.5111945531022422	0.5575584971331324	0.03317255316122242	59.0	0.0	0.0	8.0
0.27683159143451175	0.48375542163790547	0.034706626283087794	33.0	0.0	0.0	8.0
0.1926751780799338	0.4641750205162943	0.03192028012646568	60.0	0.0	0.0	8.0
0.4626320375272397	0.3600394810011248	0.03429186472073448	38.0	0.0	0.0	8.0
0.6572390495993946	0.7887546672128704	0.03303376935004774	56.0	0.0	0.0	8.0
0.9194399820087243	0.15393378900678328	0.032702072734126	58.0	0.0	0.0	8.0
0.4849599738773909	0.9344031954142703	0.0317838875352131	5.0	0.0	0.0	8.0
0.9580182506670925	0.9031763304942805	0.030585248998053267	25.0	0.0	0.0	8.0
0.28435548934139127	0.21642504141010155	0.03338169751301242	26.0	0.0	0.0	8.0
0.06801757104754584	0.5198489063321428	0.033144987172591345	21.0	0.0	0.0	8.0
0.42289044058207137	0.724625506444532	0.03232728390402606	13.0	0.0	0.0	8.0
0.1769982041608246	0.9008574699346639	0.0325679925083719	11.0	0.0	0.0	8.0
0.8736470476855985	0.8832140252282021	0.03611057413313909	9.0	0.0	0.00876642730352728	8.0
0.9281256144163311	0.38594352522498726	0.031420956403916796	14.0	0.0	0.0	8.0
0.7816791947560433	0.25077206802526236	0.0346514858162481	34.0	0.0	0.0	8.0
0.9241386499702852	0.6261812795783893	0.03188855384651851	2.0	0.0	0.0	8.0
0.40298402838053426	0.3983495393045829	0.030999862238383365	51.0	0.0	0.0	8.0
0.5259401893047106	0.8858271252587595	0.03287469299177789	50.0	0.0	0.0	8.0
0.15074715915048226	0.755420802768819	0.03125040068490101	28.0	0.0	0.0	8.0
0.434724488298009	0.542329078199235	0.03239265602406602	57.0	0.0	0.0	8.0
0.10976536109907999	0.09228293136900395	0.030401012344035538	8.0	0.0	0.0	8.0
0.6713255808004027	0.8855463499223163	0.03443156267915703	52.0	0.0	0.0	8.0
0.8532773806495535	0.6886423054966125	0.019720042970927668	63.0	20.0	0.0	8.0
0.4882584298662861	0.6922177324472673	0.0329426255649451	16.0	0.0	0.0	8.0
0.3689460415213019	0.2673715481099774	0.03275776367962807	6.0	0.0	0.0	8.0
0.5848590319345189	0.673973999271643	0.033932093740094094	7.0	0.0	0.0	8.0
0.8484210759782707	0.5085429675780048	0.03131618148224435	17.0	0.0	0.0	8.0
0.914013503225529	0.5612873001276895	0.03153247294503931	37.0	0.0	0.0	8.0
0.8468015428546315	0.15906316025989778	0.03112568332028437	35.0	0.0	0.0	8.0
0.7928690929583833	0.5544475737744443	0.03254822091631923	54.0	0.0	0.0	8.0
0.7893478886911723	0.6334802288107735	0.03330712330830632	10.0	0.0	0.0	8.0
0.7927063701761672	0.39581102413851876	0.032770829403601806	3.0	0.0	0.0	8.0
0.5581462100848414	0.3368507689115486	0.030521329550050477	19.0	0.0	0.0	8.0
0.37412294271120555	0.7838969563723912	0.03467684378064336	41.0	0.0	0.0	9.0
0.568332614693117	0.4626259154591188	0.032858819234884026	4.0	0.0	0.0	9.0
0.43356607495606203	0.5441002385994266	0.03242504868009008	57.0	0.0	0.0	9.0
0.49897877043611005	0.8878692548572298	0.017935671860542356	68.0	50.0	0.0	9.0
0.29266156883464056	0.5033542092510295	0.01993171818743193	67.0	33.0	0.0	9.0
0.1727088125766919	0.3181617174359864	0.03210764495001689	61.0	0.0	0.0	9.0
0.8470097744954778	0.5075617360606206	0.03134749766372659	17.0	0.0	0.0	9.0
0.7286691502335639	0.7083624078768476	0.0356702167889971	45.0	0.0	0.001926752282997768	9.0
0.17417035611740844	0.8958014526691229	0.03260056050088027	11.0	0.0	0.0	9.0
0.07957428942126311	0.3751584697728602	0.031592237459732816	12.0	0.0	0.0	9.0
0.19282005543919756	0.45650532199578325	0.03195220040659214	60.0	0.0	0.0	9.0
0.4897348900124047	0.2687295988445108	0.030501883024916628	46.0	0.0	0.0	9.0
0.5126398024623068	0.5568030934968847	0.033205725714383634	59.0	0.0	0.0	9.0
0.06825200864468217	0.5183717352718834	0.03317813215976393	21.0	0.0	0.0	9.0
0.5377051106872072	0.8875689688498243	0.017935671860542356	69.0	50.0	0.0	9.0
0.9116541941590881	0.5614584165873019	0.03156400541798435	37.0	0.0	0.0	9.0
0.14982447190302212	0.7562418283175651	0.03128165108558591	28.0	0.0	0.0	9.0
0.7828784012418942	0.25233405577159923	0.034686137302064345	34.0	0.0	0.0	9.0
0.33531785635848943	0.4414091398617073	0.03176652894488895	49.0	0.0	0.0	9.0
0.9311182294329992	0.6229069600808781	0.031920442400365026	2.0	0.0	0.0	9.0
0.8467023688043648	0.2875155136019403	0.034067770035784775	47.0	0.0	0.0	9.0
0.7928020896292969	0.6316747853896654	0.03334043043161462	10.0	0.0	0.0	9.0
0.2621189014984825	0.46577446627006097	0.01993171818743193	66.0	33.0	0.0	9.0
0.5037206923883564	0.4311155165012722	0.031256785694746984	36.0	0.0	0.0	9.0
0.6673891910289447	0.17599162056342296	0.03343350204433307	39.0	0.0	0.0	9.0
0.5593199994700497	0.3429913852055093	0.030551850879600523	19.0	0.0	0.0	9.0
0.6786544991267228	0.8776666272591048	0.03446599424183618	52.0	0.0	0.0	9.0
0.24396702537851453	0.5424069951298935	0.032274480543978065	40.0	0.0	0.0	9.0
0.4000543831805941	0.3924900271004118	0.031030862100621743	51.0	0.0	0.0	9.0
0.8360199771891268	0.14912169666706476	0.031156809003604652	35.0	0.0	0.0	9.0
0.9312198941226384	0.46163289064879576	0.033454645262992105	15.0	0.0	0.0	9.0
0.7874359379729134	0.3948550713303505	0.0328036002330054	3.0	0.0	0.0	9.0
0.6621917814154794	0.7884893729160649	0.03306680311939778	56.0	0.0	0.0	9.0
0.1408944983708037	0.5196051813039178	0.03463265198939261	32.0	0.0	0.0	9.0
0.729934479055602	0.3332297922122969	0.030414782652413184	29.0	0.0	0.0	9.0
0.707369821529445	0.24807828322122907	0.03739610635001972	53.0	0.0	0.0880436916798999	9.0
0.21643286573146292	0.6813627254509017	0.0969939879759519	-2.0	-1.0	1524.8555267924785	9.0
0.8755121719104835	0.8847514602090547	0.036146684707272225	9.0	0.0	0.009649660538784133	9.0
0.24285367899179108	0.5997374145910266	0.019919422817644458	64.0	30.0	0.0	9.0
0.8451206320053875	0.6921077919679347	0.019739763013898595	63.0	0.0	0.0	9.0
0.9337091188741292	0.38881730426821903	0.03145237736032071	14.0	0.0	0.0	9.0
0.3551734979240432	0.2632203093435751	0.0327905214433077	6.0	0.0	0.0	9.0
0.4561065008063977	0.09500048973847794	0.03394040761679217	18.0	0.0	0.0	9.0
0.7528037425005136	0.15981523069950215	0.03281340947099614	42.0	0.0	0.0	9.0
0.11130503937497402	0.091376680530586	0.03043141335637957	8.0	0.0	0.0	9.0
0.3325087392172381	0.876865284638663	0.03197011876214106	22.0	0.0	0.0	9.0
0.2516341994424107	0.3303942703115142	0.03454488092375581	44.0	0.0	0.0	9.0
0.3910416757479357	0.06188427854757154	0.0330893511693782	43.0	0.0	0.0	9.0
0.5844113196784444	0.6751023001298869	0.033966025833834186	7.0	0.0	0.0	9.0
0.9202053245848142	0.1609524235611128	0.03273477480686012	58.0	0.0	0.0	9.0
0.8782145522541546	0.6451252382955571	0.019739763013898595	62.0	0.0	0.0	9.0
0.9592703393025463	0.9023962507142403	0.03061583424705132	25.0	0.0	0.0	9.0
0.11525908757773133	0.4502300658749196	0.034548834684628035	31.0	0.0	0.0	9.0
0.849004491632027	0.9582366538900098	0.032440853738201034	55.0	0.0	0.0	9.0
0.4242876030891467	0.7257192946397106	0.032359611187930085	13.0	0.0	0.0	9.0
0.7917569909734339	0.5484242843744345	0.032580769137235545	54.0	0.0	0.0	9.0
0.290829125038151	0.7797682495294047	0.03312014938929001	24.0	0.0	0.0	9.0
0.27415013208375877	0.2264710229894765	0.03341507921052543	26.0	0.0	0.0	9.0
0.9530572767957045	0.8025738899959208	0.03213429955073074	23.0	0.0	0.0	9.0
0.667663235526052	0.6320212631442503	0.034306261240273896	1.0	0.0	0.0	9.0
0.48893363008001484	0.6970613613791923	0.03297556819051004	16.0	0.0	0.0	9.0
0.48020459779424507	0.944501134313244	0.03181567142274831	5.0	0.0	0.0	9.0
0.18621689782750256	0.673460713960003	0.031250164972079046	27.0	0.0	0.0	9.0
0.2361009850478832	0.6516280138200758	0.019919422817644458	65.0	30.0	0.0	9.0
0.06704085091657389	0.6034130645732716	0.03411425766889985	48.0	0.0	0.0	9.0
0.4617742265340389	0.3606439353184149	0.03432615658545521	38.0	0.0	0.0	9.0
0.3486407293931775	0.26453312434656656	0.032823311964751	6.0	0.0	0.0	10.0
0.8776842824913198	0.6374805501571316	0.01975950277691249	62.0	0.0	0.0	10.0
0.9572392022255228	0.9026209433668118	0.030646450081298366	25.0	0.0	0.0	10.0
0.731342592242378	0.33349436367675017	0.030445197435065595	29.0	0.0	0.0	10.0
0.5828434435841793	0.6753764977886698	0.03399999185966802	7.0	0.0	0.0	10.0
0.5603523263986454	0.34603121230733347	0.03058240273048012	19.0	0.0	0.0	10.0
0.911308640873787	0.5561837961367773	0.03159556942340233	37.0	0.0	0.0	10.0
0.24502659312719716	0.5997032113102505	0.0199393422404621	64.0	0.0	0.0	10.0
0.06518894304612445	0.6058891386449136	0.03414837192656874	48.0	0.0	0.0	10.0
0.19158452093376652	0.4602997760474439	0.03198415260699873	60.0	0.0	0.0	10.0
0.24699807552033737	0.6458558910002284	0.0199393422404621	65.0	0.0	0.0	10.0
0.6713981083093485	0.17219169477782312	0.0334669355463774	39.0	0.0	0.0	10.0
0.37467946182817735	0.7797121956680275	0.034711520624424	41.0	0.0	0.0	10.0
0.924803080170578	0.1595665952214687	0.03276750958166698	58.0	0.0	0.0	10.0
0.7862260390893944	0.39255791845768595	0.0328364038332384	3.0	0.0	0.0	10.0
0.49158035735893907	0.8781060481724817	0.017953607532402896	68.0	0.0	0.0	10.0
0.29176457355343055	0.7787624974473213	0.033153269538679295	24.0	0.0	0.0	10.0
0.15071080596814068	0.754975540818771	0.03131293273667149	28.0	0.0	0.0	10.0
0.16364093039003377	0.8965651330524391	0.032633161061381144	11.0	0.0	0.0	10.0
0.45726797003852643	0.09320001304552311	0.03397434802440896	18.0	0.0	0.0	10.0
0.5205480508757517	0.560339636487576	0.03323893144009801	59.0	0.0	0.0	10.0
0.843343154154354	0.29379718911587166	0.03410183780582056	47.0	0.0	0.0	10.0
0.7575502557554051	0.15805183220443808	0.03284622288046713	42.0	0.0	0.0	10.0
0.2754226466576386	0.2291690788052333	0.03344849428973595	26.0	0.0	0.0	10.0
0.662477925039579	0.7875507393024095	0.03309986992251718	56.0	0.0	0.0	10.0
0.4758207956916816	0.9426162056371159	0.03184748709417106	5.0	0.0	0.0	10.0
0.7908978647778344	0.550589408984455	0.032613349906372775	54.0	0.0	0.0	10.0
0.5014369147136588	0.4232712949513497	0.03128804248044173	36.0	0.0	0.0	10.0
0.496893840826075	0.2604246056446899	0.03053238490794154	46.0	0.0	0.0	10.0
0.7091344993113162	0.24960915444308543	0.037433502456369734	53.0	0.0	0.09223066518214296	10.0
0.8499823709213593	0.9578307011318374	0.032473294591939234	55.0	0.0	0.0	10.0
0.9323235355299723	0.3772893735260243	0.031483829737681025	14.0	0.0	0.0	10.0
0.5381539494056067	0.8946887501534492	0.017953607532402896	69.0	0.0	0.0	10.0
0.18278708495426682	0.6713184766961926	0.03128141513705112	27.0	0.0	0.0	10.0
0.4899910962652119	0.6957017995959104	0.03300854375870055	16.0	0.0	0.0	10.0
0.2644513119264726	0.4655015709388377	0.01995164990561936	66.0	0.0	0.0	10.0
0.32868539883753156	0.878653838978121	0.032002088880903196	22.0	0.0	0.0	10.0
0.42397894051205937	0.7246591136660246	0.032391970799118014	13.0	0.0	0.0	10.0
0.43630549975283067	0.5392783273112612	0.03245747372877016	57.0	0.0	0.0	10.0
0.11682751612208771	0.09516492598926951	0.030461844769735947	8.0	0.0	0.0	10.0
0.6791004300830137	0.8786121147487909	0.034500460236078015	52.0	0.0	0.0	10.0
0.25198375222145936	0.3292973476365235	0.03457942580467956	44.0	0.0	0.0	10.0
0.6685118623888544	0.6307414146947421	0.034340567501514166	1.0	0.0	0.0	10.0
0.24291774622954487	0.5424698273295115	0.03230675502452204	40.0	0.0	0.0	10.0
0.9477758334872316	0.6320572967755799	0.03195236284276539	2.0	0.0	0.0	10.0
0.28473534244953236	0.5062422597059023	0.01995164990561936	67.0	0.0	0.0	10.0
0.3279351904040253	0.4444196007455262	0.03179829547383383	49.0	0.0	0.0	10.0
0.8756148797016743	0.8834993589076215	0.036182831391979496	9.0	0.0	0.010591281233146788	10.0
0.14131957637713147	0.520676440517515	0.034667284641381996	32.0	0.0	0.0	10.0
0.7208023645026115	0.7148470545337658	0.03570588700578609	45.0	0.0	0.002251052044087487	10.0
0.06475909743232931	0.5265662305012703	0.03321131029192369	21.0	0.0	0.0	10.0
0.3986448417984475	0.39292458165317723	0.03106189296272236	51.0	0.0	0.0	10.0
0.46054974162862683	0.36324015597330334	0.03436048274204066	38.0	0.0	0.0	10.0
0.12144011740218832	0.4496642346139938	0.03458338351931266	31.0	0.0	0.0	10.0
0.9248798890568187	0.46622090348083217	0.033488099908255096	15.0	0.0	0.0	10.0
0.8355112640977934	0.15161251234901366	0.031187965812608253	35.0	0.0	0.0	10.0
0.7930185257736506	0.6301905517292385	0.03337377086204624	10.0	0.0	0.0	10.0
0.7846140278495293	0.25239417895111466	0.0347208234393664	34.0	0.0	0.0	10.0
0.3837537295284055	0.06887992349011028	0.03312244052054757	43.0	0.0	0.0	10.0
0.1663420504933973	0.3215407032786533	0.0321397525949669	61.0	0.0	0.0	10.0
0.9591253096950859	0.8011544069760361	0.032166433850281465	23.0	0.0	0.0	10.0
0.5667967993480213	0.4631420927819145	0.032891678054118904	4.0	0.0	0.0	10.0
0.8441291882109947	0.6904824471201836	0.01975950277691249	63.0	0.0	0.0	10.0
0.8491265901847431	0.5034169324804812	0.03137884516139031	17.0	0.0	0.0	10.0
0.07855734589882647	0.3762112508172743	0.031623829697192546	12.0	0.0	0.0	10.0
0.16184962703557004	0.754659882466648	0.03134424566940816	28.0	0.0	0.0	11.0
0.6808597229186624	0.629611052005717	0.03437490806901568	1.0	0.0	0.0	11.0
0.4179022148901178	0.7191640335683027	0.03242436276991713	13.0	0.0	0.0	11.0
0.7342898163349815	0.32499204133537407	0.030475642632500657	29.0	0.0	0.0	11.0
0.11492350827233794	0.44377848797468816	0.03461796690283197	31.0	0.0	0.0	11.0
0.792718714812428	0.5510032834949775	0.032645963256279144	54.0	0.0	0.0	11.0
0.48771684692093575	0.26544414982940406	0.03056291729284948	46.0	0.0	0.0	11.0
0.40023804614553654	0.3941083703555018	0.03109295485568508	51.0	0.0	0.0	11.0
0.24950779441991958	0.6034928612522052	0.01995928158270256	64.0	0.0	0.0	11.0
0.45378096887979474	0.35570056387825166	0.0343948432247827	38.0	0.0	0.0	11.0
0.9110087748315159	0.5577525292744083	0.03162716499282573	37.0	0.0	0.0	11.0
0.575144540539972	0.6664451139738617	0.03403399185152768	7.0	0.0	0.0	11.0
0.16423415015285894	0.3205056663921665	0.03217189234756187	61.0	0.0	0.0	11.0
0.3302075731527385	0.8792745424289542	0.032034090969784094	22.0	0.0	0.0	11.0
0.25505686252196436	0.33676631896721465	0.03461400523048424	44.0	0.0	0.0	11.0
0.6986845961861246	0.2537565131445317	0.0374709359588261	53.0	0.0	0.09655270442064534	11.0
0.11227736156359056	0.09590175955850481	0.03049230661450568	8.0	0.0	0.0	11.0
0.5542310670548481	0.3449209361793877	0.030612985133210594	19.0	0.0	0.0	11.0
0.06533178353894228	0.5195846664827186	0.03324452160221561	21.0	0.0	0.0	11.0
0.4354551249349296	0.5421320924442976	0.03248993120249893	57.0	0.0	0.0	11.0
0.5371106892660944	0.889038317167249	0.017971561139935296	69.0	0.0	0.0	11.0
0.8351089226229306	0.6805360183634221	0.019779262279689402	63.0	0.0	0.0	11.0
0.47675170978433834	0.9422434208163466	0.031879334581265226	5.0	0.0	0.0	11.0
0.06624167634703616	0.6052147145180871	0.034182520298495306	48.0	0.0	0.0	11.0
0.786309111340426	0.24973975564082052	0.03475554426280576	34.0	0.0	0.0	11.0
0.19372404200888754	0.4736378173110615	0.032016136759605726	60.0	0.0	0.0	11.0
0.5036540479484644	0.4212396922678192	0.03131933052292217	36.0	0.0	0.0	11.0
0.16261584644850158	0.8967179113701678	0.03266579422244252	11.0	0.0	0.0	11.0
0.7190513934938745	0.7137865283486784	0.03574159289279188	45.0	0.0	0.0026102172233066767	11.0
0.2451310122630123	0.5471374740493358	0.032339061779546555	40.0	0.0	0.0	11.0
0.9601974698956257	0.8014997902943779	0.03219860028413174	23.0	0.0	0.0	11.0
0.7846688939611682	0.388840082860885	0.032869240237071634	3.0	0.0	0.0	11.0
0.6773866850108963	0.18063381468120482	0.03350040248192377	39.0	0.0	0.0	11.0
0.8759536224818435	0.6381609819806543	0.019779262279689402	62.0	0.0	0.0	11.0
0.8375641003385552	0.1574163160534569	0.03121915377842086	35.0	0.0	0.0	11.0
0.3423384781310846	0.2640361283198083	0.03285613527671575	6.0	0.0	0.0	11.0
0.32705849053491204	0.4427550702213384	0.03183009376930766	49.0	0.0	0.0	11.0
0.4572074809883523	0.09127907238163327	0.03400832237243337	18.0	0.0	0.0	11.0
0.8457189595636992	0.49892010299671186	0.0314102240065517	17.0	0.0	0.0	11.0
0.791846262881628	0.6221516354548563	0.03340714463290828	10.0	0.0	0.0	11.0
0.14139576213493565	0.5195781007670282	0.03470195192602337	32.0	0.0	0.0	11.0
0.9496228459901168	0.6318882153371894	0.031984315205608155	2.0	0.0	0.0	11.0
0.9318203010830247	0.37599748248889014	0.031515313567418705	14.0	0.0	0.0	11.0
0.8484422796048079	0.9573022723304984	0.032505767886531166	55.0	0.0	0.0	11.0
0.38149140989533625	0.06328161345535449	0.03315556296106812	43.0	0.0	0.0	11.0
0.9589908995394182	0.904064879749341	0.03067709653137966	25.0	0.0	0.0	11.0
0.5198276128333329	0.5515568421147655	0.03327217037153811	59.0	0.0	0.0	11.0
0.37467946182817735	0.7809349469459921	0.03474623214504842	41.0	0.0	0.0	11.0
0.8416432030746502	0.2971781377297459	0.03413593964362638	47.0	0.0	0.0	11.0
0.08027117070147376	0.38323769074916847	0.03165545352688973	12.0	0.0	0.0	11.0
0.49563461913647927	0.879525719019899	0.017971561139935296	68.0	0.0	0.0	11.0
0.7605288938048878	0.1650398241122293	0.03287906910334759	42.0	0.0	0.0	11.0
0.2489358031803255	0.651334258318543	0.01995928158270256	65.0	0.0	0.0	11.0
0.497276156907202	0.6909085656185776	0.03304155230245925	16.0	0.0	0.0	11.0
0.022044088176352703	0.09418837675350701	0.03066132264529058	-2.0	-1.0	0.0	11.0
0.6781847354879259	0.8792573565977612	0.034534960696314086	52.0	0.0	0.0	11.0
0.25775241136746396	0.46354977504009853	0.019971601555524975	66.0	0.0	0.0	11.0
0.18705435259094616	0.6713050437693996	0.03131269655218817	27.0	0.0	0.0	11.0
0.2990042864893481	0.5093979841013562	0.019971601555524975	67.0	0.0	0.0	11.0
0.6611963935615414	0.7871289858677905	0.03313296979243969	56.0	0.0	0.0	11.0
0.5708663198988037	0.46445303914159264	0.03292456973217302	4.0	0.0	0.0	11.0
0.9108390061982593	0.1568517473333688	0.03280027709124864	58.0	0.0	0.0	11.0
0.27613731682495124	0.23050550012934562	0.033481942784025685	26.0	0.0	0.0	11.0
0.9240496080896353	0.46804034291607743	0.03352158800816335	15.0	0.0	0.0	11.0
0.8849715011756406	0.8779920745688737	0.036219014223371475	9.0	0.0	0.011593279141536073	11.0
0.29077206025464614	0.7682839278640788	0.03318642280821797	24.0	0.0	0.0	11.0
