# x	y	r	id	split_id	s_prob	t
2.0	0.5	0.0	-1.0	0.0	0.0	0.0
0.9152723918800169	0.1962953135218762	0.03135663273586852	1.0	0.0	0.0	0.0
0.5752572977720586	0.47398080146655047	0.030107595676424032	2.0	0.0	0.0	0.0
0.2622908571218489	0.44492848797016643	0.033848693349435695	3.0	0.0	0.0	0.0
0.9627629491083032	0.24469221796985569	0.028834756125038913	4.0	0.0	0.0	0.0
0.11490068487650242	0.4067654289701005	0.034715139008906104	5.0	0.0	0.0	0.0
0.6887794539019875	0.7551120002248849	0.033948633944481915	6.0	0.0	0.0	0.0
0.7845916292706461	0.5200631205419126	0.03409032385225353	7.0	0.0	0.0	0.0
0.7018846052655687	0.6713466449030989	0.0312597111590681	8.0	0.0	0.0	0.0
0.9578106318354221	0.9624429286313695	0.03381011830718064	9.0	0.0	0.0	0.0
0.6566823932797586	0.33945711300575093	0.03418433631210707	10.0	0.0	0.0	0.0
0.6249618797148243	0.5262947798394387	0.029995012656588133	11.0	0.0	0.0	0.0
0.41902262734489976	0.7298788410325516	0.035244529871179084	12.0	0.0	9.35784249520566e-05	0.0
0.19596393432154535	0.12831270519933882	0.03185146407807771	13.0	0.0	0.0	0.0
0.5758149342651419	0.8016966737411073	0.03398577224251238	14.0	0.0	0.0	0.0
0.547199529813137	0.5609558172645746	0.031165963995149967	15.0	0.0	0.0	0.0
0.49656996561428457	0.7597471493909906	0.0331520274520855	16.0	0.0	0.0	0.0
0.11661764585033653	0.10231601688866	0.035180623771233016	17.0	0.0	3.771418185749553e-05	0.0
0.35791210691317815	0.15211169465565427	0.034472331383109976	18.0	0.0	0.0	0.0
0.4920093361613866	0.1562483630762396	0.034424691617141415	19.0	0.0	0.0	0.0
0.8160771304460723	0.746726619645668	0.03524289215936984	20.0	0.0	9.171079572922736e-05	0.0
0.28211866496900867	0.825060116473904	0.0339095907345934	21.0	0.0	0.0	0.0
0.6109400089311012	0.5960320167346241	0.031955336567040846	22.0	0.0	0.0	0.0
0.9624747323448763	0.07197518171364227	0.0367184795281455	23.0	0.0	0.032479778775993395	0.0
0.5640083358593956	0.8845501775003616	0.030942000980046354	24.0	0.0	0.0	0.0
0.8557078254757378	0.8937788343726037	0.030886653976296283	25.0	0.0	0.0	0.0
0.06812748870765656	0.548955945323392	0.03148683846128453	26.0	0.0	0.0	0.0
0.2277664389192482	0.2414180314025225	0.031315911304091934	27.0	0.0	0.0	0.0
0.8445458014216305	0.6628453750447674	0.03314881789546967	28.0	0.0	0.0	0.0
0.8316695270925024	0.973173553866716	0.034607982055869714	29.0	0.0	0.0	0.0
0.35184227223063863	0.4674919232621691	0.03292129415765603	30.0	0.0	0.0	0.0
0.30074618432071665	0.18911415613107116	0.03291939581230664	31.0	0.0	0.0	0.0
0.219399861921227	0.7713452245341488	0.03171743144099812	32.0	0.0	0.0	0.0
0.14920102873365604	0.4672587626818079	0.03169608853586423	33.0	0.0	0.0	0.0
0.721578736609754	0.4049964760360642	0.03168201274092665	34.0	0.0	0.0	0.0
0.4532793103223792	0.5825813109684556	0.03212840198957732	35.0	0.0	0.0	0.0
0.3041078253796476	0.7597809044005196	0.0326178162361663	36.0	0.0	0.0	0.0
0.05647624021765867	0.351072685418182	0.03543745680411817	37.0	0.0	0.0005357787708106798	0.0
0.7580770255158614	0.350648069983485	0.03296554964708456	38.0	0.0	0.0	0.0
0.21203294523900004	0.6256513635246254	0.03192457249253984	39.0	0.0	0.0	0.0
0.5142375539244184	0.5019790033891319	0.03189989175651734	40.0	0.0	0.0	0.0
0.03382957094701553	0.2117267371464234	0.03382957094701553	41.0	0.0	0.0	0.0
0.30114997972861557	0.2979164284987333	0.030671389419017113	42.0	0.0	0.0	0.0
0.6393841245831606	0.8832283872767437	0.03493829701701641	43.0	0.0	0.0	0.0
0.7797037130896982	0.8632718235780361	0.03242611638025793	44.0	0.0	0.0	0.0
0.4178545274298426	0.10447050973907203	0.03466339673431061	45.0	0.0	0.0	0.0
0.8989029047623549	0.7522438907597339	0.03193931838979014	46.0	0.0	0.0	0.0
0.07789877586944496	0.26456032151309955	0.03262558240677476	47.0	0.0	0.0	0.0
0.4231654338249546	0.20867072986018045	0.03496497620275022	48.0	0.0	0.0	0.0
0.15017163544551995	0.2018346383452066	0.03564512333856004	49.0	0.0	0.001718336577354762	0.0
0.46814757340993685	0.38683747589325684	0.031479810777900095	50.0	0.0	0.0	0.0
0.3694826789509281	0.8736001133426851	0.03466911970126107	51.0	0.0	0.0	0.0
0.6485558086267655	0.4626586194001944	0.02818728372073942	52.0	0.0	0.0	0.0
0.41713884457188954	0.4448958101420268	0.034267433622139784	53.0	0.0	0.0	0.0
0.8166782266531679	0.15967347313860258	0.03221066541564389	54.0	0.0	0.0	0.0
0.728116405871838	0.2072840497736445	0.0322895915773987	55.0	0.0	0.0	0.0
0.39169182384274354	0.8051408459982102	0.0367039411882332	56.0	0.0	0.03166239604044563	0.0
0.6882972631342089	0.14666254542174972	0.030648401905243865	57.0	0.0	0.0	0.0
0.8342574648536829	0.3236360677893302	0.03149842776515479	58.0	0.0	0.0	0.0
0.15444368204553618	0.28084523306888015	0.03148164194163541	59.0	0.0	0.0	0.0
0.2951222605230208	0.5140610812724645	0.0311232329979559	60.0	0.0	0.0	0.0
0.6097127645296319	0.40075947706144	0.032469649329803334	61.0	0.0	0.0	0.0
0.1457410256415814	0.03242233798372675	0.03242233798372675	62.0	0.0	0.0	0.0
0.5907400005675609	0.06376199039856428	0.029586534783995297	63.0	0.0	0.0	0.0
0.8243554658972446	0.39513638121948413	0.03323900279993109	64.0	0.0	0.0	0.0
0.833312482687923	0.07283462124424449	0.0346319252676307	65.0	0.0	0.0	0.0
0.7123513779196682	0.4831701926122382	0.034992934149400266	66.0	0.0	0.0	0.0
0.8808755298859742	0.26107346115653823	0.032751834295879995	67.0	0.0	0.0	0.0
0.29411533838798026	0.37254632428100276	0.03261802870859497	68.0	0.0	0.0	0.0
0.8894949326499537	0.12453109839663788	0.03348883831568495	69.0	0.0	0.0	0.0
0.2656952557804144	0.668469294588528	0.035685267201487667	70.0	0.0	0.0020594905894029125	0.0
0.6999165751785371	0.5520816529381745	0.03138237874793205	71.0	0.0	0.0	0.0
0.7758083943581747	0.685368927862959	0.03348023085819232	72.0	0.0	0.0	0.0
0.5838799317961302	0.20595250675185567	0.03160003159737398	73.0	0.0	0.0	0.0
0.8410876230036582	0.5855098201928167	0.03164657956608321	74.0	0.0	0.0	0.0
0.08440936254415521	0.16835306982706003	0.030410620995149948	75.0	0.0	0.0	0.0
0.4525328080376759	0.5115149159325272	0.030092802114719364	76.0	0.0	0.0	0.0
0.5176358400055041	0.09296434016470893	0.03247927851067425	77.0	0.0	0.0	0.0
0.5180675571650992	0.6290782044499185	0.03315018821392139	78.0	0.0	0.0	0.0
0.894617887933471	0.3705391645271594	0.031550421051129644	79.0	0.0	0.0	0.0
0.20804913113873652	0.9349692289632072	0.03554816502123075	80.0	0.0	0.0010541779608388424	0.0
0.5890047067925056	0.3370787759817275	0.030446454433511384	81.0	0.0	0.0	0.0
0.29360908586707296	0.8964006006586717	0.03354048847225281	82.0	0.0	0.0	0.0
0.9588116601801957	0.40000560097621624	0.03301185170814143	83.0	0.0	0.0	0.0
0.7441560840013753	0.050041852855702826	0.03355290507207015	84.0	0.0	0.0	0.0
0.9242336950257495	0.899161821352945	0.037322018062521924	85.0	0.0	0.08012660744002176	0.0
0.36872322941943925	0.3893034357337314	0.03187893177616386	86.0	0.0	0.0	0.0
0.7635753630518184	0.5852495158808357	0.03302026789379596	87.0	0.0	0.0	0.0
0.5384506670624646	0.38929670721716625	0.033733818873769306	88.0	0.0	0.0	0.0
0.5084191753103922	0.9530763602222201	0.032524954290219475	89.0	0.0	0.0	0.0
0.11739525533884086	0.8582826826533592	0.030870274975135663	90.0	0.0	0.0	0.0
0.41817267456620727	0.6441542648011854	0.03336795496559588	91.0	0.0	0.0	0.0
0.29295869504815036	0.9677160217219865	0.033666398428625434	92.0	0.0	0.0	0.0
0.562515915077073	0.6808424677364857	0.031393202274044005	93.0	0.0	0.0	0.0
0.3797019715516379	0.5464377322395594	0.03478092093168749	94.0	0.0	0.0	0.0
0.20096336582717877	0.5277520963935152	0.03314929855312198	95.0	0.0	0.0	0.0
0.1945759989956041	0.8503254285555504	0.03263203337772025	96.0	0.0	0.0	0.0
0.7988799142640534	0.24260031584320216	0.03145618506473299	97.0	0.0	0.0	0.0
0.3446324849294257	0.6024621366249678	0.029689168377831764	98.0	0.0	0.0	0.0
0.4167127324666724	0.4429934326803124	0.03430170105576192	53.0	0.0	0.0	1.0
0.4597778363405954	0.5857216435367223	0.03216053039156689	35.0	0.0	0.0	1.0
0.9254102982474519	0.8982760257321019	0.03735934008058444	85.0	0.0	0.08405268877744732	1.0
0.21117266174450694	0.92180369829033	0.03558371318625198	80.0	0.0	0.0012728536924839773	1.0
0.30042459997348814	0.29669286901402353	0.030702060808436127	42.0	0.0	0.0	1.0
0.1971941311092671	0.5322954909838613	0.033182447851675095	95.0	0.0	0.0	1.0
0.29354437107070475	0.8974271502373119	0.033574028960725054	82.0	0.0	0.0	1.0
0.15377582224264055	0.2830864977196425	0.031513123583577045	59.0	0.0	0.0	1.0
0.8324102471688444	0.07181421837340517	0.03466655719289833	65.0	0.0	0.0	1.0
0.42726364001974404	0.2077120445329992	0.03499994117895297	48.0	0.0	0.0	1.0
0.11753750685467376	0.10288110342841236	0.03521580439500425	17.0	0.0	6.432219100815928e-05	1.0
0.6516026123308513	0.8819559372958081	0.03497323531403342	43.0	0.0	0.0	1.0
0.7155571638112982	0.4735869453479125	0.03502792708354966	66.0	0.0	1.393980539887707e-07	1.0
0.8535676343855992	0.8963585974674927	0.030917540630272577	25.0	0.0	0.0	1.0
0.7031668819753853	0.5487589240706968	0.03141376112667998	71.0	0.0	0.0	1.0
0.28171871754370936	0.8201843939418936	0.033943500325327995	21.0	0.0	0.0	1.0
0.6527982397229896	0.45916388378736916	0.028215471004460157	52.0	0.0	0.0	1.0
0.2651805926036304	0.6725350386700583	0.03572095246868915	70.0	0.0	0.0023982799341695227	1.0
0.44123029507131517	0.5118809883376685	0.03012289491683408	76.0	0.0	0.0	1.0
0.9552071169878834	0.3959289645063334	0.03304486355984957	83.0	0.0	0.0	1.0
0.35282931328810857	0.46618938909032803	0.032954215451813686	30.0	0.0	0.0	1.0
0.4254012670561412	0.7328551183085531	0.03527977440105026	12.0	0.0	0.0001401534839544638	1.0
0.6167573799038361	0.4060067408312201	0.03250211897913313	61.0	0.0	0.0	1.0
0.5759151417353093	0.473429440194871	0.03013770327210045	2.0	0.0	0.0	1.0
0.5318740303460826	0.3926441583673155	0.033767552692643074	88.0	0.0	0.0	1.0
0.08406513621260497	0.27259133210696285	0.03265820798918153	47.0	0.0	0.0	1.0
0.09023761341119282	0.16336860450805343	0.030441031616145094	75.0	0.0	0.0	1.0
0.5749141610423313	0.800476360804419	0.03401975801475489	14.0	0.0	0.0	1.0
0.5140523412197475	0.08941093154213993	0.03251175778918492	77.0	0.0	0.0	1.0
0.2279014806699863	0.23903729619019562	0.031347227215396026	27.0	0.0	0.0	1.0
0.9653849858023217	0.08390681035721237	0.03675519800767364	23.0	0.0	0.034606551598002966	1.0
0.195478678550885	0.8532209947752653	0.032664665411097964	96.0	0.0	0.0	1.0
0.769556042938802	0.6856643730379794	0.03351371108905051	72.0	0.0	0.0	1.0
0.8358981360766022	0.3254224651463093	0.031529926192919944	58.0	0.0	0.0	1.0
0.8305373320429337	0.9732843906482823	0.03464259003792558	29.0	0.0	0.0	1.0
0.8943434012653554	0.7497871434018116	0.03197125770817993	46.0	0.0	0.0	1.0
0.7605671996920931	0.34768460846082966	0.032998515196731644	38.0	0.0	0.0	1.0
0.824015238240287	0.3960982770086349	0.033272241802731015	64.0	0.0	0.0	1.0
0.2943672146714044	0.3708190561334496	0.03265064673730356	68.0	0.0	0.0	1.0
0.03386340051796254	0.20843668308645816	0.03386340051796254	41.0	0.0	0.0	1.0
0.3810118283114856	0.8831546791941386	0.034703788820962325	51.0	0.0	0.0	1.0
0.6585677830692394	0.3397624253792369	0.034218520648419175	10.0	0.0	0.0	1.0
0.8907906318595172	0.12410468234581774	0.03352232715400063	69.0	0.0	0.0	1.0
0.917937461434556	0.2009906603410709	0.03138798936860439	1.0	0.0	0.0	1.0
0.815459267538463	0.16188547056954644	0.032242876081059524	54.0	0.0	0.0	1.0
0.8913709263501591	0.3825310707201187	0.03158197147218077	79.0	0.0	0.0	1.0
0.7910940852345973	0.5182328739365202	0.03412441417610578	7.0	0.0	0.0	1.0
0.29353867958750784	0.5131289894367997	0.03115435623095385	60.0	0.0	0.0	1.0
0.7429141236897739	0.04867237325031131	0.033586457977142214	84.0	0.0	0.0	1.0
0.38745924435226	0.8039660873794002	0.03674064512942143	56.0	0.0	0.03375286882751993	1.0
0.7584777159277515	0.595668179454071	0.03305328816168975	87.0	0.0	0.0	1.0
0.5912902499206036	0.06274843035290863	0.02961612131877929	63.0	0.0	0.0	1.0
0.6221449613836728	0.5353370348271554	0.030025007669244718	11.0	0.0	0.0	1.0
0.3425588187907634	0.6118469025949161	0.029718857546209593	98.0	0.0	0.0	1.0
0.1217709645041777	0.8466172690985939	0.030901145250110795	90.0	0.0	0.0	1.0
0.41462481629481046	0.643368174339038	0.03340132292056147	91.0	0.0	0.0	1.0
0.5885084311016114	0.3390076085626482	0.030476900887944892	81.0	0.0	0.0	1.0
0.3754666197286499	0.53407110058796	0.034815701852619174	94.0	0.0	0.0	1.0
0.6118763247480528	0.5968865342558146	0.031987291903607884	22.0	0.0	0.0	1.0
0.683976850284793	0.1450574494054552	0.030679050307149104	57.0	0.0	0.0	1.0
0.9571988186473496	0.9645947426441687	0.03384392842548782	9.0	0.0	0.0	1.0
0.4647429516209483	0.38198676938911463	0.03151129058867799	50.0	0.0	0.0	1.0
0.7999847239838677	0.23927851464580582	0.031487641249797714	97.0	0.0	0.0	1.0
0.5079509896986465	0.4996843511449935	0.03193179164827385	40.0	0.0	0.0	1.0
0.3010683868279313	0.19014769975166174	0.03295231520811895	31.0	0.0	0.0	1.0
0.5069715073605708	0.9517383609971243	0.03255747924450969	89.0	0.0	0.0	1.0
0.7784474904076104	0.8634590507701576	0.03245854249663818	44.0	0.0	0.0	1.0
0.8846280374826221	0.2574257878197905	0.03278458613017587	67.0	0.0	0.0	1.0
0.3670863633229749	0.38911192007670886	0.031910810707940024	86.0	0.0	0.0	1.0
0.5209064154564255	0.62688445019603	0.03318333840213531	78.0	0.0	0.0	1.0
0.07320388794154105	0.5491317949336066	0.03151832529974581	26.0	0.0	0.0	1.0
0.14864082666848266	0.032156880912965945	0.03245476032171047	62.0	0.0	0.0	1.0
0.6880408948489621	0.755786037381812	0.033982582578426394	6.0	0.0	0.0	1.0
0.725308857739775	0.20688366495312677	0.032321881168976094	55.0	0.0	0.0	1.0
0.7028262663446528	0.672786401122474	0.03129097087022717	8.0	0.0	0.0	1.0
0.29118678730345304	0.9685449181766989	0.03370006482705406	92.0	0.0	0.0	1.0
0.5652309343113648	0.8804427982659653	0.030972942981026395	24.0	0.0	0.0	1.0
0.11319394319543336	0.40743645698714204	0.034749854147915	5.0	0.0	0.0	1.0
0.8379765225186889	0.6666565539641733	0.03318196671336513	28.0	0.0	0.0	1.0
0.5519335638526927	0.5696592689915005	0.031197129959145115	15.0	0.0	0.0	1.0
0.05995206143910676	0.349419949234626	0.03547289426092228	37.0	0.0	0.0006768183178849085	1.0
0.3018225766248211	0.7482208817187062	0.03265043405240246	36.0	0.0	0.0	1.0
0.22138339091104786	0.7720679558217723	0.03174914887243911	32.0	0.0	0.0	1.0
0.35902320245662084	0.15180709412526897	0.034506803714493085	18.0	0.0	0.0	1.0
0.8405855819785317	0.5867299944322134	0.03167822614564929	74.0	0.0	0.0	1.0
0.15892456196827906	0.2001329240652542	0.0356807684618986	49.0	0.0	0.002019194979126837	1.0
0.4970172331772659	0.7584023622302497	0.033185179479537585	16.0	0.0	0.0	1.0
0.4246760924543578	0.10766163020306484	0.03469806013104492	45.0	0.0	0.0	1.0
0.500459505342745	0.1674717805754235	0.03445911630875855	19.0	0.0	0.0	1.0
0.9593872217972076	0.24985354883402575	0.02886359088116395	4.0	0.0	0.0	1.0
0.7217982989991435	0.403954920879451	0.03171369475366757	34.0	0.0	0.0	1.0
0.2609301454017993	0.4442389432702061	0.033882542042785124	3.0	0.0	0.0	1.0
0.5776085997411233	0.2065664418343091	0.03163163162897135	73.0	0.0	0.0	1.0
0.21239903189858755	0.6266863682019944	0.031956497065032376	39.0	0.0	0.0	1.0
0.3727454909819639	0.6533066132264529	0.003406813627254509	-2.0	-1.0	0.0	1.0
0.2034078811308615	0.1331479713562726	0.03188331554215578	13.0	0.0	0.0	1.0
0.8151823068353444	0.7431557739162458	0.03527813505152921	20.0	0.0	0.00013770418675562723	1.0
0.15185362672325017	0.4668463325938639	0.031727784624400096	33.0	0.0	0.0	1.0
0.5583293214126482	0.6822495540221105	0.03142459547631805	93.0	0.0	0.0	1.0
0.5717906679938646	0.788011879895244	0.03405377777276964	14.0	0.0	0.0	2.0
0.8200276077640618	0.396590303437431	0.03330551404453374	64.0	0.0	0.0	2.0
0.7701279949805143	0.35103248856671926	0.03303151371192837	38.0	0.0	0.0	2.0
0.8426583239953838	0.5909850322685792	0.03170990437179493	74.0	0.0	0.0	2.0
0.4395769918129107	0.512127396344155	0.030153017811750914	76.0	0.0	0.0	2.0
0.11104899804413997	0.4075378130455474	0.034784604002062916	5.0	0.0	0.0	2.0
0.571098567470536	0.8882880558833457	0.03100391592400742	24.0	0.0	0.0	2.0
0.29119546456633805	0.9671666691646853	0.03373376489188111	92.0	0.0	0.0	2.0
0.3000677205474057	0.29833454814605787	0.03073276286924456	42.0	0.0	0.0	2.0
0.3494375787089092	0.6133195930036809	0.0297485764037558	98.0	0.0	0.0	2.0
0.12113564431456841	0.10314206989189695	0.03525102019939925	17.0	0.0	0.00010122924194888583	2.0
0.28977915406791727	0.5097410391506139	0.0311855105871848	60.0	0.0	0.0	2.0
0.2887080058141331	0.8964868805116637	0.03360760298968578	82.0	0.0	0.0	2.0
0.8393179476285736	0.662623327738592	0.03321514868007849	28.0	0.0	0.0	2.0
0.5046820290278164	0.9502716272820239	0.0325900367237542	89.0	0.0	0.0	2.0
0.4960468454662282	0.7592229970316321	0.03321836465901712	16.0	0.0	0.0	2.0
0.2638266626742645	0.44866758415830094	0.03391642458482791	3.0	0.0	0.0	2.0
0.8276699912864645	0.06602659941391807	0.03470122375009122	65.0	0.0	0.0	2.0
0.6872231109410389	0.7564601423931804	0.03401656516100482	6.0	0.0	0.0	2.0
0.46484719223004733	0.5766579489856961	0.03219269092195845	35.0	0.0	0.0	2.0
0.8973299980891946	0.7479650398192842	0.0320032289658881	46.0	0.0	0.0	2.0
0.5783728858603399	0.20436158508014288	0.031663263260600316	73.0	0.0	0.0	2.0
0.7255581447808199	0.20425178928054064	0.03235420305014507	55.0	0.0	0.0	2.0
0.4552303104494145	0.3795349396844521	0.03154280187926667	50.0	0.0	0.0	2.0
0.651271658410549	0.4713734586830186	0.028243686475464613	52.0	0.0	0.0	2.0
0.5196690957192275	0.6270371208146347	0.03321652174053744	78.0	0.0	0.0	2.0
0.95183031170982	0.24788382280005078	0.02889245447204511	4.0	0.0	0.0	2.0
0.7743482719448496	0.865252277869277	0.03249100103913482	44.0	0.0	0.0	2.0
0.08297439773609512	0.2729732733091407	0.03269086619717071	47.0	0.0	0.0	2.0
0.6476935836380291	0.88761621083344	0.035008208549347455	43.0	0.0	3.5398102227190975e-09	2.0
0.1966884709864174	0.5372983351624403	0.03321563029952677	95.0	0.0	0.0	2.0
0.2999314933699036	0.7486257483232733	0.032683084486454864	36.0	0.0	0.0	2.0
0.8805335878151078	0.2642341615614176	0.03281737071630604	67.0	0.0	0.0	2.0
0.22952787361941462	0.24207862395007002	0.03137857444261142	27.0	0.0	0.0	2.0
0.4223979435062305	0.20492999731079686	0.03503494112013192	48.0	0.0	2.7301747707042523e-07	2.0
0.4209363453083424	0.43937576673928974	0.034336002756817675	53.0	0.0	0.0	2.0
0.8342234269272439	0.9752406852711789	0.0346772326279635	29.0	0.0	0.0	2.0
0.21117266174450694	0.9232194342740855	0.03561929689943823	80.0	0.0	0.0015201158628883604	2.0
0.8568130430070722	0.8925936468157148	0.030948458170902846	25.0	0.0	0.0	2.0
0.15689965990739857	0.2849517602697871	0.031544636707160616	59.0	0.0	0.0	2.0
0.7564191725680299	0.5951592075543615	0.03308634144985144	87.0	0.0	0.0	2.0
0.15070026065081757	0.029439179236484533	0.03248721508203218	62.0	0.0	0.0	2.0
0.9580312211879555	0.9625348889312306	0.0338777723539133	9.0	0.0	0.0	2.0
0.4167823834885862	0.6434429138015108	0.03343472424348203	91.0	0.0	0.0	2.0
0.507828211671333	0.17905397095925807	0.034493575425067306	19.0	0.0	0.0	2.0
0.3739278755734526	0.5344825407026189	0.03485051755447179	94.0	0.0	0.0	2.0
0.20063431057886047	0.8551734126760258	0.03269733007650906	96.0	0.0	0.0	2.0
0.7256325005116827	0.472962105456658	0.03506295501063321	66.0	0.0	1.5968748385830622e-06	2.0
0.58976814971631	0.06672986150052442	0.029645737440098067	63.0	0.0	0.0	2.0
0.5572892526038725	0.6809465514729788	0.03145602007179436	93.0	0.0	0.0	2.0
0.9156566823181406	0.1981332907347333	0.03141937735797299	1.0	0.0	0.0	2.0
0.7040994641683715	0.5461741951885487	0.031445174887806654	71.0	0.0	0.0	2.0
0.6214170956147498	0.4007252273314524	0.03253462109811226	61.0	0.0	0.0	2.0
0.7898156623778824	0.51813205741019	0.03415853859028188	7.0	0.0	0.0	2.0
0.4227816240331026	0.7326485330551523	0.03531505417545131	12.0	0.0	0.00020014082848263115	2.0
0.202109092379578	0.1416780911881856	0.03191519885769793	13.0	0.0	0.0	2.0
0.22264814600560737	0.7722078681793697	0.031780898021311545	32.0	0.0	0.0	2.0
0.6710583130111862	0.33938693375158646	0.03425273916906759	10.0	0.0	0.0	2.0
0.35154464673965835	0.4667903546601692	0.0329871696672655	30.0	0.0	0.0	2.0
0.9694374394135205	0.39588416889104516	0.033077908423409415	83.0	0.0	0.0	2.0
0.03238997097764497	0.20818855240253775	0.033897263918480504	41.0	0.0	0.0	2.0
0.3821380316604014	0.8831369519177928	0.03473849260978328	51.0	0.0	0.0	2.0
0.07746833926297665	0.5506856176457354	0.03154984362504555	26.0	0.0	0.0	2.0
0.8016070806273847	0.2392734076312288	0.03151912889104751	97.0	0.0	0.0	2.0
0.6136833651373771	0.6007179212841445	0.03201927919551149	22.0	0.0	0.0	2.0
0.29344197473232536	0.36888890170148014	0.032683297384040855	68.0	0.0	0.0	2.0
0.15173606887059077	0.4657521478302811	0.03175951240902449	33.0	0.0	0.0	2.0
0.3721564882966524	0.3944947327425801	0.03194272151864796	86.0	0.0	0.0	2.0
0.9651857211602056	0.08274588123675822	0.036791953205681314	23.0	0.0	0.03682645947544927	2.0
0.09004439038742629	0.16204355726744515	0.030471472647761236	75.0	0.0	0.0	2.0
0.5888009607083516	0.33615277126487514	0.030507377788832835	81.0	0.0	0.0	2.0
0.2734758195910445	0.6714584438645187	0.035756673421157834	70.0	0.0	0.002772716148086829	2.0
0.926240212848805	0.8972363052520718	0.03739669942066502	85.0	0.0	0.08810908408747764	2.0
0.7719279416961377	0.6853868575161641	0.03354722480013956	72.0	0.0	0.0	2.0
0.05576079785969531	0.3622917524910857	0.0355083671551832	37.0	0.0	0.0008408381830093958	2.0
0.8355197509065267	0.3304213848098788	0.03156145611911286	58.0	0.0	0.0	2.0
0.81139305922487	0.7466420905229672	0.03531341318658073	20.0	0.0	0.00019702973317237138	2.0
0.8886780209137034	0.12484445011027773	0.03355584948115463	69.0	0.0	0.0	2.0
0.2813999973410604	0.8179987365765665	0.03397744382565332	21.0	0.0	0.0	2.0
0.5400100587626038	0.3868330540531388	0.03380132024533571	88.0	0.0	0.0	2.0
0.4246760924543578	0.11076902237399698	0.03473275819117596	45.0	0.0	0.0	2.0
0.35944569149252364	0.15002632324027843	0.03454131051820757	18.0	0.0	0.0	2.0
0.892028160906539	0.37959684709256014	0.03161355344365294	79.0	0.0	0.0	2.0
0.5753066687469358	0.47435976724012247	0.030167840975372548	2.0	0.0	0.0	2.0
0.6781660466870085	0.15036061036525836	0.03070972935745625	57.0	0.0	0.0	2.0
0.41482965931863724	0.3727454909819639	0.049899799599198394	-2.0	-1.0	21.17001938463534	2.0
0.8104800765733742	0.15457763256149468	0.03227511895714058	54.0	0.0	0.0	2.0
0.3042707360491481	0.1928558536031774	0.03298526752332706	31.0	0.0	0.0	2.0
0.7141991979472233	0.40237797931859937	0.03174540844842124	34.0	0.0	0.0	2.0
0.7046139580300741	0.6728257996771643	0.03132226184109739	8.0	0.0	0.0	2.0
0.6238441716084699	0.5371410397318672	0.030055032676913958	11.0	0.0	0.0	2.0
0.38606484188919316	0.8079083590618354	0.03677738577455084	56.0	0.0	0.0359356143416818	2.0
0.20961567447871857	0.6311853665090625	0.0319884535620974	39.0	0.0	0.0	2.0
0.16114481657292962	0.19987315112458093	0.03571644923036049	49.0	0.0	0.002353619401560536	2.0
0.109623112390485	0.8485844429860742	0.0309320463953609	90.0	0.0	0.0	2.0
0.5017814147412536	0.0926920172120542	0.032544269546974106	77.0	0.0	0.0	2.0
0.7404388711006742	0.04986850854290651	0.03362004443511935	84.0	0.0	0.0	2.0
0.5531335181096624	0.5709992870779	0.031228327089104255	15.0	0.0	0.0	2.0
0.5048398953824529	0.49546962923145454	0.031963723439922126	40.0	0.0	0.0	2.0
0.8409437455679377	0.6623705461298667	0.03324836382875857	28.0	0.0	0.0	3.0
0.6872635643342492	0.7580661729929229	0.03405058172616582	6.0	0.0	0.0	3.0
0.35149072791004315	0.14338443808969162	0.03457585182872577	18.0	0.0	0.0	3.0
0.6690036469051835	0.3410376029224736	0.034286991908236655	10.0	0.0	0.0	3.0
0.49427478375734146	0.7568845219368345	0.03325158302367613	16.0	0.0	0.0	3.0
0.07796067103997074	0.5516348205370084	0.031581393468670595	26.0	0.0	0.0	3.0
0.2822329534361834	0.8172092038616856	0.03401142126947897	21.0	0.0	0.0	3.0
0.7275871743394047	0.05261995949945858	0.033653664479554465	84.0	0.0	0.0	3.0
0.8806040232461665	0.2656314446803357	0.03285018808702234	67.0	0.0	0.0	3.0
0.8269485994983097	0.06461408755405704	0.03473592497384131	65.0	0.0	0.0	3.0
0.5750613779966038	0.795961102947033	0.03408783155054241	14.0	0.0	0.0	3.0
0.043933786215603295	0.35533040258685733	0.035543875522338376	37.0	0.0	0.001029623660940615	3.0
0.5080665927178096	0.1817515095417641	0.03452806900049237	19.0	0.0	0.0	3.0
0.03197160734183354	0.21232771225590533	0.03393116118239898	41.0	0.0	0.0	3.0
0.9600554130791031	0.9659722714200575	0.033911650126267213	9.0	0.0	0.0	3.0
0.42341811045535077	0.2062940008726208	0.03506997606125205	48.0	0.0	2.192948613810586e-06	3.0
0.8121005023122424	0.1541552648573587	0.032307394076097715	54.0	0.0	0.0	3.0
0.34831478413673655	0.4659835995861913	0.03302015683693276	30.0	0.0	0.0	3.0
0.8315051128515362	0.589394471312196	0.03174161427616672	74.0	0.0	0.0	3.0
0.667560620049595	0.1435663391159628	0.030740439086813703	57.0	0.0	0.0	3.0
0.08121750885944426	0.273934239550934	0.032723557063367874	47.0	0.0	0.0	3.0
0.45606652050050395	0.38077898491694556	0.03157434468114593	50.0	0.0	0.0	3.0
0.29119546456633805	0.9681727007482143	0.03376749865677299	92.0	0.0	0.0	3.0
0.5727029451085855	0.8895440653398121	0.031034919839931424	24.0	0.0	0.0	3.0
0.38572388525175816	0.8069633694673887	0.03681416316032539	56.0	0.0	0.03821281262732157	3.0
0.8958178925792067	0.7481516157516526	0.032035232194853984	46.0	0.0	0.0	3.0
0.7135763347119162	0.40094185327686893	0.03177715385686966	34.0	0.0	0.0	3.0
0.7567850401000816	0.34664130727681014	0.03306454522564029	38.0	0.0	0.0	3.0
0.8927814239042007	0.12743696727928858	0.03358940533063578	69.0	0.0	0.0	3.0
0.12081421703896075	0.09850818077842355	0.035286271219598646	17.0	0.0	0.00015014574827887373	3.0
0.4155395070827612	0.641405377459033	0.03346815896772551	91.0	0.0	0.0	3.0
0.8389118233019395	0.3302396876184558	0.03159301757523197	58.0	0.0	0.0	3.0
0.5048704061722155	0.9512571122224087	0.032622626760477946	89.0	0.0	0.0	3.0
0.800538748070861	0.24052865855703207	0.03155064801993855	97.0	0.0	0.0	3.0
0.10807492993435248	0.8480092707561399	0.03096297844175626	90.0	0.0	0.0	3.0
0.37645279968943307	0.8794947591568096	0.03477323110239306	51.0	0.0	0.0	3.0
0.1126016131091471	0.3999068682140724	0.034819388606064976	5.0	0.0	0.0	3.0
0.1976900490266555	0.5406595218169339	0.03324884592982629	95.0	0.0	0.0	3.0
0.5018834936582813	0.0967446281632054	0.032576813816521076	77.0	0.0	0.0	3.0
0.8335925504069641	0.9731712283337272	0.034711909860591465	29.0	0.0	0.0	3.0
0.9139568538448193	0.19685358948109083	0.03145079673533096	1.0	0.0	0.0	3.0
0.28125280525925955	0.5167143295134838	0.03121669609777198	60.0	0.0	0.0	3.0
0.8205104202250808	0.4008325111586785	0.03333881955857827	64.0	0.0	0.0	3.0
0.28528757037302865	0.891328383664788	0.03364121059267546	82.0	0.0	0.0	3.0
0.15560158488778156	0.2853699192888462	0.03157618134386777	59.0	0.0	0.0	3.0
0.8117527454453386	0.74758293917242	0.03534872659976731	20.0	0.0	0.00027141584624246207	3.0
0.5136017004784384	0.49207112782590234	0.03199568716336205	40.0	0.0	0.0	3.0
0.21968437633177332	0.7725735622969879	0.03181267891933285	32.0	0.0	0.0	3.0
0.5936068020364017	0.32740876336514924	0.030537885166621665	81.0	0.0	0.0	3.0
0.4371327057437576	0.5167437129211341	0.03018317082956266	76.0	0.0	0.0	3.0
0.5467947535863786	0.5559048880765405	0.03125955541619336	15.0	0.0	0.0	3.0
0.9579675719613274	0.07478660264774223	0.03682874515888699	23.0	0.0	0.039141687235272116	3.0
0.4223147263934557	0.7307853508339611	0.03535036922962676	12.0	0.0	0.00027526934454158436	3.0
0.5654215932158232	0.6879783951358226	0.031487476091866154	93.0	0.0	0.0	3.0
0.77091051620222	0.685551615272956	0.0335807720249397	72.0	0.0	0.0	3.0
0.6474399278588616	0.8866039826748124	0.035043216757896796	43.0	0.0	5.165787371197439e-07	3.0
0.5901787299888788	0.06331386998601607	0.02967538317753816	63.0	0.0	0.0	3.0
0.5460266547640025	0.39506894529105646	0.03383512156558104	88.0	0.0	0.0	3.0
0.5096675027648706	0.6290827278308475	0.03324973826227798	78.0	0.0	0.0	3.0
0.09022421908741883	0.1609104721536331	0.030501944120408995	75.0	0.0	0.0	3.0
0.8932109696647486	0.38105968990523426	0.031645166997096595	79.0	0.0	0.0	3.0
0.970913133339932	0.39455432616640973	0.03311098633183282	83.0	0.0	0.0	3.0
0.22892327057298592	0.23569546001664674	0.03140995301705403	27.0	0.0	0.0	3.0
0.6210989601477542	0.5337367243902835	0.03008508770959087	11.0	0.0	0.0	3.0
0.7566111727914683	0.5970587981226293	0.03311942779130129	87.0	0.0	0.0	3.0
0.15335440390039715	0.028453126536185043	0.032519702297114206	62.0	0.0	0.0	3.0
0.3749207851428912	0.3929183507286546	0.03996833030020825	86.0	0.0	0.0	3.0
0.29845731694385635	0.2966882621563808	0.0307634956321138	42.0	0.0	0.0	3.0
0.2166958593715461	0.9357376931932735	0.03565491619633766	80.0	0.0	0.0017977825740871367	3.0
0.7211843664255518	0.20467996242647232	0.03238655725319521	55.0	0.0	0.0	3.0
0.20160610098021747	0.14290057524311542	0.03194711405655563	13.0	0.0	0.0	3.0
0.9335422510762261	0.8871127104559152	0.037434096120085684	85.0	0.0	0.09229818188981653	3.0
0.6148291509964057	0.6091521995954257	0.032051298474706995	22.0	0.0	0.0	3.0
0.15603718629624533	0.4761958329133048	0.031791271921433516	33.0	0.0	0.0	3.0
0.5787243061978382	0.20580235889113233	0.03169492652386091	73.0	0.0	0.0	3.0
0.16361270159508512	0.2027728240213022	0.03575216567959085	49.0	0.0	0.002723456943002134	3.0
0.2909823233098499	0.37532273093170854	0.032715980681424894	68.0	0.0	0.0	3.0
0.350191261238244	0.6113103144932761	0.029778324980159553	98.0	0.0	0.0	3.0
0.46551031618208694	0.5803806301831808	0.0322248836128804	35.0	0.0	0.0	3.0
0.30207529520963705	0.19989826892662235	0.03301825279085038	31.0	0.0	0.0	3.0
0.4264465574854852	0.448401243971694	0.03437033875957449	53.0	0.0	0.0	3.0
0.30095084091928204	0.7495100399738196	0.032715767570941315	36.0	0.0	0.0	3.0
0.27778652645851604	0.671444874195422	0.03579243009457899	70.0	0.0	0.0031846584072496853	3.0
0.3719865653682584	0.5342554046526785	0.03488536807202626	94.0	0.0	0.0	3.0
0.20983379633465368	0.6340670165337469	0.0320204420156595	39.0	0.0	0.0	3.0
0.26294681294855693	0.44704689978452183	0.033950341009412736	3.0	0.0	0.0	3.0
0.8452052326155538	0.8927474151412973	0.030979406629073745	25.0	0.0	0.0	3.0
0.7242504422816413	0.47087776761586964	0.03509801796564384	66.0	0.0	6.026942216408315e-06	3.0
0.42586713596984666	0.11006797709628965	0.03476749094936713	45.0	0.0	0.0	3.0
0.7758032003576169	0.8623126743743806	0.03252349204017395	44.0	0.0	0.0	3.0
0.6198211638290557	0.4030995247066043	0.03256715571921037	61.0	0.0	0.0	3.0
0.5755903441842746	0.47685226738824776	0.030198008816347918	2.0	0.0	0.0	3.0
0.20325784234044056	0.8509918270147576	0.032730027406585566	96.0	0.0	0.0	3.0
0.9527442273683053	0.24654249091861466	0.03615168365814644	4.0	0.0	0.0	3.0
0.7926473695966866	0.5176184413796004	0.03419269712887216	7.0	0.0	0.0	3.0
0.6999538723826266	0.6759369177068494	0.03135358410293848	8.0	0.0	0.0	3.0
0.7021315416235943	0.5455539007729783	0.03147662006269446	71.0	0.0	0.0	3.0
0.657454354554673	0.46390133779896636	0.028271930161940073	52.0	0.0	0.0	3.0
0.5092535002853826	0.17725593416431143	0.03456259706949286	19.0	0.0	0.0	4.0
0.7374270768123711	0.47144784639424264	0.03513311598360948	66.0	0.0	1.5096302533379458e-05	4.0
0.3420263277578534	0.47090660554883734	0.03305317699376969	30.0	0.0	0.0	4.0
0.8112258802256843	0.15356336437388218	0.03233970147017381	54.0	0.0	0.0	4.0
0.9725863732734625	0.38787716476910883	0.03314409731816465	83.0	0.0	0.0	4.0
0.9361177807034475	0.8946967078752491	0.037471530216205765	85.0	0.0	0.09662238363330289	4.0
0.37696019356106414	0.8786137936876783	0.03480800433349545	51.0	0.0	0.0	4.0
0.20583689127494975	0.8506240284958445	0.032762757433992144	96.0	0.0	0.0	4.0
0.9603787183810675	0.9645288749237382	0.033945561776393476	9.0	0.0	0.0	4.0
0.8096779592570473	0.7496253237065946	0.03538407532636707	20.0	0.0	0.0003626011680779584	4.0
0.82222515067545	0.4002199220054779	0.03337215837813685	64.0	0.0	0.0	4.0
0.8931764530443544	0.37996355135612114	0.03167681216409369	79.0	0.0	0.0	4.0
0.3052515486982649	0.19923914278791263	0.03305127104364123	31.0	0.0	0.0	4.0
0.21018343786547142	0.6349815908024914	0.03205246245767515	39.0	0.0	0.0	4.0
0.07954810634153384	0.26994837850691766	0.04094535077553905	47.0	0.0	0.0	4.0
0.38337992774531193	0.3888960693251663	0.03836959708819992	86.0	0.0	0.0	4.0
0.6680446134814783	0.3419352455917805	0.034321278900144886	10.0	0.0	0.0	4.0
0.7935050415006528	0.5159900379610691	0.03422688982600103	7.0	0.0	0.0	4.0
0.5149358996162093	0.6371378628484581	0.033282988000540255	78.0	0.0	0.0	4.0
0.8443150116568718	0.9068686980830174	0.031010386035702817	25.0	0.0	0.0	4.0
0.7017331829507791	0.5481702209496327	0.03150809668275715	71.0	0.0	0.0	4.0
0.5819048984663796	0.46367939793165247	0.030228206825164264	2.0	0.0	0.0	4.0
0.2831869210974091	0.8180367779685027	0.034045432690748445	21.0	0.0	0.0	4.0
0.0404578088040916	0.21541979880534626	0.033965092343581374	41.0	0.0	0.0	4.0
0.27775433580835124	0.523896178369712	0.031247912793869747	60.0	0.0	0.0	4.0
0.41944088899797066	0.7297586695755992	0.035385719598856384	12.0	0.0	0.0003672781509038714	4.0
0.9142457354518678	0.1948139626408112	0.031482247532066285	1.0	0.0	0.0	4.0
0.6164853385585422	0.6103192279153123	0.04010418721647712	22.0	0.0	0.0	4.0
0.19928417807602256	0.540021152372708	0.03328209477575612	95.0	0.0	0.0	4.0
0.9642129087562427	0.2579654857780628	0.03470561631182058	4.0	0.0	0.0	4.0
0.49597997830362806	0.7529528814813959	0.0332848346066998	16.0	0.0	0.0	4.0
0.8945078849219327	0.7452324029431178	0.03206726742704884	46.0	0.0	0.0	4.0
0.5609651568996915	0.6936341035571323	0.03151896356795802	93.0	0.0	0.0	4.0
0.3526367378471224	0.6108028368752944	0.029808103305139708	98.0	0.0	0.0	4.0
0.09128006518384325	0.16100042838106207	0.0305324460645294	75.0	0.0	0.0	4.0
0.5000140364385202	0.9478806380240382	0.03265524938723842	89.0	0.0	0.0	4.0
0.5916581762733084	0.06466406908424485	0.029705058560715696	63.0	0.0	0.0	4.0
0.7580599611753824	0.3409494222319557	0.03309760977086593	38.0	0.0	0.0	4.0
0.29991428409462745	0.29374453950255625	0.030794259127745912	42.0	0.0	0.0	4.0
0.35218976135175734	0.14253095268701138	0.04326303460069312	18.0	0.0	0.0	4.0
0.7320764250038148	0.0543849676461247	0.033687318144034015	84.0	0.0	0.0	4.0
0.03487487206692418	0.34903203743643574	0.03557941939786071	37.0	0.0	0.0012449705131416522	4.0
0.6219218490390541	0.5467899408421265	0.030115172797300457	11.0	0.0	0.0	4.0
0.6987473948814235	0.6748769041225704	0.03138493768704142	8.0	0.0	0.0	4.0
0.5787709962340115	0.20765598897866852	0.03172662145038477	73.0	0.0	0.0	4.0
0.20644753096293864	0.1427633760008425	0.03197906117061218	13.0	0.0	0.0	4.0
0.4533144715523403	0.38013520351091395	0.03160591902582707	50.0	0.0	0.0	4.0
0.5720792291059305	0.8047424461130739	0.03412191938209295	14.0	0.0	0.0	4.0
0.4652772298560151	0.5817918373969074	0.03225710849649328	35.0	0.0	0.0	4.0
0.11866204319090357	0.0992014773071664	0.035321557490818244	17.0	0.0	0.0002127922797114934	4.0
0.27913453600923416	0.6718979312398217	0.03582822252467357	70.0	0.0	0.0036359766597087173	4.0
0.11058049345444068	0.4004746513496825	0.03485420799467104	5.0	0.0	0.0	4.0
0.22450480954626129	0.23043721769487246	0.03144136297007108	27.0	0.0	0.0	4.0
0.8809519649433845	0.2638713676194497	0.03288303827510936	67.0	0.0	0.0	4.0
0.6524543200509747	0.47142881715530555	0.02830020209210201	52.0	0.0	0.0	4.0
0.7963646023932722	0.23847903853335936	0.031582198667958486	97.0	0.0	0.0	4.0
0.4189837853078731	0.6419631299013779	0.03350162712669323	91.0	0.0	0.0	4.0
0.6467988923945492	0.8873571754471727	0.03507825997465469	43.0	0.0	3.0676024920239797e-06	4.0
0.3847493948540846	0.8062858383351368	0.03685097732348571	56.0	0.0	0.04058665581419518	4.0
0.10542731280662318	0.8492886990866878	0.030993941420198012	90.0	0.0	0.0	4.0
0.5413118423902828	0.5611678934314056	0.03129081497160955	15.0	0.0	0.0	4.0
0.6845134542821911	0.7476497535740142	0.03408463230789198	6.0	0.0	0.0	4.0
0.8420282916138431	0.6624081154759022	0.03328161219258732	28.0	0.0	0.0	4.0
0.2927561070081446	0.9669666997280252	0.03380126615542976	92.0	0.0	0.0	4.0
0.16131489322344258	0.28682075522089684	0.03160775752521163	59.0	0.0	0.0	4.0
0.6170532860837881	0.40250795467088113	0.03259972287492958	61.0	0.0	0.0	4.0
0.8417466356956906	0.3275526586879741	0.0316246105928072	58.0	0.0	0.0	4.0
0.8904256948571777	0.12675915381896907	0.03362299473596641	69.0	0.0	0.0	4.0
0.43886167232599804	0.5160764838150188	0.03021335400039222	76.0	0.0	0.0	4.0
0.5039374367988805	0.09732163223815893	0.0326093906303376	77.0	0.0	0.0	4.0
0.4312361966264142	0.1210898775806224	0.034802258440316494	45.0	0.0	0.0	4.0
0.5151038303100932	0.4918181639126192	0.03202768285052541	40.0	0.0	0.0	4.0
0.7575882318615059	0.5970803313184933	0.03315254721909259	87.0	0.0	0.0	4.0
0.15554872548928017	0.02441118322900415	0.03255222199941132	62.0	0.0	0.0	4.0
0.5455074792746027	0.396134737045722	0.03386895668714662	88.0	0.0	0.0	4.0
0.07796067103997074	0.5526422325734236	0.031612974862139265	26.0	0.0	0.0	4.0
0.5698964999973067	0.8909002453349829	0.031065954759771353	24.0	0.0	0.0	4.0
0.37250561358273987	0.5330586432844097	0.03492025344009828	94.0	0.0	0.0	4.0
0.21578419356719186	0.9374953612086332	0.035690571112534	80.0	0.0	0.0021076825304930935	4.0
0.259794696886719	0.4451915720393976	0.03398429135042214	3.0	0.0	0.0	4.0
0.2915190027640697	0.37241600500948796	0.032748696662106315	68.0	0.0	0.0	4.0
0.22462194178778716	0.7751148824014719	0.03184449159825218	32.0	0.0	0.0	4.0
0.4270872290432236	0.4491540091673965	0.034404709098334055	53.0	0.0	0.0	4.0
0.5946359656255779	0.3273014672978165	0.030568423051788283	81.0	0.0	0.0	4.0
0.7772447591043359	0.8638431377694099	0.03255601553221412	44.0	0.0	0.0	4.0
0.8324867726819084	0.9761765793070485	0.034746621770452055	29.0	0.0	0.0	4.0
0.155011643153655	0.47606273294848833	0.03182306319335495	33.0	0.0	0.0	4.0
0.8333022606316267	0.5855210387544441	0.03177335589044289	74.0	0.0	0.0	4.0
0.7142989842814715	0.4017286893370388	0.03180893101072653	34.0	0.0	0.0	4.0
0.6614946202994109	0.14708553973365493	0.030771179525900513	57.0	0.0	0.0	4.0
0.954432858870706	0.07423701992297929	0.03686557390404587	23.0	0.0	0.04155443180921736	4.0
0.3000258362831634	0.7485879425756635	0.032748483338512255	36.0	0.0	0.0	4.0
0.28580709279776484	0.8897663497854581	0.03367485180326813	82.0	0.0	0.0	4.0
0.8231116575773954	0.06548621454378818	0.03477066089881514	65.0	0.0	0.0	4.0
0.7207946398285107	0.20174940263255572	0.040523679763060504	55.0	0.0	0.0	4.0
0.4257646976507975	0.20854647233050036	0.0351050460373133	48.0	0.0	7.418549458293455e-06	4.0
0.776313813013966	0.6863569216128967	0.03361435279696463	72.0	0.0	0.0	4.0
0.16236121543167825	0.20400476589526503	0.03578791784527044	49.0	0.0	0.003130565423973053	4.0
0.616017122356401	0.40162044571435257	0.032632322597804506	61.0	0.0	0.0	5.0
0.7562131791424843	0.34078036189152583	0.03313070738063679	38.0	0.0	0.0	5.0
0.15689604517185102	0.027685745837688888	0.03258477422141073	62.0	0.0	0.0	5.0
0.7052118636875002	0.5505564865885023	0.0315396047794399	71.0	0.0	0.0	5.0
0.4168336673346693	0.30260521042084165	0.04929859719438877	-2.0	-1.0	18.709417633665694	5.0
0.4972919850917588	0.7536491934064495	0.0333181194413065	16.0	0.0	0.0	5.0
0.502567782412255	0.09082429636412981	0.03264200002096793	77.0	0.0	0.0	5.0
0.4321674097312694	0.1205097105753188	0.034837060698756805	45.0	0.0	0.0	5.0
0.21442350341787048	0.8496193826853526	0.032795520191426134	96.0	0.0	0.0	5.0
0.217284161008721	0.9387003988572482	0.03572626168364653	80.0	0.0	0.002451655082708726	5.0
0.10959873721911924	0.849538489403816	0.031024935361618208	90.0	0.0	0.0	5.0
0.2744998849431072	0.6712369830216659	0.035864050747198235	70.0	0.0	0.004128551669865033	5.0
0.42605030087535894	0.7303217798243633	0.035421105318455236	12.0	0.0	0.0004779166416284397	5.0
0.5088921762935233	0.17902508750539883	0.03459715966656235	19.0	0.0	0.0	5.0
0.5171715247821578	0.4948943114031613	0.03205971053337593	40.0	0.0	0.0	5.0
0.5618824360426914	0.6939814736194387	0.031550482531525974	93.0	0.0	0.0	5.0
0.7109338852223144	0.3955051482849442	0.03184073994173725	34.0	0.0	0.0	5.0
0.037166931987661585	0.2124751537005214	0.033999057435924955	41.0	0.0	0.0	5.0
0.4630652061890205	0.5830017489048464	0.03228936560498977	35.0	0.0	0.0	5.0
0.8324348603482443	0.5874218197479943	0.03180512924633333	74.0	0.0	0.0	5.0
0.12090334463961502	0.09385015188596221	0.03535687904830906	17.0	0.0	0.0002908996041668388	5.0
0.6663744633408695	0.3391903481576159	0.03435560017904503	10.0	0.0	0.0	5.0
0.29473285693229184	0.9665042825001668	0.03383506742158519	92.0	0.0	0.0	5.0
0.15422106297548743	0.4738715744259131	0.0318548862565483	33.0	0.0	0.0	5.0
0.8167213731147629	0.06356009273467676	0.034805431559713954	65.0	0.0	0.0	5.0
0.351428084986225	0.6119926143686156	0.029837911408444846	98.0	0.0	0.0	5.0
0.5811784608879417	0.8882610783790996	0.03109702071453112	24.0	0.0	0.0	5.0
0.5407974546649571	0.399543196995504	0.03390282564383377	88.0	0.0	0.0	5.0
0.423504770662519	0.21018189279374042	0.035140151083350606	48.0	0.0	1.761851706305606e-05	5.0
0.3128812728954134	0.20148654871290825	0.03308432231468487	31.0	0.0	0.0	5.0
0.1610962304886056	0.2045581409594396	0.03582370576311571	49.0	0.0	0.0035768134312945676	5.0
0.6972991196497544	0.6775851547132788	0.03141632262472845	8.0	0.0	0.0	5.0
0.5811535259993077	0.46200504426075806	0.030258435031989425	2.0	0.0	0.0	5.0
0.5129565968470204	0.637156555277005	0.03331627098854079	78.0	0.0	0.0	5.0
0.795810696096529	0.5245371727506629	0.034261116715827024	7.0	0.0	0.0	5.0
0.5936658833580127	0.32853260851937305	0.03059899147484007	81.0	0.0	0.0	5.0
0.30176792355486537	0.7472764271489359	0.03278123182185076	36.0	0.0	0.0	5.0
0.7767438425477606	0.6811144708438158	0.03364796714976159	72.0	0.0	0.0	5.0
0.29444596931645334	0.37266537740358485	0.03278144535876842	68.0	0.0	0.0	5.0
0.806026674843178	0.7481631657947756	0.035419459401693436	20.0	0.0	0.00047233461407358845	5.0
0.8377294229445023	0.327489424778531	0.0316562352034	58.0	0.0	0.0	5.0
0.7201424332356895	0.19986787937164954	0.03890273257253808	55.0	0.0	0.0	5.0
0.2083936828920489	0.6363467309651647	0.032084514920132826	39.0	0.0	0.0	5.0
0.687409860921212	0.7465736965119003	0.03411871694019987	6.0	0.0	0.0	5.0
0.4162863253245288	0.6411869902652451	0.03353512875381992	91.0	0.0	0.0	5.0
0.34485088504165573	0.4711831169492409	0.03308623017076345	30.0	0.0	0.0	5.0
0.7311333146648424	0.053861373425056557	0.033721005462178044	84.0	0.0	0.0	5.0
0.11237479799016936	0.3985454959838615	0.0348890622026657	5.0	0.0	0.0	5.0
0.09335501331754509	0.15501449812260476	0.030562978510593926	75.0	0.0	0.0	5.0
0.8354765379630779	0.9751926442280845	0.034781368392222504	29.0	0.0	0.0	5.0
0.8109540775818864	0.1571542016691714	0.03237204117164398	54.0	0.0	0.0	5.0
0.5849344308196261	0.06216610015895041	0.02973476361927641	63.0	0.0	0.0	5.0
0.4368951861753565	0.5257761910584643	0.030243567354392608	76.0	0.0	0.0	5.0
0.3682391363363643	0.537945566647241	0.03495517369353838	94.0	0.0	0.0	5.0
0.9738946336614658	0.3903994568511117	0.03317724141548281	83.0	0.0	0.0	5.0
0.28180807907599814	0.8897537612948495	0.033708526655071396	82.0	0.0	0.0	5.0
0.5467219583614484	0.5619047079206051	0.03132210578658116	15.0	0.0	0.0	5.0
0.7947067613488001	0.2399542186195895	0.03161378086662644	97.0	0.0	0.0	5.0
0.375604673157248	0.8885623773732624	0.03484281233782894	51.0	0.0	0.0	5.0
0.4547180970096626	0.369819154517639	0.0316375249448529	50.0	0.0	0.0	5.0
0.25581186718743654	0.44770791138031735	0.03401827564177256	3.0	0.0	0.0	5.0
0.28580570561298063	0.8215381964470853	0.03407947812343919	21.0	0.0	0.0	5.0
0.385227725106808	0.38152232634606875	0.03677086387619159	86.0	0.0	0.0	5.0
0.891099129266168	0.26095172600330185	0.032915921313384465	67.0	0.0	0.0	5.0
0.6283867570919066	0.541922890389822	0.030145287970097755	11.0	0.0	0.0	5.0
0.3871284785435158	0.7962196439414616	0.036887828300809195	56.0	0.0	0.04305934816648005	5.0
0.8965206140132099	0.7492354202725597	0.03209933469447588	46.0	0.0	0.0	5.0
0.3528756674641971	0.14357967139613872	0.041532513216665394	18.0	0.0	0.0	5.0
0.6483183304569252	0.8958870792278336	0.035113338234629345	43.0	0.0	9.317712482470597e-06	5.0
0.2779109501729176	0.5211351260992736	0.03127916070666361	60.0	0.0	0.0	5.0
0.424280818342238	0.44891972306951305	0.034439113807432385	53.0	0.0	0.0	5.0
0.07144230052181665	0.554210410514849	0.0316445878370014	26.0	0.0	0.0	5.0
0.9644503182424019	0.9760401518044767	0.033979507338169866	9.0	0.0	0.0	5.0
0.7361335309050335	0.46761406110780035	0.03516824909959308	66.0	0.0	3.048163232222123e-05	5.0
0.2992556372433845	0.2971902152240068	0.030825053386873656	42.0	0.0	0.0	5.0
0.22348560768238682	0.2306420349161852	0.03147280433304115	27.0	0.0	0.0	5.0
0.9368669591091345	0.8931830337725696	0.037509001746421966	85.0	0.0	0.10108410374800769	5.0
0.6156142527749583	0.6095141316198731	0.03850001972781803	22.0	0.0	0.0	5.0
0.22531725258190255	0.7801027769704894	0.03187633608985043	32.0	0.0	0.0	5.0
0.8445413320870736	0.9058582905393922	0.031041396421738515	25.0	0.0	0.0	5.0
0.19145641273763273	0.5361775048775292	0.03331537687053187	95.0	0.0	0.0	5.0
0.7767308862960259	0.8648338712101242	0.03258857154774633	44.0	0.0	0.0	5.0
0.8872495367847738	0.1289378984194119	0.03365661773070237	69.0	0.0	0.0	5.0
0.08476017607242858	0.2806801969292777	0.039307536744517486	47.0	0.0	0.0	5.0
0.19793816923341184	0.13547482251292892	0.03201104023178279	13.0	0.0	0.0	5.0
0.954137637116542	0.06486171198202367	0.03690243947794991	23.0	0.0	0.04406690228297805	5.0
0.4888493819547297	0.9430801071371048	0.03268790463662565	89.0	0.0	0.0	5.0
0.6703962566063811	0.14887439872043057	0.03080195070542641	57.0	0.0	0.0	5.0
0.1519006119641328	0.28062102002363465	0.03163936528273684	59.0	0.0	0.0	5.0
0.6522313398272142	0.469074678633208	0.02832850229419411	52.0	0.0	0.0	5.0
0.9648302125057807	0.25919321067041884	0.03325954896549472	4.0	0.0	0.0	5.0
0.9168009339559202	0.19600928163381964	0.03151372977959835	1.0	0.0	0.0	5.0
0.5779797256041358	0.2083966078797299	0.03175834807183515	73.0	0.0	0.0	5.0
0.8429549761326527	0.6617104690021173	0.03331489380477991	28.0	0.0	0.0	5.0
0.8950233221219599	0.37884494173468497	0.031708488976257776	79.0	0.0	0.0	5.0
0.5776295670751546	0.7976064946350135	0.03415604130147504	14.0	0.0	0.0	5.0
0.7560176162276979	0.5981005353600104	0.03318569976631168	87.0	0.0	0.0	5.0
0.8159263031777285	0.40864173024939976	0.03340553053651498	64.0	0.0	0.0	5.0
0.03441903574823426	0.3562628193772053	0.03561499881725857	37.0	0.0	0.0014886850110400474	5.0
0.6127319717992338	0.6047890019048451	0.03689585223915895	22.0	0.0	0.0	6.0
0.7019737427600425	0.6759478504256254	0.03144773894735318	8.0	0.0	0.0	6.0
0.07803897493580587	0.27701214297232774	0.037669722713495925	47.0	0.0	0.0	6.0
0.5424247375628476	0.4001829847432627	0.0339367284694776	88.0	0.0	0.0	6.0
0.5775969064589883	0.7989031460357214	0.03419019734277651	14.0	0.0	0.0	6.0
0.9368087625208347	0.8921570498361535	0.03754651074816839	85.0	0.0	0.10568576969748733	6.0
0.295488864246322	0.9672674632191584	0.033868902489006765	92.0	0.0	0.0	6.0
0.07650015620220675	0.5465824540664674	0.0316762324248384	26.0	0.0	0.0	6.0
0.22427442571042266	0.232162855606394	0.031504277137374186	27.0	0.0	0.0	6.0
0.2760410946771506	0.6568919761137757	0.03589991479794543	70.0	0.0	0.004664275063092305	6.0
0.5824972820362643	0.8799513001790303	0.03112811773524565	24.0	0.0	0.0	6.0
0.9544871789473331	0.06581171835091827	0.036939341917427856	23.0	0.0	0.046681319945548694	6.0
0.34068136272545085	0.13627254509018036	0.029859719438877753	-2.0	-1.0	0.0	6.0
0.7588550294056166	0.34603460720001805	0.03316383808801742	38.0	0.0	0.0	6.0
0.3501620022632393	0.6155720989138949	0.02986774931985329	98.0	0.0	0.0	6.0
0.8458020460922068	0.9058860751457004	0.03107243781816025	25.0	0.0	0.0	6.0
0.49820475976521195	0.7498018922343169	0.0333514375607478	16.0	0.0	0.0	6.0
0.5067009364826053	0.19132638836807273	0.034631756826228904	19.0	0.0	0.0	6.0
0.6374673516718279	0.5443509229269493	0.03017543325806785	11.0	0.0	0.0	6.0
0.6134413291648073	0.40077274931044815	0.032664954920402306	61.0	0.0	0.0	6.0
0.19559653554069237	0.5419865712308785	0.033348692247402396	95.0	0.0	0.0	6.0
0.7023246869408529	0.5493503514303123	0.03157114438421934	71.0	0.0	0.0	6.0
0.3168070290547872	0.21304647187082804	0.03311740663699955	31.0	0.0	0.0	6.0
0.5042485465837938	0.09762873260613124	0.032674642020988895	77.0	0.0	0.0	6.0
0.7227673039094078	0.056556381647279885	0.03375472646764022	84.0	0.0	0.0	6.0
0.8959833832310717	0.7514379906954103	0.032131434029170354	46.0	0.0	0.0	6.0
0.774843920392211	0.6797577148633425	0.033681615116911354	72.0	0.0	0.0	6.0
0.8110273495401874	0.15860775521296536	0.03240441321281562	54.0	0.0	0.0	6.0
0.3553948575851761	0.14282035198529097	0.03980199183263766	18.0	0.0	0.0	6.0
0.12179489981939666	0.094323320553336	0.035392235927357366	17.0	0.0	0.00038620873020533963	6.0
0.16069113900964896	0.28155081168772017	0.03167100464801957	59.0	0.0	0.0	6.0
0.02762471315426248	0.20865396937684452	0.03403305649336088	41.0	0.0	0.0	6.0
0.1538289181324898	0.0180608725761776	0.03261735899563213	62.0	0.0	0.0	6.0
0.5818222104939319	0.05625713870860222	0.02976449838289568	63.0	0.0	0.0	6.0
0.7236541944139566	0.4674176270918638	0.03520341734869267	66.0	0.0	5.386962376974225e-05	6.0
0.9726244001754686	0.3910942369908583	0.03321041865689829	83.0	0.0	0.0	6.0
0.218344636768089	0.8510481118693931	0.03282831571161755	96.0	0.0	0.0	6.0
0.7796470747102325	0.8661980608780362	0.03262116011929407	44.0	0.0	0.0	6.0
0.7605998082762523	0.6058912983059401	0.033218885466077985	87.0	0.0	0.0	6.0
0.5947790665259536	0.3302823185509901	0.030629590466314905	81.0	0.0	0.0	6.0
0.5812415952928729	0.46045241577979235	0.03028869346702141	2.0	0.0	0.0	6.0
0.6554821990520184	0.9004131889890068	0.03514845157286397	43.0	0.0	2.093796088331601e-05	6.0
0.2519446913920266	0.44422295050572885	0.03405229391741433	3.0	0.0	0.0	6.0
0.526405376934028	0.6388394742138325	0.03334958725952933	78.0	0.0	0.0	6.0
0.578636208488173	0.20346016689787363	0.03179010641990698	73.0	0.0	0.0	6.0
0.37462361886682644	0.8892536747639948	0.03487765515016676	51.0	0.0	0.0	6.0
0.8892064778706328	0.26177967742928515	0.032948837234697846	67.0	0.0	0.0	6.0
0.8336388997410263	0.5911195490564176	0.03183693437557966	74.0	0.0	0.0	6.0
0.4903061918460466	0.9416278759179965	0.03272059254126227	89.0	0.0	0.0	6.0
0.5604437614424903	0.6998798365350882	0.031582033014057494	93.0	0.0	0.0	6.0
0.36809531913560894	0.5417509955871173	0.034990128867231914	94.0	0.0	0.0	6.0
0.19498581787459462	0.1350157863018878	0.032043051272014574	13.0	0.0	0.0	6.0
0.6702707379672713	0.14488832426153203	0.030832752656131834	57.0	0.0	0.0	6.0
0.11305929855020946	0.3972458812398069	0.034923951264868365	5.0	0.0	0.0	6.0
0.42460918053066216	0.21212765340349302	0.035175291234433956	48.0	0.0	3.4471530995006106e-05	6.0
0.8076293425778236	0.7470488836146019	0.03545487886109513	20.0	0.0	0.0006023754155819461	6.0
0.8378495051766597	0.978450119997914	0.03481614976061472	29.0	0.0	0.0	6.0
0.42888368670937393	0.7204686694827505	0.035456526423773685	12.0	0.0	0.0006089445287074113	6.0
0.2909289184890397	0.37409954007701984	0.03281422680412718	68.0	0.0	0.0	6.0
0.6945411391226809	0.7587129351861864	0.034152835657140064	6.0	0.0	0.0	6.0
0.4126199577090184	0.6457301716532171	0.033568663882573735	91.0	0.0	0.0	6.0
0.22691108091711557	0.7808483680772679	0.031908212425940274	32.0	0.0	0.0	6.0
0.3854121932705547	0.8041240403845915	0.03692471612911	56.0	0.0	0.04563310613210092	6.0
0.03564129257048973	0.3550444040399487	0.03565061381607582	37.0	0.0	0.0017625839795840648	6.0
0.4216384651869156	0.4481594393102842	0.03447355292123981	53.0	0.0	0.0	6.0
0.7073707433399525	0.39640997154499097	0.03187258068167898	34.0	0.0	0.0	6.0
0.21121715672324765	0.9328028892064152	0.03576198794533017	80.0	0.0	0.002831550271466199	6.0
0.8939489252023308	0.37636772152329534	0.03174019746523403	79.0	0.0	0.0	6.0
0.9152152253698806	0.2015863924613995	0.03154524350937794	1.0	0.0	0.0	6.0
0.15077121152360037	0.4676388581887271	0.03188674114280485	33.0	0.0	0.0	6.0
0.6656530164426492	0.34067137368992895	0.03438995577922407	10.0	0.0	0.0	6.0
0.2839897636007709	0.5254185463976733	0.03131043986737027	60.0	0.0	0.0	6.0
0.286079669507476	0.8233375228174081	0.03411355760156263	21.0	0.0	0.0	6.0
0.8154733784092435	0.4106057566996621	0.03343893606705149	64.0	0.0	0.0	6.0
0.4553319870935438	0.3714249365116774	0.03166916246979775	50.0	0.0	0.0	6.0
0.345079009182801	0.4697457264301326	0.03311931640093421	30.0	0.0	0.0	6.0
0.7190670134689314	0.19815379306159422	0.03728178538201566	55.0	0.0	0.0	6.0
0.10274318248278189	0.8428744591317145	0.031055960296979823	90.0	0.0	0.0	6.0
0.28358773359040945	0.8919547551557594	0.03374223518172646	82.0	0.0	0.0	6.0
0.6520673053071847	0.4638654617766193	0.0283568307964883	52.0	0.0	0.0	6.0
0.2077074662165786	0.6352529863218974	0.032116599435052955	39.0	0.0	0.0	6.0
0.5162147772060041	0.48323068908828437	0.0320917702439093	40.0	0.0	0.0	6.0
0.8869176587225153	0.1311175905655369	0.03369027434843307	69.0	0.0	0.0	6.0
0.46328691839194813	0.5778617242660666	0.032321654970594756	35.0	0.0	0.0	6.0
0.438093737475063	0.5134726508355701	0.030273810921746996	76.0	0.0	0.0	6.0
0.808215047054527	0.24487618385014026	0.03164539464749306	97.0	0.0	0.0	6.0
0.9638706828755911	0.9836978267399732	0.034013486845508034	9.0	0.0	0.0	6.0
0.1587511525589984	0.2071115111635603	0.03585952946887882	49.0	0.0	0.004064080362596201	6.0
0.2997158988256172	0.7552518573931566	0.03281401305367261	36.0	0.0	0.0	6.0
0.422253240177239	0.12257820112366526	0.03487189775945556	45.0	0.0	0.0	6.0
0.8172431924536576	0.06027215412963028	0.034840236991273664	65.0	0.0	0.0	6.0
0.7932136010818605	0.5229641671129495	0.03429537783254285	7.0	0.0	0.0	6.0
0.387815699066548	0.3788091739706839	0.03517213066418327	86.0	0.0	0.0	6.0
0.08744395543411765	0.15716828891529347	0.030593541489104516	75.0	0.0	0.0	6.0
0.2991727642358672	0.2988342323426263	0.030855878440260526	42.0	0.0	0.0	6.0
0.8435765696926435	0.6631193030964054	0.03334820869858468	28.0	0.0	0.0	6.0
0.5456013904276056	0.5629273809501717	0.03135342789236773	15.0	0.0	0.0	6.0
0.9665230670729511	0.25791875966207123	0.03181348161916887	4.0	0.0	0.0	6.0
0.8345229983198162	0.3287969220930606	0.0316878914386034	58.0	0.0	0.0	6.0
0.6290404284086181	0.5432555788426026	0.030205608691325915	11.0	0.0	0.0	7.0
0.21649623470058182	0.8479302555117142	0.03286114402732917	96.0	0.0	0.0	7.0
0.15691594429168093	0.00950492358463765	0.03264997635462776	62.0	0.0	0.0	7.0
0.6561099599724619	0.901701890837554	0.03518360002443683	43.0	0.0	3.9609392175066205e-05	7.0
0.5604495766362793	0.706496673166914	0.031613615047071546	93.0	0.0	0.0	7.0
0.5082918643857088	0.1935691256301946	0.03466638858305513	19.0	0.0	0.0	7.0
0.13927681647044657	0.46687790488377534	0.03191862788394765	33.0	0.0	0.0	7.0
0.21499416232815918	0.9381273487201703	0.035797749933275495	80.0	0.0	0.003249228871794685	7.0
0.8027050409298184	0.16237394032004593	0.03243681762602843	54.0	0.0	0.0	7.0
0.8888896442154489	0.13213255359207035	0.0337239646227815	69.0	0.0	0.0	7.0
0.3009548875342829	0.745712944452204	0.03284682706672628	36.0	0.0	0.0	7.0
0.36268150000297605	0.5406275368602426	0.03502511899609914	94.0	0.0	1.0143476458779332e-07	7.0
0.19463216146291473	0.5441723131173308	0.0333820409396498	95.0	0.0	0.0	7.0
0.2901714323433731	0.37322079157707116	0.03284704103093131	68.0	0.0	0.0	7.0
0.5828909367297911	0.05488310011767171	0.029794262881278573	63.0	0.0	0.0	7.0
0.9559030612561721	0.06542356226048955	0.03697628125934528	23.0	0.0	0.04939991833879276	7.0
0.8347704266026464	0.9774367918149495	0.034850965910375335	29.0	0.0	0.0	7.0
0.6772307461946001	0.33534390690474614	0.03442434573500329	10.0	0.0	0.0	7.0
0.32216119309093555	0.2166209633130351	0.033150524043636546	31.0	0.0	0.0	7.0
0.13214704573246794	0.09120303785999621	0.03542762816328472	17.0	0.0	0.0005004709495466386	7.0
0.8464345758995248	0.9078286395011465	0.031103510255978406	25.0	0.0	0.0	7.0
0.44370963104636196	0.511251652913871	0.03030408473266874	76.0	0.0	0.0	7.0
0.19846308067717247	0.6277300179491282	0.032148716034488004	39.0	0.0	0.0	7.0
0.6708900842510368	0.1530706278012195	0.030863585408787964	57.0	0.0	0.0	7.0
0.5820848663978059	0.4596730270497419	0.03031898216048843	2.0	0.0	0.0	7.0
0.27481327548815826	0.6558668257212668	0.035935814712743375	70.0	0.0	0.005245049370387278	7.0
0.1929091507495637	0.13294564602576722	0.03207509432328658	13.0	0.0	0.0	7.0
0.07803897493580587	0.2801852981585599	0.03603190868247437	47.0	0.0	0.0	7.0
0.9743852870713177	0.3906823161773027	0.033243629075555184	83.0	0.0	0.0	7.0
0.42357140971701573	0.21262914335296085	0.03521046652566839	48.0	0.0	5.9666294816906884e-05	7.0
0.835122546498308	0.3201534746069588	0.031719579330042	58.0	0.0	0.0	7.0
0.1598927064667481	0.2828784692732259	0.031702675652667586	59.0	0.0	0.0	7.0
0.3824528488722709	0.37836828678146767	0.033573397452174934	86.0	0.0	0.0	7.0
0.7735820330647044	0.6778185198779799	0.03371529673202826	72.0	0.0	0.0	7.0
0.4944849031501955	0.9331850176673449	0.03275331313380353	89.0	0.0	0.0	7.0
0.7694766089998023	0.34479186730883726	0.03319700192610543	38.0	0.0	0.0	7.0
0.6485472736266574	0.46480667233026934	0.028385187627284782	52.0	0.0	0.0	7.0
0.4519247929966288	0.36583927910776864	0.03170083163226754	50.0	0.0	0.0	7.0
0.46701068373794796	0.5873907987086048	0.03235397662556535	35.0	0.0	0.0	7.0
0.7002727123652032	0.6755272730948462	0.03147918668630053	8.0	0.0	0.0	7.0
0.22320346455195572	0.24157280266123085	0.031535781414511556	27.0	0.0	0.0	7.0
0.15471871508285154	0.2074039766291247	0.035895388998347696	49.0	0.0	0.004594256470767277	7.0
0.08502073428356344	0.1599439034024	0.030624135030593618	75.0	0.0	0.0	7.0
0.3450609822038195	0.6136769960008666	0.029897617069173137	98.0	0.0	0.0	7.0
0.962002732473827	0.2519535667869064	0.03036741427284301	4.0	0.0	0.0	7.0
0.725914401960921	0.47128541557627435	0.03523862076604136	66.0	0.0	8.695702652516957e-05	7.0
0.8102383050882808	0.7468100508328607	0.03549033373995622	20.0	0.0	0.0007544931626171092	7.0
0.577002725000608	0.7979820627753075	0.03422438754011928	14.0	0.0	0.0	7.0
0.6116257301860625	0.40301819761163915	0.03269761987532271	61.0	0.0	0.0	7.0
0.6095280611167712	0.6159318317544951	0.03529168475049987	22.0	0.0	0.0	7.0
0.5224110307799686	0.6293572902848745	0.033382936846788856	78.0	0.0	0.0	7.0
0.9643665806173559	0.9826958924028532	0.03404750033235354	9.0	0.0	0.0	7.0
0.692749143981339	0.7611728852095844	0.0341869884927972	6.0	0.0	0.0	7.0
0.8148322297467422	0.40968976061179274	0.03347237500311854	64.0	0.0	0.0	7.0
0.5428986468883763	0.4012570943518242	0.03397066519794707	88.0	0.0	0.0	7.0
0.7937939370413396	0.5246730453073677	0.03432967321037539	7.0	0.0	0.0	7.0
0.5929506668956156	0.32211942853877285	0.030660220056781217	81.0	0.0	0.0	7.0
0.2859771587931255	0.8168320256865872	0.034147671159164186	21.0	0.0	0.0	7.0
0.7184655961017651	0.19641878949325933	0.035660838191493245	55.0	0.0	0.0	7.0
0.1102748933090456	0.4020107049579516	0.03495887521613323	5.0	0.0	0.0	7.0
0.4289161929483166	0.712529213038504	0.035491982950197454	12.0	0.0	0.0007621318847981229	7.0
0.10184441816495989	0.8407285718195026	0.0310870162572768	90.0	0.0	0.0	7.0
0.28294722050560134	0.5257689381980171	0.03134175030723763	60.0	0.0	0.0	7.0
0.28731434365310793	0.8935611500274515	0.03377597741690819	82.0	0.0	0.0	7.0
0.8342126917036394	0.5901516855433504	0.03186877130995524	74.0	0.0	0.0	7.0
0.762039887841298	0.6067511786102888	0.03325210435154406	87.0	0.0	0.0	7.0
0.8046907862806046	0.24652482908560946	0.03167704004214055	97.0	0.0	0.0	7.0
0.3512526902113409	0.14275515119737203	0.038071470448609944	18.0	0.0	0.0	7.0
0.30098317740585934	0.2996262081757089	0.030886734318700784	42.0	0.0	0.0	7.0
0.41182576937917587	0.6438339696937916	0.033602232546456307	91.0	0.0	0.0	7.0
0.5073962468383698	0.7604712622876444	0.033384788998308546	16.0	0.0	0.0	7.0
0.5180255588639644	0.4828786430614824	0.03212386201415321	40.0	0.0	0.0	7.0
0.3809467480466726	0.8901148343438673	0.03491253280531693	51.0	0.0	0.0	7.0
0.8929152415310369	0.3751685603495003	0.031771937662699264	79.0	0.0	0.0	7.0
0.03566929555398431	0.3535619471386791	0.035686264429891895	37.0	0.0	0.0020684948407563297	7.0
0.5794523082858746	0.2029227278198468	0.03182189652632689	73.0	0.0	0.0	7.0
0.03073388709157187	0.20275079189730974	0.03406708954985423	41.0	0.0	0.0	7.0
0.295517616274946	0.9790555737746913	0.033902771391495765	92.0	0.0	0.0	7.0
0.5420152386116485	0.5665475601078639	0.0313847813202601	15.0	0.0	0.0	7.0
0.3873673779039964	0.7984836107911493	0.036961640845239105	56.0	0.0	0.04831015839221209	7.0
0.7064602231738185	0.3974797987954318	0.03190445326236066	34.0	0.0	0.0	7.0
0.723295576382382	0.05738672446237992	0.03378848119410786	84.0	0.0	0.0	7.0
0.891899771812287	0.26788399474396035	0.03298178607193254	67.0	0.0	0.0	7.0
0.508839287951399	0.10803359097827615	0.03270731666300988	77.0	0.0	0.0	7.0
0.8166693507164986	0.054931048696831304	0.03487507722826493	65.0	0.0	0.0	7.0
0.33271092105863137	0.46461128955014447	0.033152435717335144	30.0	0.0	0.0	7.0
0.9176118799371209	0.19858385360613082	0.031576788752887316	1.0	0.0	0.0	7.0
0.7079266469597155	0.5520462411927438	0.03160271552860355	71.0	0.0	0.0	7.0
0.42880496984521665	0.11985834320405364	0.03490676965721501	45.0	0.0	0.0	7.0
0.4125812192851054	0.4493576357677648	0.03450802647416105	53.0	0.0	0.0	7.0
0.9369991806378537	0.8946727004079666	0.03758405725891655	85.0	0.0	0.11042982203130691	7.0
0.7777231655531209	0.8670109819008929	0.03265378127941336	44.0	0.0	0.0	7.0
0.25026999892654356	0.4455340069075601	0.03408634621133174	3.0	0.0	0.0	7.0
0.22895501561981346	0.7771939393428318	0.03194012063836621	32.0	0.0	0.0	7.0
0.8499469288684794	0.6584024661746014	0.03338155690728326	28.0	0.0	0.0	7.0
0.8962344029171112	0.7491015928316326	0.03216356546319952	46.0	0.0	0.0	7.0
0.5832374858043321	0.8806618162271119	0.031159245852980893	24.0	0.0	0.0	7.0
0.07549296802117075	0.5442601959948449	0.03170790865726324	26.0	0.0	0.0	7.0
0.6207318428788038	0.3974751539308891	0.03273031749519802	61.0	0.0	0.0	8.0
0.7325933870237006	0.4728922338780862	0.035273859386807396	66.0	0.0	0.00013145068942321814	8.0
0.33241259358251196	0.4631960903351258	0.033185588153052475	30.0	0.0	0.0	8.0
0.353961422590165	0.1435161019703735	0.03634094906458222	18.0	0.0	0.0	8.0
0.8815476149315465	0.12286093993554448	0.03375768858740428	69.0	0.0	0.0	8.0
0.22302324170083818	0.2428656526901818	0.031567317195926065	27.0	0.0	0.0	8.0
0.08029061467058085	0.28257580232684965	0.0343940946514528	47.0	0.0	0.0	8.0
0.5881481179088502	0.4653855582925301	0.030349301142648916	2.0	0.0	0.0	8.0
0.4464484463754558	0.5215666739936614	0.030334388817401404	76.0	0.0	0.0	8.0
0.2846959203724488	0.8196396724961227	0.03418181883032335	21.0	0.0	0.0	8.0
0.5063537369017954	0.7507679675890903	0.03341817378730685	16.0	0.0	0.0	8.0
0.10077323222636582	0.8421238105293275	0.03111810327353407	90.0	0.0	0.0	8.0
0.9398515605382443	0.8962798550171381	0.037621641316175465	85.0	0.0	0.11531871443767727	8.0
0.41855746123625887	0.4444091564637811	0.03454253450063521	53.0	0.0	0.0	8.0
0.08568119787879715	0.15803855986387708	0.03065475916562421	75.0	0.0	0.0	8.0
0.19810285614212564	0.6296145133085752	0.03218086475052249	39.0	0.0	0.0	8.0
0.5752429456327246	0.7971723041842443	0.034258611927659395	14.0	0.0	0.0	8.0
0.711205774233611	0.4050368541460343	0.03193635771562302	34.0	0.0	0.0	8.0
0.30253561553196806	0.2986859291675179	0.03091762105301948	42.0	0.0	0.0	8.0
0.46159720028104667	0.3639588024975045	0.03173253246389981	50.0	0.0	0.0	8.0
0.40558477365480367	0.3694044991464307	0.019280914576749814	102.0	86.0	0.0	8.0
0.8320303248394517	0.31909248623107284	0.03175129890937204	58.0	0.0	0.0	8.0
0.7850434297402679	0.86007233520491	0.03268643506069277	44.0	0.0	0.0	8.0
0.8109708890327118	0.7425419678190568	0.03552582407369617	20.0	0.0	0.000930467846885108	8.0
0.8019751161287678	0.16327667733615142	0.032469254443654456	54.0	0.0	0.0	8.0
0.7060937474462379	0.6760971261374046	0.03151066587298683	8.0	0.0	0.0	8.0
0.18653364508162165	0.12930033896965049	0.03210716941760987	13.0	0.0	0.0	8.0
0.7231215533496133	0.05836366439951319	0.03382226967530196	84.0	0.0	0.0	8.0
0.9526505773156976	0.06201375804055604	0.037013257540604624	23.0	0.0	0.05222494330706695	8.0
0.38664658578425926	0.8056149041189099	0.03699860248608434	56.0	0.0	0.051092745910736426	8.0
0.4284580039892249	0.11847375574986738	0.03494167642687222	45.0	0.0	0.0	8.0
0.649910467913233	0.46475085578316794	0.028413572814912063	52.0	0.0	0.0	8.0
0.8062795530469289	0.24710372228891117	0.03170871708218269	97.0	0.0	0.0	8.0
0.7687582574681195	0.3464771458176579	0.033230198928031536	38.0	0.0	0.0	8.0
0.9809745179386805	0.27480829985830524	0.017149083466746488	99.0	4.0	0.0	8.0
0.46669033603384613	0.5894947623448515	0.03238633060219091	35.0	0.0	0.0	8.0
0.5096475252258109	0.19422423201520603	0.03470105497163818	19.0	0.0	0.0	8.0
0.6734673616243149	0.32643279917748047	0.03445877008073829	10.0	0.0	0.0	8.0
0.5795877655427579	0.8725288025947138	0.03119040509883387	24.0	0.0	0.0	8.0
0.6083661589924597	0.6172293560994107	0.033687517261840785	22.0	0.0	0.0	8.0
0.40372646934633744	0.6369395845189082	0.03363583477900276	91.0	0.0	0.0	8.0
0.9545232344805679	0.24117372764144013	0.017149083466746488	100.0	4.0	0.0	8.0
0.22638945351873627	0.7742923611208515	0.03197206075900457	32.0	0.0	0.0	8.0
0.21524277683462797	0.8481494662092207	0.032894005171356495	96.0	0.0	0.0	8.0
0.6976668576563156	0.5436969496025412	0.031634318244132154	71.0	0.0	0.0	8.0
0.5411678703029434	0.5642885201715372	0.03141616610158035	15.0	0.0	0.0	8.0
0.43124827913788305	0.2157595728271174	0.03524567699219405	48.0	0.0	9.4901577881501e-05	8.0
0.7725635816577041	0.6808174886185336	0.03374901202876029	72.0	0.0	0.0	8.0
0.15592224244546726	0.009439138417126335	0.03268262633098239	62.0	0.0	0.0	8.0
0.7594298913340658	0.6050323764240235	0.0332853564558956	87.0	0.0	0.0	8.0
0.7872279906171675	0.5170020175803571	0.03436400288358576	7.0	0.0	0.0	8.0
0.5942704462760341	0.3234517306974498	0.030690880276837994	81.0	0.0	0.0	8.0
0.8304244284911911	0.9905583310921797	0.034885816876285704	29.0	0.0	0.0	8.0
0.4317751949153819	0.7251510789721783	0.035527474933147646	12.0	0.0	0.0009392591861967503	8.0
0.29634657458438163	0.3727338193776434	0.03287988807196223	68.0	0.0	0.0	8.0
0.299861154695765	0.745723273606112	0.032879673893793	36.0	0.0	0.0	8.0
0.9069789156744773	0.18877022222859358	0.0316083655416402	1.0	0.0	0.0	8.0
0.5837664793107874	0.20630013690084814	0.031853718422853214	73.0	0.0	0.0	8.0
0.11153949350881692	0.39501978883829003	0.03499383409134936	5.0	0.0	0.0	8.0
0.3589630023259001	0.3894990903182539	0.019280914576749814	101.0	86.0	0.0	8.0
0.8147701584052033	0.40828221500857753	0.03350584737812165	64.0	0.0	0.0	8.0
0.6947039631213412	0.7597394210951989	0.034221175481289993	6.0	0.0	0.0	8.0
0.8957344040553202	0.7505739075110732	0.03219572902866272	46.0	0.0	0.0	8.0
0.5084377424664993	0.10897563111624342	0.03274002397967289	77.0	0.0	0.0	8.0
0.03265641962050308	0.35816849503556625	0.03572195069432178	37.0	0.0	0.0024082556574853697	8.0
0.8426573176892974	0.6578900213970473	0.03341493846419054	28.0	0.0	0.0	8.0
0.15480916538637235	0.2045315614466398	0.03593128438734604	49.0	0.0	0.005169242908749538	8.0
0.37838778129313133	0.8898805783337936	0.03494744533812224	51.0	0.0	0.0	8.0
0.6234692912077802	0.533294730365714	0.030235814300017236	11.0	0.0	0.0	8.0
0.7285597915790569	0.20378500335443311	0.03403989100097082	55.0	0.0	0.0	8.0
0.21434044678584016	0.9402243017646563	0.03583354768320877	80.0	0.0	0.0037065624372445427	8.0
0.03372972674864172	0.2128045030109758	0.034101156639404086	41.0	0.0	0.0	8.0
0.5218087204399466	0.6309942865144156	0.03341631978363564	78.0	0.0	0.0	8.0
0.28233628179080844	0.5270642842681939	0.03137309205754487	60.0	0.0	0.0	8.0
0.18893563862572935	0.5480799487229553	0.03341542298058944	95.0	0.0	0.0	8.0
0.6681942723484984	0.1488650250093118	0.030894448994196747	57.0	0.0	0.0	8.0
0.5094704975636036	0.48716639450272164	0.03215598587616736	40.0	0.0	0.0	8.0
0.9631632485455026	0.9801023240405069	0.03408154783268589	9.0	0.0	0.0	8.0
0.24990034382936163	0.44646559222323035	0.034120432557543066	3.0	0.0	0.0	8.0
0.49276306731972036	0.9436097696713333	0.03278606644693733	89.0	0.0	0.0	8.0
0.6484579388302647	0.90588732003394	0.035218783624461264	43.0	0.0	6.702308472483764e-05	8.0
0.13052326606147413	0.09113655153784764	0.035463055791448005	17.0	0.0	0.0006354478796453122	8.0
0.5421508991250077	0.3969006659155962	0.03400463586314502	88.0	0.0	0.0	8.0
0.9757540177876806	0.3905046756640709	0.033276872704630735	83.0	0.0	0.0	8.0
0.3444495177539103	0.6119130080277541	0.02992751468624231	98.0	0.0	0.0	8.0
0.5793640982069023	0.05046466208076021	0.02982405714415985	63.0	0.0	0.0	8.0
0.2753394777784547	0.6548677611554401	0.03597175052745612	70.0	0.0	0.005872788073361335	8.0
0.29481413003382384	0.9775393342419825	0.03393667416288726	92.0	0.0	0.0	8.0
0.2852793779719323	0.8938122407197313	0.03380975339432509	82.0	0.0	0.0	8.0
0.14073718120053877	0.4773375046196411	0.031950546511831594	33.0	0.0	0.0	8.0
0.0771167067810039	0.547120915561507	0.031739616565920496	26.0	0.0	0.0	8.0
0.3212734126541607	0.21564202929165638	0.03318367456768018	31.0	0.0	0.0	8.0
0.3617780269054261	0.5430830518263762	0.03506014411509524	94.0	0.0	1.3923851867048143e-06	8.0
0.8897478632952921	0.37408178460671526	0.03180370960036196	79.0	0.0	0.0	8.0
0.8383446032150832	0.5874698527671974	0.03190064008126519	74.0	0.0	0.0	8.0
0.8555352682442702	0.90797597045302	0.03113461376623438	25.0	0.0	0.0	8.0
0.8981458813408859	0.27743400720645434	0.03301476785800447	67.0	0.0	0.0	8.0
0.5593251530939624	0.7049733723401811	0.031645228662118614	93.0	0.0	0.0	8.0
0.1589357798604215	0.28229887902407136	0.031734378328320254	59.0	0.0	0.0	8.0
0.8055522432771814	0.04780897374099496	0.034909952305493194	65.0	0.0	0.0	8.0
0.19612418558201603	0.6306967875702919	0.03221304561527301	39.0	0.0	0.0	9.0
0.2979508209638757	0.7464193350022018	0.03291255356768679	36.0	0.0	0.0	9.0
0.18977050026389797	0.5474514303155098	0.033448838403570026	95.0	0.0	0.0	9.0
0.9143836331989695	0.18809237067752926	0.03163997390718183	1.0	0.0	0.0	9.0
0.2811034571019292	0.654119683952935	0.03600772227798357	70.0	0.0	0.006549415649217849	9.0
0.24869421567664762	0.4460686541068318	0.0341545529901006	3.0	0.0	0.0	9.0
0.6717992590824797	0.3253935332444841	0.03449322885081903	10.0	0.0	0.0	9.0
0.650289262603583	0.4626992543347013	0.02844198638772697	52.0	0.0	0.0	9.0
0.3420116932099511	0.610509825847716	0.02995744220092855	98.0	0.0	0.0	9.0
0.12160817085116236	0.39957627723953665	0.03502882792544071	5.0	0.0	1.533275337806117e-07	9.0
0.6931702794406075	0.7608201273691039	0.03425539665677128	6.0	0.0	0.0	9.0
0.5889952402418793	0.46445145697905166	0.03037965044379156	2.0	0.0	0.0	9.0
0.28461145880826005	0.5174745230044024	0.03140446514960241	60.0	0.0	0.0	9.0
0.4459757188894426	0.5202029224296729	0.030364723206218802	76.0	0.0	0.0	9.0
0.06485204856568696	0.29578146437364095	0.0190938261501584	107.0	47.0	0.0	9.0
0.6469301046636288	0.9102068314591698	0.035254002408085724	43.0	0.0	0.00010488019253784842	9.0
0.19555070956083415	0.13748521451362133	0.03213927658702748	13.0	0.0	0.0	9.0
0.5943203028662937	0.32186844328730246	0.030721571157114828	81.0	0.0	0.0	9.0
0.7611744966277381	0.6037530616111743	0.033318641812351495	87.0	0.0	0.0	9.0
0.8392698144608897	0.5867548871373756	0.03193254072134645	74.0	0.0	0.0	9.0
0.6776097621660804	0.13794225420905928	0.03092534344319094	57.0	0.0	0.0	9.0
0.5581201622009117	0.704847745291813	0.03167687389078073	93.0	0.0	0.0	9.0
0.7052895968934227	0.401554606744926	0.031968294073338635	34.0	0.0	0.0	9.0
0.5760021346386999	0.05109634398888455	0.029853881201304003	63.0	0.0	0.0	9.0
0.2988665551052429	0.301412128282678	0.030948538674072497	42.0	0.0	0.0	9.0
0.042597229458080026	0.3656130130308575	0.0357576726450161	37.0	0.0	0.0027837151774861013	9.0
0.7145310400666519	0.22420616470072258	0.018571376934675473	110.0	55.0	0.0	9.0
0.8302397853201242	0.3174789158894641	0.031783050208281406	58.0	0.0	0.0	9.0
0.5793879077985578	0.8708660038586103	0.0312215955039327	24.0	0.0	0.0	9.0
0.8968394772825299	0.2760294204437706	0.03304778262586248	67.0	0.0	0.0	9.0
0.2902147823830068	0.8135825063233114	0.034216000649153665	21.0	0.0	0.0	9.0
0.6970782164112478	0.6715421178956303	0.03154217653885981	8.0	0.0	0.0	9.0
0.21529791500426906	0.7656147847381649	0.03200403281976357	32.0	0.0	0.0	9.0
0.9503516573539208	0.06272250355770573	0.03705027079814523	23.0	0.0	0.0551586530472008	9.0
0.21513508073655688	0.8492149779491108	0.03292689917652785	96.0	0.0	0.0	9.0
0.08411313955417277	0.5468344437626803	0.031771356182486415	26.0	0.0	0.0	9.0
0.21559828901780353	0.9405102060556073	0.03586938123089197	80.0	0.0	0.004205433344338871	9.0
0.15224260920117685	0.014913397174145453	0.032715308957313366	62.0	0.0	0.0	9.0
0.32159237878485175	0.21378371129993648	0.033216858242247856	31.0	0.0	0.0	9.0
0.3638554770114282	0.5434802391623572	0.03509520425921033	94.0	0.0	5.522670193158774e-06	9.0
0.40659212878179185	0.36900110349109844	0.019300195491326562	102.0	0.0	0.0	9.0
0.326937245782204	0.1508870888700566	0.019478942710926397	103.0	18.0	0.0	9.0
0.8325692630858208	0.9852507481766231	0.034920702693161984	29.0	0.0	0.0	9.0
0.8128984595366047	0.4100788447214833	0.033539353225499766	64.0	0.0	0.0	9.0
0.7227373438117227	0.06052056073571103	0.03385609194497726	84.0	0.0	0.0	9.0
0.29815190276480236	0.37216477513778806	0.03291276796003419	68.0	0.0	0.0	9.0
0.5263435282796795	0.6320250366252572	0.033449736103419274	78.0	0.0	0.0	9.0
0.09612363753426206	0.1602742071182812	0.03068541392478983	75.0	0.0	0.0	9.0
0.3868268776583043	0.8071990297202623	0.037035601088570416	56.0	0.0	0.05398312198428812	9.0
0.9529820366051669	0.23456819413173827	0.017166232550213233	100.0	0.0	0.0	9.0
0.36993967283370827	0.14275953191783317	0.019478942710926397	104.0	18.0	0.0	9.0
0.5953273671733617	0.6398706086454282	0.018056689098861992	105.0	22.0	0.0	9.0
0.15576160038927486	0.20745658769222095	0.03596721567173338	49.0	0.0	0.005790951774358177	9.0
0.5176418566264984	0.11599609262535011	0.03277276400365256	77.0	0.0	0.0	9.0
0.7870101040248146	0.5194676393156844	0.03439836688646934	7.0	0.0	0.0	9.0
0.8019107862267618	0.1683853798533706	0.03250172369809811	54.0	0.0	0.0	9.0
0.1304765365996942	0.09539044155737807	0.03549851884723945	17.0	0.0	0.0007929115065650194	9.0
0.9792025672278178	0.2799835484968668	0.017166232550213233	99.0	0.0	0.0	9.0
0.44070529395017166	0.11996372335099936	0.03497661810329909	45.0	0.0	0.0	9.0
0.40539206301671565	0.6367871107413232	0.03366947061378176	91.0	0.0	0.0	9.0
0.2121562235013617	0.24533569786287615	0.03159888451312199	27.0	0.0	0.0	9.0
0.35950189419725187	0.391227718256747	0.019300195491326562	101.0	0.0	0.0	9.0
0.5519893138929617	0.3993990302294336	0.03403864049900816	88.0	0.0	0.0	9.0
0.101584523793744	0.8435960296063565	0.031149221376807604	90.0	0.0	0.0	9.0
0.9772656913966892	0.3912587974787959	0.033310149577335364	83.0	0.0	0.0	9.0
0.431782652510571	0.2128653369432516	0.03528092266918624	48.0	0.0	0.0001418862571824775	9.0
0.8086773436502722	0.2439395132885482	0.031740425799264865	97.0	0.0	0.0	9.0
0.770919660948493	0.34594274190032037	0.033263429126959565	38.0	0.0	0.0	9.0
0.4725777161633534	0.5836258859226163	0.0324187169327931	35.0	0.0	0.0	9.0
0.7450231231803931	0.18729907922214056	0.018571376934675473	109.0	55.0	0.0	9.0
0.8102785058348693	0.7531056843922477	0.035561349897769864	20.0	0.0	0.0011320899047575494	9.0
0.43057379122923095	0.7235656643194195	0.03556300240808079	12.0	0.0	0.001142117355968253	9.0
0.10242796943105931	0.2780177105047934	0.0190938261501584	108.0	47.0	0.0	9.0
0.043806321935583134	0.21971673056827132	0.03413525779604348	41.0	0.0	0.0	9.0
0.8919121095428666	0.3732151115636635	0.03183551330996232	79.0	0.0	0.0	9.0
0.9383167998563684	0.8972226850740488	0.037659262957491633	85.0	0.0	0.12035491379630514	9.0
0.8516663358549151	0.6673924321331627	0.03344835340265472	28.0	0.0	0.0	9.0
0.50676946502694	0.1956599969628284	0.03473575602660982	19.0	0.0	0.0	9.0
0.4578781773380803	0.3660542614030957	0.03176426499636371	50.0	0.0	0.0	9.0
0.860425746785256	0.9148700971020529	0.03116574838000061	25.0	0.0	0.0	9.0
0.16059611092040896	0.28274282989100763	0.03176611270664857	59.0	0.0	0.0	9.0
0.7839376055540522	0.8589418714746995	0.032719121495753456	44.0	0.0	0.0	9.0
0.8009683540661763	0.053334344009144705	0.034944862257798685	65.0	0.0	0.0	9.0
0.509736349605809	0.4889124442551003	0.03218814186204352	40.0	0.0	0.0	9.0
0.8849646075881756	0.11879450700978032	0.03379144627599168	69.0	0.0	0.0	9.0
0.1422478338315114	0.47679782246972147	0.03198249705834342	33.0	0.0	0.0	9.0
0.5849831846700025	0.2078442699834766	0.03188557214127606	73.0	0.0	0.0	9.0
0.7651623709628165	0.678017728355563	0.03378276104078905	72.0	0.0	0.0	9.0
0.4934444382899591	0.9337867155597707	0.03281885251338426	89.0	0.0	0.0	9.0
0.5071128851054565	0.749930873220879	0.03345159196109415	16.0	0.0	0.0	9.0
0.5420394119549625	0.5670842039243121	0.03144758226768193	15.0	0.0	0.0	9.0
0.6088231657698744	0.5923060150493533	0.018056689098861992	106.0	22.0	0.0	9.0
0.41754930808215124	0.4443551544923393	0.034577077035135836	53.0	0.0	0.0	9.0
0.29584754635710664	0.9759807973431124	0.03397061083705014	92.0	0.0	0.0	9.0
0.29352206663074004	0.8985942513056433	0.03384356314771941	82.0	0.0	0.0	9.0
0.6965956869951334	0.54765307219776	0.03166595256237628	71.0	0.0	0.0	9.0
0.954154939275163	0.9819126198600837	0.03411562938051857	9.0	0.0	0.0	9.0
0.8853591100899907	0.7442898109307712	0.03222792475769138	46.0	0.0	0.0	9.0
0.6223494200661752	0.3970752102862264	0.032763047812693215	61.0	0.0	0.0	9.0
0.731397365729034	0.4731325844571886	0.035309133246194196	66.0	0.0	0.0001890676025624316	9.0
0.38311476600263317	0.8936781237882273	0.03498239278346036	51.0	0.0	0.0	9.0
0.33147487860469016	0.46348518316912846	0.03321877374120553	30.0	0.0	0.0	9.0
0.6233968829674733	0.5322508495816409	0.03026605011431725	11.0	0.0	0.0	9.0
0.572772648999639	0.7946469653633226	0.03429287053958705	14.0	0.0	0.0	9.0
0.5060457510021527	0.7484851846519184	0.03348504355305524	16.0	0.0	0.0	10.0
0.914155916744914	0.1865307811049951	0.03167161388108901	1.0	0.0	0.0	10.0
0.10279701927939652	0.27685960457313774	0.019112919976308557	108.0	0.0	0.0	10.0
0.39716768280812875	0.3697529803248995	0.019319495686817886	102.0	0.0	0.0	10.0
0.24761552196157174	0.4452350834656622	0.0341887075430907	3.0	0.0	0.0	10.0
0.8887397249741491	0.11630841938535642	0.03382523772226766	69.0	0.0	0.0	10.0
0.8388133857763567	0.3124989095859994	0.03181483325848968	58.0	0.0	0.0	10.0
0.8387328432541539	0.5830725505198147	0.03196447326206779	74.0	0.0	0.0	10.0
0.28572575694843894	0.5200000659188257	0.03143586961475201	60.0	0.0	0.0	10.0
0.7497667696500319	0.19644470652990625	0.018589948311610146	109.0	0.0	0.0	10.0
0.9795767768972196	0.27905753357099516	0.017183398782763443	99.0	0.0	0.0	10.0
0.15419504261187386	0.20949705702014723	0.03600318288740511	49.0	0.0	0.006461306155372881	10.0
0.5777198236703285	0.05192639603346474	0.029883735082505303	63.0	0.0	0.0	10.0
0.8026687035594938	0.051639338619417	0.03497980712005648	65.0	0.0	0.0	10.0
0.4161684891398023	0.6403329958787661	0.03370314008439554	91.0	0.0	0.0	10.0
0.1972360688718842	0.13654953990671287	0.0321714158636145	13.0	0.0	0.0	10.0
0.788025085190884	0.5198965054732426	0.034432765253355806	7.0	0.0	0.0	10.0
0.2963283486139303	0.899537424015643	0.03387740671086713	82.0	0.0	0.0	10.0
0.08282344486337238	0.5478440992759354	0.0318031275386689	26.0	0.0	0.0	10.0
0.5438961774455942	0.5669377792527005	0.0314790298499496	15.0	0.0	0.0	10.0
0.36162172402596976	0.39191059555455565	0.019319495686817886	101.0	0.0	0.0	10.0
0.15356348787450275	0.015248820737613761	0.03274802426627067	62.0	0.0	0.0	10.0
0.5087749848982127	0.1959847627143923	0.03477049178263642	19.0	0.0	0.0	10.0
0.6922377576715341	0.760376717777094	0.034289652053428044	6.0	0.0	0.0	10.0
0.6047130763477605	0.58753796096018	0.018074745787960853	106.0	0.0	0.0	10.0
0.0399218772074664	0.362173369543748	0.035793430317661114	37.0	0.0	0.0031967328774413772	10.0
0.5832475476842911	0.21119053305651286	0.031917457713417335	73.0	0.0	0.0	10.0
0.5936388851193276	0.6423155306555338	0.018074745787960853	105.0	0.0	0.0	10.0
0.32321960487481327	0.14753688350225205	0.01949842165363732	103.0	0.0	0.0	10.0
0.9514466301469465	0.23493757947615793	0.017183398782763443	100.0	0.0	0.0	10.0
0.4313997204935824	0.7242291959608942	0.035598565410488864	12.0	0.0	0.0013725078071047392	10.0
0.7150690100247657	0.21973030228171328	0.018589948311610146	110.0	0.0	0.0	10.0
0.150206956881637	0.4787126140829837	0.03201447955540176	33.0	0.0	0.0	10.0
0.21744553616639373	0.8419645965977137	0.03295982607570438	96.0	0.0	0.0	10.0
0.4672654219378311	0.366764957044874	0.03179602926136007	50.0	0.0	0.0	10.0
0.5534385807165254	0.4003931817151154	0.034072679139507164	88.0	0.0	0.0	10.0
0.8590176082341785	0.9143869433054772	0.031196914128380607	25.0	0.0	0.0	10.0
0.3835087417086187	0.891919219278467	0.035017375176243815	51.0	0.0	3.357125422098761e-08	10.0
0.8843187710778574	0.7534306980169739	0.03226015268244907	46.0	0.0	0.0	10.0
0.6748674725419344	0.32773382087231884	0.034527722079669844	10.0	0.0	0.0	10.0
0.284848721939022	0.6587516531622227	0.03604373000026155	70.0	0.0	0.0072768676159853385	10.0
0.8838093132363725	0.3798943033934167	0.03186734882327228	79.0	0.0	0.0	10.0
0.370908166324186	0.1448818439049803	0.01949842165363732	104.0	0.0	0.0	10.0
0.32262807539932936	0.21255116817285555	0.0332500751004901	31.0	0.0	0.0	10.0
0.5632481180766782	0.7033021071115049	0.03170855076467151	93.0	0.0	0.0	10.0
0.38921510595840364	0.8067034320913458	0.03707263668965898	56.0	0.0	0.05698355229203855	10.0
0.14141307622535226	0.0873707036859153	0.03553401736608669	17.0	0.0	0.0009746442279379153	10.0
0.7262836622983462	0.049391948995580956	0.03388994803692223	84.0	0.0	0.0	10.0
0.5958369836407663	0.32244280442823564	0.03075229272827194	81.0	0.0	0.0	10.0
0.9788336288290422	0.3921684391879423	0.033343459726912696	83.0	0.0	0.0	10.0
0.6774814284025557	0.13687452865935745	0.030956268786634128	57.0	0.0	0.0	10.0
0.9502237330866143	0.9705716491177037	0.034149745009899084	9.0	0.0	0.0	10.0
0.5723087411386624	0.8038498709625753	0.034327163410126635	14.0	0.0	0.0	10.0
0.6451285528745607	0.9084556098409581	0.035289256410493804	43.0	0.0	0.00015489198720786135	10.0
0.47405910510286803	0.5862358121188362	0.03245113564972589	35.0	0.0	0.0	10.0
0.9410339119296254	0.8967298543504253	0.03769692222044912	85.0	0.0	0.12554090023139963	10.0
0.697704208832862	0.5485668345239493	0.03169761851493865	71.0	0.0	0.0	10.0
0.4448747735893375	0.520438626481469	0.030395087929425017	76.0	0.0	0.0	10.0
0.29456247405373925	0.9771536033337228	0.03400458144788719	92.0	0.0	0.0	10.0
0.4924157584439994	0.9339666160037094	0.032851671365897644	89.0	0.0	0.0	10.0
0.21447088884852564	0.9402614049049072	0.03590525061212286	80.0	0.0	0.004747734837224016	10.0
0.62727594001059	0.5345012914715841	0.030296316164431562	11.0	0.0	0.0	10.0
0.5811338287712774	0.46647807862294666	0.03041003009423535	2.0	0.0	0.0	10.0
0.6283667072001067	0.3924252954640381	0.032795810860505904	61.0	0.0	0.0	10.0
0.6986403088778517	0.6718153040859881	0.031573718715398665	8.0	0.0	0.0	10.0
0.7074013396716962	0.40111638452230586	0.03200026236741197	34.0	0.0	0.0	10.0
0.30166630614223156	0.3700361751848899	0.03294568072799422	68.0	0.0	0.0	10.0
0.5107772404534381	0.4876084118522586	0.03222033000390556	40.0	0.0	0.0	10.0
0.42030957921271667	0.4420505048677864	0.034611654112170966	53.0	0.0	0.0	10.0
0.5291930432196409	0.6331453610310541	0.033483185839522686	78.0	0.0	0.0	10.0
0.7664915091250211	0.6057665936712462	0.033351960454163845	87.0	0.0	0.0	10.0
0.7839475301501129	0.8573655028782375	0.03275184061724921	44.0	0.0	0.0	10.0
0.832992957570367	0.9840764437778798	0.034955623395855145	29.0	0.0	0.0	10.0
0.8090317384246306	0.7521670662652283	0.03559691124766763	20.0	0.0	0.0013611602605863027	10.0
0.7610704295519175	0.3486310609395813	0.03329669255608652	38.0	0.0	0.0	10.0
0.5128042712007322	0.12818752074388667	0.03280553676765621	77.0	0.0	0.0	10.0
0.10224802479502852	0.842622225253488	0.031180370598184407	90.0	0.0	0.0	10.0
0.36478650437883203	0.5424536177962711	0.03513029946346954	94.0	0.0	1.4158193920366102e-05	10.0
0.06403786848135275	0.29638641953036865	0.019112919976308557	107.0	0.0	0.0	10.0
0.6592550402098001	0.4641182895373509	0.028470428374114697	52.0	0.0	0.0	10.0
0.33907829110863075	0.6115172619682868	0.029987399643129475	98.0	0.0	0.0	10.0
0.22517226228051188	0.24603130889063485	0.031630483397635106	27.0	0.0	0.0	10.0
0.2889146727521481	0.30062732206303344	0.030979487212746567	42.0	0.0	0.0	10.0
0.2932341109321836	0.7294430791897943	0.03294546612125447	36.0	0.0	0.0	10.0
0.8065794767175047	0.17933829552399413	0.0325342254217962	54.0	0.0	0.0	10.0
0.15356414061102283	0.28577331170354314	0.03179787881935522	59.0	0.0	0.0	10.0
0.1192549358378938	0.3987020163119698	0.035063856753366145	5.0	0.0	1.6664814239675252e-06	10.0
0.44087552901229177	0.11889108692119059	0.03501159472140239	45.0	0.0	9.976105275200098e-09	10.0
0.7660845135759343	0.6776073958719571	0.03381654380182983	72.0	0.0	0.0	10.0
0.8420170678428904	0.6716135608783175	0.033481801756057375	28.0	0.0	0.0	10.0
0.8129830296190821	0.2444158257996118	0.031772166225064125	97.0	0.0	0.0	10.0
0.09918047645661895	0.16026458449861958	0.030716099338714616	75.0	0.0	0.0	10.0
0.04411780312018662	0.2183261228430207	0.03416939305383952	41.0	0.0	0.0	10.0
0.43125985802834366	0.21461977820105682	0.03531620359185542	48.0	0.0	0.00020233935940439096	10.0
0.21676844660585126	0.7635138660699694	0.032036036852583334	32.0	0.0	0.0	10.0
0.3303767663957018	0.45885669323437667	0.03325199251494673	30.0	0.0	0.0	10.0
0.9518904240609581	0.06462557859172839	0.03708732106894337	23.0	0.0	0.058203318158462025	10.0
0.7329689004579787	0.474125475181283	0.035344442379440386	66.0	0.0	0.0002615349394545774	10.0
0.18961391596160146	0.627188930256477	0.03224525866088828	39.0	0.0	0.0	10.0
0.2986319521434069	0.8166339209724777	0.034250216649802816	21.0	0.0	0.0	10.0
0.5731784812443793	0.8740619393211427	0.03125281709943663	24.0	0.0	0.0	10.0
0.19318803272333301	0.5521428264357333	0.03348228724197359	95.0	0.0	0.0	10.0
0.897791872525067	0.2764749498695471	0.03308083040848834	67.0	0.0	0.0	10.0
0.8159819146986266	0.4140402578122252	0.03357289257872526	64.0	0.0	0.0	10.0
0.6703647451165647	0.13897081363244085	0.03098722505542076	57.0	0.0	0.0	11.0
0.8849476002835657	0.7500248770217605	0.03229241283513151	46.0	0.0	0.0	11.0
0.4168121143528844	0.43057781142460094	0.03464626576628313	53.0	0.0	0.0	11.0
0.725095445015634	0.04917642973561942	0.03392383798495915	84.0	0.0	0.0	11.0
0.3831123025956332	0.8930865881869925	0.03505239255142006	51.0	0.0	9.204254496353315e-07	11.0
0.784004560733779	0.8596296605970452	0.032784592457866454	44.0	0.0	0.0	11.0
0.5818759240390422	0.4651896115320751	0.03044044012432958	2.0	0.0	0.0	11.0
0.5078708912316454	0.19818209669057302	0.03480526227441905	19.0	0.0	0.0	11.0
0.7617774176927011	0.34753510795652776	0.033329989248642604	38.0	0.0	0.0	11.0
0.8030929308654114	0.24844875314844145	0.031803938391289185	97.0	0.0	0.0	11.0
0.2956291997501769	0.9841595910352652	0.03403858602933507	92.0	0.0	0.0	11.0
0.21750113947162197	0.8430676431551591	0.03299278590178008	96.0	0.0	0.0	11.0
0.8877582599181046	0.374683134155007	0.03189921617209555	79.0	0.0	0.0	11.0
0.6443204362774847	0.9092713942839653	0.035324545666904295	43.0	0.0	0.0002187798999386814	11.0
0.2411920312620347	0.43303923775163233	0.03422289625063379	3.0	0.0	0.0	11.0
0.842482749473186	0.3169219207322576	0.03184664809174817	58.0	0.0	0.0	11.0
0.32949553003284265	0.457752676637105	0.033285244507461675	30.0	0.0	0.0	11.0
0.37290828139692095	0.143804143794932	0.019517920075290955	104.0	0.0	0.0	11.0
0.2246829357433045	0.9402292584144538	0.035941155862734976	80.0	0.0	0.005335371072348494	11.0
0.6249702312302409	0.5342315202710411	0.03032661248059599	11.0	0.0	0.0	11.0
0.9777174058622271	0.27733902000972405	0.017200582181546204	99.0	0.0	0.0	11.0
0.3197032066944321	0.21678637805038273	0.033283325175590586	31.0	0.0	0.0	11.0
0.4740306466935017	0.3682133404351028	0.03182782529062143	50.0	0.0	0.0	11.0
0.8580995303283352	0.913814959828772	0.031228111042508985	25.0	0.0	0.0	11.0
0.8391621430946602	0.5817817864193	0.031996437735329855	74.0	0.0	0.0	11.0
0.5769721424229051	0.8701837492611951	0.03128406991653606	24.0	0.0	0.0	11.0
0.7021126317324229	0.3979131257436667	0.03203226262977938	34.0	0.0	0.0	11.0
0.6257001520113296	0.3929961847373495	0.0328286066713664	61.0	0.0	0.0	11.0
0.36240062147546986	0.39127673829565596	0.0193388151825047	101.0	0.0	0.0	11.0
0.8022007884165853	0.0433901708545252	0.035014786927176536	65.0	0.0	2.069253923764336e-08	11.0
0.5510629691024319	0.40311426311963694	0.03410675181864667	88.0	0.0	0.0	11.0
0.5920730093346417	0.6437446086117072	0.01809282053374881	105.0	0.0	0.0	11.0
0.5971115505716612	0.31917076769816166	0.030783045021000207	81.0	0.0	0.0	11.0
0.7248689993568219	0.46520538302542086	0.035379786821819824	66.0	0.0	0.00035059009925930695	11.0
0.7676401050105673	0.6050709133849208	0.03338531241461801	87.0	0.0	0.0	11.0
0.9768474929589617	0.3914588901795065	0.0333768031866396	83.0	0.0	0.0	11.0
0.15128357626777397	0.47838810582488084	0.03204649403495716	33.0	0.0	0.0	11.0
0.2968538334754665	0.36558827350984013	0.032978626408722206	68.0	0.0	0.0	11.0
0.9534777905339047	0.0677826132502516	0.03712440839001231	23.0	0.0	0.06136122169283453	11.0
0.19694073130380835	0.5486744151931457	0.03351576952921556	95.0	0.0	0.0	11.0
0.04559307966447513	0.36536877109845606	0.03582922374797877	37.0	0.0	0.003649179007183534	11.0
0.288065820799927	0.2988565215512264	0.03101046669995931	42.0	0.0	0.0	11.0
0.573975316723874	0.8040130211849439	0.034361490573536754	14.0	0.0	0.0	11.0
0.7142978351901476	0.2188799464383457	0.018608538259921755	110.0	0.0	0.0	11.0
0.5847535869914423	0.2109369107738933	0.03194937517113075	73.0	0.0	0.0	11.0
0.5747238303230254	0.05650713123724058	0.029913618817587806	63.0	0.0	0.0	11.0
0.951842613172279	0.9693845282936815	0.03418389475490898	9.0	0.0	0.0	11.0
0.37672864806012163	0.8065068859791757	0.03710970932634863	56.0	0.0	0.06009631494600853	11.0
0.052302460992870975	0.29601485518507387	0.019132032896284863	107.0	0.0	0.0	11.0
0.4301416326702835	0.2147150490316894	0.035351519795447275	48.0	0.0	0.0002779901030720566	11.0
0.2917534021961142	0.8119788624026191	0.03428446686645262	21.0	0.0	0.0	11.0
0.3231673830843598	0.14891868144881215	0.019517920075290955	103.0	0.0	0.0	11.0
0.49355589870273764	0.9334244848237978	0.03288452303726354	89.0	0.0	0.0	11.0
0.5466148025615725	0.5664446740928671	0.031510508879799545	15.0	0.0	0.0	11.0
0.1880805287987646	0.6281849522920808	0.032277503919549165	39.0	0.0	0.0	11.0
0.6972333712691157	0.6727042028645926	0.03160529243411406	8.0	0.0	0.0	11.0
0.44391782467401	0.5208288455832373	0.03042548301735444	76.0	0.0	0.0	11.0
0.9433008415420281	0.8972752282292242	0.03773461914266956	85.0	0.0	0.13087916716496295	11.0
0.16156026090747547	0.03278077229053694	0.03278077229053694	62.0	0.0	0.0	11.0
0.474735247893412	0.5870939117758749	0.032483586785375614	35.0	0.0	0.0	11.0
0.2959254335625474	0.9035237403735811	0.03391128411757799	82.0	0.0	0.0	11.0
0.606270746789017	0.5998432698752009	0.01809282053374881	106.0	0.0	0.0	11.0
0.6739951491538553	0.3268642391479789	0.03456224980174951	10.0	0.0	0.0	11.0
0.09516288548711786	0.17266236164510945	0.030746815438053327	75.0	0.0	0.0	11.0
0.6585140106121998	0.4656395155027727	0.02849889880248881	52.0	0.0	0.0	11.0
0.2941084460369165	0.7288829442638329	0.032978411587375724	36.0	0.0	0.0	11.0
0.3519919521875729	0.5406289849701411	0.035165429762933	94.0	0.0	2.897483130936962e-05	11.0
0.2755270466947361	0.5162110971859479	0.03146730548436676	60.0	0.0	0.0	11.0
0.9149931950352339	0.18751455188185778	0.0317032854949701	1.0	0.0	0.0	11.0
0.8164825605445556	0.7437403970413783	0.0356325081589153	20.0	0.0	0.0016194903700892382	11.0
0.7928385163510006	0.5264038651211133	0.03446719801860916	7.0	0.0	0.0	11.0
0.8885358376590876	0.11441071209842232	0.03385906295998993	69.0	0.0	0.0	11.0
0.15321785051614656	0.28463738031891234	0.03182967669817457	59.0	0.0	0.0	11.0
0.5125651302473959	0.12059316142856305	0.03283834230442387	77.0	0.0	0.0	11.0
0.44195523355595184	0.11726274088749684	0.03504660631612379	45.0	0.0	6.479094309952416e-07	11.0
0.100410779249555	0.2673097687016251	0.019132032896284863	108.0	0.0	0.0	11.0
0.2761373792429897	0.6580646759968249	0.036079773730261805	70.0	0.0	0.008057090577935355	11.0
0.6922377576715341	0.7627294080430737	0.03432394170548147	6.0	0.0	0.0	11.0
0.5706689392979954	0.6999159889545757	0.03174025931543618	93.0	0.0	0.0	11.0
0.8085001893150597	0.17796669285285766	0.032566759647217995	54.0	0.0	0.0	11.0
0.13121168345158835	0.10524357173151269	0.035569551383452774	17.0	0.0	0.0011824388960661736	11.0
0.8441053034600344	0.6719787614954469	0.03351528355781343	28.0	0.0	0.0	11.0
0.7517207482301463	0.18586170368598506	0.018608538259921755	109.0	0.0	0.0	11.0
0.8269184231193162	0.9801848478822436	0.034990579019251	29.0	0.0	0.0	11.0
0.08483199527000622	0.5475576596295846	0.031834930666207566	26.0	0.0	0.0	11.0
0.20764889034401596	0.14345583397435546	0.03220358727947811	13.0	0.0	0.0	11.0
0.34404164409737653	0.6178163034680538	0.0300173870427726	98.0	0.0	0.0	11.0
0.10275831540996615	0.8411501094049282	0.031211550968782587	90.0	0.0	0.0	11.0
0.6902055178680886	0.553044348701301	0.03172931613345359	71.0	0.0	0.0	11.0
0.16279183528649913	0.21676716892368958	0.03603918607029251	49.0	0.0	0.007182240174643084	11.0
0.817017120816683	0.41194868031887694	0.033606465471303984	64.0	0.0	0.0	11.0
0.5277031725751297	0.630037323530612	0.033516669025362204	78.0	0.0	0.0	11.0
0.513968132494552	0.48458386629594014	0.03225255033390946	40.0	0.0	0.0	11.0
0.4290589799999094	0.7303986305411518	0.03563416397589935	12.0	0.0	0.0016322424859822604	11.0
0.5064639763468645	0.751861658176421	0.03351852859660829	16.0	0.0	0.0	11.0
0.9503793227153244	0.23313726161254036	0.017200582181546204	100.0	0.0	0.0	11.0
0.41037731597882093	0.6457534577794132	0.03373684322447993	91.0	0.0	0.0	11.0
0.8972302927198837	0.27547087993813896	0.03311391123889682	67.0	0.0	0.0	11.0
0.04151091770386056	0.2179877886054993	0.034203562446893356	41.0	0.0	0.0	11.0
0.21639138801584926	0.7620091918082394	0.03206807288943592	32.0	0.0	0.0	11.0
0.7670339183649114	0.6771111605165356	0.03385036034563166	72.0	0.0	0.0	11.0
0.22483438642933373	0.2443221503165378	0.03166211388103274	27.0	0.0	0.0	11.0
0.39246882735089283	0.3572260755257999	0.0193388151825047	102.0	0.0	0.0	11.0
0.12023868565440234	0.3895456389534987	0.03509892061011951	5.0	0.0	6.194986056584639e-06	11.0
