# x	y	r	id	split_id	s_prob	t
2.0	0.5	0.0	-1.0	0.0	0.0	0.0
0.21939481075321832	0.06710303841242614	0.03303058648859681	1.0	0.0	0.0	0.0
0.267267221396101	0.27032323327529295	0.030800432606776014	2.0	0.0	0.0	0.0
0.5099256902091851	0.13211683781168543	0.03519400301539481	3.0	0.0	4.673103659058597e-05	0.0
0.3840718641951766	0.4739783953289157	0.03248204843980134	4.0	0.0	0.0	0.0
0.7572525789286522	0.9480872192975432	0.032154140830811674	5.0	0.0	0.0	0.0
0.7496529322358978	0.09106272513653793	0.03364304819540813	6.0	0.0	0.0	0.0
0.35918045378318075	0.10103281474139003	0.030328394042489125	7.0	0.0	0.0	0.0
0.8015312046351596	0.5913636431831455	0.03166795825457982	8.0	0.0	0.0	0.0
0.49483056635157713	0.5033497664563173	0.032399192770455415	9.0	0.0	0.0	0.0
0.837702476339067	0.8058967029442519	0.031041877396219504	10.0	0.0	0.0	0.0
0.9429497665630621	0.4844965226113104	0.03145665213860507	11.0	0.0	0.0	0.0
0.3732081718836719	0.16334824940187115	0.03268355305391331	12.0	0.0	0.0	0.0
0.6291449470736162	0.8344980341995695	0.031169207573456488	13.0	0.0	0.0	0.0
0.3917050026046624	0.03422552027272685	0.03422552027272685	14.0	0.0	0.0	0.0
0.2494579022990792	0.3347370307834425	0.03163930475389471	15.0	0.0	0.0	0.0
0.528675143470213	0.33134701153518753	0.03207929925988064	16.0	0.0	0.0	0.0
0.891196731247533	0.878578386396307	0.03533610292565995	17.0	0.0	0.0002429947287367895	0.0
0.911611092297402	0.5651127286436916	0.03380298970263019	18.0	0.0	0.0	0.0
0.3421344040496635	0.24371607847748308	0.03378175616479754	19.0	0.0	0.0	0.0
0.05191278070245667	0.3849379374246391	0.03411483669487055	20.0	0.0	0.0	0.0
0.09244955071545641	0.6537279047416067	0.03189387957575235	21.0	0.0	0.0	0.0
0.08621312455961029	0.06376199039856428	0.03404186040763827	22.0	0.0	0.0	0.0
0.6661484469930649	0.3382529876888741	0.03251119918688133	23.0	0.0	0.0	0.0
0.5973918093985652	0.764601678083617	0.032831559397809046	24.0	0.0	0.0	0.0
0.6045788076678316	0.5229720929538303	0.03233445101501656	25.0	0.0	0.0	0.0
0.5204753172044859	0.05121089044191268	0.03196222995946208	26.0	0.0	0.0	0.0
0.49532268038311533	0.9000667378975281	0.032274221091727395	27.0	0.0	0.0	0.0
0.4741188314532385	0.8289714797208825	0.03033054274737504	28.0	0.0	0.0	0.0
0.7133018186579735	0.29205127578066326	0.03135805958689341	29.0	0.0	0.0	0.0
0.45030904402546523	0.08656566956648264	0.03286421420875918	30.0	0.0	0.0	0.0
0.4463297965009771	0.4436822748744208	0.03218894277326542	31.0	0.0	0.0	0.0
0.4286084677863734	0.24406833808745243	0.03168925405967615	32.0	0.0	0.0	0.0
0.3210412227151321	0.873171430865979	0.03182165828140406	33.0	0.0	0.0	0.0
0.6894256595109901	0.05456714676051375	0.03054397759063876	34.0	0.0	0.0	0.0
0.7933405518351287	0.23678493319891622	0.03163844752817894	35.0	0.0	0.0	0.0
0.8802263389191418	0.3127116579364585	0.032863801999223945	36.0	0.0	0.0	0.0
0.3836254412550305	0.6242848267229202	0.027545975813175538	37.0	0.0	0.0	0.0
0.29867762934841874	0.4602113846966556	0.03573043653512769	38.0	0.0	0.0024941779591927116	0.0
0.14161973261261573	0.3229967112382544	0.03415938776388126	39.0	0.0	0.0	0.0
0.6732339450894389	0.48594885512627295	0.032928497301700346	40.0	0.0	0.0	0.0
0.3561722691830988	0.4078487127912209	0.0316831395313918	41.0	0.0	0.0	0.0
0.25211385443598605	0.6261439577364315	0.03274456531604955	42.0	0.0	0.0	0.0
0.3229136100034304	0.8036123607565216	0.030816669106452393	43.0	0.0	0.0	0.0
0.8445625451104978	0.3949162192739929	0.029581618708372625	44.0	0.0	0.0	0.0
0.37236149146752584	0.31931895031271446	0.032244765802405484	45.0	0.0	0.0	0.0
0.32818645940643953	0.6630825439753758	0.03119633748501977	46.0	0.0	0.0	0.0
0.3143092843051085	0.9407185394458083	0.03270343028265802	47.0	0.0	0.0	0.0
0.5615298117081273	0.46913871363245907	0.029081986384017957	48.0	0.0	0.0	0.0
0.5225125356071522	0.2676803148060201	0.031615109973487425	49.0	0.0	0.0	0.0
0.452809469551405	0.6461989684143195	0.033188115987206245	50.0	0.0	0.0	0.0
0.4395725167044252	0.15608404418626845	0.031078496696160064	51.0	0.0	0.0	0.0
0.9833447695395074	0.5931211639789786	0.031072849516563333	52.0	0.0	0.0	0.0
0.9331197965235126	0.7098557401442217	0.034685921028195454	53.0	0.0	0.0	0.0
0.7329190937109904	0.19656551529604235	0.03202015745074128	54.0	0.0	0.0	0.0
0.5924507024133505	0.06121746381128086	0.03580483826910869	55.0	0.0	0.0033366129355698604	0.0
0.9163401568061894	0.1588152309224785	0.03028500836331216	56.0	0.0	0.0	0.0
0.15917931058300983	0.4672587626818079	0.03227896096512585	57.0	0.0	0.0	0.0
0.23301503343355903	0.17582206540717724	0.032329613981023624	58.0	0.0	0.0	0.0
0.0974386916401333	0.9474635766819587	0.035392528753508345	59.0	0.0	0.0003870743556575462	0.0
0.31791734397813887	0.030932257062220917	0.030932257062220917	60.0	0.0	0.0	0.0
0.2807080889755666	0.09687507246638868	0.03406629234166843	61.0	0.0	0.0	0.0
0.4720587430178974	0.5663972141191087	0.029129979076801128	62.0	0.0	0.0	0.0
0.38768743395097527	0.701589583408694	0.03339548628563758	63.0	0.0	0.0	0.0
0.2947055450301372	0.16447153032567766	0.030092417304835074	64.0	0.0	0.0	0.0
0.6058504686131936	0.3978757648100987	0.031591130567419815	65.0	0.0	0.0	0.0
0.6758058345537009	0.1554910991123381	0.03291374255537456	66.0	0.0	0.0	0.0
0.16672045390588763	0.3981079448888646	0.029400610629066577	67.0	0.0	0.0	0.0
0.5246907679938922	0.6164028309127927	0.03141320203090587	68.0	0.0	0.0	0.0
0.6755553962870681	0.5707834368688534	0.03355620313000835	69.0	0.0	0.0	0.0
0.8760565103080936	0.24164413919854755	0.033806351570871744	70.0	0.0	0.0	0.0
0.9487936996301175	0.22707182975297585	0.03391828324255737	71.0	0.0	0.0	0.0
0.5597252492629554	0.18715037942999044	0.03417293396275299	72.0	0.0	0.0	0.0
0.8070823914586518	0.8856290441506491	0.032038795020375925	73.0	0.0	0.0	0.0
0.45435560102251327	0.30730350069863654	0.03406489989057573	74.0	0.0	0.0	0.0
0.48457037910205614	0.20798025155975886	0.03237082448921013	75.0	0.0	0.0	0.0
0.8078370550582294	0.32723779311594464	0.03206444911972584	76.0	0.0	0.0	0.0
0.5101247613298593	0.41817421534303895	0.03075792703862116	77.0	0.0	0.0	0.0
0.6198866409764829	0.9009228536792251	0.03176458793465583	78.0	0.0	0.0	0.0
0.6767655647505091	0.4189654480871605	0.03260887827151289	79.0	0.0	0.0	0.0
0.2169300345252314	0.6828934925265985	0.03221886403896934	80.0	0.0	0.0	0.0
0.9198087369856834	0.37632445372304146	0.03387159544628443	81.0	0.0	0.0	0.0
0.056901921627133555	0.5034300343857153	0.03276535543357273	82.0	0.0	0.0	0.0
0.8007650719685248	0.5907074248794588	0.0316996262128344	8.0	0.0	0.0	1.0
0.631233737985722	0.8375226034351824	0.03120037678102994	13.0	0.0	0.0	1.0
0.16660557663446593	0.39703870997832424	0.02943001123969564	67.0	0.0	0.0	1.0
0.8440507562217947	0.39015267867230835	0.029611200327080995	44.0	0.0	0.0	1.0
0.3095349637686453	0.9387365477917063	0.03273613371294067	47.0	0.0	0.0	1.0
0.7558000351922596	0.9411966747782711	0.03218629497164248	5.0	0.0	0.0	1.0
0.9463037772113368	0.4861697228190872	0.031488108790743666	11.0	0.0	0.0	1.0
0.05603346205735703	0.5021892838158171	0.0327981207890063	82.0	0.0	0.0	1.0
0.6820108425554889	0.4189489364833048	0.0326414871497844	79.0	0.0	0.0	1.0
0.6058967700672807	0.3997139678920996	0.03162272169798723	65.0	0.0	0.0	1.0
0.5670526999048036	0.19271465818683176	0.03420710689671574	72.0	0.0	0.0	1.0
0.4434389961701602	0.44252465303616095	0.03222113171603869	31.0	0.0	0.0	1.0
0.3951418207627177	0.03425974579299958	0.03425974579299958	14.0	0.0	0.0	1.0
0.9076758060064244	0.5649515967384444	0.033836792692332814	18.0	0.0	0.0	1.0
0.45645693565403817	0.3070844247961426	0.0340989647904663	74.0	0.0	0.0	1.0
0.45306222758533304	0.6449999405009086	0.03322130410319345	50.0	0.0	0.0	1.0
0.8054936225578496	0.32507188837932366	0.03209651356884556	76.0	0.0	0.0	1.0
0.47604234692586955	0.8294961700581374	0.030360873290122412	28.0	0.0	0.0	1.0
0.3868318239170204	0.47572212924469953	0.03251453048824114	4.0	0.0	0.0	1.0
0.3413349222844831	0.24541118395636163	0.033815537920962334	19.0	0.0	0.0	1.0
0.5928548886750078	0.05941297427649173	0.0358406431073778	55.0	0.0	0.0038020247821037856	1.0
0.8377960278316736	0.8042474253586392	0.03107291927361572	10.0	0.0	0.0	1.0
0.2462353988895669	0.3475487946453589	0.0316709440586486	15.0	0.0	0.0	1.0
0.982860883425202	0.5921736970317503	0.031103922366079895	52.0	0.0	0.0	1.0
0.3548438588370193	0.09399012801959025	0.03035872243653161	7.0	0.0	0.0	1.0
0.32205180287548907	0.8729617184480825	0.031853479939685465	33.0	0.0	0.0	1.0
0.6703111483898359	0.5678719452020016	0.033589759333138354	69.0	0.0	0.0	1.0
0.49657662996516316	0.5031454745347721	0.03243159196322587	9.0	0.0	0.0	1.0
0.23179663421640823	0.17310699226934811	0.03236194359500465	58.0	0.0	0.0	1.0
0.7412846509004112	0.19369516513522372	0.03205217760819202	54.0	0.0	0.0	1.0
0.6759613200575441	0.15857558750817596	0.032946656297929935	66.0	0.0	0.0	1.0
0.4360840853652809	0.1539127437504908	0.03110957519285622	51.0	0.0	0.0	1.0
0.5232543155254645	0.618273835765045	0.03144461523293677	68.0	0.0	0.0	1.0
0.44866039306122896	0.08343548790411	0.032897078422967935	30.0	0.0	0.0	1.0
0.21859310254206585	0.06771454339162243	0.0330636170750854	1.0	0.0	0.0	1.0
0.8017105439399372	0.23460327546283674	0.03167008597570711	35.0	0.0	0.0	1.0
0.8852672882132423	0.3092055468384056	0.03289666580122316	36.0	0.0	0.0	1.0
0.961003249964441	0.2288565266388105	0.033952201525799926	71.0	0.0	0.0	1.0
0.2169300345252314	0.6886548982707227	0.03225108290300831	80.0	0.0	0.0	1.0
0.09668052957774625	0.9462882953356688	0.03542792128226185	59.0	0.0	0.000501500802982946	1.0
0.1339075798696113	0.3274709304625617	0.03419354715164514	39.0	0.0	0.0	1.0
0.47122381551479003	0.5670508487837265	0.029159109055877926	62.0	0.0	0.0	1.0
0.2801064189408911	0.09593306002976355	0.03410035863401009	61.0	0.0	0.0	1.0
0.31474386907740126	0.03475752923964552	0.030963189319283133	60.0	0.0	0.0	1.0
0.675761348613036	0.48825545996508035	0.03296142579900204	40.0	0.0	0.0	1.0
0.3215558687723907	0.8034187330951145	0.030847485775558844	43.0	0.0	0.0	1.0
0.29672279287862446	0.46084111139833067	0.035766166971662815	38.0	0.0	0.0028783940796586194	1.0
0.7512584611547096	0.1007833039034616	0.033676691243603535	6.0	0.0	0.0	1.0
0.8089543653585658	0.8866837954764047	0.0320708338153963	73.0	0.0	0.0	1.0
0.6693010038492828	0.3519234810740746	0.0325437103860682	23.0	0.0	0.0	1.0
0.6833864900931907	0.05694152592049622	0.030574521568229394	34.0	0.0	0.0	1.0
0.9247220145185681	0.380667033944452	0.03390546704173071	81.0	0.0	0.0	1.0
0.15029585601169895	0.4766900828231062	0.03231123992609097	57.0	0.0	0.0	1.0
0.5329760445848458	0.3309532932762688	0.03211137855914052	16.0	0.0	0.0	1.0
0.5928016479400636	0.7628302792848548	0.03286439095720685	24.0	0.0	0.0	1.0
0.5315865734728192	0.2671942617379053	0.03164672508346091	49.0	0.0	0.0	1.0
0.5152421569870923	0.12205574440059451	0.0352291970184102	3.0	0.0	7.70560716887303e-05	1.0
0.32948528308674274	0.6622272091214431	0.031227533822504785	46.0	0.0	0.0	1.0
0.6198437513408247	0.9020577211352551	0.03179635252259048	78.0	0.0	0.0	1.0
0.36796315582256967	0.1784709676628737	0.032716236606967215	12.0	0.0	0.0	1.0
0.2654857208335337	0.6231929773859057	0.032777309881365596	42.0	0.0	0.0	1.0
0.871993760437696	0.2293788761787009	0.03384015792244261	70.0	0.0	0.0	1.0
0.5101688862241813	0.4216783549680923	0.030788684965659778	77.0	0.0	0.0	1.0
0.7158993055285608	0.3027006055382172	0.0313894176464803	29.0	0.0	0.0	1.0
0.5225470438648501	0.03700380662188645	0.03199419218942154	26.0	0.0	0.0	1.0
0.3830504152614986	0.6224803522949643	0.02757352178898871	37.0	0.0	0.0	1.0
0.5605038808978541	0.4687575654612175	0.029111068370401973	48.0	0.0	0.0	1.0
0.08543423938835064	0.05922415334326383	0.0340759022680459	22.0	0.0	0.0	1.0
0.30156501017521786	0.1724557827569849	0.030122509722139906	64.0	0.0	0.0	1.0
0.49705101272450347	0.9075212264340201	0.03230649531281912	27.0	0.0	0.0	1.0
0.2688563212136525	0.2709041085026475	0.030831233039382788	2.0	0.0	0.0	1.0
0.4270047337648864	0.2446299136743889	0.031720943313735823	32.0	0.0	0.0	1.0
0.6097570512489101	0.5269218114290457	0.03236678546603157	25.0	0.0	0.0	1.0
0.48344594148109166	0.21061822262760335	0.03240319531369934	75.0	0.0	0.0	1.0
0.3566708899687849	0.41774024601688	0.03171482267092319	41.0	0.0	0.0	1.0
0.3732853050651418	0.31990261285288696	0.032277010568207885	45.0	0.0	0.0	1.0
0.09374354733517656	0.6573863077968265	0.0319257734553281	21.0	0.0	0.0	1.0
0.9154453021687887	0.16030322205940473	0.03031529337167547	56.0	0.0	0.0	1.0
0.3869898322923769	0.6978112818387566	0.03342888177192321	63.0	0.0	0.0	1.0
0.0509311009189424	0.38544319909503816	0.03414895153156542	20.0	0.0	0.0	1.0
0.9363041946323621	0.7188587093892037	0.034720606949223645	53.0	0.0	0.0	1.0
0.8921286297468269	0.8795677574811124	0.03537143902858561	17.0	0.0	0.0003279763879078246	1.0
0.8716908889924688	0.22251088588721268	0.03387399808036505	70.0	0.0	0.0	2.0
0.5335744479873826	0.2661533281500038	0.03167837180854437	49.0	0.0	0.0	2.0
0.2999457258884829	0.173566560878187	0.030152632231862042	64.0	0.0	0.0	2.0
0.9588621045092514	0.2304896907860878	0.03398615372732572	71.0	0.0	0.0	2.0
0.6918236246140742	0.4193652588991478	0.032674128636934176	79.0	0.0	0.0	2.0
0.09600696284006215	0.9490498239441642	0.0354633492035441	59.0	0.0	0.0006366565866642304	2.0
0.4961399412904395	0.5055969810948174	0.03246402355518909	9.0	0.0	0.0	2.0
0.3647477059291796	0.09562831261046696	0.03038908115896814	7.0	0.0	0.0	2.0
0.09594594121662328	0.6571286245861235	0.03195769922878342	21.0	0.0	0.0	2.0
0.13500131307415156	0.329054656140057	0.03422774069879678	39.0	0.0	0.0	2.0
0.16564858477922786	0.3985429172799701	0.029459441250935334	67.0	0.0	0.0	2.0
0.055092284187961776	0.5009792314468497	0.0328309189097953	82.0	0.0	0.0	2.0
0.4914567739157993	0.20156002847983076	0.032435598509013036	75.0	0.0	0.0	2.0
0.678529250669791	0.1599384468502111	0.03297960295422786	66.0	0.0	0.0	2.0
0.22864730925317958	0.1820108022884556	0.03239430553859965	58.0	0.0	0.0	2.0
0.6692751911767287	0.5670288958379821	0.033623349092471486	69.0	0.0	0.0	2.0
0.513519790419904	0.12231244558962476	0.03526442621542861	3.0	0.0	0.00011832962869107178	2.0
0.6219678217665778	0.8303622801516892	0.031231577157810966	13.0	0.0	0.0	2.0
0.7950357102111707	0.5916352144784358	0.031731325839047225	8.0	0.0	0.0	2.0
0.8864805840337117	0.3084706791670139	0.03292956246702438	36.0	0.0	0.0	2.0
0.9435137124485613	0.7215889258910447	0.03475532755617287	53.0	0.0	0.0	2.0
0.8378883087468562	0.7993621430602632	0.031103992192889333	10.0	0.0	0.0	2.0
0.32854291148025216	0.6631548638385427	0.03125876135632728	46.0	0.0	0.0	2.0
0.8463755879897623	0.3870031375777996	0.02964081152740807	44.0	0.0	0.0	2.0
0.3733845383104118	0.32187118089267985	0.03230928757877609	45.0	0.0	0.0	2.0
0.7415328697503198	0.18931916028405055	0.03208422978580021	54.0	0.0	0.0	2.0
0.6905116552826167	0.04676194695440261	0.03060509608979762	34.0	0.0	0.0	2.0
0.6117210451236742	0.3999891849821166	0.03165434441968521	65.0	0.0	0.0	2.0
0.25922483557026815	0.6236470681769466	0.03281008719124696	42.0	0.0	0.0	2.0
0.34212965430411535	0.24421261649675755	0.03384935345888329	19.0	0.0	0.0	2.0
0.24365279359233716	0.34760571213111785	0.03170261500270725	15.0	0.0	0.0	2.0
0.2615507341805823	0.27161929247603284	0.030862064272422166	2.0	0.0	0.0	2.0
0.3556304300293231	0.4165020342380054	0.03174653749359411	41.0	0.0	0.0	2.0
0.36922908251752323	0.1771768340821571	0.03274895284357418	12.0	0.0	0.0	2.0
0.6089489919285146	0.520845587292872	0.0323991522514976	25.0	0.0	0.0	2.0
0.16005538090772709	0.4837526679460989	0.03234355116601706	57.0	0.0	0.0	2.0
0.4409379781021266	0.16040259032656157	0.031140684768049074	51.0	0.0	0.0	2.0
0.6202296255288876	0.9032427806134732	0.031828148875113066	78.0	0.0	0.0	2.0
0.9293536412203129	0.3779408698831594	0.033939372508772436	81.0	0.0	0.0	2.0
0.38298482360660835	0.7002716280098064	0.033462310653695135	63.0	0.0	0.0	2.0
0.5586686872500016	0.4692731173244647	0.02914017943877237	48.0	0.0	0.0	2.0
0.9091133021526504	0.5635186185624037	0.033870629485025144	18.0	0.0	0.0	2.0
0.45437118835147594	0.6447110715139133	0.033254525407296634	50.0	0.0	0.0	2.0
0.660222347054222	0.34883860323087534	0.03257625409645427	23.0	0.0	0.0	2.0
0.46947776314721273	0.570417192442747	0.029188268164933803	62.0	0.0	0.0	2.0
0.7173806472877764	0.2911275262892542	0.03142080706412678	29.0	0.0	0.0	2.0
0.45851507283589116	0.3156175247983316	0.03413306375525676	74.0	0.0	0.0	2.0
0.9498213259902684	0.48127659457182337	0.03151959689953441	11.0	0.0	0.0	2.0
0.5909501460129032	0.7550262880680279	0.03289725534816405	24.0	0.0	0.0	2.0
0.3167498123252176	0.030994152508602414	0.030994152508602414	60.0	0.0	0.0	2.0
0.3930916212230042	0.03443441918213632	0.034294005538792575	14.0	0.0	0.0	2.0
0.4986300537224824	0.916385732406325	0.03233880180813194	27.0	0.0	0.0	2.0
0.9143828312291913	0.16132307994958384	0.030345608665047142	56.0	0.0	0.0	2.0
0.5185113677297913	0.03345805336859598	0.032026186381610956	26.0	0.0	0.0	2.0
0.20291798658152094	0.06623914494435684	0.03309668069216048	1.0	0.0	0.0	2.0
0.5388560996009089	0.34167158319109986	0.03214348993769966	16.0	0.0	0.0	2.0
0.28295482937681227	0.10164410189885294	0.0341344589926441	61.0	0.0	0.0	2.0
0.5662627406433035	0.194861658240856	0.03424131400361245	72.0	0.0	0.0	2.0
0.59027115923271	0.061282717867026194	0.035876483750485175	55.0	0.0	0.004309348138491487	2.0
0.8098953087037146	0.8887457353451493	0.03210290464921169	73.0	0.0	0.0	2.0
0.5120687237278251	0.43041778726943175	0.030819473650625435	77.0	0.0	0.0	2.0
0.9047133479241584	0.8832747027736703	0.035406810467614194	17.0	0.0	0.00043087999554813905	2.0
0.44096201390407685	0.09295648488787212	0.0329299755013909	30.0	0.0	0.0	2.0
0.2984067873120325	0.46162888210466946	0.03580193313863447	38.0	0.0	0.003300611854484714	2.0
0.4484286011476123	0.43975453354573774	0.03225335284775472	31.0	0.0	0.0	2.0
0.9833377117370635	0.5912102914375548	0.03113502628844597	52.0	0.0	0.0	2.0
0.4276007654298171	0.23634358431936836	0.031752664257049555	32.0	0.0	0.0	2.0
0.30990840392713725	0.9486881361175807	0.03276886984665361	47.0	0.0	0.0	2.0
0.7489113085837721	0.0992796217060691	0.033710367934847135	6.0	0.0	0.0	2.0
0.5160434000788195	0.6195349150941986	0.0314760598481697	68.0	0.0	0.0	2.0
0.05792988507291699	0.38559744380205585	0.03418310048309698	20.0	0.0	0.0	2.0
0.2171143023756529	0.6876568795591051	0.032283333985911315	80.0	0.0	0.0	2.0
0.7544384777974542	0.9433974860612481	0.03221848126661412	5.0	0.0	0.0	2.0
0.31702031589579005	0.8639014030644345	0.03188533341962515	33.0	0.0	0.0	2.0
0.674297172250895	0.4971983528855083	0.03299438722480104	40.0	0.0	0.0	2.0
0.32442346510683123	0.7905592169973193	0.0308783332613344	43.0	0.0	0.0	2.0
0.4798661146680083	0.832489660075423	0.03039123416341253	28.0	0.0	0.0	2.0
0.38829664594651836	0.6250155285848841	0.027601095310777698	37.0	0.0	0.0	2.0
0.38880371901061667	0.47842903579244733	0.03254704501872938	4.0	0.0	0.0	2.0
0.8045544913108104	0.23267863412382597	0.031701756061682816	35.0	0.0	0.0	2.0
0.08321658421811605	0.05578640713650453	0.03410997817031394	22.0	0.0	0.0	2.0
0.8051800572060335	0.327827014777227	0.032128610082414404	76.0	0.0	0.0	2.0
0.6569360768460503	0.348993890835761	0.03260883035055072	23.0	0.0	0.0	3.0
0.8346970653165086	0.7988247265138582	0.031135096185082218	10.0	0.0	0.0	3.0
0.6821768617559504	0.15067639574977607	0.04126572819647761	66.0	0.0	0.0	3.0
0.9851719470586151	0.5887253806574183	0.031166161314734413	52.0	0.0	0.0	3.0
0.8043503347805265	0.23401948317727458	0.0317334578177445	35.0	0.0	0.0	3.0
0.9161961573553784	0.1582643891536454	0.030375954273712185	56.0	0.0	0.0	3.0
0.5273231223787246	0.0326513971340238	0.032058212567992565	26.0	0.0	0.0	3.0
0.51496854108549	0.4211566996764125	0.03085029312427606	77.0	0.0	0.0	3.0
0.49893898268267395	0.2022028613613482	0.03246803410752205	75.0	0.0	0.0	3.0
0.6685838414419438	0.5715695080642956	0.03365697244156395	69.0	0.0	0.0	3.0
0.3276388394169845	0.7912053736175422	0.03090921159459573	43.0	0.0	0.0	3.0
0.2835273401604998	0.10265275725742076	0.03416859345163674	61.0	0.0	0.0	3.0
0.09327911601291779	0.949144318245967	0.035498812552747644	59.0	0.0	0.0007943137787691512	3.0
0.6116182988843613	0.3976592850024123	0.03960749845513111	65.0	0.0	0.0	3.0
0.34218103520268073	0.23605155538539577	0.033883202812342174	19.0	0.0	0.0	3.0
0.13916614859295812	0.32182343699882987	0.03426196843949557	39.0	0.0	0.0	3.0
0.21448161760278436	0.6888482771204575	0.032315617319897225	80.0	0.0	0.0	3.0
0.804756757788137	0.32931580520671844	0.03216073869249681	76.0	0.0	0.0	3.0
0.3746730308711246	0.32167084405226354	0.03234159686635486	45.0	0.0	0.0	3.0
0.049202011908013946	0.384127639458978	0.034217283583580074	20.0	0.0	0.0	3.0
0.4632803400272917	0.567565461876179	0.029217456433098733	62.0	0.0	0.0	3.0
0.8705478838911367	0.220787073725659	0.03390787207844541	70.0	0.0	0.0	3.0
0.4803050435900493	0.8336377876933508	0.030421625397575938	28.0	0.0	0.0	3.0
0.616043502651945	0.5289718067006146	0.03243155140374909	25.0	0.0	0.0	3.0
0.22683909276952607	0.18361978944507903	0.03242669984413825	58.0	0.0	0.0	3.0
0.9508664817312767	0.48144584285232755	0.03155111649643394	11.0	0.0	0.0	3.0
0.241714104348464	0.34742823831032127	0.03173431761770995	15.0	0.0	0.0	3.0
0.44891792839822664	0.6439333813711573	0.033287779932703924	50.0	0.0	0.0	3.0
0.5904765323056707	0.058779033492629154	0.035912360234235656	55.0	0.0	0.004860478406953916	3.0
0.7548002520245186	0.9422107622572655	0.03225069974788073	5.0	0.0	0.0	3.0
0.2943140646719752	0.17202267295277654	0.0301827848640939	64.0	0.0	0.0	3.0
0.7512016159506824	0.18903745764126167	0.032116314015586005	54.0	0.0	0.0	3.0
0.4957550484578213	0.9157512597163175	0.03237114060994006	27.0	0.0	0.0	3.0
0.36467337072371386	0.09759523548648721	0.030419470240127103	7.0	0.0	0.0	3.0
0.7995004462491727	0.8920943133715011	0.0321350075538609	73.0	0.0	0.0	3.0
0.8873829823059203	0.3070718069352488	0.0329624920294914	36.0	0.0	0.0	3.0
0.08143824954808537	0.0547991146449729	0.034144088148484256	22.0	0.0	0.0	3.0
0.8468343596426792	0.38835405313124977	0.029670452338935477	44.0	0.0	0.0	3.0
0.2502808808519779	0.2629104080784344	0.030892926336694587	2.0	0.0	0.0	3.0
0.16032064128256512	0.3667334669338677	0.06713426853707415	-2.0	-1.0	212.36611877334374	3.0
0.6745853690162128	0.4941556834696459	0.033027381612025834	40.0	0.0	0.0	3.0
0.750990477049681	0.09431540456652229	0.03374407830278198	6.0	0.0	0.0	3.0
0.44960631834313913	0.0934741170762243	0.03296290547689229	30.0	0.0	0.0	3.0
0.1587037425194522	0.4735889861582386	0.03237589471718307	57.0	0.0	0.0	3.0
0.6266428484490218	0.838136054771193	0.031262808734968776	13.0	0.0	0.0	3.0
0.20136836041173534	0.06572916124853434	0.03312977737285264	1.0	0.0	0.0	3.0
0.4298195544746205	0.1545539221108512	0.03117182545281712	51.0	0.0	0.0	3.0
0.9046422356053451	0.5655419590838363	0.03390450011451016	18.0	0.0	0.0	3.0
0.3880275631043659	0.48002237095966294	0.03257959206374811	4.0	0.0	0.0	3.0
0.32775119614294795	0.6642134185593801	0.03129002011768361	46.0	0.0	0.0	3.0
0.4949524006517473	0.49745329606321076	0.03249648757874428	9.0	0.0	0.0	3.0
0.3827284512208387	0.7025242312506819	0.03349577296434882	63.0	0.0	0.0	3.0
0.357385746211201	0.417091984332146	0.0317782840310877	41.0	0.0	0.0	3.0
0.42570992143565123	0.2356680784280656	0.0317844169213066	32.0	0.0	0.0	3.0
0.5161076607898033	0.6174941984278969	0.031507535908017865	68.0	0.0	0.0	3.0
0.43999250746070145	0.43807870912962754	0.032285606200602474	31.0	0.0	0.0	3.0
0.4664686441736837	0.31851553883476286	0.03416719681901201	74.0	0.0	0.0	3.0
0.573617308728623	0.18872106488069984	0.034275555317616065	72.0	0.0	0.0	3.0
0.31282382882333826	0.02970210697203044	0.031025146661111013	60.0	0.0	0.0	3.0
0.26310578918371713	0.6182484212936312	0.0328428972784382	42.0	0.0	0.0	3.0
0.9613919378612948	0.23257505016283325	0.03402013988105304	71.0	0.0	0.0	3.0
0.6910124303605174	0.41807231542926065	0.03270680276557111	79.0	0.0	0.0	3.0
0.3673872314455499	0.17378414193944516	0.032781701796417755	12.0	0.0	0.0	3.0
0.7115586437709726	0.2976290991336227	0.0314522278711909	29.0	0.0	0.0	3.0
0.5310707857398621	0.26703002938431347	0.03171005018035291	49.0	0.0	0.0	3.0
0.9286987258037871	0.3764308416273742	0.03397331188128121	81.0	0.0	0.0	3.0
0.5958131745339622	0.74938476044071	0.03293015260351222	24.0	0.0	0.0	3.0
0.31880720717733324	0.9460059113879271	0.032801638716500256	47.0	0.0	0.0	3.0
0.7948618211677206	0.5962363497723834	0.03176305716488627	8.0	0.0	0.0	3.0
0.5399445855670959	0.3524407252162119	0.03217563342763735	16.0	0.0	0.0	3.0
0.04609218436873747	0.7094188376753506	0.018036072144288574	-2.0	-1.0	0.0	3.0
0.1663608821089843	0.4014632358524703	0.029488900692186265	67.0	0.0	0.0	3.0
0.6269555070082018	0.9072588455267079	0.03185997702398818	78.0	0.0	0.0	3.0
0.29871951067420816	0.46068862531628474	0.035837735071773104	38.0	0.0	0.0037627041002110673	3.0
0.6909331832420564	0.045755507911410545	0.030635701185887414	34.0	0.0	0.0	3.0
0.942485224448793	0.7222944363300826	0.034790082883729034	53.0	0.0	0.0	3.0
0.5133062463670944	0.12351125077195008	0.03529969064164403	3.0	0.0	0.00017226597981334635	3.0
0.09571172525763734	0.6561414156289229	0.0319896569280122	21.0	0.0	0.0	3.0
0.3740945539936588	0.6265866218158872	0.027628696406088473	37.0	0.0	0.0	3.0
0.053665194126417	0.5001148731158469	0.032863749828705095	82.0	0.0	0.0	3.0
0.5635107387686082	0.4799331050832212	0.02916931961821114	48.0	0.0	0.0	3.0
0.9067989519927933	0.8835054207865983	0.035442217278081806	17.0	0.0	0.0005534610915560734	3.0
0.39769626203631303	0.029607055246187657	0.034328299544331364	14.0	0.0	0.0	3.0
0.3160200312079479	0.8641024187194754	0.03191721875304477	33.0	0.0	0.0	3.0
0.6753408919822836	0.49537690519310823	0.03306040899363786	40.0	0.0	0.0	4.0
0.3279150640589532	0.7928777591835457	0.03094012080619032	43.0	0.0	0.0	4.0
0.16774019995970213	0.4004248282658	0.029518389592878447	67.0	0.0	0.0	4.0
0.9173540685306972	0.5588977320870815	0.03393840461462467	18.0	0.0	0.0	4.0
0.6890968682689724	0.42551736792879247	0.032739509568336676	79.0	0.0	0.0	4.0
0.610803049966471	0.39854694518188943	0.038023198516925864	65.0	0.0	0.0	4.0
0.6574166852504444	0.3449952714648395	0.03264143918090127	23.0	0.0	0.0	4.0
0.8879368984061919	0.3080196979007656	0.03299545452152089	36.0	0.0	0.0	4.0
0.44319838696334934	0.4382985100554803	0.03231789180680307	31.0	0.0	0.0	4.0
0.9403809583455093	0.7206256087164455	0.03482487296661276	53.0	0.0	0.0	4.0
0.6178179891870547	0.5278970376575072	0.03246398295515284	25.0	0.0	0.0	4.0
0.3190698729154591	0.9477310342916611	0.03283444035521675	47.0	0.0	0.0	4.0
0.2624635863503156	0.6309883046810892	0.032875740175716636	42.0	0.0	0.0	4.0
0.37471900611062103	0.6226520029366558	0.027656325102494557	37.0	0.0	0.0	4.0
0.6843076055758262	0.15368011361250825	0.0396150990686185	66.0	0.0	0.0	4.0
0.7522212257799629	0.18975592309361075	0.03214843032960159	54.0	0.0	0.0	4.0
0.05322375263972673	0.4988913814289928	0.032896613578533795	82.0	0.0	0.0	4.0
0.712516748974697	0.29669776063119124	0.03148368009906209	29.0	0.0	0.0	4.0
0.9497860620267575	0.4813332030479438	0.03158266761293037	11.0	0.0	0.0	4.0
0.9618350091749558	0.23369165516232576	0.03405416002093409	71.0	0.0	0.0	4.0
0.4853422008798861	0.8415552310168644	0.03045204702297351	28.0	0.0	0.0	4.0
0.39053301531736423	0.7100257852804122	0.03352926873731317	63.0	0.0	0.0	4.0
0.4919158659357759	0.5013069929964648	0.03252898406632302	9.0	0.0	0.0	4.0
0.9068130411963224	0.884624302477545	0.03547765949535989	17.0	0.0	0.0006974855592716267	4.0
0.20194044346647474	0.06488952880211893	0.03316290715022548	1.0	0.0	0.0	4.0
0.4684209310364869	0.3145710497213629	0.034201364015831015	74.0	0.0	0.0	4.0
0.8027065151846973	0.8821250291793193	0.03216714256141476	73.0	0.0	0.0	4.0
0.927569371863647	0.3735315920989105	0.034007285193162484	81.0	0.0	0.0	4.0
0.4490214781358808	0.0850632875426403	0.032995868382369176	30.0	0.0	0.0	4.0
0.09527987153396723	0.6577363680823024	0.03202164658494021	21.0	0.0	0.0	4.0
0.3150268920572432	0.8651305565159797	0.03194913597179781	33.0	0.0	0.0	4.0
0.04976000754715123	0.3868597576452414	0.03425150086716365	20.0	0.0	0.0	4.0
0.7459600694593576	0.9464453400641676	0.032282950447628606	5.0	0.0	0.0	4.0
0.09023264798475995	0.9470826210552884	0.04441788920662548	59.0	0.0	0.0009762548633034385	4.0
0.4961480444416211	0.91346163885348	0.03240351175055	27.0	0.0	0.0	4.0
0.49906252189179373	0.2011750260797794	0.03250050214162956	75.0	0.0	0.0	4.0
0.3112899020390434	0.029542186515008718	0.03105617180777212	60.0	0.0	0.0	4.0
0.5388761878802024	0.35245081510631504	0.03220780906106498	16.0	0.0	0.0	4.0
0.5182071911773195	0.4161362360724926	0.030881143417400333	77.0	0.0	0.0	4.0
0.5733598695964531	0.19016629063959156	0.034309830872933676	72.0	0.0	0.0	4.0
0.9850220404049989	0.5899096155458177	0.031197327476049145	52.0	0.0	0.0	4.0
0.27243434465561533	0.09574156802655624	0.034202762045088375	61.0	0.0	0.0	4.0
0.1581118873327702	0.47206959014790223	0.03240827061190025	57.0	0.0	0.0	4.0
0.4532094003605431	0.6425210531757941	0.033321067712636626	50.0	0.0	0.0	4.0
0.14474222156287597	0.311853763672337	0.03429623040793506	39.0	0.0	0.0	4.0
0.7871593356785629	0.5885580727653728	0.03179482022205115	8.0	0.0	0.0	4.0
0.24014091645518157	0.3488280923311919	0.03176605193532766	15.0	0.0	0.0	4.0
0.8753453759084509	0.22588043945713207	0.03394177995052385	70.0	0.0	0.0	4.0
0.8026797795197514	0.23306431394099625	0.03176519127556224	35.0	0.0	0.0	4.0
0.3640760561181225	0.41560938531511255	0.031810062315118785	41.0	0.0	0.0	4.0
0.4421222536580592	0.16465063318996281	0.031202997278269935	51.0	0.0	0.0	4.0
0.22563311856336893	0.1853660400926407	0.032459126543982385	58.0	0.0	0.0	4.0
0.5966894105427121	0.7506883530342265	0.03296308275611572	24.0	0.0	0.0	4.0
0.6711767803023255	0.5774463718319394	0.03369062941400551	69.0	0.0	0.0	4.0
0.34158718940509625	0.23703901999313737	0.033917086015154516	19.0	0.0	0.0	4.0
0.29215618231048046	0.4666105472606937	0.035873572806844875	38.0	0.0	0.004266554461608507	4.0
0.213982280389898	0.6879284973051936	0.03234793293721712	80.0	0.0	0.0	4.0
0.5645682860149772	0.4810558739976102	0.02919848893782935	48.0	0.0	0.0	4.0
0.5118629425052271	0.12221059681804396	0.03533499033228567	3.0	0.0	0.00024058956938688425	4.0
0.530922169106724	0.26591250255117327	0.03174176023053326	49.0	0.0	0.0	4.0
0.515608566871817	0.6122249588574067	0.03153904344392588	68.0	0.0	0.0	4.0
0.3982410798231514	0.028035333417284338	0.042953284804844616	14.0	0.0	0.0	4.0
0.6207831393396752	0.8360426678831699	0.03129407154370374	13.0	0.0	0.0	4.0
0.7492391242448531	0.09487958148990949	0.03377782238108475	6.0	0.0	0.0	4.0
0.8037330097160795	0.3279995940843566	0.032192899431189304	76.0	0.0	0.0	4.0
0.6307892214127091	0.9071502035111739	0.03189183700101216	78.0	0.0	0.0	4.0
0.0810025507767577	0.05348911105399836	0.03417823223663274	22.0	0.0	0.0	4.0
0.36927068763746584	0.3306540224528003	0.032373938463221216	45.0	0.0	0.0	4.0
0.32420587157562125	0.6628343745920384	0.03132131013780129	46.0	0.0	0.0	4.0
0.5978190181492056	0.05353568099491847	0.035948272594469886	55.0	0.0	0.005457321910867563	4.0
0.6921761538126889	0.046038031912147	0.0306663368870733	34.0	0.0	0.0	4.0
0.24924233613153887	0.26295948289942833	0.03092381926303128	2.0	0.0	0.0	4.0
0.36245667468445575	0.09977731368475955	0.030449889710367228	7.0	0.0	0.0	4.0
0.2948424823812856	0.17118044037577057	0.030212967648957992	64.0	0.0	0.0	4.0
0.9205378205775495	0.15532616863556048	0.030406330227985893	56.0	0.0	0.0	4.0
0.45924901907102395	0.5770230857136914	0.029246673889531827	62.0	0.0	0.0	4.0
0.8449745073975439	0.8015727804602785	0.031166231281267297	10.0	0.0	0.0	4.0
0.36381345798784986	0.17346094749463048	0.03281448349821417	12.0	0.0	0.0	4.0
0.8466168074896823	0.3926698065283354	0.02970012279127441	44.0	0.0	0.0	4.0
0.527215233439086	0.03164720701621356	0.03209027078056056	26.0	0.0	0.0	4.0
0.37687179120864484	0.48673699326023756	0.03261217165581185	4.0	0.0	0.0	4.0
0.4277670165103574	0.23309094112375253	0.031816201338227906	32.0	0.0	0.0	4.0
0.5428675753541763	0.3491182621764676	0.032240016870126044	16.0	0.0	0.0	5.0
0.38233409445806377	0.7145103524432155	0.03356279800605048	63.0	0.0	0.0	5.0
0.5969135604519421	0.749625035703503	0.032996045838871835	24.0	0.0	0.0	5.0
0.42483721333120705	0.22814899389839516	0.031848017539566134	32.0	0.0	0.0	5.0
0.5258399305543375	0.11364811017037899	0.03537032532261795	3.0	0.0	0.0003250350560648485	5.0
0.05237542749345206	0.498002023413217	0.03292951019211233	82.0	0.0	0.0	5.0
0.533105187042685	0.2660708329309381	0.03177350199076379	49.0	0.0	0.0	5.0
0.5162807275532549	0.6083089058114713	0.0315705824873698	68.0	0.0	0.0	5.0
0.4001914603789472	0.028053752706008624	0.04123515341265083	14.0	0.0	0.0	5.0
0.365251977842015	0.4087583867729497	0.031841872377433904	41.0	0.0	0.0	5.0
0.26714500545443154	0.09936988845702135	0.03423696480713346	61.0	0.0	0.0	5.0
0.6813007411334261	0.15238723476439697	0.037964469940759395	66.0	0.0	0.0	5.0
0.9249641702433952	0.14963530501328295	0.030436736558213877	56.0	0.0	0.0	5.0
0.2266770657650849	0.35412158292237483	0.031797817987262986	15.0	0.0	0.0	5.0
0.9491668650429433	0.4821832018005527	0.03161425028054329	11.0	0.0	0.0	5.0
0.49694171529223	0.9125640195541534	0.032435915262300545	27.0	0.0	0.0	5.0
0.8429975659441113	0.8021551068748394	0.03119739751254856	10.0	0.0	0.0	5.0
0.6069998157462706	0.06460211470342433	0.035984220867064355	55.0	0.0	0.00610179593981286	5.0
0.5120339144429392	0.4225270617029129	0.03091202456081773	77.0	0.0	0.0	5.0
0.3799016093477435	0.6130889107761365	0.027683981427597048	37.0	0.0	0.0	5.0
0.7956098757279573	0.8797895172419024	0.03219930970397617	73.0	0.0	0.0	5.0
0.2562094390381898	0.6289976988567922	0.03290861591589235	42.0	0.0	0.0	5.0
0.2441558423620498	0.265184599357556	0.030954743082294307	2.0	0.0	0.0	5.0
0.4450481152273393	0.4387435143787451	0.03235020969860987	31.0	0.0	0.0	5.0
0.5723997319192036	0.19267776921598068	0.034344140703806605	72.0	0.0	0.0	5.0
0.8042417394938336	0.32616654316062166	0.032225092330620486	76.0	0.0	0.0	5.0
0.933317080223216	0.3763091012915887	0.03404129247835564	81.0	0.0	0.0	5.0
0.9652765029473724	0.23246217810058928	0.03408821418095502	71.0	0.0	0.0	5.0
0.3263781953290166	0.6654220257759524	0.03135263144793909	46.0	0.0	0.0	5.0
0.32345487572268555	0.7924694592623431	0.03097106092699651	43.0	0.0	0.0	5.0
0.6198312740979048	0.3982910981461327	0.036438898578720624	65.0	0.0	0.0	5.0
0.7898990369065039	0.5901475153388528	0.031826615042273194	8.0	0.0	0.0	5.0
0.6058743033457316	0.531761646392012	0.03249644693810799	25.0	0.0	0.0	5.0
0.6776301820326568	0.574377810514422	0.03372432004341951	69.0	0.0	0.0	5.0
0.6231117041869907	0.8345092013289672	0.031325365615247444	13.0	0.0	0.0	5.0
0.6888280172080932	0.421715633285409	0.03277224907790501	79.0	0.0	0.0	5.0
0.6842506857210274	0.49447413562563536	0.03309346940263149	40.0	0.0	0.0	5.0
0.16851224876882184	0.4026982310308385	0.02954790798247132	67.0	0.0	0.0	5.0
0.37450191512166875	0.48557331909630774	0.03264478382746766	4.0	0.0	0.0	5.0
0.2895176342605361	0.16688520772276896	0.030243180616606948	64.0	0.0	0.0	5.0
0.4700204262357922	0.31660098526331354	0.034235565379846844	74.0	0.0	0.0	5.0
0.8698825870447344	0.23446689382576197	0.033975721730474376	70.0	0.0	0.0	5.0
0.36080702395442743	0.16699769482491153	0.03284729798171238	12.0	0.0	0.0	5.0
0.0831505278911128	0.05852834255640988	0.034212410468869366	22.0	0.0	0.0	5.0
0.743944100800333	0.9487544779710654	0.03231523339807623	5.0	0.0	0.0	5.0
0.3385798229587505	0.24944109708092782	0.03395100310116966	19.0	0.0	0.0	5.0
0.5646211124552432	0.48315312401324	0.029227687426767176	48.0	0.0	0.0	5.0
0.21148764776637002	0.6920766472711805	0.032380280870154335	80.0	0.0	0.0	5.0
0.6313474735053561	0.9060571252219505	0.03192372883801317	78.0	0.0	0.0	5.0
0.22418745269060988	0.19021753707356423	0.03249158567052637	58.0	0.0	0.0	5.0
0.5044723360861528	0.20797328175239188	0.03253300264377119	75.0	0.0	0.0	5.0
0.8832474526113603	0.3129983539203681	0.03302844997604241	36.0	0.0	0.0	5.0
0.36488692568055453	0.3326378540754988	0.032406312401684435	45.0	0.0	0.0	5.0
0.8010150312815507	0.23242186747020194	0.0317969564668378	35.0	0.0	0.0	5.0
0.4422532020967589	0.08743198293636154	0.03302886425075154	30.0	0.0	0.0	5.0
0.3115494993566691	0.02579967529918736	0.031087227979579888	60.0	0.0	0.0	5.0
0.4452897101502681	0.15603594474469912	0.031234200275548202	51.0	0.0	0.0	5.0
0.20643911783754368	0.06579357540655753	0.0331960700573757	1.0	0.0	0.0	5.0
0.7142691108419582	0.29916807198141737	0.03151516377916115	29.0	0.0	0.0	5.0
0.3640048432437814	0.09969438565543466	0.03048033960007759	7.0	0.0	0.0	5.0
0.31438567551888164	0.9486723633147461	0.032867274795571964	47.0	0.0	0.0	5.0
0.658770835089571	0.3456708101049309	0.03267408062008217	23.0	0.0	0.0	5.0
0.9167277081054032	0.5599695936704554	0.03397234301923929	18.0	0.0	0.0	5.0
0.7555086298522758	0.1826705080235478	0.03218057875993119	54.0	0.0	0.0	5.0
0.45955255019859964	0.5668444816723652	0.029275920563421355	62.0	0.0	0.0	5.0
0.7558457374537529	0.09385237492583624	0.03381160020346583	6.0	0.0	0.0	5.0
0.13328982917806267	0.3179318095026479	0.03433052663834299	39.0	0.0	0.0	5.0
0.2939879069778577	0.4707621285009949	0.03590944637965172	38.0	0.0	0.004814057456201226	5.0
0.09005110772082672	0.9481017616323283	0.04264117363836046	59.0	0.0	0.0011842727793123231	5.0
0.49050771470240134	0.8459235884904401	0.03048249906999648	28.0	0.0	0.0	5.0
0.31038464305920743	0.8664979739525615	0.031981085107769605	33.0	0.0	0.0	5.0
0.9058783168589767	0.8775956172858816	0.03551313715485524	17.0	0.0	0.0008647296682937622	5.0
0.49872374661341573	0.5013712862542238	0.03256151305038934	9.0	0.0	0.0	5.0
0.15912223283273458	0.47218135868039995	0.03244067888251215	57.0	0.0	0.0	5.0
0.9414836983617837	0.7202626957507277	0.03485969783957937	53.0	0.0	0.0	5.0
0.6933042962143093	0.04609134053268646	0.030697003223960368	34.0	0.0	0.0	5.0
0.45732308123641874	0.6509681152553091	0.033354388780349256	50.0	0.0	0.0	5.0
0.9828702373312977	0.5872823699760737	0.03122852480352519	52.0	0.0	0.0	5.0
0.04875993098684917	0.38723848276911943	0.03428575236803081	20.0	0.0	0.0	5.0
0.09469368796548326	0.6587691122930708	0.03205366823152515	21.0	0.0	0.0	5.0
0.5263646948407829	0.034788475806323584	0.032122361051341114	26.0	0.0	0.0	5.0
0.845111199112661	0.39315481988465756	0.02972982291406568	44.0	0.0	0.0	5.0
0.04809619238476953	0.8557114228456913	0.07775551102204407	-2.0	-1.0	500.2145022845958	6.0
0.5142804646100726	0.4203976279152759	0.03094293658537854	77.0	0.0	0.0	6.0
0.2903781362037862	0.46863742632021016	0.03594535582603137	38.0	0.0	0.00540711851914466	6.0
0.4015904926684861	0.02522708427908615	0.039517022020457045	14.0	0.0	0.0	6.0
0.733488387367656	0.9442587745571027	0.0323475486314743	5.0	0.0	0.0	6.0
0.4956416445539609	0.9121899504536005	0.03246835117756284	27.0	0.0	0.0	6.0
0.6033699024622333	0.5387683486193799	0.0325289433850461	25.0	0.0	0.0	6.0
0.07525619260693225	0.057402530329090755	0.03424662287933823	22.0	0.0	0.0	6.0
0.6757871297488038	0.5726898955747484	0.03375804436346293	69.0	0.0	0.0	6.0
0.49502871037550344	0.4923061853102061	0.032594074563439726	9.0	0.0	0.0	6.0
0.7887436461967602	0.5927661940525366	0.03185844165731547	8.0	0.0	0.0	6.0
0.5718841307481379	0.18524455232740691	0.03437848484451041	72.0	0.0	0.0	6.0
0.8015840787140593	0.2308447053228017	0.031828753423304636	35.0	0.0	0.0	6.0
0.34834157720056264	0.2570832228178105	0.033984954104270826	19.0	0.0	0.0	6.0
0.5413550185812512	0.27200011112934885	0.03180527549275455	49.0	0.0	0.0	6.0
0.27817055062075713	0.09684128183470825	0.03427120177194059	61.0	0.0	0.0	6.0
0.6895122478882073	0.4235752776731217	0.03280502132698292	79.0	0.0	0.0	6.0
0.8685385545358731	0.2288018617021555	0.03400969745220485	70.0	0.0	0.0	6.0
0.13381544911700016	0.31635144239397384	0.034364857164981326	39.0	0.0	0.0	6.0
0.9865420618204241	0.587502243600256	0.03125975332832871	52.0	0.0	0.0	6.0
0.6326915845652983	0.9103686913341382	0.03195565256685118	78.0	0.0	0.0	6.0
0.05707406088823863	0.49840233870130507	0.03296243970230444	82.0	0.0	0.0	6.0
0.9456844281095825	0.4860721237726566	0.03164586453082383	11.0	0.0	0.0	6.0
0.7150805152530647	0.2963810949311463	0.03154667894294031	29.0	0.0	0.0	6.0
0.8080749715140921	0.3135924365927182	0.032257317422951105	76.0	0.0	0.0	6.0
0.4717696951187337	0.3164408515888542	0.034269800945226685	74.0	0.0	0.0	6.0
0.3239253979213297	0.7907740775713595	0.031002031987923503	43.0	0.0	0.0	6.0
0.7569971311331983	0.18482585787467762	0.03221275933869112	54.0	0.0	0.0	6.0
0.3767011562296821	0.4885923134508707	0.03267742861129513	4.0	0.0	0.0	6.0
0.22696727532273048	0.19393426988354298	0.03252407725619689	58.0	0.0	0.0	6.0
0.5631052818954212	0.4749610676232986	0.02925691511419394	48.0	0.0	0.0	6.0
0.31372542880798693	0.8722149058623615	0.032013066192877374	33.0	0.0	0.0	6.0
0.3255983137181929	0.6641065333940257	0.03138398407938702	46.0	0.0	0.0	6.0
0.9150467328605073	0.5556542355591455	0.03400631536225853	18.0	0.0	0.0	6.0
0.7964794292472374	0.8784781084564912	0.032231509013680146	73.0	0.0	0.0	6.0
0.38419255904706756	0.7143402226441937	0.03359636080405652	63.0	0.0	0.0	6.0
0.6653721581393952	0.34069775467807606	0.032706754700702244	23.0	0.0	0.0	6.0
0.3601654824112643	0.16800607485265492	0.032880145279694094	12.0	0.0	0.0	6.0
0.21111425063797526	0.6908517969986764	0.03241266115102449	80.0	0.0	0.0	6.0
0.3287825872978878	0.9479011891974283	0.03290014207036753	47.0	0.0	0.0	6.0
0.5357443055968645	0.34936501664800634	0.03227225688699616	16.0	0.0	0.0	6.0
0.3704144167876071	0.4204589906150153	0.031873714249811336	41.0	0.0	0.0	6.0
0.6901334865164651	0.4954267725199378	0.03312656287203412	40.0	0.0	0.0	6.0
0.22602800941605122	0.3531689786358367	0.03182961580525025	15.0	0.0	0.0	6.0
0.2570927577487272	0.629959474859096	0.032941524531808236	42.0	0.0	0.0	6.0
0.8395640685419749	0.8035551986150834	0.031228594910061105	10.0	0.0	0.0	6.0
0.5015799270369743	0.19939480566724568	0.032565535646414956	75.0	0.0	0.0	6.0
0.9639073235620204	0.23270162673003814	0.03412230239513597	71.0	0.0	0.0	6.0
0.5856140792677228	0.7521933785957949	0.0330290418847107	24.0	0.0	0.0	6.0
0.9406936793697261	0.37740850824013383	0.03407533377083399	81.0	0.0	0.0	6.0
0.6912218006067345	0.04706552964114245	0.030727700227184324	34.0	0.0	0.0	6.0
0.45693316216138335	0.6530079560100996	0.033387743169129604	50.0	0.0	0.0	6.0
0.36782576573808334	0.3333841423035293	0.032438718714086115	45.0	0.0	0.0	6.0
0.8467716117046233	0.3932123376041354	0.029759552736979743	44.0	0.0	0.0	6.0
0.4449418407171687	0.4353685725085396	0.032382559908308475	31.0	0.0	0.0	6.0
0.764221504858051	0.09109590055835406	0.0338454118036693	6.0	0.0	0.0	6.0
0.6819058025380836	0.15160932018535253	0.036313840812900296	66.0	0.0	0.0	6.0
0.4916075459143765	0.8453129862703774	0.030512981569066473	28.0	0.0	0.0	6.0
0.45478856816549074	0.564936743673371	0.029305196483984775	62.0	0.0	0.0	6.0
0.32025296830494576	0.03527619546273762	0.031118315207559463	60.0	0.0	0.0	6.0
0.6244304109932135	0.8376029348869048	0.03135669098086269	13.0	0.0	0.0	6.0
0.9205217431961951	0.14835708634340453	0.03046717329477209	56.0	0.0	0.0	6.0
0.9430028707208263	0.7185445547513024	0.03489455753741895	53.0	0.0	0.0	6.0
0.17233759417564182	0.4061893871296171	0.02957745589045379	67.0	0.0	0.0	6.0
0.6135759939501232	0.057531704293184105	0.03602020508793142	55.0	0.0	0.006795828794665226	6.0
0.43523548443068394	0.1706039579327496	0.03126543447582375	51.0	0.0	0.0	6.0
0.08422950611735269	0.6554707743675587	0.03208572189975667	21.0	0.0	0.0	6.0
0.2422829244786143	0.2666508392981974	0.030985697825376596	2.0	0.0	0.0	6.0
0.41629200724357646	0.23483872791049887	0.031879865557105695	32.0	0.0	0.0	6.0
0.8868823179235045	0.31591851700358364	0.03306147842601845	36.0	0.0	0.0	6.0
0.046638733934572324	0.38801137567099425	0.034320038120398834	20.0	0.0	0.0	6.0
0.44992071992875876	0.08630167137690722	0.03306189311500229	30.0	0.0	0.0	6.0
0.36685354964519773	0.10198296763962617	0.030510819939677664	7.0	0.0	0.0	6.0
0.08803240920352143	0.9535883050997511	0.04086445807009544	59.0	0.0	0.0014201709641241678	6.0
0.15363448810578717	0.46922445726169254	0.032473119561394655	57.0	0.0	0.0	6.0
0.5172409840143224	0.6085018774563188	0.03160215306985716	68.0	0.0	0.0	6.0
0.6142480354399048	0.40561538350630855	0.034854598640515384	65.0	0.0	0.0	6.0
0.9032865475952028	0.8787294019135333	0.03554865029201009	17.0	0.0	0.0010569801175392968	6.0
0.37931233649904855	0.6096557677825862	0.02771166540902464	37.0	0.0	0.0	6.0
0.5263909734534072	0.11263308841187812	0.03540569564794056	3.0	0.0	0.0004273473553126905	6.0
0.20310409974824184	0.05088048058917148	0.03322926612743307	1.0	0.0	0.0	6.0
0.28632939920754524	0.17114800409346254	0.030273423797223552	64.0	0.0	0.0	6.0
0.5261846124803143	0.025255050979460354	0.03215448341239245	26.0	0.0	0.0	6.0
0.885684185589947	0.3152922766145654	0.03309453990444446	36.0	0.0	0.0	7.0
0.31196989419398286	0.8717808524413948	0.03204507925907025	33.0	0.0	0.0	7.0
0.7586334974825598	0.17492757812813278	0.0322449720980298	54.0	0.0	0.0	7.0
0.5237075253027855	0.11432848255638405	0.0354411013435885	3.0	0.0	0.0005492816818986057	7.0
0.6645505132731877	0.3394240640881141	0.03273946145540294	23.0	0.0	0.0	7.0
0.324608027796157	0.6635729484709852	0.031415368063466405	46.0	0.0	0.0	7.0
0.9384670560864148	0.7204611000613887	0.03492945209495636	53.0	0.0	0.0	7.0
0.2446089585374607	0.2660131702766625	0.03101668352320197	2.0	0.0	0.0	7.0
0.9841683785118236	0.6018735671551501	0.031291013081657035	52.0	0.0	0.0	7.0
0.5649020060355594	0.47184149520921315	0.02928617202930813	48.0	0.0	0.0	7.0
0.6934617246389935	0.4925025757420642	0.033159689434906145	40.0	0.0	0.0	7.0
0.9089402277741347	0.553119206328392	0.034040321677620784	18.0	0.0	0.0	7.0
0.04372687589934674	0.3876706841471261	0.03435435815851923	20.0	0.0	0.0	7.0
0.8390698378670637	0.39794367060694885	0.029789312289716718	44.0	0.0	0.0	7.0
0.4721830902680927	0.3138360844416734	0.03430407074617191	74.0	0.0	0.0	7.0
0.904273703359099	0.8787511576282736	0.035584198942302095	17.0	0.0	0.0012760340783728452	7.0
0.8407146531039572	0.8042422196848567	0.03125982350497116	10.0	0.0	0.0	7.0
0.4006787208920696	0.024084812788130176	0.03779889062826326	14.0	0.0	0.0	7.0
0.6132888033272244	0.407649200511946	0.03327029870231014	65.0	0.0	0.0	7.0
0.4364707292750093	0.1677827607982657	0.03129669991029957	51.0	0.0	0.0	7.0
0.6701221186890051	0.5823841666033427	0.033791802407826387	69.0	0.0	0.0	7.0
0.7648056584024363	0.08998680788057678	0.03387925721547296	6.0	0.0	0.0	7.0
0.6895608425902364	0.4220320638367545	0.032837826348309895	79.0	0.0	0.0	7.0
0.3230384863577901	0.8008104382522138	0.031033034019911424	43.0	0.0	0.0	7.0
0.7001086242426137	0.04152883580746728	0.030758427927411503	34.0	0.0	0.0	7.0
0.2207514064926978	0.20353116208083796	0.03255660133345308	58.0	0.0	0.0	7.0
0.46332901684153605	0.5618856599177371	0.029334501680468757	62.0	0.0	0.0	7.0
0.516451115295282	0.6141680945311607	0.03163375522292702	68.0	0.0	0.0	7.0
0.4466200199977367	0.4326174129746351	0.03241494246821678	31.0	0.0	0.0	7.0
0.7913033924398833	0.5900140702621033	0.03189030009897278	8.0	0.0	0.0	7.0
0.9626780796015677	0.23647676186848707	0.03415642469753111	71.0	0.0	0.0	7.0
0.2947121936855138	0.16504887887040884	0.030303697221020772	64.0	0.0	0.0	7.0
0.05659526196142684	0.49649166370060077	0.03299540214200674	82.0	0.0	0.0	7.0
0.412914720414256	0.24259225303080661	0.0319117454226628	32.0	0.0	0.0	7.0
0.9276090993367493	0.1484240189523545	0.03049764046806686	56.0	0.0	0.0	7.0
0.3707260592144701	0.4149648519857952	0.03190558796406114	41.0	0.0	0.0	7.0
0.5525217724422765	0.2775708194066381	0.0318370807682473	49.0	0.0	0.0	7.0
0.6834688055374849	0.15296523701959824	0.03466321168504119	66.0	0.0	0.0	7.0
0.32777838747332055	0.9473101196556925	0.032933042212437896	47.0	0.0	0.0	7.0
0.4626221952067629	0.6581999845200271	0.03342113091229873	50.0	0.0	0.0	7.0
0.5332304775350158	0.35095324535120137	0.032304529143883154	16.0	0.0	0.0	7.0
0.4970772932271244	0.9156791902570143	0.0325008195287404	27.0	0.0	0.0	7.0
0.3457987758769886	0.25691488398292084	0.034018939058375094	19.0	0.0	0.0	7.0
0.08347910472611807	0.952762425165477	0.039087742501830426	59.0	0.0	0.0016857633968356822	7.0
0.1374795695435285	0.3115161399218277	0.034399222022146306	39.0	0.0	0.0	7.0
0.3832144071820368	0.7165571917145735	0.03362995716486057	63.0	0.0	0.0	7.0
0.17354007505349545	0.3999730247584874	0.02960703334634424	67.0	0.0	0.0	7.0
0.8751105789950733	0.22515101824080055	0.03404370714965705	70.0	0.0	0.0	7.0
0.1560419131432586	0.4810020699536303	0.03250559268095605	57.0	0.0	0.0	7.0
0.9430896721075792	0.47715976720957703	0.03167751039535465	11.0	0.0	0.0	7.0
0.3221084146159065	0.03402052220064992	0.031149433522767018	60.0	0.0	0.0	7.0
0.2092264395751712	0.6877569730643194	0.032445073812175505	80.0	0.0	0.0	7.0
0.4958918280563066	0.2097167764211514	0.03259810118206137	75.0	0.0	0.0	7.0
0.375383503825786	0.4901015834984634	0.03271010603990642	4.0	0.0	0.0	7.0
0.3676307049232851	0.09077902928125503	0.030541330759617336	7.0	0.0	0.0	7.0
0.6037671274612255	0.5401013923881176	0.03256147232843114	25.0	0.0	0.0	7.0
0.08831153109744007	0.05503454853741087	0.034280869502217565	22.0	0.0	0.0	7.0
0.4948077724948948	0.49064483688087024	0.03262666863800316	9.0	0.0	0.0	7.0
0.4499674418898487	0.07888061043121714	0.03309495500811729	30.0	0.0	0.0	7.0
0.2569350256489051	0.6282942006652678	0.03297446605634004	42.0	0.0	0.0	7.0
0.22448171160782882	0.35406606607829283	0.03186144542105549	15.0	0.0	0.0	7.0
0.29346600685780483	0.4664905313836778	0.0359813011818574	38.0	0.0	0.0060476540480607355	7.0
0.8073719999590938	0.3152416331235249	0.032289574740374055	76.0	0.0	0.0	7.0
0.2770226605431914	0.09783708509332721	0.034305472973712524	61.0	0.0	0.0	7.0
0.9451185123354859	0.3726511272667359	0.034109409104604825	81.0	0.0	0.0	7.0
0.7140418736648755	0.2977697998161362	0.03157822562188325	29.0	0.0	0.0	7.0
0.37708179977425416	0.6088904366394531	0.027739377074433663	37.0	0.0	0.0	7.0
0.6302461317898613	0.8399744359242685	0.03138804767184355	13.0	0.0	0.0	7.0
0.5879497609246235	0.756431848748108	0.03306207092659541	24.0	0.0	0.0	7.0
0.8000410719845346	0.23963789227455595	0.031860582176727936	35.0	0.0	0.0	7.0
0.3688399968403933	0.33528073759279664	0.0324711574328002	45.0	0.0	0.0	7.0
0.5717567164626151	0.1872656833276798	0.03441286332935491	72.0	0.0	0.0	7.0
0.4958774603758931	0.850329976577553	0.030543494550635535	28.0	0.0	0.0	7.0
0.08508013058482886	0.6548951142724228	0.032117807621656426	21.0	0.0	0.0	7.0
0.2048611322633756	0.05416610216368491	0.0332624953935605	1.0	0.0	0.0	7.0
0.6183340541569775	0.061160926829928075	0.03605622529301935	55.0	0.0	0.0075413598328282205	7.0
0.7396901112046976	0.9429718123229206	0.03237989618010577	5.0	0.0	0.0	7.0
0.6329462765219569	0.911701098662665	0.031987608219418026	78.0	0.0	0.0	7.0
0.3612275128289658	0.16714180743225904	0.032913025424973784	12.0	0.0	0.0	7.0
0.5332927699443634	0.022715654679137397	0.03218663789580484	26.0	0.0	0.0	7.0
0.803534278546116	0.8752318351266173	0.032263740522693825	73.0	0.0	0.0	7.0
0.5138975126651057	0.4193766979035126	0.030973879521963916	77.0	0.0	0.0	7.0
0.7289512571093172	0.9440230976346654	0.03241227607628587	5.0	0.0	0.0	8.0
0.8855332154016329	0.3138871022593729	0.0331276344443489	36.0	0.0	0.0	8.0
0.31078996664158376	0.870479774859643	0.032077124338329314	33.0	0.0	0.0	8.0
0.3722723756563145	0.33314228729788786	0.032503628590232994	45.0	0.0	0.0	8.0
0.2061688881865158	0.05416198548034691	0.03329575788895406	1.0	0.0	0.0	8.0
0.634479196514739	0.39405297557845087	0.017833057723561634	84.0	65.0	0.0	8.0
0.36740452248746674	0.4103443886447974	0.0319374935520252	41.0	0.0	0.0	8.0
0.5312258599837087	0.024095543662047095	0.03221882453370064	26.0	0.0	0.0	8.0
0.695678556879511	0.4911977537490187	0.03319284912434105	40.0	0.0	0.0	8.0
0.2207092602960073	0.20219273235152257	0.03258915793478653	58.0	0.0	0.0	8.0
0.7241328357962021	0.2902873902071895	0.03160980384750513	29.0	0.0	0.0	8.0
0.9384498100213394	0.7218306811320133	0.03496438154705132	53.0	0.0	0.0	8.0
0.4875239911917147	0.4893237021195579	0.03265929530664116	9.0	0.0	0.0	8.0
0.8762895364270756	0.22526643284839537	0.034077750856806706	70.0	0.0	0.0	8.0
0.43788504385408356	0.16586673317479111	0.031327996610209866	51.0	0.0	0.0	8.0
0.464657043470611	0.3053196833678734	0.03433837481691807	74.0	0.0	0.0	8.0
0.9048619020858036	0.8766317648455557	0.03561978314124439	17.0	0.0	0.001523699238049403	8.0
0.6726442957680857	0.5815187692101234	0.03382559421023421	69.0	0.0	0.0	8.0
0.9093004786372088	0.554274799388673	0.0340743619992984	18.0	0.0	0.0	8.0
0.4953393876926688	0.9161205135057806	0.03253332034826913	27.0	0.0	0.0	8.0
0.5163359388853176	0.615180086339792	0.03166538897814994	68.0	0.0	0.0	8.0
0.5846117715036523	0.7662610127720222	0.033095132997522	24.0	0.0	0.0	8.0
0.24716412934574714	0.619489017470187	0.033007440522396375	42.0	0.0	0.0	8.0
0.3220673344930181	0.8005177193916317	0.031064067053931332	43.0	0.0	0.0	8.0
0.4456864136534354	0.07799222490994899	0.0331280499631254	30.0	0.0	0.0	8.0
0.14569480751804556	0.30311785321314044	0.03443362124416845	39.0	0.0	0.0	8.0
0.36088525861065257	0.16611276102560915	0.032945938450398754	12.0	0.0	0.0	8.0
0.29622722025966525	0.16304959639968986	0.030334000918241788	64.0	0.0	0.0	8.0
0.2779574099843836	0.09630468336085117	0.03433977844668623	61.0	0.0	0.0	8.0
0.08919524306293293	0.6505809568007356	0.03214992542927808	21.0	0.0	0.0	8.0
0.4933408012328419	0.21303953416624577	0.03263069928324343	75.0	0.0	0.0	8.0
0.8414250043915962	0.8026592773517179	0.031291083328476126	10.0	0.0	0.0	8.0
0.8053667797473807	0.31600100225907835	0.032321864315114426	76.0	0.0	0.0	8.0
0.7629505918307894	0.09097133401816346	0.033913136472688434	6.0	0.0	0.0	8.0
0.8073243386448995	0.8757967049704637	0.032296004263216514	73.0	0.0	0.0	8.0
0.7669878697637602	0.17458273914275024	0.03227721707012783	54.0	0.0	0.0	8.0
0.38282687597173803	0.7182376508112902	0.033663587122025426	63.0	0.0	0.0	8.0
0.5384164349551593	0.3521305980762568	0.03233683367302703	16.0	0.0	0.0	8.0
0.3217397365971385	0.03169751383283607	0.031180582956289782	60.0	0.0	0.0	8.0
0.20967422766677016	0.6906979333065975	0.032477518885987676	80.0	0.0	0.0	8.0
0.9633606531474361	0.23876740423574386	0.034190581122228635	71.0	0.0	0.0	8.0
0.08649975047432823	0.05535140138496857	0.034315150371719776	22.0	0.0	0.0	8.0
0.3685756844913061	0.09345068706310933	0.03057187209037695	7.0	0.0	0.0	8.0
0.4396942097709617	0.43171854772048207	0.032447357410684996	31.0	0.0	0.0	8.0
0.38287568800979416	0.608580085592335	0.027767116451508093	37.0	0.0	0.0	8.0
0.5152077537215195	0.4175047830855691	0.031004853401485875	77.0	0.0	0.0	8.0
0.29124162218437716	0.4730405347090448	0.03601728248303925	38.0	0.0	0.006737591448214175	8.0
0.15587981390297465	0.4799806966348352	0.032538098273637	57.0	0.0	0.0	8.0
0.7034278001737827	0.03861260108933757	0.03078918635533891	34.0	0.0	0.0	8.0
0.17462970341623815	0.4060806084359141	0.02963664037969058	67.0	0.0	0.0	8.0
0.46165899316404335	0.5612890423034642	0.029363836182149224	62.0	0.0	0.0	8.0
0.6596887679190816	0.14612782590761164	0.019575005796389836	86.0	66.0	0.0	8.0
0.6999482384063548	0.4232809085349308	0.0328706641746582	79.0	0.0	0.0	8.0
0.2461652349059645	0.26314650712042037	0.03104770020672517	2.0	0.0	0.0	8.0
0.8009296355842968	0.23672314739693803	0.03189244275890466	35.0	0.0	0.0	8.0
0.49606311542051734	0.8476534616846603	0.030574038045186165	28.0	0.0	0.0	8.0
0.2320245919951776	0.34854853618235637	0.031893306866476547	15.0	0.0	0.0	8.0
0.9429667734561167	0.4795978045502334	0.03170918790575	11.0	0.0	0.0	8.0
0.6377544482526881	0.9132499924815936	0.03201959582763744	78.0	0.0	0.0	8.0
0.373290652728246	0.4899365410974518	0.032742816145946325	4.0	0.0	0.0	8.0
0.983614245617916	0.6035753664939816	0.03132230409473869	52.0	0.0	0.0	8.0
0.34117644058507973	0.25478792660308797	0.034052957997433464	19.0	0.0	0.0	8.0
0.5653351908722782	0.19735908760047538	0.03444727619268426	72.0	0.0	0.0	8.0
0.5275027027578891	0.11393281405426729	0.035476542444932084	3.0	0.0	0.0006926035926539953	8.0
0.6608671868734052	0.3462418321029245	0.03277220091685834	23.0	0.0	0.0	8.0
0.04512250563281571	0.38963810881877214	0.034388712516677744	20.0	0.0	0.0	8.0
0.5666148181474463	0.4728065678770884	0.029315458201337435	48.0	0.0	0.0	8.0
0.629296932966152	0.8391614153221163	0.03141943571951539	13.0	0.0	0.0	8.0
0.3196888489141028	0.6616745778708775	0.031446783431529866	46.0	0.0	0.0	8.0
0.8384853409468663	0.39900433430786725	0.02981910160200643	44.0	0.0	0.0	8.0
0.3302989097558775	0.9463737090820454	0.03296597525465033	47.0	0.0	0.0	8.0
0.602921269591093	0.5394477478203498	0.032594033800759564	25.0	0.0	0.0	8.0
0.6037564685967285	0.41843415504044124	0.017833057723561634	83.0	65.0	0.0	8.0
0.9298446809973662	0.14602042231062914	0.030528138108534924	56.0	0.0	0.0	8.0
0.05722818485958141	0.5090474537039433	0.03302839754414874	82.0	0.0	0.0	8.0
0.08305822695925698	0.953952335930848	0.03731102693356541	59.0	0.0	0.0019828746418966148	8.0
0.4109702240280937	0.24251263483170205	0.031943657168085456	32.0	0.0	0.0	8.0
0.5460722018761082	0.2792086215650281	0.03186891784901555	49.0	0.0	0.0	8.0
0.388643130530724	0.020947708416785726	0.03608075923606948	14.0	0.0	0.0	8.0
0.6172694062937827	0.05907630685222506	0.03609228151831236	55.0	0.0	0.00834033951367985	8.0
0.7873432214346253	0.5919896629610227	0.031922190399071744	8.0	0.0	0.0	8.0
0.46050469806090016	0.6590325064690953	0.033454552043211024	50.0	0.0	0.0	8.0
0.6993454056571284	0.1556047549333927	0.019575005796389836	85.0	66.0	0.0	8.0
0.9412075727294976	0.3726880619693363	0.03414351851370943	81.0	0.0	0.0	8.0
0.07389396292046413	0.9787275590790001	0.02071315640004158	89.0	59.0	0.0	9.0
0.9380621853617159	0.7207563472441297	0.034999345928598366	53.0	0.0	0.0	9.0
0.724928027058198	0.9420475813231746	0.03244468835236215	5.0	0.0	0.0	9.0
0.20689500440441075	0.05893093527639224	0.03332905364684301	1.0	0.0	0.0	9.0
0.5300237973908536	0.024106895876309417	0.03225104335823434	26.0	0.0	0.0	9.0
0.38820592438796375	0.0459750423064606	0.020375523122371255	88.0	14.0	0.0	9.0
0.2924177226235829	0.4784507080256052	0.03605329976552229	38.0	0.0	0.00747886917773144	9.0
0.25742629160870273	0.6102411229168732	0.033040447962918766	42.0	0.0	0.0	9.0
0.46036058582511574	0.31106421717847643	0.03437271319173499	74.0	0.0	0.0	9.0
0.38135564289833823	0.608304379286514	0.0277948835679596	37.0	0.0	0.0	9.0
0.9122137488457072	0.5462004294231732	0.03410843636129769	18.0	0.0	0.0	9.0
0.6282012727902554	0.8385349524220227	0.0314508551552349	13.0	0.0	0.0	9.0
0.3870770244146301	-0.004111159094285045	0.020375523122371255	87.0	14.0	0.0	9.0
0.929520899661611	0.14742444159103094	0.030558666246643454	56.0	0.0	0.0	9.0
0.045141831863672655	0.3886149926813452	0.03442310122919442	20.0	0.0	0.0	9.0
0.528103531013792	0.6233641987407674	0.03169705436712809	68.0	0.0	0.0	9.0
0.4383800189519688	0.16676494512603313	0.031359324606820074	51.0	0.0	0.0	9.0
0.3700583529548494	0.09476999508675459	0.03060244396246732	7.0	0.0	0.0	9.0
0.3186286375593025	0.6627448490825754	0.03147823021496139	46.0	0.0	0.0	9.0
0.6023435527545843	0.4202273008323132	0.017850890781285194	83.0	0.0	0.0	9.0
0.9415776938991812	0.4823604761698192	0.03174089709365575	11.0	0.0	0.0	9.0
0.4526438347863276	0.6615463726210999	0.03348800659525423	50.0	0.0	0.0	9.0
0.5659686001455723	0.4736057802205048	0.02934477365953877	48.0	0.0	0.0	9.0
0.3573069960265565	0.16789783278805845	0.03297888438884915	12.0	0.0	0.0	9.0
0.6237779828567374	0.07021413245320114	0.03612837379983067	55.0	0.0	0.009194729444203631	9.0
0.41528723943543805	0.240044305644123	0.03197560082525354	32.0	0.0	0.0	9.0
0.8887891257797123	0.3098080841342399	0.033160762078793246	36.0	0.0	0.0	9.0
0.9625503955017539	0.24007709868971194	0.03422477170335086	71.0	0.0	0.0	9.0
0.6990504332064108	0.42486267092557223	0.032903534838832856	79.0	0.0	0.0	9.0
0.14666865449601812	0.30445469550750953	0.034468054865412615	39.0	0.0	0.0	9.0
0.17180206839048223	0.40490675574230206	0.029666277020070266	67.0	0.0	0.0	9.0
0.01603206412825651	0.9979959919839678	0.0438877755511022	-2.0	-1.0	4.493235791062759	9.0
0.3211048850896001	0.03278390581195558	0.031211763539246068	60.0	0.0	0.0	9.0
0.31035045272961387	0.8713820329843089	0.03210920146266764	33.0	0.0	0.0	9.0
0.5826238890321639	0.7643767619048181	0.03312822813051952	24.0	0.0	0.0	9.0
0.20977143295883044	0.6889842406125414	0.03250999640487366	80.0	0.0	0.0	9.0
0.16136677975591782	0.48229913764701443	0.032570636371910634	57.0	0.0	0.0	9.0
0.4943430040441556	0.2165643912551316	0.03266332998252667	75.0	0.0	0.0	9.0
0.446028451825731	0.08704261632738383	0.03316117801308852	30.0	0.0	0.0	9.0
0.7214031524068834	0.29191730083196027	0.03164141365135263	29.0	0.0	0.0	9.0
0.48470059904425705	0.4912604603840955	0.0326919546019478	9.0	0.0	0.0	9.0
0.8436674657570631	0.8074138680282404	0.0313223744118046	10.0	0.0	0.0	9.0
0.5426914088855318	0.34996424235761153	0.03236917050670005	16.0	0.0	0.0	9.0
0.3209984445164098	0.79999286509368	0.03109513112098526	43.0	0.0	0.0	9.0
0.8384279228958907	0.39770230791062505	0.029848920703608433	44.0	0.0	0.0	9.0
0.3754687209406284	0.49159786817178275	0.03277555896209227	4.0	0.0	0.0	9.0
0.6014089136658977	0.5396537185914848	0.03262662783456032	25.0	0.0	0.0	9.0
0.3631901235562386	0.4217985422625992	0.03196943104557722	41.0	0.0	0.0	9.0
0.7847891316868956	0.589243620779493	0.03195411258947081	8.0	0.0	0.0	9.0
0.6339644002355918	0.3905227058628518	0.017850890781285194	84.0	0.0	0.0	9.0
0.32661163173305396	0.9500034033847722	0.032998941229904974	47.0	0.0	0.0	9.0
0.705789671042903	0.0325492645566475	0.030819975541694248	34.0	0.0	0.0	9.0
0.6968985679249875	0.49171325242696784	0.03322604197346538	40.0	0.0	0.0	9.0
0.6742875951680195	0.5818275299921817	0.03385941980444444	69.0	0.0	0.0	9.0
0.9024814285648032	0.8798995448515319	0.03565540292438563	17.0	0.0	0.0018017938430858749	9.0
0.804409187351415	0.30996729524227085	0.032354186179429534	76.0	0.0	0.0	9.0
0.3358569054415841	0.2583392994632709	0.034087010955430895	19.0	0.0	0.0	9.0
0.08879414956178845	0.6486782584125337	0.03218207535470736	21.0	0.0	0.0	9.0
0.37652860016066614	0.7183764571647686	0.03369725070914745	63.0	0.0	0.0	9.0
0.528189243959036	0.11478189625350853	0.03551201898737701	3.0	0.0	0.000859089029347615	9.0
0.3740069401612191	0.33291716710061214	0.032536132218823226	45.0	0.0	0.0	9.0
0.27641226135254515	0.09790428368723332	0.034374118225132914	61.0	0.0	0.0	9.0
0.05687319389602569	0.5125596240239287	0.03306142594169289	82.0	0.0	0.0	9.0
0.9422141115372865	0.37418550845843074	0.03417766203222313	81.0	0.0	0.0	9.0
0.7671790590919582	0.09800255623507968	0.03394704960916112	6.0	0.0	0.0	9.0
0.8043430489985358	0.23801579384968988	0.031924335201663566	35.0	0.0	0.0	9.0
0.6566568099944033	0.34159915132404345	0.032804973117775194	23.0	0.0	0.0	9.0
0.700297719844131	0.15248088974333587	0.019594580802186224	85.0	0.0	0.0	9.0
0.463603481763624	0.5617828251984159	0.02939320001833137	62.0	0.0	0.0	9.0
0.6597368811094001	0.14358074977039967	0.019594580802186224	86.0	0.0	0.0	9.0
0.9764020717518911	0.6098319814590177	0.03135362639883343	52.0	0.0	0.0	9.0
0.8704744793565135	0.21230819631558848	0.03411182860766351	70.0	0.0	0.0	9.0
0.2524709749647282	0.2703161004013367	0.03107874790693189	2.0	0.0	0.0	9.0
0.4406877328990035	0.43213834708288656	0.03247980476809568	31.0	0.0	0.0	9.0
0.5012839905875501	0.914650718947343	0.032565853668617396	27.0	0.0	0.0	9.0
0.29315040114265495	0.1606719556956753	0.030364334919160026	64.0	0.0	0.0	9.0
0.5177831071081284	0.41007525484207524	0.031035858254887357	77.0	0.0	0.0	9.0
0.7711102074469416	0.17995215718990423	0.032309494287197954	54.0	0.0	0.0	9.0
0.5441660951149935	0.27749090614770533	0.03190078676686456	49.0	0.0	0.0	9.0
0.6386947273555383	0.9150082987620858	0.032051615423465074	78.0	0.0	0.0	9.0
0.8115888299761327	0.8775356546156524	0.03232830026747973	73.0	0.0	0.0	9.0
0.09579185928173904	0.06449839659113661	0.03434946552209149	22.0	0.0	0.0	9.0
0.494883723584347	0.8469391289410021	0.03060461208323135	28.0	0.0	0.0	9.0
0.21919880741475808	0.19511402459805	0.032621747092721316	58.0	0.0	0.0	9.0
0.09086352498816747	0.9274299190873525	0.02071315640004158	90.0	59.0	0.0	9.0
0.23039680731213882	0.349790133093665	0.03192520017334302	15.0	0.0	0.0	9.0
0.5621172518268296	0.20241706942333118	0.03448172346887694	72.0	0.0	0.0	9.0
0.6742875951680195	0.584184532747343	0.03389327922424888	69.0	0.0	0.0	10.0
0.6343977136480109	0.3895236218897878	0.017868741672066476	84.0	0.0	0.0	10.0
0.5013567044460283	0.916574740691123	0.03259841952228601	27.0	0.0	0.0	10.0
0.6247588714514322	0.069931901568712	0.0361645021736305	55.0	0.0	0.01010650242471911	10.0
0.5719127188656411	0.20715060808688898	0.034516205192345814	72.0	0.0	0.0	10.0
0.9395081924641603	0.371983464469717	0.03421183969425535	81.0	0.0	0.0	10.0
0.4971425976505847	0.22072939868892136	0.03269599331250919	75.0	0.0	0.0	10.0
0.7069267127366652	0.1526876272681176	0.01961417538298841	85.0	0.0	0.0	10.0
0.08791615297657317	0.6496587385409651	0.032214257430062065	21.0	0.0	0.0	10.0
0.2776252030048462	0.09890411999899199	0.03440849234335804	61.0	0.0	0.0	10.0
0.3772358792973977	0.09938575484863194	0.030633046406429786	7.0	0.0	0.0	10.0
0.912632767046626	0.5473392629603627	0.034142544797658984	18.0	0.0	0.0	10.0
0.08955838664952245	0.9279813871175862	0.02073386955644162	90.0	0.0	0.0	10.0
0.5278701635438019	0.11141316926740599	0.03554753100636439	3.0	0.0	0.0010505243616591997	10.0
0.4196178909847903	0.25181441780505126	0.032007576426078786	32.0	0.0	0.0	10.0
0.5425126835126679	0.27692359542934264	0.03193268755363142	49.0	0.0	0.0	10.0
0.5999936607096881	0.5380931533770457	0.03265925446239488	25.0	0.0	0.0	10.0
0.2078465372711223	0.06101608053450883	0.03336238270048985	1.0	0.0	0.0	10.0
0.804168627358798	0.23639234210807636	0.03195625953686523	35.0	0.0	0.0	10.0
0.8406758414222933	0.38822743987033487	0.02987876962431204	44.0	0.0	0.0	10.0
0.045514734680257705	0.5141065552486501	0.03309448736763458	82.0	0.0	0.0	10.0
0.21856057798369213	0.19359018969356293	0.032654368839814034	58.0	0.0	0.0	10.0
0.8051200233434201	0.31700008573499605	0.03238654036560896	76.0	0.0	0.0	10.0
0.936894422588797	0.7204362117147466	0.03503434527452696	53.0	0.0	2.5928711977485364e-07	10.0
0.25562536039645595	0.2832486357012349	0.03110982665483882	2.0	0.0	0.0	10.0
0.4813469474442654	0.49936098319865607	0.03272464655654975	9.0	0.0	0.0	10.0
0.045551470764742204	0.3906207106707249	0.03445752433042361	20.0	0.0	0.0	10.0
0.25556580336914614	0.6084776250093823	0.03307348841088168	42.0	0.0	0.0	10.0
0.49593284858888936	0.8467895130815811	0.030635216695314577	28.0	0.0	0.0	10.0
0.3796394734045985	0.041500568782022365	0.020395898645493623	88.0	0.0	0.0	10.0
0.09685819284454568	0.06440078100254601	0.03438381498761358	22.0	0.0	0.0	10.0
0.7822819261175656	0.5899821414004349	0.03198606670206028	8.0	0.0	0.0	10.0
0.4474908334010653	0.6664927000216923	0.03352149460184948	50.0	0.0	0.0	10.0
0.4396474013838686	0.42628091322126327	0.03251228457286377	31.0	0.0	0.0	10.0
0.31841781126667695	0.664597263837013	0.03150970844517635	46.0	0.0	0.0	10.0
0.8142069344055742	0.8796389765399381	0.032360628567747206	73.0	0.0	0.0	10.0
0.9414273777103754	0.15374348103941254	0.030589224912890095	56.0	0.0	0.0	10.0
0.17403671437968463	0.40639862691226203	0.029695943297090334	67.0	0.0	0.0	10.0
0.07790474826938332	0.9766950817075808	0.02073386955644162	89.0	0.0	0.0	10.0
0.4408550286866817	0.07902292236822513	0.03319433919110161	30.0	0.0	0.0	10.0
0.32704810245502103	0.9511033739205617	0.03303194017113487	47.0	0.0	0.0	10.0
0.6479729027243992	0.14090110487246127	0.01961417538298841	86.0	0.0	0.0	10.0
0.5110219588711545	0.4173141569765557	0.03106689411314224	77.0	0.0	0.0	10.0
0.3759987771863667	0.3333963596959167	0.032568668351042045	45.0	0.0	0.0	10.0
0.7030846503971524	0.024745664712316567	0.03085079551723594	34.0	0.0	0.0	10.0
0.6352883157368409	0.9189100827308095	0.032083667038888534	78.0	0.0	0.0	10.0
0.9774870059437051	0.6118007691042182	0.03138498002523226	52.0	0.0	0.0	10.0
0.4628978776215752	0.31253623155781995	0.03440708590492672	74.0	0.0	0.0	10.0
0.52472023531558	0.034332025943336876	0.03228329440159257	26.0	0.0	0.0	10.0
0.8421402747388776	0.8084614730620158	0.0313536967862164	10.0	0.0	0.0	10.0
0.7693941443702422	0.17844442068344893	0.03234180378148515	54.0	0.0	0.0	10.0
0.38150428998425795	0.7211799767214371	0.033730947959856594	63.0	0.0	0.0	10.0
0.695767659328177	0.49949067510066025	0.033259268015438846	40.0	0.0	0.0	10.0
0.7705586905811518	0.09841956278124513	0.033980996658770274	6.0	0.0	0.0	10.0
0.8934581794061036	0.3125960045733127	0.03319392284087203	36.0	0.0	0.0	10.0
0.2344689378757515	0.08817635270541081	0.08056112224448897	-2.0	-1.0	605.2896010405474	10.0
0.940164535570472	0.470603123997671	0.0317726379907494	11.0	0.0	0.0	10.0
0.1595704355590505	0.4758265651077181	0.03260320700828254	57.0	0.0	0.0	10.0
0.9044010022748349	0.8790453782218837	0.03569105832731002	17.0	0.0	0.0021121467430447183	10.0
0.5695719243533697	0.479430166767117	0.029374118433198305	48.0	0.0	0.0	10.0
0.6294420044101575	0.8378864462173636	0.031482306010390135	13.0	0.0	0.0	10.0
0.2996284742672564	0.477329569071942	0.03608935306528781	38.0	0.0	0.008273436793018618	10.0
0.8703476502912892	0.21125298972251852	0.034145940436271165	70.0	0.0	0.0	10.0
0.21412362767827597	0.6824205199624009	0.03254250640127853	80.0	0.0	0.0	10.0
0.7038745300390178	0.4157644439206275	0.03293643837367168	79.0	0.0	0.0	10.0
0.3368551122466647	0.25823523081403343	0.03412109796638632	19.0	0.0	0.0	10.0
0.4569221477501015	0.56226741038403	0.029422593218349696	62.0	0.0	0.0	10.0
0.23269431856301276	0.348552190256447	0.03195712537351636	15.0	0.0	0.0	10.0
0.31026607617815305	0.8736146516772709	0.0321413106641303	33.0	0.0	0.0	10.0
0.6557177122657843	0.340257481449562	0.032837778090892965	23.0	0.0	0.0	10.0
0.1463876349595217	0.30554691027404973	0.03450252292027802	39.0	0.0	0.0	10.0
0.9648040369763277	0.24198295199230183	0.034258996475054204	71.0	0.0	0.0	10.0
0.5839268273627801	0.766968111500377	0.033161356358650036	24.0	0.0	0.0	10.0
0.3203845080073566	0.03345816928497843	0.03124297530278531	60.0	0.0	0.0	10.0
0.5488943272305812	0.34192507463699245	0.03240153967720675	16.0	0.0	0.0	10.0
0.3205748792682059	0.7988636621231381	0.031126226252106242	43.0	0.0	0.0	10.0
0.5280103459533527	0.6244186881792673	0.03172875142149521	68.0	0.0	0.0	10.0
0.3600460412157938	0.4237300064752153	0.032001400476622796	41.0	0.0	0.0	10.0
0.7170321064037476	0.2935725990408437	0.03167305506500398	29.0	0.0	0.0	10.0
0.43995315411156416	0.16843509959089542	0.03139068393142689	51.0	0.0	0.0	10.0
0.293125178375733	0.16267499951895553	0.030394699254079182	64.0	0.0	0.0	10.0
0.37926959057494825	0.49007580881466895	0.03280833452105436	4.0	0.0	0.0	10.0
0.3890926584172076	-0.005730470815117041	0.020395898645493623	87.0	0.0	0.0	10.0
0.3620884582343391	0.16763697773669367	0.03301186327323799	12.0	0.0	0.0	10.0
0.7275449808020495	0.9455465519875546	0.03247713304071451	5.0	0.0	0.0	10.0
0.3820024819776242	0.6055779838021789	0.027822678451527555	37.0	0.0	0.0	10.0
0.6001821347488359	0.4162459659693581	0.017868741672066476	83.0	0.0	0.0	10.0
0.5629106704108463	0.47180685649263426	0.0294034925516315	48.0	0.0	0.0	11.0
0.638956535820385	0.39862998011871215	0.01788661041373854	84.0	0.0	0.0	11.0
0.7112333251401668	0.15299997814994679	0.019633789558371396	85.0	0.0	0.0	11.0
0.8033899484579512	0.23555514164967692	0.03198821579640209	35.0	0.0	0.0	11.0
0.706432017448676	0.41798308344560314	0.03296937481204535	79.0	0.0	0.0	11.0
0.25128278908961293	0.2782111585956866	0.031140936481493655	2.0	0.0	0.0	11.0
0.1035456028795869	0.0685089727606361	0.03441819880260119	22.0	0.0	0.0	11.0
0.21674735645745774	0.19395457187121712	0.03268702320865385	58.0	0.0	0.0	11.0
0.5989725631734084	0.5461749161137118	0.03269191371685727	25.0	0.0	0.0	11.0
0.14337935688380496	0.29836435348326673	0.034537025443198296	39.0	0.0	0.0	11.0
0.7720594711582616	0.17863773206014116	0.032374145585266634	54.0	0.0	0.0	11.0
0.5091511053558706	0.4137620944153694	0.031097961007255377	77.0	0.0	0.0	11.0
0.5227980411799553	0.029397416656337067	0.032315577695994156	26.0	0.0	0.0	11.0
0.5935585101386459	0.7643276403911677	0.033194517715008684	24.0	0.0	0.0	11.0
0.5281640873109146	0.6268574368840706	0.0317604801729167	68.0	0.0	0.0	11.0
0.7011353313035087	0.028503901344932768	0.03088164631275317	34.0	0.0	0.0	11.0
0.37813320109462145	0.10065071288150193	0.030663679452836212	7.0	0.0	0.0	11.0
0.3835463270627655	0.7166295141634652	0.033764678907816446	63.0	0.0	0.0	11.0
0.08573382530312502	0.923064229938314	0.02075460342599806	90.0	0.0	0.0	11.0
0.4624498088549098	0.3097129889414096	0.03444149299083164	74.0	0.0	0.0	11.0
0.5702466693676885	0.2057235808590766	0.034550721397538155	72.0	0.0	0.0	11.0
0.4372661186871564	0.07578872470242207	0.03322753353029271	30.0	0.0	0.0	11.0
0.6368348710393607	0.9175854062858867	0.03211575070592742	78.0	0.0	0.0	11.0
0.4515091823998462	0.6655526955315515	0.033555016096451326	50.0	0.0	0.0	11.0
0.18637274549098196	0.6673346693386772	0.024248496993987977	-2.0	-1.0	0.0	11.0
0.08676016716972597	0.6491616926557849	0.032246471687492125	21.0	0.0	0.0	11.0
0.5479054251296007	0.34068617395316564	0.03243394121688395	16.0	0.0	0.0	11.0
0.9364656479354302	0.3793781479126451	0.0342460515339496	81.0	0.0	0.0	11.0
0.9374106522495131	0.7220216063104309	0.03506937961980148	53.0	0.0	2.1373503642507785e-06	11.0
0.3192504889726527	0.03266972313670189	0.031274218278088094	60.0	0.0	0.0	11.0
0.6484589364730162	0.13937589474219214	0.019633789558371396	86.0	0.0	0.0	11.0
0.07847410307524358	0.9757616975808344	0.02075460342599806	89.0	0.0	0.0	11.0
0.3211546897447442	0.7952103263662478	0.031157352478358345	43.0	0.0	0.0	11.0
0.45769251231748076	0.5611668061541161	0.029452015811568043	62.0	0.0	0.0	11.0
0.9725806675339376	0.612156617038803	0.03141636500525749	52.0	0.0	0.0	11.0
0.7674310154605805	0.09896654554259418	0.03401497765542904	6.0	0.0	0.0	11.0
0.841611948922071	0.8075168592034937	0.03138505048300261	10.0	0.0	0.0	11.0
0.7007826232765556	0.48708070323560704	0.03329252728345428	40.0	0.0	0.0	11.0
0.48152799887814324	0.4983061654464612	0.032757371203106296	9.0	0.0	0.0	11.0
0.3091984979469146	0.8710657047111077	0.032173451974794424	33.0	0.0	0.0	11.0
0.8092391180093003	0.8773530467926509	0.03239298919631495	73.0	0.0	0.0	11.0
0.49644369311850484	0.22155058545851308	0.0327286893058217	75.0	0.0	0.0	11.0
0.7815808298994394	0.5908272351669784	0.03201805276876234	8.0	0.0	0.0	11.0
0.8068619058048805	0.3158212668062917	0.03241892690597457	76.0	0.0	0.0	11.0
0.36114579299648303	0.4227880322200643	0.03203340187709942	41.0	0.0	0.0	11.0
0.4412939843308802	0.42633795187328366	0.03254479685743663	31.0	0.0	0.0	11.0
0.38065919581559515	0.604238919513611	0.02785050112997908	37.0	0.0	0.0	11.0
0.20973155278315367	0.059907978892478175	0.033395745083190334	1.0	0.0	0.0	11.0
0.49403685555618315	0.8526123034716905	0.03066585191200989	28.0	0.0	0.0	11.0
0.8431310762803919	0.3961032082700792	0.02990864839393635	44.0	0.0	0.0	11.0
0.7170855793251045	0.2923600334110208	0.03170472812006898	29.0	0.0	0.0	11.0
0.3777747976252623	0.33412057505296194	0.03260123701939308	45.0	0.0	0.0	11.0
0.7269035659172471	0.9464041490585358	0.03250961017375523	5.0	0.0	0.0	11.0
0.4981893576979071	0.9205944524980015	0.03263101794180829	27.0	0.0	0.0	11.0
0.21695507575897982	0.6739072823829668	0.0325750489076798	80.0	0.0	0.0	11.0
0.2848321028420454	0.09500204062972467	0.034442900835701395	61.0	0.0	0.0	11.0
0.3793564306649664	0.0403710702462862	0.020416294544139114	88.0	0.0	0.0	11.0
0.4191903057364079	0.25079351639497277	0.03203958400250486	32.0	0.0	0.0	11.0
0.937247270300683	0.14215796671845254	0.030619814137802983	56.0	0.0	0.0	11.0
0.3900738575399914	-0.006459525087661868	0.020416294544139114	87.0	0.0	0.0	11.0
0.6343983790081165	0.07124472533706885	0.03620066667580413	55.0	0.0	0.011077642494811357	11.0
0.5430975152564584	0.27599144584765956	0.03196462024118505	49.0	0.0	0.0	11.0
0.2997993421787247	0.4755256120851116	0.03612544241835309	38.0	0.0	0.009123254994392482	11.0
0.5257812282891204	0.11095217102626173	0.03558307853737075	3.0	0.0	0.0012687064304230944	11.0
0.8695520487657602	0.2126144657616343	0.034180086376707434	70.0	0.0	0.0	11.0
0.04527181530642443	0.5129541997511495	0.03312758185500221	82.0	0.0	0.0	11.0
0.9094052627681308	0.8804512003401719	0.03572674938563732	17.0	0.0	0.002456597434189689	11.0
0.9145372110476566	0.5478742689823868	0.03417668734245664	18.0	0.0	0.0	11.0
0.32653127153856365	0.6596831121879748	0.03154121815362152	46.0	0.0	0.0	11.0
0.44356122142563603	0.17058949862233813	0.031422074615358314	51.0	0.0	0.0	11.0
0.6304109220823703	0.8380433488143048	0.031513788316400525	13.0	0.0	0.0	11.0
0.04617840933351999	0.389499783315539	0.03449198185475403	20.0	0.0	0.0	11.0
0.33285831552144096	0.25252508841112903	0.034155219064352704	19.0	0.0	0.0	11.0
0.9729871564249933	0.23549317597000427	0.034293255471529255	71.0	0.0	0.0	11.0
0.3620516991924105	0.1690963397696326	0.03304487513651123	12.0	0.0	0.0	11.0
0.5873089625706487	0.4068490219332425	0.01788661041373854	83.0	0.0	0.0	11.0
0.8926804922858514	0.311024730167941	0.0332271167637129	36.0	0.0	0.0	11.0
0.32916758414495983	0.9524054082155136	0.033064972111306004	47.0	0.0	0.0	11.0
0.6733777548518025	0.5846971762621911	0.03392717250347313	69.0	0.0	0.0	11.0
0.2546285829984001	0.609250182334802	0.03310656189929256	42.0	0.0	0.0	11.0
0.6624648992947961	0.33662867663030477	0.032870615868983856	23.0	0.0	0.0	11.0
0.38577610054577544	0.49311954687806964	0.03284114285557541	4.0	0.0	0.0	11.0
0.22748417389055375	0.35790057797145874	0.031989082498889876	15.0	0.0	0.0	11.0
0.17419934601434958	0.40768338680171134	0.02972563924038742	67.0	0.0	0.0	11.0
0.9430955117528972	0.4718415671681183	0.03180441062874014	11.0	0.0	0.0	11.0
0.1490047697784784	0.4734948732419956	0.03263581021529082	57.0	0.0	0.0	11.0
0.2941355176634377	0.17457055450956838	0.030425093953333256	64.0	0.0	0.0	11.0
