# x	y	r	id	split_id	s_prob	t
2.0	0.5	0.0	-1.0	0.0	0.0	0.0
0.19237417342377222	0.7883829599941138	0.11165052061426815	1.0	0.0	2882.207877512397	0.0
0.5410632611807673	0.565957793208889	0.1107636918633867	2.0	0.0	2783.321416211417	0.0
0.1439382355784403	0.35167350301776357	0.1156164961362904	3.0	0.0	3353.14032847083	0.0
0.7419766637954798	0.6440130263564475	0.09641416576368597	4.0	0.0	1482.4690819420389	0.0
0.34090106828574096	0.1928130192068177	0.11287410619769037	5.0	0.0	3022.450515515495	0.0
0.3730191291118313	0.42296216534573833	0.10319751892416418	6.0	0.0	2029.9516737403962	0.0
0.5623165301813428	0.22258340356462583	0.10610871472429326	7.0	0.0	2301.168713498988	0.0
0.47161376411372175	0.7732153319968098	0.10619354632089496	8.0	0.0	2309.414318586618	0.0
0.08250190618439518	0.15588092775195755	0.08250190618439518	9.0	0.0	685.9825792218313	0.0
0.8783762202982703	0.7967274384733417	0.1035383541882546	10.0	0.0	2060.5397099227253	0.0
0.8793965181527611	0.14452704570608335	0.10709097900711045	11.0	0.0	2397.854042511707	0.0
0.8565181240105177	0.1339996031502071	0.10719806998611756	11.0	0.0	2408.555943975149	1.0
0.5310845412067906	0.5607067876886486	0.11087445555525008	2.0	0.0	2795.5466078947256	1.0
0.1491405844428014	0.34548238561155303	0.11573211263242668	3.0	0.0	3367.5877906202613	1.0
0.4699758463352848	0.77504443459334	0.10629973986721585	8.0	0.0	2319.7640301515144	1.0
0.3364938075350809	0.19635370614759196	0.11298698030388804	5.0	0.0	3035.6121866897897	1.0
0.17691352425758436	0.808004226289696	0.1117621711348824	1.0	0.0	2894.821059055361	1.0
0.7418658321168029	0.6436633526292036	0.09651057992944964	4.0	0.0	1489.4620381930076	1.0
0.8850035377978229	0.793410517041434	0.10364189254244285	10.0	0.0	2069.892167273985	1.0
0.08909979054949604	0.15165405243797073	0.08258440809057957	9.0	0.0	689.5630600826569	1.0
0.3659983893300982	0.41639786597778167	0.10330071644308833	6.0	0.0	2039.18088633452	1.0
0.5641844706017515	0.2274694656982006	0.10621482343901754	7.0	0.0	2311.4855330725927	1.0
0.32572908760790614	0.18535404350791843	0.11309996728419192	5.0	0.0	3048.8252309711397	2.0
0.38373245900948194	0.4079654015978647	0.1034040171595314	6.0	0.0	2048.4473016139914	2.0
0.8591265844538972	0.15113131924864395	0.10730526805610366	11.0	0.0	2419.300390339939	2.0
0.4482921519602654	0.7653956839119573	0.10640603960708304	8.0	0.0	2330.1550133730416	2.0
0.14255745535568415	0.35307355187825934	0.11584784474505909	3.0	0.0	3382.0912021841186	2.0
0.8882211198979633	0.8082116991868792	0.10374553443498528	10.0	0.0	2079.282276296823	2.0
0.1926960933666737	0.8149084034828	0.11187393330601728	1.0	0.0	2907.4836540799547	2.0
0.5624010949744368	0.22335756434426826	0.10632103826245655	7.0	0.0	2321.843505258691	2.0
0.7478040306396956	0.6458679667857719	0.09660709050937909	4.0	0.0	1496.483976838687	2.0
0.09567681956724285	0.14959685006301174	0.08266699249867014	9.0	0.0	693.1595773292237	2.0
0.5457626151411821	0.5608246025073904	0.11098533001080532	2.0	0.0	2807.8198239464614	2.0
0.09156374790406614	0.13401802640407695	0.0827496594911688	9.0	0.0	696.7721935830946	3.0
0.13570446814799408	0.3546312181727454	0.11596369258980413	3.0	0.0	3396.6507617706625	3.0
0.5534686738796017	0.2458685817460819	0.10642735930071899	7.0	0.0	2332.242778995019	3.0
0.8564852566014718	0.15578483769404938	0.10741257332415975	11.0	0.0	2430.0875352431917	3.0
0.7498788316348559	0.6461771947356201	0.09670369759988845	4.0	0.0	1503.5350054329679	3.0
0.5499874404324295	0.5534892257856793	0.11109631534081611	2.0	0.0	2820.141236442732	3.0
0.4479710851437715	0.763193934394984	0.10651244564669012	8.0	0.0	2340.587417590986	3.0
0.31479831475064285	0.19245420118230014	0.11321306725147609	5.0	0.0	3062.0898316649573	3.0
0.8845488888675981	0.8065219301854485	0.10384927996942026	10.0	0.0	2088.7101740839094	3.0
0.19391386447747497	0.8000626670980208	0.11198580723932328	1.0	0.0	2920.1958393237996	3.0
0.36458190959663705	0.40766395774055336	0.10350742117669093	6.0	0.0	2057.7510551492596	3.0
0.7473627557403704	0.6441573497664422	0.09680040129748833	4.0	0.0	1510.6152318983357	4.0
0.19103219342541264	0.7999446758992663	0.11209779304656259	1.0	0.0	2932.957792117252	4.0
0.3098125002914258	0.1894343985918498	0.11332628031872756	5.0	0.0	3075.4061726905406	4.0
0.551040276405646	0.5568664555690632	0.11120741165615691	2.0	0.0	2832.511018037361	4.0
0.37136216305856906	0.4174817647368235	0.10361092859786761	6.0	0.0	2067.0922829704796	4.0
0.08885250955238738	0.13619616987418537	0.08283240915065997	9.0	0.0	700.4009716867182	4.0
0.5571428907667816	0.24412150938280752	0.1065337866600197	7.0	0.0	2342.6835037223154	4.0
0.44567337416239966	0.7624055547406992	0.10661895809233679	8.0	0.0	2351.061392649435	4.0
0.12631228633394645	0.3614279715248815	0.11607965628239392	3.0	0.0	3411.266668651242	4.0
0.8921593675884025	0.8128979412935488	0.10395312924938967	10.0	0.0	2098.1759981925593	4.0
0.8668620246038036	0.17122254828503378	0.1075199858974839	11.0	0.0	2440.917532840217	4.0
0.570998634636479	0.23572937775163974	0.1066403204466797	7.0	0.0	2353.1658293859477	5.0
0.37401108881093575	0.4115789152822966	0.10371453952646546	6.0	0.0	2076.4711215690104	5.0
0.5470164673972069	0.5593648989507062	0.11131861906781305	2.0	0.0	2844.9293419637493	5.0
0.11977743780877048	0.38556293231464794	0.1161957359386763	3.0	0.0	3425.939122762424	5.0
0.7555515302138922	0.6494740579190623	0.09689720169878581	4.0	0.0	1517.724764527067	5.0
0.19342367853709783	0.7986946933015793	0.11220989083960914	1.0	0.0	2945.769690385312	5.0
0.8809683358191607	0.16716374210386103	0.10762750588338138	11.0	0.0	2451.790537806199	5.0
0.0822602599223889	0.1348281669551524	0.08291524155981062	9.0	0.0	704.0459747041623	5.0
0.42265316379843243	0.7528490399510882	0.10672557705042912	8.0	0.0	2361.5770888984125	5.0
0.894230936387909	0.8108842461628719	0.10405708237863905	10.0	0.0	2107.6798866462377	5.0
0.3033183208948212	0.17936730570638093	0.11343960659904627	5.0	0.0	3088.774438583041	5.0
0.5775286100292959	0.23242029335364228	0.10674696076712638	7.0	0.0	2363.6899064375443	6.0
0.08548227231574794	0.13372264540027817	0.08299815680137042	9.0	0.0	707.7072659218496	6.0
0.7535978597996054	0.6501859097454564	0.09699409890048459	4.0	0.0	1524.8637119824407	6.0
0.8910109367594781	0.8153044803356994	0.10416113946101767	10.0	0.0	2117.221977936074	6.0
0.5472192962254157	0.5548720401086927	0.11142993768688085	2.0	0.0	2857.3963820367385	6.0
0.11762301672322001	0.3848539099394521	0.11631193167461495	3.0	0.0	3440.668324708129	6.0
0.18990410935405663	0.826498640078777	0.11232210073044874	1.0	0.0	2958.6317126495387	6.0
0.879944152826892	0.17875347701788416	0.10773513338926476	11.0	0.0	2462.706705337876	6.0
0.41489637059386836	0.7550068723875634	0.10683230262747954	8.0	0.0	2372.1346571955073	6.0
0.3714991527626149	0.41179292780856824	0.10381825406599192	6.0	0.0	2085.887707898905	6.0
0.29261928262859016	0.1831137615485059	0.1135530462056453	5.0	0.0	3102.1948144954526	6.0
0.5767064775333519	0.23052471528730192	0.10685370772789349	7.0	0.0	2374.2558858366315	7.0
0.20332916264891496	0.8418760118084946	0.11243442283117917	1.0	0.0	2971.544038029972	7.0
0.8938290228294713	0.8323664138171666	0.10426530060047867	10.0	0.0	2126.802411022375	7.0
0.2847939073153919	0.17939283342647772	0.11366659925185094	5.0	0.0	3115.667486200598	7.0
0.7543942704423195	0.6477913636266627	0.09709109299938506	4.0	0.0	1532.032183299944	7.0
0.41771076899223664	0.7604329594730559	0.10693913493010701	8.0	0.0	2382.734248907524	7.0
0.08790082953265146	0.135337297475923	0.08308115495817178	9.0	0.0	711.3849088492943	7.0
0.3695774465672571	0.41573791107476593	0.1039220723200579	6.0	0.0	2095.3421793784146	7.0
0.5434083494910531	0.5582630966583909	0.11154136762456772	2.0	0.0	2869.912312654491	7.0
0.11228184446629738	0.3897284674280747	0.11642824360628956	3.0	0.0	3455.454475761778	7.0
0.8821932747710527	0.1781672381986091	0.10784286852265401	11.0	0.0	2473.6661911552205	7.0
0.08553160667540748	0.3859136123827073	0.11654467184989584	3.0	0.0	3470.2977778684376	8.0
0.4191191834018788	0.7490950066718353	0.1070460740650371	8.0	0.0	2393.3760159121243	8.0
0.09685192684348974	0.14054510624228145	0.08316423611312994	9.0	0.0	715.0789672198424	8.0
0.29849960555220756	0.17578367798056682	0.11378026585110278	5.0	0.0	3129.1926400931193	8.0
0.5433321133482333	0.5542272125508547	0.11165290899219227	2.0	0.0	2882.477308800364	8.0
0.36756642279763435	0.41504789817187804	0.10402599439237795	6.0	0.0	2104.834673891488	8.0
0.5637111643519545	0.21655274026566135	0.10696056143562137	7.0	0.0	2384.86391905228	8.0
0.7521717429033009	0.6447804180975004	0.09718818409238444	4.0	0.0	1539.2302878884918	8.0
0.8807280197528085	0.8462753895648648	0.10436956590107914	10.0	0.0	2136.4213253361468	8.0
0.8641070468458216	0.17393636241739052	0.10795071139117665	11.0	0.0	2484.6691515031384	8.0
0.20767029872354667	0.8653816941465364	0.11254685725401034	1.0	0.0	2984.506846247058	8.0
0.8874264272218757	0.859597520841521	0.10447393546698021	10.0	0.0	2146.0788607806185	9.0
0.20614338601581486	0.8640056948832826	0.11265940411126434	1.0	0.0	2997.5203176235864	9.0
0.36801554633357886	0.4189940998253245	0.10413002038677031	6.0	0.0	2114.3653297892884	9.0
0.865151510422933	0.167355287587884	0.10805866210256782	11.0	0.0	2495.715743153159	9.0
0.7427649253727328	0.6433178313819012	0.09728537227647682	4.0	0.0	1546.458135531639	9.0
0.3007215668825814	0.17388049363851327	0.11389404611695386	5.0	0.0	3142.7704631914817	9.0
0.42288923396508676	0.7719205522135925	0.10715312013910214	8.0	0.0	2404.060110599481	9.0
0.09442565154810154	0.1407518206233038	0.08324740034924306	9.0	0.0	718.7895049914154	9.0
0.0723922032880054	0.3875348593271671	0.11666121652174571	3.0	0.0	3485.1984336469814	9.0
0.5400306512513497	0.5555734636969016	0.11176456190118444	2.0	0.0	2895.091546044799	9.0
0.56432823026083	0.2090301461312244	0.10706752199705698	7.0	0.0	2395.5141580647464	9.0
0.3727661761868161	0.41534663668915944	0.10423415040715707	6.0	0.0	2123.9342858917	10.0
0.7361320273075327	0.6429625385670804	0.09738265764875328	4.0	0.0	1553.7158363888057	10.0
0.9093531588873272	0.8529884948567901	0.10457840940244718	10.0	0.0	2155.7751577327754	10.0
0.5344718165820643	0.5811766723963666	0.11187632646308562	2.0	0.0	2907.7552005472126	10.0
0.5620298301426156	0.21390334124676424	0.10717458951905402	7.0	0.0	2406.20675536713	10.0
0.4156615355076798	0.7783519027156174	0.10726027325924123	8.0	0.0	2414.7866858739317	10.0
0.30699872554957874	0.17384129139480575	0.11400794016307081	5.0	0.0	3156.401143139984	10.0
0.06968147111489818	0.39347503284562113	0.11677787773826745	3.0	0.0	3500.1566463922513	10.0
0.8745940927890746	0.1784499698426693	0.10816672076467038	11.0	0.0	2506.806123405141	10.0
0.09275100962030318	0.1483699847239242	0.0833306477495923	9.0	0.0	722.5165863472522	10.0
0.20961312000502427	0.8914159528295842	0.11277206351537558	1.0	0.0	3010.5846330866257	10.0
0.3231567414585199	0.1616768680194017	0.11412194810323387	5.0	0.0	3170.084868210763	11.0
0.4096695039023022	0.7813411205740283	0.10736753353250046	8.0	0.0	2425.5558951556445	11.0
0.3776262439542147	0.41118382577530976	0.10433838455756421	6.0	0.0	2133.5416814888517	11.0
0.22313529566194576	0.9094956365279777	0.11288483557889094	1.0	0.0	3023.699974169472	11.0
0.8692667155613409	0.17566545373029882	0.10827488748543504	11.0	0.0	2517.9404500889723	11.0
0.574968660831246	0.2201558716348703	0.10728176410857307	7.0	0.0	2416.9418639670307	11.0
0.7443772046505268	0.6376034726033979	0.09748004030640203	4.0	0.0	1561.0035009965043	11.0
0.5282269122769928	0.5717083194024214	0.1119882027895487	2.0	0.0	2920.46844905789	11.0
0.9182602453846235	0.8617564805939691	0.10468298781184962	10.0	0.0	2165.5103570448873	11.0
0.07021516160618944	0.39544609598986424	0.1168946556160057	3.0	0.0	3515.17262007723	11.0
0.0964674387417586	0.147792148506219	0.08341397839734188	9.0	0.0	726.2602756966588	11.0
0.08075864644959696	0.14432544191444802	0.08349739237573921	9.0	0.0	730.0206376757563	12.0
0.22414433455914004	0.9047089803546757	0.11299772041446982	1.0	0.0	3036.866523013599	12.0
0.9172087210612113	0.8564373025379914	0.10478767079966146	10.0	0.0	2175.2846000460568	12.0
0.8826779134133987	0.19026784820285597	0.10838316237292046	11.0	0.0	2529.1188815662895	12.0
0.5733348511989697	0.21625499207061746	0.10738904587268162	7.0	0.0	2427.719637388209	12.0
0.5400949993837368	0.5722973747138214	0.11210019099233824	2.0	0.0	2933.2314689198956	12.0
0.07539345497360486	0.3849836367053547	0.1170115502716217	3.0	0.0	3530.246559355217	12.0
0.32573808439774177	0.16650393637429756	0.11423607005133708	5.0	0.0	3183.82182730582	12.0
0.40906031582297453	0.7834837017917642	0.10747490106603295	8.0	0.0	2436.367892382284	12.0
0.7511405780140832	0.6258605274846842	0.09757752034670843	4.0	0.0	1568.3212402695642	12.0
0.3887390171485735	0.4165896771279812	0.10444272294212176	6.0	0.0	2143.1876563426417	12.0
0.07479889167031722	0.4085882538409449	0.11712856182189331	3.0	0.0	3545.37866956201	13.0
0.5381121180033696	0.5806958693318915	0.11221229118333056	2.0	0.0	2946.044438070975	13.0
0.08135943671123319	0.15385558068556396	0.08358088976811494	9.0	0.0	733.7977371482343	13.0
0.32673270654099734	0.17170724883918734	0.11435030612138841	5.0	0.0	3197.6122099590475	13.0
0.9053449373032822	0.8324671745980382	0.10489245847046111	10.0	0.0	2185.0980285437577	13.0
0.21793885158223	0.9104051752618953	0.11311071813488427	1.0	0.0	3050.0844623706143	13.0
0.413406913218635	0.7836052973102552	0.10758237596709898	8.0	0.0	2447.2228320106838	13.0
0.8822880599655865	0.1928283081879279	0.10849154553529337	11.0	0.0	2540.3415767321912	13.0
0.37086018121554587	0.42495337651561677	0.10454716566506386	6.0	0.0	2152.8723506882616	13.0
0.5715538100828916	0.1905784311040982	0.10749643491855429	7.0	0.0	2438.5402296722596	13.0
0.7719355010586719	0.6365634855467475	0.09767509786705512	4.0	0.0	1575.6691655023697	13.0
0.08443330746845121	0.15645508322422155	0.08366447065788304	9.0	0.0	737.5916392061027	14.0
0.881299941151463	0.18985735834827883	0.10860003708082866	11.0	0.0	2551.608695016964	14.0
0.33076026369997674	0.15473128989857354	0.11446465642750979	5.0	0.0	3211.4562063382537	14.0
0.4141640892844837	0.7791939389537491	0.10768995834306606	8.0	0.0	2458.120869018525	14.0
0.07782863466768841	0.4061226858862459	0.11724569038371518	3.0	0.0	3560.569156718102	14.0
0.8971048725647124	0.8262637126949443	0.10499735092893156	10.0	0.0	2194.9507848253875	14.0
0.5878254271892168	0.18825793357807283	0.10760393135347283	7.0	0.0	2449.4037953802813	14.0
0.3697978299434831	0.4288769267245336	0.10465171283072891	6.0	0.0	2162.5959052357343	14.0
0.5659661264962988	0.5756436996784958	0.11232450347451388	2.0	0.0	2958.907535045477	14.0
0.7836904995207066	0.6413568709277979	0.09777277296492216	4.0	0.0	1583.0473883700952	14.0
0.21525908116936934	0.911827390536817	0.11322382885301914	1.0	0.0	3063.3539756042283	14.0
0.9019197614633361	0.8251373751902605	0.10510234827986048	10.0	0.0	2204.84301165982	15.0
0.8814419279661626	0.16730494871501364	0.10870863711790947	11.0	0.0	2562.920396387806	15.0
0.7859989449399454	0.64233227239334	0.09787054573788707	4.0	0.0	1590.4560209299489	15.0
0.41305510436231474	0.7815452701528267	0.10779764830140912	8.0	0.0	2469.06215890602	15.0
0.3678809440790292	0.4191802825300083	0.10475636454355963	6.0	0.0	2172.358461171451	15.0
0.2194467145557749	0.9272934517918626	0.11333705268187215	1.0	0.0	3076.6752466922185	15.0
0.5983888917715415	0.19674436612925947	0.1077115352848263	7.0	0.0	2460.3104895945576	15.0
0.08673656506271925	0.162259631759826	0.08374813512854092	9.0	0.0	741.4024091704506	15.0
0.5812514649864016	0.5549360500406293	0.11243682797798837	2.0	0.0	2971.82093897627	15.0
0.3360171634146069	0.15620808470219152	0.11457912108393728	5.0	0.0	3225.354007247208	15.0
0.08373096990135931	0.4078612733938284	0.11736293607409888	3.0	0.0	3575.818227530874	15.0
0.08506347688252784	0.4047889328414113	0.11748029901017297	3.0	0.0	3591.126089396804	16.0
0.883440547991882	0.1699771827411843	0.10881734575502737	11.0	0.0	2574.276841350567	16.0
0.3652063056245239	0.419823742274121	0.10486112090810318	6.0	0.0	2182.160160159711	16.0
0.20423134026711917	0.9161360548831607	0.11345038973455401	1.0	0.0	3090.048460228409	16.0
0.5789383639538893	0.5499505719692315	0.11254926480596635	2.0	0.0	2984.7848295966746	16.0
0.4061707343453804	0.7828387797047034	0.10790544594971051	8.0	0.0	2480.046857697599	16.0
0.9027791841933934	0.8478778548503447	0.10520745062814033	10.0	0.0	2214.7748522989655	16.0
0.5986908551844107	0.20073366317800195	0.10781924682011111	7.0	0.0	2471.2604679202395	16.0
0.085613167997948	0.16662584372547226	0.08383188326366944	9.0	0.0	745.2301125922044	16.0
0.3380617557602329	0.15776760271932602	0.1146937002050212	5.0	0.0	3239.3058041276868	16.0
0.7945966932384085	0.6185029000167143	0.09796841628362495	4.0	0.0	1597.8951756224133	16.0
0.33302683781338677	0.16260058271258704	0.11480839390522621	5.0	0.0	3253.3117890615167	17.0
0.07438675000791946	0.4101151835598342	0.11759777930918312	3.0	0.0	3606.492950403672	17.0
0.3813875256028936	0.41427171910154725	0.10496598202901126	6.0	0.0	2192.0011443442745	17.0
0.7931044538624088	0.616771775136443	0.09806638469990855	4.0	0.0	1605.3649652724996	17.0
0.5713863784663838	0.5424223219507648	0.1126618140707723	2.0	0.0	2997.799387242391	17.0
0.3920250847517038	0.7775834657793738	0.1080133513956602	8.0	0.0	2491.0751219436074	17.0
0.9010144772322612	0.8447226680343919	0.10531265807876845	10.0	0.0	2224.746450479335	17.0
0.610463608172156	0.21873365777240517	0.10792706606693121	7.0	0.0	2482.253886487037	17.0
0.875376612053792	0.1752151670433196	0.10892616310078239	11.0	0.0	2585.678190951482	17.0
0.19389091761131297	0.9328502374350485	0.11356384012428855	1.0	0.0	3103.4738014246523	17.0
0.08631330723821526	0.1565322149341493	0.0839157151469331	9.0	0.0	749.0748152528902	17.0
0.3895323772427604	0.7803671328455862	0.10812136474705586	8.0	0.0	2502.147108722001	18.0
0.08491743479524294	0.3888385093724141	0.11771537708849229	3.0	0.0	3621.9190193327877	18.0
0.3216794886273421	0.1726976807465444	0.11492320229913142	5.0	0.0	3267.3721547726423	18.0
0.6215869996777585	0.2401792679711675	0.10803499313299814	7.0	0.0	2493.290901950914	18.0
0.18917701627390088	0.9381143656407243	0.11367740396441282	1.0	0.0	3116.9514561128185	18.0
0.8813258294997726	0.823554321378307	0.10541797073684721	10.0	0.0	2234.7579504236096	18.0
0.8858470859794335	0.1510735587070067	0.10903508926388315	11.0	0.0	2597.1246067789193	18.0
0.08505555212209914	0.15452750859288883	0.08399963086208002	9.0	0.0	752.9365831653955	18.0
0.5706187499207851	0.5452573815206623	0.11277447588484306	2.0	0.0	3010.8647928534415	18.0
0.7918013961626048	0.6145093338615361	0.09816445108460845	4.0	0.0	1612.865503090998	18.0
0.3945368533376585	0.39736590810324657	0.10507094801104026	6.0	0.0	2201.881556349915	18.0
0.3085441999512222	0.17674722449772043	0.11503812550143054	5.0	0.0	3281.4870946291853	19.0
0.18414140623543668	0.9558251578482201	0.11379108136837722	1.0	0.0	3130.481610746791	19.0
0.5683590025712338	0.5446986622224104	0.11288725036072789	2.0	0.0	3023.981227976118	19.0
0.3941763681434081	0.3943667032048697	0.10517601895905129	6.0	0.0	2211.8015392839725	19.0
0.39691582537568315	0.7571973222703047	0.1082294861118029	8.0	0.0	2513.2629756400506	19.0
0.885889054726443	0.14440747230768466	0.10914412435314702	11.0	0.0	2608.616250965131	19.0
0.8851461871045453	0.8245244619274684	0.10552338870758404	10.0	0.0	2244.8094968422124	19.0
0.08588992439907858	0.3857867645098978	0.11783309246558077	3.0	0.0	3637.4045056612063	19.0
0.09923921469453247	0.13720995518309956	0.0840836304929421	9.0	0.0	756.8154825747392	19.0
0.7918013961626048	0.6201448544212717	0.09826261553569304	4.0	0.0	1620.3969026757356	19.0
0.6319245531653049	0.24635188430074573	0.10814302812613112	7.0	0.0	2504.3716714957854	19.0
0.09638560246222945	0.3623982616518593	0.11795092555804634	3.0	0.0	3652.949619563971	20.0
0.891821510584495	0.8286252287055214	0.10562891209629162	10.0	0.0	2254.9012349348905	20.0
0.6503914072750425	0.24300235994231859	0.10825117115425724	7.0	0.0	2515.496352835228	20.0
0.10903582597122427	0.13767287886398563	0.08416771412343503	9.0	0.0	760.7115799588373	20.0
0.5678411796916899	0.5398789594784933	0.1130001376110886	2.0	0.0	3037.1488747649314	20.0
0.4213053595107888	0.7660840486556837	0.10833771559791469	8.0	0.0	2524.4228808360576	20.0
0.39051939849648415	0.39544389748341224	0.10528119497801033	6.0	0.0	2221.761236737922	20.0
0.8808182457699855	0.17093513774236613	0.10925326847750015	11.0	0.0	2620.153286188004	20.0
0.17648378606240547	0.9601397933407385	0.11390487244974558	1.0	0.0	3144.064452404463	20.0
0.3050077213321303	0.17731990749780965	0.11515316362693195	5.0	0.0	3295.6568026455143	20.0
0.7886022818798388	0.62595016199017	0.09836087815122872	4.0	0.0	1627.9592780128364	20.0
0.1806395600441142	0.9569283801897449	0.11401877732219531	1.0	0.0	3157.700168789755	21.0
0.4169849399448502	0.7620909243815517	0.10844605331351259	8.0	0.0	2535.6269829810626	21.0
0.5876230453832468	0.5316667976842046	0.11311313774869967	2.0	0.0	3050.3679159845706	21.0
0.8128500423433542	0.6412698211748284	0.09845923902937995	4.0	0.0	1635.5527434779883	21.0
0.3875743410769303	0.40130117650708597	0.10538647617298834	6.0	0.0	2231.760792788937	21.0
0.8954877139979787	0.8301743319040136	0.1057345410083879	10.0	0.0	2265.0333103922962	21.0
0.11752357983989499	0.12375829581102062	0.08425188183755845	9.0	0.0	764.6249420292753	21.0
0.649770036270115	0.23542728277512348	0.10835942232541149	7.0	0.0	2526.6651042141875	21.0
0.32346209035208623	0.18151453791768496	0.11526831679055888	5.0	0.0	3309.881473484326	21.0
0.8797006311646928	0.17409487141110275	0.10936252174597764	11.0	0.0	2631.735875672831	21.0
0.09814032682055296	0.3614527827342469	0.11806887648360438	3.0	0.0	3668.5545719163415	21.0
0.39256974119368393	0.4098495733446028	0.10549186264916131	6.0	0.0	2241.800352001463	22.0
0.8834611267754646	0.16598979163223587	0.10947188426772361	11.0	0.0	2643.364183194064	22.0
0.6555974661857287	0.2432187870657014	0.10846778174773689	7.0	0.0	2537.878084410695	22.0
0.8861088863922211	0.8417504806885046	0.10584027554939628	10.0	0.0	2275.2058693975778	22.0
0.09755000525763458	0.3565413595985368	0.11818694536008797	3.0	0.0	3684.2195742960507	22.0
0.10861248958427544	0.12339342757919484	0.08433613371939601	9.0	0.0	768.555635732083	22.0
0.5912759416397895	0.5278372134960898	0.11322625088644836	2.0	0.0	3063.6385350118653	22.0
0.41479255829541983	0.7630172847174124	0.1085544993668261	8.0	0.0	2546.87544128057	22.0
0.3174125984327675	0.1776389852949102	0.11538358510734942	5.0	0.0	3324.1613024587223	22.0
0.2047522745888152	0.9725909575262571	0.1141327960995175	1.0	0.0	3171.3889482346153	22.0
0.8067972488552035	0.6526518985069104	0.09855769826840932	4.0	0.0	1643.1774138377098	22.0
0.80209959031547	0.6466221420336224	0.09865625596667772	4.0	0.0	1650.8334042506237	23.0
0.1874802533376016	0.9798890095836733	0.11424692889561701	1.0	0.0	3185.1309797010526	23.0
0.430772830189034	0.7799831012208706	0.1086630538661929	8.0	0.0	2558.1684154762706	23.0
0.3265957682386454	0.18251270294901964	0.11549896869245675	5.0	0.0	3338.4964855343105	23.0
0.8920122909074077	0.1661782489095535	0.10958135615199133	11.0	0.0	2655.0383730770986	23.0
0.6039906110480603	0.5221065845863129	0.11333947713733479	2.0	0.0	3076.9609158377575	23.0
0.10540516281831362	0.35178365645010085	0.11830513230544805	3.0	0.0	3699.9448389855515	23.0
0.8980423811971064	0.8471546705669069	0.10594611582494566	10.0	0.0	2285.4190586279733	23.0
0.10639824546586797	0.13497712707728432	0.0844204698531154	9.0	0.0	772.5037282485087	23.0
0.6758802007309571	0.2642162937973787	0.10857624952948461	7.0	0.0	2549.1354527375906	23.0
0.38863140332989016	0.41394365910210995	0.10559735451181046	6.0	0.0	2251.880059428797	23.0
0.6724845513075263	0.2661295500299198	0.10868482577901409	7.0	0.0	2560.4373690442503	24.0
0.8972520008833653	0.17568654567348102	0.10969093750814331	11.0	0.0	2666.758610200044	24.0
0.1739154696700282	0.9667031869228055	0.1143611758245126	1.0	0.0	3198.9264527831515	24.0
0.8863350297748435	0.854551338560801	0.10605206194077059	10.0	0.0	2295.67302525641	24.0
0.31955517885652784	0.17701897254735996	0.11561446766114919	5.0	0.0	3352.8872193312923	24.0
0.1028439306742683	0.1337073445946056	0.0845048903229685	9.0	0.0	776.4692869957992	24.0
0.07856072626630872	0.347955367706614	0.11842343743775348	3.0	0.0	3715.730578974281	24.0
0.37255188278592627	0.40899273162346816	0.10570295186632225	6.0	0.0	2262.0000606146673	24.0
0.803463128970711	0.6511952265420544	0.09875491222264439	4.0	0.0	1658.5208302687367	24.0
0.6047948605517078	0.526976974058873	0.11345281661447211	2.0	0.0	3090.335243069279	24.0
0.4108478169940096	0.7915426333064637	0.10877171692005909	8.0	0.0	2569.5060658477796	24.0
0.14960097030104452	0.9641682642060543	0.11447553700033711	1.0	0.0	3212.775557709117	25.0
0.31919646323887574	0.17323179250174514	0.11573008212881032	5.0	0.0	3367.3337011265694	25.0
0.9119486119171214	0.1830181779233503	0.10980062844565144	11.0	0.0	2678.5250599955125	25.0
0.4004169554920785	0.7900550867306452	0.10888048863697913	8.0	0.0	2580.8885532143645	25.0
0.8858574345708026	0.8521354040242315	0.10615811400271134	10.0	0.0	2305.9679169531046	25.0
0.8035904936702858	0.654565319348304	0.09885366713486703	4.0	0.0	1666.239807838719	25.0
0.5937415492054253	0.5279186967139803	0.11356626943108657	2.0	0.0	3103.76170193153	25.0
0.6749075558063881	0.2538726843798146	0.10879351060479309	7.0	0.0	2571.7839937183157	25.0
0.10418157737232159	0.13554359065926316	0.08458939521329145	9.0	0.0	780.4523796279814	25.0
0.07616461613226755	0.350198095273255	0.11854186087519122	3.0	0.0	3731.5770079609274	25.0
0.3686703871359002	0.41187677515938875	0.10580865481818856	6.0	0.0	2272.1605015948226	25.0
0.3880160822781519	0.4103511721294991	0.10591446347300673	6.0	0.0	2282.3615288986243	26.0
0.6787475355216853	0.2527678077635197	0.10890230411539786	7.0	0.0	2583.175487687437	26.0
0.07646181747296166	0.3738000780212249	0.1186604027360664	3.0	0.0	3747.4843403557024	26.0
0.37315134801069894	0.7822099587954005	0.1089893691256161	8.0	0.0	2592.3160389366967	26.0
0.8072363747944856	0.6577281485903816	0.09895252080200188	4.0	0.0	1673.9904533031854	26.0
0.603978329970282	0.5316486355156178	0.11367983570051764	2.0	0.0	3117.2404782696726	26.0
0.900470940497372	0.8587486132861792	0.10626427211671405	10.0	0.0	2316.303881887181	26.0
0.9130056932532475	0.185334617231521	0.10991042907409708	11.0	0.0	2690.3378884524022	26.0
0.10144085958721516	0.13708782998733052	0.08467398460850474	9.0	0.0	784.4530740366457	26.0
0.14620032840725974	0.9658115824696312	0.11459001253733743	1.0	0.0	3226.6784853433023	26.0
0.31234384158647055	0.17732353474646623	0.11584581221093912	5.0	0.0	3381.836128855857	26.0
0.826514007562958	0.6594397186054209	0.09905147332280387	4.0	0.0	1681.7728834019917	27.0
0.9138138227430964	0.19022738887076604	0.11002033950317117	11.0	0.0	2702.1972621176997	27.0
0.37734226203406707	0.7848577651611393	0.10909835849474171	8.0	0.0	2603.788684918593	27.0
0.08078993756574972	0.36690158905101755	0.11877906313880246	3.0	0.0	3763.452791282628	27.0
0.6888527714246726	0.2523540447502027	0.10901120641951324	7.0	0.0	2594.612012421012	27.0
0.3023266742065313	0.1737448917700002	0.11596165802315005	5.0	0.0	3396.3947011157925	27.0
0.15114271817025754	0.9900110421212615	0.11470460254987476	1.0	0.0	3240.6354271882633	27.0
0.610724609381763	0.5249235592839315	0.11379351553621814	2.0	0.0	3130.7717585509236	27.0
0.8982137593307957	0.8679033157356432	0.10637053638883075	10.0	0.0	2326.6810687282705	27.0
0.3857649476383891	0.4129296746805865	0.10602037793647973	6.0	0.0	2292.6032895506437	27.0
0.10593945592289171	0.12949966644197358	0.08475865859311324	9.0	0.0	788.471438351731	27.0
0.91141137324839	0.18670137192284478	0.11013035984267433	11.0	0.0	2714.1033480982724	28.0
0.34807025227730176	0.7847656198359275	0.10920745685323645	8.0	0.0	2615.3066536087704	28.0
0.07168226222035229	0.36675822748325937	0.11889784220194125	3.0	0.0	3779.4825765818186	28.0
0.38765839226365023	0.39994517869744595	0.1061263983144162	6.0	0.0	2302.885931072264	28.0
0.30216394787468526	0.17805065971176562	0.11607761968117318	5.0	0.0	3411.0096171660684	28.0
0.9042030985865334	0.8829973332231568	0.10647690692521956	10.0	0.0	2337.0996266481475	28.0
0.1542457207365619	0.9926351807678289	0.11481930715242462	1.0	0.0	3254.6465753868047	28.0
0.10405434122374851	0.12701200263620654	0.08484341725170634	9.0	0.0	792.5075409423146	28.0
0.6047891998205432	0.5300725716308584	0.11390730905175435	2.0	0.0	3144.355729866556	28.0
0.8280898852612479	0.6666889051453129	0.09915052479612665	4.0	0.0	1689.5872152735237	28.0
0.6913028973992835	0.2525627911670793	0.10912021762593274	7.0	0.0	2606.09372993194	28.0
0.8957465334071399	0.8634991628555809	0.10658338383214477	10.0	0.0	2347.559705322341	29.0
0.3877095618194372	0.40197664913410236	0.1062325247127306	6.0	0.0	2313.209601483288	29.0
0.1633089318405775	0.9921497076378625	0.11493412645957704	1.0	0.0	3268.712122724042	29.0
0.6897351361341556	0.23530767494170732	0.10922933784355866	7.0	0.0	2617.6208027783696	29.0
0.9249014728965315	0.18547053338763902	0.11024049020251699	11.0	0.0	2726.0563140626778	29.0
0.3115347417371107	0.17429067387112204	0.11619369730085434	5.0	0.0	3425.6810769315543	29.0
0.34968522740373664	0.7862026569717961	0.10931666431008967	8.0	0.0	2626.870108002606	29.0
0.1121747341129298	0.10268231380970318	0.08492826066895803	9.0	0.0	796.5614504174036	29.0
0.07393479711548377	0.36767675315312665	0.11901674004414317	3.0	0.0	3795.573912811786	29.0
0.8264201575267479	0.6652947894174014	0.09924967532092277	4.0	0.0	1697.4335664559958	29.0
0.607844989723902	0.541949250731193	0.11402121636080609	2.0	0.0	3157.9925799339053	29.0
