# x	y	r	id	split_id	s_prob	t
2.0	0.5	0.0	-1.0	0.0	0.0	0.0
0.47973161499350003	0.37059415726619305	0.03218008490210331	1.0	0.0	0.0	0.0
0.7372960152299446	0.2184253590635479	0.03270216943495296	2.0	0.0	0.0	0.0
0.5996160977126547	0.7670239452076588	0.03500282164110005	3.0	0.0	1.4377121715369867e-10	0.0
0.7696625629476158	0.508885957806798	0.030154393887801043	4.0	0.0	0.0	0.0
0.13103215063529478	0.21516742763925495	0.03030794232137926	5.0	0.0	0.0	0.0
0.3718414424973623	0.9406035079105279	0.03347816647456692	6.0	0.0	0.0	0.0
0.7397905856922831	0.06937477393882578	0.03303339796824134	7.0	0.0	0.0	0.0
0.8638954661936207	0.6680716849000528	0.030821125948813248	8.0	0.0	0.0	0.0
0.15668474012067138	0.8620245383468669	0.03217776971332822	9.0	0.0	0.0	0.0
0.9762476144736646	0.6867052636804194	0.03430930171106034	10.0	0.0	0.0	0.0
0.9212948442844684	0.2051225451476873	0.03024104259831732	11.0	0.0	0.0	0.0
0.19410329705574805	0.5757725777935303	0.03238200008417644	12.0	0.0	0.0	0.0
0.84493368967242	0.316703075404191	0.032421899719598565	13.0	0.0	0.0	0.0
0.65551167584385	0.615916115837313	0.03250175008411299	14.0	0.0	0.0	0.0
0.5745153592422299	0.1287369309874408	0.03430036122588837	15.0	0.0	0.0	0.0
0.5097435054692132	0.2045521203667977	0.03179201726749549	16.0	0.0	0.0	0.0
0.2620763815203964	0.04395302907275045	0.033404148198407584	17.0	0.0	0.0	0.0
0.4473021989831003	0.6443732655078375	0.03227475965598919	18.0	0.0	0.0	0.0
0.9517493222978803	0.7534170290106801	0.03358712602556493	19.0	0.0	0.0	0.0
0.8133804143312672	0.4011526454298391	0.03325409223876519	20.0	0.0	0.0	0.0
0.9156578032871434	0.9144105180559742	0.03225353019872702	21.0	0.0	0.0	0.0
0.5858884856063492	0.30928044573726976	0.031025556126616224	22.0	0.0	0.0	0.0
0.6868987516913576	0.7061296661623282	0.031450361469420804	23.0	0.0	0.0	0.0
0.9413278283124216	0.06075658030266951	0.03288943855496739	24.0	0.0	0.0	0.0
0.8515101011035634	0.1702102291210118	0.03448514871556624	25.0	0.0	0.0	0.0
0.8459615398717181	0.07707079672737635	0.03346429827157873	26.0	0.0	0.0	0.0
0.2835427173831099	0.11835895845015659	0.03254241142011584	27.0	0.0	0.0	0.0
0.32756281679085486	0.6493624064325144	0.02980929433369858	28.0	0.0	0.0	0.0
0.16105023842976365	0.3387883838713779	0.03183049198082378	29.0	0.0	0.0	0.0
0.5090428179259768	0.4416894154428388	0.03281580080574877	30.0	0.0	0.0	0.0
0.19615603782397867	0.2534942807095115	0.030992103354381084	31.0	0.0	0.0	0.0
0.5277520963935152	0.767230860778006	0.028167836751743877	32.0	0.0	0.0	0.0
0.9114295777035177	0.12676981644389215	0.03001007944514054	33.0	0.0	0.0	0.0
0.6137399522723089	0.18589546893691763	0.03357489338768269	34.0	0.0	0.0	0.0
0.33379924294670105	0.7977893489416519	0.03304404079744146	35.0	0.0	0.0	0.0
0.7106995627855783	0.48091640697882393	0.03202755926903739	36.0	0.0	0.0	0.0
0.9430980783728663	0.3350465281778703	0.03282285361680048	37.0	0.0	0.0	0.0
0.5684162346005713	0.24017360060369833	0.0317001922264005	38.0	0.0	0.0	0.0
0.5770198630246994	0.4529149825233618	0.032116073733691984	39.0	0.0	0.0	0.0
0.7684781460091752	0.8464334729572516	0.03335238330185419	40.0	0.0	0.0	0.0
0.9081740919001281	0.431711133593485	0.0328701472027938	41.0	0.0	0.0	0.0
0.11053518656741014	0.09307319333104101	0.035916368036540906	42.0	0.0	0.004924813299666653	0.0
0.10616968825831785	0.4067654289701005	0.03511380587209252	43.0	0.0	9.433524624569145e-06	0.0
0.6005358640302866	0.6851454586610825	0.03540440368651335	44.0	0.0	0.0004232776055772547	0.0
0.72856501861176	0.9655492125339123	0.029400673352287087	45.0	0.0	0.0	0.0
0.35687401972333166	0.725446805533837	0.03036161009399479	46.0	0.0	0.0	0.0
0.40364721589217745	0.8196168404871133	0.03299580768815886	47.0	0.0	0.0	0.0
0.5420958765519612	0.8757446758897284	0.03296805675953553	48.0	0.0	0.0	0.0
0.5589342271727458	0.6113202068818531	0.033381622464579624	49.0	0.0	0.0	0.0
0.8355191275806899	0.24465629996493365	0.029337721207568973	50.0	0.0	0.0	0.0
0.8414443320325747	0.5358594503961152	0.03340202289888587	51.0	0.0	0.0	0.0
0.6530213997020815	0.2584683519071668	0.03422141274474859	52.0	0.0	0.0	0.0
0.197214001813102	0.25323270062725317	0.03102309545773546	31.0	0.0	0.0	1.0
0.8431664047626478	0.08090780081200193	0.033497762569850306	26.0	0.0	0.0	1.0
0.7364140795506554	0.2175007647977538	0.032734871604387906	2.0	0.0	0.0	1.0
0.8383907460784563	0.5370600080144037	0.03343542492178475	51.0	0.0	0.0	1.0
0.26065904593649775	0.045121348735976737	0.03343755234660599	17.0	0.0	0.0	1.0
0.09494135821347228	0.4142615701761979	0.03514891967796461	43.0	0.0	2.1136654041242764e-05	1.0
0.5673783688797351	0.1163452912487328	0.034334661587114255	15.0	0.0	0.0	1.0
0.4024333578543319	0.8199743936143125	0.03302880349584701	47.0	0.0	0.0	1.0
0.9510515338389315	0.050034485334741204	0.032922327993522356	24.0	0.0	0.0	1.0
0.7274863842805426	0.9652535110604256	0.02943007402563937	45.0	0.0	0.0	1.0
0.15929645351949964	0.8633274320642201	0.03220994748304154	9.0	0.0	0.0	1.0
0.3529975023325674	0.7270275494063514	0.03039197170408878	46.0	0.0	0.0	1.0
0.6018242866129103	0.686321322244306	0.03543980809019986	44.0	0.0	0.0005444645593399855	1.0
0.8514411972594471	0.16802206125128394	0.0345196338642818	25.0	0.0	0.0	1.0
0.4779509394912384	0.37121769201505295	0.03221226498700541	1.0	0.0	0.0	1.0
0.3622421287327087	0.9427854071390305	0.03351164464104148	6.0	0.0	0.0	1.0
0.10977261720932804	0.08894301822707588	0.03595228440457744	42.0	0.0	0.005526879424337494	1.0
0.284118220290747	0.11966332865253329	0.03257495383153595	27.0	0.0	0.0	1.0
0.19558121287515856	0.5760695774578707	0.03241438208426061	12.0	0.0	0.0	1.0
0.9442802225426907	0.7506421501552989	0.03362071315159049	19.0	0.0	0.0	1.0
0.6094883166685807	0.7583501935713272	0.035037824462741146	3.0	0.0	3.4633650614068756e-07	1.0
0.13140496210472652	0.21367970175949524	0.03033825026370064	5.0	0.0	0.0	1.0
0.33775044307601854	0.794655775734099	0.033077084838238895	35.0	0.0	0.0	1.0
0.9769678844134639	0.6836693606648826	0.0343436110127714	10.0	0.0	0.0	1.0
0.7372345192215557	0.07497602016722725	0.03306643136620958	7.0	0.0	0.0	1.0
0.5872647572549416	0.3058747398112632	0.031056581682742838	22.0	0.0	0.0	1.0
0.5029628249183229	0.4434803336931263	0.03284861660655452	30.0	0.0	0.0	1.0
0.7086308773858694	0.482852669301128	0.03205958682830642	36.0	0.0	0.0	1.0
0.3262940157874451	0.6496676523126104	0.029839103628032274	28.0	0.0	0.0	1.0
0.6545848901635422	0.256559407060674	0.03425563415749333	52.0	0.0	0.0	1.0
0.9405681191431152	0.33455466208739526	0.032855676470417275	37.0	0.0	0.0	1.0
0.7679408918548489	0.5020155290481346	0.03018454828168884	4.0	0.0	0.0	1.0
0.691527424435377	0.7060568074188995	0.03148181183089022	23.0	0.0	0.0	1.0
0.6149744936584859	0.18800808242827444	0.03360846828107037	34.0	0.0	0.0	1.0
0.8345579011448359	0.24437972646958186	0.02936705892877654	50.0	0.0	0.0	1.0
0.4464656663065109	0.6430764962560735	0.03230703441564517	18.0	0.0	0.0	1.0
0.7698481684872331	0.8474249044536388	0.033385735685156036	40.0	0.0	0.0	1.0
0.5157382654707708	0.7620652045995041	0.028196004588495617	32.0	0.0	0.0	1.0
0.8121633586996626	0.40090008587125014	0.03328734633100395	20.0	0.0	0.0	1.0
0.5775622231635154	0.4555705444934415	0.032148189807425676	39.0	0.0	0.0	1.0
0.9218832243336456	0.12079276084898179	0.03004008952458568	33.0	0.0	0.0	1.0
0.909263677632605	0.43056884539265927	0.03290301734999659	41.0	0.0	0.0	1.0
0.1602221018248428	0.33824301800474926	0.0318623224728046	29.0	0.0	0.0	1.0
0.8679389279759187	0.6679061237051102	0.03085194707476206	8.0	0.0	0.0	1.0
0.5411911881746424	0.8740782386863968	0.033001024816295056	48.0	0.0	0.0	1.0
0.9210922426723877	0.20833634803644058	0.030271283640915633	11.0	0.0	0.0	1.0
0.5565318081876508	0.6096943698710513	0.0334150040870442	49.0	0.0	0.0	1.0
0.5089474988260677	0.2067155563680313	0.03182380928476298	16.0	0.0	0.0	1.0
0.8515303326971468	0.3221407345193833	0.03245432161931816	13.0	0.0	0.0	1.0
0.568122357642885	0.23893492341791275	0.031731892418626895	38.0	0.0	0.0	1.0
0.9111732223167722	0.9134798919112678	0.032285783728925745	21.0	0.0	0.0	1.0
0.6534596792168115	0.6161169970388448	0.0325342518341971	14.0	0.0	0.0	1.0
0.9215588842101895	0.9180231604681294	0.03231806951265467	21.0	0.0	0.0	2.0
0.760504564479703	0.8409286038049626	0.03341912142084119	40.0	0.0	0.0	2.0
0.7205584992395525	0.9680785240099663	0.029459504099665006	45.0	0.0	0.0	2.0
0.3617549241942338	0.9446789836422232	0.03354515628568251	6.0	0.0	0.0	2.0
0.5559474187380119	0.6117497315912301	0.03344841909113124	49.0	0.0	0.0	2.0
0.7717634103984947	0.512822600183863	0.030214732829970527	4.0	0.0	0.0	2.0
0.28835264838394675	0.1206258032227179	0.03260752878536748	27.0	0.0	0.0	2.0
0.5678580227647502	0.11759994512269364	0.034368996248701364	15.0	0.0	0.0	2.0
0.6525030467672984	0.2575015263644977	0.03428988979165082	52.0	0.0	0.0	2.0
0.45221738683759094	0.6354863230997355	0.03233934145006081	18.0	0.0	0.0	2.0
0.25851703406813625	0.038076152304609215	0.07414829659318638	-2.0	-1.0	383.98882346200133	2.0
0.6514177944757475	0.6162134831373111	0.032566786086031294	14.0	0.0	0.0	2.0
0.5368648730949923	0.874337304058049	0.03303402584111135	48.0	0.0	0.0	2.0
0.26232055576316854	0.04671621956320373	0.03347098989895259	17.0	0.0	0.0	2.0
0.7077180065797106	0.4835132780749644	0.03209164641513472	36.0	0.0	0.0	2.0
0.9802585993044485	0.6731993974357913	0.034377954623784165	10.0	0.0	0.0	2.0
0.8387608748033003	0.5360732640420194	0.033468860346706535	51.0	0.0	0.0	2.0
0.5636585565391015	0.23942872726892123	0.03176362431104552	38.0	0.0	0.0	2.0
0.6895412029125082	0.7060505549944952	0.03151329364272111	23.0	0.0	0.0	2.0
0.8363544505995316	0.07461188924418535	0.033531260332420154	26.0	0.0	0.0	2.0
0.11211886253555609	0.08615084095154546	0.03598823668898202	42.0	0.0	0.006176790820163092	2.0
0.9105755064829834	0.4391846093355099	0.03293592036734658	41.0	0.0	0.0	2.0
0.8551302110947098	0.16910869444227905	0.03455415349814608	25.0	0.0	0.0	2.0
0.15918948592816967	0.8654494324181631	0.032242157430524575	9.0	0.0	0.0	2.0
0.5153192068930923	0.761064661445885	0.02822420059308411	32.0	0.0	0.0	2.0
0.9291246604493016	0.12661035588991845	0.03007012961411026	33.0	0.0	0.0	2.0
0.47738910515456523	0.3720767107198193	0.032244477251992414	1.0	0.0	0.0	2.0
0.09372199063840575	0.41324347634007047	0.035184068597642566	43.0	0.0	3.991343311327e-05	2.0
0.128668734996226	0.21220537045918866	0.030368588513964335	5.0	0.0	0.0	2.0
0.6177132482867942	0.18247457809473372	0.033642076749351435	34.0	0.0	0.0	2.0
0.5048359356948486	0.2053048163984528	0.031855633094047736	16.0	0.0	0.0	2.0
0.9497325104901706	0.051624421753086784	0.032955250321515875	24.0	0.0	0.0	2.0
0.32533224987600995	0.650688732809946	0.029868942731660304	28.0	0.0	0.0	2.0
0.9431851535671584	0.7534452604075251	0.03365433386474207	19.0	0.0	0.0	2.0
0.5795196309852576	0.4608905083242951	0.0321803379972331	39.0	0.0	0.0	2.0
0.8434729125125754	0.24106767048550765	0.029396425987705314	50.0	0.0	0.0	2.0
0.4016519919107054	0.8211690659884094	0.033061832299342855	47.0	0.0	0.0	2.0
0.6003384647349951	0.6869713037176397	0.035475247898290055	44.0	0.0	0.0006869744559452329	2.0
0.8532291654152971	0.3218325996558855	0.032486775940937476	13.0	0.0	0.0	2.0
0.5044124816944139	0.4430829185243949	0.03288146522316107	30.0	0.0	0.0	2.0
0.864589195214867	0.6655771646555856	0.030882799021836816	8.0	0.0	0.0	2.0
0.6112416182809706	0.7598711958807662	0.03507286228720388	3.0	0.0	2.4756450329732616e-06	2.0
0.5896997391195526	0.3062063648500508	0.031087638264425576	22.0	0.0	0.0	2.0
0.9344748460863355	0.33731211741790623	0.03288853214688769	37.0	0.0	0.0	2.0
0.19516330413512253	0.2536448056429952	0.031054118553193195	31.0	0.0	0.0	2.0
0.35523382336509235	0.7288241557619101	0.030422363675792867	46.0	0.0	0.0	2.0
0.9245920918600993	0.2002668003802468	0.030301554924556544	11.0	0.0	0.0	2.0
0.728789421253638	0.21709234810240205	0.03276760647599229	2.0	0.0	0.0	2.0
0.33647987651760525	0.8008768601971712	0.03311016192307713	35.0	0.0	0.0	2.0
0.7341628625883355	0.08008366296739079	0.03309949779757578	7.0	0.0	0.0	2.0
0.8072235129379458	0.40125836403403947	0.03332063367733495	20.0	0.0	0.0	2.0
0.15647719524875714	0.33289274594811247	0.0318941847952774	29.0	0.0	0.0	2.0
0.19633723955464688	0.5733454683850298	0.032446796466344865	12.0	0.0	0.0	2.0
0.3548769694997266	0.725056631373205	0.030452786039468657	46.0	0.0	0.0	3.0
0.62026612246051	0.18055266871871745	0.033675718826100785	34.0	0.0	0.0	3.0
0.3379210120799275	0.800257206826865	0.0331432720850002	35.0	0.0	0.0	3.0
0.8545889046320538	0.3244541415839789	0.03251926271687841	13.0	0.0	0.0	3.0
0.4093403596548763	0.8089147572019137	0.0330948941316422	47.0	0.0	0.0	3.0
0.15727172314361385	0.3370492760706759	0.03192607898007267	29.0	0.0	0.0	3.0
0.5375468718331978	0.8734373144832058	0.03306705986695246	48.0	0.0	0.0	3.0
0.29408567796164775	0.11928468687200183	0.03264013631415285	27.0	0.0	0.0	3.0
0.8371614163925222	0.07689335279481885	0.03356479159275257	26.0	0.0	0.0	3.0
0.11371127070038638	0.08271868823755273	0.03602422492567099	42.0	0.0	0.006876477020227867	3.0
0.9519913856511822	0.05301208787052193	0.03298820557183739	24.0	0.0	0.0	3.0
0.5056343208083018	0.4427146389934528	0.03291434668838423	30.0	0.0	0.0	3.0
0.6543640841566806	0.6165019115895649	0.03259935287211732	14.0	0.0	0.0	3.0
0.6503709937438187	0.2561356457587803	0.03432417968144247	52.0	0.0	0.0	3.0
0.8064002816867271	0.40190284212440136	0.03335395431101228	20.0	0.0	0.0	3.0
0.8543430849437965	0.16814765218051692	0.03458870765164422	25.0	0.0	0.0	3.0
0.7241043903511597	0.20731884743690657	0.03280037408246828	2.0	0.0	0.0	3.0
0.5631300223227893	0.2403599042609702	0.031795387935356564	38.0	0.0	0.0	3.0
0.8384329083480209	0.5350440808599789	0.03350232920705324	51.0	0.0	0.0	3.0
0.7604668332759864	0.8397303802701552	0.03345254054226203	40.0	0.0	0.0	3.0
0.8421114315407456	0.24237454586411838	0.029425822413693015	50.0	0.0	0.0	3.0
0.8667898777306893	0.666077374108175	0.038642102276073315	8.0	0.0	0.0	3.0
0.9240835600399769	0.1199579420950368	0.030100199743724368	33.0	0.0	0.0	3.0
0.2609008778752685	0.04616834870332412	0.03350446088885154	17.0	0.0	0.0	3.0
0.19369329215458003	0.25314042212983345	0.031085172671746385	31.0	0.0	0.0	3.0
0.5162471529991934	0.7653333013469339	0.02825242479367719	32.0	0.0	0.0	3.0
0.7208644090967006	0.9643492048822215	0.029488963603764667	45.0	0.0	0.0	3.0
0.565345386442676	0.11348080037293265	0.03440336524495006	15.0	0.0	0.0	3.0
0.4509397064238264	0.6332679432807331	0.032371680791510864	18.0	0.0	0.0	3.0
0.5895829783588636	0.3049736501277693	0.03111872590269	22.0	0.0	0.0	3.0
0.9114333852502761	0.43869410212140303	0.03296885628771392	41.0	0.0	0.0	3.0
0.6897464389078112	0.7076718814675373	0.03154480693636383	23.0	0.0	0.0	3.0
0.7064133143365308	0.49033870565851095	0.03212373806154985	36.0	0.0	0.0	3.0
0.5039264715593887	0.20835687883596554	0.03188748872714178	16.0	0.0	0.0	3.0
0.9222504758192207	0.19793254390793874	0.030331856479481098	11.0	0.0	0.0	3.0
0.556196746721747	0.6105669750732793	0.03348186751022237	49.0	0.0	0.0	3.0
0.12748494817412387	0.2111652929516783	0.030398957102478297	5.0	0.0	0.0	3.0
0.33562784985142957	0.6545876366847774	0.02989881167439196	28.0	0.0	0.0	3.0
0.7331911115272645	0.08201633058482091	0.03313259729537335	7.0	0.0	0.0	3.0
0.9429975245971589	0.7555684845197198	0.03368798819860681	19.0	0.0	0.0	3.0
0.0721442885771543	0.35871743486973945	0.03987975951903807	-2.0	-1.0	0.7436613895499136	3.0
0.4766292651327263	0.37537161973053934	0.0322767217292444	1.0	0.0	0.0	3.0
0.5898327707878243	0.453720121315673	0.032212518335230325	39.0	0.0	0.0	3.0
0.5999336657298121	0.6878887756422913	0.03551072314618834	44.0	0.0	0.0008525828572629734	3.0
0.9356445127413429	0.33662365450759174	0.03292142067903457	37.0	0.0	0.0	3.0
0.3648927108895617	0.9439865188353843	0.033578701441968194	6.0	0.0	0.0	3.0
0.6120660444503478	0.7592505337262923	0.03510793514949108	3.0	0.0	8.047642324982007e-06	3.0
0.9209224801500487	0.9213524742193775	0.032350387582167316	21.0	0.0	0.0	3.0
0.775388408772453	0.5151772424731664	0.030244947562800495	4.0	0.0	0.0	3.0
0.9879347789153876	0.6846193924912329	0.03441233257840794	10.0	0.0	0.0	3.0
0.0945875296141492	0.42084849158385634	0.03521925266624021	43.0	0.0	6.745507414507301e-05	3.0
0.16068622837545654	0.8650187750050431	0.0322743995879551	9.0	0.0	0.0	3.0
0.19836469296344705	0.5688275039847357	0.03247924326281121	12.0	0.0	0.0	3.0
0.9330921537756013	0.3356015616129967	0.0329543420997136	37.0	0.0	0.0	4.0
0.1142426593310206	0.08458764027051409	0.036060249150596656	42.0	0.0	0.007627878619189232	4.0
0.8056099193343355	0.4144401007631218	0.03338730826532329	20.0	0.0	0.0	4.0
0.9273562677650814	0.11729465240376112	0.030130299943468088	33.0	0.0	0.0	4.0
0.8409986840626027	0.24228679451108226	0.029455248236106703	50.0	0.0	0.0	4.0
0.6576649303058155	0.6185873758575672	0.032631952224989436	14.0	0.0	0.0	4.0
0.9526264930036309	0.05060653157135255	0.033021193777409225	24.0	0.0	0.0	4.0
0.5682037017807154	0.1170158317290892	0.04304721076274376	15.0	0.0	0.0	4.0
0.704156935124619	0.49001692311257206	0.03215586179961139	36.0	0.0	0.0	4.0
0.45020522183759193	0.6397214556368246	0.03240405247230237	18.0	0.0	0.0	4.0
0.35249441475808785	0.7259208083003289	0.030483238825508123	46.0	0.0	0.0	4.0
0.49335940071911205	0.2023576061705597	0.03191937621586892	16.0	0.0	0.0	4.0
0.1651942400824527	0.8729610361716553	0.03230667398754305	9.0	0.0	0.0	4.0
0.2600877368729511	0.0469488766557929	0.033537965349740385	17.0	0.0	0.0	4.0
0.5580945229468356	0.6116362645486781	0.03351534937773259	49.0	0.0	0.0	4.0
0.508569173822694	0.4534633470276384	0.03294726103507261	30.0	0.0	0.0	4.0
0.41283079670786355	0.8077171350555923	0.03312798902577384	47.0	0.0	0.0	4.0
0.19207318577386165	0.5724775331472215	0.032511722506074016	12.0	0.0	0.0	4.0
0.8533248143267705	0.16912508251240443	0.04327912044911983	25.0	0.0	0.0	4.0
0.8557785625294374	0.3264323404257741	0.03255178197959529	13.0	0.0	0.0	4.0
0.85389876956154	0.5341639980942404	0.03353583153626029	51.0	0.0	0.0	4.0
0.5868755854582488	0.3086556876082562	0.031149844628592684	22.0	0.0	0.0	4.0
0.1259084921334572	0.2106901268806232	0.030429356059580772	5.0	0.0	0.0	4.0
0.09321120345023445	0.42162397346751285	0.04406808989863306	43.0	0.0	0.00010546286571866403	4.0
0.868594885255589	0.6672498289928924	0.03709641818503038	8.0	0.0	0.0	4.0
0.7338436708331221	0.08339992293530177	0.03316572989266872	7.0	0.0	0.0	4.0
0.6211236837053395	0.1759080051665024	0.033709394544926885	34.0	0.0	0.0	4.0
0.33043602511298487	0.6541997685168871	0.03741088810758293	28.0	0.0	0.0	4.0
0.47579810506205045	0.37763927769440386	0.032308998450973646	1.0	0.0	0.0	4.0
0.9179892283061195	0.2075906085454597	0.030362188335960577	11.0	0.0	0.0	4.0
0.6931260258791252	0.708484936467216	0.03157635174330019	23.0	0.0	0.0	4.0
0.9111736533930758	0.44163324814940924	0.03300182514400163	41.0	0.0	0.0	4.0
0.950114337757552	0.7639304746638949	0.03372167618680541	19.0	0.0	0.0	4.0
0.515838109665707	0.7635071274153282	0.028280677218470867	32.0	0.0	0.0	4.0
0.599783963488128	0.6766021915527618	0.035546233869334525	44.0	0.0	0.001043075751510969	4.0
0.5903508843489141	0.4520205594063	0.03224473085356555	39.0	0.0	0.0	4.0
0.5559739659447643	0.23611290871547103	0.031827183323291916	38.0	0.0	0.0	4.0
0.7607009392911827	0.8434439271673659	0.03348599308280429	40.0	0.0	0.0	4.0
0.6068441111819042	0.767321686334735	0.035143043084640564	3.0	0.0	1.873184582734666e-05	4.0
0.37754008181031745	0.9466942251767487	0.03361228014341016	6.0	0.0	0.0	4.0
0.995805588410416	0.6907811657055616	0.03444674491098635	10.0	0.0	0.0	4.0
0.6416046309916282	0.2584796568042293	0.03435850386112391	52.0	0.0	0.0	4.0
0.2956308979022092	0.10642859378213557	0.032672776450467	27.0	0.0	0.0	4.0
0.7227526486138729	0.20729757001898022	0.03283317445655075	2.0	0.0	0.0	4.0
0.7719241754168267	0.5257892554965632	0.030275192510363293	4.0	0.0	0.0	4.0
0.721858762854993	0.9756013898495226	0.029518452567368427	45.0	0.0	0.0	4.0
0.33898550117035636	0.8015079418232937	0.0331764153570852	35.0	0.0	0.0	4.0
0.16176753091949883	0.3300800022469946	0.03195800505905274	29.0	0.0	0.0	4.0
0.5385318024421831	0.8735337347411885	0.033100126926819406	48.0	0.0	0.0	4.0
0.83845598158408	0.07768862660372257	0.041997945480431655	26.0	0.0	0.0	4.0
0.19582936270208823	0.25388840468515916	0.031116257844418127	31.0	0.0	0.0	4.0
0.9202739890247897	0.9201212281445376	0.03238273796974948	21.0	0.0	0.0	4.0
0.5926182197103789	0.4613163145489395	0.03227697558441911	39.0	0.0	0.0	5.0
0.5173176846740718	0.7630611626529624	0.028308957895689334	32.0	0.0	0.0	5.0
0.0948003993617578	0.43302425909989223	0.04230536630268773	43.0	0.0	0.0001556482144877691	5.0
0.33143124662338797	0.6551312827593192	0.03591445258327962	28.0	0.0	0.0	5.0
0.5085537788966733	0.4546859215203926	0.03298020829610768	30.0	0.0	0.0	5.0
0.9930638809719803	0.7020217794469658	0.03448119165589733	10.0	0.0	0.0	5.0
0.9492220308032742	0.7626208573543679	0.03375539786299221	19.0	0.0	0.0	5.0
0.6203831828627201	0.17658381447466384	0.03374310393947181	34.0	0.0	0.0	5.0
0.6096035916624952	0.7674172764458649	0.0351781861277252	3.0	0.0	3.620775883916849e-05	5.0
0.10701711096982766	0.08429178724031304	0.03609630939974725	42.0	0.0	0.00843294731880917	5.0
0.38297893214789497	0.949941795934018	0.033645892423553564	6.0	0.0	0.0	5.0
0.7756014241170698	0.5212995159499312	0.030305467702873654	4.0	0.0	0.0	5.0
0.19214280586113056	0.5743196931496294	0.032544234228580084	12.0	0.0	0.0	5.0
0.5571588591549377	0.23946285327803463	0.0318590105066152	38.0	0.0	0.0	5.0
0.7213661524878252	0.9710163557922955	0.029547971019935792	45.0	0.0	0.0	5.0
0.34093133734918035	0.8056336113649628	0.03320959177244229	35.0	0.0	0.0	5.0
0.5760876675029089	0.31570320217703973	0.031180994473221275	22.0	0.0	0.0	5.0
0.4116954592456243	0.8064000468189482	0.03316111701479961	47.0	0.0	0.0	5.0
0.9273430442446365	0.11834478663491678	0.030160430243411553	33.0	0.0	0.0	5.0
0.8552403437410494	0.5384674265398093	0.033569367367796546	51.0	0.0	0.0	5.0
0.8351825812209741	0.2516879000433546	0.029484703484342806	50.0	0.0	0.0	5.0
0.7651008045200922	0.8465442809215015	0.03351947907588709	40.0	0.0	0.0	5.0
0.6438517403180454	0.2618747880043664	0.034392862364985025	52.0	0.0	0.0	5.0
0.6014152887055563	0.6761769828744144	0.035581780103203856	44.0	0.0	0.0012602495964699756	5.0
0.19100702934679192	0.26000847674120653	0.03114737410226254	31.0	0.0	0.0	5.0
0.7054225252683628	0.48788214500057336	0.032188017661411	36.0	0.0	0.0	5.0
0.6562080988250354	0.6179609736226663	0.03266458417721442	14.0	0.0	0.0	5.0
0.8578138948871464	0.3255266638314798	0.03258433376157488	13.0	0.0	0.0	5.0
0.9210427426833321	0.20438939790165606	0.030392550524296534	11.0	0.0	0.0	5.0
0.9238600380793011	0.9206556922207397	0.03241512070771922	21.0	0.0	0.0	5.0
0.7387101575635286	0.09481687569240578	0.033198895622561383	7.0	0.0	0.0	5.0
0.4772507876650586	0.3857944260576894	0.032341307449424615	1.0	0.0	0.0	5.0
0.945664332700502	0.04589488969448213	0.03305421497118663	24.0	0.0	0.0	5.0
0.9107987570754863	0.4426521645079437	0.03303482696914563	41.0	0.0	0.0	5.0
0.8375246802178425	0.07433296923058116	0.04031802766121439	26.0	0.0	0.0	5.0
0.5394955507879554	0.8713861240004719	0.033133227053746224	48.0	0.0	0.0	5.0
0.8494551174219167	0.17031809069870227	0.041547955631155035	25.0	0.0	0.0	5.0
0.4947376586138636	0.20385828237309517	0.03195129559208478	16.0	0.0	0.0	5.0
0.45102020731375786	0.6388452199850135	0.03243645652477467	18.0	0.0	0.0	5.0
0.25659293421855794	0.04477153488562779	0.03357150331509012	17.0	0.0	0.0	5.0
0.6888485971510824	0.7061801763692722	0.03160792809504349	23.0	0.0	0.0	5.0
0.5572708289151149	0.6059876959538937	0.033548864727110314	49.0	0.0	0.0	5.0
0.3533985663004163	0.7254768450923507	0.03051372206433363	46.0	0.0	0.0	5.0
0.2910269314662095	0.11183808270566034	0.03270544922691746	27.0	0.0	0.0	5.0
0.575277302065171	0.10792145429028169	0.04132532233223401	15.0	0.0	0.0	5.0
0.7221545891796436	0.20880476792068228	0.0328660076310073	2.0	0.0	0.0	5.0
0.15876724138393777	0.32874494166184165	0.03198996306411179	29.0	0.0	0.0	5.0
0.16565112610734076	0.8681374111287827	0.03233898066153059	9.0	0.0	0.0	5.0
0.8057732325147704	0.41551270090526543	0.03342069557358861	20.0	0.0	0.0	5.0
0.9335782639308914	0.3285935049622683	0.032987296441813314	37.0	0.0	0.0	5.0
0.12959443863573797	0.21114492907582746	0.030459785415640348	5.0	0.0	0.0	5.0
0.8623327057481275	0.6708828436480758	0.03555073409398744	8.0	0.0	0.0	5.0
0.645205975283923	0.2607440885339028	0.034427255227350004	52.0	0.0	0.0	6.0
0.5744680094493433	0.10693334786662885	0.03960343390172425	15.0	0.0	0.0	6.0
0.9881183125016517	0.695462506735172	0.034515672847553226	10.0	0.0	0.0	6.0
0.9357878585693519	0.12310296147120167	0.03019059067365496	33.0	0.0	0.0	6.0
0.8511809724173852	0.17143913152088014	0.039816790813190235	25.0	0.0	0.0	6.0
0.3473566335822352	0.7146742433714119	0.03054423578639796	46.0	0.0	0.0	6.0
0.6196077811798213	0.17853794097539769	0.03377684704341128	34.0	0.0	0.0	6.0
0.6624035898837303	0.6148213901530545	0.03269724876139163	14.0	0.0	0.0	6.0
0.12794348187117408	0.2113065502862002	0.030490245201055984	5.0	0.0	0.0	6.0
0.5441472565870425	0.8719600894683809	0.033166360280799966	48.0	0.0	0.0	6.0
0.5906717770794455	0.46188965725286824	0.032309252560003526	39.0	0.0	0.0	6.0
0.6332665330661322	0.17635270541082163	0.07935871743486973	-2.0	-1.0	558.6205602750917	6.0
0.8613046545392686	0.3343238925380295	0.03261691809533645	13.0	0.0	0.0	6.0
0.7396535560522951	0.09557477927426697	0.033232094518183944	7.0	0.0	0.0	6.0
0.5756575515643636	0.31811781035434356	0.031212175467694492	22.0	0.0	0.0	6.0
0.8615840465243675	0.6700143351299789	0.034005050002944515	8.0	0.0	0.0	6.0
0.4084317997208822	0.8057655372062243	0.03319427813181441	47.0	0.0	0.0	6.0
0.6000683565891025	0.6769359028762358	0.03561736188330705	44.0	0.0	0.0015059113627984289	6.0
0.09245774928186086	0.433525802742178	0.04054264270674241	43.0	0.0	0.00021973268734143403	6.0
0.6881208275758859	0.7097435599377846	0.03163953602313853	23.0	0.0	0.0	6.0
0.1665768751314476	0.8678197725304138	0.032371319642192115	9.0	0.0	0.0	6.0
0.9067411953461932	0.44626266400767634	0.03306786179611477	41.0	0.0	0.0	6.0
0.49529136737865254	0.20580573676327604	0.03198324688767686	16.0	0.0	0.0	6.0
0.7625556607234873	0.8439424272217027	0.03355299855496298	40.0	0.0	0.0	6.0
0.8353715762329862	0.07791321513024267	0.038638109841997115	26.0	0.0	0.0	6.0
0.9284668709139043	0.9182477906011266	0.03244753582842694	21.0	0.0	0.0	6.0
0.1567806634229936	0.32853782978487583	0.0320219530271759	29.0	0.0	0.0	6.0
0.5615634521116748	0.6157168731888311	0.03358241359183742	49.0	0.0	0.0	6.0
0.5583847400871179	0.2407003660293755	0.03189086951712181	38.0	0.0	0.0	6.0
0.9237202667664055	0.19666512172997955	0.030422943074820828	11.0	0.0	0.0	6.0
0.19914957698143812	0.5795258906516316	0.03257677846280866	12.0	0.0	0.0	6.0
0.7766810170196289	0.5204209563932362	0.030335773170576525	4.0	0.0	0.0	6.0
0.6189802005304439	0.7652238247469608	0.03521336431385292	3.0	0.0	6.216491216548548e-05	6.0
0.8110930581872282	0.40571357488786836	0.03345411626916219	20.0	0.0	0.0	6.0
0.33748762778611596	0.8050536786394914	0.03324280136421472	35.0	0.0	0.0	6.0
0.8537872273906747	0.538069062948444	0.03360293673516434	51.0	0.0	0.0	6.0
0.8363297099459088	0.2512452092003971	0.029514188187827146	50.0	0.0	0.0	6.0
0.10821063507792904	0.08549663614858455	0.03613240570914699	42.0	0.0	0.00929364597351423	6.0
0.5068309630980893	0.45483270239150675	0.03301318850440378	30.0	0.0	0.0	6.0
0.45216625411558314	0.6380268149531353	0.032468892981299444	18.0	0.0	0.0	6.0
0.25828313430025335	0.033180809770838086	0.03360507481840521	17.0	0.0	0.0	6.0
0.19489155538977584	0.25163607141482236	0.0311785214763648	31.0	0.0	0.0	6.0
0.943603913510891	0.77469535268278	0.0337891532608552	19.0	0.0	0.0	6.0
0.4764137257313739	0.3846300210558443	0.032373648756874034	1.0	0.0	0.0	6.0
0.5163740821361813	0.7627767475478147	0.028337266853585022	32.0	0.0	0.0	6.0
0.9388801014319164	0.05208643786856885	0.033087269186157814	24.0	0.0	0.0	6.0
0.3321045704984777	0.6454242404160039	0.0344180170589763	28.0	0.0	0.0	6.0
0.07014028056112225	0.23046092184368736	0.05390781563126252	-2.0	-1.0	43.26174674480181	6.0
0.927397268575619	0.3297548569105923	0.03302028373825512	37.0	0.0	0.0	6.0
0.7214153866625743	0.21242413068727858	0.032898873638638304	2.0	0.0	0.0	6.0
0.28951967451499855	0.11380131165426131	0.032738154676144375	27.0	0.0	0.0	6.0
0.7050608403169301	0.48936500228072627	0.03222020567907241	36.0	0.0	0.0	6.0
0.7267933953716446	0.9636638562574958	0.029577518990955724	45.0	0.0	0.0	6.0
0.38441287641027383	0.9500276623807336	0.033679538315977114	6.0	0.0	0.0	6.0
0.5010316508903708	0.4639978805122251	0.03304620169290818	30.0	0.0	0.0	7.0
0.10508780170155303	0.09551389064552361	0.03616853811485613	42.0	0.0	0.010211948636197121	7.0
0.8616290291338615	0.3358160463692291	0.032649535013431784	13.0	0.0	0.0	7.0
0.4952229480157681	0.20459952916056298	0.03201523013456454	16.0	0.0	0.0	7.0
0.7084890932882725	0.48472061305463887	0.03225242588475148	36.0	0.0	0.0	7.0
0.7275833417845434	0.9621171119013833	0.029607096509946678	45.0	0.0	0.0	7.0
0.5888911644041862	0.46192889979476764	0.03234156181256353	39.0	0.0	0.0	7.0
0.8493397141347325	0.17396670721067894	0.03808562599522545	25.0	0.0	0.0	7.0
0.5800952054381483	0.322377481041222	0.031243387643162184	22.0	0.0	0.0	7.0
0.4087398410896427	0.8040971449757189	0.03322747240994622	47.0	0.0	0.0	7.0
0.19915885122749077	0.5780528200960189	0.03260935524127147	12.0	0.0	0.0	7.0
0.9894957108197532	0.6937807712300821	0.034550188520400774	10.0	0.0	0.0	7.0
0.2588243365230991	0.02746700708664203	0.03363867989322361	17.0	0.0	0.0	7.0
0.6441806830563821	0.2605178211507965	0.03446168248257735	52.0	0.0	0.0	7.0
0.4716086409967757	0.38086364510611	0.032406022405630903	1.0	0.0	0.0	7.0
0.5595809361682678	0.6158606615182985	0.03361599600542925	49.0	0.0	0.0	7.0
0.3364821247594811	0.8038570677522742	0.03327604416557894	35.0	0.0	0.0	7.0
0.5098057660666165	0.7598539963295184	0.028365604120438603	32.0	0.0	0.0	7.0
0.8129127029867947	0.4080229045150971	0.03348757038543135	20.0	0.0	0.0	7.0
0.19299374941461678	0.24657661917281515	0.03120969999784116	31.0	0.0	0.0	7.0
0.5486595699749583	0.8717183862929081	0.033199526641080765	48.0	0.0	0.0	7.0
0.7225646545672769	0.21246394203854607	0.03293177251227694	2.0	0.0	0.0	7.0
0.15869515195748732	0.32850769431480786	0.03205397498020307	29.0	0.0	0.0	7.0
0.8624993267178035	0.6674775601743507	0.032459365911901586	8.0	0.0	0.0	7.0
0.8328521361005425	0.07671523352995256	0.036958192022779855	26.0	0.0	0.0	7.0
0.3852093694619881	0.951315107847016	0.03371321785429309	6.0	0.0	0.0	7.0
0.5742167695259676	0.10428085442154787	0.03788154547121451	15.0	0.0	0.0	7.0
0.9257101705087437	0.19358042933331818	0.030453366017895646	11.0	0.0	0.0	7.0
0.9364127043793877	0.12462160381882366	0.030220781264328613	33.0	0.0	0.0	7.0
0.9274630511246357	0.9179174323921259	0.03247998336425536	21.0	0.0	0.0	7.0
0.2879927174641165	0.11482072287777738	0.03277089283082051	27.0	0.0	0.0	7.0
0.7390840852428623	0.09646987795764067	0.03326532661270212	7.0	0.0	0.0	7.0
0.7565528376179871	0.8465683973088771	0.03358655155351794	40.0	0.0	0.0	7.0
0.3256606866389192	0.6528052165145873	0.032921581534672985	28.0	0.0	0.0	7.0
0.5571930066769806	0.2346719346724973	0.03192276038663893	38.0	0.0	0.0	7.0
0.6207431437392579	0.17908659093266416	0.03381062389045469	34.0	0.0	0.0	7.0
0.6010426804244492	0.6783854225521696	0.035652979245190355	44.0	0.0	0.0017818785774750268	7.0
0.3487296252836714	0.7160956198839901	0.030574780022184354	46.0	0.0	0.0	7.0
0.09201045312886465	0.43183160714786495	0.0387799191107971	43.0	0.0	0.00029944805351078685	7.0
0.6278323479662353	0.7727098843601949	0.03524857767816677	3.0	0.0	9.830290578349832e-05	7.0
0.956316043925609	0.7818579185757751	0.033822942414116056	19.0	0.0	0.0	7.0
0.1606495243813416	0.8706840916932395	0.032403690961834306	9.0	0.0	0.0	7.0
0.1337088435185431	0.21825605459686792	0.030520735446257035	5.0	0.0	0.0	7.0
0.9396889575722386	0.0513388569822899	0.03312035645534397	24.0	0.0	0.0	7.0
0.9279400274143278	0.3280516392195424	0.03305330402199337	37.0	0.0	0.0	7.0
0.8544041664501876	0.5291748980517388	0.0336365396718995	51.0	0.0	0.0	7.0
0.4543723293043854	0.6389263955522869	0.03250136187428074	18.0	0.0	0.0	7.0
0.7775010108214132	0.5191139875300862	0.030366108943747097	4.0	0.0	0.0	7.0
0.837426032753886	0.25108886245581646	0.02954370237601497	50.0	0.0	0.0	7.0
0.6910432824939058	0.7060822962062199	0.031671175559161664	23.0	0.0	0.0	7.0
0.9107171098178796	0.4520197881529397	0.03310092965791088	41.0	0.0	0.0	7.0
0.6639118187044744	0.6158282982298787	0.03272994601015301	14.0	0.0	0.0	7.0
0.5806309729842325	0.3207666033994072	0.03127463103080534	22.0	0.0	0.0	8.0
0.6513030155387735	0.2650176885259397	0.034496144165059923	52.0	0.0	0.0	8.0
0.9132594560996561	0.45077142639254014	0.03313403058756879	41.0	0.0	0.0	8.0
0.19978842032196512	0.5821876725214252	0.03264196459651274	12.0	0.0	0.0	8.0
0.3484209147874253	0.7183101912967403	0.030605354802206535	46.0	0.0	0.0	8.0
0.5005860473700845	0.46094210742964387	0.03307924789460109	30.0	0.0	0.0	8.0
0.9788094532269352	0.6863509676900136	0.03458473870892117	10.0	0.0	0.0	8.0
0.32773277191684885	0.657501572097588	0.031425146010369664	28.0	0.0	0.0	8.0
0.6016822512819003	0.6804370030483882	0.035688632224435544	44.0	0.0	0.0020899793675397405	8.0
0.94093492500656	0.12232995510324976	0.030251002045592938	33.0	0.0	0.0	8.0
0.6278711677255583	0.7665439659545388	0.03528382625584493	3.0	0.0	0.00014633145080722443	8.0
0.15913044030930013	0.8719687465188966	0.032436094652796135	9.0	0.0	0.0	8.0
0.5716130866753388	0.10296143041455592	0.03615965704070476	15.0	0.0	0.0	8.0
0.9279400274143278	0.32913005086526403	0.03308635732601536	37.0	0.0	0.0	8.0
0.47080506088141166	0.3823663265540336	0.03243842842803653	1.0	0.0	0.0	8.0
0.9579158316633266	0.8737474949899798	0.07615230460921843	-2.0	-1.0	446.02834477192096	8.0
0.8554680411907318	0.5292251698035706	0.033670176211571395	51.0	0.0	0.0	8.0
0.1316399388938391	0.22133400245398033	0.03055125618170329	5.0	0.0	0.0	8.0
0.496935191922573	0.20450781239493074	0.0320472453646991	16.0	0.0	0.0	8.0
0.838353919690871	0.24998461952318324	0.029573246078390982	50.0	0.0	0.0	8.0
0.3852602986073095	0.9486189571682102	0.03374693107214738	6.0	0.0	0.0	8.0
0.942063961847471	0.05191023127051696	0.03315347681179931	24.0	0.0	0.0	8.0
0.09043578484725324	0.4304481003957069	0.03701719551485177	43.0	0.0	0.00039653632707370434	8.0
0.7093704891017959	0.4857830379951941	0.03228467831063623	36.0	0.0	0.0	8.0
0.58713829623524	0.4668846301011242	0.03237390337437609	39.0	0.0	0.0	8.0
0.5517151494985689	0.6100926993105966	0.033649612001434674	49.0	0.0	0.0	8.0
0.7230729183186966	0.21019479855853532	0.03296470428478922	2.0	0.0	0.0	8.0
0.2541640661847233	0.02656097313758143	0.03367231857311683	17.0	0.0	0.0	8.0
0.9265509585786555	0.1929800130274019	0.03048381938391354	11.0	0.0	0.0	8.0
0.6904890252879262	0.706978193446575	0.031702846734720826	23.0	0.0	0.0	8.0
0.8117568482795923	0.4082100789370813	0.03352105795581677	20.0	0.0	0.0	8.0
0.4188013071277475	0.805471857605841	0.03326069988235616	47.0	0.0	0.0	8.0
0.5575113278498655	0.23371484709960433	0.03195468314702556	38.0	0.0	0.0	8.0
0.7404299158990145	0.09755108583217324	0.03329859193931482	7.0	0.0	0.0	8.0
0.19223422688861116	0.24513456531506417	0.031240909697839	31.0	0.0	0.0	8.0
0.6625005998811384	0.6203551289635225	0.03276267595616316	14.0	0.0	0.0	8.0
0.10913569299672665	0.09299196203619568	0.036204706652970986	42.0	0.0	0.011189840604131973	8.0
0.7162552738348871	0.9580701483968946	0.02963670360645662	45.0	0.0	0.0	8.0
0.6242819120609815	0.1823162058548942	0.033844434514345136	34.0	0.0	0.0	8.0
0.28514276084184914	0.11930030704259992	0.03280366372365133	27.0	0.0	0.0	8.0
0.833438825205954	0.07791962091700472	0.03527827420356259	26.0	0.0	0.0	8.0
0.7577982451918595	0.8466903170852256	0.03362013810507145	40.0	0.0	0.0	8.0
0.1596181954133293	0.32690505491262045	0.03208602895518327	29.0	0.0	0.0	8.0
0.8816179127815185	0.6757589234609529	0.018641135805643527	53.0	8.0	0.0	8.0
0.8371436232371974	0.6556300157385502	0.018641135805643527	54.0	8.0	0.0	8.0
0.33046273536664467	0.7969167629072282	0.03330932020974451	35.0	0.0	0.0	8.0
0.7796787800257204	0.5231863797142674	0.03039647505269084	4.0	0.0	0.0	8.0
0.5046740015090906	0.7529017929124939	0.02839396972455904	32.0	0.0	0.0	8.0
0.8484616878306576	0.17341967679545284	0.036354461177260655	25.0	0.0	0.0	8.0
0.936061526371182	0.9101687932299501	0.03251246334761961	21.0	0.0	0.0	8.0
0.5450899610290578	0.8693676353844969	0.03323272616772184	48.0	0.0	0.0	8.0
0.4536516384409953	0.63977318044896	0.032533863236155015	18.0	0.0	0.0	8.0
0.9571435026784243	0.7831585247313896	0.03385676535653017	19.0	0.0	0.0	8.0
0.8614007963744388	0.3348540563092679	0.03268218454844521	13.0	0.0	0.0	8.0
0.8117673326887803	0.4065447926830592	0.03355457901377259	20.0	0.0	0.0	9.0
0.5801433195610203	0.31974930358740933	0.03130590566183614	22.0	0.0	0.0	9.0
0.6899553126810606	0.7083232278614512	0.031734549581455544	23.0	0.0	0.0	9.0
0.25470360517622875	0.02543543420255549	0.03370599089168994	17.0	0.0	0.0	9.0
0.5545084485163883	0.08303753757384338	0.02007397526177955	56.0	15.0	0.0	9.0
0.8596130870506992	0.14131717998216267	0.0205300880580726	58.0	25.0	0.0	9.0
0.20162245873610896	0.24874912195623664	0.03127215060753683	31.0	0.0	0.0	9.0
0.2833995816914137	0.11979000972876183	0.03283646738737498	27.0	0.0	0.0	9.0
0.6166864628342488	0.7646604225626163	0.03531911008210077	3.0	0.0	0.00020797041146636275	9.0
0.7388541258659768	0.09891809551408105	0.033331890531254134	7.0	0.0	0.0	9.0
0.5896682259989166	0.46416456364553516	0.03240627727775046	39.0	0.0	0.0	9.0
0.3224852260670863	0.6745061193117295	0.018047192175022982	61.0	28.0	0.0	9.0
0.709379608359622	0.9619441966813395	0.029666340310063075	45.0	0.0	0.0	9.0
0.49924335900044997	0.4652491099134964	0.033112327142495686	30.0	0.0	0.0	9.0
0.1601193433446692	0.8724466217170757	0.032468530747448925	9.0	0.0	0.0	9.0
0.7238909157253351	0.21478691675290673	0.032997668989074004	2.0	0.0	0.0	9.0
0.5836551017064922	0.12222827146270623	0.02007397526177955	55.0	15.0	0.0	9.0
0.7078178980932408	0.4849210734443149	0.03231696298894686	36.0	0.0	0.0	9.0
0.932545734500017	0.9103349265252562	0.03254497581096723	21.0	0.0	0.0	9.0
0.41996152266113657	0.8068350676040057	0.03329396058223851	47.0	0.0	0.0	9.0
0.9132976174225927	0.44955954363349915	0.03316716461815635	41.0	0.0	0.0	9.0
0.9311440708955752	0.3293219131545281	0.03311944368334137	37.0	0.0	0.0	9.0
0.10977482943792537	0.09223135008009327	0.036240911359623956	42.0	0.0	0.01222931846511699	9.0
0.5582065881865617	0.23290828584242385	0.03198663783017258	38.0	0.0	0.0	9.0
0.3549674376609014	0.7274950535476428	0.03063596015700874	46.0	0.0	0.0	9.0
0.8561670977825602	0.5280460118284074	0.03370384638778296	51.0	0.0	0.0	9.0
0.4526771892070976	0.6390201657040562	0.032566397099391166	18.0	0.0	0.0	9.0
0.8407582745279036	0.24954851681478005	0.02960281932446937	50.0	0.0	0.0	9.0
0.9248225340075658	0.18608263412019618	0.030514303203297448	11.0	0.0	0.0	9.0
0.6552731109006801	0.2646037838525248	0.03453064030922498	52.0	0.0	0.0	9.0
0.33326266806982235	0.7943935634360181	0.03334262952995425	35.0	0.0	0.0	9.0
0.8176558152675732	0.0625590954223315	0.01958467700186983	59.0	26.0	0.0	9.0
0.9800959674947837	0.6870546529358014	0.034619323447630086	10.0	0.0	0.0	9.0
0.12395871789866499	0.21760356474341133	0.03058180743788499	5.0	0.0	0.0	9.0
0.10024013402349728	0.3949972244082124	0.020550036362045887	63.0	43.0	0.0	9.0
0.8397017015262908	0.1875398788550999	0.0205300880580726	57.0	25.0	0.0	9.0
0.7787133304575593	0.5210349779802997	0.030426871527743527	4.0	0.0	0.0	9.0
0.8381585677000887	0.6553925917734713	0.018659776941449168	54.0	0.0	0.0	9.0
0.20165300238974918	0.5815999512988147	0.032674606561109244	12.0	0.0	0.0	9.0
0.47025400115330795	0.380473570248384	0.03247086685646456	1.0	0.0	0.0	9.0
0.9429127772947724	0.12262473383605992	0.030281253047638526	33.0	0.0	0.0	9.0
0.6741627923633591	0.6273186953277654	0.03279543863211932	14.0	0.0	0.0	9.0
0.8520577038501325	0.09544321248711372	0.01958467700186983	60.0	26.0	0.0	9.0
0.5447758340754398	0.8678774869611636	0.03326595889388956	48.0	0.0	0.0	9.0
0.09330793842345923	0.4508131528664028	0.020550036362045887	64.0	43.0	0.0	9.0
0.9462263202718996	0.7807492581558075	0.0338906221218867	19.0	0.0	0.0	9.0
0.7551577246843334	0.8464820854317675	0.03365375824317652	40.0	0.0	0.0	9.0
0.8561435150796047	0.3359796004234994	0.03271486673299365	13.0	0.0	0.0	9.0
0.6226222055814531	0.18183865883248707	0.033878278948859475	34.0	0.0	0.0	9.0
0.8836725057669307	0.67728553488933	0.018659776941449168	53.0	0.0	0.0	9.0
0.49709929006224346	0.20277532802709075	0.03207929261006379	16.0	0.0	0.0	9.0
0.6030714254173543	0.6817048163409105	0.035724320856659976	44.0	0.0	0.0024320525038064034	9.0
0.38555991308612914	0.9471033452841036	0.03378067800321952	6.0	0.0	0.0	9.0
0.5036196881063043	0.75271056118439	0.028422363694283595	32.0	0.0	0.0	9.0
0.1577573121521538	0.3254670399956144	0.03211811498413845	29.0	0.0	0.0	9.0
0.55187054957403	0.605157685068095	0.033683261613436107	49.0	0.0	0.0	9.0
0.33312082678955995	0.639653234620057	0.018047192175022982	62.0	28.0	0.0	9.0
0.9390149642223952	0.05115637097113776	0.0331866302886111	24.0	0.0	0.0	9.0
0.6729570179758232	0.627020569336031	0.03282823407075144	14.0	0.0	0.0	10.0
0.5801256617247037	0.32115158510854147	0.031337211567497976	22.0	0.0	0.0	10.0
0.5002568288895229	0.46456324418182726	0.03314543946963818	30.0	0.0	0.0	10.0
0.5084532542792101	0.7482431639510705	0.028450786057977875	32.0	0.0	0.0	10.0
0.9301554095491689	0.3353077041165913	0.033152563127024706	37.0	0.0	0.0	10.0
0.3218796782110214	0.6767425711141161	0.018065239367198005	61.0	0.0	0.0	10.0
0.8390470622554348	0.6531939334087061	0.018678436718390614	54.0	0.0	0.0	10.0
0.8199947980446668	0.4067261160322864	0.033588133592786354	20.0	0.0	0.0	10.0
0.6047444268339414	0.687319226609974	0.03576004517751663	44.0	0.0	0.0028099474448310957	10.0
0.2848838291086375	0.1198601455398419	0.032869303854762354	27.0	0.0	0.0	10.0
0.17026195401261396	0.8736980998907359	0.03250099927819637	9.0	0.0	0.0	10.0
0.9402287113384513	0.051076018340567166	0.03321981691889971	24.0	0.0	0.0	10.0
0.8526214139095543	0.09399606995200559	0.019604261678871696	60.0	0.0	0.0	10.0
0.9416943913302178	0.12165847004530471	0.03031153430068616	33.0	0.0	0.0	10.0
0.5513440738440151	0.08526730607459698	0.020094049237041327	56.0	0.0	0.0	10.0
0.937875751503006	0.6172344689378757	0.05571142284569138	-2.0	-1.0	56.86038291095385	10.0
0.7057443820117063	0.49187956724223664	0.0323492799519358	36.0	0.0	0.0	10.0
0.5572067796221573	0.23394332808560145	0.03201862446800275	38.0	0.0	0.0	10.0
0.8638725206295934	0.14048907535602806	0.02055061814613067	58.0	0.0	0.0	10.0
0.10929418303763161	0.09370746480857224	0.036277152270983576	42.0	0.0	0.013332390143730777	10.0
0.4222897883005918	0.8058339697974038	0.03332725454282075	47.0	0.0	0.0	10.0
0.0990858116691511	0.3921407516422876	0.02057058639840793	63.0	0.0	0.0	10.0
0.8373047114734737	0.1816083149550465	0.02055061814613067	57.0	0.0	0.0	10.0
0.9495654631785102	0.7809492103743063	0.03392451274400858	19.0	0.0	0.0	10.0
0.7786999938644504	0.5220940917774914	0.030457298399271266	4.0	0.0	0.0	10.0
0.8914262148501702	0.6819153219428781	0.018678436718390614	53.0	0.0	0.0	10.0
0.1561596730417985	0.32538146206406676	0.032150233099122585	29.0	0.0	0.0	10.0
0.33312082678955995	0.6415601339479349	0.018065239367198005	62.0	0.0	0.0	10.0
0.820437872829714	0.06293798939290396	0.019604261678871696	59.0	0.0	0.0	10.0
0.46796273125229554	0.3824612640863187	0.03250333772332102	1.0	0.0	0.0	10.0
0.9246476890755683	0.18395111552394536	0.030544817506500743	11.0	0.0	0.0	10.0
0.09271546376465249	0.4483159007892141	0.02057058639840793	64.0	0.0	0.0	10.0
0.7240594771171607	0.22817307124517486	0.033030666658063076	2.0	0.0	0.0	10.0
0.5887311387803903	0.46875283074348023	0.03243868355502821	39.0	0.0	0.0	10.0
0.7393638929072746	0.09803300961574142	0.033365222421785384	7.0	0.0	0.0	10.0
0.8445331329364978	0.25600825716147946	0.029632422143793836	50.0	0.0	0.0	10.0
0.6176196267557877	0.7655790133899298	0.03535442919218287	3.0	0.0	0.0002849498473551648	10.0
0.68679065682467	0.7021267143954966	0.031766284131037	23.0	0.0	0.0	10.0
0.5545382515243933	0.606573495334727	0.03371694487504954	49.0	0.0	0.0	10.0
0.4522924799025623	0.6370740982236824	0.03259896349649055	18.0	0.0	0.0	10.0
0.712533676229503	0.967341606933579	0.029696006650373134	45.0	0.0	0.0	10.0
0.7580071471646819	0.8519756980385309	0.03368741200141969	40.0	0.0	0.0	10.0
0.49858512408406663	0.20461293838004493	0.03211137190267385	16.0	0.0	0.0	10.0
0.6254360145508165	0.18247823034456892	0.03391215722780833	34.0	0.0	0.0	10.0
0.855617151259161	0.33362964918669147	0.032747581599726634	13.0	0.0	0.0	10.0
0.3321108702589397	0.7934562444042491	0.0333759721594842	35.0	0.0	0.0	10.0
0.8589208872173153	0.5308259307018958	0.03373755023417074	51.0	0.0	0.0	10.0
0.579948800275535	0.1258766920875854	0.020094049237041327	55.0	0.0	0.0	10.0
0.9129896946903417	0.450547281371185	0.033200331782774505	41.0	0.0	0.0	10.0
0.6565825782246776	0.2661822015424111	0.0345651709495342	52.0	0.0	0.0	10.0
0.9792134733404906	0.6862593806848178	0.034653942771077716	10.0	0.0	0.0	10.0
0.20683093215784853	0.5700614852319965	0.03270728116767035	12.0	0.0	0.0	10.0
0.12323963262080243	0.21867336127421796	0.030612389245322873	5.0	0.0	0.0	10.0
0.34786907625423197	0.7258345478033843	0.030666596117165747	46.0	0.0	0.0	10.0
0.3830033940057375	0.9546313635616821	0.03381445868122274	6.0	0.0	0.0	10.0
0.5395080603870472	0.8798168306913527	0.03329922485278344	48.0	0.0	0.0	10.0
0.24397563421869825	0.02033433588707264	0.033739696882581625	17.0	0.0	0.0	10.0
0.214045122658912	0.24413392218963273	0.031303422758144364	31.0	0.0	0.0	10.0
0.9334216528816928	0.9098044012480634	0.03257752078677819	21.0	0.0	0.0	10.0
0.2459478940177444	0.0233498298635914	0.0337734365794642	17.0	0.0	0.0	11.0
0.20994777171546686	0.2312761295281306	0.03133472618090251	31.0	0.0	0.0	11.0
0.6241772164226805	0.18533128068950885	0.03394606938503614	34.0	0.0	0.0	11.0
0.46918770082847566	0.38228657100864805	0.03253584106104434	1.0	0.0	0.0	11.0
0.9224224785814956	0.18155866949305008	0.03057536232400724	11.0	0.0	0.0	11.0
0.5748835191427063	0.12462430857641783	0.020114143286278367	55.0	0.0	0.0	11.0
0.9115745528657009	0.4560473929182022	0.033233532114557277	41.0	0.0	0.0	11.0
0.5017591916484222	0.4645395958772611	0.033178584909107814	30.0	0.0	0.0	11.0
0.6878966384922214	0.6951580193890629	0.03179805041516803	23.0	0.0	0.0	11.0
0.7230962198142621	0.22914546845265832	0.033063697324721135	2.0	0.0	0.0	11.0
0.34936099501662493	0.7258674278818861	0.030697262713282908	46.0	0.0	0.0	11.0
0.8426139673447645	0.2551830624621153	0.029662054565937627	50.0	0.0	0.0	11.0
0.8565428621818755	0.09333568435829756	0.019623865940550565	60.0	0.0	0.0	11.0
0.9801619679625317	0.6884091319817913	0.03468859671384879	10.0	0.0	0.0	11.0
0.453184460251079	0.6392419916603469	0.03263156245998704	18.0	0.0	0.0	11.0
0.7145651090477634	0.9672584290867376	0.029725702657023505	45.0	0.0	0.0	11.0
0.5471857733619919	0.8728979496423555	0.033332524077636226	48.0	0.0	0.0	11.0
0.6032499900277755	0.6868274057950952	0.03579580522269414	44.0	0.0	0.0032255243810368484	11.0
0.424743765995863	0.8089483377210768	0.033360581797363564	47.0	0.0	0.0	11.0
0.8855891192799797	0.682936141091338	0.018697115155109002	53.0	0.0	0.0	11.0
0.856162851152048	0.5295144978892724	0.03377128778440491	51.0	0.0	0.0	11.0
0.5792220944266526	0.3290907343185033	0.03136854877906547	22.0	0.0	0.0	11.0
0.6638857698182057	0.6236504691192012	0.032861062304822185	14.0	0.0	0.0	11.0
0.9467862809966373	0.7840527906712034	0.033958437256752586	19.0	0.0	0.0	11.0
0.6939031496522367	0.48764927524364415	0.03238162923188773	36.0	0.0	0.0	11.0
0.779627895371358	0.5195223358049554	0.030487755697670534	4.0	0.0	0.0	11.0
0.6653306613226453	0.2605210420841683	0.05430861723446894	-2.0	-1.0	46.071621127081954	11.0
0.2914425748298354	0.11205483185248234	0.03290217315861711	27.0	0.0	0.0	11.0
0.15770592005317327	0.320309325914057	0.0321823833322217	29.0	0.0	0.0	11.0
0.5577325803678991	0.23598691318974394	0.03205064309247075	38.0	0.0	0.0	11.0
0.3257517038848561	0.6304464620419156	0.018083304606565202	62.0	0.0	0.0	11.0
0.9384115311498512	0.0501551568902987	0.03325303673581861	24.0	0.0	0.0	11.0
0.5561677675873472	0.6083477467187651	0.03375066181992458	49.0	0.0	0.0	11.0
0.9334786676355318	0.9079937932326341	0.032610098307564964	21.0	0.0	0.0	11.0
0.7558497152370018	0.8522695229975981	0.03372109941342111	40.0	0.0	0.0	11.0
0.5498766973642174	0.08745034933219356	0.020114143286278367	56.0	0.0	0.0	11.0
0.6311311816916615	0.7616913363173246	0.03538978362137504	3.0	0.0	0.0003790100556955167	11.0
0.8458550073238275	0.183438868549118	0.0205711687642768	57.0	0.0	0.0	11.0
0.861636448482807	0.13862209831290362	0.0205711687642768	58.0	0.0	0.0	11.0
0.5940869693845872	0.4709368004142935	0.032471122238583235	39.0	0.0	0.0	11.0
0.3383978927068086	0.8059601923615173	0.03340934813164368	35.0	0.0	0.0	11.0
0.9406189656828604	0.11948563118688936	0.030341845834986843	33.0	0.0	0.0	11.0
0.841461250133883	0.6597553622798742	0.018697115155109002	54.0	0.0	0.0	11.0
0.38433370279620793	0.9533382197692553	0.033848273139903955	6.0	0.0	0.0	11.0
0.656658697146358	0.267389651018617	0.03459973612048373	52.0	0.0	0.0	11.0
0.12290438526935625	0.21740356590034618	0.030643001634568193	5.0	0.0	0.0	11.0
0.16826929811226746	0.8731518245972176	0.032533500277474564	9.0	0.0	0.0	11.0
0.9385602510842277	0.3250458065678521	0.033185715690151725	37.0	0.0	0.0	11.0
0.8547126144627187	0.3311226504467263	0.03278032918132636	13.0	0.0	0.0	11.0
0.49480250555508826	0.2086288407559534	0.03214348327457652	16.0	0.0	0.0	11.0
0.1019838752965412	0.3866383949763647	0.020591156984806337	63.0	0.0	0.0	11.0
0.3201222414028696	0.6753123904419114	0.018083304606565202	61.0	0.0	0.0	11.0
0.20683904293290328	0.5687732140508677	0.03273998844883801	12.0	0.0	0.0	11.0
0.495381311469754	0.7490259288814559	0.02847923684403585	32.0	0.0	0.0	11.0
0.8252433468904055	0.05675969359969023	0.019623865940550565	59.0	0.0	0.0	11.0
0.09393446178302153	0.448204309807551	0.020591156984806337	64.0	0.0	0.0	11.0
0.10695111969235693	0.10060693363086252	0.03631342942325456	42.0	0.0	0.014501074947730785	11.0
0.81966904163804	0.39933918050779366	0.03362172172637914	20.0	0.0	0.0	11.0
0.7402065486731085	0.09870997892490008	0.03339858764420717	7.0	0.0	0.0	11.0
