# x	y	r	id	split_id	s_prob	t
2.0	0.5	0.0	-1.0	0.0	0.0	0.0
0.9482534873728949	0.3862898358831031	0.03476253114668394	1.0	0.0	0.0	0.0
0.5658775466138594	0.8563409512168227	0.03353881327981623	2.0	0.0	0.0	0.0
0.24347200327926807	0.12686266882456837	0.03349121715182697	3.0	0.0	0.0	0.0
0.9075506869604106	0.1572537864730208	0.03441310782669498	4.0	0.0	0.0	0.0
0.8738737480429745	0.5327412373181921	0.03387893414916744	5.0	0.0	0.0	0.0
0.22457655096424337	0.5994320506952827	0.032307838926110485	6.0	0.0	0.0	0.0
0.2284036409129017	0.9649255699183278	0.03311380226635979	7.0	0.0	0.0	0.0
0.033827144850502935	0.06376199039856428	0.029112482037539876	8.0	0.0	0.0	0.0
0.8501753286507593	0.6668243996688835	0.03489770225513135	9.0	0.0	0.0	0.0
0.8021548472507442	0.4859680411493462	0.0358541679205628	10.0	0.0	0.003988501361320118	0.0
0.9172610508716385	0.691328480695401	0.030182936964771274	11.0	0.0	0.0	0.0
0.873685888855718	0.7489221187519411	0.03007660020943573	12.0	0.0	0.0	0.0
0.651973682480245	0.894140928126849	0.033276326093891105	13.0	0.0	0.0	0.0
0.8164986274091902	0.5807617187182071	0.031029117597650677	14.0	0.0	0.0	0.0
0.3111419610594588	0.10902455527919493	0.03179076974283006	15.0	0.0	0.0	0.0
0.423603779590885	0.5146556014662383	0.03325136976913212	16.0	0.0	0.0	0.0
0.9591361664763961	0.5885306585850724	0.031008445087465773	17.0	0.0	0.0	0.0
0.4784843297623308	0.38244336696230075	0.03273675731496873	18.0	0.0	0.0	0.0
0.24299078829935797	0.3097681600660671	0.03501054530775015	19.0	0.0	7.505121857320773e-09	0.0
0.8246059814117902	0.07810577055701035	0.03100084147386064	20.0	0.0	0.0	0.0
0.8424042894950403	0.888645776040095	0.03186140782238491	21.0	0.0	0.0	0.0
0.6026010668542141	0.30939253127771627	0.030412779122217393	22.0	0.0	0.0	0.0
0.6961644985085117	0.8281138286921288	0.033430835032670206	23.0	0.0	0.0	0.0
0.8009075620195749	0.3718414424973623	0.03353665433159469	24.0	0.0	0.0	0.0
0.500964734761151	0.9217313180259648	0.03392470670374577	25.0	0.0	0.0	0.0
0.8623340140920146	0.30848442047854513	0.03495129325524623	26.0	0.0	0.0	0.0
0.5201200668076256	0.24638627316448264	0.03567619839465357	27.0	0.0	0.0019788021799485023	0.0
0.3290590173006071	0.8832295665182115	0.03162439226030906	28.0	0.0	0.0	0.0
0.4978172508454538	0.3188318201726703	0.029749266656796308	29.0	0.0	0.0	0.0
0.49086569425925713	0.6937919932499093	0.031171654807688753	30.0	0.0	0.0	0.0
0.9692122853253589	0.13278658480496844	0.027401975550177374	31.0	0.0	0.0	0.0
0.9762529484110617	0.31714202036587413	0.032030277333618615	32.0	0.0	0.0	0.0
0.42298013697530046	0.15730838273625597	0.03186479389892054	33.0	0.0	0.0	0.0
0.20502698461324778	0.43813209010291604	0.03141083260362095	34.0	0.0	0.0	0.0
0.8859376936595219	0.8168050264272582	0.034147555293894405	35.0	0.0	0.0	0.0
0.8052730603286672	0.8046494177130826	0.03295194837413402	36.0	0.0	0.0	0.0
0.42093715483487604	0.630004265446497	0.02982532324633891	37.0	0.0	0.0	0.0
0.6006334121875988	1.0026090912747607	0.03437380174013429	38.0	0.0	0.0	0.0
0.25778213715749365	0.39515334613085734	0.03540772301460797	39.0	0.0	0.00043378612221545154	0.0
0.6597047847025094	0.14980074696962362	0.03327701691405063	40.0	0.0	0.0	0.0
0.17165216289470206	0.06875113132324118	0.035423229220164144	41.0	0.0	0.00048518448699041983	0.0
0.42131045894776625	0.7047493370903043	0.0327389043528477	42.0	0.0	0.0	0.0
0.18326547733211318	0.6511161018754202	0.030821812392169953	43.0	0.0	0.0	0.0
0.8990731359652803	0.09084123233991337	0.030739018791985276	44.0	0.0	0.0	0.0
0.046923639777779774	0.6425023376610837	0.030474568890793825	45.0	0.0	0.0	0.0
0.5818209312528985	0.19950519956615811	0.03471820352980227	46.0	0.0	0.0	0.0
0.8637226092310417	0.23312613477808666	0.03457398282263594	47.0	0.0	0.0	0.0
0.4099965855105076	0.9332067033340098	0.03502942395887042	48.0	0.0	1.630359207638321e-07	0.0
0.11240611441416397	0.33941202648696256	0.032652451833098124	49.0	0.0	0.0	0.0
0.43108749097790033	0.4298402057467312	0.03330274206608943	50.0	0.0	0.0	0.0
0.6920322484365348	0.29700395194175644	0.03152617077066995	51.0	0.0	0.0	0.0
0.7034246652833224	0.6912292567522871	0.03240133104997919	52.0	0.0	0.0	0.0
0.5878371719811958	0.1260201520531023	0.03464984333157678	53.0	0.0	0.0	0.0
0.6511586069343437	0.7511788808819232	0.03263004741223492	54.0	0.0	0.0	0.0
0.7399813715655364	0.6186742582571664	0.03267877567050293	55.0	0.0	0.0	0.0
0.29887525647396274	0.20470522152068646	0.03570850859759624	56.0	0.0	0.002276225833895751	0.0
0.21593078860120946	0.5009354639233768	0.03146637783231112	57.0	0.0	0.0	0.0
0.5767327059517694	0.9363034444229555	0.03262893253458377	58.0	0.0	0.0	0.0
0.9348674223775708	0.257549290005867	0.03498045447263956	59.0	0.0	0.0	0.0
0.2698526752323102	0.5406087187181536	0.032081436134187076	60.0	0.0	0.0	0.0
0.9494851434261267	0.5078697567431262	0.030470224411433912	61.0	0.0	0.0	0.0
0.30676087344443526	0.4792385494758103	0.032941426691056624	62.0	0.0	0.0	0.0
0.04941821024011822	0.4722479036064847	0.03473734323255976	63.0	0.0	0.0	0.0
0.33504828598148056	0.9590225275306247	0.029866340755133478	64.0	0.0	0.0	0.0
0.6434639235894505	0.23711107084333766	0.03300780515448681	65.0	0.0	0.0	0.0
0.38805615050256215	0.8302187649520517	0.032425986804674074	66.0	0.0	0.0	0.0
0.9064597956064728	0.8986320342837891	0.031054804888594106	67.0	0.0	0.0	0.0
0.24461834891810158	0.683662750289668	0.03141497617979648	68.0	0.0	0.0	0.0
0.476613401915577	0.18724322828431733	0.0286123805586807	69.0	0.0	0.0	0.0
0.23100845942293027	0.5944710900383169	0.03234014676503659	6.0	0.0	0.0	1.0
0.5970829391340822	0.312782412666946	0.03044319190133961	22.0	0.0	0.0	1.0
0.21250368491991287	0.503537982406596	0.03149784421014343	57.0	0.0	0.0	1.0
0.7389629287050864	0.6195804890636172	0.03271145444617343	55.0	0.0	0.0	1.0
0.3063399855738276	0.48047791107770393	0.03297436811774768	62.0	0.0	0.0	1.0
0.5218001221741149	0.24133489659890148	0.03571187459304822	27.0	0.0	0.0023088220075919708	1.0
0.5152441412760557	0.3158179820411516	0.0297790159234531	29.0	0.0	0.0	1.0
0.03296130316938211	0.06695977760717199	0.029141594519577412	8.0	0.0	0.0	1.0
0.4222699193431378	0.7142419401979223	0.03277164325720055	42.0	0.0	0.0	1.0
0.5838739560871828	0.1987129124629355	0.03475292173333207	46.0	0.0	0.0	1.0
0.8628878782380133	0.2289036144978582	0.034608556805458573	47.0	0.0	0.0	1.0
0.49575698863112067	0.919569395866032	0.03395863141044951	25.0	0.0	0.0	1.0
0.2476995388458317	0.6841617056861834	0.03144639115597627	68.0	0.0	0.0	1.0
0.953916195241103	0.5939345838254199	0.031039453532553236	17.0	0.0	0.0	1.0
0.23123637456163024	0.9640326847446872	0.03314691606862615	7.0	0.0	0.0	1.0
0.2986392920269654	0.21094888313188118	0.03574421710619383	56.0	0.0	0.0026380250719881815	1.0
0.04065885980730867	0.46547903376469424	0.034772080575792313	63.0	0.0	0.0	1.0
0.9000449162770222	0.09102382088650106	0.030769757810777256	44.0	0.0	0.0	1.0
0.6530990035393149	0.8937862239386596	0.03330960241998499	13.0	0.0	0.0	1.0
0.5757562414757967	0.9368699420372841	0.03266156146711835	58.0	0.0	0.0	1.0
0.9109741102213309	0.6927574860692077	0.03021311990173604	11.0	0.0	0.0	1.0
0.5677411351853886	0.8562881397663143	0.033572352093096045	2.0	0.0	0.0	1.0
0.9487742194702103	0.38500123824941446	0.034797293677830625	1.0	0.0	0.0	1.0
0.19024535016175756	0.43209728182398655	0.03144224343622457	34.0	0.0	0.0	1.0
0.24475793843010352	0.12806628721035068	0.03352470836897879	3.0	0.0	0.0	1.0
0.8110362049637854	0.4961409571161183	0.03589002208848336	10.0	0.0	0.004512137537062699	1.0
0.8350241030035587	0.8882003849184549	0.03189326923020729	21.0	0.0	0.0	1.0
0.8056924971135072	0.3843576287304114	0.03357019098592628	24.0	0.0	0.0	1.0
0.659312895855099	0.1483164141527735	0.03331029393096468	40.0	0.0	0.0	1.0
0.9797924704469048	0.3214077624890181	0.03206230761095223	32.0	0.0	0.0	1.0
0.9176063301374672	0.8972274137590289	0.0310858596934827	67.0	0.0	0.0	1.0
0.41489987537854606	0.15294862774694967	0.031896658692819456	33.0	0.0	0.0	1.0
0.8283366440141559	0.07603458832240322	0.031031842315334495	20.0	0.0	0.0	1.0
0.4186030845780095	0.6282005908599493	0.029855148569585245	37.0	0.0	0.0	1.0
0.948023788601498	0.49426800962777573	0.030500694635845343	61.0	0.0	0.0	1.0
0.18427138536562299	0.6499289735375015	0.03085263420456212	43.0	0.0	0.0	1.0
0.8041640951757569	0.814393284978523	0.03298490032250815	36.0	0.0	0.0	1.0
0.5907120988652872	0.1251929499001492	0.034684493174908355	53.0	0.0	0.0	1.0
0.8481187506881785	0.6674301837547679	0.03493259995738648	9.0	0.0	0.0	1.0
0.26591519520447787	0.38849347843136395	0.03544313073762257	39.0	0.0	0.0005568979270407226	1.0
0.8181733589001218	0.5866519328556553	0.031060146715248326	14.0	0.0	0.0	1.0
0.7026577099063024	0.6955348324332139	0.032433732381029166	52.0	0.0	0.0	1.0
0.3296728236067921	0.8823526339001482	0.03165601665256937	28.0	0.0	0.0	1.0
0.9291054359308495	0.2505593528497286	0.0350154349271122	59.0	0.0	2.3533885951110278e-08	1.0
0.8729550398373426	0.7446641435332699	0.030106676809645162	12.0	0.0	0.0	1.0
0.48211208327199795	0.19045623018072175	0.028640992939239378	69.0	0.0	0.0	1.0
0.03807383867287653	0.6445138745976395	0.030505043459684616	45.0	0.0	0.0	1.0
0.6114816862113378	0.9988868831320656	0.03440817554187442	38.0	0.0	0.0	1.0
0.41926581998756546	0.508113349369712	0.03328462113890125	16.0	0.0	0.0	1.0
0.17168017603593166	0.06726813667911383	0.03545865244938431	41.0	0.0	0.0006174917014618586	1.0
0.2816871190890476	0.543132619303564	0.03211351757032126	60.0	0.0	0.0	1.0
0.6982263908685455	0.8233597556538805	0.033464265867702875	23.0	0.0	0.0	1.0
0.3153605910317264	0.11147200101207155	0.03182256051257289	15.0	0.0	0.0	1.0
0.8633337513436399	0.3080986097870003	0.03498624454850147	26.0	0.0	0.0	1.0
0.9070277388889405	0.1590930521346531	0.03444752093452167	4.0	0.0	0.0	1.0
0.8847082122172835	0.8167546848072068	0.0341817028491883	35.0	0.0	0.0	1.0
0.6483815379740485	0.7480380943803038	0.032662677459647155	54.0	0.0	0.0	1.0
0.40579520294241417	0.9351080008222317	0.035064453382829285	48.0	0.0	1.7136302545850413e-06	1.0
0.8728375840582734	0.532855861996583	0.033912813083316604	5.0	0.0	0.0	1.0
0.38723936289741306	0.8184434631069766	0.03245841279147874	66.0	0.0	0.0	1.0
0.49056879793060243	0.6928180876641283	0.031202826462496436	30.0	0.0	0.0	1.0
0.7021400165203993	0.29434386952591834	0.031557696941440616	51.0	0.0	0.0	1.0
0.11502244802486951	0.3404406725756965	0.03268510428493122	49.0	0.0	0.0	1.0
0.9667641513189268	0.1341659697360458	0.02742937752572755	31.0	0.0	0.0	1.0
0.6491365475117856	0.23388596598702122	0.0330408129596413	65.0	0.0	0.0	1.0
0.43024920928922117	0.440158476472602	0.03333604480815552	50.0	0.0	0.0	1.0
0.4831459000816146	0.3799802565982385	0.032769494072283696	18.0	0.0	0.0	1.0
0.3345836034410131	0.9605131108269862	0.029896207095888607	64.0	0.0	0.0	1.0
0.2442041230613936	0.30798737801680176	0.035045555853057894	19.0	0.0	6.050796201861885e-07	1.0
0.9048220990875536	0.16343370109402558	0.03448196845545619	4.0	0.0	0.0	2.0
0.4248195643363221	0.7123722917341017	0.03280441490045775	42.0	0.0	0.0	2.0
0.385777647777479	0.8179419263731318	0.032490871204270216	66.0	0.0	0.0	2.0
0.8863186800534049	0.8170363311132032	0.03421588455203748	35.0	0.0	0.0	2.0
0.21288274069511123	0.49807328614903595	0.031529342054353565	57.0	0.0	0.0	2.0
0.829843926090855	0.07266436505367524	0.031062874157649824	20.0	0.0	0.0	2.0
0.5766360930544856	0.9363217744343391	0.03269422302858546	58.0	0.0	0.0	2.0
0.48988900788183765	0.7005106450702248	0.03123402928895893	30.0	0.0	0.0	2.0
0.7391911566711528	0.6180153917435831	0.032744165900619605	55.0	0.0	0.0	2.0
0.5172656576818541	0.24078990635309985	0.035747586467641264	27.0	0.0	0.0026740176425477102	2.0
0.33210315487982345	0.9611429952457414	0.02992610330298449	64.0	0.0	0.0	2.0
0.5835496367407754	0.20063965783665832	0.034787674655065395	46.0	0.0	0.0	2.0
0.590933609679718	0.12627753494367408	0.03471917766808326	53.0	0.0	0.0	2.0
0.11371640673526211	0.33995545929999105	0.03271778938921614	49.0	0.0	0.0	2.0
0.916017948011499	0.6949639424196216	0.030243333021637772	11.0	0.0	0.0	2.0
0.4970313691306314	0.9192543071112941	0.033992590041859956	25.0	0.0	0.0	2.0
0.8691221392031627	0.537111619901111	0.03394672589639992	5.0	0.0	0.0	2.0
0.8013260489843353	0.8200377346639043	0.033017885222830654	36.0	0.0	0.0	2.0
0.703546876375978	0.6943302436218046	0.03246616611341019	52.0	0.0	0.0	2.0
0.822172814531383	0.5826650472903012	0.03109120686196357	14.0	0.0	0.0	2.0
0.9495554589353147	0.4913599311468136	0.030531195330481185	61.0	0.0	0.0	2.0
0.16535028915619082	0.06620216160692247	0.03549411110183369	41.0	0.0	0.0007720649013549519	2.0
0.4304463596402898	0.4357929695283868	0.03336938085296367	50.0	0.0	0.0	2.0
0.6586882700030567	0.1449333590692514	0.033343604224895636	40.0	0.0	0.0	2.0
0.41408140886109285	0.6272622669300553	0.029885003718154828	37.0	0.0	0.0	2.0
0.8656788280798583	0.32126352872218233	0.03502123079304997	26.0	0.0	6.124612639268889e-08	2.0
0.041334222367782336	0.46467531048264077	0.034806852656368105	63.0	0.0	0.0	2.0
0.9320823096632319	0.2546458374827972	0.035050450362039305	59.0	0.0	8.21812676576883e-07	2.0
0.8653649011097255	0.22825797277647447	0.03464316536226403	47.0	0.0	0.0	2.0
0.28294876079023495	0.5428585014667981	0.03214563108789158	60.0	0.0	0.0	2.0
0.4846934381566488	0.38009249676222634	0.032802263566355974	18.0	0.0	0.0	2.0
0.25395040232526	0.3064720112594974	0.03508060140891095	19.0	0.0	3.351258072825658e-06	2.0
0.5686388464936136	0.8556806136524339	0.03360592444518914	2.0	0.0	0.0	2.0
0.6505616002895969	0.7501307198543112	0.0326953401371068	54.0	0.0	0.0	2.0
0.4187047442554137	0.5204895876675644	0.03331790576004015	16.0	0.0	0.0	2.0
0.1884417028432576	0.4288724720593621	0.031473685679660794	34.0	0.0	0.0	2.0
0.7010282232804846	0.2943823827316121	0.03158925463838205	51.0	0.0	0.0	2.0
0.8359377467812767	0.8828774352169363	0.0319251624994375	21.0	0.0	0.0	2.0
0.6150668128004256	0.9936956198398478	0.03444258371741629	38.0	0.0	0.0	2.0
0.5117965704526507	0.32172697412754836	0.029808794939376552	29.0	0.0	0.0	2.0
0.30702637442988107	0.46661032478002773	0.03300734248586542	62.0	0.0	0.0	2.0
0.40434490207575846	0.9367692095382549	0.03509951783621211	48.0	0.0	6.307870194177667e-06	2.0
0.8041277662451528	0.3834629664444037	0.0336037611769122	24.0	0.0	0.0	2.0
0.3350764977696801	0.8874104018358046	0.031687672669221935	28.0	0.0	0.0	2.0
0.8488255011478104	0.6644512646953024	0.03496753255734386	9.0	0.0	0.0	2.0
0.31139357486770153	0.20639240294375252	0.035779961323300025	56.0	0.0	0.00303668102904453	2.0
0.26650200418266157	0.387185837002121	0.03547857386836019	39.0	0.0	0.0007014987753990454	2.0
0.6538495829995015	0.23157173628493696	0.033073853772600935	65.0	0.0	0.0	2.0
0.4166745225360439	0.1503440210870778	0.031928555351512275	33.0	0.0	0.0	2.0
0.5939524771022188	0.3155679603317855	0.030473635093240945	22.0	0.0	0.0	2.0
0.027030761460089425	0.06509045510088492	0.029170736114096988	8.0	0.0	0.0	2.0
0.8120544334386588	0.49576267047415584	0.03592591211057184	10.0	0.0	0.005080298932682581	2.0
0.981772278646714	0.3238562971109195	0.03209436991856318	32.0	0.0	0.0	2.0
0.9500927901529722	0.3840844794083026	0.03483209097150845	1.0	0.0	0.0	2.0
0.31444673296590897	0.10893916760106787	0.031854383073085454	15.0	0.0	0.0	2.0
0.6952019322251929	0.8214754489311445	0.033497730133570575	23.0	0.0	0.0	2.0
0.9074811155740469	0.9051540794883445	0.03111694555317618	67.0	0.0	0.0	2.0
0.9706294479640707	0.13125601438459442	0.027456806903253275	31.0	0.0	0.0	2.0
0.9084037148396115	0.08283042041985378	0.03080052756858803	44.0	0.0	0.0	2.0
0.03990334944420425	0.6499011179908992	0.030535548503144296	45.0	0.0	0.0	2.0
0.9551344759207357	0.5939614332527434	0.031070492986085784	17.0	0.0	0.0	2.0
0.25787676493169276	0.6845142510944167	0.031477837547132244	68.0	0.0	0.0	2.0
0.4770893601722261	0.18222738266502486	0.028669633932178615	69.0	0.0	0.0	2.0
0.22746368113252713	0.9568697278510169	0.03318006298469477	7.0	0.0	0.0	2.0
0.8713682191730079	0.7461873207934726	0.030136783486454804	12.0	0.0	0.0	2.0
0.2508207473234255	0.12640420259896926	0.03355823307734777	3.0	0.0	0.0	2.0
0.6540851160074742	0.8932058005703265	0.033342912022404976	13.0	0.0	0.0	2.0
0.23942616420773385	0.6040863118956673	0.032372486911801626	6.0	0.0	0.0	2.0
0.18331606450254653	0.6461167099994737	0.03088348683876668	43.0	0.0	0.0	2.0
0.2680257254889964	0.3861546586317551	0.03551405244222854	39.0	0.0	0.0008693652052613743	3.0
0.11412596893942545	0.3385487126172793	0.03275050717860536	49.0	0.0	0.0	3.0
0.23865805117380823	0.6049226495326647	0.032404859398713425	6.0	0.0	0.0	3.0
0.8144055261321669	0.5852755812611281	0.031122298068825528	14.0	0.0	0.0	3.0
0.5250260853440856	0.31487773221850923	0.029838603734315926	29.0	0.0	0.0	3.0
0.6963163440236558	0.2974009427668265	0.03952605486627554	51.0	0.0	0.0	3.0
0.9747087696544094	0.14192649349841602	0.027484263710156526	31.0	0.0	0.0	3.0
0.4034972122172049	0.9383074791707121	0.03513461735404832	48.0	0.0	1.5612883686344503e-05	3.0
0.3102400778721087	0.46906158526263836	0.03304034982835128	62.0	0.0	0.0	3.0
0.811053591739749	0.48993169985693696	0.03596183802268241	10.0	0.0	0.005694896005792316	3.0
0.2874121450284154	0.543523723413663	0.032177776718979464	60.0	0.0	0.0	3.0
0.8280026587231798	0.07275137128912397	0.031093937031807472	20.0	0.0	0.0	3.0
0.9589869479334535	0.582847599409752	0.031101563479071868	17.0	0.0	0.0	3.0
0.6520688429982979	0.7441159800496812	0.03272803547724391	54.0	0.0	0.0	3.0
0.5837004634679821	0.19923581876408897	0.03482246232972046	46.0	0.0	0.0	3.0
0.38512318246894195	0.8193295599359647	0.03252336207547448	66.0	0.0	0.0	3.0
0.4153425887383968	0.14997887900402673	0.03196048390686378	33.0	0.0	0.0	3.0
0.8377269240008604	0.8866709477643008	0.03195708766193693	21.0	0.0	0.0	3.0
0.9313732580139134	0.25392098702067833	0.03508550081240134	59.0	0.0	4.0002828285423675e-06	3.0
0.3135672543819675	0.10943470399846555	0.039857796820198174	15.0	0.0	0.0	3.0
0.5185673080526063	0.24158953271024255	0.0357833340541089	27.0	0.0	0.003076245528745858	3.0
0.6595898729613764	0.2258297558302684	0.03310692762637353	65.0	0.0	0.0	3.0
0.2132912395854408	0.49549936990729954	0.03156087139640792	57.0	0.0	0.0	3.0
0.040969013697519464	0.6492918057850307	0.030566084051647437	45.0	0.0	0.0	3.0
0.8715229014228053	0.5341039349617506	0.033980672622296315	5.0	0.0	0.0	3.0
0.5752442387154219	0.9355718167969872	0.03272691725161404	58.0	0.0	0.0	3.0
0.6961063611306166	0.8178662727138662	0.04191403482963017	23.0	0.0	0.0	3.0
0.703668690411367	0.6967467645791977	0.0324986322795236	52.0	0.0	0.0	3.0
0.6638619072018287	0.14689259545852668	0.033376947829120526	40.0	0.0	0.0	3.0
0.16130235331803747	0.0661384440932942	0.03552960521293552	41.0	0.0	0.0009506851884282241	3.0
0.49119241444061457	0.7004572765560689	0.03126526331824789	30.0	0.0	0.0	3.0
0.028331407221106743	0.06926259559901014	0.029199906850211083	8.0	0.0	0.0	3.0
0.42133373930829543	0.6344013387176352	0.02991488872187298	37.0	0.0	0.0	3.0
0.7314629258517034	0.4008016032064128	0.027254509018036072	-2.0	-1.0	0.0	3.0
0.9765034350258083	0.313539706009545	0.03212646428848174	32.0	0.0	0.0	3.0
0.8855009173905543	0.8234965051776411	0.03425010043658951	35.0	0.0	0.0	3.0
0.8065934219008906	0.8200874794494951	0.03305090310805348	36.0	0.0	0.0	3.0
0.25264028628680346	0.3051660128426543	0.03511568201031986	19.0	0.0	9.907805122111313e-06	3.0
0.18969855833657265	0.4264861658594627	0.03150515936534045	34.0	0.0	0.0	3.0
0.9558991391044298	0.37947964570904547	0.03486692306247996	1.0	0.0	0.0	3.0
0.8640033585958957	0.2301773445618157	0.03467780852762629	47.0	0.0	0.0	3.0
0.6159229679688503	0.9953983845043762	0.0344770263011337	38.0	0.0	0.0	3.0
0.8565257925328462	0.32146525051488395	0.03505625202384302	26.0	0.0	1.139185457077474e-06	3.0
0.9066712770008023	0.9040569593003397	0.03114806249872935	67.0	0.0	0.0	3.0
0.8668958033141445	0.7365478234792033	0.030166920269941257	12.0	0.0	0.0	3.0
0.911559091478393	0.6904057353811786	0.030273576354659406	11.0	0.0	0.0	3.0
0.47179017436057025	0.37955294825033314	0.03283506582992233	18.0	0.0	0.0	3.0
0.4174943033304233	0.5166911338232771	0.033351223665800185	16.0	0.0	0.0	3.0
0.24880702216939968	0.1267563724704826	0.03359179131042511	3.0	0.0	0.0	3.0
0.0367314243192747	0.45139689274071115	0.03484165950902447	63.0	0.0	0.0	3.0
0.5927467294695914	0.3120895498978193	0.030504108728334183	22.0	0.0	0.0	3.0
0.8490257279139007	0.6667170464542223	0.0350025000899012	9.0	0.0	1.000159954855917e-10	3.0
0.5918126231095792	0.12533245932185005	0.034753896845751336	53.0	0.0	0.0	3.0
0.6444864397090703	0.892933787731214	0.03337625493442738	13.0	0.0	0.0	3.0
0.7412043685185249	0.6232814473772829	0.03277691006652022	55.0	0.0	0.0	3.0
0.3370943002872398	0.9622115616818024	0.02995602940628747	64.0	0.0	0.0	3.0
0.9081116592302103	0.08446997803558073	0.030831328096156612	44.0	0.0	0.0	3.0
0.33553776672869734	0.8896689164608259	0.031719360341891156	28.0	0.0	0.0	3.0
0.2596240673770851	0.6834256418149537	0.031509315384679375	68.0	0.0	0.0	3.0
0.4199691454395829	0.7123570231061405	0.0328372193153582	42.0	0.0	0.0	3.0
0.5050611486839198	0.9233871617326928	0.034026582631901815	25.0	0.0	0.0	3.0
0.4320708561710194	0.43478087113496267	0.03340275023381663	50.0	0.0	0.0	3.0
0.9465021904699271	0.4929803703564828	0.030561726525811662	61.0	0.0	0.0	3.0
0.18110236938113056	0.6459140612601164	0.030914370325605442	43.0	0.0	0.0	3.0
0.9086334618790338	0.16779932565835054	0.03451645042391164	4.0	0.0	0.0	3.0
0.47799218598530113	0.18045961625945067	0.02869830356611079	69.0	0.0	0.0	3.0
0.22834255852258462	0.9564381749450686	0.03321324304767947	7.0	0.0	0.0	3.0
0.8049301799421686	0.382375905028447	0.03363736493808911	24.0	0.0	0.0	3.0
0.3161939190801203	0.20761140101989656	0.03581574128462332	56.0	0.0	0.003474059892980108	3.0
0.563776394760938	0.853733443433438	0.033639530369634324	2.0	0.0	0.0	3.0
0.31310772563762557	0.19649125435664372	0.03585155702590794	56.0	0.0	0.00395203865261351	4.0
0.4152465802125727	0.15188347574447103	0.03199244439077065	33.0	0.0	0.0	4.0
0.7057536924138516	0.6989052429384695	0.03253113091180312	52.0	0.0	0.0	4.0
0.43001590591400785	0.6309245625601677	0.029944803610594848	37.0	0.0	0.0	4.0
0.9756999320870199	0.1420742161608389	0.027511747973866678	31.0	0.0	0.0	4.0
0.6950708098516016	0.8173738730880757	0.040237473436444966	23.0	0.0	0.0	4.0
0.8061621545429557	0.3855984405979245	0.03367100230302719	24.0	0.0	0.0	4.0
0.18156575815394968	0.6469295100544891	0.030945284695931045	43.0	0.0	0.0	4.0
0.7376783589180821	0.63127310440469	0.03280968697658673	55.0	0.0	0.0	4.0
0.40548468276059796	0.9367716427493001	0.03516975197140236	48.0	0.0	3.1305774584211576e-05	4.0
0.6552974834455507	0.14697347741433536	0.04176290597118705	40.0	0.0	0.0	4.0
0.9095506325584677	0.1673912055721199	0.034550966874335544	4.0	0.0	0.0	4.0
0.16177780838471564	0.0672160571049995	0.03556513481814846	41.0	0.0	0.0011551441137953589	4.0
0.8865487470905874	0.8225280542791807	0.0342843505370261	35.0	0.0	0.0	4.0
0.33432711558488054	0.9636358065205946	0.029985985435693755	64.0	0.0	0.0	4.0
0.856170970678843	0.2200211867571108	0.03471248633615391	47.0	0.0	0.0	4.0
0.386318106018337	0.8202174165379755	0.032555885437549954	66.0	0.0	0.0	4.0
0.6612678742057511	0.22632402663761514	0.0331400345539999	65.0	0.0	0.0	4.0
0.3031675145312585	0.4650177232705031	0.033073390178179625	62.0	0.0	0.0	4.0
0.8285590178323637	0.8842332201841785	0.03198904474959886	21.0	0.0	0.0	4.0
0.5880581830120228	0.31759841719349086	0.030534612837062516	22.0	0.0	0.0	4.0
0.26492665579685637	0.38811264116562766	0.03554956649467077	39.0	0.0	0.001062284185039175	4.0
0.4967500482208885	0.9211273716646634	0.034060609214533716	25.0	0.0	0.0	4.0
0.25038881195005647	0.31044805254819047	0.03515079769233018	19.0	0.0	2.194643892039494e-05	4.0
0.9876732539495369	0.30852888977399356	0.032158590752770215	32.0	0.0	0.0	4.0
0.8097299734586442	0.5811676311808294	0.03115342036689435	14.0	0.0	0.0	4.0
0.25983220970472015	0.6818605098957815	0.03154082470006405	68.0	0.0	0.0	4.0
0.9115839010416004	0.9048990066244179	0.031179210561228077	67.0	0.0	0.0	4.0
0.8665758619342441	0.7381143548304441	0.030197087190211195	12.0	0.0	0.0	4.0
0.02773294180099144	0.06847283953520104	0.02922910675706129	8.0	0.0	0.0	4.0
0.8753161520432132	0.5339007485601207	0.03401465329491861	5.0	0.0	0.0	4.0
0.4898126290888389	0.7020784729051365	0.03129652858156613	30.0	0.0	0.0	4.0
0.5616048814923854	0.8555698427814185	0.033673169900003956	2.0	0.0	0.0	4.0
0.11317171097435066	0.3361873168783509	0.03278325768578396	49.0	0.0	0.0	4.0
0.9601519458142355	0.5823810756675402	0.031132665042550935	17.0	0.0	0.0	4.0
0.47973083730852056	0.17523206083181062	0.0287270018696769	69.0	0.0	0.0	4.0
0.33176743033612804	0.8848214751513915	0.031751079702233044	28.0	0.0	0.0	4.0
0.9527043683389875	0.38922207332367037	0.034901789985542435	1.0	0.0	0.0	4.0
0.5212734316755917	0.31635313753481686	0.02986844233805024	29.0	0.0	0.0	4.0
0.18911897495449806	0.41626832908940725	0.031536664524705785	34.0	0.0	0.0	4.0
0.6141159088218139	0.9953471750173857	0.034511503327434835	38.0	0.0	0.0	4.0
0.4708658781481097	0.37756079207819515	0.03286790089575225	18.0	0.0	0.0	4.0
0.6540953841233113	0.7447129165068738	0.03276076351272115	54.0	0.0	0.0	4.0
0.910398175952652	0.08527064195693015	0.030862159424252765	44.0	0.0	0.0	4.0
0.6538133282832225	0.8962461892107348	0.0334096311893618	13.0	0.0	0.0	4.0
0.827007899092111	0.0728996300773281	0.031125030968839278	20.0	0.0	0.0	4.0
0.9463317312660232	0.4916985977157233	0.03059228825233747	61.0	0.0	0.0	4.0
0.41871207350930123	0.7141291223029114	0.03287005653467355	42.0	0.0	0.0	4.0
0.41854403444657573	0.5158368754246996	0.03338457488946598	16.0	0.0	0.0	4.0
0.040586058726729386	0.6481870351596611	0.03059665013569908	45.0	0.0	0.0	4.0
0.23082374653475327	0.9581401919294136	0.033246456290727144	7.0	0.0	0.0	4.0
0.809405718626715	0.8128678207876283	0.041354942513951914	36.0	0.0	0.0	4.0
0.9273696273561661	0.2569347762609843	0.035120586313213735	59.0	0.0	1.1222097199947711e-05	4.0
0.811564964243772	0.4890933702719456	0.03599779986070509	10.0	0.0	0.006357850197147741	4.0
0.21383432834213245	0.48318415047293967	0.031592432267804324	57.0	0.0	0.0	4.0
0.6991142769854832	0.29888586960138686	0.03794501267162451	51.0	0.0	0.0	4.0
0.9142600386295856	0.6905333644522721	0.030303849931014062	11.0	0.0	0.0	4.0
0.5937687548943374	0.11605300507153248	0.034788650742597085	53.0	0.0	0.0	4.0
0.24572294645489148	0.1318097029569467	0.03362538310173553	3.0	0.0	0.0	4.0
0.24007472144810565	0.6053790125650611	0.032437264258112136	6.0	0.0	0.0	4.0
0.8594460855127382	0.3201214841473234	0.03509130827586686	26.0	0.0	4.872035020753174e-06	4.0
0.5828367968255059	0.2000240338781586	0.03485728479205018	46.0	0.0	0.0	4.0
0.51938824333166	0.23792446721861057	0.035819117388163006	27.0	0.0	0.003517372870803115	4.0
0.2868465066274634	0.5445501652972792	0.03220995449569844	60.0	0.0	0.0	4.0
0.5727139648376222	0.9346310872740141	0.032759644168865655	58.0	0.0	0.0	4.0
0.8530046468114717	0.6636422997209694	0.0350375025899911	9.0	0.0	3.3756992934286245e-07	4.0
0.3247266325516773	0.10757507890927749	0.03826348494739024	15.0	0.0	0.0	4.0
0.036096542356190406	0.45041271671117	0.03487650116853349	63.0	0.0	0.0	4.0
0.43321019152254087	0.44117693370771843	0.03343615298405044	50.0	0.0	0.0	4.0
0.8835404946028165	0.8242732973469563	0.03431863488756313	35.0	0.0	0.0	5.0
0.8027527905156129	0.5791600876902591	0.03118457378726124	14.0	0.0	0.0	5.0
0.8486328027901433	0.2273897752808276	0.03474719882249006	47.0	0.0	0.0	5.0
0.8601312504179947	0.32090628814123534	0.03512639958414272	26.0	0.0	1.2924593988827837e-05	5.0
0.4207846867994253	0.15256681258384655	0.032024436835161416	33.0	0.0	0.0	5.0
0.9437885944547185	0.4858349268561049	0.030622880540589804	61.0	0.0	0.0	5.0
0.49741066957821334	0.9194314408402847	0.034094669823748244	25.0	0.0	0.0	5.0
0.8507000246310112	0.6721538919554874	0.03507254009258109	9.0	0.0	2.442948385805721e-06	5.0
0.472056486982662	0.3851114772095677	0.032900768796647994	18.0	0.0	0.0	5.0
0.9131825056337831	0.16248899351997279	0.034585517841209876	4.0	0.0	0.0	5.0
0.4813362400522537	0.17281088810859754	0.028755728871546572	69.0	0.0	0.0	5.0
0.4197025578407943	0.7139878691978403	0.03290292659120822	42.0	0.0	0.0	5.0
0.3119941074636581	0.19655793926072632	0.03588740858293384	56.0	0.0	0.004472505142103955	5.0
0.8725524931481599	0.5330677428149407	0.034048667948213526	5.0	0.0	0.0	5.0
0.4108778331465774	0.9309731705286597	0.03520492172337376	48.0	0.0	5.507366427082161e-05	5.0
0.22394927559541677	0.966642217582122	0.033279702747017866	7.0	0.0	0.0	5.0
0.656955121032286	0.741714856206321	0.03279352427623387	54.0	0.0	0.0	5.0
0.6548424395579429	0.890250518155782	0.033443040820551155	13.0	0.0	0.0	5.0
0.033139855106566876	0.4511635370502045	0.034911377669702016	63.0	0.0	0.0	5.0
0.386476344893716	0.8174277247536584	0.0325884413229875	66.0	0.0	0.0	5.0
0.332741768806185	0.976159753391889	0.030015971421129446	64.0	0.0	0.0	5.0
0.5554288515115127	0.8618044742642662	0.03370684306990396	2.0	0.0	0.0	5.0
0.3241924966606554	0.10544357853029776	0.03666917307458232	15.0	0.0	0.0	5.0
0.5917775443081684	0.19346780552438628	0.03489214207684222	46.0	0.0	0.0	5.0
0.9145117544359511	0.6916248845811107	0.03033415378094507	11.0	0.0	0.0	5.0
0.04275945084906475	0.6431758788594525	0.030627246785834776	45.0	0.0	0.0	5.0
0.826822996499628	0.07189817351991681	0.031156155999808113	20.0	0.0	0.0	5.0
0.591933281079411	0.3129783374396902	0.030565147449899573	22.0	0.0	0.0	5.0
0.8144919842020243	0.4859463703363776	0.03603379766056579	10.0	0.0	0.007071093975881126	5.0
0.5260460738270573	0.24249152966066706	0.03585493650555117	27.0	0.0	0.003999277678417457	5.0
0.7071530505812262	0.6991864557792441	0.032563662042714915	52.0	0.0	0.0	5.0
0.42882307361406524	0.6294301772710431	0.02997474841420544	37.0	0.0	0.0	5.0
0.19788079002512518	0.4159095729910288	0.03156820118923049	34.0	0.0	0.0	5.0
0.17374327576124543	0.6539439215974558	0.030976229980626973	43.0	0.0	0.0	5.0
0.24329555170935774	0.6048380354566927	0.03246970152237025	6.0	0.0	0.0	5.0
0.9630928666474828	0.5825571818305537	0.031163797707593484	17.0	0.0	0.0	5.0
0.26174143375287506	0.6765689371241032	0.03157236552476411	68.0	0.0	0.0	5.0
0.6155491077119837	0.994875507668764	0.034546014830762264	38.0	0.0	0.0	5.0
0.8309061880321197	0.8808798657341321	0.03202103379434846	21.0	0.0	0.0	5.0
0.33217814303105886	0.8832658444274981	0.03178283078193527	28.0	0.0	0.0	5.0
0.41569836374346586	0.5160072778860849	0.03341795946435544	16.0	0.0	0.0	5.0
0.2660672705510446	0.3894528209789608	0.035585116061165434	39.0	0.0	0.0012820531567285798	5.0
0.6963502936486756	0.3014729216467534	0.03636397047697349	51.0	0.0	0.0	5.0
0.903580934176438	0.9143021943353273	0.0312103897717893	67.0	0.0	0.0	5.0
0.8058790034390592	0.38462588533754255	0.03370467330533022	24.0	0.0	0.0	5.0
0.5726067176027385	0.9321991215685064	0.03279240381303452	58.0	0.0	0.0	5.0
0.6620328766726326	0.14387420109063492	0.04009238973233957	40.0	0.0	0.0	5.0
0.11473210657690229	0.33418114943987626	0.03281604094346974	49.0	0.0	0.0	5.0
0.9791252702569833	0.1431862820763711	0.027539259721840542	31.0	0.0	0.0	5.0
0.48641720525842197	0.7012841880763446	0.03132782511014769	30.0	0.0	0.0	5.0
0.9519007136550647	0.39021599602680285	0.034936691775527974	1.0	0.0	0.0	5.0
0.24542598563109963	0.30928710833328443	0.0351859484900225	19.0	0.0	4.114887272521628e-05	5.0
0.7382493434680621	0.6294001104032491	0.032842496663563314	55.0	0.0	0.0	5.0
0.5168651595812382	0.311968500263749	0.029898310780388286	29.0	0.0	0.0	5.0
0.5972257564102914	0.11383830812329676	0.03482343939333968	53.0	0.0	0.0	5.0
0.8653987762942763	0.737228196025157	0.030227284277401404	12.0	0.0	0.0	5.0
0.9848258166715275	0.30743002930483193	0.03219074934352298	32.0	0.0	0.0	5.0
0.24534076156555204	0.13482889302527795	0.033659008484837265	3.0	0.0	0.0	5.0
0.693859618170563	0.8181606108623914	0.03856091204325976	23.0	0.0	0.0	5.0
0.9301015229855437	0.2565451802541519	0.03515570689952695	59.0	0.0	2.4160367999570553e-05	5.0
0.02561455624105719	0.06915525157945443	0.029258335863818347	8.0	0.0	0.0	5.0
0.8078941819699901	0.8127294498823423	0.039700744813393835	36.0	0.0	0.0	5.0
0.6608428145967462	0.22417384552020228	0.0331731745885539	65.0	0.0	0.0	5.0
0.9146633948956211	0.07471598042289226	0.030893021583677013	44.0	0.0	0.0	5.0
0.28730185201810127	0.5389990912296854	0.032242164450194136	60.0	0.0	0.0	5.0
0.4349983745809805	0.4423067021684509	0.03346958913703449	50.0	0.0	0.0	5.0
0.16282658704203573	0.06642649310861366	0.0356006999529666	41.0	0.0	0.0013872437211404076	5.0
0.21334229303293645	0.48594636497055904	0.031624024700072126	57.0	0.0	0.0	5.0
0.30429430244145445	0.4626671171337651	0.0331064635683578	62.0	0.0	0.0	5.0
0.9619637086444108	0.5823079927509862	0.031194961505301076	17.0	0.0	0.0	6.0
0.9468154653141316	0.4788559179505387	0.03065350342113039	61.0	0.0	0.0	6.0
0.8606348502849053	0.32488463411722995	0.03516152598372686	26.0	0.0	2.697162780407325e-05	6.0
0.895991219883363	0.8284579033041112	0.034352953522450685	35.0	0.0	0.0	6.0
0.029554628258240904	0.45427374825267636	0.034946289047371716	63.0	0.0	0.0	6.0
0.31584041149488007	0.18269896841667102	0.03592329599151677	56.0	0.0	0.005037358085701271	6.0
0.8362027325800097	0.6694447751219307	0.03510761263267367	9.0	0.0	7.975717124963921e-06	6.0
0.2504225882608999	0.3091455117188143	0.03522113443851252	19.0	0.0	6.920685643763136e-05	6.0
0.5528161603807571	0.858695209976459	0.03374054991297386	2.0	0.0	0.0	6.0
0.48298182512054605	0.17074929225964422	0.028784484600418117	69.0	0.0	0.0	6.0
0.7372958205180368	0.6299532984502171	0.03287533916022688	55.0	0.0	0.0	6.0
0.21050693123663453	0.4898385899862652	0.031655648724772195	57.0	0.0	0.0	6.0
0.42815336005977817	0.619775183485934	0.03000472316261964	37.0	0.0	0.0	6.0
0.4121746502745048	0.5290213035486703	0.03345137742381979	16.0	0.0	0.0	6.0
0.8277756746191244	0.07379290790729752	0.031187312155807917	20.0	0.0	0.0	6.0
0.850908773185117	0.2237621595193318	0.03478194602131255	47.0	0.0	0.0	6.0
0.5040668588921743	0.9191589004489279	0.03412876449357199	25.0	0.0	0.0	6.0
0.9587276619507672	0.39299984957331735	0.0349716284673035	1.0	0.0	0.0	6.0
0.9857623713581951	0.30886197808647453	0.0322229400928665	32.0	0.0	0.0	6.0
0.41148100408282773	0.9330945887949535	0.035240126645097125	48.0	0.0	8.861373326851663e-05	6.0
0.5909902487013313	0.10791918406447353	0.034858262832733015	53.0	0.0	0.0	6.0
0.5906730493228474	0.31381968028959567	0.03059571259734947	22.0	0.0	0.0	6.0
0.5001114154581939	0.7021042151870779	0.03135915293525784	30.0	0.0	0.0	6.0
0.11620273572568088	0.3369312014837153	0.032848856984413206	49.0	0.0	0.0	6.0
0.3316616475099357	0.8822545270530411	0.0318146136127172	28.0	0.0	0.0	6.0
0.6187837097044243	0.9965921847168662	0.03458056084559302	38.0	0.0	0.0	6.0
0.5259056035030715	0.24001509074624228	0.035890791442056716	27.0	0.0	0.004523848810819686	6.0
0.3324764756882647	0.9774587100526995	0.03004598739255057	64.0	0.0	0.0	6.0
0.5788462650119778	0.9313893228324505	0.03282519621684755	58.0	0.0	0.0	6.0
0.8081459875233119	0.5848858970762799	0.031215758361048496	14.0	0.0	0.0	6.0
0.42434602637900387	0.7121283908631381	0.03293582951779943	42.0	0.0	0.0	6.0
0.9815566057045193	0.14590141346982116	0.02756679898156238	31.0	0.0	0.0	6.0
0.24633794024010092	0.13299208857050887	0.0336926674933221	3.0	0.0	0.0	6.0
0.1995352254542528	0.42007899406285937	0.03159976939041972	34.0	0.0	0.0	6.0
0.430462334992816	0.45102490804954404	0.03350305872617152	50.0	0.0	0.0	6.0
0.5989414456716368	0.1849423191365773	0.03492703421891906	46.0	0.0	0.0	6.0
0.9285973756073513	0.2557589917732325	0.03519086260642647	59.0	0.0	4.44982083109835e-05	6.0
0.9024056794730722	0.9147642612326591	0.031241600161561085	67.0	0.0	0.0	6.0
0.6971031196382235	0.8129908700465599	0.03688435065007456	23.0	0.0	0.0	6.0
0.28548117662239064	0.5415657044270672	0.03227440661464433	60.0	0.0	0.0	6.0
0.26801494674555054	0.39168373509112375	0.03562070117722659	39.0	0.0	0.001530480079296126	6.0
0.8036267277759243	0.3825442318117126	0.03373837797863554	24.0	0.0	0.0	6.0
0.840667907099535	0.880233619250345	0.0320530548281428	21.0	0.0	0.0	6.0
0.5145915193190184	0.3151736597978759	0.02992820909116867	29.0	0.0	0.0	6.0
0.32512485082136666	0.10492595590401077	0.035074861201774395	15.0	0.0	0.0	6.0
0.6634586799424959	0.2243304869380168	0.03320634776314245	65.0	0.0	0.0	6.0
0.03205421544821453	0.07159392560479759	0.029287594199682163	8.0	0.0	0.0	6.0
0.41693973656287164	0.15757492855522606	0.03205646127199657	33.0	0.0	0.0	6.0
0.8679527492463248	0.747870670397992	0.0302575115616788	12.0	0.0	0.0	6.0
0.3095943007363833	0.45998132727819313	0.033139570031926156	62.0	0.0	0.0	6.0
0.914928792435992	0.15552033433926438	0.03462010335905108	4.0	0.0	0.0	6.0
0.7067275682030298	0.6930524456627353	0.03259622570475763	52.0	0.0	0.0	6.0
0.17241543066044282	0.6556291032507018	0.031007206210607596	43.0	0.0	0.0	6.0
0.262081248819516	0.6900598547448362	0.031603937890288876	68.0	0.0	0.0	6.0
0.22317463909147048	0.9659616203755909	0.03331298244976488	7.0	0.0	0.0	6.0
0.16147904160104323	0.06765631446704966	0.03563630065291956	41.0	0.0	0.0016487965901177404	6.0
0.2455444221263664	0.6103037516297558	0.032502171223892616	6.0	0.0	0.0	6.0
0.8076063250835471	0.8139776892770552	0.038046547112835755	36.0	0.0	0.0	6.0
0.043557906169373065	0.6480100788180991	0.030657874032620606	45.0	0.0	0.0	6.0
0.6659778094994678	0.1500781105537089	0.03842187349349208	40.0	0.0	0.0	6.0
0.6955755311704794	0.3031156159254948	0.034782928282322476	51.0	0.0	0.0	6.0
0.9154112403741598	0.08211493127885314	0.030923914605260686	44.0	0.0	0.0	6.0
0.9195543792925792	0.7000255396999537	0.030364487934726014	11.0	0.0	0.0	6.0
0.654218063065445	0.8912051609229863	0.033476483861371704	13.0	0.0	0.0	6.0
0.3851536504703699	0.8152593370162057	0.032621029764310486	66.0	0.0	0.0	6.0
0.4736492198416973	0.3842743468215813	0.03293366956544464	18.0	0.0	0.0	6.0
0.8807940385486539	0.5368868508344372	0.03408271661616174	5.0	0.0	0.0	6.0
0.8093555162465883	0.48135601153925045	0.03606983145822635	10.0	0.0	0.007836570884791172	6.0
0.655563434397237	0.7410531159408195	0.032826317800510096	54.0	0.0	0.0	6.0
0.04783974283537205	0.6547403032627456	0.030688531906653223	45.0	0.0	0.0	7.0
0.40983241701594814	0.5293703895527253	0.03348482880124361	16.0	0.0	0.0	7.0
0.31690040796450625	0.4563508783479873	0.03317270960195808	62.0	0.0	0.0	7.0
0.3337264793395479	0.9773759571626824	0.030076033379943117	64.0	0.0	0.0	7.0
0.3373361818400151	0.8898416038982525	0.031846428226329916	28.0	0.0	0.0	7.0
0.903753614769668	0.9138765841310563	0.031272841761722646	67.0	0.0	0.0	7.0
0.19038651572514412	0.42633658129577146	0.03163136915981014	34.0	0.0	0.0	7.0
0.5851262411487015	0.31827585213335075	0.030626308309946816	22.0	0.0	0.0	7.0
0.6681780149081739	0.1439800588116621	0.03675135725464461	40.0	0.0	0.0	7.0
0.243604239350107	0.6106430600590426	0.0325346733951165	6.0	0.0	0.0	7.0
0.03216141089688373	0.0704621977284429	0.02931688179388184	8.0	0.0	0.0	7.0
0.7063900577873823	0.6912244452306925	0.03262882193046238	52.0	0.0	0.0	7.0
0.8399854426854316	0.8819535301388814	0.03208510788297094	21.0	0.0	0.0	7.0
0.38507996825732316	0.8139603473469829	0.03265365079407479	66.0	0.0	0.0	7.0
0.5914759246304017	0.10877485288738872	0.03489312109556574	53.0	0.0	0.0	7.0
0.42183838389667333	0.7117384986843847	0.03296876534731722	42.0	0.0	0.0	7.0
0.5068759737275413	0.9206954031623235	0.034162893258065555	25.0	0.0	0.0	7.0
0.21208035200015776	0.49043443834151285	0.03168730437349696	57.0	0.0	0.0	7.0
0.8765669976896804	0.5368203140748867	0.0341167993327779	5.0	0.0	0.0	7.0
0.25297698171850513	0.30112963465406634	0.03525635557295103	19.0	0.0	0.00010782221843896878	7.0
0.86689171674638	0.7468129726639963	0.030287769073240475	12.0	0.0	0.0	7.0
0.5543891941931467	0.8606915631045251	0.033774290462886825	2.0	0.0	0.0	7.0
0.7365742135917518	0.6288346838401083	0.0329082144993871	55.0	0.0	0.0	7.0
0.0339277745286692	0.44968907608205294	0.034981235336419086	63.0	0.0	0.0	7.0
0.5175755980698029	0.3168550192541662	0.029958137300259837	29.0	0.0	0.0	7.0
0.284489088538593	0.5438931787244558	0.03230668102125897	60.0	0.0	0.0	7.0
0.9173958314428231	0.08301303992590964	0.030954838519865944	44.0	0.0	0.0	7.0
0.6641725497547576	0.889913219342872	0.03350996034523307	13.0	0.0	0.0	7.0
0.533467310717194	0.25157659119735576	0.03592668223349877	27.0	0.0	0.005092986021580259	7.0
0.267609481037321	0.3837914710612605	0.03565632187840381	39.0	0.0	0.0018093834721497615	7.0
0.8089009355856662	0.4822324312582831	0.03610590128968457	10.0	0.0	0.008656235585888794	7.0
0.32333994534338883	0.10244304181755924	0.03348054932896647	15.0	0.0	0.0	7.0
0.04008016032064128	0.5731462925851702	0.06392785571142284	-2.0	-1.0	154.92756737204434	7.0
0.8077583197485413	0.5833388862448962	0.03124697411940954	14.0	0.0	0.0	7.0
0.1772577372031018	0.6574628660024957	0.0310382134168182	43.0	0.0	0.0	7.0
0.8545244863496558	0.22111076586187467	0.03481672796733386	47.0	0.0	0.0	7.0
0.6568793692715011	0.22989446022860066	0.03323955411090559	65.0	0.0	0.0	7.0
0.5821632902999391	0.9323663833516643	0.03285802141306439	58.0	0.0	0.0	7.0
0.24720437081553712	0.1297103638030379	0.03372636016081542	3.0	0.0	0.0	7.0
0.9179616669209805	0.15917612830264216	0.03465472346241013	4.0	0.0	0.0	7.0
0.6219879165457074	0.9930139690516062	0.034615141406438614	38.0	0.0	0.0	7.0
0.9791161583489476	0.1470430520043326	0.027594365780543938	31.0	0.0	0.0	7.0
0.5995447676830867	0.19024337804042146	0.034961961253137976	46.0	0.0	0.0	7.0
0.9479109145854248	0.47836846794686283	0.030684156924551516	61.0	0.0	0.0	7.0
0.42844531825471555	0.6175797958627036	0.030034727885782257	37.0	0.0	0.0	7.0
0.11587844753356828	0.3358173503181057	0.032881705841397615	49.0	0.0	0.0	7.0
0.8096956387111945	0.8018052084679143	0.03639234941227768	36.0	0.0	0.0	7.0
0.26116836303394697	0.6867705522395077	0.03163554182817916	68.0	0.0	0.0	7.0
0.4421291201993357	0.44766802621220836	0.03353656178489769	50.0	0.0	0.0	7.0
0.4062111290109812	0.9317209837097037	0.03527536677174222	48.0	0.0	0.00013363326316095936	7.0
0.6912202925850726	0.8079520315296527	0.035207789256889346	23.0	0.0	0.0	7.0
0.6926921122210493	0.3090348555743119	0.03320188608767145	51.0	0.0	0.0	7.0
0.9567561708739043	0.39221036539477294	0.0350066000957708	1.0	0.0	1.8400498902337858e-09	7.0
0.48248413524263023	0.1594635494021957	0.028813269085018533	69.0	0.0	0.0	7.0
0.41653691660649184	0.15566404024725697	0.03208851773326857	33.0	0.0	0.0	7.0
0.31774004433274633	0.17782227793578034	0.03595921928750829	56.0	0.0	0.005648507142538506	7.0
0.8049210504332419	0.38069505928763947	0.033772116356614174	24.0	0.0	0.0	7.0
0.5037778462470228	0.711344161044265	0.031390512088193094	30.0	0.0	0.0	7.0
0.16250704394726598	0.06976665373912844	0.03567193695357248	41.0	0.0	0.001941625879936737	7.0
0.9589103572454366	0.587243407325057	0.031226156466806373	17.0	0.0	0.0	7.0
0.8251714274952874	0.0785187333086398	0.03121849946796372	20.0	0.0	0.0	7.0
0.8609450931336211	0.32603044476000403	0.035196687509710584	26.0	0.0	4.869790959105558e-05	7.0
0.8326233566387685	0.674230542331082	0.03514272024530634	9.0	0.0	1.860530203146027e-05	7.0
0.9802014576216772	0.3141998574951501	0.03225516303295936	32.0	0.0	0.0	7.0
0.8983993566179463	0.8290372485402545	0.034387306475973135	35.0	0.0	0.0	7.0
0.48719293203651237	0.3888262984111779	0.032966603235010085	18.0	0.0	0.0	7.0
0.920939759150752	0.6997561988478763	0.030394852422660736	11.0	0.0	0.0	7.0
0.22225700086984554	0.9668424544255168	0.033346295432214644	7.0	0.0	0.0	7.0
0.9315311110945588	0.26124502833070085	0.03522605346903289	59.0	0.0	7.392877370193673e-05	7.0
0.6542464618800192	0.74060124259981	0.032859144118310604	54.0	0.0	0.0	7.0
0.5857693404210877	0.10436503665154336	0.03492801421666131	53.0	0.0	0.0	8.0
0.8389421895764521	0.8811045434636513	0.03211719299085391	21.0	0.0	0.0	8.0
0.33940902153283964	0.08778415933337393	0.017625293303659643	71.0	15.0	0.0	8.0
0.9536446866853843	0.40496701164933974	0.03504160669586657	1.0	0.0	4.6096681671770057e-07	8.0
0.2173494441582538	0.49191465830789427	0.031718991677870456	57.0	0.0	0.0	8.0
0.4862315869939475	0.38917658022910395	0.03299956983824509	18.0	0.0	0.0	8.0
0.6759289302091235	0.79896394156375	0.018871563004437507	73.0	23.0	0.0	8.0
0.5162607473413896	0.3181823459951307	0.029988095437560095	29.0	0.0	0.0	8.0
0.3182538524643517	0.17898681769346206	0.035995178506795796	56.0	0.0	0.006307872951637705	8.0
0.026115013828216266	0.45177810637831073	0.0350162165717555	63.0	0.0	2.7293367566016968e-08	8.0
0.24376902131046105	0.13062893144762505	0.03376008652097623	3.0	0.0	0.0	8.0
0.9496306664878291	0.474262392845367	0.030714841081476065	61.0	0.0	0.0	8.0
0.69878808470989	0.327961375020828	0.01811418084325588	74.0	51.0	0.0	8.0
0.8645766158176725	0.7445625489907518	0.03031805684231371	12.0	0.0	0.0	8.0
0.050828074928841525	0.6434215851535308	0.03071922043855987	45.0	0.0	0.0	8.0
0.8136560294164412	0.8003903549625435	0.03473815171171961	36.0	0.0	0.0	8.0
0.9792205851333378	0.31324638776049557	0.03228741819599232	32.0	0.0	0.0	8.0
0.8241786220468756	0.08132560500394116	0.03124971796743168	20.0	0.0	0.0	8.0
0.8656399018528187	0.33010322656423735	0.035231884197220294	26.0	0.0	7.979826192183737e-05	8.0
0.8953159509583993	0.8287157862336394	0.0344216937824491	35.0	0.0	0.0	8.0
0.6587196098637206	0.747897504671043	0.03289200326242891	54.0	0.0	0.0	8.0
0.2449298528852266	0.6147141561127428	0.03256720806851161	6.0	0.0	0.0	8.0
0.19432336006882	0.4294185949109105	0.03166300052896994	34.0	0.0	0.0	8.0
0.3408310101577919	0.8939478968822345	0.03187827465455624	28.0	0.0	0.0	8.0
0.0325955155839433	0.07168950380422494	0.02934619867567572	8.0	0.0	0.0	8.0
0.5851771314848231	0.31019270927944514	0.03065693461825676	22.0	0.0	0.0	8.0
0.3317467858615026	0.9829729707546081	0.030106109413323055	64.0	0.0	0.0	8.0
0.30315308105449507	0.12067413638708939	0.017625293303659643	70.0	15.0	0.0	8.0
0.48578569450821746	0.15234762532942464	0.028842082354103547	69.0	0.0	0.0	8.0
0.26810546206141594	0.38282032183236214	0.035691978200282214	39.0	0.0	0.00212059245879459	8.0
0.7184707166256398	0.8195004660374328	0.018871563004437507	72.0	23.0	0.0	8.0
0.8339620467566142	0.6735308351312226	0.03517786296555164	9.0	0.0	3.601111441753346e-05	8.0
0.6703060508367706	0.8903580711874702	0.0335434703055783	13.0	0.0	0.0	8.0
0.5116283438248282	0.9214649826955223	0.03419705615132362	25.0	0.0	0.0	8.0
0.5320643613947758	0.2500295929024004	0.03596260891573227	27.0	0.0	0.005708600003359265	8.0
0.9031283782674511	0.9153961760276413	0.03130411460348437	67.0	0.0	0.0	8.0
0.2702885601197906	0.5467468948282069	0.03233898770228023	60.0	0.0	0.0	8.0
0.7074472528870883	0.6915059885252148	0.032661450752392844	52.0	0.0	0.0	8.0
0.7414380348084266	0.6231403683666707	0.03294112271388648	55.0	0.0	0.0	8.0
0.6690880754938954	0.144692512460052	0.03508084101579712	40.0	0.0	0.0	8.0
0.988127692845189	0.15001676996091626	0.027621960146324478	31.0	0.0	0.0	8.0
0.806923261421996	0.3791478320494284	0.03380588847297079	24.0	0.0	0.0	8.0
0.9167113196677735	0.08502867798365568	0.030985793358385805	44.0	0.0	0.0	8.0
0.5044249900612224	0.712554309211378	0.031421902600281285	30.0	0.0	0.0	8.0
0.15583985751730767	0.07684502276301347	0.03570760889052605	41.0	0.0	0.002267565373074376	8.0
0.41762049617638136	0.15383627478950276	0.03212060625100183	33.0	0.0	0.0	8.0
0.8059755343746102	0.5820993741923963	0.03127822109352895	14.0	0.0	0.0	8.0
0.17625197445347898	0.6583353727372834	0.031069251630235016	43.0	0.0	0.0	8.0
0.11399367237116323	0.3337909250120786	0.032914587547239006	49.0	0.0	0.0	8.0
0.9604465840047167	0.595280095327292	0.031257382623273176	17.0	0.0	0.0	8.0
0.8529006769482974	0.2227092164523488	0.03485154469530119	47.0	0.0	0.0	8.0
0.5497637859233738	0.8631463727637592	0.03380806475334971	2.0	0.0	0.0	8.0
0.38825157045993786	0.8075522981004258	0.03268630444486886	66.0	0.0	0.0	8.0
0.3186774149083691	0.46037844254659	0.033205882311560034	62.0	0.0	0.0	8.0
0.601070142690005	0.1909106622614442	0.03499692321439111	46.0	0.0	0.0	8.0
0.4290931305817056	0.6154547845947905	0.030064762613668035	37.0	0.0	0.0	8.0
0.870929030021766	0.5332084007648239	0.03415091613211067	5.0	0.0	0.0	8.0
0.6634328670075693	0.22352404835371287	0.03327279366501649	65.0	0.0	0.0	8.0
0.6216393707916168	0.9911261997872362	0.03464975654784505	38.0	0.0	0.0	8.0
0.4421291201993357	0.4493074460877817	0.033570098346682585	50.0	0.0	0.0	8.0
0.26116836303394697	0.6882429788761179	0.031667177370007335	68.0	0.0	0.0	8.0
0.42129455617674394	0.7105663747113208	0.033001734112664535	42.0	0.0	0.0	8.0
0.9183445310420989	0.2583349380360072	0.035261279522501916	59.0	0.0	0.00011415530404690344	8.0
0.2189787395432184	0.9778439418566728	0.033379641727646854	7.0	0.0	0.0	8.0
0.2557263255165902	0.29877472955472456	0.03529161192852398	19.0	0.0	0.00015870690744179683	8.0
0.4072846613716531	0.5275510083232969	0.03351831363004485	16.0	0.0	0.0	8.0
0.6825185761988708	0.28428280382456217	0.01811418084325588	75.0	51.0	0.0	8.0
0.40520876430604497	0.9311808905082954	0.03531064213851396	48.0	0.0	0.00019184967857199808	8.0
0.8097509014216661	0.48136352681443645	0.036142007190974254	10.0	0.0	0.009532053905957127	8.0
0.9207872807825626	0.6949139687752358	0.030425247275083393	11.0	0.0	0.0	8.0
0.5921712334686002	0.9277612503971613	0.03289087943447745	58.0	0.0	0.0	8.0
0.9078964615349243	0.15811595947755538	0.03468937818587253	4.0	0.0	0.0	8.0
0.9201506119404304	0.0786934970086644	0.031016779151744188	44.0	0.0	0.0	9.0
0.3288646218302129	0.9947894367133463	0.030136215522736376	64.0	0.0	0.0	9.0
0.386192060675912	0.8024558589757087	0.032718990749313726	66.0	0.0	0.0	9.0
0.19397491639103098	0.41915574898711966	0.03169466352949891	34.0	0.0	0.0	9.0
0.977516343582444	0.3158520942367613	0.03231970561418831	32.0	0.0	0.0	9.0
0.3116854188900827	0.11162941578469146	0.017642918596963302	70.0	0.0	0.0	9.0
0.7436200068563535	0.6207944103642739	0.03297406383660036	55.0	0.0	0.0	9.0
0.6063569137146875	0.18508106768499444	0.0350319201376055	46.0	0.0	2.081489611782672e-07	9.0
0.24123457224486136	0.6109365386678054	0.032599775276580124	6.0	0.0	0.0	9.0
0.9433922000232693	0.4712960322074102	0.030745555922557538	61.0	0.0	0.0	9.0
0.8350214646036412	0.6743389087913079	0.03521304082851719	9.0	0.0	6.188259271766583e-05	9.0
0.24125911426795074	0.1339847764382741	0.0337938466074972	3.0	0.0	0.0	9.0
0.708034886284364	0.6901510913712643	0.032694112203145234	52.0	0.0	0.0	9.0
0.9041373416801045	0.9106098779362175	0.03133541871808785	67.0	0.0	0.0	9.0
0.6664058637448452	0.15732950084416908	0.019139295177860914	78.0	40.0	0.0	9.0
0.5324989064229182	0.2511662533569535	0.035998571524648	27.0	0.0	0.00637261243298326	9.0
0.2764547339433377	0.5515741701834073	0.0323713266899825	60.0	0.0	0.0	9.0
0.9882595707026277	0.15117550820869746	0.0276495821064708	31.0	0.0	0.0	9.0
0.7873270089579192	0.7923021681338414	0.01828733772346933	77.0	36.0	0.0	9.0
0.8123367620018751	0.3878981742693418	0.03383969436144375	24.0	0.0	0.0	9.0
0.3377370703749477	0.08693689312516124	0.017642918596963302	71.0	0.0	0.0	9.0
0.5880792511784102	0.10658230267140979	0.034962942230877966	53.0	0.0	0.0	9.0
0.04779151004210148	0.6448420868002195	0.030749939658998426	45.0	0.0	0.0	9.0
0.3117191004633269	0.18052811802992674	0.036031173685302585	56.0	0.0	0.007017387177086221	9.0
0.9220667711596916	0.6953084292541145	0.030455672522358472	11.0	0.0	0.0	9.0
0.2193374173463988	0.9789944889412665	0.0334130213693745	7.0	0.0	0.0	9.0
0.4956825332003365	0.3842367550836576	0.033032569408083336	18.0	0.0	0.0	9.0
0.5148097573766995	0.9221881097798703	0.034231253207474936	25.0	0.0	0.0	9.0
0.22797037871547304	0.49650703824132525	0.03175071066954832	57.0	0.0	0.0	9.0
0.6743406782113929	0.8024443637726091	0.018890434567441942	73.0	0.0	0.0	9.0
0.4283115595972968	0.6177562267005751	0.0300948273762817	37.0	0.0	0.0	9.0
0.9093862637898938	0.1572641389389012	0.0347240675640584	4.0	0.0	0.0	9.0
0.5060629155119777	0.7111867463537555	0.03145332450288156	30.0	0.0	0.0	9.0
0.026009614385977844	0.45049319140480243	0.03505123278832725	63.0	0.0	8.606448034242931e-07	9.0
0.8621128032354605	0.7458306509540847	0.03034837489915602	12.0	0.0	0.0	9.0
0.6635411386575716	0.22687801920920853	0.0333060664586815	65.0	0.0	0.0	9.0
0.11304708475988036	0.33338391527686917	0.03294750213478624	49.0	0.0	0.0	9.0
0.3167214374306563	0.46090144540901007	0.03323908819387159	62.0	0.0	0.0	9.0
0.2654191760451727	0.30456238980963557	0.0353269035404525	19.0	0.0	0.0002235830346108969	9.0
0.5428158547937766	0.8508116215649207	0.03384187281810305	2.0	0.0	0.0	9.0
0.875888867395442	0.5332552412013427	0.03418506704824278	5.0	0.0	0.0	9.0
0.8358211153163573	0.7997921066264129	0.01828733772346933	76.0	36.0	0.0	9.0
0.40598690758518585	0.5403905811558701	0.03355183194367489	16.0	0.0	0.0	9.0
0.5858154540458165	0.9264511962515759	0.03292377031391192	58.0	0.0	0.0	9.0
0.2618882065393785	0.6872930480124455	0.03169884454737734	68.0	0.0	0.0	9.0
0.1740925445625213	0.660746860586414	0.031100320881865248	43.0	0.0	0.0	9.0
0.03523498097856281	0.0669703030543598	0.029375544874351393	8.0	0.0	0.0	9.0
0.6493793419928616	0.7519834594966314	0.03292489526569133	54.0	0.0	0.0	9.0
0.8328333872927008	0.08261550958738177	0.031280967685399105	20.0	0.0	0.0	9.0
0.9530193184396705	0.4036191415685553	0.03507664830256243	1.0	0.0	2.88195766984245e-06	9.0
0.3431599311845616	0.8939112379372326	0.031910152929210796	28.0	0.0	0.0	9.0
0.8648917840084972	0.33107766334341887	0.03526711608141751	26.0	0.0	0.00012197759858167956	9.0
0.4526237969520226	0.44712962376038506	0.03360366844502927	50.0	0.0	0.0	9.0
0.4328707716042408	0.7075490074754052	0.0330347358467772	42.0	0.0	0.0	9.0
0.8025499936806784	0.5904249019910204	0.03130949931462248	14.0	0.0	0.0	9.0
0.16693262986796828	0.07996126036586931	0.035743316499416575	41.0	0.0	0.0026284595192009874	9.0
0.49927776152105824	0.15332618077725937	0.028870924436457647	69.0	0.0	0.0	9.0
0.2685370741482966	0.2725450901803607	0.0002004008016032064	-2.0	-1.0	0.0	9.0
0.7174904109205404	0.8199895067357086	0.018890434567441942	72.0	0.0	0.0	9.0
0.5838041835028659	0.31121284226671064	0.030687591552875013	22.0	0.0	0.0	9.0
0.9635046296865114	0.5941439870171431	0.03128864000589645	17.0	0.0	0.0	9.0
0.6280138945850136	0.9930471541214732	0.034684406304392894	38.0	0.0	0.0	9.0
0.9173042227151663	0.25857139743212537	0.03529654080202441	59.0	0.0	0.00016689116543489035	9.0
0.8430359712089622	0.8807297855852938	0.03214931018384476	21.0	0.0	0.0	9.0
0.8940353244518161	0.830259439515462	0.03445611547623155	35.0	0.0	0.0	9.0
0.6744401610256244	0.11822226088651473	0.019139295177860914	79.0	40.0	0.0	9.0
0.6718337599390619	0.8908502040226051	0.033577013775883874	13.0	0.0	0.0	9.0
0.26758296506833273	0.3846580010018874	0.03572767017848249	39.0	0.0	0.0024659468106449367	9.0
0.8163700985524606	0.4726286009592625	0.03617814919816523	10.0	0.0	0.010466002882495218	9.0
0.40247016917647094	0.928774755262264	0.03534595278065247	48.0	0.0	0.0002649905893150617	9.0
0.42055660087695174	0.15200701458847432	0.03215272685725283	33.0	0.0	0.0	9.0
0.6929881312117454	0.33760571169755615	0.018132295024099132	74.0	0.0	0.0	9.0
0.6773740556839098	0.28080124964606734	0.018132295024099132	75.0	0.0	0.0	9.0
0.517039436778603	0.318824225160078	0.03001808353299765	29.0	0.0	0.0	9.0
0.8542210132057461	0.22183971458151497	0.03488639623999649	47.0	0.0	0.0	9.0
0.3110568184691975	0.1132518036172788	0.017660561515560263	70.0	0.0	0.0	10.0
0.5072564322756794	0.9175926838643876	0.03426548446068241	25.0	0.0	0.0	10.0
0.7893910243921987	0.7938357806657101	0.018305625061192796	77.0	0.0	0.0	10.0
0.17247007581313162	0.6607008821288463	0.03113142120274711	43.0	0.0	0.0	10.0
0.962739605651781	0.5933813674102708	0.03131992864590234	17.0	0.0	0.0	10.0
0.516918283867198	0.3176965789269748	0.030048101616530643	29.0	0.0	0.0	10.0
0.8326672419204425	0.7994632976636727	0.018305625061192796	76.0	0.0	0.0	10.0
0.9833987500438734	0.15561167851050192	0.027677231688577268	31.0	0.0	0.0	10.0
0.18927961214581038	0.42322896066389754	0.0317263581930284	34.0	0.0	0.0	10.0
0.11148978817489938	0.3397686115968259	0.032980449636921025	49.0	0.0	0.0	10.0
0.860772183579093	0.7448475778251606	0.030378723274055174	12.0	0.0	0.0	10.0
0.03241232788511924	0.06553991522736306	0.029404920419225742	8.0	0.0	0.0	10.0
0.0468577205989296	0.644454437318179	0.030780689598657422	45.0	0.0	0.0	10.0
0.029093742204210366	0.4514016498173267	0.03508628402111558	63.0	0.0	4.111223645963946e-06	10.0
0.6569843591960461	0.7497952693765519	0.03295782016095702	54.0	0.0	0.0	10.0
0.6033404743223413	0.1836930597580057	0.0350669520577431	46.0	0.0	1.9207540731258632e-06	10.0
0.26627187722749923	0.3838180643612575	0.03576339784866097	39.0	0.0	0.0028472969910069423	10.0
0.8398483545261762	0.8826331309766675	0.0321814594940286	21.0	0.0	0.0	10.0
0.9758937412001731	0.3105294904485795	0.032352025319802497	32.0	0.0	0.0	10.0
0.2412551256648371	0.6125687704152996	0.0326323750518567	6.0	0.0	0.0	10.0
0.5863789985922981	0.9311788068482718	0.03295669408422583	58.0	0.0	0.0	10.0
0.41294723550263823	0.9315704640037492	0.03538129873343312	48.0	0.0	0.00035479383271308507	10.0
0.21876685508798052	0.9816191293231846	0.033446434390743865	7.0	0.0	0.0	10.0
0.9157635741902477	0.08212795082391668	0.03104779593089593	44.0	0.0	0.0	10.0
0.4962222456299699	0.38285121867075367	0.033065601977491414	18.0	0.0	0.0	10.0
0.9518717213217247	0.39407123515685566	0.03511172495086499	1.0	0.0	8.92545759256791e-06	10.0
0.9179920821719624	0.26111184820993366	0.03533183734282643	59.0	0.0	0.00023385989231883286	10.0
0.8340454585964127	0.6742371546995676	0.03524825386934571	9.0	0.0	9.791924421165277e-05	10.0
0.22599227042334677	0.49501783641831515	0.03178246138021787	57.0	0.0	0.0	10.0
0.49115106815792725	0.15076462543374147	0.028899795360894102	69.0	0.0	0.0	10.0
0.2641548328669012	0.3047508272789801	0.03536223044399295	19.0	0.0	0.0003041829157837128	10.0
0.8744323940347917	0.532069980917547	0.03421925211529102	5.0	0.0	0.0	10.0
0.8182739341824473	0.47932459945445294	0.036214327347363386	10.0	0.0	0.011460070809619083	10.0
0.5263318302731494	0.24323737471744167	0.03603457009617264	27.0	0.0	0.00708695601660736	10.0
0.910528921697371	0.1575390375381923	0.03475879163162245	4.0	0.0	0.0	10.0
0.39148612103977554	0.8016327301827236	0.032751709740063036	66.0	0.0	0.0	10.0
0.30098690508286835	0.18035918531143594	0.036067204858987886	56.0	0.0	0.007778992553326702	10.0
0.7183121318497949	0.8113140965968766	0.01890932500200938	72.0	0.0	0.0	10.0
0.7452116941450474	0.6217189314899519	0.03300703790043696	55.0	0.0	0.0	10.0
0.24378021654317072	0.13356021400439702	0.0338276404541047	3.0	0.0	0.0	10.0
0.5874238038844215	0.10165364883721514	0.03499790517310884	53.0	0.0	0.0	10.0
0.6806148146599528	0.7974685424443347	0.01890932500200938	73.0	0.0	0.0	10.0
0.27276356262373913	0.5399909994566217	0.03240369801667248	60.0	0.0	0.0	10.0
0.8130576300935658	0.5862611537018124	0.031340808813937096	14.0	0.0	0.0	10.0
0.7075598958440408	0.6886605359655475	0.032726806315348377	52.0	0.0	0.0	10.0
0.9418585608003123	0.4772566975289125	0.03077630147848009	61.0	0.0	0.0	10.0
0.8139914401956369	0.39118908187980156	0.03387353405580519	24.0	0.0	0.0	10.0
0.4535842868721892	0.4449150371401125	0.033637272113474295	50.0	0.0	0.0	10.0
0.6386010192458765	1.000242461356653	0.03471909071069728	38.0	0.0	0.0	10.0
0.26057120243216614	0.6867848002057894	0.031730543391924715	68.0	0.0	0.0	10.0
0.8251403183383083	0.07942184080339765	0.031312248653084504	20.0	0.0	0.0	10.0
0.8540423872290486	0.22538325876216475	0.03492128263623648	47.0	0.0	0.0	10.0
0.4350979985709858	0.7094325226299135	0.03306777058262397	42.0	0.0	0.0	10.0
0.3316069603446247	0.9933997485374843	0.030166351738259108	64.0	0.0	0.0	10.0
0.8636231337811913	0.32726324736882917	0.03530238319749893	26.0	0.0	0.00017695096657632803	10.0
0.6785450070869555	0.8893691274195223	0.03361059078965976	13.0	0.0	0.0	10.0
0.6799578436237774	0.28213110183654533	0.018150427319123228	75.0	0.0	0.0	10.0
0.3161189641627516	0.45975757031587383	0.03327232728206546	62.0	0.0	0.0	10.0
0.6585114439304312	0.16939970346655656	0.019158434473038773	78.0	0.0	0.0	10.0
0.8906127460737138	0.8337144931623381	0.03449057159170778	35.0	0.0	0.0	10.0
0.6766865809254279	0.11824347595482922	0.019158434473038773	79.0	0.0	0.0	10.0
0.4195324529836679	0.1464600960206241	0.03218487958411008	33.0	0.0	0.0	10.0
0.9282516472842249	0.693696327035281	0.030486128194880828	11.0	0.0	0.0	10.0
0.3322618106948192	0.8985387659380809	0.03194206308214	28.0	0.0	0.0	10.0
0.5072668356604557	0.7141127868124874	0.03148477782738444	30.0	0.0	0.0	10.0
0.6634970849137075	0.22454584711652056	0.03333937252514017	65.0	0.0	0.0	10.0
0.1663675838760375	0.07856300408038011	0.03577905981591599	41.0	0.0	0.003026163479120214	10.0
0.4270305855232225	0.6193002989364764	0.03012492220365798	37.0	0.0	0.0	10.0
0.5826672300288975	0.3110360669607289	0.030718279144427884	22.0	0.0	0.0	10.0
0.5454680339381448	0.8500485105757757	0.033875714690921155	2.0	0.0	0.0	10.0
0.40568823216198624	0.5416857331811601	0.033585383775618566	16.0	0.0	0.0	10.0
0.6911842977866645	0.3383948091827324	0.018150427319123228	74.0	0.0	0.0	10.0
0.9053422144437072	0.9130061897763836	0.03136675413680593	67.0	0.0	0.0	10.0
0.3456678991867141	0.08085775495021762	0.017660561515560263	71.0	0.0	0.0	10.0
0.8895745556866064	0.8355435876126202	0.03452506216329948	35.0	0.0	0.0	11.0
0.16497427397971476	0.0785410723487873	0.0358148388757319	41.0	0.0	0.003462543169078458	11.0
0.8248912067062439	0.6759571540940061	0.03528350212321505	9.0	0.0	0.00014583068686135903	11.0
0.24469670181275352	0.13217802555068822	0.0338614680945588	3.0	0.0	0.0	11.0
0.3123165055283256	0.11388021803514926	0.017678222077075822	70.0	0.0	0.0	11.0
0.16479979921347385	0.6602900218779034	0.031162552623949853	43.0	0.0	0.0	11.0
0.9358274806450412	0.6990346185917095	0.030516614323075706	11.0	0.0	0.0	11.0
0.346260703266913	0.07939080882009923	0.017678222077075822	71.0	0.0	0.0	11.0
0.6468421510491916	0.7452007992654766	0.03299077798111797	54.0	0.0	0.0	11.0
0.3007496808901104	0.1814504390470168	0.03610327206384687	56.0	0.0	0.00859464293070289	11.0
0.5849369900238943	0.9310468007668099	0.03298965077831005	58.0	0.0	0.0	11.0
0.8186119139408748	0.39661796627627843	0.033907407589860994	24.0	0.0	0.0	11.0
0.9747428991579271	0.31582347274888417	0.0323843773451223	32.0	0.0	0.0	11.0
0.6813538881379115	0.2834711545003109	0.01816857774644235	75.0	0.0	0.0	11.0
0.4365498827068202	0.7083678595291819	0.033100838353206596	42.0	0.0	0.0	11.0
0.9193067737301827	0.26237381078117433	0.03536716918016925	59.0	0.0	0.00031679522970762264	11.0
0.04491784598416967	0.643948804528169	0.030811470288256076	45.0	0.0	0.0	11.0
0.918682000388065	0.9153391152466982	0.03139812089094273	67.0	0.0	0.0	11.0
0.6399839857432189	0.9986175272801396	0.03475380980140797	38.0	0.0	0.0	11.0
0.3303483895916636	0.9932685354886813	0.030196518089997362	64.0	0.0	0.0	11.0
0.4985079174461909	0.38506222982606353	0.0330986675794689	18.0	0.0	0.0	11.0
0.5003413569220618	0.14581272274199283	0.028928695156254992	69.0	0.0	0.0	11.0
0.6904099807628665	0.33633052018092835	0.01816857774644235	74.0	0.0	0.0	11.0
0.5959041866733479	0.17780282419645965	0.03510201900980084	46.0	0.0	6.795529245096077e-06	11.0
0.3928870444274478	0.8070775801382947	0.0327844614498031	66.0	0.0	0.0	11.0
0.5282979995553522	0.24702809807637968	0.03607060466626881	27.0	0.0	0.007853574535033658	11.0
0.03530700767693407	0.0644228233009941	0.029434325339644966	8.0	0.0	0.0	11.0
0.3377639124928978	0.8983828441958892	0.03197400514522214	28.0	0.0	0.0	11.0
0.5492076248976923	0.8562668146119481	0.033909590405612075	2.0	0.0	0.0	11.0
0.8545707765469001	0.22440996493062443	0.03495620391887271	47.0	0.0	0.0	11.0
0.7116566357547569	0.6918692546037302	0.03275953312166372	52.0	0.0	0.0	11.0
0.5856775062693477	0.1000799477214958	0.03503290307828195	53.0	0.0	2.2797622989401134e-07	11.0
0.6768771205210408	0.8056484190370636	0.01892823432701139	73.0	0.0	0.0	11.0
0.3165180478988429	0.4560430473508282	0.03330559960934752	62.0	0.0	0.0	11.0
0.8175233705973886	0.4759637702269352	0.03625054167471074	10.0	0.0	0.012516257284218568	11.0
0.5072194660053324	0.9185708180113374	0.034299749945143086	25.0	0.0	0.0	11.0
0.42239877480367755	0.14718796898755887	0.032217064463694184	33.0	0.0	0.0	11.0
0.9150752561060022	0.0802202201747206	0.031078843726826823	44.0	0.0	0.0	11.0
0.5062186140755484	0.7144072585113336	0.03151626260521182	30.0	0.0	0.0	11.0
0.266093489894467	0.30469588849515833	0.035397592674436935	19.0	0.0	0.0004022491138471196	11.0
0.9667616633080458	0.5922241015434503	0.03135124857454824	17.0	0.0	0.0	11.0
0.9830979936726905	0.15354921001185692	0.027704908920265843	31.0	0.0	0.0	11.0
0.8263676397611267	0.07614986558273708	0.03134356090173759	20.0	0.0	0.0	11.0
0.18620663553015207	0.4230255231014237	0.03175808455122143	34.0	0.0	0.0	11.0
0.2597945344983683	0.6839863167362971	0.03176227393531664	68.0	0.0	0.0	11.0
0.5124823092005062	0.3133473200722836	0.030078149718147172	29.0	0.0	0.0	11.0
0.22321219551531182	0.9767173599209057	0.0334798808251346	7.0	0.0	0.0	11.0
0.27160412982403176	0.3780850666991097	0.03579916124650963	39.0	0.0	0.0032665041992032684	11.0
0.9404219677940232	0.47760231050948704	0.03080707777995857	61.0	0.0	0.0	11.0
0.8630539335715495	0.3258547111041726	0.03533768558069642	26.0	0.0	0.00024644358819614354	11.0
0.8126436604166296	0.5879583709810379	0.031372149622751026	14.0	0.0	0.0	11.0
0.4458085619621862	0.4545078133939466	0.03367090938558777	50.0	0.0	0.0	11.0
0.8809396604787033	0.5395826768978134	0.03425347136740631	5.0	0.0	0.0	11.0
0.7905905251464048	0.7944531528117937	0.018323930686253986	77.0	0.0	0.0	11.0
0.6782876122855753	0.11949686573087297	0.01917759290751181	79.0	0.0	0.0	11.0
0.582996881809925	0.30796779080623604	0.03074899742357231	22.0	0.0	0.0	11.0
0.6586547569637283	0.2325578463090327	0.03337271189766531	65.0	0.0	0.0	11.0
0.7449952168943678	0.6232718567603766	0.03304004493833739	55.0	0.0	0.0	11.0
0.6757754567484259	0.8912689518955627	0.033644201380449414	13.0	0.0	0.0	11.0
0.7281863685933957	0.8124486774178237	0.01892823432701139	72.0	0.0	0.0	11.0
0.6623173201139638	0.1678756392353457	0.01917759290751181	78.0	0.0	0.0	11.0
0.10164168093919257	0.3402339686394352	0.033013430086557945	49.0	0.0	0.0	11.0
0.41199369900916705	0.9319043615259144	0.035416680032166546	48.0	0.0	0.0004630075160605429	11.0
0.9140674045132396	0.15834332554411645	0.03479355042325407	4.0	0.0	0.0	11.0
0.42537257248258165	0.6191695478985945	0.030155047125861634	37.0	0.0	0.0	11.0
0.022680795227168187	0.4544016192172218	0.035121370305136686	63.0	0.0	1.144240474104663e-05	11.0
0.4006776312765498	0.5385640145376845	0.033618969159394184	16.0	0.0	0.0	11.0
0.8366273726430531	0.882663549755764	0.032213640953522624	21.0	0.0	0.0	11.0
0.22773193527815064	0.4931474271747627	0.03181424384159808	57.0	0.0	0.0	11.0
0.8277762786211413	0.8109376733310208	0.018323930686253986	76.0	0.0	0.0	11.0
0.24160204843672245	0.6105475751638315	0.03266500742690855	6.0	0.0	0.0	11.0
0.8599403155876724	0.7466704949921571	0.030409101997329227	12.0	0.0	0.0	11.0
0.26453671705086007	0.5480893674995134	0.03243610171468914	60.0	0.0	0.0	11.0
0.9488150260241653	0.4012423521737887	0.03514683667581585	1.0	0.0	2.0262060431264217e-05	11.0
