# x	y	r	id	split_id	s_prob	t
2.0	0.5	0.0	-1.0	0.0	0.0	0.0
0.07249298701674883	0.5645470107130073	0.03083720926256401	1.0	0.0	0.0	0.0
0.684785506885483	0.6639067636334286	0.030688388109947326	2.0	0.0	0.0	0.0
0.6777957233881576	0.7318138984679821	0.03293004992465706	3.0	0.0	0.0	0.0
0.6166400648159928	0.6164536917938265	0.03273258482986275	4.0	0.0	0.0	0.0
0.6905228190610987	0.938732580063774	0.03322989770186921	5.0	0.0	0.0	0.0
0.12972660343244205	0.49239836768704515	0.030193058742106243	6.0	0.0	0.0	0.0
0.10554604564273325	0.6468678359701759	0.02916616928946477	7.0	0.0	0.0	0.0
0.38245388788395135	0.8728132409413967	0.033894497251705034	8.0	0.0	0.0	0.0
0.47137003279390854	0.16358467728792606	0.0327811745942819	9.0	0.0	0.0	0.0
0.3406593117181317	0.1747703759726251	0.03133713775859192	10.0	0.0	0.0	0.0
0.9443453636040355	0.2234144999882248	0.03417960540226523	11.0	0.0	0.0	0.0
0.5452140896298843	0.5233865980844229	0.0343380547573384	12.0	0.0	0.0	0.0
0.6695052363777896	0.3321811069475341	0.03149649425400607	13.0	0.0	0.0	0.0
0.24455291050305994	0.23928164693021686	0.0335900793293931	14.0	0.0	0.0	0.0
0.6841829244640988	0.22420633726736458	0.031154150059157885	15.0	0.0	0.0	0.0
0.5196447423909152	0.8495516860351746	0.03119544005940706	16.0	0.0	0.0	0.0
0.15622874002328052	0.18947609033373594	0.03358689096316034	17.0	0.0	0.0	0.0
0.06563291824531811	0.8919593838949282	0.03380416363904066	18.0	0.0	0.0	0.0
0.48062380597173426	0.9033743185701606	0.02976164929425856	19.0	0.0	0.0	0.0
0.2290272835284863	0.638760481967576	0.029615412371216922	20.0	0.0	0.0	0.0
0.917471890210051	0.5267678594185017	0.03244362984679585	21.0	0.0	0.0	0.0
0.17348484346293477	0.583325546339946	0.031123784401562774	22.0	0.0	0.0	0.0
0.16167388104534827	0.7260704481494216	0.033017992649070474	23.0	0.0	0.0	0.0
0.7153040239242672	0.2828778490940555	0.03204753837329158	24.0	0.0	0.0	0.0
0.5125111226823198	0.24036953167431335	0.03328189416886101	25.0	0.0	0.0	0.0
0.25288199923275295	0.15558872251845268	0.03431959063597281	26.0	0.0	0.0	0.0
0.8272501232796877	0.35794971776437534	0.03230661347749312	27.0	0.0	0.0	0.0
0.3051116826298089	0.5657942959441765	0.030502383384606143	28.0	0.0	0.0	0.0
0.4600804287564377	0.9828131903811284	0.03199124484625084	29.0	0.0	0.0	0.0
0.3882228084861192	0.7578462790244394	0.03452781416345118	30.0	0.0	0.0	0.0
0.5957291414922378	0.773467286933852	0.030978080414766126	31.0	0.0	0.0	0.0
0.8558653618967536	0.4658384091933699	0.03311340231502458	32.0	0.0	0.0	0.0
0.13018642706092917	0.3423229021918615	0.0350019222627768	33.0	0.0	4.546052423393121e-11	0.0
0.6104233366137635	0.6975923941815728	0.02923492070412892	34.0	0.0	0.0	0.0
0.3077819099634568	0.33545595901362807	0.034148930411447134	35.0	0.0	0.0	0.0
0.7328008392089085	0.7707953214520883	0.02897141397857571	36.0	0.0	0.0	0.0
0.2805243251318588	0.7776953100058266	0.031862883067636696	37.0	0.0	0.0	0.0
0.4590711625051501	0.37065057259715933	0.03192303523460315	38.0	0.0	0.0	0.0
0.9574418585313124	0.14234095996222532	0.03306574249144259	39.0	0.0	0.0	0.0
0.30786779867081804	0.41745696824489004	0.03405878807076167	40.0	0.0	0.0	0.0
0.8161598360307711	0.26571593644143626	0.033192904493841935	41.0	0.0	0.0	0.0
0.19192931152501386	0.11730621791884499	0.031211953406329263	42.0	0.0	0.0	0.0
0.8031971565089221	0.1796956992079267	0.03209431901881938	43.0	0.0	0.0	0.0
0.1972170686316298	0.5147402799117232	0.03496994543111909	44.0	0.0	0.0	0.0
0.8339606206455593	0.8763683185053129	0.03272066762404812	45.0	0.0	0.0	0.0
0.4272109353191351	0.5206904463521316	0.033520114206139345	46.0	0.0	0.0	0.0
0.20217050524539706	0.9027743903152674	0.03392262155074458	47.0	0.0	0.0	0.0
0.5299425793987427	0.3681226691258334	0.03336049552040933	48.0	0.0	0.0	0.0
0.8901455078800514	0.27871386751528343	0.03234412295948992	49.0	0.0	0.0	0.0
0.06376199039856428	0.8090149160221749	0.03401982403713649	50.0	0.0	0.0	0.0
0.3338239735348232	0.8255880525111964	0.03245088650983924	51.0	0.0	0.0	0.0
0.4408209506146153	0.28409084109415095	0.03543483135406868	52.0	0.0	0.0005261899266031378	0.0
0.9175287311338973	0.05503099378037972	0.03153137345666335	53.0	0.0	0.0	0.0
0.689805470459156	0.45068419476806	0.035892646394136245	54.0	0.0	0.00455216860162011	0.0
0.7691017886247598	0.8850993151234975	0.03196986985821915	55.0	0.0	0.0	0.0
0.03445078746608755	0.6474914785857605	0.032447584189423714	56.0	0.0	0.0	0.0
0.3787936981043339	0.9552649220209902	0.03296900673000047	57.0	0.0	0.0	0.0
0.6481154105996242	0.5276421866464341	0.03442222247964796	58.0	0.0	0.0	0.0
0.2268426645014028	0.3597505565367056	0.034865099508824035	59.0	0.0	0.0	0.0
0.7617293866764159	0.10585739244207046	0.0322209305532753	60.0	0.0	0.0	0.0
0.3844642968996245	0.44852620540421656	0.03352592851808001	61.0	0.0	0.0	0.0
0.16883680799702977	0.40883997117217397	0.03222707514792195	62.0	0.0	0.0	0.0
0.7708180400684949	0.3137801548564357	0.029551986344154072	63.0	0.0	0.0	0.0
0.6212984887312069	0.3905507209649006	0.03522971728113976	64.0	0.0	7.758200094087897e-05	0.0
0.32393025053922786	0.49673299483794275	0.034607505855182415	65.0	0.0	0.0	0.0
0.2327481271619396	0.8317637496190625	0.03262068904350616	66.0	0.0	0.0	0.0
0.24935492504107634	0.4535828393625968	0.033013628694581736	67.0	0.0	0.0	0.0
0.8003603438169531	0.8047672015630362	0.031259929625459974	68.0	0.0	0.0	0.0
0.3820219025309691	0.8723716302589609	0.03392839174895674	8.0	0.0	0.0	1.0
0.17473126965830943	0.5830504778415346	0.031154908185964333	22.0	0.0	0.0	1.0
0.4753599041489233	0.1611680964159356	0.03281395576887618	9.0	0.0	0.0	1.0
0.10513272456690492	0.6465046912330301	0.029195335458754232	7.0	0.0	0.0	1.0
0.6806085701077778	0.733743422900501	0.03296297997458172	3.0	0.0	0.0	1.0
0.684746578442379	0.6577235824899909	0.03071907649805727	2.0	0.0	0.0	1.0
0.935825404724755	0.21839967319062567	0.03421378500766749	11.0	0.0	0.0	1.0
0.45887593542406135	0.3701301073304018	0.031954958269837755	38.0	0.0	0.0	1.0
0.1650964584504712	0.7224823231678315	0.03305101064171954	23.0	0.0	0.0	1.0
0.3079811766745527	0.4174437028574988	0.034092846858832425	40.0	0.0	0.0	1.0
0.7151957191335625	0.28250584844678656	0.03207958591166487	24.0	0.0	0.0	1.0
0.2492441213663125	0.45326318651983694	0.033046642323276317	67.0	0.0	0.0	1.0
0.3395442698924343	0.17819478456234109	0.03136847489635051	10.0	0.0	0.0	1.0
0.3804177207177829	0.44627963486377153	0.03355945444659809	61.0	0.0	0.0	1.0
0.547985025818932	0.5218022667751786	0.03437239281209573	12.0	0.0	0.0	1.0
0.8032950859934643	0.17937446225481085	0.032126413337838194	43.0	0.0	0.0	1.0
0.2283448928002941	0.3592770501849505	0.034899964608332855	59.0	0.0	0.0	1.0
0.37959283270988226	0.9553635257778929	0.03300197573673047	57.0	0.0	0.0	1.0
0.9593620345927525	0.14572394580100798	0.03309880823393403	39.0	0.0	0.0	1.0
0.47395177676652683	0.8960172332931549	0.029791410943552817	19.0	0.0	0.0	1.0
0.06550208637231482	0.8903644244808756	0.0338379678026797	18.0	0.0	0.0	1.0
0.4387052839717378	0.29153187246991674	0.03547026618542274	52.0	0.0	0.0006655968064279705	1.0
0.8157772860600038	0.26601542103250725	0.03322609739833577	41.0	0.0	0.0	1.0
0.4287110973310985	0.5231152971111366	0.03355363432034548	46.0	0.0	0.0	1.0
0.1584312255002039	0.18606185975570844	0.0336204778541235	17.0	0.0	0.0	1.0
0.03598947493058313	0.6472522410500352	0.03248003177361313	56.0	0.0	0.0	1.0
0.2479863805935271	0.15160472768926236	0.03435391022660878	26.0	0.0	0.0	1.0
0.732896019253541	0.7708679202734591	0.029000385392554284	36.0	0.0	0.0	1.0
0.835846281779511	0.873745247060058	0.03275338829167217	45.0	0.0	0.0	1.0
0.6681717950883225	0.33188683545791475	0.03152799074826008	13.0	0.0	0.0	1.0
0.4592295063610406	0.9808512318928916	0.03202323609109709	29.0	0.0	0.0	1.0
0.6102393652431377	0.6974090010227005	0.029264155624833046	34.0	0.0	0.0	1.0
0.6503778060048343	0.5237140898739913	0.03445664470212761	58.0	0.0	0.0	1.0
0.6857319493092755	0.2256932346040913	0.03118530420921704	15.0	0.0	0.0	1.0
0.8005199843825661	0.8046705106417188	0.03129118955508543	68.0	0.0	0.0	1.0
0.13157763727904562	0.3448474769632814	0.03503692418503957	33.0	0.0	3.2219050183357467e-07	1.0
0.9181971712869466	0.5260975223298188	0.03247607347664264	21.0	0.0	0.0	1.0
0.2032857052291621	0.9023600773517377	0.03395654417229532	47.0	0.0	0.0	1.0
0.3076719830050285	0.33503959556534474	0.034183079341858574	35.0	0.0	0.0	1.0
0.28357423719526964	0.7746549836458672	0.03189474595070433	37.0	0.0	0.0	1.0
0.3330956827320606	0.8266715442724653	0.03248333739634907	51.0	0.0	0.0	1.0
0.9178560445795712	0.055826505331489897	0.03156290483012001	53.0	0.0	0.0	1.0
0.6896954095898363	0.9446681001836845	0.03326312759957108	5.0	0.0	0.0	1.0
0.06462107723345457	0.8086957528069002	0.034053843861173626	50.0	0.0	0.0	1.0
0.619672915383625	0.38945061422720473	0.03526494699842089	64.0	0.0	0.00011903015119685278	1.0
0.7636637571571661	0.10865836089345877	0.032253151483828575	60.0	0.0	0.0	1.0
0.12731378709102245	0.49173690779580886	0.030223251800848346	6.0	0.0	0.0	1.0
0.5291876827071518	0.36884728880106027	0.033393856015929736	48.0	0.0	0.0	1.0
0.32083318852514353	0.4911956396564582	0.03464211336103759	65.0	0.0	0.0	1.0
0.1971869072086932	0.5147303537538921	0.035004915376550205	44.0	0.0	7.600675644425792e-10	1.0
0.5082337923749687	0.2339187170679741	0.03331517606302987	25.0	0.0	0.0	1.0
0.19645692168190065	0.11083771313412581	0.03124316535973559	42.0	0.0	0.0	1.0
0.22882819208519814	0.6393467338111387	0.029645027783588136	20.0	0.0	0.0	1.0
0.16759170243783844	0.4107970378527358	0.03225930222306987	62.0	0.0	0.0	1.0
0.5193228393120669	0.8461531584639034	0.031226635499466464	16.0	0.0	0.0	1.0
0.6922405171293381	0.4507378602407983	0.03592853904053038	54.0	0.0	0.005123662082112901	1.0
0.5976059308248671	0.7754598227082753	0.03100905849518089	31.0	0.0	0.0	1.0
0.23185963163347525	0.8297838317822339	0.03265330973254966	66.0	0.0	0.0	1.0
0.3880824385972489	0.7588532390950656	0.034562341977614625	30.0	0.0	0.0	1.0
0.8548313543373146	0.4726295123503705	0.033146515717339606	32.0	0.0	0.0	1.0
0.3079671655738484	0.5660013990061781	0.030532885767990747	28.0	0.0	0.0	1.0
0.8883995756097355	0.27950397329269266	0.03237646708244941	49.0	0.0	0.0	1.0
0.24830307168052998	0.24306739165866204	0.03362366940872249	14.0	0.0	0.0	1.0
0.06663801622820256	0.5651947114182371	0.03086804647182657	1.0	0.0	0.0	1.0
0.8291298205285386	0.3594598211773896	0.032338920090970606	27.0	0.0	0.0	1.0
0.7723140586067757	0.3121717031510398	0.029581538330498224	63.0	0.0	0.0	1.0
0.6162088931730312	0.6157263980562299	0.03276531741469261	4.0	0.0	0.0	1.0
0.7681475614935058	0.8871903644687258	0.032001839728077366	55.0	0.0	0.0	1.0
0.8898926430136572	0.2813988402426311	0.03240884354953185	49.0	0.0	0.0	2.0
0.46013421974628077	0.3673261544757714	0.03198691322810759	38.0	0.0	0.0	2.0
0.5987735176069511	0.7728579796805576	0.031040067553676064	31.0	0.0	0.0	2.0
0.4589743012492347	0.9812755946090177	0.03205525932718818	29.0	0.0	0.0	2.0
0.9605177298103537	0.14592605929970343	0.033131907042167966	39.0	0.0	0.0	2.0
0.10523805454716546	0.6475467933383071	0.029224530794212982	7.0	0.0	0.0	2.0
0.18943255066782802	0.10326196644444058	0.03127440852509532	42.0	0.0	0.0	2.0
0.7790015584092417	0.31993676110086183	0.02961111986882872	63.0	0.0	0.0	2.0
0.4740591066211423	0.8960949036964312	0.029821202354496368	19.0	0.0	0.0	2.0
0.22858161385507605	0.3574970197462167	0.034934864572941184	59.0	0.0	0.0	2.0
0.06462107723345457	0.8110265857845889	0.03408789770503479	50.0	0.0	0.0	2.0
0.06241811149912846	0.5667927730114309	0.030898914518298393	1.0	0.0	0.0	2.0
0.16966537771491239	0.4099967814939909	0.03229156152529294	62.0	0.0	0.0	2.0
0.6800641346220297	0.21594216179650538	0.031216489513426253	15.0	0.0	0.0	2.0
0.22929041640539352	0.6395995568403848	0.029674672811371722	20.0	0.0	0.0	2.0
0.3842732205004642	0.8725349143177905	0.033962320140705694	8.0	0.0	0.0	2.0
0.3058557595038696	0.5614506385708403	0.030563418653758733	28.0	0.0	0.0	2.0
0.06573060950423547	0.8905254527199457	0.03387180577048237	18.0	0.0	0.0	2.0
0.33959287130321114	0.17774242070950097	0.031399843371246856	10.0	0.0	0.0	2.0
0.8161378285874192	0.26081762290048466	0.0332593234957341	41.0	0.0	0.0	2.0
0.20047701348585784	0.9024927977265247	0.033990500716467614	47.0	0.0	0.0	2.0
0.1999091280791106	0.5198953394461105	0.03503992029192675	44.0	0.0	4.0715625004850153e-07	2.0
0.16645456048573204	0.7224438364870714	0.03308406165236125	23.0	0.0	0.0	2.0
0.6831495228483238	0.6529217590723506	0.030749795574555323	2.0	0.0	0.0	2.0
0.8537805817332094	0.47286835024966606	0.03317966223305694	32.0	0.0	0.0	2.0
0.3220660837352163	0.4908742826779629	0.03467675547439863	65.0	0.0	0.0	2.0
0.5254447693291311	0.8394026542604371	0.031257862134965925	16.0	0.0	0.0	2.0
0.4765949456682856	0.16684940427890216	0.03284676972464505	9.0	0.0	0.0	2.0
0.5255661425093763	0.36901841906962773	0.03342724987194566	48.0	0.0	0.0	2.0
0.801323033557842	0.8029396809039259	0.031322480744640516	68.0	0.0	0.0	2.0
0.3342126582773644	0.8253757574247053	0.03251582073374542	51.0	0.0	0.0	2.0
0.44096349595653006	0.28839055971335187	0.03550573645160816	52.0	0.0	0.000827852081854985	2.0
0.23139939846423846	0.829599531274959	0.032685963042282204	66.0	0.0	0.0	2.0
0.2485044366318171	0.4510396199972082	0.03307968896559959	67.0	0.0	0.0	2.0
0.5089661469735437	0.23728761752527408	0.03334849123909289	25.0	0.0	0.0	2.0
0.30548680571574893	0.3374188625870178	0.03421726242120043	35.0	0.0	0.0	2.0
0.38782668148893323	0.755166090648572	0.03459690431959223	30.0	0.0	0.0	2.0
0.6822144602104554	0.7376464221306845	0.032995942954556295	3.0	0.0	0.0	2.0
0.38171038037839833	0.4405085559061131	0.03359301390104468	61.0	0.0	0.0	2.0
0.8295032611085379	0.3595698215588501	0.032371259011061575	27.0	0.0	0.0	2.0
0.7710600785295202	0.8869237433337759	0.03203384156780544	55.0	0.0	0.0	2.0
0.6203249671035946	0.3894649846555955	0.03530021194541931	64.0	0.0	0.00017316650048826432	2.0
0.7336906946182287	0.7727322572373688	0.029029385777946837	36.0	0.0	0.0	2.0
0.6884868554980107	0.9465159234704341	0.033296390727170645	5.0	0.0	0.0	2.0
0.03677827653133418	0.6487730300688651	0.032512511805386744	56.0	0.0	0.0	2.0
0.2485228836011914	0.2430777785302589	0.03365729307813121	14.0	0.0	0.0	2.0
0.8057321114632083	0.1811380419382822	0.03215853975117603	43.0	0.0	0.0	2.0
0.14634770703790137	0.19029311561348053	0.03365409833197762	17.0	0.0	0.0	2.0
0.42464169942165475	0.5254081724766584	0.03358718795466582	46.0	0.0	0.0	2.0
0.7157143634557686	0.2749492248784993	0.03211166549757653	24.0	0.0	0.0	2.0
0.9189024643541418	0.5266641377614252	0.03250854955011928	21.0	0.0	0.0	2.0
0.9358062755420044	0.2179658949540643	0.03424799879267515	11.0	0.0	0.0	2.0
0.7615315914214924	0.1102013255525942	0.032285404635312404	60.0	0.0	0.0	2.0
0.6921933522391357	0.4507918840151033	0.035964467579570905	54.0	0.0	0.0057417314294809785	2.0
0.5499756434907597	0.5197672949353798	0.034406765204907826	12.0	0.0	0.0	2.0
0.6168185259340757	0.6175986432181435	0.0327980827321073	4.0	0.0	0.0	2.0
0.8362012288647516	0.8743526515662114	0.03278614167996383	45.0	0.0	0.0	2.0
0.9185886907609022	0.05688737700026274	0.03159446773495013	53.0	0.0	0.0	2.0
0.3162689819691737	0.4133485431496336	0.03412693970569125	40.0	0.0	0.0	2.0
0.6622320471372861	0.3367899960690154	0.031559518739008335	13.0	0.0	0.0	2.0
0.6511844869750825	0.5256746693685859	0.034491101346829735	58.0	0.0	0.0	2.0
0.3791802628206037	0.9564427047985042	0.033034977712467196	57.0	0.0	0.0	2.0
0.6130799935514079	0.6969306292881805	0.029293419780457877	34.0	0.0	0.0	2.0
0.13616791297206995	0.3408144514113427	0.03507196110922461	33.0	0.0	2.384918388997903e-06	2.0
0.2549846757216212	0.15743138369193702	0.034388264136835385	26.0	0.0	0.0	2.0
0.17254731981791596	0.5856829872587058	0.031186063094150295	22.0	0.0	0.0	2.0
0.12211642129096345	0.490363136429833	0.03025347505264919	6.0	0.0	0.0	2.0
0.28350523257327936	0.774346912516178	0.03192664069665503	37.0	0.0	0.0	2.0
0.8416258035724183	0.8734908468611892	0.03281892782164379	45.0	0.0	0.0	3.0
0.5377062448706988	0.36709635615139163	0.033460677121817606	48.0	0.0	0.0	3.0
0.30568413821359935	0.5613313159306246	0.030593982072412488	28.0	0.0	0.0	3.0
0.6482603776803045	0.5249124935404356	0.03452559244817656	58.0	0.0	0.0	3.0
0.4260719424406793	0.5277864234763303	0.03362077514262048	46.0	0.0	0.0	3.0
0.8541927032067748	0.47271524114678515	0.033212841895289995	32.0	0.0	0.0	3.0
0.388007357064123	0.7575530306160194	0.03463150122391182	30.0	0.0	0.0	3.0
0.46983524356745293	0.8987635271564227	0.02985102355685086	19.0	0.0	0.0	3.0
0.678408606550621	0.21809851651253448	0.031247706002939676	15.0	0.0	0.0	3.0
0.6176216893274287	0.6174000622185442	0.032830880814839404	4.0	0.0	0.0	3.0
0.34326041400431667	0.17658640150417224	0.0314312432146181	10.0	0.0	0.0	3.0
0.4421351228481133	0.29039551054425117	0.03554124218805976	52.0	0.0	0.0010147402735469768	3.0
0.6956940379565744	0.9429769991917136	0.03332968711789781	5.0	0.0	0.0	3.0
0.11802322958904626	0.482348515361812	0.030283728527701836	6.0	0.0	0.0	3.0
0.7593492788888097	0.8887042343156872	0.032065875409373244	55.0	0.0	0.0	3.0
0.06394784554279574	0.8899881025336267	0.033905677576252846	18.0	0.0	0.0	3.0
0.4590791625374276	0.982196953112261	0.03208731458651537	29.0	0.0	0.0	3.0
0.9382301342540875	0.2187467114446872	0.034282246791467824	11.0	0.0	0.0	3.0
0.13489919443112094	0.34084241242790375	0.035107033070333825	33.0	0.0	7.847546996231358e-06	3.0
0.24761789494146078	0.4512061929939809	0.03311276865456519	67.0	0.0	0.0	3.0
0.7161122002236725	0.27431512219731413	0.03214377716307411	24.0	0.0	0.0	3.0
0.16755714111387948	0.7232001721401994	0.03311714571401361	23.0	0.0	0.0	3.0
0.20126961148120498	0.5095739180347431	0.03507496021221867	44.0	0.0	2.6957052057241526e-06	3.0
0.5254713314653291	0.8394538653698063	0.031289119997100885	16.0	0.0	0.0	3.0
0.6939361405766539	0.45377423697276453	0.03600043204715047	54.0	0.0	0.006408298889766684	3.0
0.0653833890969809	0.8100958405455424	0.034121985602739824	50.0	0.0	0.0	3.0
0.17577543605378507	0.5913617843870926	0.031217249157244442	22.0	0.0	0.0	3.0
0.81554492780354	0.2578184104535975	0.03329258281922983	41.0	0.0	0.0	3.0
0.681100778369689	0.6518835517312952	0.030780545370129874	2.0	0.0	0.0	3.0
0.7609208863865737	0.11023789536406846	0.040397112549934645	60.0	0.0	0.0	3.0
0.5085716098863912	0.23744273498808513	0.03338183973033198	25.0	0.0	0.0	3.0
0.7426470214974898	0.7766540362675752	0.02905841516372478	36.0	0.0	0.0	3.0
0.8286627027773928	0.36037666719972844	0.032403630270072634	27.0	0.0	0.0	3.0
0.03818279143410338	0.650862552990145	0.032545024317192126	56.0	0.0	0.0	3.0
0.8030268945150985	0.8052786452822174	0.031353803225385155	68.0	0.0	0.0	3.0
0.9622267052317421	0.14568234208269562	0.03316503894921013	39.0	0.0	0.0	3.0
0.5962780744796338	0.7716326486555415	0.03107110762122974	31.0	0.0	0.0	3.0
0.31442205418732533	0.4115520420869415	0.03416106664539694	40.0	0.0	0.0	3.0
0.6154697946058325	0.39710967496663313	0.035335512157364725	64.0	0.0	0.00024171564372466037	3.0
0.2543358942186102	0.15742934139340395	0.03442265240097222	26.0	0.0	0.0	3.0
0.31929568682098053	0.4856143181332834	0.034711432229873024	65.0	0.0	0.0	3.0
0.9191171181906158	0.059853891557276606	0.031626062202685074	53.0	0.0	0.0	3.0
0.22936068546154195	0.35775886053155326	0.03496979943751412	59.0	0.0	0.0	3.0
0.809026597971098	0.17750529132568424	0.0321906982909272	43.0	0.0	0.0	3.0
0.2293530936865938	0.6391697407817996	0.029704347484183092	20.0	0.0	0.0	3.0
0.4493262806782277	0.36803392910734395	0.03201890014133569	38.0	0.0	0.0	3.0
0.3760393466049047	0.9608704666225373	0.03306801269017966	57.0	0.0	0.0	3.0
0.675652867696908	0.7278614294958438	0.03302893889751085	3.0	0.0	0.0	3.0
0.27468651699279983	0.7667947892972595	0.03195856733735168	37.0	0.0	0.0	3.0
0.24680959488143275	0.24600965015844312	0.03369095037120934	14.0	0.0	0.0	3.0
0.18827744885389408	0.10018252495318654	0.03130568293362041	42.0	0.0	0.0	3.0
0.544796689047262	0.5233198948918327	0.03444117197011273	12.0	0.0	0.0	3.0
0.06214451021481562	0.5669165887854547	0.03092981343281669	1.0	0.0	0.0	3.0
0.8903387777226817	0.28223310472691604	0.03244125239308138	49.0	0.0	0.0	3.0
0.20289717728562512	0.9039378923138169	0.03402449121718408	47.0	0.0	0.0	3.0
0.9187243532739411	0.5264575137255322	0.032541058099669395	21.0	0.0	0.0	3.0
0.7738125253422161	0.3188599492716576	0.029640730988697545	63.0	0.0	0.0	3.0
0.17426705828696618	0.4100402395170017	0.032323853086818226	62.0	0.0	0.0	3.0
0.3945279503413451	0.44694582761520674	0.03362660691494572	61.0	0.0	0.0	3.0
0.6696004019087215	0.3283813200574501	0.03159107825774734	13.0	0.0	0.0	3.0
0.3028219671630888	0.3428893884784147	0.034251479683621626	35.0	0.0	0.0	3.0
0.6129995084189033	0.697507998946043	0.02932271320023833	34.0	0.0	0.0	3.0
0.39226508521371095	0.8777311592823547	0.0339962824608464	8.0	0.0	0.0	3.0
0.48067030746701944	0.17424480394425354	0.03287961649436969	9.0	0.0	0.0	3.0
0.3328790620593212	0.8298513516946578	0.03254833655447916	51.0	0.0	0.0	3.0
0.10526298194414968	0.6474872767510838	0.02925375532500719	7.0	0.0	0.0	3.0
0.22898025925699916	0.8354790733730255	0.03271864900532448	66.0	0.0	0.0	3.0
0.1455962171861364	0.18404078658459824	0.033687752430309595	17.0	0.0	0.0	3.0
0.4664105439206325	0.9003133438491141	0.02988087458040771	19.0	0.0	0.0	4.0
0.8290988711539323	0.3672954630281979	0.0324360339003427	27.0	0.0	0.0	4.0
0.23238445556830706	0.8418448638452984	0.0327513676543298	66.0	0.0	0.0	4.0
0.29777399887742045	0.5651537932289071	0.030624576054484896	28.0	0.0	0.0	4.0
0.7554118309744274	0.8926790428585712	0.03209794128478261	55.0	0.0	0.0	4.0
0.20097626742382835	0.9027744377520548	0.03405851570840126	47.0	0.0	0.0	4.0
0.10286076028732506	0.6469887752647708	0.029283009080332194	7.0	0.0	0.0	4.0
0.8377266169046633	0.8725787177811369	0.032851746749465435	45.0	0.0	0.0	4.0
0.3938231723413113	0.44552186211020645	0.033660233521860664	61.0	0.0	0.0	4.0
0.5450757670742121	0.520997990417507	0.03447561314208284	12.0	0.0	0.0	4.0
0.7987469533840198	0.8042204359625823	0.031385157028610534	68.0	0.0	0.0	4.0
0.6704924965187178	0.3312429324672836	0.031622669336005084	13.0	0.0	0.0	4.0
0.8547969083892665	0.46817190376994483	0.03324605473718528	32.0	0.0	0.0	4.0
0.8876803388953961	0.2830894883376063	0.032473693645474457	49.0	0.0	0.0	4.0
0.5247655337588548	0.8363028315623013	0.031320409117097985	16.0	0.0	0.0	4.0
0.6130392520765772	0.6974756560414308	0.029352035913438566	34.0	0.0	0.0	4.0
0.0648489212164539	0.8884236048170594	0.03393958325382909	18.0	0.0	0.0	4.0
0.8148139592931836	0.2554206229211891	0.03332587540204906	41.0	0.0	0.0	4.0
0.11623929758569629	0.4837092140392373	0.03789251532028692	6.0	0.0	0.0	4.0
0.03655392518888448	0.6531587720809274	0.032577569341509315	56.0	0.0	0.0	4.0
0.38553443848674346	0.7579855064262946	0.03466613272513573	30.0	0.0	0.0	4.0
0.394555192132398	0.8799855019123222	0.03403027874330724	8.0	0.0	0.0	4.0
0.2469845685809766	0.24612967661632407	0.03372464132158055	14.0	0.0	0.0	4.0
0.5948730388359713	0.7681557636795519	0.031102178728850963	31.0	0.0	0.0	4.0
0.4564482478734917	0.37332572003139197	0.03205091904147702	38.0	0.0	0.0	4.0
0.5110080010178107	0.2381271782831413	0.04176902696257788	25.0	0.0	0.0	4.0
0.8155288384418131	0.17814183129909125	0.04027861123652266	43.0	0.0	0.0	4.0
0.2583361133573649	0.15670378026833717	0.034457075053373185	26.0	0.0	0.0	4.0
0.7117104981866045	0.2770961037705098	0.040219901175296474	24.0	0.0	0.0	4.0
0.7418173758167919	0.7746010046483244	0.029087473578888502	36.0	0.0	0.0	4.0
0.1753383693137994	0.5932570453610797	0.031248466406401682	22.0	0.0	0.0	4.0
0.2271858081474884	0.6390810003897901	0.02973405183166727	20.0	0.0	0.0	4.0
0.3225202101209866	0.4931102725106636	0.034746143662102894	65.0	0.0	0.0	4.0
0.9379931422733857	0.2186228403613084	0.03431652903825929	11.0	0.0	0.0	4.0
0.7563667395553036	0.11139437414561784	0.03878122804793726	60.0	0.0	0.0	4.0
0.24743094075863786	0.4514315455353983	0.033145881423219746	67.0	0.0	0.0	4.0
0.6157451585450296	0.6133555337113772	0.03286371169565424	4.0	0.0	0.0	4.0
0.18869490079828252	0.10066068422653653	0.031336988616554026	42.0	0.0	0.0	4.0
0.33442734800596824	0.8291389113344623	0.03258088489103364	51.0	0.0	0.0	4.0
0.6931940953534809	0.45299629956256854	0.03603643247919762	54.0	0.0	0.007125297740643077	4.0
0.537288220809343	0.36693503561248814	0.03349413779893942	48.0	0.0	0.0	4.0
0.27091128186695573	0.7728970513778357	0.03199052590468903	37.0	0.0	0.0	4.0
0.6495631999978972	0.5252086216886891	0.034560118040624734	58.0	0.0	0.0	4.0
0.30095856576090857	0.33416916302215693	0.034285731163305244	35.0	0.0	0.0	4.0
0.1508372320995149	0.18974731392435892	0.0337214401827399	17.0	0.0	0.0	4.0
0.6953421767104679	0.9430431106705642	0.03336301680501571	5.0	0.0	0.0	4.0
0.9188107948440085	0.5249335813968734	0.03257359915776906	21.0	0.0	0.0	4.0
0.6182907062013496	0.39955683695016475	0.03537084766952209	64.0	0.0	0.00032641239081954154	4.0
0.42630241972242755	0.5323585828319329	0.0336543959177631	46.0	0.0	0.0	4.0
0.06286069283632563	0.5653206519446636	0.030960743246249502	1.0	0.0	0.0	4.0
0.48078880759764564	0.1746824569357846	0.03291249611086406	9.0	0.0	0.0	4.0
0.9186321254725647	0.05933244924590642	0.031657688264887754	53.0	0.0	0.0	4.0
0.37519798667954574	0.9612385244442838	0.03310108070286984	57.0	0.0	0.0	4.0
0.06601997271879972	0.8083314962490371	0.03415610758834256	50.0	0.0	0.0	4.0
0.13779099931372352	0.34206430431109264	0.035142140103404156	33.0	0.0	1.837933760384658e-05	4.0
0.22812849811460925	0.3583542998734798	0.03500476923695163	59.0	0.0	6.942713071111939e-10	4.0
0.683844199525403	0.6516324101746493	0.0308113259155	2.0	0.0	0.0	4.0
0.17816639344501647	0.4115169026540006	0.03235617693990504	62.0	0.0	0.0	4.0
0.3033901109979234	0.40962260266207084	0.034195227712042336	40.0	0.0	0.0	4.0
0.6768055662567608	0.7277559077788949	0.03306196783640836	3.0	0.0	0.0	4.0
0.34850949335167797	0.1703396719284886	0.03146267445783271	10.0	0.0	0.0	4.0
0.680079312833854	0.2180722183559858	0.03127895370894261	15.0	0.0	0.0	4.0
0.19369854378395704	0.4987572872012361	0.03511003517243088	44.0	0.0	8.526573878953059e-06	4.0
0.7727103737066069	0.31786672953426665	0.02967037171968624	63.0	0.0	0.0	4.0
0.9574392236540908	0.14168510155863592	0.033198203988159335	39.0	0.0	0.0	4.0
0.16957294564835196	0.7232192092894479	0.03315026285972762	23.0	0.0	0.0	4.0
0.45815575356963895	0.980206709238286	0.03211940190110188	29.0	0.0	0.0	4.0
0.44228253951337637	0.2897373688532644	0.03557678343024782	52.0	0.0	0.001228056365604857	4.0
0.2236651271607266	0.3590195198404553	0.03503977400618858	59.0	0.0	4.0269661383263156e-07	5.0
0.6124241518029383	0.6958965858182515	0.029381387949352	34.0	0.0	0.0	5.0
0.13790346177373972	0.34305245013322866	0.03517728224350756	33.0	0.0	3.565953628026364e-05	5.0
0.24406645251086173	0.8482345705864145	0.03278411902198413	66.0	0.0	0.0	5.0
0.7404822849865152	0.7760919330309402	0.029116561052467387	36.0	0.0	0.0	5.0
0.3938231723413113	0.4491651078813981	0.03369389375538252	61.0	0.0	0.0	5.0
0.2443595680820368	0.44986504665691696	0.03317902730464296	67.0	0.0	0.0	5.0
0.20029646384460395	0.9026599564535408	0.034092574224109655	47.0	0.0	0.0	5.0
0.03402251658009836	0.6578924640685817	0.03261014691085082	56.0	0.0	0.0	5.0
0.8567016857334802	0.46504926579486194	0.03327930079192246	32.0	0.0	0.0	5.0
0.6691801018659205	0.33028055666473527	0.03165429200534108	13.0	0.0	0.0	5.0
0.8171196700545117	0.2506106513053435	0.0333592012774511	41.0	0.0	0.0	5.0
0.9510005262815657	0.14306357790877614	0.03323140219214749	39.0	0.0	0.0	5.0
0.0628162917809103	0.5652554855908049	0.030991703989495748	1.0	0.0	0.0	5.0
0.2984641842729694	0.33282514275017394	0.03432001689446854	35.0	0.0	0.0	5.0
0.2469845685809766	0.25090011997825046	0.033758365962902125	14.0	0.0	0.0	5.0
0.1861863562201637	0.5059305602589325	0.035145145207603305	44.0	0.0	1.9569876130276498e-05	5.0
0.1767000388915515	0.5913628786293358	0.03127971487280808	22.0	0.0	0.0	5.0
0.2691267941920771	0.7715884909119816	0.032022516430593714	37.0	0.0	0.0	5.0
0.627366712751278	0.4006767087931341	0.035406218517191605	64.0	0.0	0.0004290018090813419	5.0
0.33754509002929034	0.831643630045518	0.03261346577592467	51.0	0.0	0.0	5.0
0.8840250653132201	0.2901367609588834	0.03250616733911993	49.0	0.0	0.0	5.0
0.6509799296126442	0.5267907180863408	0.034594678158665355	58.0	0.0	0.0	5.0
0.5301461250375163	0.8413389942219577	0.03135172952621508	16.0	0.0	0.0	5.0
0.2660073369387255	0.15165192834959434	0.03449153212842655	26.0	0.0	0.0	5.0
0.44267466966250213	0.29072559461165925	0.035612360213678064	52.0	0.0	0.001469605848896549	5.0
0.5434852805243666	0.5214664829610625	0.03451008875522492	12.0	0.0	0.0	5.0
0.5895845822054585	0.7707939922545102	0.03113328090757981	31.0	0.0	0.0	5.0
0.68383877231687	0.21592268153578772	0.03131023266265155	15.0	0.0	0.0	5.0
0.31074638061648124	0.40583065504979526	0.034229422939754374	40.0	0.0	0.0	5.0
0.11570883208619506	0.4889574749089313	0.03637681470747544	6.0	0.0	0.0	5.0
0.4880811703947525	0.17132689229405998	0.032945408606974924	9.0	0.0	0.0	5.0
0.9176646930976371	0.06026108033030908	0.03168934595315264	53.0	0.0	0.0	5.0
0.5312661497332895	0.3688749722847228	0.033527631936738356	48.0	0.0	0.0	5.0
0.17914297931559628	0.4131880888197753	0.03238853311684495	62.0	0.0	0.0	5.0
0.39455248652242497	0.880028420115479	0.03406430902205054	8.0	0.0	0.0	5.0
0.7574006444589294	0.8983018406441928	0.03213003922606739	55.0	0.0	0.0	5.0
0.06600040775884239	0.8868636406790105	0.033973522837082916	18.0	0.0	0.0	5.0
0.3473007500529094	0.16907246259667058	0.03149413713229054	10.0	0.0	0.0	5.0
0.6152615052588023	0.61318958489811	0.03289657540734989	4.0	0.0	0.0	5.0
0.18601457635793528	0.10265222900034081	0.031368325605170576	42.0	0.0	0.0	5.0
0.46619118184637526	0.9001608286115095	0.029910755454988114	19.0	0.0	0.0	5.0
0.6754842558259875	0.7263352943564323	0.03309502980424476	3.0	0.0	0.0	5.0
0.3734676087351664	0.9676292776007157	0.033134181783572705	57.0	0.0	0.0	5.0
0.6839853312457245	0.6534969286274408	0.030842137241415497	2.0	0.0	0.0	5.0
0.713189025061649	0.2774715604745403	0.03861110512828461	24.0	0.0	0.0	5.0
0.8384164945139401	0.8733491208764744	0.0328845984962149	45.0	0.0	0.0	5.0
0.29868154527312796	0.567142548562257	0.030655200630539378	28.0	0.0	0.0	5.0
0.9129436955331041	0.5259596477427928	0.03260617275692683	21.0	0.0	0.0	5.0
0.42554965915191995	0.5311587754371458	0.033688050313680856	46.0	0.0	0.0	5.0
0.10297465304011041	0.6453468287739579	0.029312292089412523	7.0	0.0	0.0	5.0
0.06561390564935761	0.8065186098480337	0.0341902636959309	50.0	0.0	0.0	5.0
0.516037886906922	0.23667993019498823	0.040098265884074766	25.0	0.0	0.0	5.0
0.1516218009417153	0.19062346102118993	0.033755161622922636	17.0	0.0	0.0	5.0
0.3883891326465064	0.7589449501468515	0.034700798857860864	30.0	0.0	0.0	5.0
0.44964672606385353	0.3745152026462398	0.032082969960518494	38.0	0.0	0.0	5.0
0.32109535567230985	0.49241062989289225	0.03478088980576499	65.0	0.0	0.0	5.0
0.1710982036811217	0.7232336137440049	0.033183413122587345	23.0	0.0	0.0	5.0
0.7532843600147582	0.10907383120605246	0.037165343545939866	60.0	0.0	0.0	5.0
0.6954330609396985	0.9426600380330157	0.03339637982182072	5.0	0.0	0.0	5.0
0.8172309437369368	0.17918746404901809	0.038667466787061754	43.0	0.0	0.0	5.0
0.22764755464542202	0.6390737321573005	0.029763785883498935	20.0	0.0	0.0	5.0
0.9384318036083944	0.21903342160065414	0.03435084556729755	11.0	0.0	0.0	5.0
0.8311817663271343	0.36694469620174364	0.03246846993424304	27.0	0.0	0.0	5.0
0.7683497363178076	0.3125426060580057	0.02970004209140592	63.0	0.0	0.0	5.0
0.7993556758808162	0.7991559186862475	0.03141654218563914	68.0	0.0	0.0	5.0
0.4580779515981746	0.9678490693091699	0.03215152130300298	29.0	0.0	0.0	5.0
0.6918353576248967	0.4456371988067625	0.036072468911676814	54.0	0.0	0.007894672336774988	5.0
0.03218286307684935	0.6579098376569967	0.032642757057761665	56.0	0.0	0.0	6.0
0.0641661417543492	0.5655091099355087	0.03102269569348524	1.0	0.0	0.0	6.0
0.3985104011025164	0.8834296687773736	0.03409837333107259	8.0	0.0	0.0	6.0
0.13940161918595553	0.3412695500098722	0.03521245952575106	33.0	0.0	6.13774155056035e-05	6.0
0.34673598266613065	0.16621556406983753	0.03152563126942282	10.0	0.0	0.0	6.0
0.831533747270975	0.3725280544114038	0.032500938404177275	27.0	0.0	0.0	6.0
0.5334854197895268	0.3659463452910266	0.03356115956867509	48.0	0.0	0.0	6.0
0.17630157645390795	0.5902585069409481	0.031310994587680885	22.0	0.0	0.0	6.0
0.9349218175206209	0.21359234062423482	0.03438519641286484	11.0	0.0	0.0	6.0
0.8221813694385761	0.24880235418274171	0.03339256047872855	41.0	0.0	0.0	6.0
0.15331483741713775	0.19070346283558687	0.033788916784545556	17.0	0.0	0.0	6.0
0.7691676145328858	0.3122504182549092	0.029729742133497324	63.0	0.0	0.0	6.0
0.4240593383559948	0.5322089261654348	0.03372173836399453	46.0	0.0	0.0	6.0
0.7124934826467997	0.27746937097738766	0.03700230908127275	24.0	0.0	0.0	6.0
0.2276290669977167	0.638095009981705	0.02979354966938243	20.0	0.0	0.0	6.0
0.7394068401128591	0.7763363788733886	0.02914567761351985	36.0	0.0	0.0	6.0
0.0659462138898387	0.8069997921794364	0.03422445395962683	50.0	0.0	0.0	6.0
0.6801592667311351	0.7268524630955394	0.033128124834049	3.0	0.0	0.0	6.0
0.3040558697289308	0.33462643594957764	0.034354336911363005	35.0	0.0	0.0	6.0
0.1790375439068295	0.41166806849189447	0.03242092164996179	62.0	0.0	0.0	6.0
0.39278476724716027	0.44912258996049803	0.0337275876491379	61.0	0.0	0.0	6.0
0.516137259494163	0.23702943447159078	0.038427504805571645	25.0	0.0	0.0	6.0
0.38874433948978543	0.7609390295834721	0.034735499656718724	30.0	0.0	0.0	6.0
0.4929528083980941	0.1719279947942697	0.0329783540155819	9.0	0.0	0.0	6.0
0.8085100768436497	0.176558871845378	0.037056322337600846	43.0	0.0	0.0	6.0
0.10021594595551095	0.6503529466250375	0.02934160438150193	7.0	0.0	0.0	6.0
0.6819831015604966	0.21741348264449994	0.0313415428953142	15.0	0.0	0.0	6.0
0.2974982254452737	0.5743068876522262	0.030685855831169916	28.0	0.0	0.0	6.0
0.45151092648643487	0.37597461800081766	0.03211505293047901	38.0	0.0	0.0	6.0
0.6839657569286167	0.6503878510793613	0.03087297937865691	2.0	0.0	0.0	6.0
0.5281296043490907	0.8430883410556417	0.03138308125574129	16.0	0.0	0.0	6.0
0.30535418234691103	0.4091431757974332	0.03426365236269412	40.0	0.0	0.0	6.0
0.18633452057526256	0.5043662985945685	0.0351802903528109	44.0	0.0	3.750571418947857e-05	6.0
0.7558080788079548	0.9031927742120646	0.03216216926529346	55.0	0.0	0.0	6.0
0.9143440111349339	0.05916824020343847	0.03172103529910579	53.0	0.0	0.0	6.0
0.8396058904032647	0.8714533707013838	0.032917483094711104	45.0	0.0	0.0	6.0
0.6262712592474222	0.4001388110746716	0.03544162473570879	64.0	0.0	0.0005512392657891496	6.0
0.5433001676383573	0.5209912657342924	0.03454459884398014	12.0	0.0	0.0	6.0
0.8574402730859052	0.4594954380198407	0.03331258009271438	32.0	0.0	0.0	6.0
0.20094241208236738	0.90264978874899	0.03412666679833376	47.0	0.0	0.0	6.0
0.24534568656026096	0.8517113518674574	0.03281690314100611	66.0	0.0	0.0	6.0
0.4416385771570989	0.2981581272638745	0.03564797257389174	52.0	0.0	0.0017412047645706252	6.0
0.8840153031479362	0.2900838877984435	0.032538673506459045	49.0	0.0	0.0	6.0
0.6689885912859601	0.32916480322855063	0.03168594629734642	13.0	0.0	0.0	6.0
0.8012533272608723	0.8011706031244034	0.03144795872782478	68.0	0.0	0.0	6.0
0.6953923880030196	0.9431973760658421	0.03342977620164254	5.0	0.0	0.0	6.0
0.913454095404056	0.5242065481695914	0.032638778929683754	21.0	0.0	0.0	6.0
0.6176451468904258	0.6177851841143736	0.03292947198275723	4.0	0.0	0.0	6.0
0.2639331650058686	0.1461222936169806	0.034526023660554975	26.0	0.0	0.0	6.0
0.6527572639819199	0.5305591207671433	0.034629272836824015	58.0	0.0	0.0	6.0
0.45586073061863247	0.968208117079336	0.03218367282430598	29.0	0.0	0.0	6.0
0.373856902699678	0.9686475726587632	0.03316731596535628	57.0	0.0	0.0	6.0
0.46998761406608114	0.9033192886678262	0.029940666210443098	19.0	0.0	0.0	6.0
0.3326957193605719	0.8247461625884981	0.03264607924170059	51.0	0.0	0.0	6.0
0.9506478797110507	0.14290130836789217	0.033264633594339635	39.0	0.0	0.0	6.0
0.06458470725150332	0.8868413565025866	0.034007496359919995	18.0	0.0	0.0	6.0
0.17176760608013283	0.722071360056181	0.03321659653570993	23.0	0.0	0.0	6.0
0.18865461900517957	0.10560042879681246	0.03139969393077574	42.0	0.0	0.0	6.0
0.32293837040909384	0.49197949707478755	0.034815670695570754	65.0	0.0	0.0	6.0
0.7486829488002923	0.11214577761956124	0.03554945904394249	60.0	0.0	0.0	6.0
0.2241010707863732	0.35915995375691667	0.035074813780194766	59.0	0.0	2.6799381487307983e-06	6.0
0.6936275941835338	0.4461897363668888	0.036108541380588485	54.0	0.0	0.008718378155364803	6.0
0.611982563833893	0.6976128682750903	0.02941076933730135	34.0	0.0	0.0	6.0
0.24709757608836125	0.24890784017872622	0.033792124328865025	14.0	0.0	0.0	6.0
0.1163776893282412	0.48873735324673484	0.03486111409466396	6.0	0.0	0.0	6.0
0.5891409802769998	0.7693388499900483	0.031164414188487387	31.0	0.0	0.0	6.0
0.2718297331462746	0.7760830188938462	0.03205453894702431	37.0	0.0	0.0	6.0
0.24415208955448758	0.4497246355666246	0.0332122063319476	67.0	0.0	0.0	6.0
0.8393825268847371	0.8712192032521378	0.032950400577805815	45.0	0.0	0.0	7.0
0.6798549162221622	0.21809905156771708	0.03137288443820951	15.0	0.0	0.0	7.0
0.951006833034662	0.1408100223181491	0.03329789822793397	39.0	0.0	0.0	7.0
0.031660718434380994	0.6581869517271698	0.03267539981481942	56.0	0.0	0.0	7.0
0.1892851148965261	0.10805092363200113	0.031431093624706516	42.0	0.0	0.0	7.0
0.44705354248930024	0.30335591189333877	0.03568362054646563	52.0	0.0	0.0020446797476125766	7.0
0.3927934556342749	0.8887806545340192	0.03413247170440366	8.0	0.0	0.0	7.0
0.8227494996645123	0.24923569695902742	0.03342595303920728	41.0	0.0	0.0	7.0
0.7457381077792313	0.10845646848457556	0.0339335745419451	60.0	0.0	0.0	7.0
0.6823127478659103	0.7252733206242298	0.033161252958883045	3.0	0.0	0.0	7.0
0.6947421715864518	0.9446222303459064	0.033463205977844176	5.0	0.0	0.0	7.0
0.32264938515151925	0.4895751653188641	0.03485048636626632	65.0	0.0	0.0	7.0
0.8011877055141866	0.800224560518035	0.0314794066865526	68.0	0.0	0.0	7.0
0.6541461071531881	0.5301783773026528	0.03466390210966083	58.0	0.0	0.0	7.0
0.6258186557625008	0.6209987069992571	0.032962401454739984	4.0	0.0	0.0	7.0
0.2692637082592943	0.7749022682071206	0.03208659348597133	37.0	0.0	0.0	7.0
0.47118877598846803	0.894214364229932	0.02997060687665354	19.0	0.0	0.0	7.0
0.6286344137272531	0.3995228494121137	0.035477066360444495	64.0	0.0	0.0006948904709105364	7.0
0.06524488693456575	0.8078898533147589	0.03425867841358646	50.0	0.0	0.0	7.0
0.5321833595929942	0.3719359454110581	0.033594720728243765	48.0	0.0	0.0	7.0
0.22959609751841092	0.3518842079635512	0.03510988859397496	59.0	0.0	8.492544353089215e-06	7.0
0.17082173632860295	0.7234047563293444	0.033249813132245634	23.0	0.0	0.0	7.0
0.4583679900767346	0.9764762912705323	0.03221585649713028	29.0	0.0	0.0	7.0
0.767138023213091	0.310555839479163	0.029759471875630817	63.0	0.0	0.0	7.0
0.9350397124457944	0.21318740019464785	0.0344195816092777	11.0	0.0	0.0	7.0
0.7400542400659009	0.7773262234464718	0.029174823291133366	36.0	0.0	0.0	7.0
0.3328119925667533	0.8247545956758254	0.032678725320942285	51.0	0.0	0.0	7.0
0.19115300619947106	0.49362881559298094	0.03521547064316371	44.0	0.0	6.402422026496879e-05	7.0
0.24508257106615047	0.4481090817980996	0.033245418538279545	67.0	0.0	0.0	7.0
0.41910904726714104	0.533872686076067	0.03375546010235852	46.0	0.0	0.0	7.0
0.6931676366367345	0.44545662083512577	0.03614464992196907	54.0	0.0	0.009598381841797732	7.0
0.4894532255997546	0.164179703634779	0.033011332369597475	9.0	0.0	0.0	7.0
0.11266914562242018	0.4893859210802197	0.03334541348185249	6.0	0.0	0.0	7.0
0.1534853570751831	0.1934083602151643	0.0338227057013301	17.0	0.0	0.0	7.0
0.06353157782159968	0.5667325327325113	0.03105371838917872	1.0	0.0	0.0	7.0
0.30713042868014256	0.40895799217048184	0.034297916015056815	40.0	0.0	0.0	7.0
0.19839413706426776	0.9025454485870807	0.03416079346513209	47.0	0.0	0.0	7.0
0.2655088865362979	0.14272610597702587	0.03456054968421553	26.0	0.0	0.0	7.0
0.2505473021416565	0.8573749803853591	0.032849720044147115	66.0	0.0	0.0	7.0
0.7109718129715801	0.27511052176397577	0.035393513034260894	24.0	0.0	0.0	7.0
0.9120201518258113	0.061698507127009763	0.03175275633440489	53.0	0.0	0.0	7.0
0.34735958554994056	0.1685186979666913	0.03155715690069224	10.0	0.0	0.0	7.0
0.24424276515273965	0.24951903358186214	0.03382591645319389	14.0	0.0	0.0	7.0
0.6850431677896948	0.6538439108470169	0.030903852358035562	2.0	0.0	0.0	7.0
0.38835193329898093	0.7601939945886169	0.03477023515637544	30.0	0.0	0.0	7.0
0.18311956833447848	0.587919150022128	0.03134230558226856	22.0	0.0	0.0	7.0
0.6693323636216657	0.32938810288169257	0.03171763224364376	13.0	0.0	0.0	7.0
0.3014705742032781	0.3393178706269077	0.034388691248274365	35.0	0.0	0.0	7.0
0.09864592524494789	0.6518984485353951	0.02937094598588343	7.0	0.0	0.0	7.0
0.06758336591216707	0.8849731237575635	0.03404150385627991	18.0	0.0	0.0	7.0
0.37364850015879686	0.9678582194210049	0.03320048328132163	57.0	0.0	0.0	7.0
0.29864027362824086	0.5721385582984592	0.03071654168700108	28.0	0.0	0.0	7.0
0.6149300700152787	0.6948886517258839	0.02944018010663865	34.0	0.0	0.0	7.0
0.22606375458821418	0.6381492333720242	0.02982334321905181	20.0	0.0	0.0	7.0
0.5367713364999023	0.5207239400754736	0.03457914344282412	12.0	0.0	0.0	7.0
0.8866340374637957	0.2911903975163112	0.0325712121799655	49.0	0.0	0.0	7.0
0.4513338936347729	0.37573478462918625	0.03214716798340949	38.0	0.0	0.0	7.0
0.3937331613289634	0.45160335024609144	0.033761315236787034	61.0	0.0	0.0	7.0
0.9101454760200485	0.5220276708358501	0.03267141770861343	21.0	0.0	0.0	7.0
0.13516235018762549	0.33891600063462335	0.03524767198527681	33.0	0.0	9.72323159089683e-05	7.0
0.17312701695536298	0.42032006146391265	0.03245334257161175	62.0	0.0	0.0	7.0
0.5188467114017847	0.24729939103591297	0.03675674372706854	25.0	0.0	0.0	7.0
0.8580917289516795	0.45895151409155543	0.03334589267280709	32.0	0.0	0.0	7.0
0.8076113128491039	0.18160440189022242	0.035445177888139945	43.0	0.0	0.0	7.0
0.7550866926384068	0.9025426867297919	0.03219433143455875	55.0	0.0	0.0	7.0
0.8303137699899976	0.36738590908289376	0.03253343934258145	27.0	0.0	0.0	7.0
0.5889623079363373	0.7707503284955072	0.03119557860267587	31.0	0.0	0.0	7.0
0.5278014985752305	0.8456803160955583	0.03141446433699703	16.0	0.0	0.0	7.0
0.8894460815871119	0.2921355068432833	0.032603783392145466	49.0	0.0	0.0	8.0
0.8078271826078787	0.18236363948255765	0.03383403343867904	43.0	0.0	0.0	8.0
0.6302207112730309	0.3973162112621892	0.03551254342680494	64.0	0.0	0.0008617315199330733	8.0
0.6683417017832831	0.3293475398279091	0.0317493498758874	13.0	0.0	0.0	8.0
0.5331071076311212	0.3725696075287359	0.033628315448972004	48.0	0.0	0.0	8.0
0.2479392022007586	0.44799211586899734	0.03327866395681782	67.0	0.0	0.0	8.0
0.4191069634221961	0.533870268638296	0.033789215562460874	46.0	0.0	0.0	8.0
0.03185684445980846	0.6586027889791648	0.03270807521463424	56.0	0.0	0.0	8.0
0.07105139316630685	0.8837831907547467	0.034075545360136184	18.0	0.0	0.0	8.0
0.25435151766764064	0.8576027817569513	0.03288256976419126	66.0	0.0	0.0	8.0
0.6216318508130061	0.622231969173244	0.03299536385619472	4.0	0.0	0.0	8.0
0.764087423297854	0.12652646565216413	0.01948776119423181	70.0	60.0	0.0	8.0
0.5178868565144632	0.23836541878991932	0.03508598264856542	25.0	0.0	0.0	8.0
0.37150316981353126	0.9728912415080151	0.03323368376460294	57.0	0.0	0.0	8.0
0.3454250438457301	0.16747633003699525	0.03158871405759293	10.0	0.0	0.0	8.0
0.6930316844773676	0.44608201363357763	0.03618079457189104	54.0	0.0	0.010536661255457602	8.0
0.09743380063359573	0.6500703944489068	0.02940031693186931	7.0	0.0	0.0	8.0
0.3954672330104654	0.45115136046503873	0.033795076552023816	61.0	0.0	0.0	8.0
0.3938365220998866	0.8893857914119038	0.034166604176108055	8.0	0.0	0.0	8.0
0.19858760392013092	0.900935821476084	0.03419495425859721	47.0	0.0	0.0	8.0
0.7309538122602918	0.09417135530071645	0.01948776119423181	69.0	60.0	0.0	8.0
0.2232263376055607	0.6380688250089122	0.02985316656227086	20.0	0.0	0.0	8.0
0.17385552880358557	0.41999589026548295	0.03248579591418335	62.0	0.0	0.0	8.0
0.15382792713604318	0.193932133987544	0.033856528407031426	17.0	0.0	0.0	8.0
0.3894879068438631	0.759425224509784	0.03480500539153181	30.0	0.0	0.0	8.0
0.1322731328989805	0.3370133187810047	0.03528291965726209	33.0	0.0	0.0001449336881336194	8.0
0.9101914321400052	0.06049421149468984	0.031784509090739294	53.0	0.0	0.0	8.0
0.24556699010150507	0.25128957471567337	0.03385974236964708	14.0	0.0	0.0	8.0
0.30631811944266724	0.40925397035086736	0.034332213931071866	40.0	0.0	0.0	8.0
0.18312719447890144	0.5878386361538648	0.031373647887850825	22.0	0.0	0.0	8.0
0.18889690170209048	0.10948469982278458	0.03146252471833122	42.0	0.0	0.0	8.0
0.11268217688310737	0.487316106853617	0.031829712869041016	6.0	0.0	0.0	8.0
0.5268439433217749	0.8480075845748047	0.03144587880133402	16.0	0.0	0.0	8.0
0.5363252339317204	0.5214450169607855	0.03461372258626694	12.0	0.0	0.0	8.0
0.32328627912409535	0.49269359400029067	0.034885336852632585	65.0	0.0	0.0	8.0
0.6945462360495698	0.9448010485889162	0.03349666918382202	5.0	0.0	0.0	8.0
0.8009796990553871	0.8008126389200807	0.03151088609323915	68.0	0.0	0.0	8.0
0.30138066680538483	0.3384810460109186	0.034423079939522636	35.0	0.0	0.0	8.0
0.4520983605396051	0.3812187787726358	0.0321793151513929	38.0	0.0	0.0	8.0
0.831069081854749	0.3683444830130825	0.032565972781924024	27.0	0.0	0.0	8.0
0.3328890831665121	0.8230064695350093	0.03271140404626322	51.0	0.0	0.0	8.0
0.8247723346251308	0.25047835949499353	0.033459378992246484	41.0	0.0	0.0	8.0
0.4721451818281347	0.8955992398834267	0.03000057748353019	19.0	0.0	0.0	8.0
0.5889532921934003	0.7707853692179063	0.031226774181278543	31.0	0.0	0.0	8.0
0.18261133784470446	0.49446500634475066	0.03525068611380687	44.0	0.0	0.0001008255982526407	8.0
0.0645318263197802	0.5665249643086697	0.031084772107567896	1.0	0.0	0.0	8.0
0.29877845088651545	0.5715216659392779	0.03074725822868808	28.0	0.0	0.0	8.0
0.22946208670721568	0.3507692498798827	0.035144998482568926	59.0	0.0	1.9510587449644845e-05	8.0
0.26556857118459315	0.14137268163972935	0.03459511023389974	26.0	0.0	0.0	8.0
0.6855102305244049	0.6537712912018586	0.030934756210393596	2.0	0.0	0.0	8.0
0.6144869661726489	0.6965251539074515	0.029469620286745286	34.0	0.0	0.0	8.0
0.6568930659052107	0.5283693792080293	0.03469856601177049	58.0	0.0	0.0	8.0
0.17191015160826692	0.7223730819401389	0.033283062945377875	23.0	0.0	0.0	8.0
0.7432580266282222	0.7701869256594646	0.029203998114424496	36.0	0.0	0.0	8.0
0.7559697275048919	0.9016399764241971	0.0322265257659933	55.0	0.0	0.0	8.0
0.4590325022285991	0.9769445380548121	0.03224807235362741	29.0	0.0	0.0	8.0
0.9495634791612	0.13759366164173423	0.0333311961261619	39.0	0.0	0.0	8.0
0.488797586443613	0.16672792066192138	0.03304434370196707	9.0	0.0	0.0	8.0
0.26803895635493497	0.7766757089616331	0.0321186800794573	37.0	0.0	0.0	8.0
0.4475088514183636	0.30297575809583605	0.03571930416701209	52.0	0.0	0.0023818680706284567	8.0
0.8587176350642288	0.4599353182268658	0.03337923856547989	32.0	0.0	0.0	8.0
0.6825066959920726	0.7271921831369567	0.033194414211841924	3.0	0.0	0.0	8.0
0.9370187846343094	0.21621330999945615	0.03445400119088698	11.0	0.0	0.0	8.0
0.6770159429443143	0.21735906663862956	0.03140425732264771	15.0	0.0	0.0	8.0
0.9102571007656682	0.5223563650872254	0.03270408912632204	21.0	0.0	0.0	8.0
0.8393155066405087	0.8719776095822017	0.03298335097838362	45.0	0.0	0.0	8.0
0.7680030581877227	0.3109873755865491	0.029789231347506443	63.0	0.0	0.0	8.0
0.06722763286576845	0.8106116552813659	0.03429293709200004	50.0	0.0	0.0	8.0
0.7119881531096163	0.27886414042645424	0.03378471698724904	24.0	0.0	0.0	8.0
0.761093640684731	0.12247067051981365	0.01950724895542604	70.0	0.0	0.0	9.0
0.09773637911096048	0.6489243369211336	0.029429717248801175	7.0	0.0	0.0	9.0
0.1747904869582938	0.7325035369361714	0.03331634600832325	23.0	0.0	0.0	9.0
0.033130649336980664	0.6594531933750244	0.03274078328984887	56.0	0.0	0.0	9.0
0.7291084734809575	0.258837618277536	0.01940227357564072	73.0	24.0	0.0	9.0
0.5231871364536987	0.2155424593627587	0.0198137529770241	76.0	25.0	0.0	9.0
0.5901466572388466	0.7693283292744957	0.031258000955459816	31.0	0.0	0.0	9.0
0.6163980188833106	0.6944704761658926	0.02949908990703203	34.0	0.0	0.0	9.0
0.7856173303503243	0.18670394656382422	0.018459065811703156	77.0	43.0	0.0	9.0
0.3930148098414188	0.8883014309509331	0.03420077078028416	8.0	0.0	0.0	9.0
0.15299732096998292	0.19454929411346242	0.03389038493543845	17.0	0.0	0.0	9.0
0.4481885311195981	0.3012938305572951	0.0357550234711791	52.0	0.0	0.0027546176878416873	9.0
0.9482029544627758	0.13616732935449966	0.03336452732228806	39.0	0.0	0.0	9.0
0.619969010678626	0.6216665449330601	0.03302835922005091	4.0	0.0	0.0	9.0
0.9123846561092951	0.5208771458108349	0.03273679321544836	21.0	0.0	0.0	9.0
0.8248527795306446	0.2490601461042286	0.033492838371238724	41.0	0.0	0.0	9.0
0.30627375415870517	0.4082479318340902	0.03436654614500293	40.0	0.0	0.0	9.0
0.692048885664522	0.4470253948465443	0.03621697536646292	54.0	0.0	0.011535205515727398	9.0
0.39486689639422085	0.4517423217058818	0.033828871628575834	61.0	0.0	0.0	9.0
0.5125865765752277	0.2632130252656253	0.0198137529770241	75.0	25.0	0.0	9.0
0.3894879068438631	0.7626264000274539	0.03483981039692333	30.0	0.0	0.0	9.0
0.22489205669329956	0.6440034303091459	0.029883019728833126	20.0	0.0	0.0	9.0
0.0680018849401242	0.8108610711340896	0.03432723002909204	50.0	0.0	0.0	9.0
0.4688078614145516	0.8928127910621467	0.030030578061013717	19.0	0.0	0.0	9.0
0.0710917897961626	0.8832907191298636	0.03410962090549632	18.0	0.0	0.0	9.0
0.7676887055115369	0.3115578190934273	0.029819020578853946	63.0	0.0	0.0	9.0
0.2525043916853624	0.852678439745896	0.032915452333955444	66.0	0.0	0.0	9.0
0.30372278783283085	0.5792932135190586	0.030778005486916764	28.0	0.0	0.0	9.0
0.6654139586258098	0.32928922105107306	0.03178109922576328	13.0	0.0	0.0	9.0
0.3460281246524706	0.16810066366770182	0.03162030277165052	10.0	0.0	0.0	9.0
0.3713659881890816	0.9712188728540443	0.033266917448367544	57.0	0.0	0.0	9.0
0.5353546155062113	0.5218408101364664	0.0346483363088532	12.0	0.0	0.0	9.0
0.8701429242632315	0.45917893987586894	0.033412617804045364	32.0	0.0	0.0	9.0
0.7430945545523046	0.7766768918969689	0.02923320211253892	36.0	0.0	0.0	9.0
0.19292969276032515	0.4946255883838307	0.035285936799920675	44.0	0.0	0.00014962016567210412	9.0
0.686487978608848	0.213840068051863	0.03143566157997035	15.0	0.0	0.0	9.0
0.24605238527947748	0.24994426172857528	0.033893602112016724	14.0	0.0	0.0	9.0
0.7556499677945094	0.9012393801230463	0.03225875229175929	55.0	0.0	0.0	9.0
0.83115120137015	0.36997355251516	0.03259853875470595	27.0	0.0	0.0	9.0
0.9106952765659702	0.05824479809283945	0.03181629359983003	53.0	0.0	0.0	9.0
0.7007925592133832	0.2865885495721972	0.01940227357564072	74.0	24.0	0.0	9.0
0.6905445671264828	0.9427731909933263	0.03353016585300584	5.0	0.0	0.0	9.0
0.2485126720688565	0.44405948583618504	0.03331194262077463	67.0	0.0	0.0	9.0
0.45835314967984353	0.9782149160197424	0.03228032042598103	29.0	0.0	0.0	9.0
0.17982076966124785	0.42478822083047957	0.03251828171009753	62.0	0.0	0.0	9.0
0.5314837707814012	0.37210252513283665	0.03366194376442097	48.0	0.0	0.0	9.0
0.8010659703361381	0.7980729362657424	0.031542396979332386	68.0	0.0	0.0	9.0
0.8334849833840404	0.17322702242754995	0.018459065811703156	78.0	43.0	0.0	9.0
0.09905045696314702	0.4669666097440038	0.017974872598945722	72.0	6.0	0.0	9.0
0.6578941028835166	0.5308023268606727	0.03473326457778225	58.0	0.0	0.0	9.0
0.3258064252830294	0.49226919257973756	0.03492022218948521	65.0	0.0	0.0	9.0
0.1914667123540297	0.10918402832833997	0.03149398724304955	42.0	0.0	0.0	9.0
0.527114248298514	0.8488377190709792	0.03147732468013535	16.0	0.0	0.0	9.0
0.8887703757056646	0.29018619147685204	0.03263638717553761	49.0	0.0	0.0	9.0
0.6952463933982369	0.6537163114003786	0.030965690966603985	2.0	0.0	0.0	9.0
0.3345086916135283	0.8255521827910569	0.03274411545030948	51.0	0.0	0.0	9.0
0.7309411416180406	0.09417597205682952	0.01950724895542604	69.0	0.0	0.0	9.0
0.1987869462653611	0.9014572508932139	0.0342291492128558	47.0	0.0	0.0	9.0
0.29819449894096517	0.3308737600303133	0.034457503019462155	35.0	0.0	0.0	9.0
0.2312751520255962	0.3520812940911557	0.035180143481051494	59.0	0.0	3.741412785984721e-05	9.0
0.11738689500149563	0.5061506207937218	0.017974872598945722	71.0	6.0	0.0	9.0
0.48829543055763025	0.16538919912956893	0.03307738804566904	9.0	0.0	0.0	9.0
0.12839608724876925	0.3364604127741331	0.035318202576919346	33.0	0.0	0.00020620113487268554	9.0
0.44980982509329226	0.38371058433095606	0.03221149446654429	38.0	0.0	0.0	9.0
0.05520718752417082	0.5615006712601466	0.03111585687967546	1.0	0.0	0.0	9.0
0.41860037542154194	0.5333116662991139	0.03382300477802333	46.0	0.0	0.0	9.0
0.26582144119711737	0.13691467854315065	0.034629705344133635	26.0	0.0	0.0	9.0
0.2644037499940653	0.7752199895108418	0.032150798759536754	37.0	0.0	0.0	9.0
0.6265091907060069	0.40693447540826666	0.03554805597023174	64.0	0.0	0.0010535489369800644	9.0
0.6836343695142821	0.7272882589345308	0.03322760862605376	3.0	0.0	0.0	9.0
0.17400308251731067	0.5795391366766744	0.031405021535738674	22.0	0.0	0.0	9.0
0.8382784870359735	0.8717350216225888	0.033016334329362	45.0	0.0	0.0	9.0
0.9397575547074931	0.21919534049512332	0.03448845519207786	11.0	0.0	0.0	9.0
0.264905036703231	0.1375604206204895	0.03466433504947777	26.0	0.0	0.0	10.0
0.5319075221161328	0.37211186409786773	0.03369560570818539	48.0	0.0	0.0	10.0
0.6152413455817225	0.6939902996019688	0.029528588996939057	34.0	0.0	0.0	10.0
0.6834231056991761	0.7271974206133646	0.03326083623467981	3.0	0.0	0.0	10.0
0.6262386183514512	0.40651504181100934	0.03558360402620196	64.0	0.0	0.0012721397179120686	10.0
0.7562960234239772	0.9038881170686811	0.03229101104405105	55.0	0.0	0.0	10.0
0.9136604633414671	0.06027882301513458	0.03184810989342986	53.0	0.0	0.0	10.0
0.19497006297125163	0.11012077858326147	0.03152548123029259	42.0	0.0	0.0	10.0
0.3363432034560545	0.8245032685068588	0.032776859565759785	51.0	0.0	0.0	10.0
0.7008693242314525	0.2896361794055796	0.01942167584921636	74.0	0.0	0.0	10.0
0.07142578626257978	0.8105910620083812	0.03436155725912113	50.0	0.0	0.0	10.0
0.8281341180593895	0.3725908949341759	0.03263113729346065	27.0	0.0	0.0	10.0
0.12746163572531471	0.33641035864864854	0.03535352077949626	33.0	0.0	0.0002827644530611906	10.0
0.9112676699804662	0.5202570195563551	0.032769530008663804	21.0	0.0	0.0	10.0
0.41918550279605415	0.5333763954714373	0.03385682778280135	46.0	0.0	0.0	10.0
0.5254424557627607	0.2162377630169161	0.019833566730001122	76.0	0.0	0.0	10.0
0.22667955757167535	0.36134146449396476	0.035215323624532544	59.0	0.0	6.389325579903016e-05	10.0
0.3958718914187658	0.8823412378852257	0.03423497155106444	8.0	0.0	0.0	10.0
0.7383294487572041	0.08218229546043695	0.019526756204381466	69.0	0.0	0.0	10.0
0.7308162806217737	0.26484416309940173	0.01942167584921636	73.0	0.0	0.0	10.0
0.8127676706711591	0.8029573437384729	0.03157393937631171	68.0	0.0	0.0	10.0
0.5922706664564198	0.7690254240314318	0.031289258956415274	31.0	0.0	0.0	10.0
0.46978586788230653	0.8925446761456964	0.030060608639074726	19.0	0.0	0.0	10.0
0.5279838271599929	0.8479260793132735	0.031508802004815484	16.0	0.0	0.0	10.0
0.24719116735714072	0.8520567849567073	0.032948367786289394	66.0	0.0	0.0	10.0
0.30880650751956046	0.3267424611650819	0.034491960522481616	35.0	0.0	0.0	10.0
0.19868113162080459	0.9013618945102236	0.03426337836206866	47.0	0.0	0.0	10.0
0.8893007462351036	0.28914770632183034	0.032669023562713145	49.0	0.0	0.0	10.0
0.6917298065660596	0.9435013041001225	0.03356369601885884	5.0	0.0	0.0	10.0
0.05373703369122992	0.5627439468962393	0.031146972736555135	1.0	0.0	0.0	10.0
0.17306005373091066	0.7331094784715521	0.033349662354331566	23.0	0.0	0.0	10.0
0.2711052570798099	0.7832979133652118	0.03218294955829629	37.0	0.0	0.0	10.0
0.15185685656577758	0.19742343246594785	0.033924275320373884	17.0	0.0	0.0	10.0
0.06739726007331107	0.8841304761947542	0.03414373052640181	18.0	0.0	0.0	10.0
0.824472852726687	0.24953002188985687	0.03352633120960996	41.0	0.0	0.0	10.0
0.947317691775167	0.1369550537821205	0.033397891849610346	39.0	0.0	0.0	10.0
0.32774547981432445	0.4932365199930606	0.034955142411674696	65.0	0.0	0.0	10.0
0.6576074481223431	0.5292497672862763	0.03476799784236003	58.0	0.0	0.0	10.0
0.1761383847030406	0.5750846564890996	0.03143642655727441	22.0	0.0	0.0	10.0
0.8346560617550213	0.17311981816384084	0.018477524877514858	78.0	0.0	0.0	10.0
0.6960087314923055	0.653839761338528	0.030996656657570586	2.0	0.0	0.0	10.0
0.6939559328037403	0.2119936270645659	0.03146709724155032	15.0	0.0	0.0	10.0
0.30403893663509385	0.5782073191804067	0.030808783492403676	28.0	0.0	0.0	10.0
0.5140110755162528	0.2664416344478432	0.019833566730001122	75.0	0.0	0.0	10.0
0.7374330269224717	0.7738055501211242	0.029262435314651454	36.0	0.0	0.0	10.0
0.938666904890166	0.2177931152217875	0.03452294364726993	11.0	0.0	0.0	10.0
0.6651706525989003	0.32995049319304054	0.031812880324989044	13.0	0.0	0.0	10.0
0.6921012418149439	0.4442536995901519	0.03625319234182938	54.0	0.0	0.012596015048202958	10.0
0.6196004981161958	0.620510125044628	0.033061387579270955	4.0	0.0	0.0	10.0
0.44758145537126603	0.2985835409244958	0.035790778494650274	52.0	0.0	0.003164787279061443	10.0
0.3469113590248807	0.16732465215325323	0.03165192307442216	10.0	0.0	0.0	10.0
0.25096957302557543	0.24452219769701275	0.03392749571412874	14.0	0.0	0.0	10.0
0.09808016406097335	0.4650667402772818	0.017992847471544667	72.0	0.0	0.0	10.0
0.22500222050422886	0.6439820126347595	0.029912902748561957	20.0	0.0	0.0	10.0
0.7667973577094427	0.3084962559145203	0.029848839599432797	63.0	0.0	0.0	10.0
0.5362556242733203	0.5223788079747025	0.03468298464516205	12.0	0.0	0.0	10.0
0.3726239124951092	0.9741700084821753	0.03330018436581591	57.0	0.0	0.0	10.0
0.10613783497002456	0.6469355362619501	0.029459146966049975	7.0	0.0	0.0	10.0
0.19336166283777237	0.49478298375939134	0.035321222736720594	44.0	0.0	0.00021212839571660425	10.0
0.8378694260048352	0.871347285620226	0.03304935066369136	45.0	0.0	0.0	10.0
0.2486055261095494	0.4433612673403903	0.033345254563395405	67.0	0.0	0.0	10.0
0.12057383460393357	0.5007749397794711	0.017992847471544667	71.0	0.0	0.0	10.0
0.786928480884748	0.18665026096942114	0.018477524877514858	77.0	0.0	0.0	10.0
0.3893721206979091	0.7609571572408457	0.03487465020732025	30.0	0.0	0.0	10.0
0.032773524073138716	0.6628419011665779	0.032773524073138716	56.0	0.0	0.0	10.0
0.4501257929520303	0.38347271064470834	0.03224370596101083	38.0	0.0	0.0	10.0
0.4580047085289609	0.9779854515701685	0.03231260074640701	29.0	0.0	0.0	10.0
0.3919420660904075	0.44601539556109626	0.03386270050020441	61.0	0.0	0.0	10.0
0.4870548889346804	0.16555815096851584	0.0331104654337147	9.0	0.0	0.0	10.0
0.17972213577613566	0.4248358844392555	0.03255079999180763	62.0	0.0	0.0	10.0
0.763730130458881	0.1363744995854421	0.019526756204381466	70.0	0.0	0.0	10.0
0.30878126108878534	0.4050240835057237	0.03440091269114793	40.0	0.0	0.0	10.0
0.8688928128215736	0.4613181976819796	0.033446030421849404	32.0	0.0	0.0	10.0
0.19429577738861661	0.11089312114521906	0.03155700671152288	42.0	0.0	0.0	11.0
0.5247556717393441	0.22303259080386487	0.019853400296731123	76.0	0.0	0.0	11.0
0.27489559785793327	0.7747399328063844	0.03221513250785458	37.0	0.0	0.0	11.0
0.19168646591974697	0.9092536970437481	0.03429764174043072	47.0	0.0	0.0	11.0
0.8258634595946492	0.2521304335997651	0.03355985754081957	41.0	0.0	0.0	11.0
0.44943042360594404	0.3794214423676564	0.03227594966697184	38.0	0.0	0.0	11.0
0.7359851750435481	0.08068045757708549	0.019546282960585845	69.0	0.0	0.0	11.0
0.6912425536309098	0.9432917971450858	0.033597259714877696	5.0	0.0	0.0	11.0
0.9470995245523947	0.1342953970959416	0.03343128974145995	39.0	0.0	0.0	11.0
0.10747226369992298	0.6464205640827476	0.02948860611301602	7.0	0.0	0.0	11.0
0.6959748717437992	0.28606325365931107	0.019441097525065575	74.0	0.0	0.0	11.0
0.3088420688055466	0.32744791840227894	0.034526452483004094	35.0	0.0	0.0	11.0
0.3959351930504636	0.44807062174771567	0.03389656320070461	61.0	0.0	0.0	11.0
0.6261908184655298	0.40567234782240047	0.03561918763022816	64.0	0.0	0.0015193113736984287	11.0
0.6948019024168645	0.6564843509392104	0.031027653314228153	2.0	0.0	0.0	11.0
0.39444105517805095	0.8801833359563005	0.0342692065226155	8.0	0.0	0.0	11.0
0.8124061462537723	0.803255350851515	0.03160551331568802	68.0	0.0	0.0	11.0
0.3274056304536209	0.4951443847612941	0.034990097554086365	65.0	0.0	0.0	11.0
0.9129990617074653	0.05916318084733873	0.031879958003323286	53.0	0.0	0.0	11.0
0.5121280146135774	0.2619456432084872	0.019853400296731123	75.0	0.0	0.0	11.0
0.22571875587390242	0.3647207093306153	0.03525053894815707	59.0	0.0	0.00010064813302790299	11.0
0.82070421554875	0.369058012217466	0.03266376843075411	27.0	0.0	0.0	11.0
0.3898133770880749	0.7612282286804292	0.03490952485752757	30.0	0.0	0.0	11.0
0.05258347576487153	0.5596686213291407	0.031178119709291685	1.0	0.0	0.0	11.0
0.16891963623892978	0.7306724389404661	0.03338301201668589	23.0	0.0	0.0	11.0
0.6833817215535957	0.7258831912138788	0.03329409707091449	3.0	0.0	0.0	11.0
0.06922521495169609	0.8056873227659763	0.034395918816380246	50.0	0.0	0.0	11.0
0.7389719372724756	0.25799147749266793	0.019441097525065575	73.0	0.0	0.0	11.0
0.8701875017578123	0.462280182337962	0.03347947645227125	32.0	0.0	0.0	11.0
0.15145486859404286	0.19756990337003444	0.03395819959569425	17.0	0.0	0.0	11.0
0.12724768568713218	0.3392368939821518	0.03538887430027575	33.0	0.0	0.00037636367623861133	11.0
0.3470202396312457	0.1659972986258353	0.03168357499749658	10.0	0.0	0.0	11.0
0.6154790174411996	0.6923604397880014	0.029558117585935993	34.0	0.0	0.0	11.0
0.8346145231765112	0.17217787874226384	0.01849600240239237	78.0	0.0	0.0	11.0
0.6923296022750965	0.21320202930723595	0.03149856433879187	15.0	0.0	0.0	11.0
0.5309381807954934	0.3700897092306821	0.03372930131389357	48.0	0.0	0.0	11.0
0.2436052968816122	0.8549812291873211	0.03298131615407568	66.0	0.0	0.0	11.0
0.5970677030459534	0.768341317991723	0.03132054821537168	31.0	0.0	0.0	11.0
0.12499981343430244	0.5099743460550517	0.01801084031901621	71.0	0.0	0.0	11.0
0.9397315467514391	0.21850388037512294	0.0345574665909172	11.0	0.0	0.0	11.0
0.223823015138086	0.6428065134452909	0.029942815651310517	20.0	0.0	0.0	11.0
0.19342323043869758	0.4960043487478923	0.03535654395945731	44.0	0.0	0.00029008095943083845	11.0
0.0713112676172623	0.8830042995657251	0.034177874256928205	18.0	0.0	0.0	11.0
0.25476794642507405	0.24765322353261843	0.03396142320984286	14.0	0.0	0.0	11.0
0.656653790654443	0.332713984525835	0.03184469320531403	13.0	0.0	0.0	11.0
0.759119028794634	0.8971479168993212	0.03232330205509509	55.0	0.0	0.0	11.0
0.37104018048233645	0.9734890420935621	0.03333348455018172	57.0	0.0	0.0	11.0
0.30901874131612433	0.40479323779230186	0.03443531360383907	40.0	0.0	0.0	11.0
0.3042235206773855	0.5779700034031114	0.030839592275896076	28.0	0.0	0.0	11.0
0.4431445574835362	0.3005914187296502	0.03582656927314492	52.0	0.0	0.0036142462940631503	11.0
0.7376701452568231	0.7684285941752201	0.0292916977499661	36.0	0.0	0.0	11.0
0.17850561259845665	0.4210183440326834	0.03258335079179943	62.0	0.0	0.0	11.0
0.2717622188362833	0.15209939762990565	0.03469899938452724	26.0	0.0	0.0	11.0
0.4192928625027906	0.5331844429610659	0.03389068461058415	46.0	0.0	0.0	11.0
0.8383222792570281	0.8671322960003996	0.03308240001435504	45.0	0.0	0.0	11.0
0.24866858432712188	0.4413587380565165	0.03337859981795879	67.0	0.0	0.0	11.0
0.7627516775951122	0.13638374004148915	0.019546282960585845	70.0	0.0	0.0	11.0
0.5290045535823822	0.8495759739382065	0.03154031080682029	16.0	0.0	0.0	11.0
0.7827581686600545	0.18367219366557563	0.01849600240239237	77.0	0.0	0.0	11.0
0.17460790928150238	0.5732160213802546	0.03146786298383168	22.0	0.0	0.0	11.0
0.6562298518070347	0.5286981084387569	0.034802765840202386	58.0	0.0	0.0	11.0
0.9114701071767849	0.5217092268291765	0.03280229953867246	21.0	0.0	0.0	11.0
0.544024873992689	0.5238385782511691	0.03471766762980721	12.0	0.0	0.0	11.0
0.48612128840816166	0.16507017619265882	0.03314357589914841	9.0	0.0	0.0	11.0
0.33897931908788553	0.8300925067422874	0.03280963642532554	51.0	0.0	0.0	11.0
0.7694555585340768	0.3109222313582422	0.029878688439032228	63.0	0.0	0.0	11.0
0.09425381977519698	0.46015776532249353	0.01801084031901621	72.0	0.0	0.0	11.0
0.697764150085355	0.4424687358549957	0.036289445534171204	54.0	0.0	0.013721101630949306	11.0
0.47639781211859134	0.8958431470302929	0.030090669247713798	19.0	0.0	0.0	11.0
0.4591947735688673	0.982380683221638	0.03234491334715341	29.0	0.0	0.0	11.0
0.031718139658078556	0.6655016254093993	0.03280629759721185	56.0	0.0	0.0	11.0
0.8908015743005175	0.2879574465372071	0.03270169258627585	49.0	0.0	0.0	11.0
0.6182337870891922	0.6201904130179976	0.03309444896685022	4.0	0.0	0.0	11.0
