# x	y	r	id	split_id	s_prob	t
2.0	0.5	0.0	-1.0	0.0	0.0	0.0
0.6598584840998489	0.3530560614724093	0.034957885055775156	1.0	0.0	0.0	0.0
0.24585393653260143	0.9397196472352656	0.033215512816752765	2.0	0.0	0.0	0.0
0.5617297044673275	0.6684356543721895	0.036114512520876475	3.0	0.0	0.0088600225988813	0.0
0.4489249284861971	0.34315778298108096	0.0313062482683287	4.0	0.0	0.0	0.0
0.4161200682038697	0.10492240302714863	0.03158774206056042	5.0	0.0	0.0	0.0
0.8171222700247749	0.6406314098143299	0.03425774582106528	6.0	0.0	0.0	0.0
0.08060034101934879	0.9094213771312973	0.03467106779405433	7.0	0.0	0.0	0.0
0.6223463668211578	0.281753157534483	0.03262724552211455	8.0	0.0	0.0	0.0
0.7719613695581078	0.2204282394567678	0.029412218292260078	9.0	0.0	0.0	0.0
0.8258098091533478	0.0772582872423876	0.03252456060991318	10.0	0.0	0.0	0.0
0.4959463229987	0.7241995203026678	0.030687643897771788	11.0	0.0	0.0	0.0
0.1585556679674252	0.09182590809987179	0.032664129578122474	12.0	0.0	0.0	0.0
0.24639883444433874	0.2313313354547197	0.0341778029110418	13.0	0.0	0.0	0.0
0.8577236599302482	0.28229214088023435	0.033592772600816063	14.0	0.0	0.0	0.0
0.5387753434802247	0.5930161386524164	0.03285156513906127	15.0	0.0	0.0	0.0
0.13275770226581815	0.5266377274783073	0.03136535085529655	16.0	0.0	0.0	0.0
0.535781703337434	0.20169312441408166	0.0320837242256125	17.0	0.0	0.0	0.0
0.476898237030836	0.2728790866244535	0.03192578060351625	18.0	0.0	0.0	0.0
0.49719360822986924	0.7977893489416519	0.031157395909000407	19.0	0.0	0.0	0.0
0.24898384722719386	0.48160254284025394	0.03308339342361397	20.0	0.0	0.0	0.0
0.5182694997981779	0.8922870267752204	0.03284300357612415	21.0	0.0	0.0	0.0
0.5366306413741594	0.516611719947279	0.03424019844468781	22.0	0.0	0.0	0.0
0.5782098693274558	0.031168559046019534	0.031168559046019534	23.0	0.0	0.0	0.0
0.7394331637114467	0.504604607173913	0.033853988871330065	24.0	0.0	0.0	0.0
0.17789933722339166	0.2029910820800294	0.03219203304271106	25.0	0.0	0.0	0.0
0.5943275911551449	0.34873430832752134	0.030629821758822322	26.0	0.0	0.0	0.0
0.6239858285603891	0.1862817784872367	0.031287238332138805	27.0	0.0	0.0	0.0
0.6574439117548536	0.4291807109466841	0.0343298702247039	28.0	0.0	0.0	0.0
0.6564125012438357	0.7004761374422943	0.03185447419123388	29.0	0.0	0.0	0.0
0.5343854129552879	0.31302920396353506	0.03261550861755355	30.0	0.0	0.0	0.0
0.2447792173862188	0.3984132646317627	0.03188147785578673	31.0	0.0	0.0	0.0
0.6306853108942022	0.6398004947794789	0.029841415177596215	32.0	0.0	0.0	0.0
0.9449690062196202	0.21468350337004025	0.03150994099778883	33.0	0.0	0.0	0.0
0.5034274207897251	0.10916942253033454	0.03143105537679245	34.0	0.0	0.0	0.0
0.032290656036424954	0.7487451309013864	0.032290656036424954	35.0	0.0	0.0	0.0
0.06290612189600377	0.48348699199322237	0.033706880561993946	36.0	0.0	0.0	0.0
0.9056783094989064	0.04808198480877963	0.03434568609448156	37.0	0.0	0.0	0.0
0.5833743240732608	0.9367628656997012	0.03290840529502827	38.0	0.0	0.0	0.0
0.3043515201776969	0.28183769948736626	0.031660625655860385	39.0	0.0	0.0	0.0
0.588175318435681	0.12642199764024875	0.033230726315576366	40.0	0.0	0.0	0.0
0.36615929536200986	0.34437897566802306	0.03168472111441193	41.0	0.0	0.0	0.0
0.8275407436987238	0.0205864082175064	0.0205864082175064	42.0	0.0	0.0	0.0
0.6858119306865273	0.21179443614868323	0.030770049147838714	43.0	0.0	0.0	0.0
0.44610451492649716	0.41684200930461646	0.0333413817544041	44.0	0.0	0.0	0.0
0.3619906046688034	0.4285594753813782	0.03426064562642246	45.0	0.0	0.0	0.0
0.1206068979659436	0.2449023768437764	0.032560858293078546	46.0	0.0	0.0	0.0
0.5788526351618611	0.44088368810770967	0.031097216118268607	47.0	0.0	0.0	0.0
0.38135798564165274	0.27635448094126236	0.030385126709432945	48.0	0.0	0.0	0.0
0.42284615970412787	0.21917904987868936	0.0348290913686617	49.0	0.0	0.0	0.0
0.30383462045803467	0.14089105560845983	0.032028814483725715	50.0	0.0	0.0	0.0
0.8001829957543596	0.5430155851019477	0.03236847072392795	51.0	0.0	0.0	0.0
0.0842531091722182	0.4068407367154037	0.034945905673080105	52.0	0.0	0.0	0.0
0.8033308513605109	0.8700946326514821	0.02996219122414886	53.0	0.0	0.0	0.0
0.3029792721426072	0.35859914659912595	0.03138916664864818	54.0	0.0	0.0	0.0
0.6628521757991462	0.562060634202247	0.03214878045935193	55.0	0.0	0.0	0.0
0.7383773680823846	0.6004550894686399	0.031585095994785685	56.0	0.0	0.0	0.0
0.7045981347958626	0.28504122480779714	0.03200435428913163	57.0	0.0	0.0	0.0
0.8981958100507743	0.12113711103234853	0.0336925538095827	58.0	0.0	0.0	0.0
0.8745858230102856	0.206020421131141	0.033171206090770726	59.0	0.0	0.0	0.0
0.628756667963885	0.4925012164895355	0.03254812954252665	60.0	0.0	0.0	0.0
0.7423841467318837	0.810946930807481	0.03323045913382754	61.0	0.0	0.0	0.0
0.31747933895483793	0.9632707831122834	0.032951358408108186	62.0	0.0	0.0	0.0
0.03453107500698269	0.8277562556753317	0.030333503055688712	63.0	0.0	0.0	0.0
0.4940901975994437	0.03995629903698641	0.031017493941032863	64.0	0.0	0.0	0.0
0.2764241223129168	0.868260964502713	0.03250032131149651	65.0	0.0	0.0	0.0
0.12169223817884811	0.1582304209092016	0.03238330011349204	66.0	0.0	0.0	0.0
0.8095405980422548	0.15117761703828816	0.03421027803541771	67.0	0.0	0.0	0.0
0.46872619273367594	0.16046689589494495	0.030366688436531727	68.0	0.0	0.0	0.0
0.471929722844148	0.5543629864615147	0.03047197084585412	69.0	0.0	0.0	0.0
0.11782362317347277	0.7881439724913385	0.03370606574554682	70.0	0.0	0.0	0.0
0.32804852665741074	0.2101363225352546	0.031389213208013154	71.0	0.0	0.0	0.0
0.727635132775589	0.4218946410635322	0.03263863632328389	72.0	0.0	0.0	0.0
0.2341324433198915	0.13887467244170548	0.03368957189096084	73.0	0.0	0.0	0.0
0.826476909258544	0.41113092727919287	0.031366823676794386	74.0	0.0	0.0	0.0
0.6176791348809533	0.19622905271069468	0.03131852557047094	27.0	0.0	0.0	1.0
0.8181708409390422	0.6387566299233018	0.03429200356688634	6.0	0.0	0.0	1.0
0.5779929882736016	0.4420637629494889	0.031128313334386874	47.0	0.0	0.0	1.0
0.5531062124248497	0.1503006012024048	0.018637274549098196	-2.0	-1.0	0.0	1.0
0.15949601165624477	0.09125636177386252	0.032696793707700594	12.0	0.0	0.0	1.0
0.032574605590032946	0.826432215027837	0.030363836558744396	63.0	0.0	0.0	1.0
0.700265563051191	0.28508214138156357	0.032036358643420755	57.0	0.0	0.0	1.0
0.6531046664054562	0.4249626916209557	0.0343642000949286	28.0	0.0	0.0	1.0
0.3732328635070147	0.34884803388739893	0.03171640583552634	41.0	0.0	0.0	1.0
0.9121327471585751	0.03834778666674231	0.03438003178057604	37.0	0.0	0.0	1.0
0.31755431984235716	0.9608896275901594	0.03298430976651629	62.0	0.0	0.0	1.0
0.48771676416343723	0.03220850004182396	0.03104851143497389	64.0	0.0	0.0	1.0
0.4944304330203251	0.7252965103839905	0.030718331541669558	11.0	0.0	0.0	1.0
0.4647609546243454	0.1631979657515773	0.030397055124968254	68.0	0.0	0.0	1.0
0.6297118160246963	0.6408604564815095	0.029871256592773808	32.0	0.0	0.0	1.0
0.7394812787260852	0.5940236322916811	0.03161668109078047	56.0	0.0	0.0	1.0
0.05700593397998053	0.4861570683985383	0.03374058744255594	36.0	0.0	0.0	1.0
0.8302950372145654	0.4074194668270111	0.03139819050047118	74.0	0.0	0.0	1.0
0.5310924711838261	0.5150934620555114	0.03427443864313249	22.0	0.0	0.0	1.0
0.419732293691438	0.10073191354184735	0.03161932980262098	5.0	0.0	0.0	1.0
0.8065498316923777	0.8767027310039308	0.029992153415373004	53.0	0.0	0.0	1.0
0.455162721945702	0.4132146476535448	0.033374723136158496	44.0	0.0	0.0	1.0
0.8057208027157917	0.5528928531194883	0.03240083919465187	51.0	0.0	0.0	1.0
0.5652485941992828	0.668513206430346	0.036150627033397345	3.0	0.0	0.009749530314820731	1.0
0.32251388186118307	0.2113212480747872	0.03142060242122116	71.0	0.0	0.0	1.0
0.1119239628580021	0.7884227517949242	0.03373977181129236	70.0	0.0	0.0	1.0
0.41126707968264364	0.2185672780833154	0.034863920460030354	49.0	0.0	0.0	1.0
0.7431053534557982	0.8021547655087657	0.03326368959296137	61.0	0.0	0.0	1.0
0.03261622964990647	0.7476771555505654	0.03232294669246138	35.0	0.0	0.0	1.0
0.23767141528427443	0.13832442754058305	0.033723261462851796	73.0	0.0	0.0	1.0
0.2482174669708614	0.2332140573644777	0.03421198071395284	13.0	0.0	0.0	1.0
0.6570581494866319	0.6969792223485346	0.03188632866542511	29.0	0.0	0.0	1.0
0.8067892400775994	0.15221954565391557	0.03424448831345312	67.0	0.0	0.0	1.0
0.09142675574099311	0.40809529828521723	0.034980851578753185	52.0	0.0	0.0	1.0
0.5840863791997102	0.9384934639553018	0.03294131370032329	38.0	0.0	0.0	1.0
0.4977346147220697	0.7988653299929541	0.031188553304909404	19.0	0.0	0.0	1.0
0.2989534733689749	0.28229760356622974	0.03169228628151624	39.0	0.0	0.0	1.0
0.2527459751192141	0.4847036912498134	0.03311647681703758	20.0	0.0	0.0	1.0
0.9423555579831057	0.21434431737787307	0.03154145093878662	33.0	0.0	0.0	1.0
0.6692270111547757	0.3513810251785619	0.03499284294083093	1.0	0.0	0.0	1.0
0.4741131535200236	0.2716005315539111	0.031957706384119766	18.0	0.0	0.0	1.0
0.5332765561103354	0.3153852747652458	0.0326481241261711	30.0	0.0	0.0	1.0
0.5452870580419663	0.6001062305123807	0.03288441670420033	15.0	0.0	0.0	1.0
0.07943143645766901	0.9078378161169932	0.03470573886184838	7.0	0.0	0.0	1.0
0.13311400832755088	0.5243926737436859	0.031396716206151844	16.0	0.0	0.0	1.0
0.5191386282483209	0.8933346647691959	0.032875846579700274	21.0	0.0	0.0	1.0
0.4742368664401932	0.5564159289316675	0.030502442816699973	69.0	0.0	0.0	1.0
0.11879667573017566	0.24682424015667728	0.03259341915137162	46.0	0.0	0.0	1.0
0.17773137450051835	0.20172808179658405	0.03222422507575377	25.0	0.0	0.0	1.0
0.8753032664508684	0.20724814885969794	0.033204377296861494	59.0	0.0	0.0	1.0
0.7471003232551752	0.501598027118891	0.03388784286020139	24.0	0.0	0.0	1.0
0.7210092907490468	0.41848367521828655	0.03267127495960717	72.0	0.0	0.0	1.0
0.5920567254779203	0.3600177561629903	0.03066045158058114	26.0	0.0	0.0	1.0
0.5362293268080071	0.1996947094633529	0.032115807949838114	17.0	0.0	0.0	1.0
0.8270902001010519	0.08006407693871981	0.032557085170523095	10.0	0.0	0.0	1.0
0.6312175286371204	0.5053750772840392	0.032580677672069173	60.0	0.0	0.0	1.0
0.36315760273922765	0.42831730361051845	0.03429490627204888	45.0	0.0	0.0	1.0
0.663866897761861	0.5616690407295377	0.03218092923981128	55.0	0.0	0.0	1.0
0.5156480283008037	0.1107780165349811	0.03146248643216924	34.0	0.0	0.0	1.0
0.4501156880701224	0.34371481897829037	0.031337554516597026	4.0	0.0	0.0	1.0
0.503006012024048	0.4549098196392785	0.0220440881763527	-2.0	-1.0	0.0	1.0
0.30953743036675985	0.35089911695892506	0.031420555815296826	54.0	0.0	0.0	1.0
0.2423267514222101	0.40178462445415236	0.03191335933364251	31.0	0.0	0.0	1.0
0.7753882638898062	0.2193004447211416	0.029441630510552333	9.0	0.0	0.0	1.0
0.5797232770028184	0.12922653744493745	0.03326395704189194	40.0	0.0	0.0	1.0
0.2444656622567826	0.9376821106977915	0.033248728329569516	2.0	0.0	0.0	1.0
0.8283069500783392	0.02201920140130392	0.020606994625723903	42.0	0.0	0.0	1.0
0.12402755112051074	0.15780684104355874	0.032415683413605526	66.0	0.0	0.0	1.0
0.8528110280624438	0.28227667641213444	0.03362636537341688	14.0	0.0	0.0	1.0
0.30488680264221846	0.14060260584079062	0.032060843298209435	50.0	0.0	0.0	1.0
0.36906939072553746	0.28154685559770315	0.030415511836142373	48.0	0.0	0.0	1.0
0.8968584744440992	0.12058193506732484	0.033726246363392276	58.0	0.0	0.0	1.0
0.6188373790262985	0.2832881847747689	0.03265987276763666	8.0	0.0	0.0	1.0
0.27973264611944376	0.8647924098092191	0.032532821632808004	65.0	0.0	0.0	1.0
0.6949312471780547	0.21547980989711218	0.03080081919698655	43.0	0.0	0.0	1.0
0.5786874173504186	0.03206156590479902	0.03119972760506555	23.0	0.0	0.0	1.0
0.08066785896342624	0.90657384412633	0.03474044460071022	7.0	0.0	0.0	2.0
0.9545513646611228	0.2182730475976557	0.0315729923897254	33.0	0.0	0.0	2.0
0.8073041007392245	0.8793555778795251	0.030022145568788374	53.0	0.0	0.0	2.0
0.754825137601578	0.8106359133140606	0.033296953282554324	61.0	0.0	0.0	2.0
0.8320100708081332	0.02321211653211432	0.020627601620349625	42.0	0.0	0.0	2.0
0.37482902235911153	0.34872216067565653	0.031748122241361865	41.0	0.0	0.0	2.0
0.6561508254148686	0.6957500347189481	0.03191821499409053	29.0	0.0	0.0	2.0
0.5208575333301355	0.8953543141584616	0.03290872242627997	21.0	0.0	0.0	2.0
0.48924717935169354	0.03220368244964622	0.03107955994640886	64.0	0.0	0.0	2.0
0.28157125188901766	0.8751140745702752	0.03256535445444081	65.0	0.0	0.0	2.0
0.6191432600341468	0.508931664926939	0.03261325834974124	60.0	0.0	0.0	2.0
0.9087412223771006	0.03944032496715152	0.03441441181235661	37.0	0.0	0.0	2.0
0.6643697006369126	0.5634374535282551	0.03221311016905109	55.0	0.0	0.0	2.0
0.5344202147682022	0.31551179094201165	0.03268077225029727	30.0	0.0	0.0	2.0
0.5834223338442704	0.9399985145174586	0.03297425501402361	38.0	0.0	0.0	2.0
0.807274353647817	0.15062823323212268	0.03427873280176657	67.0	0.0	0.0	2.0
0.033610836654825574	0.8257866194380319	0.030394200395303137	63.0	0.0	0.0	2.0
0.5365543213879257	0.20337237357043617	0.032147923757787945	17.0	0.0	0.0	2.0
0.0896992912460152	0.4089300742019247	0.035015832430331933	52.0	0.0	2.539935906042956e-08	2.0
0.5807382511252026	0.033321428597027115	0.031230927332670612	23.0	0.0	0.0	2.0
0.8057208027157917	0.554850601845033	0.03243324003384652	51.0	0.0	0.0	2.0
0.13263877302913338	0.5306710991841107	0.03142811292235799	16.0	0.0	0.0	2.0
0.6863878519950969	0.20921495901695852	0.03083162001618353	43.0	0.0	0.0	2.0
0.3196672411518038	0.959033210633944	0.0330172940762828	62.0	0.0	0.0	2.0
0.623610449394623	0.641613292947092	0.02990112784936658	32.0	0.0	0.0	2.0
0.6242881389025808	0.2941289314693672	0.032692532640404295	8.0	0.0	0.0	2.0
0.25007214543741363	0.4839343507557457	0.03314959329385462	20.0	0.0	0.0	2.0
0.17865302871513022	0.19635846275443977	0.032256449300829514	25.0	0.0	0.0	2.0
0.22429382064165043	0.139882390874201	0.03375698472431465	73.0	0.0	0.0	2.0
0.496448212522782	0.7988612805289784	0.03121974185821431	19.0	0.0	0.0	2.0
0.8563833623781906	0.2855369249405577	0.03365999173879029	14.0	0.0	0.0	2.0
0.46598599926163814	0.2717796441683158	0.03198966409050388	18.0	0.0	0.0	2.0
0.4940127695395394	0.7231837428784615	0.030749049873211223	11.0	0.0	0.0	2.0
0.7033865085043508	0.27700431163784056	0.032068395002064175	57.0	0.0	0.0	2.0
0.5736072217254351	0.4434765840961008	0.031159441647721258	47.0	0.0	0.0	2.0
0.4798808161148694	0.5561848351059693	0.03053294525951667	69.0	0.0	0.0	2.0
0.4681764131484874	0.1635757976784415	0.03042745218009322	68.0	0.0	0.0	2.0
0.5349354963845215	0.5086111058813118	0.03430871308177562	22.0	0.0	0.0	2.0
0.7757220765923699	0.22024420407284248	0.02947107214106288	9.0	0.0	0.0	2.0
0.8178748834907739	0.637153685782266	0.03432629557045322	6.0	0.0	0.0	2.0
0.06066828954626921	0.4816855126349297	0.03377432802999849	36.0	0.0	0.0	2.0
0.6498199583217115	0.42497211599499934	0.03439856429502352	28.0	0.0	0.0	2.0
0.5571290443418825	0.6733614392447146	0.03618677766043074	3.0	0.0	0.010697642050203626	2.0
0.6681051626011226	0.3500056475882428	0.035027835783771756	1.0	0.0	1.3803536091927526e-07	2.0
0.24061613788148206	0.40012180053140606	0.03194527269297615	31.0	0.0	0.0	2.0
0.03220526529727361	0.7512880734341199	0.03235526963915383	35.0	0.0	0.0	2.0
0.11510293368508129	0.16497666334197822	0.03244809909701913	66.0	0.0	0.0	2.0
0.7200382661916392	0.42146579190537314	0.03270394623456677	72.0	0.0	0.0	2.0
0.7413151631464162	0.5950267128181218	0.031648297771871246	56.0	0.0	0.0	2.0
0.5812117604796202	0.12788516923372695	0.03329722099893383	40.0	0.0	0.0	2.0
0.1194039081881863	0.24526536799536286	0.03262601257052299	46.0	0.0	0.0	2.0
0.8754823065921739	0.21008820386923405	0.03323758167415835	59.0	0.0	0.0	2.0
0.29798443445701817	0.2819095516504173	0.03172397856779775	39.0	0.0	0.0	2.0
0.5425165009568111	0.6010373963217567	0.032917301120904525	15.0	0.0	0.0	2.0
0.32387497372061375	0.20996443405113122	0.031452023023642375	71.0	0.0	0.0	2.0
0.897251756489265	0.1189242702379303	0.03375997260975566	58.0	0.0	0.0	2.0
0.24255829934240916	0.22988308524625733	0.034246192694666784	13.0	0.0	0.0	2.0
0.45145513438373935	0.34820985470478205	0.03136889207111362	4.0	0.0	0.0	2.0
0.8287843573041372	0.08466856198474963	0.032589642255693614	10.0	0.0	0.0	2.0
0.10771649797131201	0.789049831569806	0.03377351158310365	70.0	0.0	0.0	2.0
0.8317125841221827	0.40539424631624366	0.03142958869097164	74.0	0.0	0.0	2.0
0.5111573498818756	0.10721659997375013	0.03149394891860141	34.0	0.0	0.0	2.0
0.245305393470882	0.9387478220784359	0.03328197705789908	2.0	0.0	0.0	2.0
0.36342992704780125	0.4293230708420317	0.03432920117832093	45.0	0.0	0.0	2.0
0.5795089182215661	0.366475998617057	0.030691112032161717	26.0	0.0	0.0	2.0
0.37112170891474966	0.27664674610790424	0.03044592734797851	48.0	0.0	0.0	2.0
0.41925371473779655	0.09813986750870637	0.0316509491324236	5.0	0.0	0.0	2.0
0.31036085011922454	0.13996880999890393	0.03209290414150764	50.0	0.0	0.0	2.0
0.40748178742521873	0.21370060833652924	0.03489878438049038	49.0	0.0	0.0	2.0
0.3116071927347672	0.3542446655123469	0.03145197637111212	54.0	0.0	0.0	2.0
0.4537453844185033	0.4140609485481859	0.033408097859294654	44.0	0.0	0.0	2.0
0.7451543268799774	0.5100364889097688	0.033921730703061585	24.0	0.0	0.0	2.0
0.16111464379951432	0.08015642133617126	0.03272949050140829	12.0	0.0	0.0	2.0
0.6185933276630728	0.19555867737009044	0.031349844096041406	27.0	0.0	0.0	2.0
0.5431330921698632	0.6001324403291537	0.032950218422025425	15.0	0.0	0.0	3.0
0.5256920233589187	0.8912134114348996	0.03294163114870625	21.0	0.0	0.0	3.0
0.10549380107619216	0.7936127049571423	0.03380728509468675	70.0	0.0	0.0	3.0
0.8114565109586384	0.8783289003952898	0.030052167714357158	53.0	0.0	0.0	3.0
0.7422163677162301	0.6052248142768398	0.03167994606964311	56.0	0.0	0.0	3.0
0.8306544478407084	0.4045331478964862	0.03146101827966261	74.0	0.0	0.0	3.0
0.6295119846842162	0.2794627119875208	0.03272522517304469	8.0	0.0	0.0	3.0
0.4262934760510698	0.10143305995174223	0.03168260008155602	5.0	0.0	0.0	3.0
0.8158945609184218	0.6357768326107285	0.03436062186602367	6.0	0.0	0.0	3.0
0.5336399472863276	0.5089227867702951	0.03434302179485739	22.0	0.0	0.0	3.0
0.7532166604847983	0.5172105144425744	0.033955652433764645	24.0	0.0	0.0	3.0
0.5393564465120344	0.20203997662352519	0.03218007168154573	17.0	0.0	0.0	3.0
0.6221861053022234	0.5096232957982327	0.03264587160809098	60.0	0.0	0.0	3.0
0.3645232139293968	0.4291247700909188	0.03436353037949925	45.0	0.0	0.0	3.0
0.5798408779514684	0.034902429839470187	0.03126215826000328	23.0	0.0	0.0	3.0
0.7032494560126041	0.2788149386129861	0.03210046339706624	57.0	0.0	0.0	3.0
0.6570591812511694	0.6965182105756993	0.031950133209084616	29.0	0.0	0.0	3.0
0.49404624333242214	0.7221207212284607	0.03077979892308443	11.0	0.0	0.0	3.0
0.58189505675483	0.36640837884358296	0.030721803144193875	26.0	0.0	0.0	3.0
0.48125121281997707	0.5562150369858425	0.030563478204776184	69.0	0.0	0.0	3.0
0.1529867981080484	0.07072742748585438	0.032762219991909695	12.0	0.0	0.0	3.0
0.6636978866766159	0.5687446597869846	0.03224532327922014	55.0	0.0	0.0	3.0
0.5762239962954738	0.9395219693210751	0.03300722926903763	38.0	0.0	0.0	3.0
0.7469848602914032	0.8111053993126118	0.03333025023583688	61.0	0.0	0.0	3.0
0.8016270599460702	0.15658364743424102	0.03431301153456833	67.0	0.0	0.0	3.0
0.6853169063348268	0.20553652082213758	0.03086245163619971	43.0	0.0	0.0	3.0
0.32027347414956686	0.9580393694449388	0.03305031137035908	62.0	0.0	0.0	3.0
0.8054395506919718	0.560430019747899	0.03246567327388036	51.0	0.0	0.0	3.0
0.8757300275283257	0.21138414267738714	0.041588524069790626	59.0	0.0	0.0	3.0
0.4894923009455912	0.030360483927526088	0.031110639506355266	64.0	0.0	0.0	3.0
0.03209951771966348	0.7554863330116971	0.03238762490879298	35.0	0.0	0.0	3.0
0.5590466043186326	0.6753972600941032	0.03622296443809117	3.0	0.0	0.011706348791705068	3.0
0.08718098274326386	0.4089221468215399	0.03505084826276226	52.0	0.0	8.414112926402595e-07	3.0
0.5355083972015982	0.31577358392900823	0.032713453022547564	30.0	0.0	0.0	3.0
0.507639451072015	0.10689456025287437	0.03152544286752001	34.0	0.0	0.0	3.0
0.4822746154670564	0.16531534906882425	0.03045787963227331	68.0	0.0	0.0	3.0
0.24223060128392612	0.4006203936138116	0.03197721796566912	31.0	0.0	0.0	3.0
0.13450284271185528	0.5296667029223195	0.03145954103528034	16.0	0.0	0.0	3.0
0.2829655763801928	0.8742453786077197	0.032597919808895245	65.0	0.0	0.0	3.0
0.11553111832540644	0.25747084149318805	0.032658638583093515	46.0	0.0	0.0	3.0
0.6268089915614916	0.6422142694830347	0.029931028977215942	32.0	0.0	0.0	3.0
0.2450306298739841	0.22824430783616528	0.034280438887361445	13.0	0.0	0.0	3.0
0.6707065134000902	0.3533201077502097	0.035062863619555525	1.0	0.0	1.5899304344202392e-06	3.0
0.47031605188365644	0.27772369658403406	0.032021653754594384	18.0	0.0	0.0	3.0
0.4913212973155037	0.7932079550971167	0.03125096160007252	19.0	0.0	0.0	3.0
0.18026396781765916	0.20076252126533306	0.03228870575013034	25.0	0.0	0.0	3.0
0.6491368831839122	0.424237704393677	0.043041203574148174	28.0	0.0	0.0	3.0
0.719448042656093	0.4245535147158937	0.03273665018080134	72.0	0.0	0.0	3.0
0.38049726854584287	0.2755497923212865	0.03047637327532649	48.0	0.0	0.0	3.0
0.2974406225884286	0.2815429409139833	0.03175570254636555	39.0	0.0	0.0	3.0
0.5834858968654281	0.12843227690520473	0.033330518219932756	40.0	0.0	0.0	3.0
0.31923730055995253	0.21790066931826674	0.031483475046666015	71.0	0.0	0.0	3.0
0.8393941108383896	0.08023816312217118	0.03262223189794931	10.0	0.0	0.0	3.0
0.912234001759505	0.04239408899584748	0.03444882622416896	37.0	0.0	0.0	3.0
0.45527173595729187	0.41417165209065804	0.03344150595715394	44.0	0.0	0.0	3.0
0.3816012315600803	0.34773713226111186	0.031779870363603226	41.0	0.0	0.0	3.0
0.31047134834351986	0.34845253326488645	0.03148342834748323	54.0	0.0	0.0	3.0
0.6156377634696659	0.19474842623893202	0.03138119394013744	27.0	0.0	0.0	3.0
0.10705342205608649	0.1554416309842096	0.03248054719611614	66.0	0.0	0.0	3.0
0.45278837272036404	0.3485128963356123	0.031400260963184726	4.0	0.0	0.0	3.0
0.8317305976869982	0.02064822922196997	0.02064822922196997	42.0	0.0	0.0	3.0
0.252103661909579	0.49388127992508135	0.03318274288714847	20.0	0.0	0.0	3.0
0.8524656495936969	0.28602032435329067	0.03369365173052908	14.0	0.0	0.0	3.0
0.40700194904597026	0.21237069647789156	0.03493368316487087	49.0	0.0	0.0	3.0
0.9556576441655716	0.21727610797211824	0.03160456538211512	33.0	0.0	0.0	3.0
0.21475400691196506	0.13180475925711185	0.03379074170903896	73.0	0.0	0.0	3.0
0.07483958104869831	0.903143334110406	0.03477518504531093	7.0	0.0	0.0	3.0
0.7748414390802164	0.2235990556534885	0.02950054321320394	9.0	0.0	0.0	3.0
0.24540381667527567	0.9426552984465941	0.033315259034956975	2.0	0.0	0.0	3.0
0.05712631074443381	0.4836228702577976	0.03380810235802848	36.0	0.0	0.0	3.0
0.5743361762176413	0.44427028508874583	0.031190601089368976	47.0	0.0	0.0	3.0
0.03307270712824589	0.8296469555147493	0.030424594595698438	63.0	0.0	0.0	3.0
0.8988484829584479	0.12030944243534782	0.03379373258236541	58.0	0.0	0.0	3.0
0.3091715185082803	0.14183821075029862	0.03212499704564914	50.0	0.0	0.0	3.0
0.47170517641189136	0.27665023763319213	0.032053675408348976	18.0	0.0	0.0	4.0
0.07864510519058202	0.9148304917214559	0.034809960230356235	7.0	0.0	0.0	4.0
0.6201113156088206	0.6353440175062245	0.029960960006193155	32.0	0.0	0.0	4.0
0.48579154205727887	0.035308544937993507	0.031141750145861617	64.0	0.0	0.0	4.0
0.5701634944178606	0.036847181782325156	0.03129342041826328	23.0	0.0	0.0	4.0
0.2444821426669307	0.9430176667469868	0.03334857429399193	2.0	0.0	0.0	4.0
0.6165778421146832	0.49561956495894044	0.03267851747969907	60.0	0.0	0.0	4.0
0.24442441326533967	0.22705731324679626	0.0343147193262488	13.0	0.0	0.0	4.0
0.8355755039480549	0.0773633577512616	0.032654854129847255	10.0	0.0	0.0	4.0
0.8292589313442958	0.02137628143456207	0.02066887745119194	42.0	0.0	0.0	4.0
0.814628961783111	0.8837577685462404	0.030082219882071513	53.0	0.0	0.0	4.0
0.5779041036864787	0.12720045469713967	0.041704810922690856	40.0	0.0	0.0	4.0
0.47812693944234647	0.16573140330450387	0.03048833751190558	68.0	0.0	0.0	4.0
0.9095411796741807	0.04609064352268613	0.03448327505039313	37.0	0.0	0.0	4.0
0.7476214176991172	0.810145381374227	0.03336358048607271	61.0	0.0	0.0	4.0
0.09578921698595648	0.404828973064031	0.03508589911102502	52.0	0.0	4.056448645428645e-06	4.0
0.3103084437010413	0.34558058576361106	0.03151491177583071	54.0	0.0	0.0	4.0
0.7200379251115557	0.42323902436924943	0.032769386830982135	72.0	0.0	0.0	4.0
0.8774347296014751	0.21183995777443676	0.039924983106999	59.0	0.0	0.0	4.0
0.29874906605316315	0.28175482494030996	0.03178745824891191	39.0	0.0	0.0	4.0
0.5345316833010194	0.3144503911673488	0.03274616647557011	30.0	0.0	0.0	4.0
0.6482766611999067	0.42310252514145	0.041319555431182244	28.0	0.0	0.0	4.0
0.7474162983059025	0.5142967276257083	0.03398960808619841	24.0	0.0	0.0	4.0
0.10469621187311157	0.794526282385403	0.03384109237978143	70.0	0.0	0.0	4.0
0.3618316548573106	0.4359078955690466	0.03439789390987874	45.0	0.0	0.0	4.0
0.8106881641944846	0.5646895258298125	0.03249813894715424	51.0	0.0	0.0	4.0
0.4935278344709278	0.7194983291651588	0.03081057872200751	11.0	0.0	0.0	4.0
0.7813145808332458	0.2218244806199836	0.029530043756417143	9.0	0.0	0.0	4.0
0.5811554967780825	0.36552825665947797	0.030752524947338065	26.0	0.0	0.0	4.0
0.9550417493570847	0.21980118980633745	0.03163616994749723	33.0	0.0	0.0	4.0
0.5073385292198638	0.1088627129566598	0.031556968310387526	34.0	0.0	0.0	4.0
0.26157217186336373	0.4921638783286996	0.033215925630035614	20.0	0.0	0.0	4.0
0.10598644616629439	0.15498285720648125	0.03251302774331225	66.0	0.0	0.0	4.0
0.5385140718456874	0.1990047391992585	0.03221225175322727	17.0	0.0	0.0	4.0
0.8022984011875179	0.15548306963644623	0.0343473245461029	67.0	0.0	0.0	4.0
0.4787880262269603	0.5560830957906878	0.03824255210372619	69.0	0.0	0.0	4.0
0.13307887442251423	0.5305169630855368	0.03149100057631562	16.0	0.0	0.0	4.0
0.45173697820588293	0.3394817333438337	0.03143166122414791	4.0	0.0	0.0	4.0
0.05851066730003675	0.4862115939875698	0.03384191046038651	36.0	0.0	0.0	4.0
0.21427379095787547	0.13401379808950672	0.03382453245074799	73.0	0.0	0.0	4.0
0.4016813416763195	0.20861380277341005	0.03496861684803573	49.0	0.0	0.0	4.0
0.8385798144771932	0.41123545008110374	0.03149247929794227	74.0	0.0	0.0	4.0
0.3216525238719445	0.9538930183250077	0.033083361681729435	62.0	0.0	0.0	4.0
0.1438602251004507	0.06139749973168277	0.0327949822119016	12.0	0.0	0.0	4.0
0.3852639621426612	0.2846993374263129	0.03050684964860181	48.0	0.0	0.0	4.0
0.034938873413267464	0.7580776372972277	0.03242001253370177	35.0	0.0	0.0	4.0
0.48912971735010163	0.7938535052732538	0.03128221256167259	19.0	0.0	0.0	4.0
0.7409514109591442	0.6055291353150187	0.03171162601571275	56.0	0.0	0.0	4.0
0.378531695436267	0.357669598073763	0.03181165023396682	41.0	0.0	0.0	4.0
0.5760207343986476	0.4444566377728571	0.031221791690458342	47.0	0.0	0.0	4.0
0.7016177896658591	0.2820600790992017	0.0321325638604633	57.0	0.0	0.0	4.0
0.3190093271395081	0.2160039506452058	0.031514958521712676	71.0	0.0	0.0	4.0
0.6656850221601989	0.7048612687962794	0.031982083342293695	29.0	0.0	0.0	4.0
0.3046092184368737	0.5751503006012023	0.01603206412825651	-2.0	-1.0	0.0	4.0
0.8505061272332167	0.29325736973462724	0.033727345382259605	14.0	0.0	0.0	4.0
0.24430638027026289	0.39748982747970213	0.03200919518363479	31.0	0.0	0.0	4.0
0.5602046010488992	0.677167783514312	0.03625918740252926	3.0	0.0	0.01277765283980159	4.0
0.6671573834322656	0.35481974319455006	0.03509792648317508	1.0	0.0	6.01008269995873e-06	4.0
0.45326193935636777	0.42380484442962707	0.033474947463111096	44.0	0.0	0.0	4.0
0.04568692556203854	0.8351651191684264	0.030455019190294134	63.0	0.0	0.0	4.0
0.5410100975244184	0.5986163857511771	0.032983168640447445	15.0	0.0	0.0	4.0
0.426245919391135	0.10520973022083277	0.03171428268163757	5.0	0.0	0.0	4.0
0.6929769100254806	0.20177524889766552	0.030893314087835907	43.0	0.0	0.0	4.0
0.6658715917552677	0.5650248618469009	0.032277568602499355	55.0	0.0	0.0	4.0
0.6335314878793455	0.28923182249523954	0.03275795039821774	8.0	0.0	0.0	4.0
0.3068913777448589	0.1424172290625183	0.03215712204269479	50.0	0.0	0.0	4.0
0.5342337576494479	0.5116543706338469	0.034377364816652246	22.0	0.0	0.0	4.0
0.8970486140860465	0.122987140804205	0.03382752631494777	58.0	0.0	0.0	4.0
0.6204762083615828	0.19308828205975068	0.031412575134077574	27.0	0.0	0.0	4.0
0.5781177811376438	0.9369563844616656	0.03304023649830667	38.0	0.0	0.0	4.0
0.5238005226599164	0.8917447813591827	0.03297457277985495	21.0	0.0	0.0	4.0
0.81775151516917	0.6343788405662747	0.03439498248788969	6.0	0.0	0.0	4.0
0.18062071501641808	0.1989579012209652	0.032320994455880464	25.0	0.0	0.0	4.0
0.28200884337695065	0.8745011965325009	0.032630517728704136	65.0	0.0	0.0	4.0
0.10709390966092908	0.2681785883812784	0.0326912972216766	46.0	0.0	0.0	4.0
0.878190665007679	0.2109169978757199	0.038261442144207375	59.0	0.0	0.0	5.0
0.4271756973138474	0.10482374606478166	0.031745996964319206	5.0	0.0	0.0	5.0
0.7414880274798668	0.6065029123276527	0.03174333764172846	56.0	0.0	0.0	5.0
0.5417975617336754	0.5952972621345832	0.03301615180908789	15.0	0.0	0.0	5.0
0.5847771903280579	0.1269190333560735	0.04003661848578322	40.0	0.0	0.0	5.0
0.3235168070205152	0.9533566084974238	0.03311644504341116	62.0	0.0	0.0	5.0
0.10957288605060322	0.2703291190070958	0.032723988518898274	46.0	0.0	0.0	5.0
0.4822890999051252	0.03592106874753174	0.031172891896007474	64.0	0.0	0.0	5.0
0.8345422300508536	0.07480643009930754	0.0326875089839771	10.0	0.0	0.0	5.0
0.6496808772185491	0.4237168076542076	0.039597907288216314	28.0	0.0	0.0	5.0
0.5795942133775994	0.9379420648351262	0.03307327673480497	38.0	0.0	0.0	5.0
0.32330161277180824	0.20476249959471	0.031546473480234385	71.0	0.0	0.0	5.0
0.8110811139287247	0.562561258817419	0.03253063708610139	51.0	0.0	0.0	5.0
0.5709280272552875	0.023368755761529476	0.03132471383868154	23.0	0.0	0.0	5.0
0.03595220998528405	0.7576113527107594	0.03245243254623547	35.0	0.0	0.0	5.0
0.29886171597797806	0.2803065448322841	0.03181924570716082	39.0	0.0	0.0	5.0
0.5075068217977351	0.10996801653635659	0.03158852527869791	34.0	0.0	0.0	5.0
0.8268551880193354	0.020551520467283986	0.02068954632864313	42.0	0.0	0.0	5.0
0.13194413426742513	0.5319949822911016	0.03152249157689193	16.0	0.0	0.0	5.0
0.7443003197171546	0.5152573682278294	0.034023597694284605	24.0	0.0	0.0	5.0
0.6995439271749536	0.20484701323349988	0.03092420740192374	43.0	0.0	0.0	5.0
0.8957137733401234	0.12369557123142699	0.033861353841262716	58.0	0.0	0.0	5.0
0.14292811420165089	0.059572392042796886	0.0328277771941135	12.0	0.0	0.0	5.0
0.04593230765130207	0.48135745293531984	0.03387575237084689	36.0	0.0	0.0	5.0
0.7474600064798426	0.8089316453010817	0.03339694406655878	61.0	0.0	0.0	5.0
0.2606032647945213	0.49409088967066517	0.03324914155566565	20.0	0.0	0.0	5.0
0.24503126009703488	0.2261165964835479	0.034349034045575044	13.0	0.0	0.0	5.0
0.5326646897427483	0.5143394438648171	0.0344117421814689	22.0	0.0	0.0	5.0
0.38708100009726387	0.2862756314910415	0.030537356498250408	48.0	0.0	0.0	5.0
0.7023512464161561	0.28042564869867365	0.03216469642432376	57.0	0.0	0.0	5.0
0.24332541332676236	0.3974496613873512	0.032041204378818425	31.0	0.0	0.0	5.0
0.4871391878832001	0.7898317490643219	0.03131349477423426	19.0	0.0	0.0	5.0
0.6295775030965282	0.2773434844850917	0.03279070834861595	8.0	0.0	0.0	5.0
0.37818860792619025	0.3699126726999361	0.031843461884200785	41.0	0.0	0.0	5.0
0.3934372994309793	0.20711849555169387	0.03500358546488377	49.0	0.0	2.950031330328784e-10	5.0
0.6698492548797247	0.7053750858527695	0.032014065425635986	29.0	0.0	0.0	5.0
0.47456284808964844	0.2666384651655143	0.03208572908375732	18.0	0.0	0.0	5.0
0.03526038532195176	0.8257527884612178	0.030485474209484425	63.0	0.0	0.0	5.0
0.574728716010297	0.44947821591646786	0.031253013482148796	47.0	0.0	0.0	5.0
0.457589352100055	0.3448395751072181	0.03146309288537205	4.0	0.0	0.0	5.0
0.6181639956676782	0.5033858603641231	0.03271119599717876	60.0	0.0	0.0	5.0
0.8610347174729421	0.2910725097870148	0.03376107272764186	14.0	0.0	0.0	5.0
0.9569730034907973	0.21634822695462702	0.03166780611744473	33.0	0.0	0.0	5.0
0.8007833566177157	0.15960075130909068	0.034381671870649	67.0	0.0	0.0	5.0
0.10506729265376408	0.15270833054037153	0.03254554077105556	66.0	0.0	0.0	5.0
0.8268854242989175	0.40672244353409287	0.03152397177724021	74.0	0.0	0.0	5.0
0.6676929980602608	0.3560337071058403	0.03513302440965825	1.0	0.0	1.506516854021811e-05	5.0
0.24501818907560566	0.9417817129076266	0.03338192286828592	2.0	0.0	0.0	5.0
0.09635637015519899	0.40347483965460995	0.03512098501013604	52.0	0.0	1.1333777166555592e-05	5.0
0.9184524284444592	0.05711166118515763	0.034517758325443515	37.0	0.0	0.0	5.0
0.18008436487613086	0.20067837593324747	0.03235331545033634	25.0	0.0	0.0	5.0
0.5430459141382957	0.2021980902529953	0.032244464004980496	17.0	0.0	0.0	5.0
0.8181936479173151	0.6431497761028097	0.034429377470377574	6.0	0.0	0.0	5.0
0.47590481502327386	0.5571749567177682	0.036712850019577144	69.0	0.0	0.0	5.0
0.8138154917452376	0.8829867060481845	0.03011230210195358	53.0	0.0	0.0	5.0
0.6220971425531636	0.18444174859363296	0.03144398770921165	27.0	0.0	0.0	5.0
0.08008980897149669	0.9144539263507233	0.034844770190586585	7.0	0.0	0.0	5.0
0.5236286005423925	0.8899296944746243	0.0330075473526348	21.0	0.0	0.0	5.0
0.4756364761128247	0.1664992006831738	0.030518825849417484	68.0	0.0	0.0	5.0
0.21079965187073457	0.1324678852342284	0.03385835698319874	73.0	0.0	0.0	5.0
0.6281302864030228	0.6248479158885063	0.029990920966199344	32.0	0.0	0.0	5.0
0.3103778229672346	0.3549091152368743	0.03154642668760654	54.0	0.0	0.0	5.0
0.719380766118874	0.42443154509123066	0.032802156217813114	72.0	0.0	0.0	5.0
0.362856169188426	0.43523320597950044	0.034432291803788616	45.0	0.0	0.0	5.0
0.5626008348310341	0.6802310397027094	0.036295446589931786	3.0	0.0	0.013913567855126985	5.0
0.4847564195006171	0.720245638268839	0.030841389300729515	11.0	0.0	0.0	5.0
0.531057222602199	0.31404387433315517	0.03277891264204568	30.0	0.0	0.0	5.0
0.6621380440584729	0.5654855374664064	0.03230984617110185	55.0	0.0	0.0	5.0
0.7806941343769241	0.2245149346114118	0.029559573800173558	9.0	0.0	0.0	5.0
0.44958472663921034	0.42483786558796927	0.0335084224105742	44.0	0.0	0.0	5.0
0.28075800391216893	0.8743228141465024	0.032663148246432835	65.0	0.0	0.0	5.0
0.10997273312649612	0.7928532692103027	0.03387493347216121	70.0	0.0	0.0	5.0
0.3062105530684099	0.13897325007096795	0.03218927916473748	50.0	0.0	0.0	5.0
0.5844876770708547	0.3587957681409346	0.0307832774722854	26.0	0.0	0.0	5.0
0.8776418022791347	0.20860356797863536	0.03659790118141575	59.0	0.0	0.0	6.0
0.4984887471698706	0.7984886543060755	0.03134480826900849	19.0	0.0	0.0	6.0
0.9566106476233396	0.2148209144708955	0.03169947392356217	33.0	0.0	0.0	6.0
0.9169070413777062	0.05527255484727807	0.03455227608376896	37.0	0.0	0.0	6.0
0.6310081986683491	0.2736706381660162	0.032823499056964564	8.0	0.0	0.0	6.0
0.5640098012922844	0.6823852842292532	0.036331742036521716	3.0	0.0	0.015116118905055487	6.0
0.09508198734235386	0.3986479397751272	0.035156105995146174	52.0	0.0	2.43466224247868e-05	6.0
0.35620392123111105	0.4415706085884823	0.0344667240955924	45.0	0.0	0.0	6.0
0.24381941249575237	0.9419758379235339	0.0334153047911542	2.0	0.0	0.0	6.0
0.3933188040975564	0.20335545903850544	0.035038589050348644	49.0	0.0	3.677665745271952e-07	6.0
0.6281302864030228	0.6281651368981445	0.03002091188716554	32.0	0.0	0.0	6.0
0.5248488832811531	0.8861003562851548	0.03304055489998743	21.0	0.0	0.0	6.0
0.835503946175011	0.08560157730140985	0.032720196492961075	10.0	0.0	0.0	6.0
0.5781149839121952	0.4451245632968172	0.031284266495630944	47.0	0.0	0.0	6.0
0.8252775836891179	0.02071023587497177	0.02071023587497177	42.0	0.0	0.0	6.0
0.7191544473205373	0.4192994821838435	0.03283495837403092	72.0	0.0	0.0	6.0
0.25311353063115427	0.49302277766415015	0.03328239069722131	20.0	0.0	0.0	6.0
0.8276250369550082	0.40577153927282317	0.03155549574901744	74.0	0.0	0.0	6.0
0.3055175890625249	0.1376164008624775	0.03222146844390222	50.0	0.0	0.0	6.0
0.6175454025992522	0.506414682192832	0.032743907193175936	60.0	0.0	0.0	6.0
0.8013181705199542	0.16041845701983865	0.03441605354251964	67.0	0.0	0.0	6.0
0.3252063598212636	0.20418838198629208	0.03157801995371461	71.0	0.0	0.0	6.0
0.5706590398490128	0.0208651210414042	0.03135603855252021	23.0	0.0	0.0	6.0
0.2166622241978717	0.12600336848425703	0.033892215340181935	73.0	0.0	0.0	6.0
0.3881283502444517	0.36712591720181476	0.03187530534608498	41.0	0.0	0.0	6.0
0.8201602256605801	0.6430444358827279	0.03446380684784795	6.0	0.0	0.0	6.0
0.5766760925623036	0.9365091874713487	0.033106350011539776	38.0	0.0	0.0	6.0
0.03826217162976937	0.7563667013642421	0.0324848849787817	35.0	0.0	0.0	6.0
0.11467830170987316	0.26879027476574757	0.03275671250741717	46.0	0.0	0.0	6.0
0.5432555808966438	0.5962706497606287	0.03304916796089697	15.0	0.0	0.0	6.0
0.7397439511877971	0.6064974221519367	0.031775080979370186	56.0	0.0	0.0	6.0
0.3071428219793581	0.3575486877395603	0.03157797311429414	54.0	0.0	0.0	6.0
0.6284882184063699	0.17774154105594442	0.03147543169692085	27.0	0.0	0.0	6.0
0.10451367946813742	0.15158978529717732	0.03257808631182661	66.0	0.0	0.0	6.0
0.5321157967837539	0.3156623852766529	0.03281169155468772	30.0	0.0	0.0	6.0
0.2458050397245577	0.39818005830789305	0.03207324558319724	31.0	0.0	0.0	6.0
0.8148123124112382	0.8826725055253609	0.03014241440405553	53.0	0.0	0.0	6.0
0.5347817350441262	0.5143861009734049	0.034446153923650365	22.0	0.0	0.0	6.0
0.6685055045794497	0.562652162397662	0.03234215601727295	55.0	0.0	0.0	6.0
0.7805414293713201	0.22551786291322257	0.029589133373973727	9.0	0.0	0.0	6.0
0.4757189949222371	0.16549322141460973	0.030549344675266897	68.0	0.0	0.0	6.0
0.5813702522975934	0.1279225785063189	0.03836842604887559	40.0	0.0	0.0	6.0
0.5428853393047823	0.20857303375478323	0.03227670846898547	17.0	0.0	0.0	6.0
0.18138723853695773	0.19997636278070813	0.03238566876578667	25.0	0.0	0.0	6.0
0.4639385411474031	0.3452197728020134	0.03149455597825742	4.0	0.0	0.0	6.0
0.8942294971943305	0.12602856811529806	0.033895215195103974	58.0	0.0	0.0	6.0
0.7427547476725042	0.8227869200667037	0.03343034101062533	61.0	0.0	0.0	6.0
0.8576507148948134	0.2909766119652502	0.033794833800369496	14.0	0.0	0.0	6.0
0.2961887505086115	0.2786875860614346	0.03185106495286798	39.0	0.0	0.0	6.0
0.6492381587890854	0.43538852609300643	0.0378762591452504	28.0	0.0	0.0	6.0
0.8162401369590594	0.5602656109394192	0.032563167723187486	51.0	0.0	0.0	6.0
0.24409152211065044	0.22537131968665666	0.03438338307962061	13.0	0.0	0.0	6.0
0.07825410141659675	0.9131078064715961	0.03487961496077717	7.0	0.0	0.0	6.0
0.4789522305352951	0.7259591840033822	0.030872230690030242	11.0	0.0	0.0	6.0
0.4423998342461651	0.41785369840522346	0.033541930832984776	44.0	0.0	0.0	6.0
0.0490817131238811	0.48334723745776287	0.03390962812321773	36.0	0.0	0.0	6.0
0.03516283436344502	0.8334997119251117	0.030515959683693906	63.0	0.0	0.0	6.0
0.4768449314183424	0.556770729448721	0.035183147935428094	69.0	0.0	0.0	6.0
0.2800721283333309	0.8670816064094335	0.03269581139467927	65.0	0.0	0.0	6.0
0.6782116494575083	0.7130069260464873	0.03204607949106162	29.0	0.0	0.0	6.0
0.48348848933438693	0.03478420547487064	0.03120406478790348	64.0	0.0	0.0	6.0
0.4262306510221773	0.10360872014757218	0.03177774296128352	5.0	0.0	0.0	6.0
0.47360290480059203	0.2623527984236735	0.032117814812841074	18.0	0.0	0.0	6.0
0.10997273312649612	0.8028822594869263	0.033908808405633366	70.0	0.0	0.0	6.0
0.7023949646623451	0.2781112376007673	0.032196861120748085	57.0	0.0	0.0	6.0
0.5847450896403251	0.35979623171358804	0.03081406074975768	26.0	0.0	0.0	6.0
0.3801848337836128	0.27717520733922896	0.030567893854748656	48.0	0.0	0.0	6.0
0.5069710348823168	0.10224378980480435	0.031620113803976606	34.0	0.0	0.0	6.0
0.13101152591067178	0.5305085197335339	0.03155401406846882	16.0	0.0	0.0	6.0
0.7431736823749754	0.5121347994076885	0.03405762129197889	24.0	0.0	0.0	6.0
0.14209054228068385	0.05873745256364676	0.032860604971307605	12.0	0.0	0.0	6.0
0.6956035283527479	0.20882480068401166	0.03095513160932566	43.0	0.0	0.0	6.0
0.6636369214792611	0.35042647857567577	0.035168157434067905	1.0	0.0	3.0431838425215574e-05	6.0
0.32928286075581503	0.9579889169346592	0.03314956148845456	62.0	0.0	0.0	6.0
0.585867703318627	0.9429502751038084	0.033139456361551314	38.0	0.0	0.0	7.0
0.5764588351677259	0.4439101134560618	0.031315550762126575	47.0	0.0	0.0	7.0
0.24702034378291768	0.5009592617520704	0.03331567308791853	20.0	0.0	0.0	7.0
0.8207832573475983	0.8723054187292434	0.030172556818459585	53.0	0.0	0.0	7.0
0.5932839641216003	0.35491398063907287	0.030844874810507433	26.0	0.0	0.0	7.0
0.5342108277892498	0.5164946156785202	0.03448060007757401	22.0	0.0	0.0	7.0
0.3052826195344055	0.35754283201046366	0.03160955108740843	54.0	0.0	0.0	7.0
0.13112555553153268	0.5291183950406896	0.031585568082537284	16.0	0.0	0.0	7.0
0.7033408820151724	0.20400425286321852	0.030986086740934983	43.0	0.0	0.0	7.0
0.47380080880302267	0.34197408954867786	0.031526050534235676	4.0	0.0	0.0	7.0
0.8611304533560952	0.2933636031699206	0.03382862863416986	14.0	0.0	0.0	7.0
0.8890789955555637	0.12581767872106625	0.03392911041029907	58.0	0.0	0.0	7.0
0.2465101722852315	0.40281119268905174	0.032105318828780434	31.0	0.0	0.0	7.0
0.3173317285955064	0.20054890917066495	0.03160959797366832	71.0	0.0	0.0	7.0
0.5031689975566629	0.7961169235411032	0.031376153077277494	19.0	0.0	0.0	7.0
0.7405446077728745	0.6144188696908914	0.03180685606034955	56.0	0.0	0.0	7.0
0.4818666631881504	0.729297443695904	0.03090310292072027	11.0	0.0	0.0	7.0
0.5770367624162662	0.12862432627674145	0.03670023361196796	40.0	0.0	0.0	7.0
0.2759356447784461	0.865485287398334	0.03272850720607394	65.0	0.0	0.0	7.0
0.4758734808135091	0.16753416440259558	0.030579894019942162	68.0	0.0	0.0	7.0
0.11354395962389442	0.2680226087767022	0.03278946921992459	46.0	0.0	0.0	7.0
0.5668527385337305	0.024084023433034684	0.03138739459107273	23.0	0.0	0.0	7.0
0.9609977331976772	0.21611317115782974	0.031731173397485726	33.0	0.0	0.0	7.0
0.5062114516274053	0.10129218072944672	0.03165173391778058	34.0	0.0	0.0	7.0
0.6510178203616382	0.4338641863159199	0.03615461100228447	28.0	0.0	0.0	7.0
0.8233855026060066	0.019781172163760484	0.020730946110846738	42.0	0.0	0.0	7.0
0.8226619441996623	0.40794267323535305	0.031587051244766455	74.0	0.0	0.0	7.0
0.6631518761096601	0.3479728570771611	0.035203325591501966	1.0	0.0	5.379675836536535e-05	7.0
0.6748710613360367	0.5501881663265448	0.03237449817329022	55.0	0.0	0.0	7.0
0.29753622026659154	0.28196251341749884	0.03188291601782084	39.0	0.0	0.0	7.0
0.7494927589431192	0.8158987750522171	0.03346377135163595	61.0	0.0	0.0	7.0
0.42536165329624576	0.10572075598968027	0.0318095207042448	5.0	0.0	0.0	7.0
0.3301015260184395	0.9595198073570136	0.03318271104994301	62.0	0.0	0.0	7.0
0.6319604817241509	0.2741760365021985	0.03285632255602153	8.0	0.0	0.0	7.0
0.8154298561188035	0.6436886743493754	0.034498270654695795	6.0	0.0	0.0	7.0
0.48318458236060924	0.036102043174308075	0.03123526885269138	64.0	0.0	0.0	7.0
0.5380950499193857	0.597720372172094	0.033082217128857866	15.0	0.0	0.0	7.0
0.30480174733816034	0.13674239337454333	0.03225368991234612	50.0	0.0	0.0	7.0
0.7397602202352545	0.5150960034361395	0.03409167891327086	24.0	0.0	0.0	7.0
0.4776475476439778	0.5595936186490391	0.03365344585127905	69.0	0.0	0.0	7.0
0.6302324770473271	0.18121061078670975	0.03150690712861777	27.0	0.0	0.0	7.0
0.03994873523153372	0.47827680799901345	0.033943537751340944	36.0	0.0	0.0	7.0
0.618235050997811	0.5118627772213094	0.032776651100369106	60.0	0.0	0.0	7.0
0.09823393827843017	0.39705067928968996	0.03519126210114132	52.0	0.0	4.477821130421944e-05	7.0
0.7767749642814588	0.23330981011617674	0.0296187225073477	9.0	0.0	0.0	7.0
0.5281216345770339	0.8777804412615537	0.03307359545488742	21.0	0.0	0.0	7.0
0.8790823022174079	0.20602804325202326	0.03493436021862413	59.0	0.0	0.0	7.0
0.04168490513481938	0.8299854959263084	0.030546475643377598	63.0	0.0	0.0	7.0
0.14418719319445963	0.05636619964096269	0.03289346557627891	12.0	0.0	0.0	7.0
0.38713135759968786	0.36687941219719317	0.03190718065143106	41.0	0.0	0.0	7.0
0.07537584077947408	0.9201032098508348	0.03491449457573794	7.0	0.0	0.0	7.0
0.6260853014015959	0.6272241415644554	0.0300509327990527	32.0	0.0	0.0	7.0
0.6771335824915997	0.713309782060418	0.03207812557055268	29.0	0.0	0.0	7.0
0.5440650837116451	0.2085693200387473	0.03230898517745445	17.0	0.0	0.0	7.0
0.2452754610441135	0.23116824866721425	0.03441776646270023	13.0	0.0	0.0	7.0
0.4385815004354063	0.4106040872173324	0.033575472763817754	44.0	0.0	0.0	7.0
0.03753990810498392	0.7552774265688622	0.03251736986376048	35.0	0.0	0.0	7.0
0.40243313388938046	0.20480150194409846	0.03507362763939899	49.0	0.0	2.554480573735418e-06	7.0
0.5620251276053903	0.6822036008453066	0.03636807377855823	3.0	0.0	0.016387342510299163	7.0
0.2440495009218599	0.9406353273778036	0.03344872009594535	2.0	0.0	0.0	7.0
0.09843815366623844	0.14897745642406068	0.032610664398138436	66.0	0.0	0.0	7.0
0.18353391703304323	0.1961382345032558	0.03241805443455245	25.0	0.0	0.0	7.0
0.11790191356606082	0.8025575959537534	0.03394271721403899	70.0	0.0	0.0	7.0
0.35640767321713396	0.4406040544700723	0.034501190819687985	45.0	0.0	0.0	7.0
0.3790136434582118	0.27736486514900766	0.030598461748603402	48.0	0.0	0.0	7.0
0.8337658086595062	0.08442529276482263	0.032752916689454036	10.0	0.0	0.0	7.0
0.8078555275105823	0.156856140503239	0.034450469596062155	67.0	0.0	0.0	7.0
0.7030970718050258	0.27912788874164923	0.03222905798186883	57.0	0.0	0.0	7.0
0.5330735861076783	0.31526477258351515	0.032844503246242406	30.0	0.0	0.0	7.0
0.2150047487564232	0.1284033929194147	0.03392610755552211	73.0	0.0	0.0	7.0
0.46565415538547295	0.2687386319020726	0.032149932627653914	18.0	0.0	0.0	7.0
0.7188967082674302	0.4180768254229531	0.03286779333240495	72.0	0.0	0.0	7.0
0.815039822894403	0.5600007187311101	0.03259573089091067	51.0	0.0	0.0	7.0
0.9164677809707685	0.045311773605520564	0.034586828359852724	37.0	0.0	0.0	7.0
0.29776944346297934	0.2831826080766565	0.03191479893383865	39.0	0.0	0.0	8.0
0.48523789102263004	0.7327006595575163	0.030934006023640985	11.0	0.0	0.0	8.0
0.40755449760834067	0.20433267591137283	0.035108701267038384	49.0	0.0	8.22022666113753e-06	8.0
0.8172679688258689	0.8654223535082257	0.030202729375278042	53.0	0.0	0.0	8.0
0.5806111399589752	0.44668223209896263	0.031346866312888695	47.0	0.0	0.0	8.0
0.37773066780361897	0.2729581554288437	0.030629060210352003	48.0	0.0	0.0	8.0
0.24135460820343665	0.9397858900316867	0.03348216881604129	2.0	0.0	0.0	8.0
0.9616471745814695	0.21438179413178537	0.03176290457088321	33.0	0.0	0.0	8.0
0.6747581474597409	0.7141081499756334	0.03211020369612323	29.0	0.0	0.0	8.0
0.5004990286345968	0.7970897704653794	0.031407529230354767	19.0	0.0	0.0	8.0
0.07397755403704935	0.9189055303964241	0.03494940907031367	7.0	0.0	0.0	8.0
0.3032768024516505	0.13384708404380624	0.03228594360225846	50.0	0.0	0.0	8.0
0.535693204590741	0.5078581893759807	0.03451508067765158	22.0	0.0	0.0	8.0
0.5392972230857889	0.5977771790016737	0.03311529934598672	15.0	0.0	0.0	8.0
0.33199423038721737	0.9613366000920751	0.03321589376099295	62.0	0.0	0.0	8.0
0.5869568113655099	0.9370515238714259	0.03317259581791286	38.0	0.0	0.0	8.0
0.5104805924914982	0.09994653618448822	0.031683385651698356	34.0	0.0	0.0	8.0
0.04432464236567538	0.8299771863005727	0.030577022119020972	63.0	0.0	0.0	8.0
0.5360816504310183	0.8793800736666798	0.0331066690503423	21.0	0.0	0.0	8.0
0.1306973099302902	0.5307828208497075	0.03161715365061982	16.0	0.0	0.0	8.0
0.09684457344824408	0.14780888793138316	0.03264327506253657	66.0	0.0	0.0	8.0
0.14555201312810573	0.05606500333175232	0.03292635904185519	12.0	0.0	0.0	8.0
0.8239363118643179	0.018927323258924905	0.020751677056957584	42.0	0.0	0.0	8.0
0.7172021703692747	0.42040299163068917	0.03290066112573735	72.0	0.0	0.0	8.0
0.7062480946631619	0.27743005758819744	0.03226128703985069	57.0	0.0	0.0	8.0
0.812680988875528	0.6450170305497971	0.03453276892535049	6.0	0.0	0.0	8.0
0.6574368659204424	0.4590052154245099	0.020071173961692414	75.0	28.0	0.0	8.0
0.6316416472518633	0.18355382127826095	0.031538414035746386	27.0	0.0	0.0	8.0
0.38739760449552085	0.3681830388478712	0.03193908783208249	41.0	0.0	0.0	8.0
0.9021210242163735	0.12511907925092156	0.033963039520709365	58.0	0.0	0.0	8.0
0.6774046141170832	0.5509344477627127	0.032406872671463506	55.0	0.0	0.0	8.0
0.46559271283460296	0.2711779480877513	0.032182082560281565	18.0	0.0	0.0	8.0
0.6541179201456335	0.40869319190086006	0.03503204117506032	76.0	28.0	0.0	8.0
0.9151838654805643	0.04501142977622167	0.03462141518821257	37.0	0.0	0.0	8.0
0.2429930242199991	0.23174785004044865	0.03445218422916292	13.0	0.0	0.0	8.0
0.47684602313085517	0.16856668591460655	0.0306104739139621	68.0	0.0	0.0	8.0
0.27538697574688553	0.8681717396467492	0.03276123571328001	65.0	0.0	0.0	8.0
0.11721765516176981	0.8035221976916637	0.033976659931253025	70.0	0.0	0.0	8.0
0.18279170169038245	0.20063193288253658	0.032450472488987	25.0	0.0	0.0	8.0
0.8360103026735676	0.08496526912742884	0.032785669606143486	10.0	0.0	0.0	8.0
0.2457997518592628	0.4042241127331187	0.03213742414760921	31.0	0.0	0.0	8.0
0.5627956846531137	0.6843821291464257	0.03640444185233679	3.0	0.0	0.017729286691817947	8.0
0.7762302071603225	0.23491392158016236	0.029648341229855043	9.0	0.0	0.0	8.0
0.5834780359353762	0.12778834654740373	0.03503204117506032	40.0	0.0	0.0	8.0
0.24542321940795966	0.5020255173564718	0.03334898876100645	20.0	0.0	0.0	8.0
0.47997393594036325	0.559049411203375	0.03212374376713	69.0	0.0	0.0	8.0
0.7515007664686444	0.5192071615544025	0.03412577059218413	24.0	0.0	0.0	8.0
0.8130864072691811	0.5605494821090009	0.032628326621801575	51.0	0.0	0.0	8.0
0.42256489514079465	0.104121660518778	0.031841330224949047	5.0	0.0	0.0	8.0
0.4854035333808967	0.03672540209575058	0.03126650412154407	64.0	0.0	0.0	8.0
0.6991896396499846	0.19373163645215655	0.031017072827675914	43.0	0.0	0.0	8.0
0.3511605345418818	0.445392793326068	0.03453569201050767	45.0	0.0	0.0	8.0
0.6297663137682875	0.6248000264033785	0.03008098373185175	32.0	0.0	0.0	8.0
0.4644429821828614	0.34348945802686337	0.03155757658476991	4.0	0.0	0.0	8.0
0.31666805588386976	0.19942943618382444	0.03164120757164199	71.0	0.0	0.0	8.0
0.5658614125813304	0.024594249898966955	0.0314187819856638	23.0	0.0	0.0	8.0
0.9023418541432551	0.20634605189372748	0.018725003580180123	78.0	59.0	0.0	8.0
0.440768925327489	0.41081822623432307	0.03360904823658157	44.0	0.0	0.0	8.0
0.8065618582088598	0.16115694086563812	0.03448492006565822	67.0	0.0	0.0	8.0
0.7438699517323214	0.6267002631714813	0.031838662916409896	56.0	0.0	0.0	8.0
0.0350234921482319	0.48560418366098984	0.03397748128909228	36.0	0.0	0.0	8.0
0.8305422681915446	0.4072212831454383	0.03161863829601122	74.0	0.0	0.0	8.0
0.617505825201254	0.5130753557527753	0.03280942775146947	60.0	0.0	0.0	8.0
0.5914959896199078	0.3538916748947694	0.030875719685317937	26.0	0.0	0.0	8.0
0.2202731231982813	0.12703017897683044	0.03396003366307763	73.0	0.0	0.0	8.0
0.11536216924917347	0.27412432195534464	0.032822258689144505	46.0	0.0	0.0	8.0
0.5452800525071047	0.2014908306483875	0.0323412941626319	17.0	0.0	0.0	8.0
0.6609982691412956	0.346915376982688	0.03523852891709346	1.0	0.0	8.685665171981327e-05	8.0
0.3074575701938696	0.3557728836505932	0.031641160638495834	54.0	0.0	0.0	8.0
0.6234784301931185	0.276558857234005	0.03288917887857755	8.0	0.0	0.0	8.0
0.09170620512203899	0.40285918668105986	0.035226453363242455	52.0	0.0	7.432181369892987e-05	8.0
0.03414412605148044	0.7543464922125196	0.03254988723362423	35.0	0.0	0.0	8.0
0.7522527193952014	0.8169439613965482	0.033497235122987586	61.0	0.0	0.0	8.0
0.8608683251444138	0.2919438825865287	0.03386245726280403	14.0	0.0	0.0	8.0
0.5318907162942388	0.3139269802577427	0.032877347749488646	30.0	0.0	0.0	8.0
0.8586857171686559	0.21250147856669135	0.018725003580180123	77.0	59.0	0.0	8.0
0.47570209481444986	0.5833785573698852	0.018140917701364594	84.0	69.0	0.0	9.0
0.5642328092435349	0.020965080483569973	0.03145020076764946	23.0	0.0	0.0	9.0
0.7787889909051928	0.23313488337517993	0.029677989571084893	9.0	0.0	0.0	9.0
0.10336139009370474	0.3940846808684041	0.03526167981660569	52.0	0.0	0.00011468078425025396	9.0
0.8047622959110362	0.16943509773100646	0.034519404985723874	67.0	0.0	0.0	9.0
0.3052684319663384	0.3594346508388633	0.03167280179913433	54.0	0.0	0.0	9.0
0.25241626062985895	0.4112486786755989	0.032169561571756815	31.0	0.0	0.0	9.0
0.7103837092517272	0.1982962895022401	0.031048089900503586	43.0	0.0	0.0	9.0
0.919791675566905	0.04630587904498522	0.03465603660340078	37.0	0.0	0.0	9.0
0.6313316604099594	0.18258105946312497	0.03156995244978213	27.0	0.0	0.0	9.0
0.9010983443536492	0.2097257395758414	0.0187437285837603	78.0	0.0	0.0	9.0
0.5124859658980768	0.10067722684327894	0.03171506903735005	34.0	0.0	0.0	9.0
0.8596145795363821	0.21371133829772196	0.0187437285837603	77.0	0.0	0.0	9.0
0.12937421309177585	0.5333337172233271	0.031648770804270435	16.0	0.0	0.0	9.0
0.4797136643608488	0.5369103526185742	0.018140917701364594	83.0	69.0	0.0	9.0
0.38753428753058394	0.36508357941510633	0.03197102691991457	41.0	0.0	0.0	9.0
0.48352600930369266	0.7320646706779338	0.03096494002966462	11.0	0.0	0.0	9.0
0.8597188572555877	0.2907688027017176	0.03389631972006683	14.0	0.0	0.0	9.0
0.32803158521503006	0.9623961597196391	0.033249109654753944	62.0	0.0	0.0	9.0
0.8327910711951851	0.41249705580750656	0.03165025693430723	74.0	0.0	0.0	9.0
0.5828807164416816	0.44583905152848535	0.03137821317920158	47.0	0.0	0.0	9.0
0.5465546326151285	0.20034222452262926	0.03237363545679453	17.0	0.0	0.0	9.0
0.42094626186607725	0.1061235108059367	0.03187317155517399	5.0	0.0	0.0	9.0
0.9070556100151047	0.12120561363460362	0.03399700256023007	58.0	0.0	0.0	9.0
0.04167262990398346	0.485750722585822	0.03401145877038137	36.0	0.0	0.0	9.0
0.30164437262877775	0.13294079473041914	0.032318229545860715	50.0	0.0	0.0	9.0
0.4027789123035748	0.2024202913788487	0.03514380996830542	49.0	0.0	1.903473985009896e-05	9.0
0.24130655387791997	0.23261586101146706	0.03448663641339208	13.0	0.0	0.0	9.0
0.34778471420103996	0.44043818355750736	0.03457022770251818	45.0	0.0	0.0	9.0
0.8115222162198586	0.6475563115276096	0.03456730169427583	6.0	0.0	0.0	9.0
0.4372699893459761	0.4198850949832742	0.03364265728481815	44.0	0.0	0.0	9.0
0.5603457680535553	0.14831731849481825	0.019783291152940335	82.0	40.0	0.0	9.0
0.31695005716254115	0.19680467318030923	0.03167284877921363	71.0	0.0	0.0	9.0
0.5409684052368682	0.8834082599296222	0.03313977571939264	21.0	0.0	0.0	9.0
0.6155158186412153	0.5090842621050257	0.03284223717922094	60.0	0.0	0.0	9.0
0.6557907412916022	0.4595584669639063	0.020091245135654103	75.0	0.0	0.0	9.0
0.7030629290101383	0.2798595507994358	0.03229354832689054	57.0	0.0	0.0	9.0
0.8230594181746362	0.020069492863812526	0.02077242873401454	42.0	0.0	0.0	9.0
0.6636810029688134	0.7176765168298612	0.03214231389981935	29.0	0.0	0.0	9.0
0.6680272100254039	0.40087778884715636	0.011853834630035923	80.0	76.0	0.0	9.0
0.48784082233072457	0.037510544973489914	0.031297770625665605	64.0	0.0	0.0	9.0
0.07469101733790777	0.9176299021759231	0.034984358479383984	7.0	0.0	0.0	9.0
0.6888247732171355	0.555157285035776	0.03243927954413497	55.0	0.0	0.0	9.0
0.6417292437875031	0.41776204734627825	0.011853834630035923	79.0	76.0	0.0	9.0
0.2762427086682523	0.863536978532873	0.032793996948993286	65.0	0.0	0.0	9.0
0.5411861678679667	0.5942977401816582	0.033148414645332705	15.0	0.0	0.0	9.0
0.2982661203167685	0.2762728431062298	0.03194671373277249	39.0	0.0	0.0	9.0
0.7490146783034204	0.8192872046472273	0.03353073235811057	61.0	0.0	0.0	9.0
0.5929367094755138	0.11365586668989383	0.019783291152940335	81.0	40.0	0.0	9.0
0.7467556244817005	0.6157703814233839	0.031870501579326305	56.0	0.0	0.0	9.0
0.1495156307273469	0.06265582558526106	0.03295928540089704	12.0	0.0	0.0	9.0
0.6369112729299727	0.6229376763277903	0.0301110647155836	32.0	0.0	0.0	9.0
0.811437465885687	0.5625370981430897	0.032660954948423374	51.0	0.0	0.0	9.0
0.2460282177115527	0.49639441819287194	0.033382337749767454	20.0	0.0	0.0	9.0
0.3764312018902716	0.27452451752696017	0.03065968927056235	48.0	0.0	0.0	9.0
0.2401883059910616	0.9468471969870412	0.03351565098485733	2.0	0.0	0.0	9.0
0.03534247861651753	0.7544485897400339	0.03258243712085785	35.0	0.0	0.0	9.0
0.4633685793375073	0.2723583464598856	0.03221426464284184	18.0	0.0	0.0	9.0
0.04449657190365631	0.8309423736631543	0.03060759914113999	63.0	0.0	0.0	9.0
0.4606321200746632	0.34082499312928727	0.03158913416135468	4.0	0.0	0.0	9.0
0.21877289315712178	0.12938825231853018	0.0339939936967407	73.0	0.0	0.0	9.0
0.9608299780165112	0.21235956895055935	0.03179466747545409	33.0	0.0	0.0	9.0
0.6242042334416629	0.2780488257198099	0.03292206805745612	8.0	0.0	0.0	9.0
0.5273195754338964	0.3019333247283773	0.03291022509723813	30.0	0.0	0.0	9.0
0.7133975955305912	0.4215759230099501	0.03293356178686308	72.0	0.0	0.0	9.0
0.5719535229160467	0.6827210772883263	0.036440846294189116	3.0	0.0	0.019144011017871776	9.0
0.09733250701042083	0.14930738228650184	0.03267591833759911	66.0	0.0	0.0	9.0
0.11275808065693964	0.27464763554847915	0.03285508094783365	46.0	0.0	0.0	9.0
0.8340140951465076	0.09617168718005172	0.03281845527574963	10.0	0.0	0.0	9.0
0.7486691008197416	0.517727105180101	0.03415989636277631	24.0	0.0	0.0	9.0
0.12057489546577176	0.8014305604035906	0.03401063659118427	70.0	0.0	0.0	9.0
0.8219627197092542	0.862158247582447	0.030232932104653318	53.0	0.0	0.0	9.0
0.5353916136999933	0.5108420359636572	0.03454959575832923	22.0	0.0	0.0	9.0
0.507825214284963	0.7909728746207807	0.03143893675958512	19.0	0.0	0.0	9.0
0.5867063667999357	0.3573002428561823	0.03090659540500325	26.0	0.0	0.0	9.0
0.5881802734010726	0.9367976348760275	0.03320576841373077	38.0	0.0	0.0	9.0
0.17945522530836425	0.20147919676837592	0.03248292296147598	25.0	0.0	0.0	9.0
0.4756222682526028	0.1687648558148197	0.030641084387876057	68.0	0.0	0.0	9.0
0.6589133073208374	0.3506776033964842	0.03527376744601055	1.0	0.0	0.00013131834094792794	9.0
0.53889889832921	0.20043665397642446	0.032406009092251324	17.0	0.0	0.0	10.0
0.2491025901792818	0.9556222680097826	0.03354916663584218	2.0	0.0	0.0	10.0
0.5116604731776654	0.10301106994950597	0.0317467841063874	34.0	0.0	0.0	10.0
0.48882517985797785	0.0397415791003303	0.031329068396291265	64.0	0.0	0.0	10.0
0.8578741465714069	0.2893432852946038	0.03393021603978689	14.0	0.0	0.0	10.0
0.8544584066786225	0.20856457719304353	0.01876247231234406	77.0	0.0	0.0	10.0
0.11523418084225026	0.270348492647214	0.03288793602878148	46.0	0.0	0.0	10.0
0.07359696584900859	0.9197392050586356	0.035019342837863364	7.0	0.0	4.6317012447616435e-08	10.0
0.43840228638771916	0.4184293247592928	0.033676299942102965	44.0	0.0	0.0	10.0
0.46358368405841593	0.342160696578731	0.03162072329551603	4.0	0.0	0.0	10.0
0.35294316993483915	0.43685167889585425	0.03460479793022069	45.0	0.0	0.0	10.0
0.21986574306415466	0.12904378312375	0.03402798769043744	73.0	0.0	0.0	10.0
0.8100337397798569	0.6438729449207194	0.034601868995970106	6.0	0.0	0.0	10.0
0.6416795527589069	0.6358972016467095	0.03014117578029918	32.0	0.0	0.0	10.0
0.8036245548796553	0.1678096301995177	0.034553924390709596	67.0	0.0	0.0	10.0
0.5256363809442276	0.2998246116391881	0.032943135322335365	30.0	0.0	0.0	10.0
0.24800666704487032	0.4904458686403691	0.03341572008751722	20.0	0.0	0.0	10.0
0.7509822923675105	0.516161652836122	0.034194056259139086	24.0	0.0	0.0	10.0
0.17361097599631506	0.21240784576098845	0.03251540588443745	25.0	0.0	0.0	10.0
0.8290607112947849	0.09447210569211818	0.03285127373102537	10.0	0.0	0.0	10.0
0.7454406205997547	0.6163855387637929	0.03190237208090563	56.0	0.0	0.0	10.0
0.6869154638134872	0.5555409768838216	0.0324717188236791	55.0	0.0	0.0	10.0
0.7022595496547219	0.27887866417549817	0.03232584187521743	57.0	0.0	0.0	10.0
0.11479373496765709	0.7993652350847951	0.034044647227775456	70.0	0.0	0.0	10.0
0.6656773626064922	0.7101150305971624	0.032174456213719164	29.0	0.0	0.0	10.0
0.6377866703420012	0.42379005972205325	0.011865688464665958	79.0	0.0	0.0	10.0
0.5975787533087024	0.9318807897658452	0.0332389741821445	38.0	0.0	0.0	10.0
0.6672238670846428	0.3993571280700108	0.011865688464665958	80.0	0.0	0.0	10.0
0.4762637243414734	0.7229816279394509	0.03099590496969428	11.0	0.0	0.0	10.0
0.7199757966135797	0.42960678604764535	0.03296649534864994	72.0	0.0	0.0	10.0
0.03168954702669521	0.4873673425256233	0.03404547022915175	36.0	0.0	0.0	10.0
0.926415069695888	0.04118758938254212	0.03469069264000418	37.0	0.0	0.0	10.0
0.042891834900080326	0.8313714594046133	0.03063820674028113	63.0	0.0	0.0	10.0
0.40275279380756007	0.20345721561412636	0.03517895377827372	49.0	0.0	3.667774193161222e-05	10.0
0.47292917944897406	0.1717722935435344	0.03067172547226393	68.0	0.0	0.0	10.0
0.4642392004132064	0.27164984563100614	0.03224647890748468	18.0	0.0	0.0	10.0
0.5368358988318331	0.5097259511412897	0.034584145354087555	22.0	0.0	0.0	10.0
0.09743387099855345	0.14700882658779904	0.0327085942559367	66.0	0.0	0.0	10.0
0.8224038014170678	0.019053174343390655	0.02079320116274855	42.0	0.0	0.0	10.0
0.39127725335264685	0.3605136024995127	0.03200299794683448	41.0	0.0	0.0	10.0
0.6232252130231647	0.2780210816730991	0.032954990125513575	8.0	0.0	0.0	10.0
0.7472423682552564	0.8212169331275954	0.03356426309046868	61.0	0.0	0.0	10.0
0.10392893924369025	0.3922229559697481	0.03529694149642229	52.0	0.0	0.00016756860431144105	10.0
0.7112806967223905	0.19214510342879085	0.031079137990404085	43.0	0.0	0.0	10.0
0.8162035315382612	0.8723048442495991	0.030263165036757966	53.0	0.0	0.0	10.0
0.6155158186412153	0.5127531824166368	0.03287507941640016	60.0	0.0	0.0	10.0
0.9685441247163262	0.2124324209357287	0.03182646214292954	33.0	0.0	0.0	10.0
0.25138703555744535	0.40166903455097214	0.03220173113332857	31.0	0.0	0.0	10.0
0.47709020624381004	0.5812267463647787	0.018159058619065957	84.0	0.0	0.0	10.0
0.03245927264567971	0.7587379888421426	0.03261501955797871	35.0	0.0	0.0	10.0
0.6025182692725533	0.10732811089626666	0.019803074444093273	81.0	0.0	0.0	10.0
0.31454640461608935	0.36420993911275257	0.03170447460093346	54.0	0.0	0.0	10.0
0.2984968096233393	0.282376923555116	0.03197866044650526	39.0	0.0	0.0	10.0
0.3706825974905696	0.27721370821463404	0.03069034895983291	48.0	0.0	0.0	10.0
0.631518982372875	0.18102255731737554	0.03160152240223191	27.0	0.0	0.0	10.0
0.8146936696144089	0.5630643945645071	0.032693615903371796	51.0	0.0	0.0	10.0
0.581460817049345	0.4462767994039461	0.031409591392380774	47.0	0.0	0.0	10.0
0.5557384159936224	0.14544926111889947	0.019803074444093273	82.0	0.0	0.0	10.0
0.545974731681126	0.5945844856084468	0.033181563059978034	15.0	0.0	0.0	10.0
0.8229753191395909	0.4107166713191081	0.03168190719124153	74.0	0.0	0.0	10.0
0.7767036536176898	0.2355234777403179	0.029707667560655973	9.0	0.0	0.0	10.0
0.31600170518730836	0.2053225757295598	0.03170452162799284	71.0	0.0	0.0	10.0
0.5856301247177507	0.3561431158766607	0.030937502000408252	26.0	0.0	0.0	10.0
0.6594130058266165	0.34896126041313497	0.03530904121345656	1.0	0.0	0.0001888987896307981	10.0
0.6574325955406707	0.458506627796906	0.020111336380789754	75.0	0.0	0.0	10.0
0.1516673657005635	0.0632603018354672	0.03299224468629794	12.0	0.0	0.0	10.0
0.2751899032942229	0.8660957455104629	0.03282679094594228	65.0	0.0	0.0	10.0
0.9099870470233743	0.2051081785583074	0.01876247231234406	78.0	0.0	0.0	10.0
0.5628174617181173	0.019554181316458225	0.03148165096841711	23.0	0.0	0.0	10.0
0.4195382630623376	0.1061545413904191	0.031905044726729156	5.0	0.0	0.0	10.0
0.23861217507531654	0.2355495573574705	0.034521123049805466	13.0	0.0	0.0	10.0
0.909894106528175	0.12027146127544776	0.03403099956279029	58.0	0.0	0.0	10.0
0.5086028212303922	0.7999198888646889	0.0314703756963447	19.0	0.0	0.0	10.0
0.571161812319336	0.6815591028168537	0.0364772871404833	3.0	0.0	0.020633586651086944	10.0
0.32445255352151153	0.9594835873133168	0.033282358764408694	62.0	0.0	0.0	10.0
0.3014726456934602	0.12296880847641406	0.03235054777540657	50.0	0.0	0.0	10.0
0.5356239967436264	0.8802520702056247	0.033172915495112025	21.0	0.0	0.0	10.0
0.12881506142684163	0.5342375258308655	0.031680419575074704	16.0	0.0	0.0	10.0
0.48162456334542947	0.5327917495613025	0.018159058619065957	83.0	0.0	0.0	10.0
0.8237108382169175	0.015932496731056886	0.0208139943639113	42.0	0.0	0.0	11.0
0.6279628946757491	0.4325314515960022	0.011877554153130623	79.0	0.0	0.0	11.0
0.5374638523897969	0.5088972814913426	0.03461872949944164	22.0	0.0	0.0	11.0
0.40640304616812006	0.10879417414715944	0.031936949771455884	5.0	0.0	0.0	11.0
0.5555656931353531	0.018982306279630993	0.03151313261938552	23.0	0.0	0.0	11.0
0.8618806925490563	0.28802472655766204	0.03396414625582667	14.0	0.0	0.0	11.0
0.3905357033658046	0.36119036929670123	0.03203500094478131	41.0	0.0	0.0	11.0
0.8195405492476544	0.5551185575093757	0.03272630951927517	51.0	0.0	0.0	11.0
0.5755560052655311	0.44859835408691034	0.03144100098377315	47.0	0.0	0.0	11.0
0.035334788538852836	0.48834203255492786	0.0340795156993809	36.0	0.0	0.0	11.0
0.571065973386738	0.6793858346893944	0.03651376442762378	3.0	0.0	0.022200096395948776	11.0
0.07198269169641643	0.9182472209572213	0.03505436218070122	7.0	0.0	1.0281833908720728e-06	11.0
0.660319248447291	0.34573261743443445	0.03534435025467001	1.0	0.0	0.00026132514467747114	11.0
0.24942461397286586	0.49094238761899345	0.03344913580760473	20.0	0.0	0.0	11.0
0.2501564970579139	0.4013811770962808	0.03223393286446189	31.0	0.0	0.0	11.0
0.2189036130823236	0.12180902043964806	0.034062015678127874	73.0	0.0	0.0	11.0
0.4806853518323892	0.5332167811935594	0.01817721767768502	83.0	0.0	0.0	11.0
0.11547267086009477	0.7978522986203608	0.034078691875003224	70.0	0.0	0.0	11.0
0.5765931673163919	0.35812952080917154	0.030968439502408657	26.0	0.0	0.0	11.0
0.6326954452318728	0.1833623661035768	0.03163312392463414	27.0	0.0	0.0	11.0
0.15250265102185773	0.06242764176933467	0.033025236930984234	12.0	0.0	0.0	11.0
0.7362241510132671	0.6171707657367599	0.03193427445298653	56.0	0.0	0.0	11.0
0.6561793615743293	0.45932067442289565	0.020131447717170542	75.0	0.0	0.0	11.0
0.17219504184339973	0.21490245304422304	0.032547921290321885	25.0	0.0	0.0	11.0
0.7543651596241582	0.5134788066493432	0.03422825031539822	24.0	0.0	0.0	11.0
0.6672210679590407	0.398333467155765	0.011877554153130623	80.0	0.0	0.0	11.0
0.8568353655253029	0.20960439174698373	0.0187812347846564	77.0	0.0	0.0	11.0
0.4712101598531881	0.1706402404425886	0.03070239719773619	68.0	0.0	0.0	11.0
0.32361688752506845	0.9567423618307697	0.0333156411231731	62.0	0.0	0.0	11.0
0.6237218050073613	0.27715887104190196	0.032987945115639086	8.0	0.0	0.0	11.0
0.7458924892370908	0.8227243758390875	0.033597827353559144	61.0	0.0	0.0	11.0
0.6670680783561017	0.7087631674421412	0.03220663066993288	29.0	0.0	0.0	11.0
0.7775347055386244	0.23419888360075383	0.029737375228216626	9.0	0.0	0.0	11.0
0.6083891884544178	0.11606238646379576	0.019822877518537365	81.0	0.0	0.0	11.0
0.32163203811735974	0.20085733483014243	0.03173622614962083	71.0	0.0	0.0	11.0
0.8285548630324916	0.09679905556787496	0.0328841250047564	10.0	0.0	0.0	11.0
0.6390129426374301	0.6343276415014779	0.030171316956079476	32.0	0.0	0.0	11.0
0.04790813411743863	0.8341978600558928	0.030668844947021406	63.0	0.0	0.0	11.0
0.2984562537311891	0.28559763401564836	0.03201063910695177	39.0	0.0	0.0	11.0
0.2487948017127097	0.9574857548631236	0.03358271580247802	2.0	0.0	0.0	11.0
0.8035464556919115	0.1653294473379589	0.0345884783151003	67.0	0.0	0.0	11.0
0.49038202370671574	0.039658186376996196	0.03136039746468755	64.0	0.0	0.0	11.0
0.12892966326776514	0.5372699111069167	0.03171209999464977	16.0	0.0	0.0	11.0
0.478709339638354	0.5750940563220257	0.01817721767768502	84.0	0.0	0.0	11.0
0.5606440853283556	0.14543381856814924	0.019822877518537365	82.0	0.0	0.0	11.0
0.9690911502271186	0.219659280756446	0.03185828860507247	33.0	0.0	0.0	11.0
0.9270985959686582	0.0450248062343868	0.034725383332644175	37.0	0.0	0.0	11.0
0.822016547489883	0.4100136064034735	0.03171358909843277	74.0	0.0	0.0	11.0
0.6853626255050639	0.5521941099609087	0.032504190542502774	55.0	0.0	0.0	11.0
0.5969424300415849	0.9290399245876269	0.03327221315632664	38.0	0.0	0.0	11.0
0.11666954332608269	0.27005063073694624	0.032920823964810254	46.0	0.0	0.0	11.0
0.8083005240805331	0.6361350035613608	0.034636470864966074	6.0	0.0	0.0	11.0
0.9101354484771274	0.20617275401359123	0.0187812347846564	78.0	0.0	0.0	11.0
0.5359672052678359	0.8791262472615358	0.03320608841060713	21.0	0.0	0.0	11.0
0.5069251432654712	0.807637366264601	0.03150184607204104	19.0	0.0	0.0	11.0
0.45762879355810065	0.26663047622659786	0.03227872538639216	18.0	0.0	0.0	11.0
0.367925074151982	0.2743228054804273	0.03072103930879274	48.0	0.0	0.0	11.0
0.31716992783252224	0.3681130033553875	0.03173617907553439	54.0	0.0	0.0	11.0
0.538105620923596	0.19888338741311135	0.03243841510134357	17.0	0.0	0.0	11.0
0.3008121905101645	0.12446572195793427	0.032382898323181974	50.0	0.0	0.0	11.0
0.04282088310040099	0.7600164889988168	0.03264763457753668	35.0	0.0	0.0	11.0
0.40390569245296276	0.1994972888229417	0.03521413273205199	49.0	0.0	6.283898306946867e-05	11.0
0.533975986958396	0.30601224705395463	0.032976078457657695	30.0	0.0	0.0	11.0
0.3528696829229293	0.4345179641319583	0.03463940272815091	45.0	0.0	0.0	11.0
0.46926074236665927	0.735319553260881	0.031026900874663973	11.0	0.0	0.0	11.0
0.4603653321479915	0.3376837697094135	0.03165234401881154	4.0	0.0	0.0	11.0
0.2762418803251198	0.867131293958942	0.03285961773688822	65.0	0.0	0.0	11.0
0.8227663079327759	0.8737965463757191	0.03029342820179472	53.0	0.0	0.0	11.0
0.9114653110606334	0.11889099778033427	0.03406503056235308	58.0	0.0	0.0	11.0
0.7089839362061054	0.28089577476734084	0.03235816771709264	57.0	0.0	0.0	11.0
0.2383300165071473	0.23777855795501765	0.03455564417285527	13.0	0.0	0.0	11.0
0.7105591463219371	0.19396351676247073	0.031110217128394485	43.0	0.0	0.0	11.0
0.5445859894666872	0.5942411210833559	0.03321474462303801	15.0	0.0	0.0	11.0
0.1025112562253694	0.39161338662506207	0.03533223843791871	52.0	0.0	0.0002347089240402056	11.0
0.6178888313515359	0.5215173593515054	0.03290795449581656	60.0	0.0	0.0	11.0
0.43629779165632193	0.41633144433742014	0.03370997624204507	44.0	0.0	0.0	11.0
0.72278037822594	0.4348028714847004	0.03299946184399859	72.0	0.0	0.0	11.0
0.10323968078199268	0.1510998755680296	0.03274130285019264	66.0	0.0	0.0	11.0
0.5129341934498605	0.09961539780430306	0.03177853089049378	34.0	0.0	0.0	11.0
