# x	y	r	id	split_id	s_prob	t
2.0	0.5	0.0	-1.0	0.0	0.0	0.0
0.2257348586269596	0.6392891615518326	0.10793452720525674	1.0	0.0	2483.0158395788726	0.0
0.6969263977163845	0.5181569580322251	0.09961839660814824	2.0	0.0	1726.825712401574	0.0
0.07941285673226756	0.33813653792232895	0.07941285673226756	3.0	0.0	560.6684272810452	0.0
0.47063351149495614	0.55491169003917	0.11737546505197408	4.0	0.0	3577.4503268129665	0.0
0.7886936267110954	0.7428067185654054	0.1178652210571347	5.0	0.0	3641.638683615944	0.0
0.27075026813722625	0.4139918661800647	0.11002384591183204	6.0	0.0	2702.5761773882573	0.0
0.2337395719133159	0.866278454642897	0.11633457772637068	7.0	0.0	3443.543889980803	0.0
0.5873691254383911	0.8700367284408986	0.11621858033756936	8.0	0.0	3428.8315976128997	0.0
0.5107860235663025	0.11836460410761669	0.1069084472540181	9.0	0.0	2379.686281079343	0.0
0.6033992992410838	0.31711345445702177	0.10560574139718001	10.0	0.0	2252.6827171406926	0.0
0.23160748423027452	0.8772261932210971	0.11645091230409704	7.0	0.0	3458.341157024295	1.0
0.5122150429577129	0.1100390416417173	0.1070153557012721	9.0	0.0	2390.3159219332993	1.0
0.6900887182773141	0.514371862307016	0.09971801500475637	2.0	0.0	1734.8244690746842	1.0
0.08205225261933564	0.34080097782047986	0.07949226958899981	3.0	0.0	563.6813346447946	1.0
0.5996072725539053	0.31676632019253714	0.10571134713857719	10.0	0.0	2262.805926317174	1.0
0.21371129670938738	0.6414802097663469	0.10804246173246199	1.0	0.0	2494.0558761609527	1.0
0.7915849489023561	0.7432004935038391	0.11798308627819183	5.0	0.0	3657.200098169438	1.0
0.27157595519084493	0.410758289556872	0.11013386975774385	6.0	0.0	2714.48375559188	1.0
0.5874737941463243	0.8667127817641566	0.11633479891790692	8.0	0.0	3443.571984483382	1.0
0.46610411284800596	0.563261001994376	0.11749284051702603	4.0	0.0	3592.7644799555983	1.0
0.6936390543846356	0.5114826420192827	0.09981773301976112	2.0	0.0	1742.8559239327462	2.0
0.06212424849699398	0.7695390781563125	0.04148296593186372	-2.0	-1.0	1.743818144198002	2.0
0.580027469726023	0.877495059506514	0.11645113371682482	8.0	0.0	3458.369360127575	2.0
0.8093668622159057	0.7560685662598942	0.11810106936447001	5.0	0.0	3672.8214088129243	2.0
0.4462835741612003	0.5538364316904961	0.11761033335754305	4.0	0.0	3608.1376545042694	2.0
0.08140667687022247	0.343961915148753	0.0795717618585888	3.0	0.0	566.708045596855	2.0
0.5069001339821547	0.10927337885632805	0.10712237105697336	9.0	0.0	2400.987846658836	2.0
0.595115950910826	0.32341906614561083	0.10581705848571575	10.0	0.0	2272.96958691306	2.0
0.23633312785605878	0.8840689251796578	0.11656736321640113	7.0	0.0	3473.195614533871	2.0
0.21746827675802818	0.6418958221946445	0.10815050419419443	1.0	0.0	2505.139677714977	2.0
0.260506200833647	0.4192017728762903	0.11024400362750159	6.0	0.0	2726.438219134873	2.0
0.795679402424856	0.7359798129672337	0.11821917043383447	5.0	0.0	3688.502827316131	3.0
0.26659897211422023	0.41473395853524053	0.11035424763112907	6.0	0.0	2738.4397362672953	3.0
0.20970698458443285	0.642360578460528	0.10825865469838862	1.0	0.0	2516.267401991218	3.0
0.515975447308122	0.0883485705428973	0.10722949342803033	9.0	0.0	2411.7022080124784	3.0
0.45308753194501267	0.5467730101832814	0.11772794369090057	4.0	0.0	3623.5700593144884	3.0
0.06848437578423845	0.3405936875830437	0.07965133362044738	3.0	0.0	569.748614850748	3.0
0.576105241161496	0.866624277789508	0.11656758485054164	8.0	0.0	3473.223926622903	3.0
0.5682420360031608	0.31642784989707057	0.10592287554420146	10.0	0.0	2283.173845497004	3.0
0.6842406053361988	0.5094844360909063	0.09991755075278086	2.0	0.0	1750.9201972307142	3.0
0.23650726036270417	0.886369423403102	0.11668393057961751	7.0	0.0	3488.107465259899	3.0
0.5691530244957689	0.31963189623361393	0.10602879841974565	10.0	0.0	2293.4188491329933	4.0
0.20508000832208323	0.6304823193337522	0.108366913353087	1.0	0.0	2527.4392072714345	4.0
0.5136627376535783	0.0909976025638313	0.10733672292145835	9.0	0.0	2422.459159266105	4.0
0.4542552282099054	0.5485453465799768	0.11784567163459146	4.0	0.0	3639.061903937751	4.0
0.07005014194285056	0.33521566117548146	0.07973098495406782	3.0	0.0	572.8030973145806	4.0
0.6871354061187909	0.5083252122705627	0.10001746830353363	2.0	0.0	1759.0174096335147	4.0
0.797342154571359	0.7320098303324307	0.11833738960426829	5.0	0.0	3704.2445661541274	4.0
0.2519349222582409	0.4044715579840893	0.11046460187876019	6.0	0.0	2750.488475804584	4.0
0.5891783567134268	0.6813627254509017	0.026052104208416832	-2.0	-1.0	0.0	4.0
0.23774391743673198	0.8933118359385863	0.11680061451019712	7.0	0.0	3503.07691262914	4.0
0.5690632478697132	0.8721372006557262	0.11668415243539217	8.0	0.0	3488.135886721015	4.0
0.5076070421363202	0.1074440596443798	0.1074440596443798	9.0	0.0	2433.258854208609	5.0
0.25081836744070624	0.406704669216965	0.11057506648063893	6.0	0.0	2762.5846071293763	5.0
0.8156416096619789	0.727485316249627	0.11845572699387255	5.0	0.0	3720.04683850958	5.0
0.23489521022939763	0.8931232454860887	0.1169174151247073	7.0	0.0	3518.104160746916	5.0
0.5637461486294408	0.8830524319112936	0.11680083658782754	8.0	0.0	3503.1054438499623	5.0
0.5600426057519152	0.31590378881594466	0.10613482721816538	10.0	0.0	2303.7047453819573	5.0
0.4515339730987941	0.5618694481626059	0.11796351730622603	4.0	0.0	3654.6133986237764	5.0
0.22335255652435873	0.6446011691113768	0.10847528026644007	1.0	0.0	2538.6552523705923	5.0
0.6859069869555082	0.5065701947315088	0.10011748577183716	2.0	0.0	1767.147682217377	5.0
0.07181491456144866	0.3392154964276101	0.07981071593902188	3.0	0.0	575.8715480916946	5.0
0.23765440200368312	0.6396363197688398	0.1085837555467065	1.0	0.0	2549.9156966385854	6.0
0.5228159964406378	0.10090457783579919	0.10755150370402417	9.0	0.0	2444.1014471475773	6.0
0.06739151614077114	0.33835551431319233	0.0798905266549609	3.0	0.0	578.9540224813162	6.0
0.8093545021261865	0.7403918334276434	0.11857418272086641	5.0	0.0	3735.909858275025	6.0
0.4654476034861773	0.5566885653140033	0.11808148082353224	4.0	0.0	3670.2247543227445	6.0
0.23539248051843176	0.8980430832550919	0.11703433253983199	7.0	0.0	3533.1894143992918	6.0
0.5584074222165166	0.3171510292207282	0.10624096204538352	10.0	0.0	2314.0316823033736	6.0
0.6893478322276392	0.5038413679945176	0.10021760325760898	2.0	0.0	1775.3111364711697	6.0
0.2543481678313024	0.4045055230588468	0.11068564154711956	6.0	0.0	2774.72830019334	6.0
0.34669338677354705	0.33266533066132264	0.09879759519038075	-2.0	-1.0	1661.8541261252713	6.0
0.5717937683855444	0.8682287055364931	0.11691763742441535	8.0	0.0	3518.13280211636	6.0
0.5207249672924743	0.10166647856750828	0.10765905520772817	9.0	0.0	2454.9870929109557	7.0
0.6920377016667055	0.504977934868101	0.10031782086086657	2.0	0.0	1783.5078942977482	7.0
0.06959887008758828	0.33343666068761374	0.07997041718161585	3.0	0.0	582.0505759792096	7.0
0.46589621224315997	0.5519523284480068	0.11819956230435577	4.0	0.0	3685.896182687545	7.0
0.5762144253834054	0.8564434633928131	0.11703455506183975	8.0	0.0	3533.2181663075703	7.0
0.22610525203209686	0.9223361361475437	0.1171513668723718	7.0	0.0	3548.332879055259	7.0
0.5471698386754522	0.3271504555905854	0.10634720300742889	10.0	0.0	2324.399808456879	7.0
0.23987371190510684	0.4198726560379395	0.11079632718866667	6.0	0.0	2786.919725519008	7.0
0.2362335701814179	0.6621745087197177	0.1086923393022532	1.0	0.0	2561.2206999619602	7.0
0.7988854271856528	0.7457801712347547	0.11869275690358726	5.0	0.0	3751.8338400551484	7.0
0.549389394457666	0.32810266220351225	0.10645355021043632	10.0	0.0	2334.809272903891	8.0
0.5258620867898929	0.10776671426293588	0.10776671426293588	9.0	0.0	2465.91594684874	8.0
0.23209268709869724	0.9135485226863951	0.11726851823924417	7.0	0.0	3563.5347608689294	8.0
0.24626178680515964	0.4104843781149398	0.11090712351585533	6.0	0.0	2799.159054201619	8.0
0.2241273182106597	0.6468531478186679	0.10880103164155544	1.0	0.0	2572.5704227656543	8.0
0.5681812484809275	0.8621225145114658	0.11715158961690159	8.0	0.0	3548.3617418938848	8.0
0.6925887966242879	0.5085973887802899	0.10041813868172743	2.0	0.0	1791.7380780152964	8.0
0.7989097273384775	0.7677763778705626	0.11881144966049083	5.0	0.0	3767.8189991690674	8.0
0.06599352135414374	0.339264319662479	0.08005038759879746	3.0	0.0	585.1612642783319	8.0
0.4701464561472054	0.5548301699856272	0.11831776186666011	4.0	0.0	3701.627896076031	8.0
0.6904144812378555	0.5094207936042444	0.10051855682040914	2.0	0.0	1800.0018103586779	9.0
0.2414530738160475	0.6421033903582292	0.10890983267319698	1.0	0.0	2583.965026014728	9.0
0.5528364003653854	0.3371191623316219	0.10656000376064674	10.0	0.0	2345.2602252092274	9.0
0.8236604036672507	0.7609911205795653	0.1189302611101513	5.0	0.0	3783.8655516526196	9.0
0.2712760523942057	0.40190160237980077	0.11101803063937117	6.0	0.0	2811.4464579109613	9.0
0.09218436873747494	0.29659318637274545	0.048697394789579164	-2.0	-1.0	16.447272723848613	9.0
0.07433565078091789	0.32596799548364297	0.08013043798639624	3.0	0.0	588.2861432694903	9.0
0.5680850936661508	0.8570321508799033	0.11726874120651848	8.0	0.0	3563.563735030722	9.0
0.5438099887327452	0.09460556148050524	0.1078744809771988	9.0	0.0	2476.8881648346605	9.0
0.47158537426013836	0.5564783406278746	0.11843607962852676	4.0	0.0	3717.420107553279	9.0
0.22352239869752505	0.9028116295700004	0.1173857867574834	7.0	0.0	3578.795266681732	9.0
0.5480221543998957	0.334830011654192	0.10666656376440738	10.0	0.0	2355.752815442738	10.0
0.5692851278191702	0.8509617298815081	0.11738600994772498	8.0	0.0	3578.8243525608186	10.0
0.27078501702758173	0.4213960813782574	0.11112904867001053	6.0	0.0	2823.7821088932287	10.0
0.0707933128098126	0.32175239386918186	0.08021056842438262	3.0	0.0	591.4252690420005	10.0
0.7088503655525404	0.5036097538776803	0.10061907537722954	2.0	0.0	1808.299214480793	10.0
0.4736808965786879	0.5514750770729424	0.11855451570815527	4.0	0.0	3733.2730308938617	10.0
0.5396701023399764	0.0970775129322088	0.10798235545817599	9.0	0.0	2487.903903267871	10.0
0.2225636863791914	0.8926899175987101	0.11750317254424088	7.0	0.0	3594.114604024622	10.0
0.22529974047205104	0.6554186963357509	0.10901874250587017	1.0	0.0	2595.4046712161153	10.0
0.8256535629931415	0.7660141757841233	0.11904919137126144	5.0	0.0	3799.9737142606646	10.0
0.7314941159947825	0.517916004550173	0.10071969445260676	2.0	0.0	1816.6304139539332	11.0
0.4672357203486006	0.5628302545239574	0.1186730702238634	4.0	0.0	3749.1868805841164	11.0
0.374749498997996	0.02004008016032064	0.030260521042084165	-2.0	-1.0	0.0	11.0
0.23466493798730237	0.6486078914152179	0.10912776124837603	1.0	0.0	2606.8895204203686	11.0
0.21819697767581833	0.8945486526234121	0.11762067571678511	7.0	0.0	3609.4929811202933	11.0
0.8279950403736817	0.7589741197212008	0.11916824056263269	5.0	0.0	3816.143704469387	11.0
0.5560120522939848	0.33012717744605996	0.10677323032817178	10.0	0.0	2366.2871941809376	11.0
0.5687891365383188	0.8533902556684434	0.11750339595767269	8.0	0.0	3594.1438020164446	11.0
0.05592979972388837	0.32114380125225034	0.080290778992807	3.0	0.0	594.5786978843497	11.0
0.27047188887749657	0.4192487721024826	0.11124017771868053	6.0	0.0	2836.1661799728795	11.0
0.5301859689430928	0.11481268461284877	0.10809033781363415	9.0	0.0	2498.963319074652	11.0
0.8302263054072321	0.7555152758899701	0.1192874088031953	5.0	0.0	3832.3757404786065	12.0
0.5588426909622404	0.3088421126460862	0.10688000355849994	10.0	0.0	2376.8635125086403	12.0
0.546839056972911	0.09164720758209996	0.10819842815144777	9.0	0.0	2510.0665697101067	12.0
0.06556726248624252	0.3159509526901058	0.0803710697717998	3.0	0.0	597.7464862848574	12.0
0.23142363316948164	0.643977104974624	0.1092368890096244	1.0	0.0	2618.4197362234145	12.0
0.7273655713558239	0.513002780688606	0.10082041414705935	2.0	0.0	1824.9955327711511	12.0
0.2666910025189722	0.41866091397265304	0.1113514178963992	6.0	0.0	2848.5988445544936	12.0
0.5654319088826661	0.8602821556656226	0.11762089935363035	8.0	0.0	3609.5222916216107	12.0
0.21436406449861534	0.8962253829173382	0.11773829639250188	7.0	0.0	3624.9306068853925	12.0
0.46975867047484693	0.558694201616047	0.11879174329408726	4.0	0.0	3765.161871824438	12.0
0.5634848707722986	0.3307532929166238	0.10698688356205843	10.0	0.0	2387.48192202061	13.0
0.7158098342448476	0.5051824357784619	0.1009212345612064	2.0	0.0	1833.3946953476222	13.0
0.05635845484936543	0.31304831205194805	0.08045144084157159	3.0	0.0	600.9286909323429	13.0
0.2121996063927255	0.896632064607561	0.11785603468889437	7.0	0.0	3640.4276909327573	13.0
0.8301534923495274	0.7532029637772089	0.11940669621199848	5.0	0.0	3848.670041214108	13.0
0.5780613228763792	0.8608789390479861	0.11773852025298397	8.0	0.0	3624.9600302942904	13.0
0.533066132264529	0.0	0.007414829659318636	-2.0	-1.0	0.0	13.0
0.2760939644708939	0.41827590585323027	0.11146276931429559	6.0	0.0	2861.080276624649	13.0
0.5334134589473033	0.1083066265795992	0.1083066265795992	9.0	0.0	2521.2138131598776	13.0
0.23371235611075603	0.6439122458205236	0.10934612589863402	1.0	0.0	2629.995481768314	13.0
0.49477531899724214	0.5460169407787845	0.11891053503738133	4.0	0.0	3781.1982205315567	13.0
0.06853024532356257	0.3225771683356254	0.08053189228241316	3.0	0.0	604.125368716792	14.0
0.5663738391111096	0.34096359064688364	0.10709387044562048	10.0	0.0	2398.142574823203	14.0
0.48690141835515804	0.5591098989853733	0.1190294455724187	4.0	0.0	3797.2961433408445	14.0
0.5705053501794862	0.883128528735532	0.11785625877323694	8.0	0.0	3640.4572276486433	14.0
0.22493960181028924	0.6438846300775413	0.10945547202453264	1.0	0.0	2641.6169207470302	14.0
0.8190083118659297	0.7434107855558386	0.11952610290821046	5.0	0.0	3865.026826329956	14.0
0.21802511459153767	0.890524780819814	0.11797389072358325	7.0	0.0	3655.9844435736395	14.0
0.5328669141087483	0.10455863777330121	0.10841493320617879	9.0	0.0	2532.405207941853	14.0
0.2742317315987475	0.41898112623653816	0.11157423208360988	6.0	0.0	2873.610650753792	14.0
0.7183107644454175	0.506269506739015	0.1010221557957676	2.0	0.0	1841.828026522019	14.0
0.23089761590335509	0.6435654875885328	0.10956492749655716	1.0	0.0	2653.2842174022003	15.0
0.5319527088656981	0.10168979357922436	0.10852334813938495	9.0	0.0	2543.64091310789	15.0
0.27177292308537926	0.4155607712827031	0.11168580631569347	6.0	0.0	2886.190142098123	15.0
0.7365297915905361	0.5027274252901335	0.10112317795156335	2.0	0.0	1850.2956515578892	15.0
0.5916823753865341	0.8930351173646575	0.11797411503201016	8.0	0.0	3656.0140939972543	15.0
0.4775045855408402	0.5560095410531976	0.1191484750179911	4.0	0.0	3813.4558576086165	15.0
0.21198572306960534	0.8894293539055934	0.11809186461430682	7.0	0.0	3671.601075819953	15.0
0.06880328533955016	0.33341706545750466	0.08061242417469557	3.0	0.0	607.3365767300271	15.0
0.81624897433317	0.7436809122371932	0.11964562901111865	5.0	0.0	3881.446316210837	15.0
0.562460653352138	0.324889609186148	0.10720096431606609	10.0	0.0	2408.845623536028	15.0
0.21442885771543085	0.4248496993987976	0.09058116232464929	-2.0	-1.0	1098.911827682658	16.0
0.06616939538792863	0.3337757801855539	0.08069303659887025	3.0	0.0	610.5623722663793	16.0
0.26998816270582876	0.41934491900141785	0.11179749212200915	6.0	0.0	2898.8189264014845	16.0
0.21385013444477483	0.8944965662522293	0.11820995647892112	7.0	0.0	3687.2777993865184	16.0
0.8216349893217622	0.7445531016533941	0.11976527464012976	5.0	0.0	3897.9287319744003	16.0
0.22426736513980908	0.6413834646887189	0.10967449242405371	1.0	0.0	2664.9975365289065	16.0
0.5349769535683094	0.10863187148752433	0.10863187148752433	9.0	0.0	2554.921088245539	16.0
0.4847309688778535	0.5527939648722647	0.11926762349300908	4.0	0.0	3829.6775814144403	16.0
0.5979215110406185	0.8938049528980541	0.11809208914704215	8.0	0.0	3671.6308403533694	16.0
0.7397946256535757	0.502799378269742	0.1012243011295149	2.0	0.0	1858.7976961450315	16.0
0.5863661041866883	0.33538606189489545	0.10730816528038215	10.0	0.0	2419.591221293601	16.0
0.2119243361329244	0.8884532676079536	0.11832816643540002	7.0	0.0	3703.014826693315	17.0
0.22343877076414476	0.6438233735681568	0.10978416691647774	1.0	0.0	2676.7570434764684	17.0
0.48641524164984506	0.5500328158412792	0.11938689111650208	4.0	0.0	3845.9615335634567	17.0
0.07638516522817174	0.3206415821790139	0.08077372963546911	3.0	0.0	613.802812823362	17.0
0.7288044671965124	0.5093616690127543	0.10132552543064441	2.0	0.0	1867.3342864008873	17.0
0.5857010656535843	0.33320454370272284	0.10741547344566252	10.0	0.0	2430.37952174701	17.0
0.2653511049078258	0.4228818466427397	0.11190928961413114	6.0	0.0	2911.497179997248	17.0
0.5881228706227059	0.8994896516833144	0.11821018123618918	8.0	0.0	3687.30767843315	17.0
0.83472324683288	0.7669504304962648	0.11988503991476987	5.0	0.0	3914.4742954736016	17.0
0.5417881879002491	0.08815271932783283	0.10874050335901185	9.0	0.0	2566.245893479773	17.0
0.2259640222280736	0.6490073474722872	0.10989395108339421	1.0	0.0	2688.562904150223	18.0
0.5422205034865973	0.09099206002362319	0.10884924386237085	9.0	0.0	2577.615489474719	18.0
0.7299973101437662	0.4983986157103736	0.10142685095607504	2.0	0.0	1875.9055488719237	18.0
0.2111067992531493	0.8836902431160141	0.1184464946018354	7.0	0.0	3718.8123708677517	18.0
0.06897210868433004	0.33296823499361045	0.08085450336510457	3.0	0.0	617.0579561023478	18.0
0.9498997995991983	0.5731462925851702	0.015831663326653308	-2.0	-1.0	0.0	18.0
0.4814197917330867	0.553015629498971	0.11950627800761857	4.0	0.0	3862.3079335887032	18.0
0.5691434913761564	0.3395547924704217	0.10752288891910818	10.0	0.0	2441.2106790655885	18.0
0.5830234136251485	0.8922041609177291	0.11832839141742535	8.0	0.0	3703.044820657921	18.0
0.26315453411779544	0.4254627354314798	0.11202119890374526	6.0	0.0	2924.22507981022	18.0
0.8314909232161586	0.7599837315564767	0.12000492495468462	5.0	0.0	3931.083229299069	18.0
0.20634459365556915	0.8917836785511237	0.11856494109643723	7.0	0.0	3734.6706457469268	19.0
0.8170829159243512	0.7537886375547856	0.1201249298796393	5.0	0.0	3947.755756781458	19.0
0.7264119184834906	0.49516758864639404	0.1015282778070311	2.0	0.0	1884.5116105350319	19.0
0.26140088316350046	0.41696042082431417	0.11213322010264899	6.0	0.0	2937.002803358544	19.0
0.53917137344609	0.07737921918695792	0.10895809310623321	9.0	0.0	2589.030037435407	19.0
0.4772698443105123	0.5665163687077269	0.11962578428562617	4.0	0.0	3878.7170017534536	19.0
0.5783233539204071	0.8952571165886997	0.11844671980884276	8.0	0.0	3718.8424801564365	19.0
0.04959250409489183	0.3257684308989449	0.08093535786846966	3.0	0.0	620.3278600092465	19.0
0.22892419296937094	0.6554331404732721	0.11000384503447759	1.0	0.0	2700.415285013323	19.0
0.5656649837599012	0.3342303916622792	0.10763041180802727	10.0	0.0	2452.0848479385845	19.0
0.05471295278518623	0.3273470396001527	0.08101629322633812	3.0	0.0	623.6125826551855	20.0
0.26108898589805124	0.4018289711810923	0.11224535332275162	6.0	0.0	2949.830528755612	20.0
0.5554907441992137	0.07108137672324731	0.10906705119933943	9.0	0.0	2600.4896991095125	20.0
0.7265032388761672	0.4922675421879068	0.10162980608483811	2.0	0.0	1893.1525987989226	20.0
0.4792498442769476	0.5679492169719046	0.11974541006991178	4.0	0.0	3895.1889590535493	20.0
0.5756491657915088	0.8946669613786958	0.1185651665286516	8.0	0.0	3734.7008707671494	20.0
0.805654018404531	0.763958298925531	0.12024505480951893	5.0	0.0	3964.4921019938274	20.0
0.22852961947755285	0.6445038565886168	0.11011384887951206	1.0	0.0	2712.3143530885345	20.0
0.5659969888692471	0.316654290683539	0.10773804221983528	10.0	0.0	2463.00218357685	20.0
0.20029818663079915	0.8948000224304589	0.11868350603753365	7.0	0.0	3750.589865879909	20.0
0.5631725110057454	0.3154398336447757	0.1078457802620551	10.0	0.0	2473.9628417145154	21.0
0.5753839849257211	0.8972905784897316	0.11868373169518023	8.0	0.0	3750.620207040482	21.0
0.7016298200254655	0.506282305700398	0.10173143589092294	2.0	0.0	1901.8286415055306	21.0
0.0461010653055677	0.3123946014297836	0.08109730951956445	3.0	0.0	626.912182357193	21.0
0.22498703577734794	0.6500721174252927	0.11022396272839156	1.0	0.0	2724.2602759600436	21.0
0.48107480156096594	0.5690703198254436	0.11986515547998168	4.0	0.0	3911.7240272197564	21.0
0.8072522824293618	0.7626238508186133	0.12036529986432844	5.0	0.0	3981.2924897540156	21.0
0.20029818663079915	0.9190440527859347	0.11880218954357118	7.0	0.0	3766.5702465300205	21.0
0.5645855123961936	0.06743937413783868	0.10917611825053876	9.0	0.0	2611.9946367891034	21.0
0.2406271109667339	0.40279586536455064	0.11235759867607437	6.0	0.0	2962.708434711981	21.0
0.6966848515153103	0.4984006365244039	0.10183316732681386	2.0	0.0	1910.5398669314202	22.0
0.04379930598196286	0.31419656588527933	0.081178406829084	3.0	0.0	630.2267176388817	22.0
0.5658879282722987	0.0747509470019603	0.10928529436878928	9.0	0.0	2623.545013312406	22.0
0.2544746230934689	0.3819118729978443	0.11246995627475043	6.0	0.0	2975.636700537299	22.0
0.8043024327278064	0.7440371025133997	0.12048566516419275	5.0	0.0	3998.1571456270276	22.0
0.22480674744338194	0.6529319721054098	0.11033418669111994	1.0	0.0	2736.253221775264	22.0
0.5684620944157865	0.9050204218746062	0.1188024154268754	8.0	0.0	3766.600704241119	22.0
0.5495436700500927	0.31225166564403356	0.10795362604231715	10.0	0.0	2484.966978610691	22.0
0.20781581242028224	0.9205547831717855	0.11892099173311474	7.0	0.0	3782.612003677125	22.0
0.4762554823970517	0.5673486132767612	0.11998502063546165	4.0	0.0	3928.3224287201137	22.0
0.8180551058099346	0.7527259983317678	0.12060615082935693	5.0	0.0	4015.0862959274314	23.0
0.7011856905445198	0.5069883474691417	0.10193500049414066	2.0	0.0	1919.2864037891954	23.0
0.22914115536648938	0.6568877180697801	0.11044452087781105	1.0	0.0	2748.2933592466607	23.0
0.2509188665206413	0.3928319686124768	0.11258242623102517	6.0	0.0	2988.615506142231	23.0
0.21771388308938244	0.9217760880023923	0.11903991272484785	7.0	0.0	3798.715354019929	23.0
0.5448019280351544	0.31042177007603666	0.10806157966835946	10.0	0.0	2496.0147510511542	23.0
0.050851095802409846	0.3120710570372996	0.08125958523591308	3.0	0.0	633.5562472311383	23.0
0.5670311693323908	0.07858753929898919	0.10939457966315806	9.0	0.0	2635.140992065563	23.0
0.4719718631892082	0.5746478178560586	0.12010500565609711	4.0	0.0	3944.9843867622994	23.0
0.5575951656356924	0.9088256675238939	0.11892121784230227	8.0	0.0	3782.642578350289	23.0
0.7715430861723446	0.30861723446893785	0.03246492985971944	-2.0	-1.0	0.0	24.0
0.5539391062223784	0.07655196483161313	0.10950397424282121	9.0	0.0	2646.782736984401	24.0
0.5565068842873061	0.8986963495501664	0.11904013906014456	8.0	0.0	3798.7460460680686	24.0
0.5463615026235559	0.3119569889999039	0.1081696412480278	10.0	0.0	2507.106316350058	24.0
0.22042444498606006	0.6531397438288883	0.11055496539868885	1.0	0.0	2760.3808576535635	24.0
0.6943126881168571	0.5172134409033929	0.10203693549463479	2.0	0.0	1928.0683812289208	24.0
0.22109514856788778	0.9215094411426678	0.11915895263757269	7.0	0.0	3814.8805149782825	24.0
0.039154941401564766	0.31262374068417786	0.08134084482114898	3.0	0.0	636.9008300728108	24.0
0.46667834986679047	0.5753687519978617	0.12022511066175319	4.0	0.0	3961.710125295998	24.0
0.937875751503006	0.5170340681362725	0.03907815631262524	-2.0	-1.0	0.43408180049401324	24.0
0.24718783978257175	0.39296121368705855	0.11269500865725618	6.0	0.0	3001.645032040395	24.0
0.8267899839742621	0.7676735907429554	0.12072675698018627	5.0	0.0	4032.0801677217537	24.0
0.24329423381091805	0.6652772623434781	0.11066552036408753	1.0	0.0	2772.515886844	25.0
0.029496334765354126	0.3124717070491157	0.08142218566597012	3.0	0.0	640.260525311401	25.0
0.4664513581450327	0.5813749936890672	0.12034533577241494	4.0	0.0	3978.4998690152806	25.0
0.813627254509018	0.06813627254509018	0.03787575150300601	-2.0	-1.0	0.15220679470434106	25.0
0.5503491403630444	0.0784572415885655	0.10961347821706402	9.0	0.0	2658.4704125562066	25.0
0.20706641445409318	0.9375782830777541	0.11927811159021025	7.0	0.0	3831.1077046954956	25.0
0.5581716913046209	0.9055218234768415	0.11915917919920468	8.0	0.0	3814.911324815681	25.0
0.5325353390581298	0.3015480806156534	0.10827781088927582	10.0	0.0	2518.2418323516335	25.0
0.24930639848672914	0.3939522730716295	0.11280770366591342	6.0	0.0	3014.7254593503053	25.0
0.6935700764254615	0.5319452138861309	0.10213897243012941	2.0	0.0	1936.8859288395377	25.0
0.8214083821130795	0.7713652004580569	0.12084748373716644	5.0	0.0	4049.138988830893	25.0
0.24005228695085704	0.6885337532151814	0.11077618588445161	1.0	0.0	2784.698617236531	26.0
0.46819628514322004	0.5865131686536689	0.12046568110818734	4.0	0.0	3995.353843360989	26.0
0.8206387322658603	0.7469235588018581	0.1209683312209036	5.0	0.0	4066.2629878325333	26.0
0.5524689210079208	0.08445031133034639	0.10972309169528108	9.0	0.0	2670.204183821507	26.0
0.21014290880676	0.9470265149240313	0.11939738970180044	7.0	0.0	3847.397142040653	26.0
0.5437153267770758	0.3186417645412399	0.10838608870016508	10.0	0.0	2529.4214574319035	26.0
0.26537324637415566	0.4002691663646173	0.11292051136957931	6.0	0.0	3027.8569697973194	26.0
0.5503911264120942	0.9088093928235834	0.11927833837840388	8.0	0.0	3831.138632737816	26.0
0.6432865731462926	0.597194388777555	0.06112224448897795	-2.0	-1.0	114.08050726534888	26.0
0.014744928053006584	0.3156298715205569	0.08150360785163609	3.0	0.0	643.6353923037578	26.0
0.6925931247396385	0.5200352851156486	0.10224111140255954	2.0	0.0	1945.73917665029	26.0
0.5336503279224823	0.9289885694968574	0.11939761671678227	8.0	0.0	3847.4281887049415	27.0
0.20974785782968355	0.9440559183089758	0.11951678709150224	7.0	0.0	3863.749046610946	27.0
0.012872652316800706	0.31380990177869716	0.08158511145948771	3.0	0.0	647.0254906167731	27.0
0.5548781782808578	0.08038641298389977	0.10983281478697635	9.0	0.0	2681.984216375851	27.0
0.25150926599151424	0.6948003818206245	0.11088696207033605	1.0	0.0	2796.9292198220833	27.0
0.8209704939857881	0.7449906928522034	0.1210892995521245	5.0	0.0	4083.4523940635668	27.0
0.4720562858182575	0.5896142000549623	0.12058614678929551	4.0	0.0	4012.2722745231245	27.0
0.5439425347798094	0.3216434534085875	0.10849447478886523	10.0	0.0	2540.645350500402	27.0
0.6935378650865449	0.508518041835826	0.10234335251396208	2.0	0.0	1954.6282551321522	27.0
0.26682656448196496	0.40787212219773605	0.11303343188094887	6.0	0.0	3041.0397457155896	27.0
0.5549918221912817	0.07437018977226297	0.10994264760176331	9.0	0.0	2693.8106763716046	28.0
0.5260120787712734	0.9140325945442552	0.11951701433349904	8.0	0.0	3863.780212315634	28.0
0.01197821922631534	0.3374767618582904	0.08166669657094719	3.0	0.0	650.4308800280808	28.0
0.16432865731462926	0.18036072144288576	0.049098196392785565	-2.0	-1.0	17.93373063772853	28.0
0.8451414642132882	0.7323569984143997	0.1212103888516766	5.0	0.0	4100.707437622528	28.0
0.5474650662197031	0.33201602651639445	0.10860296926365408	10.0	0.0	2551.913671001896	28.0
0.2614376797600098	0.712491292079599	0.11099784903240638	1.0	0.0	2809.2078661658034	28.0
0.6897735131128023	0.5099435873632061	0.10244569586647603	2.0	0.0	1963.5532951992684	28.0
0.4368737474949899	0.41482965931863724	0.08056112224448897	-2.0	-1.0	605.2896010405474	28.0
0.2607562174041581	0.42033366168790837	0.1131464653128298	6.0	0.0	3054.273970050025	28.0
0.2080059720629332	0.9526926471386526	0.11963630387859372	7.0	0.0	3880.1636387340013	28.0
0.4780658121498264	0.5833720730069347	0.12070673293608479	4.0	0.0	4029.255389443257	28.0
0.009550325265828065	0.3310041225566286	0.08174836326751812	3.0	0.0	653.8516205267563	29.0
0.5494220852942555	0.06971981615263938	0.11005259024936506	9.0	0.0	2705.6837305197446	29.0
0.8584319014383662	0.7187704288413403	0.12133159924052828	5.0	0.0	4118.028349372032	29.0
0.22592145272095332	0.9649821037268308	0.1197559401824723	7.0	0.0	3896.641139470224	29.0
0.5307669344849162	0.9202258785599265	0.11963653134783253	8.0	0.0	3880.1949238989137	29.0
0.7074168242164918	0.4937430955195366	0.1025481415623425	2.0	0.0	1972.5144282103845	29.0
0.25544389739361784	0.7214668986873467	0.11110884688143877	1.0	0.0	2821.534728408901	29.0
0.5565873428791028	0.3223406820581224	0.10871157223291772	10.0	0.0	2563.2265789181124	29.0
0.47020339332236605	0.592038982035836	0.12082743966902086	4.0	0.0	4046.3034158169216	29.0
0.26205508538443445	0.4461003287653141	0.11325961177814262	6.0	0.0	3067.559826358255	29.0
