# x	y	r	id	split_id	s_prob	t
2.0	0.5	0.0	-1.0	0.0	0.0	0.0
0.5531256248500717	0.6094366541639179	0.1024825416730785	1.0	0.0	1966.7731405388129	0.0
0.8941108130977137	0.326615125200205	0.10586142396542071	2.0	0.0	2277.244174557028	0.0
0.15232820783396742	0.1856131662462727	0.1157623903866218	3.0	0.0	3371.3781500072278	0.0
0.6429996993902802	0.16276315876047545	0.1080497359991965	4.0	0.0	2494.801096165318	0.0
0.7686266747974426	0.8366821338835697	0.10882385554400884	5.0	0.0	2574.957960811314	0.0
0.32135338727145524	0.54238631422817	0.1148550538489973	6.0	0.0	3259.0212678932767	0.0
0.48662871314111134	0.3506385231072732	0.11220668234755612	7.0	0.0	2945.4024672568844	0.0
0.37487915688721724	0.9457886428493938	0.10249262611437837	8.0	0.0	1967.655002952204	0.0
0.5490311530527529	0.8216335656657232	0.10113741675850789	9.0	0.0	1851.4912236892467	0.0
0.6958413304598429	0.4315475507986323	0.10837428744438457	10.0	0.0	2528.201380842541	0.0
0.17021452052697092	0.8688857695175486	0.10769987114761244	11.0	0.0	2459.1266555962557	0.0
0.4771220496146335	0.35018778564679687	0.11231888902990367	7.0	0.0	2958.2630530693377	1.0
0.9055680734356537	0.3268676293102292	0.10596728538938611	2.0	0.0	2287.465503174515	1.0
0.31014804752576774	0.5337272833041986	0.11496990890284628	6.0	0.0	3273.1037966156337	1.0
0.697616101797737	0.4425327030789716	0.10848266173182894	10.0	0.0	2539.4204435381375	1.0
0.1684775658730092	0.8664042176390367	0.10780757101876004	11.0	0.0	2470.071936533688	1.0
0.6356069157568227	0.16367534080736248	0.10815778573519569	4.0	0.0	2505.8878513595732	1.0
0.7713736291385834	0.8371625343768736	0.10893267939955283	5.0	0.0	2586.362003128276	1.0
0.5376744691356394	0.587361901434551	0.10258502421475157	1.0	0.0	1975.7472911759826	1.0
0.5380852370991286	0.8087400059851921	0.10123855417526638	9.0	0.0	1859.9981269808836	1.0
0.156083403245075	0.18612459380224863	0.1158781527770084	3.0	0.0	3385.8962371842517	1.0
0.3719425235717848	0.9512042865009837	0.10259511874049274	8.0	0.0	1976.632718583038	1.0
0.5208066410986448	0.7979750465519695	0.10133979272944163	9.0	0.0	1868.5395937414658	2.0
0.15497847775254664	0.8542393209725154	0.10791537858977879	11.0	0.0	2481.0606407701116	2.0
0.7694872463909452	0.8420968369980714	0.10904161207895237	5.0	0.0	2597.8111213602506	2.0
0.3742117557551222	0.9541600017224964	0.10269771385923322	8.0	0.0	1985.6467195080527	2.0
0.6980342019735696	0.45137482257534817	0.10859114439356075	10.0	0.0	2550.6839162704646	2.0
0.9099721158366182	0.3182443510516774	0.10607325267477549	2.0	0.0	2297.7276386686685	2.0
0.5127775925700336	0.5847237755675806	0.10268760923896632	1.0	0.0	1984.7577140916567	2.0
0.3042187522277128	0.5100660851197667	0.11508487881174911	6.0	0.0	3287.2409782792283	2.0
0.4784606610706753	0.35429879965785865	0.11243120791893356	7.0	0.0	2971.173936865332	2.0
0.6320223082459119	0.16375434120559307	0.10826594352093087	4.0	0.0	2517.018539921069	2.0
0.16624691094966887	0.16097409502248372	0.1159940309297854	3.0	0.0	3400.4705244722873	2.0
0.9174415886494093	0.3458311317953194	0.10617932592745026	2.0	0.0	2308.0307288093068	3.0
0.5209129729881565	0.5768121642317335	0.10279029684820527	1.0	0.0	1993.8045416994769	3.0
0.6925351062041977	0.4395224992287349	0.1086997355379543	10.0	0.0	2561.991958962668	3.0
0.7710659687768733	0.8401190069969421	0.10915065369103132	5.0	0.0	2609.3054776720974	3.0
0.9238476953907815	0.5250501002004008	0.06152304609218437	-2.0	-1.0	119.41260538353751	3.0
0.14336835296437878	0.838918191054484	0.10802329396836856	11.0	0.0	2492.0929249043875	3.0
0.2824114841016998	0.5289840539095247	0.11519996369056085	6.0	0.0	3301.4330071617437	3.0
0.5215163092279393	0.7896881871977355	0.10144113252217106	9.0	0.0	1877.11575057801	3.0
0.1832483939775088	0.16815783492100514	0.11611002496071517	3.0	0.0	3415.101211316572	3.0
0.637398005337852	0.16198519331429925	0.1083742094644518	4.0	0.0	2528.19332016743	3.0
0.4910187316027118	0.34104587306592316	0.11254363912685247	7.0	0.0	2984.1352983481097	3.0
0.37340897737807544	0.9476182514411693	0.10280041157309244	8.0	0.0	1994.6971381850717	3.0
0.26588601509773335	0.5347707366330715	0.1153151636542514	6.0	0.0	3315.6800781900406	4.0
0.17452793662010477	0.16225626553999817	0.11622613498567587	3.0	0.0	3429.788497828126	4.0
0.3714431991195413	0.9408662806391057	0.10290321198466552	8.0	0.0	2003.7841075215365	4.0
0.7008825985644611	0.44928856992331556	0.10880843527349224	10.0	0.0	2573.3447320764	4.0
0.5012639569485594	0.33978533370298547	0.11265618276597932	7.0	0.0	2997.1473178232027	4.0
0.7688185724740996	0.8379343964772842	0.10925980434472234	5.0	0.0	2620.845234774418	4.0
0.5026730064585557	0.5792963016685561	0.10289308714505346	1.0	0.0	2002.8879068625554	4.0
0.920863361702258	0.3451210562084872	0.1062855052533777	2.0	0.0	2318.3749218654684	4.0
0.14279348371085065	0.8287834625954854	0.10813131726233692	11.0	0.0	2503.168946063146	4.0
0.6274191395642007	0.13897707822237731	0.10848258367391624	4.0	0.0	2539.4123509495976	4.0
0.532133356180672	0.7816952346683276	0.10154257365469321	9.0	0.0	1885.7267245281505	4.0
0.7100896482892891	0.4568773316742765	0.10891724370876572	10.0	0.0	2584.742396613558	5.0
0.15949214960100816	0.15151903933328464	0.11634236112066153	3.0	0.0	3444.532584785881	5.0
0.5031786909726592	0.33874900404361674	0.11276883894874529	7.0	0.0	3010.210176200365	5.0
0.2650295066399469	0.5415369953244084	0.11543047881790564	6.0	0.0	3329.982386942235	5.0
0.3732043260354212	0.9436344337341314	0.10300611519665018	8.0	0.0	2012.9077608759592	5.0
0.9188726406489484	0.34417447797371803	0.10639179075863106	2.0	0.0	2328.7603666070363	5.0
0.7565918233289207	0.8408758859571184	0.10936906414906705	5.0	0.0	2632.43055592532	5.0
0.4946249470890881	0.5692136592649989	0.10299598023219851	1.0	0.0	2012.0079428949357	5.0
0.5306824192902586	0.7784619760447223	0.10164411622834789	9.0	0.0	1894.3726430615402	5.0
0.6324418547814145	0.13732409705860862	0.10859106625759014	4.0	0.0	2550.6757916535607	5.0
0.14568828119701172	0.8165820309765943	0.10823944857959925	11.0	0.0	2514.2888619024907	5.0
0.7036123900590374	0.46227405083856166	0.10902616095247447	10.0	0.0	2596.185114118027	6.0
0.6498976387395999	0.13415796095248356	0.10869965732384772	4.0	0.0	2561.9838022020767	6.0
0.17191213169338707	0.1431138166454166	0.11645870348178218	3.0	0.0	3459.3336736388296	6.0
0.24360333499309178	0.5496510036246698	0.11554590929672352	6.0	0.0	3344.3401296497973	6.0
0.9063355059436361	0.3445921625399675	0.10649818254938968	2.0	0.0	2339.187212306349	6.0
0.1503221248647604	0.8136134006817556	0.10834768802817883	11.0	0.0	2525.4528306097104	6.0
0.491139545348895	0.5578293705357398	0.10309897621243069	1.0	0.0	2021.164783563049	6.0
0.7588031771132561	0.8329079543078726	0.10947843321321611	5.0	0.0	2644.0616049321816	6.0
0.5339083476040278	0.7651846174162862	0.10174576034457622	9.0	0.0	1903.0536340812534	6.0
0.49733822480643924	0.33836235280959426	0.11288160778769402	7.0	0.0	3023.324054995521	6.0
0.3719151049077443	0.9582233609357389	0.10310912131184681	8.0	0.0	2022.0682320593887	6.0
0.6473620135053945	0.13302966541007558	0.10880835698117156	4.0	0.0	2573.336543056411	7.0
0.1654229699689502	0.14966455103462176	0.11657516218526395	3.0	0.0	3474.191966508175	7.0
0.7770920647288164	0.8382951155376521	0.10958791164642931	5.0	0.0	2655.7385461534277	7.0
0.5791583166332664	0.45290581162324645	0.09979959919839679	-2.0	-1.0	1741.3935557461566	7.0
0.25997833959673344	0.5352638913037344	0.11566145520602024	6.0	0.0	3358.753503199649	7.0
0.703656425706544	0.45527966926070235	0.10913518711342693	10.0	0.0	2607.673046677432	7.0
0.5338561284715059	0.7741831223437327	0.10184750610492078	9.0	0.0	1911.7698259251931	7.0
0.1483650196191344	0.8079674303953186	0.108456035716207	11.0	0.0	2536.661010904994	7.0
0.3882539424876616	0.9507050808946248	0.10321223043315865	8.0	0.0	2031.2656553368786	7.0
0.4845883422718202	0.5592798907558663	0.10320207518864312	1.0	0.0	2030.3585630871896	7.0
0.4995115643125877	0.3429703874950436	0.11299448939548169	7.0	0.0	3036.489136332717	7.0
0.907295387815136	0.34095647815756724	0.10660468073193906	2.0	0.0	2349.65560873983	7.0
0.8917052668530671	0.3214251094794136	0.10671128541267098	2.0	0.0	2360.1657061896185	8.0
0.529914168656586	0.7815545216218954	0.1019493536110257	9.0	0.0	1920.5213473675024	8.0
0.14071095202034375	0.813360849506976	0.1085644917519232	11.0	0.0	2547.913562043151	8.0
0.6601572872725464	0.12881872658362575	0.10891716533815271	4.0	0.0	2584.734175218069	8.0
0.794478738163561	0.8515568449662715	0.10969749955807573	5.0	0.0	2667.4615445003083	8.0
0.25299788561993225	0.5351540137786991	0.11577711666122624	6.0	0.0	3373.2227051362643	8.0
0.3869177979614276	0.9564990302952605	0.1033154426635918	8.0	0.0	2040.500165428957	8.0
0.15093883776736514	0.13757122821907636	0.1166917373474492	3.0	0.0	3489.107666189494	8.0
0.7025573004132429	0.4493266633151876	0.10924432230054035	10.0	0.0	2619.206356924894	8.0
0.4956115854442213	0.5631936366118229	0.10330527726383175	1.0	0.0	2039.5894161429806	8.0
0.49945319705172064	0.33360833995875494	0.11310748388487717	7.0	0.0	3049.7056029460828	8.0
0.14644773616971835	0.15079588794208085	0.11680842908479663	3.0	0.0	3504.0809761548994	9.0
0.5282697791681984	0.7742131448745851	0.10205130296463671	9.0	0.0	1929.3083276199816	9.0
0.24023340089436196	0.523651115486438	0.11589289377788746	6.0	0.0	3387.747933663796	9.0
0.5007391959619568	0.328187916651001	0.11322059136876203	7.0	0.0	3062.973638181786	9.0
0.7194288513629752	0.4569617303254479	0.10935356662284088	10.0	0.0	2630.7852080407865	9.0
0.7849101478210823	0.854907454647015	0.1098071970576338	5.0	0.0	2679.230765438677	9.0
0.1341855433911486	0.8081857520733989	0.10867305624367511	11.0	0.0	2559.2106438153382	9.0
0.3951915625211278	0.9542308247498049	0.10341875810625538	8.0	0.0	2049.771897513108	9.0
0.6604687950345755	0.15355684118330326	0.10902608250349086	4.0	0.0	2596.1768602305488	9.0
0.47665418772880447	0.5670032857706577	0.10340858254109557	1.0	0.0	2048.8574778628545	9.0
0.8918478843749685	0.32425432558300815	0.10681799669808364	2.0	0.0	2370.717655445204	9.0
0.7264869556390827	0.47774527870696604	0.1094629201894637	10.0	0.0	2642.4097637545055	10.0
0.8942329744040945	0.3289979131628012	0.10692481469478171	2.0	0.0	2381.3116078050666	10.0
0.47503142482223826	0.5496859752437755	0.10351199112363665	1.0	0.0	2058.162883837533	10.0
0.24723264302790712	0.5289898052437885	0.11600878667166534	6.0	0.0	3402.3293876481794	10.0
0.7875821751765557	0.8457296897550961	0.10991700425469142	5.0	0.0	2691.0463749907854	10.0
0.1307319020332311	0.8040757049229109	0.10878172929991878	11.0	0.0	2570.5524165507954	10.0
0.5051987512027375	0.323960845407954	0.11333381196013077	7.0	0.0	3076.29342600001	10.0
0.654548353498018	0.15562998759428517	0.10913510858599433	4.0	0.0	2607.6647601810805	10.0
0.5266345949274377	0.7612690297639457	0.10215335426760135	9.0	0.0	1938.13089633351	10.0
0.36895960761513624	0.9641647645757065	0.10352217686436162	8.0	0.0	2059.08098722525	10.0
0.15598559372487233	0.15995120590937903	0.11692523751388141	3.0	0.0	3519.1121005552113	10.0
0.899721523859212	0.3250784776871934	0.10703173950947648	2.0	0.0	2391.947715078325	11.0
0.14685316473194585	0.1652494009434228	0.11704216275139528	3.0	0.0	3534.2012442221403	11.0
0.47696885328253436	0.5510101946777283	0.10361550311476028	1.0	0.0	2067.5057701175147	11.0
0.7933402013265536	0.8396931520737183	0.1100269212589461	5.0	0.0	2702.908539737076	11.0
0.36800715362025754	0.9596465345976065	0.10362569904122597	8.0	0.0	2068.427570661224	11.0
0.7437437549237247	0.4772562455505724	0.10957238310965316	10.0	0.0	2654.0801883462414	11.0
0.515696643069061	0.7747965794632079	0.10225550762186894	9.0	0.0	1946.9891835994702	11.0
0.4940979762587341	0.32053064651352187	0.11344714577209089	7.0	0.0	3089.665150976929	11.0
0.24488038171670484	0.5313053316095647	0.116124795458337	6.0	0.0	3416.9672666192673	11.0
0.5170340681362725	0.156312625250501	0.060320641282565125	-2.0	-1.0	103.89725556872351	11.0
0.6497889856910928	0.1573472492805751	0.10924424369458031	4.0	0.0	2619.198037702393	11.0
0.13473335372055714	0.8153886580289197	0.10889051102921868	11.0	0.0	2581.9390411185755	11.0
0.6564899794765375	0.1460637218397795	0.10935348793827489	4.0	0.0	2630.7768559744645	12.0
0.46522535181510555	0.5532676591423845	0.10371911861787503	1.0	0.0	2076.886273214563	12.0
0.5011337170245239	0.32847247706220667	0.11356059291786297	7.0	0.0	3103.0889983066854	12.0
0.13960188245243899	0.8325118069757116	0.10899940154024788	11.0	0.0	2593.370678929295	12.0
0.1501606065798999	0.16894290164999592	0.11715920491414666	3.0	0.0	3549.3486126704674	12.0
0.7943638888164632	0.8375576249935023	0.11013694818020503	5.0	0.0	2714.817426817985	12.0
0.36709760508438966	0.9614001205742623	0.10372932474026718	8.0	0.0	2077.8117843782857	12.0
0.524819886701164	0.7615763726221899	0.1023577631294908	9.0	0.0	1955.8833199511782	12.0
0.7263027301149527	0.4791856427203536	0.1096819554927628	10.0	0.0	2665.796646648753	12.0
0.23389236007039052	0.529596896802746	0.11624092025379532	6.0	0.0	3431.661770772961	12.0
0.9219734239859179	0.33798795739304893	0.10713877124898594	2.0	0.0	2402.6261295863865	12.0
0.47081771891020696	0.5475570074697239	0.1038228377364929	1.0	0.0	2086.304530103206	13.0
0.13485983112269906	0.1667608559834406	0.1172763641190608	3.0	0.0	3564.5544121002417	13.0
0.6612683817219523	0.14908270142583685	0.10946284142621315	4.0	0.0	2642.4013787262957	13.0
0.5024824227085728	0.32565892552434245	0.11367415351078082	7.0	0.0	3116.5651538033867	13.0
0.12918320169976547	0.8346055288547073	0.10910840094178811	11.0	0.0	2604.8474919368787	13.0
0.5097613923947325	0.7537055915169939	0.10246012089262027	9.0	0.0	1964.813436365319	13.0
0.39679358717434865	0.04208416833667334	0.04468937875751503	-2.0	-1.0	5.82194063026958	13.0
0.7965677949059345	0.8392386599743658	0.11024708512838523	5.0	0.0	2726.773203935748	13.0
0.9238303471427114	0.33129710724684347	0.10724591002023491	2.0	0.0	2413.347004164602	13.0
0.7120486552864393	0.4887018002656036	0.10979163744825556	10.0	0.0	2677.559304049155	13.0
0.2389065530317722	0.5292594676475125	0.1163571611740491	6.0	0.0	3446.4131009733514	13.0
0.3646237440652355	0.9664785973710989	0.10383305406500744	8.0	0.0	2087.2337653966015	13.0
0.9382010963599375	0.3316138211151197	0.10735315593025513	2.0	0.0	2424.110492163927	14.0
0.6632612915106182	0.14848201032515312	0.10957230426763935	4.0	0.0	2654.071770237678	14.0
0.22070545999072833	0.5280545167267142	0.11647351833522313	6.0	0.0	3461.221458754859	14.0
0.13610544778577044	0.816834909753428	0.10921750934272989	11.0	0.0	2616.369642640313	14.0
0.5118226060553367	0.7551972109441463	0.10256258101351289	9.0	0.0	1973.7796642633866	14.0
0.4772683581113799	0.541138547418859	0.10392666057422938	1.0	0.0	2095.760678222232	14.0
0.7066650387022843	0.48571293415373173	0.1099014290857038	10.0	0.0	2689.3683264907027	14.0
0.3817855959007138	0.9532166161078164	0.10393688711907244	8.0	0.0	2096.693651200744	14.0
0.498955592469385	0.3131143620576365	0.11378782766429159	7.0	0.0	3130.09380390309	14.0
0.7929900178356003	0.8398643587141585	0.1103573322135136	5.0	0.0	2738.7760393562085	14.0
0.13506165506950527	0.15607644791519912	0.11739364048317985	3.0	0.0	3579.8188493989796	14.0
0.38217244738801126	0.9507790982837375	0.1040408240061915	8.0	0.0	2106.1915797412044	15.0
0.9198396793587174	0.5150300601202404	0.02665330661322645	-2.0	-1.0	0.0	15.0
0.5161023630349941	0.7623137192436693	0.10266514359452639	9.0	0.0	1982.782135513124	15.0
0.4751832507368384	0.30370265278232517	0.11390161549195586	7.0	0.0	3143.675135665812	15.0
0.7862706985288539	0.8458433432901439	0.1104676895457271	5.0	0.0	2750.82610191064	15.0
0.9273630982664507	0.3296480212883057	0.10746050908618537	2.0	0.0	2434.9167474525952	15.0
0.47526242437787436	0.542514554906866	0.1040305872348036	1.0	0.0	2105.2548554761975	15.0
0.11338839377818649	0.8337142208935273	0.1093267268520726	11.0	0.0	2627.9372940854073	15.0
0.6633344019116135	0.16255497299418842	0.10968187657190698	4.0	0.0	2665.7881953409733	15.0
0.21396224659060503	0.5330648845775267	0.11658999185355834	6.0	0.0	3476.087046324398	15.0
0.7034481915856786	0.48329115845547377	0.1100113305147895	10.0	0.0	2701.2238804745903	15.0
0.12691344405448607	0.1489174131591604	0.11751103412366302	3.0	0.0	3595.1421321438693	15.0
0.7695390781563125	0.12424849699398796	0.0052104208416833666	-2.0	-1.0	0.0	16.0
0.68937875751503	0.31462925851703405	0.028857715430861717	-2.0	-1.0	0.0	16.0
0.5148671314874629	0.7472871332732997	0.1027678087381209	9.0	0.0	1991.8209824299734	16.0
0.9241970985074093	0.3314847817179931	0.10756796959527155	2.0	0.0	2445.76592441778	16.0
0.38418870388525295	0.9493392666291561	0.10414486483019768	8.0	0.0	2115.727689435901	16.0
0.7925169382697991	0.8323806839339486	0.11057815723527281	5.0	0.0	2762.9235609975694	16.0
0.47322665265639186	0.5325535184013821	0.1041346178220384	1.0	0.0	2114.787200236936	16.0
0.11846324477921266	0.8331204561220213	0.10943605357892466	11.0	0.0	2639.550609866557	16.0
0.12351795571947377	0.15217671695789362	0.11762854515778667	3.0	0.0	3610.524468603983	16.0
0.23127012614948297	0.5360917692088443	0.11670658184541188	6.0	0.0	3491.0100665635214	16.0
0.6826824864932411	0.18112705434250556	0.10979155844847888	4.0	0.0	2677.5508194228973	16.0
0.4864338257967285	0.29669328789430116	0.11401551710744781	7.0	0.0	3157.309336777533	16.0
0.7046386288451084	0.48618442973187614	0.11012134184530427	10.0	0.0	2713.126133061747	16.0
0.46752307696013784	0.5328950559293459	0.10423875243986042	1.0	0.0	2124.3578513450716	17.0
0.12230479795426676	0.16417932303479782	0.11774617370294445	3.0	0.0	3625.966067742504	17.0
0.7019338118840568	0.4817502294911573	0.11023146318714956	10.0	0.0	2725.075251874646	17.0
0.9196928489322981	0.3124995872621205	0.10767553756486681	2.0	0.0	2456.658177967277	17.0
0.22728540657415486	0.5410198848918177	0.11682328842725728	6.0	0.0	3505.990723030598	17.0
0.38961287719085674	0.9491171716366962	0.10424900969502786	8.0	0.0	2125.30211917169	17.0
0.11426680276600533	0.8407355753170292	0.10954548963250357	11.0	0.0	2651.209754128517	17.0
0.6943917676049925	0.17530095874328167	0.10990135000692734	4.0	0.0	2689.359808426304	17.0
0.7917822794961346	0.8376508459079249	0.11068873539250808	5.0	0.0	2775.068586584605	17.0
0.5123676402746061	0.7450346809556361	0.10287057654685901	9.0	0.0	2000.8963377785296	17.0
0.48023788254699173	0.2871731152252901	0.11412953262455525	7.0	0.0	3170.9965955522084	17.0
0.22318180585981148	0.535604628740544	0.11694011171568452	6.0	0.0	3521.0292199629826	18.0
0.6967875730560333	0.1748974967324828	0.11001125135693426	4.0	0.0	2701.215328851985	18.0
0.9218049755737849	0.3144271945816251	0.10778321310243166	2.0	0.0	2467.593663531191	18.0
0.4034211759114281	0.963412080673329	0.10435325870472288	8.0	0.0	2134.915008305891	18.0
0.4648185849698075	0.532333828253677	0.10434299119230027	1.0	0.0	2133.966948111542	18.0
0.7902621450442452	0.8401785710789292	0.11079942412790057	5.0	0.0	2787.2613492102673	18.0
0.496217511915817	0.7484923011396996	0.10297344712340585	9.0	0.0	2010.0083347739965	18.0
0.7053214976726034	0.4817822226129411	0.1103416946503367	10.0	0.0	2737.071405099113	18.0
0.13219420891998845	0.8261464705109495	0.10965503512213606	11.0	0.0	2662.9148915681735	18.0
0.4847757663994114	0.2835742615115995	0.11424366215717979	7.0	0.0	3184.737100933792	18.0
0.11047154134132381	0.16324615149407923	0.11786391987664738	3.0	0.0	3641.467139218944	18.0
0.9265112444134825	0.3196827993915778	0.10789099631553409	2.0	0.0	2478.572537063616	19.0
0.38617949931323126	0.9470692412207121	0.1044576119634276	8.0	0.0	2144.5664966678073	19.0
0.1980088825739306	0.5240213636648596	0.1170570518274002	6.0	0.0	3536.125762279194	19.0
0.49639945824592185	0.2878698966634621	0.11435790581933696	7.0	0.0	3198.531042498259	19.0
0.1269112695542926	0.8290360820597188	0.10976469015725819	11.0	0.0	2674.6661874363313	19.0
0.7052252224928991	0.17083452033472407	0.11012126260829119	4.0	0.0	2713.117547760466	19.0
0.10839233351454496	0.16305581415228254	0.117981783796524	3.0	0.0	3657.0278933913883	19.0
0.7755275995635491	0.8262121618479685	0.11091022355202847	5.0	0.0	2799.50201998584	19.0
0.7090826616163588	0.4827373315402632	0.11045203634498703	10.0	0.0	2749.114761486144	19.0
0.4691768454440544	0.5286008321030274	0.10444733418349256	1.0	0.0	2143.6146303191167	19.0
0.4944236911476749	0.7602736675044025	0.10307642057052925	9.0	0.0	2019.1571070836503	19.0
0.46910601327827744	0.5342259061715545	0.10455178151767604	1.0	0.0	2153.3010382239313	20.0
0.926877547695491	0.32382791600517324	0.1079988873118496	2.0	0.0	2489.5949550443315	20.0
0.19725054251056065	0.52600499045912	0.11717410887922759	6.0	0.0	3551.2805555811065	20.0
0.12790643248550293	0.8322283114060768	0.10987445484741544	11.0	0.0	2686.4638075394946	20.0
0.7778057205139893	0.8332085065332635	0.11102113377558048	5.0	0.0	2811.790770597204	20.0
0.4881610314180952	0.7626453125124355	0.10317949699109977	9.0	0.0	2028.3427888283018	20.0
0.7140918974800378	0.4777438394254232	0.11056248838133201	10.0	0.0	2761.2054903537282	20.0
0.12722259754382448	0.14651150591056972	0.11809976558032052	3.0	0.0	3672.6485413187297	20.0
0.7062810265049408	0.1690536062634437	0.11023138387089947	4.0	0.0	2725.0666327738136	20.0
0.5018998124223384	0.2924038771914467	0.11447226372515627	7.0	0.0	3212.378610455643	20.0
0.4091062078770748	0.9554229631407607	0.104562069575391	8.0	0.0	2154.2567245602563	20.0
0.13692960724662073	0.8449483160146573	0.10998432930226285	11.0	0.0	2698.307918241665	21.0
0.14477044675262066	0.14468204436523985	0.11821786534590083	3.0	0.0	3688.3292947629166	21.0
0.4934336668122088	0.7593603403930447	0.10328267648809085	9.0	0.0	2037.5655145837734	21.0
0.4966614446962153	0.2981075222180111	0.11458673598888142	7.0	0.0	3226.279995652072	21.0
0.7905225748696472	0.8231231671960924	0.11113215490935605	5.0	0.0	2824.1277733067004	21.0
0.47028201544218	0.5458609062710684	0.1046563332991937	1.0	0.0	2163.026312557017	21.0
0.9245493702078422	0.32551272667609504	0.10810688619916144	2.0	0.0	2500.661074480503	21.0
0.7140269306997201	0.475680700233207	0.11067305086971332	10.0	0.0	2773.343761588677	21.0
0.4061766184499455	0.957776524596119	0.10466663164496638	8.0	0.0	2163.9858327611055	21.0
0.7039906539427149	0.16866789951958733	0.11034161525477035	4.0	0.0	2737.062752077448	21.0
0.18836502842480202	0.5317766364214551	0.1172912829881068	6.0	0.0	3566.4938061561356	21.0
0.7061271744475862	0.16390689068968803	0.11045195687002511	4.0	0.0	2749.10607442196	22.0
0.47444519117509754	0.5471443925110727	0.10476098963249289	1.0	0.0	2172.7905945258426	22.0
0.21843687374749496	0.7755511022044087	0.05390781563126252	-2.0	-1.0	43.26174674480181	22.0
0.488168873544206	0.7629684409572874	0.10338595916457893	9.0	0.0	2046.8254193823711	22.0
0.7191454489663428	0.46500289623863256	0.11078372392058303	10.0	0.0	2785.5297456484577	22.0
0.4957448384554235	0.32236108783366774	0.11470132272487028	7.0	0.0	3240.2353895718143	22.0
0.3950177671714602	0.9713850162335077	0.10477129827661133	8.0	0.0	2173.753962524809	22.0
0.9152190945982613	0.3181131769918533	0.10821499308536059	2.0	0.0	2511.7710529083834	22.0
0.14425482193012387	0.14679603340138342	0.11833608321124671	3.0	0.0	3704.070366191215	22.0
0.13424066491737738	0.8452457777622684	0.11009431363156509	11.0	0.0	2710.198686466137	22.0
0.7864868353997416	0.8428833882935142	0.1112432870642654	5.0	0.0	2836.5132009549843	22.0
0.17603397498297602	0.5337734771887659	0.1174085742710949	6.0	0.0	3581.7657209794497	22.0
0.7135306355988734	0.17066357166921634	0.11056240882689512	4.0	0.0	2761.1967691249274	23.0
0.41914402587928634	0.9747224233710997	0.10487606957488793	8.0	0.0	2183.561255583953	23.0
0.5006469175453294	0.7722025141051514	0.1034893451237435	9.0	0.0	2056.122638714365	23.0
0.47338231339912573	0.5431114671718912	0.10486575062212537	1.0	0.0	2182.5940258158535	23.0
0.1471100784990136	0.1510438516588237	0.11845441929445795	3.0	0.0	3719.8719687784633	23.0
0.8977955911823646	0.18637274549098196	0.06793587174348696	-2.0	-1.0	228.65855906012027	23.0
0.13036693824822404	0.8455267322173504	0.11020440794519665	11.0	0.0	2722.1362796973062	23.0
0.9277387341355379	0.3100925824539982	0.10832320807844593	2.0	0.0	2522.925048395022	23.0
0.7800969669571862	0.8445919557611989	0.11135453035132965	5.0	0.0	2848.9472269628864	23.0
0.49970535807546423	0.3118025480601542	0.11481602404759514	7.0	0.0	3254.244984339329	23.0
0.17357987100141345	0.5486317028958767	0.11752598284536599	6.0	0.0	3597.096507716166	23.0
0.714903297157147	0.4644523291945939	0.11089450764450359	10.0	0.0	2797.7636135630323	23.0
0.5026321596510417	0.7745955033771534	0.10359283446886723	9.0	0.0	2065.4573085294774	24.0
0.9274176022116906	0.31326976195298956	0.10843153128652437	2.0	0.0	2534.1232195399803	24.0
0.7774477387006042	0.845790839925716	0.11146588488168097	5.0	0.0	2861.430025333285	24.0
0.7146817339974592	0.47324855581480973	0.11100540215214809	10.0	0.0	2810.0455369367064	24.0
0.7131264519017062	0.1735630314288632	0.110672971235722	4.0	0.0	2773.3350060727535	24.0
0.45121641632842724	0.555971052050795	0.10497061637274749	1.0	0.0	2192.436748592026	24.0
0.5219208797055197	0.3278790491435015	0.11493084007164273	7.0	0.0	3268.308972721329	24.0
0.15018554062934444	0.14805430908707612	0.1185728737137524	3.0	0.0	3735.7343164093472	24.0
0.4180990700235805	0.9714432740088557	0.10498094564446281	8.0	0.0	2193.4078541508034	24.0
0.17081841603371212	0.5496774552074902	0.11764350882821134	6.0	0.0	3612.4863747235713	24.0
0.12698675714552274	0.8304359139384024	0.11031461235314183	11.0	0.0	2734.1208659824724	24.0
0.7130184833582537	0.4722123127278236	0.11111640755430023	10.0	0.0	2822.3756879499765	25.0
0.5264680807725567	0.32873342623247953	0.11504577091171436	7.0	0.0	3282.4275481288396	25.0
0.9249733573192468	0.3121075353257148	0.10853996281781088	2.0	0.0	2545.365725477052	25.0
0.5009243764878183	0.7763194909077006	0.10369642730333609	9.0	0.0	2074.8295652383686	25.0
0.15657640484563784	0.1742559508530924	0.11869144658746614	3.0	0.0	3751.6576236806704	25.0
0.5490981963927856	0.9158316633266532	0.01002004008016032	-2.0	-1.0	0.0	25.0
0.41585242899900066	0.9699228597304099	0.10508592659010726	8.0	0.0	2203.2939009188603	25.0
0.7129691867063904	0.165237530177523	0.11078364420695772	4.0	0.0	2785.520955722493	25.0
0.11123418784021796	0.8256878675148184	0.11042492696549495	11.0	0.0	2746.152613933663	25.0
0.7555690668605443	0.8350478119246771	0.11157735076656264	5.0	0.0	2873.9617706529857	25.0
0.16056061230584362	0.53614089582886	0.11776115233703954	6.0	0.0	3627.9355310533447	25.0
0.47420315103228566	0.5588073431899703	0.10507558698912023	1.0	0.0	2202.3189055004145	25.0
0.7155664981471983	0.46925639837025884	0.11122752396185452	10.0	0.0	2834.7542393613876	26.0
0.1127269800673926	0.8203090509197941	0.11053535189246044	11.0	0.0	2758.231692729449	26.0
0.16206769234084797	0.14820650393740767	0.11881013803405359	3.0	0.0	3767.64210590365	26.0
0.7502943763995784	0.8545286685907676	0.1116889281173292	5.0	0.0	2886.542638094596	26.0
0.3937761004606507	0.9690189354374299	0.10519101251669737	8.0	0.0	2213.2195390644147	26.0
0.36472945891783565	0.21442885771543085	0.08216432865731463	-2.0	-1.0	671.4612352032874	26.0
0.16493901345667003	0.5551270415829239	0.11787891348937657	6.0	0.0	3643.444186453779	26.0
0.9117180823771261	0.32002234095737125	0.10864850278062868	2.0	0.0	2556.6527258759875	26.0
0.14629258517034066	0.6352705410821643	0.04889779559118236	-2.0	-1.0	17.179785351321982	26.0
0.522124386347956	0.32888389449477834	0.11516081668262607	7.0	0.0	3296.6009046192717	26.0
0.47514964662468817	0.5566981783761458	0.10518066257610934	1.0	0.0	2212.240639669712	26.0
0.7163793123311165	0.15812362511340616	0.11089442785116466	4.0	0.0	2797.7547891036943	26.0
0.5204526642727761	0.7737850149708436	0.1038001237306394	9.0	0.0	2084.2395457141333	26.0
0.39679358717434865	0.5170340681362725	0.09739478957915833	-2.0	-1.0	1554.6224940626284	26.0
0.5382611268877933	0.7766688451578231	0.10390392385437003	9.0	0.0	2093.6873872938013	27.0
0.912896782338038	0.3173046308513679	0.10875715128340929	2.0	0.0	2567.984380944224	27.0
0.3928552506782755	0.970794309924113	0.10529620352921405	8.0	0.0	2223.1849122481135	27.0
0.7263265273633015	0.49540786768760386	0.11133875148581636	10.0	0.0	2847.1813645094007	27.0
0.17604864002060644	0.5627478961932214	0.11799679240286594	6.0	0.0	3659.012551372024	27.0
0.09170620632595586	0.8367654574261721	0.1106458872443529	11.0	0.0	2770.3582721167727	27.0
0.5235360312923818	0.33208337025312784	0.11527597749930868	7.0	0.0	3310.8292368985035	27.0
0.14471954931314157	0.14345060909233767	0.11892894817208763	3.0	0.0	3783.687979106194	27.0
0.47441813165472463	0.5760541957511964	0.10528584323868544	1.0	0.0	2222.2020947128144	27.0
0.7167446666954882	0.1536696234275542	0.11100532227901581	4.0	0.0	2810.0366778202497	27.0
0.7476411781150515	0.8514507324120895	0.11180061704544651	5.0	0.0	2899.1728034184157	27.0
0.7611112077855742	0.8758942684310526	0.11191241766249195	5.0	0.0	2911.852442974333	28.0
0.4101295803548053	0.9709574477614366	0.10540149973274325	8.0	0.0	2233.1901646165284	28.0
0.15176960960507482	0.14896984732236673	0.1190478771202597	3.0	0.0	3799.7954600352055	28.0
0.5141187986482296	0.3142035099476581	0.11539125347680798	7.0	0.0	3325.112740322961	28.0
0.7149404284338473	0.1557362403585169	0.11111632760129482	4.0	0.0	2822.36679405224	28.0
0.9127539398498336	0.3152453275461945	0.1088659084346927	2.0	0.0	2579.3608514286257	28.0
0.4715027404389521	0.5618025757117766	0.1053911290819241	1.0	0.0	2232.2034147283853	28.0
0.1777082952275121	0.5537589871266839	0.11811478919526879	6.0	0.0	3674.6408369563205	28.0
0.7302845887390411	0.4909314121442805	0.11145009023730217	10.0	0.0	2859.657237314261	28.0
0.09558728572470472	0.8337663170792595	0.11075653313159724	11.0	0.0	2782.532522412781	28.0
0.5554597091232474	0.7676394026586729	0.10400782777822438	9.0	0.0	2103.173227779839	28.0
0.4709584504824336	0.5489070082972465	0.10549652021100601	1.0	0.0	2242.2447443024316	29.0
0.18141023832562644	0.5259221248620497	0.11823290398446404	6.0	0.0	3690.32925505826	29.0
0.7557314044761199	0.4825568367856924	0.11156154032753945	10.0	0.0	2872.1820322798653	29.0
0.09175501204570252	0.828141781799326	0.11086728966472882	11.0	0.0	2794.754614506665	29.0
0.1518927522628611	0.15092321889358917	0.11916692499737995	3.0	0.0	3815.9647661588906	29.0
0.41235885014301	0.9737866366065416	0.10550690123247598	8.0	0.0	2243.2354408037286	29.0
0.9126808475567809	0.3113758764826523	0.10897477434312737	2.0	0.0	2590.7822986172187	29.0
0.7253952301115288	0.1395295030387251	0.11122744392889611	4.0	0.0	2834.7453105577943	29.0
0.5188588891619299	0.3169541362691372	0.11550664473028478	7.0	0.0	3339.451610901708	29.0
0.5552221271789081	0.7550619930740468	0.1041118356060026	9.0	0.0	2112.6972054416588	29.0
0.766965824550039	0.867301589175745	0.11202433008015443	5.0	0.0	2924.5817337037197	29.0
