# x	y	r	id	split_id	s_prob	t
2.0	0.5	0.0	-1.0	0.0	0.0	0.0
0.40572634444111977	0.4337263557714909	0.1197413109782028	1.0	0.0	3894.6237615591913	0.0
0.46423226295775905	0.02598794880404011	0.02598794880404011	2.0	0.0	0.0	0.0
0.2620645550995364	0.16116952491223602	0.094264539498249	3.0	0.0	1332.1855433974874	0.0
0.1817610701138879	0.3823916411741183	0.0900814666244972	4.0	0.0	1069.5385934834585	0.0
0.8294690805343031	0.1876934761470418	0.11598131158503143	5.0	0.0	3398.868741062799	0.0
0.43785074171452376	0.663564365947969	0.10995307882737436	6.0	0.0	2694.935682994177	0.0
0.602834393155389	0.0690627818668107	0.0690627818668107	7.0	0.0	252.9416307261683	0.0
0.5557460005788569	0.26423684513818324	0.10156089987958301	8.0	0.0	1887.2851750911504	0.0
0.8206190733809048	0.1713917511112005	0.11609729289661645	5.0	0.0	3413.493230212137	1.0
0.46557949341007027	0.00956398541128083	0.029106502660524926	2.0	0.0	0.0	1.0
0.3870223359128645	0.425961651135904	0.119861052289181	1.0	0.0	3911.156664539688	1.0
0.6090306962649663	0.06809937095930198	0.0691318446486775	7.0	0.0	254.48328064404393	1.0
0.5525571948046427	0.2665444587219391	0.10166246077946259	8.0	0.0	1895.9374165636166	1.0
0.44119406134833156	0.6661144915107087	0.11006303190620172	6.0	0.0	2706.813168623047	1.0
0.17840366426445417	0.3836630777787835	0.09017154809112168	4.0	0.0	1074.79462219983	1.0
0.26066906488874114	0.15912139772173134	0.09435880403774724	3.0	0.0	1338.5524723103078	1.0
0.6085288336381176	0.05671900578069718	0.06920097649332617	7.0	0.0	256.0327330226952	2.0
0.5588097670264079	0.26025981526792485	0.10176412324024203	8.0	0.0	1904.624753661884	2.0
0.1814108998984174	0.4042475238626671	0.0902617196392128	4.0	0.0	1080.073124389673	2.0
0.469981392691181	0.0006701880275842148	0.03259928297978792	2.0	0.0	0.0	2.0
0.4583705806747857	0.6680869451357154	0.11017309493810791	6.0	0.0	2718.737431582571	2.0
0.26152216806952955	0.15693133231643897	0.09445316284178498	3.0	0.0	1344.946052659529	2.0
0.39571399197316237	0.4421777234650511	0.11998091334147017	1.0	0.0	3927.7528932227133	2.0
0.8230368807491203	0.17296225429197098	0.11621339018951306	5.0	0.0	3428.17429704078	2.0
0.44257257416473195	0.6652335083908132	0.1378540850413075	6.0	0.0	2730.708639759819	3.0
0.5613004650440158	0.2540288072228936	0.10186588736348226	8.0	0.0	1913.347314802516	3.0
0.18438821355156312	0.3795045606539093	0.090351981358852	4.0	0.0	1085.3741851748018	3.0
0.8307235127057575	0.16790025525270946	0.11632960357970255	5.0	0.0	3442.9121422542758	3.0
0.47252079817769344	0.0015236653220431105	0.035859211277766714	2.0	0.0	0.004059568560592197	3.0
0.3981865238096364	0.430854932222512	0.15012611781851454	1.0	0.0	3944.4126707905752	3.0
0.2644994362875575	0.16792718806212178	0.09454761600462676	3.0	0.0	1351.3663839953556	3.0
0.6070038151233853	0.045251587395135434	0.06927017746981949	7.0	0.0	257.5900208987032	3.0
0.4042499288193816	0.42552761225930863	0.14412107310577396	1.0	0.0	3961.136221167504	4.0
0.47710841267332266	0.011576752237145962	0.03980372451832106	2.0	0.0	0.7094376864982195	4.0
0.608851505166527	0.048238179888338346	0.0693394476472893	7.0	0.0	259.1551774303357	4.0
0.2497759172818787	0.1699324134941103	0.09464216362063138	3.0	0.0	1357.8135662104382	4.0
0.46776413079706824	0.6616409370772133	0.1323399216396552	6.0	0.0	2742.726961606072	4.0
0.5653261294408406	0.2547851923877139	0.10196775325084573	8.0	0.0	1922.1052288385706	4.0
0.8228680307236723	0.1671811392799122	0.11644593318328224	5.0	0.0	3457.706967227995	4.0
0.18342709321960915	0.3985710616307945	0.09044233334021085	4.0	0.0	1090.6978899721867	4.0
0.4711910003614954	0.6841477596871347	0.12682575823800288	6.0	0.0	2754.7925661386353	5.0
0.8197436669860915	0.17170521796427649	0.11656237911646551	5.0	0.0	3472.5589740092864	5.0
0.40445862375080915	0.42788922044007693	0.13811602839303336	1.0	0.0	3977.9237690220384	5.0
0.5761648336331093	0.26107328603414975	0.10206972100409656	8.0	0.0	1930.8986250610203	5.0
0.2536026632005738	0.17138158736702852	0.094736805784252	3.0	0.0	1364.2876995409945	5.0
0.47038152908743525	0.00581495101384377	0.03984352824283938	2.0	0.0	0.7272194458398644	5.0
0.16570886435068022	0.3859182732462299	0.09053277567355104	4.0	0.0	1096.0443244949201	5.0
0.5997386187924737	0.02982609005718962	0.06940878709493659	7.0	0.0	260.7282358979611	5.0
0.5754849292585803	0.021161435428609206	0.06947819588203151	7.0	0.0	262.30922970446346	6.0
0.8142819505450716	0.16222228201304453	0.11667894149558196	5.0	0.0	3487.4683653196284	6.0
0.40233771232855653	0.42346476100142555	0.1321109836802928	1.0	0.0	3994.775539769403	6.0
0.46303716862399036	0.01171523299225035	0.03988337177108221	2.0	0.0	0.7453141030011778	6.0
0.6042217807906235	0.2602781920424488	0.10217179072510064	8.0	0.0	1939.727633200172	6.0
0.1673139655821329	0.3836854780047308	0.09062330844922459	4.0	0.0	1101.4135747531946	6.0
0.25580772813660657	0.17143018432151813	0.09483154259003625	3.0	0.0	1370.7888845679302	6.0
0.47993440569947743	0.6944209349995936	0.12131159483635061	6.0	0.0	2766.905622942669	6.0
0.23248359011427475	0.1806003770108564	0.09492637413262628	3.0	0.0	1377.317222217968	7.0
0.47920805027922075	0.6991914558169521	0.11579743143469831	6.0	0.0	2779.0663021730115	7.0
0.4047504024853604	0.4167777901597487	0.1261059389675522	1.0	0.0	4011.6917595739055	7.0
0.1852302795324755	0.3701973350639861	0.0907139317576738	4.0	0.0	1106.8057270552722	7.0
0.6067066470288696	0.26202914666707033	0.10227396251582574	8.0	0.0	1948.5923834270948	7.0
0.44337616834045573	0.022469218519429603	0.03992325514285329	2.0	0.0	0.7637249939243418	7.0
0.601392126057791	0.01002196858625961	0.06954767407791354	7.0	0.0	263.8981923756591	7.0
0.8170041525744778	0.18010102441404263	0.11679562043707753	5.0	0.0	3502.4353445568026	7.0
0.6117260098529077	0.2756710808522761	0.10237623647834156	8.0	0.0	1957.4930063550507	8.0
0.5362194984288572	0.760080534893273	0.06428475721937991	11.0	6.0	160.73292860894966	8.0
0.43763765948421857	0.029752018174054318	0.03996317839799614	2.0	0.0	0.7824554712414482	8.0
0.41334019872961897	0.6397365467768111	0.06428475721937991	12.0	6.0	160.73292860894966	8.0
0.15779144219651037	0.3728834733061532	0.09080464568943146	4.0	0.0	1112.2208680084689	8.0
0.2320247923889177	0.1767832205583802	0.09502130050675889	3.0	0.0	1383.8728137647759	8.0
0.3989695065321542	0.5046545668906488	0.06759345652451713	10.0	1.0	221.6007536333882	8.0
0.8177775072698097	0.18258174940505484	0.1169124160575146	5.0	0.0	3517.460115797058	8.0
0.6139170404270083	0.005724479589425462	0.06961722175199145	7.0	0.0	265.4951575607131	8.0
0.43439980620342283	0.3186381334699068	0.06759345652451713	9.0	1.0	221.6007536333882	8.0
0.3889538611040098	0.4966511392835176	0.06766104998104164	10.0	0.0	222.98230509755484	9.0
0.43663125476638587	0.024301198958658878	0.04000314157639413	2.0	0.0	0.8015089043398405	9.0
0.5355868144257647	0.7560940476102039	0.06434904197659928	11.0	0.0	161.79375786927028	9.0
0.23200759640401483	0.17405190429920808	0.09511632180726563	3.0	0.0	1390.4557608301052	9.0
0.6043922260543425	0.28365625899851193	0.10247861271481988	8.0	0.0	1966.4296330409272	9.0
0.1659555349460231	0.37244616167179373	0.09089545033512088	4.0	0.0	1117.659084520134	9.0
0.41209999772076833	0.6322694574320371	0.06434904197659928	12.0	0.0	161.79375786927028	9.0
0.8157933251496177	0.2087951631462736	0.1170293284735721	5.0	0.0	3532.5428837972922	9.0
0.4367521172232145	0.3452570691098455	0.06766104998104164	9.0	0.0	222.98230509755484	9.0
0.6107891639988436	0.0033696847091278345	0.06968683897374343	7.0	0.0	267.1001590325598	9.0
0.23113048266794325	0.18563962350490562	0.09521143812907289	3.0	0.0	1397.0661653849238	10.0
0.6010884464230276	0.2844510764036793	0.10258109132753469	8.0	0.0	1975.4023949866837	10.0
0.38548098515376417	0.4984385969995441	0.06772871103102267	10.0	0.0	224.3709769271669	10.0
0.5370995597106247	0.7435081407804295	0.06441339101857588	11.0	0.0	162.86031232524286	10.0
0.15911044569587918	0.3626667215185736	0.09098634578545599	4.0	0.0	1123.1204637986361	10.0
0.42329862264645424	0.026980503972102013	0.04004314471797052	2.0	0.0	0.8208886794276822	10.0
0.43901173963512535	0.3460803995596067	0.06772871103102267	9.0	0.0	224.3709769271669	10.0
0.4152030759721857	0.6337210739560872	0.06441339101857588	12.0	0.0	162.86031232524286	10.0
0.6255169283888854	0.007507082624403373	0.06975652581271717	7.0	0.0	268.71323068832254	10.0
0.8105866518837087	0.1824569971485553	0.11714635780204566	5.0	0.0	3547.6838539972364	10.0
0.4166529124395743	0.6366045819895161	0.06447780440959444	12.0	0.0	163.93261728274447	11.0
0.823515664649464	0.18522500087618896	0.1172635041598477	5.0	0.0	3562.8832325216486	11.0
0.5433476913552249	0.7452633974613562	0.06447780440959444	11.0	0.0	163.93261728274447	11.0
0.41675207946056037	0.032516766546317896	0.04008318786268848	2.0	0.0	0.8405981995997962	11.0
0.43893589626311835	0.3340338528637786	0.06779643974205368	9.0	0.0	225.76679963834206	11.0
0.3815326804401115	0.4989257710944458	0.06779643974205368	10.0	0.0	225.76679963834206	11.0
0.14738398028393193	0.3787641529228212	0.09107733213124143	4.0	0.0	1128.605093354351	11.0
0.6246553220842332	0.009848809435888724	0.06982628233852987	7.0	0.0	270.3344065497354	11.0
0.6072444141055996	0.2988931978148089	0.10268367241886221	8.0	0.0	1984.4114241407883	11.0
0.2600933862381801	0.18737395982563348	0.09530664956720195	3.0	0.0	1403.7041297505605	11.0
