# x	y	r	id	split_id	s_prob	t
2.0	0.5	0.0	-1.0	0.0	0.0	0.0
0.6897820644436818	0.060727233854625445	0.033842157609159575	1.0	0.0	0.0	0.0
0.5964117583025794	0.7549966425441037	0.03159073519472693	2.0	0.0	0.0	0.0
0.3961697664181817	0.5559235727172924	0.03288979462336973	3.0	0.0	0.0	0.0
0.4691256051971802	0.46776086678252926	0.03413421059895377	4.0	0.0	0.0	0.0
0.6201438693890048	0.21027334957838476	0.03039590579856665	5.0	0.0	0.0	0.0
0.8619799098597074	0.8027391958917867	0.03172508094427227	6.0	0.0	0.0	0.0
0.44437766772446774	0.8199678407516318	0.034823466252978504	7.0	0.0	0.0	0.0
0.2436445609157668	0.31499050020697356	0.03210186787850534	8.0	0.0	0.0	0.0
0.8918197937942851	0.7154697067120064	0.029756613265362566	9.0	0.0	0.0	0.0
0.15328742895885036	0.9731417626617938	0.03382221246625262	10.0	0.0	0.0	0.0
0.9636782846871585	0.17601766120379433	0.03238580880070863	11.0	0.0	0.0	0.0
0.7377971576710505	0.8441205677520416	0.03431827862368556	12.0	0.0	0.0	0.0
0.7931634970477601	0.45688234722327953	0.03216553738960816	13.0	0.0	0.0	0.0
0.727530881742016	0.5922113231557977	0.03421680192739703	14.0	0.0	0.0	0.0
0.9435080728369347	0.7688539071888347	0.03347116123671118	15.0	0.0	0.0	0.0
0.07872941317259496	0.664329829206545	0.03278426163708177	16.0	0.0	0.0	0.0
0.18774191085620204	0.24844904140972743	0.034452486635268	17.0	0.0	0.0	0.0
0.3243392337152179	0.7389384975721652	0.03225510852670805	18.0	0.0	0.0	0.0
0.5541181418389783	0.06082391359620043	0.03338419074301743	19.0	0.0	0.0	0.0
0.12587184543536453	0.1742910633920695	0.03312870052777595	20.0	0.0	0.0	0.0
0.27487163197101533	0.1739693322892398	0.03142831271905367	21.0	0.0	0.0	0.0
0.39616350450516213	0.8981958100507743	0.03552642377000463	22.0	0.0	0.0009336550427150314	0.0
0.13394583355931544	0.7890264687622298	0.033313370059901426	23.0	0.0	0.0	0.0
0.6906229289375709	0.3883513434911707	0.03314339971346141	24.0	0.0	0.0	0.0
0.6292647170816317	0.9665810268665856	0.0340252298682984	25.0	0.0	0.0	0.0
0.8424006876174636	0.8708163033211042	0.03252180563922539	26.0	0.0	0.0	0.0
0.42298013697530046	0.25334934553628613	0.03032250896823155	27.0	0.0	0.0	0.0
0.03632171531284138	0.05503099378037972	0.030816016986593826	28.0	0.0	0.0	0.0
0.8123262143173495	0.753464505594672	0.033738472802975095	29.0	0.0	0.0	0.0
0.533674521523928	0.5032419626272961	0.033133819085504855	30.0	0.0	0.0	0.0
0.6952442162958015	0.6525332001528313	0.03336728477823386	31.0	0.0	0.0	0.0
0.24212377845576313	0.47598975929999243	0.030686718642101613	32.0	0.0	0.0	0.0
0.036945357928425994	0.613191134728607	0.0316532443920715	33.0	0.0	0.0	0.0
0.8232291542263944	0.31210659722552664	0.032444900084478756	34.0	0.0	0.0	0.0
0.9112923049780511	0.9399798652949433	0.033552280715644964	35.0	0.0	0.0	0.0
0.7558069725690474	0.3361099690172911	0.031218707302216122	36.0	0.0	0.0	0.0
0.8805619829354941	0.2510297328053495	0.03344267026049887	37.0	0.0	0.0	0.0
0.9067950066275744	0.3301173786038623	0.03088675549887946	38.0	0.0	0.0	0.0
0.6421457810622448	0.8162663031770926	0.03408956063825014	39.0	0.0	0.0	0.0
0.4199504216744762	0.9717805049938714	0.03207682704242426	40.0	0.0	0.0	0.0
0.4865916837649308	0.06999841655441039	0.032460786962849764	41.0	0.0	0.0	0.0
0.6357431942504846	0.8878158991032193	0.03543001093680509	42.0	0.0	0.0005088836275177755	0.0
0.03894795585460293	0.2688564550480467	0.03175304372649223	43.0	0.0	0.0	0.0
0.6447002577444144	0.5075057177437301	0.030643395334910496	44.0	0.0	0.0	0.0
0.5472731778674943	0.5823693057645618	0.03237659904618757	45.0	0.0	0.0	0.0
0.18521809052536437	0.08060855712442513	0.03278410777887168	46.0	0.0	0.0	0.0
0.08014626751799604	0.9524969876022847	0.033694503012767295	47.0	0.0	0.0	0.0
0.463870361239995	0.37233150970479645	0.031460386958085465	48.0	0.0	0.0	0.0
0.885722957739082	0.6418786950454991	0.031090682415413937	49.0	0.0	0.0	0.0
0.633743626098527	0.14259647992672608	0.03425875813179842	50.0	0.0	0.0	0.0
0.715266386191434	0.14741403625282384	0.033646760900024525	51.0	0.0	0.0	0.0
0.7901795248928429	0.07789462515161166	0.03335415131215232	52.0	0.0	0.0	0.0
0.2982516138583782	0.8115094864845134	0.03444207975086324	53.0	0.0	0.0	0.0
0.2665756314219877	0.10041524179214319	0.03641520128605071	54.0	0.0	0.018139888684075345	0.0
0.370679434995905	0.8149538728738706	0.030208693301175607	55.0	0.0	0.0	0.0
0.13888807316888796	0.8614425261022938	0.03317082703119663	56.0	0.0	0.0	0.0
0.5638067538841264	0.12882888476246032	0.03425648878226234	57.0	0.0	0.0	0.0
0.7676796672265737	0.2591360469111279	0.033529502577892965	58.0	0.0	0.0	0.0
0.4912376379413489	0.9311837733557645	0.031591233741711855	59.0	0.0	0.0	0.0
0.15928592051451482	0.5168237980077334	0.03406442123427537	60.0	0.0	0.0	0.0
0.8189382833791188	0.3769747285031121	0.032369874494850404	61.0	0.0	0.0	0.0
0.7763737440460021	0.5269095218707642	0.031074091647578066	62.0	0.0	0.0	0.0
0.10939201442896171	0.28172839460677546	0.03265433704060874	63.0	0.0	0.0	0.0
0.4094085496902377	0.4328326057828985	0.03417917614985016	64.0	0.0	0.0	0.0
0.3670102602355571	0.3852423462153508	0.029036355374614527	65.0	0.0	0.0	0.0
0.7232147808604201	0.7552111857239064	0.033698253541389625	66.0	0.0	0.0	0.0
0.7059756325965809	0.9157085507587601	0.03375858370284353	67.0	0.0	0.0	0.0
0.5319114733317298	0.41228955211846996	0.03192504965723522	68.0	0.0	0.0	0.0
0.9213851386748833	0.839096815022766	0.030014060229916234	69.0	0.0	0.0	0.0
0.6827167953637787	0.2419569670763382	0.036052823810360506	70.0	0.0	0.007468735315740105	0.0
0.08578323554379735	0.4782123925255503	0.02962519127780223	71.0	0.0	0.0	0.0
0.3362938134090394	0.4859680411493462	0.032857230466418544	72.0	0.0	0.0	0.0
0.10890247837739539	0.049673742899592144	0.03278603604628005	73.0	0.0	0.0	0.0
0.4779495534845265	0.5580272179934102	0.032867579331893056	74.0	0.0	0.0	0.0
0.4535386251389464	0.7466506544637138	0.03777042942481077	75.0	0.0	0.13608844373364093	0.0
0.2396292079934247	0.7684781460091752	0.031102457374409427	76.0	0.0	0.0	0.0
0.20091357547782537	0.15373366167595967	0.03260786042122276	77.0	0.0	0.0	0.0
0.5289993816246844	0.31010082355448576	0.03147280029814552	78.0	0.0	0.0	0.0
0.618722212642745	0.5749619065531738	0.031121618770717414	79.0	0.0	0.0	0.0
0.4621211436853695	0.6374208312638466	0.03459650263842572	80.0	0.0	0.0	0.0
0.7877648333143503	0.1539640249312103	0.035503699152763336	81.0	0.0	0.0008178876210394037	0.0
0.6418026676055714	0.44404078891373233	0.029745416929596254	82.0	0.0	0.0	0.0
0.3824476972600618	0.6894361250644179	0.03417083137940785	83.0	0.0	0.0	0.0
0.03525157330786381	0.5431446891662791	0.03394828508527728	84.0	0.0	0.0	0.0
0.6194181720273103	0.5731752568184764	0.031152740389488127	79.0	0.0	0.0	1.0
0.7899919177722686	0.1670359846194362	0.0355392028519161	81.0	0.0	0.0010033131761275627	1.0
0.7058820802041575	0.9266186837384142	0.033792342286546366	67.0	0.0	0.0	1.0
0.7484196908940715	0.8458727158189752	0.03435259690230925	12.0	0.0	0.0	1.0
0.7777934429592284	0.5275305774663407	0.03110516573922564	62.0	0.0	0.0	1.0
0.42365013704633303	0.2542220325283475	0.030352831477199776	27.0	0.0	0.0	1.0
0.6903606754285332	0.3873580223176512	0.03317654311317487	24.0	0.0	0.0	1.0
0.6230574291385326	0.20764775346637665	0.030426301704365215	5.0	0.0	0.0	1.0
0.7279025389875169	0.5887520757631074	0.03425101872932443	14.0	0.0	0.0	1.0
0.7552146097521678	0.33725202915790936	0.031249926009518335	36.0	0.0	0.0	1.0
0.08856963211505983	0.47017403470972136	0.02965481646908003	71.0	0.0	0.0	1.0
0.2748652610831809	0.18474069448811684	0.03145974103177272	21.0	0.0	0.0	1.0
0.8387020230617162	0.8757615641260948	0.03255432744486461	26.0	0.0	0.0	1.0
0.2411888025790905	0.7711470079846556	0.031133559831783834	76.0	0.0	0.0	1.0
0.8927748872802017	0.7164584580983244	0.029786369878627927	9.0	0.0	0.0	1.0
0.4209451068471582	0.9723084071005359	0.03210890386946668	40.0	0.0	0.0	1.0
0.4778961937098264	0.4728119213329041	0.03416834480955272	4.0	0.0	0.0	1.0
0.1109036848576615	0.28273760033419504	0.03268699137764934	63.0	0.0	0.0	1.0
0.39762216423947905	0.5556221756873483	0.0329226844179931	3.0	0.0	0.0	1.0
0.31475874481672567	0.7456893645141182	0.03228736363523475	18.0	0.0	0.0	1.0
0.8543668358976162	0.8075491121981739	0.031756806025216536	6.0	0.0	0.0	1.0
0.6369248184006893	0.13673671944324764	0.034293016889930215	50.0	0.0	0.0	1.0
0.32989699954114104	0.48570612099161614	0.03289008769688496	72.0	0.0	0.0	1.0
0.7231902128170569	0.7571622352523414	0.03373195179493101	66.0	0.0	0.0	1.0
0.18263131846736122	0.07709165296064478	0.03281689188665055	46.0	0.0	0.0	1.0
0.033982233370362554	0.538876346958067	0.033982233370362554	84.0	0.0	0.0	1.0
0.518606945655017	0.3133047595453996	0.03150427309844366	78.0	0.0	0.0	1.0
0.8043502298941885	0.7540429894549805	0.033772211275778063	29.0	0.0	0.0	1.0
0.911778718353687	0.9423614947135369	0.03358583299636061	35.0	0.0	0.0	1.0
0.352252668655241	0.3820859751655744	0.029065391729989138	65.0	0.0	0.0	1.0
0.03864740463428027	0.05253051744297559	0.030846833003580414	28.0	0.0	0.0	1.0
0.12487558525985322	0.17116472470386687	0.03316182922830373	20.0	0.0	0.0	1.0
0.24414095644847644	0.31407613897053716	0.03213396974638384	8.0	0.0	0.0	1.0
0.1381712212881282	0.8578163020496249	0.03320399785822782	56.0	0.0	0.0	1.0
0.6520526935469559	0.4393242621058072	0.029775162346525847	82.0	0.0	0.0	1.0
0.9639882702643433	0.17705793898870986	0.032418194609509336	11.0	0.0	0.0	1.0
0.4853409580960873	0.07013677691981882	0.03249324774981261	41.0	0.0	0.0	1.0
0.4787045825641675	0.5571513198995007	0.03290044691122494	74.0	0.0	0.0	1.0
0.49517904886779657	0.9294890621653753	0.031622824975453566	59.0	0.0	0.0	1.0
0.5327266735232853	0.41074178685697826	0.03195697470689245	68.0	0.0	0.0	1.0
0.551997510985652	0.5834431344817409	0.03240897564523375	45.0	0.0	0.0	1.0
0.15327949528146548	0.9718816207066384	0.033856034678718866	10.0	0.0	0.0	1.0
0.03762038143028446	0.26695977639899987	0.03178479677021872	43.0	0.0	0.0	1.0
0.29920856667981477	0.8109623319443027	0.0344765218306141	53.0	0.0	0.0	1.0
0.031684897636463566	0.6121810188109726	0.031684897636463566	33.0	0.0	0.0	1.0
0.07983424855618185	0.9555840062857461	0.03372819751578006	47.0	0.0	0.0	1.0
0.9496900669211189	0.7653192437707999	0.03350463239794788	15.0	0.0	0.0	1.0
0.7105530599524431	0.12985074068104543	0.03368040766092455	51.0	0.0	0.0	1.0
0.9038852007450721	0.3284046740330843	0.030917642254378336	38.0	0.0	0.0	1.0
0.1464365609197565	0.5111061253177841	0.03409848565550964	60.0	0.0	0.0	1.0
0.20364510740412167	0.15896675195492116	0.03264046828164398	77.0	0.0	0.0	1.0
0.38460178152004115	0.690346303371678	0.034205002210787254	83.0	0.0	0.0	1.0
0.10491715925111246	0.05166188112854608	0.032818822082326324	73.0	0.0	0.0	1.0
0.6370404357090527	0.8959579910132509	0.03546544094774189	42.0	0.0	0.0006453179398278053	1.0
0.46028327762494375	0.74394975640236	0.03780819985423558	75.0	0.0	0.14173072588081936	1.0
0.12525685803281067	0.7811962739761363	0.033346683429961325	23.0	0.0	0.0	1.0
0.8180722896835985	0.3874533252455169	0.03240224436934525	61.0	0.0	0.0	1.0
0.6910990235443091	0.059414413882974276	0.03387599976676873	1.0	0.0	0.0	1.0
0.5447218483988858	0.49881805734801576	0.033166952904590354	30.0	0.0	0.0	1.0
0.5906300072934761	0.7526269955359206	0.03162232592992165	2.0	0.0	0.0	1.0
0.2384048912975235	0.46870804040222874	0.030717405360743712	32.0	0.0	0.0	1.0
0.7898304297791826	0.07464537768946994	0.03338750546346447	52.0	0.0	0.0	1.0
0.796322199779837	0.455973494300803	0.032197702926997765	13.0	0.0	0.0	1.0
0.4004981458958721	0.9015892446437305	0.03556195019377463	22.0	0.0	0.0011357256908155478	1.0
0.6822731257180327	0.24321131532019746	0.03608887663417086	70.0	0.0	0.008262586318949161	1.0
0.9201219693614991	0.834758135273407	0.030044074290146147	69.0	0.0	0.0	1.0
0.8859809244073743	0.6394776372550386	0.031121773097829347	49.0	0.0	0.0	1.0
0.6513260767741174	0.5039356002065892	0.030674038730245403	44.0	0.0	0.0	1.0
0.6515226092185233	0.8137647887128807	0.03412365019888838	39.0	0.0	0.0	1.0
0.4015878233584964	0.4362258557614412	0.034213355326000006	64.0	0.0	0.0	1.0
0.769085401551253	0.2608745936872774	0.03356303208047085	58.0	0.0	0.0	1.0
0.46189907526325535	0.37232530429598026	0.031491847345043546	48.0	0.0	0.0	1.0
0.46049440626330906	0.6424167098694157	0.034631099141064145	80.0	0.0	0.0	1.0
0.5665311212978185	0.1293763694004752	0.0342907452710446	57.0	0.0	0.0	1.0
0.4426983954947019	0.8209994467542194	0.03485828971923148	7.0	0.0	0.0	1.0
0.5526068175972203	0.05795446485897674	0.03341757493376045	19.0	0.0	0.0	1.0
0.08986740370058481	0.668010815372051	0.03281704589871885	16.0	0.0	0.0	1.0
0.6280581310972292	0.9664244302833679	0.0340592550981667	25.0	0.0	0.0	1.0
0.8236034308180994	0.30285800698147824	0.03247734498456323	34.0	0.0	0.0	1.0
0.6888450924222057	0.6489805466173341	0.03340065206301209	31.0	0.0	0.0	1.0
0.18841121310005485	0.2476525302798569	0.034486939121903266	17.0	0.0	0.0	1.0
0.37464120987247596	0.8158543740720416	0.03023890199447678	55.0	0.0	0.0	1.0
0.8848787084099543	0.2568013655049357	0.03347611293075937	37.0	0.0	0.0	1.0
0.27523504892384004	0.09365827933810268	0.03645161648733676	54.0	0.0	0.01957652713463176	1.0
0.12538595024155316	0.7914480180514544	0.03338003011339128	23.0	0.0	0.0	2.0
0.37611982291294294	0.8130859037281902	0.030269140896471255	55.0	0.0	0.0	2.0
0.6197371028819526	0.5748437265008088	0.031183893129877613	79.0	0.0	0.0	2.0
0.9250253519848105	0.8269427488658109	0.03007411836443629	69.0	0.0	0.0	2.0
0.8994722607094434	0.7188987558439346	0.029816156248506552	9.0	0.0	0.0	2.0
0.7224293789133576	0.7437490200402412	0.03376568374672594	66.0	0.0	0.0	2.0
0.3964019049497594	0.5560494708732443	0.03295560710241109	3.0	0.0	0.0	2.0
0.7951188896946252	0.45329204568950343	0.03222990062992476	13.0	0.0	0.0	2.0
0.31733621322269107	0.7367368867668135	0.032319650998869985	18.0	0.0	0.0	2.0
0.732133882803419	0.5935987564685231	0.03428526974805375	14.0	0.0	0.0	2.0
0.745936132040197	0.841157351226675	0.034386949499211554	12.0	0.0	0.0	2.0
0.898574218325595	0.32852172163867494	0.030948559896632713	38.0	0.0	0.0	2.0
0.23615442419469004	0.46993897933230605	0.030748122766104453	32.0	0.0	0.0	2.0
0.12232474649256272	0.28125531954205546	0.032719678369026985	63.0	0.0	0.0	2.0
0.1011425715403555	0.6613742793709425	0.032849862944617565	16.0	0.0	0.0	2.0
0.27426261809516284	0.18631705690934175	0.03149120077280449	21.0	0.0	0.0	2.0
0.03678393491804079	0.26612595879147627	0.03181658156698893	43.0	0.0	0.0	2.0
0.6389528844443104	0.13301133137032628	0.03432730990682014	50.0	0.0	0.0	2.0
0.27480217183846156	0.09209854020759665	0.036488068103824094	54.0	0.0	0.02108863147344664	2.0
0.7086253433873839	0.13856258620502881	0.03371408806858547	51.0	0.0	0.0	2.0
0.5998402380100082	0.7610326033223057	0.03165394825585157	2.0	0.0	0.0	2.0
0.41467105374845314	0.9726841055570415	0.03214101277333614	40.0	0.0	0.0	2.0
0.1888083759545202	0.07376333669302974	0.0328497087785372	46.0	0.0	0.0	2.0
0.6907478336129911	0.05040898297917139	0.033909875766535494	1.0	0.0	0.0	2.0
0.6894181644606981	0.6470121833726079	0.0334340527150751	31.0	0.0	0.0	2.0
0.38281781195099795	0.6900918912290852	0.03423920721299804	83.0	0.0	0.0	2.0
0.6273765012606207	0.9777680625854659	0.03409331435326486	25.0	0.0	0.0	2.0
0.7933156387478602	0.16241248285334825	0.03557474205476801	81.0	0.0	0.0012150632981189347	2.0
0.20358008331986766	0.16025668592544695	0.03267310874992562	77.0	0.0	0.0	2.0
0.45262360732089485	0.8179031557144258	0.03489314800895071	7.0	0.0	0.0	2.0
0.9683986465177427	0.17560647925891734	0.032450612804118845	11.0	0.0	0.0	2.0
0.7922912791526572	0.07746409242792496	0.03342089296892793	52.0	0.0	0.0	2.0
0.6429798271129818	0.43683698732173193	0.029804937508872368	82.0	0.0	0.0	2.0
0.2353718470278593	0.7716017955330969	0.031164693391615615	76.0	0.0	0.0	2.0
0.6541227299193598	0.8151869778173247	0.03415777384908727	39.0	0.0	0.0	2.0
0.147915055645457	0.5070083545814749	0.03413258414116514	60.0	0.0	0.0	2.0
0.4198262386597224	0.25860201565810537	0.030383184308676973	27.0	0.0	0.0	2.0
0.4628827828380619	0.37198777923559156	0.03152333919238859	48.0	0.0	0.0	2.0
0.5453227108618169	0.4901556623461994	0.03320011985749494	30.0	0.0	0.0	2.0
0.02705315098459075	0.6167404321044412	0.03171658253410003	33.0	0.0	0.0	2.0
0.24729232468776932	0.31458645875811375	0.03216610371613022	8.0	0.0	0.0	2.0
0.32712808902149876	0.4850583951912809	0.032922977784581836	72.0	0.0	0.0	2.0
0.6919651127499847	0.38678483549408954	0.033209719656288036	24.0	0.0	0.0	2.0
0.5256147238803308	0.4070245095693703	0.031988931681599345	68.0	0.0	0.0	2.0
0.40116026869870647	0.43734423117128207	0.034247568681326	64.0	0.0	0.0	2.0
0.8375939558198453	0.8748827906629311	0.03258688177230947	26.0	0.0	0.0	2.0
0.5198483432692542	0.3141111177885708	0.031535777371542104	78.0	0.0	0.0	2.0
0.6203046380520181	0.20401507331493937	0.030456728006069578	5.0	0.0	0.0	2.0
0.08915351918853377	0.4681685244469625	0.029684471285549106	71.0	0.0	0.0	2.0
0.4549672408905849	0.6423297081853369	0.03466573024020521	80.0	0.0	0.0	2.0
0.2909698708930465	0.8310076033921574	0.03451099835244471	53.0	0.0	0.0	2.0
0.7035742699253029	0.9279575640043777	0.03382613462883291	67.0	0.0	0.0	2.0
0.9147661449855572	0.9366894705776726	0.03361941882935696	35.0	0.0	0.0	2.0
0.8616290304032126	0.8090731142409117	0.03178856283124175	6.0	0.0	0.0	2.0
0.5595737599459536	0.053925979868004605	0.033450992508694204	19.0	0.0	0.0	2.0
0.8871778784907295	0.642608567962684	0.031152894870927175	49.0	0.0	0.0	2.0
0.8017263888380283	0.7538168953604687	0.03380598348705384	29.0	0.0	0.0	2.0
0.4942329858826089	0.9298203427075771	0.03165444780042902	59.0	0.0	0.0	2.0
0.13952749274392126	0.8590540871019366	0.03323720185608604	56.0	0.0	0.0	2.0
0.8133484639475749	0.3849080379343222	0.0324346466137146	61.0	0.0	0.0	2.0
0.682857702151252	0.24526733468211437	0.036124965510805025	70.0	0.0	0.009111661938248972	2.0
0.19032877671358653	0.24762234640576317	0.034521426061025165	17.0	0.0	0.0	2.0
0.7550922961191822	0.3357609148298858	0.03128117593552785	36.0	0.0	0.0	2.0
0.34654729000698065	0.39184932537851397	0.029094457121719125	65.0	0.0	0.0	2.0
0.03924074965338667	0.5307247440182664	0.03401621560373291	84.0	0.0	0.0	2.0
0.6394543403601628	0.8881392092746604	0.03550090638868963	42.0	0.0	0.0008043585572607981	2.0
0.15455588632164982	0.9716334690908061	0.03388989071339758	10.0	0.0	0.0	2.0
0.7796047927970967	0.526271205481265	0.03113627090496486	62.0	0.0	0.0	2.0
0.40209889272468274	0.9023878020150202	0.0355975121439684	22.0	0.0	0.0013652751427599696	2.0
0.6528887293171813	0.503871616759672	0.030704712768975646	44.0	0.0	0.0	2.0
0.10385145108240221	0.053336969584130534	0.03285164090440865	73.0	0.0	0.0	2.0
0.5516821861238963	0.5848104837900705	0.03244138462087898	45.0	0.0	0.0	2.0
0.8859165621655334	0.25722457551519035	0.03350958904369012	37.0	0.0	0.0	2.0
0.7673347369718799	0.2595217512858565	0.03359659511255132	58.0	0.0	0.0	2.0
0.4579318409492465	0.7444222974593184	0.03784600805408981	75.0	0.0	0.14753271964207215	2.0
0.07514322171499255	0.9556873908229475	0.03376192571329584	47.0	0.0	0.0	2.0
0.8238474061610892	0.3046081930832503	0.032509822329547786	34.0	0.0	0.0	2.0
0.1252329131381628	0.1700903567355698	0.03319499105753203	20.0	0.0	0.0	2.0
0.5651536932038284	0.12827318410829028	0.03432503601631564	57.0	0.0	0.0	2.0
0.4797354207358888	0.5566289395985495	0.03293334735813616	74.0	0.0	0.0	2.0
0.47465045446929055	0.4671764882845612	0.03420251315436227	4.0	0.0	0.0	2.0
0.03420665926309753	0.05481612876118811	0.03087767983658399	28.0	0.0	0.0	2.0
0.4747114400403626	0.07534081049151464	0.03252574099756242	41.0	0.0	0.0	2.0
0.9567401205734697	0.7546867730920918	0.033538137030345826	15.0	0.0	0.0	2.0
0.1994244355048376	0.15811800550115224	0.032705781858675544	77.0	0.0	0.0	3.0
0.27138113308681466	0.198786023166361	0.031522691973577294	21.0	0.0	0.0	3.0
0.5659601627862336	0.12769727502390904	0.03435936105233195	57.0	0.0	0.0	3.0
0.6434465148870281	0.44300248976455087	0.02983474244638124	82.0	0.0	0.0	3.0
0.5212289001204647	0.31376977708282405	0.031567313148913645	78.0	0.0	0.0	3.0
0.47531046204252336	0.5493747877702265	0.032966280705494296	74.0	0.0	0.0	3.0
0.838455445399246	0.8755398940329614	0.03261946865408178	26.0	0.0	0.0	3.0
0.12613694860911873	0.17049946976975178	0.033228186048589556	20.0	0.0	0.0	3.0
0.4988772885468085	0.9245677676632745	0.031686102248229445	59.0	0.0	0.0	3.0
0.11737853173307236	0.2925299166554959	0.032752398047396006	63.0	0.0	0.0	3.0
0.4726552892008675	0.4662886851311767	0.034236715667516626	4.0	0.0	0.0	3.0
0.4556474897633674	0.6392927371439284	0.03470039597044541	80.0	0.0	0.0	3.0
0.8855450298418804	0.6432269214281654	0.031184047765798098	49.0	0.0	0.0	3.0
0.7945644916135133	0.07739967281878718	0.03345431386189686	52.0	0.0	0.0	3.0
0.2767635276899056	0.09351789645750394	0.036524556171927916	54.0	0.0	0.02267828795604032	3.0
0.4745052907796567	0.07715213073716495	0.03255826673855998	41.0	0.0	0.0	3.0
0.7091580330978184	0.1358679538933448	0.03374780215665405	51.0	0.0	0.0	3.0
0.780873449020003	0.5282652892797102	0.031167407175869823	62.0	0.0	0.0	3.0
0.327727533663555	0.4830920438796622	0.032955900762366416	72.0	0.0	0.0	3.0
0.7700073759851732	0.26102763207974283	0.03363019170766387	58.0	0.0	0.0	3.0
0.3816721280541483	0.6916237159146181	0.03427344642021103	83.0	0.0	0.0	3.0
0.3172391914861037	0.7353381630023392	0.032351970649868854	18.0	0.0	0.0	3.0
0.15528329215821682	0.9704409805852802	0.03392378060411098	10.0	0.0	0.0	3.0
0.5205792623205712	0.4061111758174431	0.03202092061328094	68.0	0.0	0.0	3.0
0.14674180649872182	0.5065724755122326	0.0341667167253063	60.0	0.0	0.0	3.0
0.6419023666567735	0.8858766342910233	0.035536407295078315	42.0	0.0	0.000987788579564608	3.0
0.7006213099375092	0.05200785367849061	0.03394378564230203	1.0	0.0	0.0	3.0
0.6546428369271193	0.5037776575544939	0.030735417481744617	44.0	0.0	0.0	3.0
0.24327851402301123	0.31628243856001204	0.032198269819846345	8.0	0.0	0.0	3.0
0.5961583528383921	0.7610210131202885	0.03168560220410742	2.0	0.0	0.0	3.0
0.9686748915818097	0.17668013748894512	0.03248306341692296	11.0	0.0	0.0	3.0
0.46036217296309506	0.7365105999732373	0.037883854062143896	75.0	0.0	0.15349697147631503	3.0
0.028945803470036134	0.04787371801572689	0.030908557516420573	28.0	0.0	0.0	3.0
0.7358004892428711	0.5839109767391917	0.0343195550178018	14.0	0.0	0.0	3.0
0.6838848741602939	0.6557885737728087	0.033467486767790176	31.0	0.0	0.0	3.0
0.8053339817688768	0.7502206408929232	0.03383978947054089	29.0	0.0	0.0	3.0
0.6794971903246962	0.24311445298610243	0.03616109047631583	70.0	0.0	0.010017933915463573	3.0
0.8986953493788165	0.33172687104379156	0.03097950845652934	38.0	0.0	0.0	3.0
0.7093154551715459	0.9292625205842525	0.03385996076346174	67.0	0.0	0.0	3.0
0.8637832704752524	0.805221466333694	0.031820351394072986	6.0	0.0	0.0	3.0
0.18133349725621276	0.07171414116748974	0.03288255848731573	46.0	0.0	0.0	3.0
0.3943256034238211	0.5543598019768766	0.032988562709513496	3.0	0.0	0.0	3.0
0.42121928666471076	0.9774228047118614	0.03217315378610947	40.0	0.0	0.0	3.0
0.029963603656224618	0.2696363213596894	0.03184839814855592	43.0	0.0	0.0	3.0
0.5508685485935202	0.5853686135605711	0.032473826005499855	45.0	0.0	0.0	3.0
0.07413096880024256	0.9562083882063732	0.03379568763900913	47.0	0.0	0.0	3.0
0.6081845522643134	0.20931707575164926	0.030487184734075645	5.0	0.0	0.0	3.0
0.7463323562919945	0.8435562672498211	0.03442133644871076	12.0	0.0	0.0	3.0
0.7893179011565048	0.4528345792803082	0.03226213053055468	13.0	0.0	0.0	3.0
0.0975296579746592	0.664276806950753	0.03288271280756218	16.0	0.0	0.0	3.0
0.9194560962032298	0.9316470464089472	0.033653038248186315	35.0	0.0	0.0	3.0
0.37496400750892067	0.8133486175846342	0.030299410037367722	55.0	0.0	0.0	3.0
0.648262863955427	0.8061031796416611	0.03419193162293635	39.0	0.0	0.0	3.0
0.3948301831778955	0.44389739159641767	0.03428181625000733	64.0	0.0	0.0	3.0
0.89694426231413	0.7172339531682606	0.029845972404755054	9.0	0.0	0.0	3.0
0.044770434140123654	0.5285103802476891	0.03405023181933664	84.0	0.0	0.0	3.0
0.09024406296607497	0.4661597413473694	0.029714155756834653	71.0	0.0	0.0	3.0
0.2352291063754561	0.4707623456163773	0.030778870888870553	32.0	0.0	0.0	3.0
0.4078309958162668	0.9005810278883556	0.03563310965611236	22.0	0.0	0.0016241150325129183	3.0
0.23610766026214555	0.7725602053391714	0.031195858085007227	76.0	0.0	0.0	3.0
0.1038368253715162	0.051013901602241785	0.03288449254531305	73.0	0.0	0.0	3.0
0.41767563553518466	0.2602856453706271	0.030413567492985648	27.0	0.0	0.0	3.0
0.46448022258694827	0.37043496735473647	0.03155486253158098	48.0	0.0	0.0	3.0
0.44033025179026936	0.827586997127269	0.034928041156959654	7.0	0.0	0.0	3.0
0.5608515736285459	0.05672612186438359	0.033484443501202894	19.0	0.0	0.0	3.0
0.7942629298112215	0.16193244029735646	0.03561031679682277	81.0	0.0	0.001454942873493792	3.0
0.8838709438695621	0.2591881491826561	0.03354309863273381	37.0	0.0	0.0	3.0
0.6886981360280863	0.3947249850780094	0.03324292937594432	24.0	0.0	0.0	3.0
0.641495723150337	0.9773679439115067	0.034127407667618126	25.0	0.0	0.0	3.0
0.6191762760155542	0.5759950224733774	0.031215077023007486	79.0	0.0	0.0	3.0
0.2903366378597651	0.833346304032295	0.03454550935079716	53.0	0.0	0.0	3.0
0.9550427445050017	0.7584063247589071	0.03357167516737617	15.0	0.0	0.0	3.0
0.9236514063051987	0.8264905818146796	0.030104192482800725	69.0	0.0	0.0	3.0
0.806986819241963	0.3861864641595541	0.03246708126032831	61.0	0.0	0.0	3.0
0.640006154844392	0.13710498798392443	0.034361637216726956	50.0	0.0	0.0	3.0
0.7162414382146022	0.7449116769544684	0.03379944943047267	66.0	0.0	0.0	3.0
0.5471521113490567	0.4904993898039961	0.03323331997735243	30.0	0.0	0.0	3.0
0.027086872618991932	0.6149552341218835	0.03174829911663413	33.0	0.0	0.0	3.0
0.8220620080179019	0.30205743097439924	0.03254233215187733	34.0	0.0	0.0	3.0
0.7548233136528418	0.3384221437958699	0.031312457111463375	36.0	0.0	0.0	3.0
0.34394033925887424	0.3897278206074536	0.02912355157884084	65.0	0.0	0.0	3.0
0.10990166433798315	0.7900039235283389	0.03341341014350467	23.0	0.0	0.0	3.0
0.19452372490831413	0.25203124732444254	0.03455594748708619	17.0	0.0	0.0	3.0
0.1468766777615199	0.8704915742366977	0.03327043905794212	56.0	0.0	0.0	3.0
0.0986700220130509	0.6655830067356184	0.03291559552036974	16.0	0.0	0.0	4.0
0.028913587427430817	0.046168224931352836	0.03093946607393699	28.0	0.0	0.0	4.0
0.40107841064502486	0.44485208922035063	0.03431609806625733	64.0	0.0	0.0	4.0
0.885738388291148	0.6421004021819162	0.031215231813563893	49.0	0.0	0.0	4.0
0.7173071306953832	0.7427585034281982	0.03383324887990313	66.0	0.0	0.0	4.0
0.467338407884784	0.36822627797609225	0.031586417394112554	48.0	0.0	0.0	4.0
0.6466308547640882	0.8054733675648437	0.034226123554559285	39.0	0.0	0.0	4.0
0.028037628304505183	0.6133515139623	0.03178004741575076	33.0	0.0	0.0	4.0
0.1821712148386599	0.06978262881040774	0.03291544104580304	46.0	0.0	0.0	4.0
0.5517775197306964	0.5860619336096822	0.03250629983150535	45.0	0.0	0.0	4.0
0.25250501002004005	0.6733466933867734	0.0501002004008016	-2.0	-1.0	22.03576372466941	4.0
0.34189261670995846	0.38265515265110894	0.029152675130419678	65.0	0.0	0.0	4.0
0.639918825585663	0.13883740726745214	0.03439599885394368	50.0	0.0	0.0	4.0
0.4189462862015483	0.25745413543263157	0.03044398106047863	27.0	0.0	0.0	4.0
0.8643722157018764	0.8060976510918498	0.031852171745467055	6.0	0.0	0.0	4.0
0.47024464995517595	0.47022455568167687	0.03427095238318414	4.0	0.0	0.0	4.0
0.7498944211154938	0.3315657489544735	0.031343769568574834	36.0	0.0	0.0	4.0
0.6104247788315647	0.20962217667788408	0.030517671918809715	5.0	0.0	0.0	4.0
0.5116050605338863	0.31755351662919906	0.03159888046206256	78.0	0.0	0.0	4.0
0.8190647349596368	0.39007721724582123	0.032499548341588635	61.0	0.0	0.0	4.0
0.14837782204151512	0.5075493503856787	0.0342008834420316	60.0	0.0	0.0	4.0
0.56553225429719	0.1264106942618208	0.03439372041338428	57.0	0.0	0.0	4.0
0.4625024200878718	0.7406369408957757	0.03792173791620604	75.0	0.0	0.15962604140644032	4.0
0.3966091716370817	0.5545543579658956	0.033021551272223004	3.0	0.0	0.0	4.0
0.653861160726112	0.5114418037204532	0.030766152899226358	44.0	0.0	0.0	4.0
0.7133828082612153	0.9283110526633634	0.0338938207242252	67.0	0.0	0.0	4.0
0.7929222761429754	0.45918480402363054	0.032294392661085226	13.0	0.0	0.0	4.0
0.07699115180581234	0.9535648796272431	0.03382948332664813	47.0	0.0	0.0	4.0
0.24384480722755325	0.31321532070357666	0.03223046808966619	8.0	0.0	0.0	4.0
0.9237070616634533	0.8299460975056602	0.03013429667528352	69.0	0.0	0.0	4.0
0.8382115832968571	0.8787616034318472	0.03265208812273586	26.0	0.0	0.0	4.0
0.9805462482180406	0.16886230567049273	0.03251554648033988	11.0	0.0	0.0	4.0
0.7396024011570203	0.8467045327102821	0.03445575778515947	12.0	0.0	0.0	4.0
0.8244549325258291	0.3032890474895993	0.0325748744840292	34.0	0.0	0.0	4.0
0.2781185736526988	0.09299496783887902	0.03656108072809984	54.0	0.0	0.024347594541367812	4.0
0.9029586251099974	0.32891930880104486	0.03101048796498587	38.0	0.0	0.0	4.0
0.6168199875059528	0.577987682037263	0.03124629210003049	79.0	0.0	0.0	4.0
0.6944952383051178	0.38591100165362696	0.03327617230532026	24.0	0.0	0.0	4.0
0.15501334599965946	0.9618683455126372	0.033957704384715084	10.0	0.0	0.0	4.0
0.733503034925583	0.5833121399754484	0.034353874572819604	14.0	0.0	0.0	4.0
0.9596722426117823	0.7596805136491274	0.03360524684254354	15.0	0.0	0.0	4.0
0.11658130194399742	0.29402072309889854	0.032785150445443396	63.0	0.0	0.0	4.0
0.5216737233557673	0.4065574688172408	0.03205294153389422	68.0	0.0	0.0	4.0
0.4203994625382865	0.9764218398324811	0.03220532693989558	40.0	0.0	0.0	4.0
0.26880714464722116	0.19767927051003667	0.03155421466555087	21.0	0.0	0.0	4.0
0.19952060452176523	0.25510091697780357	0.03459050343457327	17.0	0.0	0.0	4.0
0.04650984036476409	0.5336322985434139	0.034084282051155976	84.0	0.0	0.0	4.0
0.3736486839784767	0.8137360583124014	0.030329709447405085	55.0	0.0	0.0	4.0
0.24169661278806212	0.7744386151110701	0.03122705394309223	76.0	0.0	0.0	4.0
0.7034411120905332	0.05307570184342821	0.033977729427944324	1.0	0.0	0.0	4.0
0.32540720930772965	0.4787974184827583	0.03298885666312878	72.0	0.0	0.0	4.0
0.6498752033396911	0.8785077833712558	0.03557194370237339	42.0	0.0	0.0011974015640987545	4.0
0.6853488894345353	0.6550466796903668	0.033500954254557964	31.0	0.0	0.0	4.0
0.223449865023021	0.46342360956921513	0.03080964975975942	32.0	0.0	0.0	4.0
0.40992106286012686	0.9000080478832986	0.03566874276576847	22.0	0.0	0.0019140675696291964	4.0
0.4648759899187369	0.547617586198263	0.032999246986199784	74.0	0.0	0.0	4.0
0.5926696707702086	0.7642049174174859	0.03171728780631152	2.0	0.0	0.0	4.0
0.02925627543258497	0.268598192853849	0.03188024654670447	43.0	0.0	0.0	4.0
0.3172391914861037	0.7369252291614572	0.03238432262051872	18.0	0.0	0.0	4.0
0.09662591294209512	0.045441601686887816	0.03291737703785836	73.0	0.0	0.0	4.0
0.6294226732959484	0.9728826308404598	0.03416153507528574	25.0	0.0	0.0	4.0
0.5105626710924236	0.928495147017505	0.03171778835047767	59.0	0.0	0.0	4.0
0.11026990748641655	0.7932394736719361	0.03344682355364817	23.0	0.0	0.0	4.0
0.7127042226475678	0.13389918706052187	0.0337815499588107	51.0	0.0	0.0	4.0
0.7955317412933985	0.07780837070154516	0.03348776817575875	52.0	0.0	0.0	4.0
0.14552813847889998	0.870047768459071	0.03330370949700006	56.0	0.0	0.0	4.0
0.45129663324352526	0.6417441985038792	0.034735096366415856	80.0	0.0	0.0	4.0
0.6369829695178553	0.4411184533011415	0.029864577188827617	82.0	0.0	0.0	4.0
0.38220782117042357	0.6897837401878267	0.03430771986663124	83.0	0.0	0.0	4.0
0.1281640443240016	0.17351521773477852	0.03326141423463814	20.0	0.0	0.0	4.0
0.9189126559067688	0.9300130993182204	0.0336866912864345	35.0	0.0	0.0	4.0
0.7941599785428034	0.1608455208262286	0.03564592711361959	81.0	0.0	0.001724767336554578	4.0
0.8912290282000777	0.7087464545466636	0.029875818377159805	9.0	0.0	0.0	4.0
0.4490930739018836	0.8376241396288402	0.03496296919811661	7.0	0.0	0.0	4.0
0.09002422346768071	0.462284053776475	0.029743869912591484	71.0	0.0	0.0	4.0
0.20066874411222094	0.15888240582034716	0.03273848764053421	77.0	0.0	0.0	4.0
0.8060838330654573	0.7394103331697255	0.03387362926001143	29.0	0.0	0.0	4.0
0.5520902363556522	0.4808303580076489	0.03326655329732978	30.0	0.0	0.0	4.0
0.7822911682269846	0.5226077982221689	0.03119857458304569	62.0	0.0	0.0	4.0
0.2911595917313742	0.8246578769673719	0.03458005486014795	53.0	0.0	0.0	4.0
0.4748135281612515	0.07857005186148387	0.032590825005298536	41.0	0.0	0.0	4.0
0.7678383510886454	0.2617871541781878	0.03366382189937153	58.0	0.0	0.0	4.0
0.8822678874140482	0.25474514528289954	0.03357664173136654	37.0	0.0	0.0	4.0
0.5621548946971147	0.05532484979336579	0.033517927944704096	19.0	0.0	0.0	4.0
0.6804690430392131	0.24278099550894439	0.03619725156679214	70.0	0.0	0.010983385227305575	4.0
0.8869885034571795	0.6437286993883522	0.031246447045377452	49.0	0.0	0.0	5.0
0.05127364083670481	0.5317246332506426	0.034118366333207126	84.0	0.0	0.0	5.0
0.5682098568278564	0.04441405053705727	0.03355144587264879	19.0	0.0	0.0	5.0
0.2025570795034709	0.253045982581156	0.03462509393800784	17.0	0.0	0.0	5.0
0.8026580175869196	0.07200909383849709	0.03352125594393451	52.0	0.0	0.0	5.0
0.26796464618297994	0.19889920828419436	0.031585768880216414	21.0	0.0	0.0	5.0
0.4719670594684026	0.46945812263401726	0.03430522333556732	4.0	0.0	0.0	5.0
0.030970405540010924	0.03736893285012787	0.030970405540010924	28.0	0.0	0.0	5.0
0.12260187108606398	0.2954691408740343	0.03281793559588884	63.0	0.0	0.0	5.0
0.08773797845325933	0.45842765062765206	0.029773613782504073	71.0	0.0	0.0	5.0
0.3272691898303254	0.4738334750381019	0.033021845519791905	72.0	0.0	0.0	5.0
0.7388865593120113	0.8457087523608051	0.034490213542944625	12.0	0.0	0.0	5.0
0.9617760051403619	0.7572399697833239	0.03363885208938608	15.0	0.0	0.0	5.0
0.6520470468215253	0.8792991301295832	0.03560751564607576	42.0	0.0	0.001435001569063843	5.0
0.6392628819008872	0.13790027383138873	0.03443039485279761	50.0	0.0	0.0	5.0
0.2807219618696747	0.08789743721449142	0.036597641808827935	54.0	0.0	0.02609866093951041	5.0
0.6981665218177707	0.37849337357663876	0.033309448477625576	24.0	0.0	0.0	5.0
0.6383330512924249	0.4413545620492158	0.029894441766016442	82.0	0.0	0.0	5.0
0.6073831241203168	0.21027337191849893	0.03054818959072852	5.0	0.0	0.0	5.0
0.14408095876797572	0.8691712422514385	0.033337013206497054	56.0	0.0	0.0	5.0
0.9874394452434512	0.1597657998961073	0.032548062026820215	11.0	0.0	0.0	5.0
0.5107178118249726	0.31690289931185417	0.031630479342524616	78.0	0.0	0.0	5.0
0.836799687445286	0.8760809326290886	0.03268474021085859	26.0	0.0	0.0	5.0
0.5418715437083071	0.5869785152287312	0.032538806131336855	45.0	0.0	0.0	5.0
0.14970224928833503	0.5053153267474398	0.034235084325473626	60.0	0.0	0.0	5.0
0.5097101295597343	0.9273401754496793	0.03174950613882815	59.0	0.0	0.0	5.0
0.5575158745967895	0.1333695441932738	0.03442811413379766	57.0	0.0	0.0	5.0
0.6941996541973606	0.6496859582722568	0.03353445520881252	31.0	0.0	0.0	5.0
0.3349892649157812	0.39017166737212206	0.029181827805550096	65.0	0.0	0.0	5.0
0.37981534981161097	0.691755871110073	0.03434202758649787	83.0	0.0	0.0	5.0
0.4473724313204477	0.6418801352863865	0.034769831462782265	80.0	0.0	0.0	5.0
0.45200322762501066	0.832985713954365	0.03499793216731472	7.0	0.0	0.0	5.0
0.15749859024696	0.9605292485600052	0.033991662089099796	10.0	0.0	0.0	5.0
0.47927999286545353	0.0703428178911438	0.03262341583030383	41.0	0.0	0.0	5.0
0.7203951877834973	0.7483622798495015	0.03386708212878303	66.0	0.0	0.0	5.0
0.8630030267133515	0.8009768826872057	0.03188402391721252	6.0	0.0	0.0	5.0
0.24426193359620757	0.7745922298562595	0.03125828099703532	76.0	0.0	0.0	5.0
0.5518118038547727	0.4821111738601955	0.03329981985062711	30.0	0.0	0.0	5.0
0.5893342888255818	0.7659216082173392	0.03174900509411783	2.0	0.0	0.0	5.0
0.818105693377529	0.39039954474299265	0.03253204788993022	61.0	0.0	0.0	5.0
0.8962295078641314	0.3392078177145315	0.03104149845295085	38.0	0.0	0.0	5.0
0.8052122524667499	0.4621415045852061	0.032326687053746306	13.0	0.0	0.0	5.0
0.781178737591357	0.5225341529572554	0.031229773157628735	62.0	0.0	0.0	5.0
0.3178138306800974	0.7392811687959355	0.03241670694313924	18.0	0.0	0.0	5.0
0.027128312683331435	0.6152182066533515	0.031811827463166506	33.0	0.0	0.0	5.0
0.6849168593895292	0.23625304315572626	0.03623344881835893	70.0	0.0	0.012010010131533022	5.0
0.3971992889388228	0.553586936392047	0.03305457282349522	3.0	0.0	0.0	5.0
0.7110107681404736	0.12834416786847647	0.0338153315087695	51.0	0.0	0.0	5.0
0.6276088887600714	0.9714065950736416	0.03419569661036102	25.0	0.0	0.0	5.0
0.9178858781408615	0.927050991495944	0.03372037797772093	35.0	0.0	0.0	5.0
0.6468940826203662	0.5083416124681035	0.03079691905212558	44.0	0.0	0.0	5.0
0.6201950906631182	0.5827872003441952	0.031277538392130516	79.0	0.0	0.0	5.0
0.10350017087691885	0.05598354855334392	0.03295029441489621	73.0	0.0	0.0	5.0
0.4106171753540181	0.8992596191043121	0.035704411508534234	22.0	0.0	0.002236965583080064	5.0
0.7688580662783417	0.26105896398473233	0.0336974857212709	58.0	0.0	0.0	5.0
0.07700943961474742	0.9506601440060426	0.033863312809974774	47.0	0.0	0.0	5.0
0.47095194140123986	0.548289732687509	0.03303224623318598	74.0	0.0	0.0	5.0
0.28812606688977443	0.8276440276635169	0.034614634915008095	53.0	0.0	0.0	5.0
0.8353211059583593	0.30678945259316076	0.03260744935851323	34.0	0.0	0.0	5.0
0.7328022842400904	0.5826309662468563	0.03438822844739242	14.0	0.0	0.0	5.0
0.10910470472197514	0.7957100010510858	0.03348027037720181	23.0	0.0	0.0	5.0
0.8022702126594875	0.7338131748469315	0.03390750288927144	29.0	0.0	0.0	5.0
0.4672737106743195	0.3692525485953123	0.031618003811506666	48.0	0.0	0.0	5.0
0.8920441574646248	0.7081165557958057	0.02990569419553696	9.0	0.0	0.0	5.0
0.931741689576672	0.8347006053698018	0.0301644309719588	69.0	0.0	0.0	5.0
0.5226673406146725	0.40531266096386565	0.03208499447542811	68.0	0.0	0.0	5.0
0.6452187642860066	0.8055400937116096	0.03426034967811384	39.0	0.0	0.0	5.0
0.7493356463965017	0.32921054049628595	0.031375113338143405	36.0	0.0	0.0	5.0
0.18486685294526709	0.07610669268200743	0.03294835648684884	46.0	0.0	0.0	5.0
0.4208303227428628	0.9747024670946095	0.03223753226683547	40.0	0.0	0.0	5.0
0.13343422957739712	0.1747831094937055	0.03329467564887277	20.0	0.0	0.0	5.0
0.014028056112224447	0.8937875751503005	0.020641282565130262	-2.0	-1.0	0.0	5.0
0.37293016699788323	0.8148974638351754	0.030360039156852488	55.0	0.0	0.0	5.0
0.030643170028501872	0.268102723384634	0.031912126793251165	43.0	0.0	0.0	5.0
0.8858327934444721	0.26183521054775033	0.033610218373097904	37.0	0.0	0.0	5.0
0.40151299587167316	0.4439740334755625	0.034350414164323585	64.0	0.0	0.0	5.0
0.7942446114272412	0.15962540221278132	0.0356815730407332	81.0	0.0	0.002026362712896912	5.0
0.2522389818128462	0.3039592673568866	0.032262698557755855	8.0	0.0	0.0	5.0
0.4652444781845183	0.7391594677479563	0.03795965965412224	75.0	0.0	0.16592250307360246	5.0
0.41486554393846264	0.26040720844643833	0.030474425041539105	27.0	0.0	0.0	5.0
0.10046550124484174	0.666594657646021	0.0329485111158901	16.0	0.0	0.0	5.0
0.22385544658122078	0.4584792018376175	0.030840459409519176	32.0	0.0	0.0	5.0
0.7198511795100304	0.9314368133111404	0.033927714544949424	67.0	0.0	0.0	5.0
0.20008041755195327	0.16085676558405135	0.03277122612817474	77.0	0.0	0.0	5.0
0.7051944671515128	0.05050234507802686	0.03401170715737226	1.0	0.0	0.0	5.0
0.12345839298287335	0.2922249465873479	0.03285075353148472	63.0	0.0	0.0	6.0
0.9616523858212538	0.755457799256734	0.03367249094147546	15.0	0.0	0.0	6.0
0.89612041412891	0.6393865200210596	0.03127769349242283	49.0	0.0	0.0	6.0
0.20247763465529817	0.16268524903291448	0.032803997354302915	77.0	0.0	0.0	6.0
0.6995398986372223	0.3784890503253582	0.0333427579261032	24.0	0.0	0.0	6.0
0.3297629689146456	0.477753216556062	0.03305486736531169	72.0	0.0	0.0	6.0
0.14951701070266607	0.5020496402380953	0.0342693194097991	60.0	0.0	0.0	6.0
0.1857718967254557	0.07661663362032103	0.03298130484333568	46.0	0.0	0.0	6.0
0.37416821424040514	0.8117191795466803	0.030390399196009336	55.0	0.0	0.0	6.0
0.6260751032445259	0.9755752120457178	0.034229892306971384	25.0	0.0	0.0	6.0
0.0847040728549583	0.9417337135278445	0.03389717612278475	47.0	0.0	0.0	6.0
0.16089886444940357	0.9538713856391975	0.03402565375118889	10.0	0.0	0.0	6.0
0.14334740720854094	0.8703910137911915	0.03337035021970355	56.0	0.0	0.0	6.0
0.5684959369062911	0.04203388961435008	0.03358499731852144	19.0	0.0	0.0	6.0
0.1349196989136219	0.1776470558297529	0.03332797032452164	20.0	0.0	0.0	6.0
0.6400147619449451	0.13685436211463597	0.034464825247650405	50.0	0.0	0.0	6.0
0.5429158746812647	0.5875160228974305	0.03257134493746819	45.0	0.0	0.0	6.0
0.8258476061537176	0.3118377090551472	0.03264005680787174	34.0	0.0	0.0	6.0
0.6422505633323979	0.8077455375779478	0.034294610027791946	39.0	0.0	0.0	6.0
0.24550271617186878	0.7735020757638492	0.03128953927803235	76.0	0.0	0.0	6.0
0.03132685181931265	0.26641089232145077	0.03194403892004441	43.0	0.0	0.0	6.0
0.7126894038841032	0.12164547417674569	0.03384914684027827	51.0	0.0	0.0	6.0
0.19561981249957489	0.25407991154984677	0.03465971903194585	17.0	0.0	0.0	6.0
0.5213557934335458	0.40274460297023734	0.03211707946990354	68.0	0.0	0.0	6.0
0.2821831901396711	0.08759420771759371	0.036634239450636756	54.0	0.0	0.027933608659651554	6.0
0.8096113639172874	0.4584317649153856	0.032359013740800045	13.0	0.0	0.0	6.0
0.75016832104139	0.3303238594314341	0.03140648845148154	36.0	0.0	0.0	6.0
0.47903112792164476	0.06595542264781411	0.03265603924613413	41.0	0.0	0.0	6.0
0.9334099960184766	0.8350798071156269	0.030194595402930756	69.0	0.0	0.0	6.0
0.6406969046430909	0.43916978345283836	0.029924336207782454	82.0	0.0	0.0	6.0
0.694661041018359	0.6508487210491336	0.03356798966402133	31.0	0.0	0.0	6.0
0.10230595219899168	0.05860050431025838	0.032983244709311105	73.0	0.0	0.0	6.0
0.6215573023558665	0.5819385113875527	0.03130881593052264	79.0	0.0	0.0	6.0
0.4658559927741597	0.7399559763617738	0.03799761931377636	75.0	0.0	0.17238894379181602	6.0
0.5883702027030312	0.7662728887926707	0.031780754099211946	2.0	0.0	0.0	6.0
0.7708115941255873	0.26209574576685957	0.03373118320699217	58.0	0.0	0.0	6.0
0.09995649506492135	0.6638378137867831	0.032981459627005986	16.0	0.0	0.0	6.0
0.4508221220251814	0.8351290200923467	0.03503293009948203	7.0	0.0	2.2853835446312587e-07	6.0
0.052446097814499805	0.5314966881426201	0.03415248469954033	84.0	0.0	0.0	6.0
0.41508026341737564	0.26283699087815626	0.03050489946658064	27.0	0.0	0.0	6.0
0.399942343531117	0.5522400213457946	0.033087627396318715	3.0	0.0	0.0	6.0
0.022155469495648852	0.617698986569525	0.031843639290629666	33.0	0.0	0.0	6.0
0.10860797884821981	0.7965600250309631	0.033513750647579006	23.0	0.0	0.0	6.0
0.7773094149874429	0.5331103514718497	0.03126100293078636	62.0	0.0	0.0	6.0
0.3663944271986227	0.6887940647519031	0.034376369614084364	83.0	0.0	0.0	6.0
0.8013223852084072	0.06089675070774723	0.033554777199878434	52.0	0.0	0.0	6.0
0.5518332909806475	0.4786982762218183	0.03333311967047774	30.0	0.0	0.0	6.0
0.22492075523885746	0.4568725668211139	0.03087129986892869	32.0	0.0	0.0	6.0
0.5589574212799365	0.1340661538529218	0.03446254224793146	57.0	0.0	0.0	6.0
0.8636900288074087	0.7998180580546495	0.03191590794112973	6.0	0.0	0.0	6.0
0.7163484575591416	0.9281994416081931	0.03396164225949437	67.0	0.0	0.0	6.0
0.8905119932283294	0.25923742122786986	0.033643828591471	37.0	0.0	0.0	6.0
0.738247883854445	0.8449678343869238	0.034524703756487564	12.0	0.0	0.0	6.0
0.3353425700563031	0.3887617826338448	0.029211009633355642	65.0	0.0	0.0	6.0
0.512053320892656	0.3178693548077443	0.03166210982186714	78.0	0.0	0.0	6.0
0.722048422140592	0.7501174734360943	0.03390094921091181	66.0	0.0	0.0	6.0
0.7047887021938525	0.04922902439671054	0.03404571886452963	1.0	0.0	0.0	6.0
0.4708647795131466	0.46941298933082826	0.03433952855890288	4.0	0.0	0.0	6.0
0.8070123046449205	0.7429558051494833	0.033941410392160705	29.0	0.0	0.0	6.0
0.08731361538733387	0.45575377558506036	0.029803387396286574	71.0	0.0	0.0	6.0
0.8378388644647246	0.87451370779166	0.03271742495106945	26.0	0.0	0.0	6.0
0.9854702219595649	0.16156298816180995	0.03258061008884703	11.0	0.0	0.0	6.0
0.4576004389682725	0.6466647857871957	0.03480460129424504	80.0	0.0	0.0	6.0
0.7357344029269628	0.5845355438342463	0.03442261667583981	14.0	0.0	0.0	6.0
0.8213734607499535	0.39051274222653126	0.03256457993782015	61.0	0.0	0.0	6.0
0.26943900806595095	0.1963393391558474	0.031617354649096624	21.0	0.0	0.0	6.0
0.6503559401311784	0.8781546737031901	0.035643123161721836	42.0	0.0	0.001702403197015201	6.0
0.6471062941305635	0.510441167229185	0.030827715971177703	44.0	0.0	0.0	6.0
0.9231305012947104	0.9307466017562818	0.03375409835569865	35.0	0.0	0.0	6.0
0.4679325075588521	0.3679214854260148	0.03164962181531817	48.0	0.0	0.0	6.0
0.8956803804124379	0.352181023969241	0.0310725399514038	38.0	0.0	0.0	6.0
0.03207991099591452	0.03762112057495976	0.03100137594555093	28.0	0.0	0.0	6.0
0.4704634108787656	0.5396771235440849	0.03306527847941916	74.0	0.0	0.0	6.0
0.4275002633827949	0.9791553836613229	0.0322697697991023	40.0	0.0	0.0	6.0
0.7918805790001945	0.15673903505558295	0.03571725461377393	81.0	0.0	0.002361565663250076	6.0
0.6066645298579181	0.21107584359840195	0.03057873778031925	5.0	0.0	0.0	6.0
0.3208564722547919	0.7387687773213552	0.03244912365008237	18.0	0.0	0.0	6.0
0.2506723118639402	0.30439938418717155	0.032294961256313606	8.0	0.0	0.0	6.0
0.6828988520496373	0.2357540937289085	0.036269682267177285	70.0	0.0	0.01309981421307782	6.0
0.8914162277851754	0.7098918462585101	0.029935599889732496	9.0	0.0	0.0	6.0
0.41001142687829717	0.89735873523731	0.03574011592004277	22.0	0.0	0.002594652564980038	6.0
0.5124174868085487	0.9294052190841126	0.03178125564496697	59.0	0.0	0.0	6.0
0.400851666673987	0.44475107062807384	0.0343847645784879	64.0	0.0	0.0	6.0
0.2901111086861594	0.831141294618051	0.0346492495499231	53.0	0.0	0.0	6.0
0.5503625898211081	0.13306054637080036	0.034497004790179385	57.0	0.0	0.0	7.0
0.8855337524964345	0.26077218792731405	0.033677472420062464	37.0	0.0	0.0	7.0
0.37316563877487086	0.8118045972101994	0.03042078959520534	55.0	0.0	0.0	7.0
0.8024969060664722	0.06165966870019004	0.033588331977078306	52.0	0.0	0.0	7.0
0.7035305384470864	0.04884979610941749	0.03407976458339416	1.0	0.0	0.0	7.0
0.40725451408934293	0.26602812974099066	0.03053540436604722	27.0	0.0	0.0	7.0
0.627361763992418	0.9754410704576436	0.03426412219927835	25.0	0.0	0.0	7.0
0.7666354104438321	0.2606628335015901	0.03376491439019916	58.0	0.0	0.0	7.0
0.8098780590971425	0.4574216203037935	0.03239137275454084	13.0	0.0	0.0	7.0
0.19556433302691426	0.15826220850352443	0.032836801351657216	77.0	0.0	0.0	7.0
0.4600542240989842	0.6471901226022858	0.034839405895539285	80.0	0.0	0.0	7.0
0.732363723011488	0.584865518173618	0.034457039292515645	14.0	0.0	0.0	7.0
0.7228642946704061	0.7495653317142306	0.033934850160122716	66.0	0.0	0.0	7.0
0.5416220429287878	0.5906605869778021	0.03260391628240565	45.0	0.0	0.0	7.0
0.7225471667055214	0.11741016848879177	0.03388299598711854	51.0	0.0	0.0	7.0
0.9232269720929857	0.9295705350658167	0.03378785245405434	35.0	0.0	0.0	7.0
0.78658081893222	0.15658884739033746	0.0357529718683877	81.0	0.0	0.002732223527402766	7.0
0.1668815971360659	0.9589308465064345	0.03405967940494008	10.0	0.0	0.0	7.0
0.8328409709371423	0.3079551459709456	0.032672696864679614	34.0	0.0	0.0	7.0
0.47536525350369546	0.06669211106899849	0.032688695285380265	41.0	0.0	0.0	7.0
0.8965680254016661	0.6452999991158385	0.031308971185915246	49.0	0.0	0.0	7.0
0.897436884176292	0.7104047955769999	0.029965535489622226	9.0	0.0	0.0	7.0
0.8217898217638654	0.3896153500782997	0.03259714451775797	61.0	0.0	0.0	7.0
0.8950963949528536	0.351275746257253	0.0311036124913552	38.0	0.0	0.0	7.0
0.6449173196139345	0.5114989621732088	0.030858543687148878	44.0	0.0	0.0	7.0
0.8062458418185965	0.7436732042727462	0.033975351802552865	29.0	0.0	0.0	7.0
0.6843849234374993	0.23466436119952833	0.03630595194944446	70.0	0.0	0.014254814430557872	7.0
0.10686018717517773	0.7969062341503984	0.033547264398226584	23.0	0.0	0.0	7.0
0.1474226988048932	0.5037321598814457	0.03430358872920889	60.0	0.0	0.0	7.0
0.1041947155411207	0.6680098465494172	0.03301444108663299	16.0	0.0	0.0	7.0
0.5835093967764644	0.7769246348153106	0.031812534853311154	2.0	0.0	0.0	7.0
0.39449268389120146	0.546230813431923	0.03312071502371503	3.0	0.0	0.0	7.0
0.992459073721055	0.16251481382842758	0.032613190698935875	11.0	0.0	0.0	7.0
0.46578733301429126	0.7290504353567802	0.038035616933090134	75.0	0.0	0.17902796460266757	7.0
0.4716181027122901	0.4573937173747547	0.03437386808746178	4.0	0.0	0.0	7.0
0.6511310786608822	0.44327211667542604	0.02995426054399023	82.0	0.0	0.0	7.0
0.8367259647692349	0.8751782269974699	0.032750142376020516	26.0	0.0	0.0	7.0
0.6970951573035826	0.3767893020591891	0.033376100684029304	24.0	0.0	0.0	7.0
0.7185242317438003	0.9297739639903038	0.03399560390175386	67.0	0.0	0.0	7.0
0.5305508900691841	0.4106409063680772	0.03214919654937344	68.0	0.0	0.0	7.0
0.7366413256419829	0.8441789702370361	0.03455922846024405	12.0	0.0	0.0	7.0
0.9481220476074348	0.7578240494179174	0.03370616343241693	15.0	0.0	0.0	7.0
0.2706009100948029	0.19707913476717018	0.031648972003745716	21.0	0.0	0.0	7.0
0.12330851047849999	0.2935418817716441	0.0328836042850162	63.0	0.0	0.0	7.0
0.3300195388963015	0.47561857702569554	0.033087922232677	72.0	0.0	0.0	7.0
0.1039594721013002	0.05362891119979032	0.03301622795402041	73.0	0.0	0.0	7.0
0.08433941715715579	0.4539007822461726	0.029833190783682857	71.0	0.0	0.0	7.0
0.4259571737605875	0.983518025496958	0.0323020395689014	40.0	0.0	0.0	7.0
0.18681206507126105	0.06563494057584793	0.033014286148179015	46.0	0.0	0.0	7.0
0.2854479174364718	0.8346061565663911	0.03468389879947302	53.0	0.0	0.0	7.0
0.24995389232273652	0.7734320109484978	0.03132082881731038	76.0	0.0	0.0	7.0
0.3361526232964367	0.3867572342417266	0.029240220642988993	65.0	0.0	0.0	7.0
0.6079993192201532	0.2107988523061544	0.030609316518099564	5.0	0.0	0.0	7.0
0.24908853955721763	0.30392201289040327	0.03232725621756992	8.0	0.0	0.0	7.0
0.08320565629839773	0.9417856196044295	0.03393107329890753	47.0	0.0	0.0	7.0
0.7515583937224092	0.329192635212087	0.03143789493993302	36.0	0.0	0.0	7.0
0.4628402041730854	0.3595796228043669	0.031681271437133486	48.0	0.0	0.0	7.0
0.4112120186509831	0.8959659464380243	0.035775856035962804	22.0	0.0	0.00298898271476844	7.0
0.5691808742417092	0.044050780792503734	0.03361858231583995	19.0	0.0	0.0	7.0
0.13265276904132015	0.18380825779991405	0.03336129829484615	20.0	0.0	0.0	7.0
0.05957762550306161	0.5305711238781682	0.03418663718423987	84.0	0.0	0.0	7.0
0.03215595663682297	0.040640190585754216	0.03103237732149648	28.0	0.0	0.0	7.0
0.5143026950986004	0.32121579061457656	0.031693771931689	78.0	0.0	0.0	7.0
0.5168876545213542	0.9242194434833055	0.031813036900611935	59.0	0.0	0.0	7.0
0.6938137425889841	0.6502436556216148	0.033601557653685346	31.0	0.0	0.0	7.0
0.4767321834173152	0.5401576599601008	0.03309834375789858	74.0	0.0	0.0	7.0
0.017024717058409723	0.6182665712923149	0.03187548292992029	33.0	0.0	0.0	7.0
0.40032359200539563	0.45172756720728	0.034419149343066384	64.0	0.0	0.0	7.0
0.8645174852110795	0.8004168557777711	0.031947823849070855	6.0	0.0	0.0	7.0
0.7769911494453966	0.5346686774057766	0.031292263933717146	62.0	0.0	0.0	7.0
0.13469814842037328	0.8786213369250836	0.033403720569923245	56.0	0.0	0.0	7.0
0.45402911244871325	0.8356483471107798	0.03506796302958151	7.0	0.0	2.0090843264597424e-06	7.0
0.028787990932198505	0.2659503928593598	0.03197598295896445	43.0	0.0	0.0	7.0
0.3177319873330339	0.7418444675864402	0.03248157277373245	18.0	0.0	0.0	7.0
0.2825787982087489	0.09019246261653	0.03667087369008739	54.0	0.0	0.029854571058081092	7.0
0.22578768512988126	0.45517508596141165	0.030902171168797617	32.0	0.0	0.0	7.0
0.5521959689243569	0.48589300422634474	0.03336645279014821	30.0	0.0	0.0	7.0
0.6600967958798449	0.7982914858216271	0.034328904637819735	39.0	0.0	0.0	7.0
0.36246634932148486	0.6871633787705808	0.03441074598369844	83.0	0.0	0.0	7.0
0.6374777938174316	0.8822551317114479	0.035678766284883555	42.0	0.0	0.002001431638404938	7.0
0.2048634078840123	0.25228280309441775	0.03469437875097779	17.0	0.0	0.0	7.0
0.9373092840749135	0.837212602330545	0.030224789998333685	69.0	0.0	0.0	7.0
0.6217499026284584	0.5806177347287282	0.03134012474645316	79.0	0.0	0.0	7.0
0.6409084144481917	0.14523593429292372	0.03449929007289805	50.0	0.0	0.0	7.0
0.1958582341600521	0.15924850864865206	0.03286963815300887	77.0	0.0	0.0	8.0
0.02696732195138531	0.2631280433946805	0.03200795894192341	43.0	0.0	0.0	8.0
0.8644467576117272	0.7988130186602506	0.031979771672919925	6.0	0.0	0.0	8.0
0.09588065393126402	0.04978747222485202	0.03304924418197443	73.0	0.0	0.0	8.0
0.4005499361842502	0.4484644532593129	0.03445356849240944	64.0	0.0	0.0	8.0
0.7830199030526948	0.1559891767115623	0.03578872484025609	81.0	0.0	0.0031401943682283218	8.0
0.25107415460271804	0.7726942669512598	0.03135214964612769	76.0	0.0	0.0	8.0
0.6333313717713286	0.8835908509489347	0.035714445051168435	42.0	0.0	0.0023339227153371667	8.0
0.9247917890675512	0.9285400314503767	0.033821640306508395	35.0	0.0	0.0	8.0
0.02880219272673886	0.03929717484672388	0.031063409698817972	28.0	0.0	0.0	8.0
0.6401488775122388	0.5192066366492707	0.030889402230836024	44.0	0.0	0.0	8.0
0.37973687430685193	0.8086800064897799	0.03045121038480054	55.0	0.0	0.0	8.0
0.475084648217432	0.0626467363299037	0.03272138398066564	41.0	0.0	0.0	8.0
0.8374003547356748	0.8762093380522141	0.032782892518396535	26.0	0.0	0.0	8.0
0.9514995864263639	0.7622233537163767	0.03373986959584935	15.0	0.0	0.0	8.0
0.2816958538922965	0.0909584234386385	0.03670754456377747	54.0	0.0	0.031863693386540604	8.0
0.08384391021917625	0.45502384257548534	0.029863023974466538	71.0	0.0	0.0	8.0
0.685615046409697	0.23440908994749957	0.0363422579013939	70.0	0.0	0.015477039162732353	8.0
0.2221821119798511	0.45963429099475667	0.03093307333996641	32.0	0.0	0.0	8.0
0.6895887224495258	0.6479671342697587	0.03363515921133903	31.0	0.0	0.0	8.0
0.6248445119091597	0.9795099380706203	0.03429838632147763	25.0	0.0	0.0	8.0
0.8904036349335803	0.637374573400145	0.03134028015710116	49.0	0.0	0.0	8.0
0.8238901342172952	0.3902053804546767	0.032629741662275724	61.0	0.0	0.0	8.0
0.8070128630457688	0.7392044873484841	0.034009327154355416	29.0	0.0	0.0	8.0
0.7235973529197531	0.7503435995577042	0.03396878501028284	66.0	0.0	0.0	8.0
0.6569916225781219	0.4396208641359292	0.02998421480453422	82.0	0.0	0.0	8.0
0.462699619877288	0.3609705201562599	0.031712952708570614	48.0	0.0	0.0	8.0
0.47717442512568226	0.5417909780469573	0.03313144210165647	74.0	0.0	0.0	8.0
0.7350531363780871	0.8449963968295582	0.03459378768870429	12.0	0.0	0.0	8.0
0.5151611939603129	0.32168536409511245	0.031725465703620684	78.0	0.0	0.0	8.0
0.249994346735608	0.30312616886274946	0.032359583473787486	8.0	0.0	0.0	8.0
0.13257490368613356	0.8810533513710951	0.03343712429049316	56.0	0.0	0.0	8.0
0.7830056715642102	0.25780140088744097	0.03379867930458935	58.0	0.0	0.0	8.0
0.015816452260898676	0.6191881783428446	0.03190735841285021	33.0	0.0	0.0	8.0
0.622327762811529	0.5797462404457249	0.03137146487119961	79.0	0.0	0.0	8.0
0.5844695514974593	0.7771428755037956	0.03184434738816446	2.0	0.0	0.0	8.0
0.8323713403645397	0.30913868421662827	0.03270536956154429	34.0	0.0	0.0	8.0
0.45133737308344674	0.8328264102727742	0.03510303099261109	7.0	0.0	6.9997676774846695e-06	8.0
0.1668815971360659	0.9601623865591203	0.034093739084345015	10.0	0.0	0.0	8.0
0.13384263690876064	0.18843281618917296	0.033394659593140995	20.0	0.0	0.0	8.0
0.6142250962398027	0.21390467768813648	0.03063992583461766	5.0	0.0	0.0	8.0
0.40669125704750203	0.26520145101998394	0.03056593977041326	27.0	0.0	0.0	8.0
0.3725681773330336	0.6875133123428713	0.03444515672968214	83.0	0.0	0.0	8.0
0.3304273562449902	0.4738996465938394	0.033121010154909675	72.0	0.0	0.0	8.0
0.290582637638476	0.8329163144375666	0.034718582698272486	53.0	0.0	0.0	8.0
0.14659717657726887	0.504753127344699	0.034337892317938094	60.0	0.0	0.0	8.0
0.4645083290721651	0.7292082493131666	0.03807365255002322	75.0	0.0	0.18584218033024058	8.0
0.6956538003880318	0.048228635930877534	0.03411384434797755	1.0	0.0	0.0	8.0
0.5209621779885807	0.9288864984737685	0.03184484993751254	59.0	0.0	0.0	8.0
0.33698456062655924	0.3779739633140092	0.02926946086363198	65.0	0.0	0.0	8.0
0.20105179061284564	0.25236680651220006	0.03472907312972877	17.0	0.0	0.0	8.0
0.10456699057090686	0.666841619757982	0.03304745552771962	16.0	0.0	0.0	8.0
0.8066809587557278	0.45537342670692704	0.032423764127295376	13.0	0.0	0.0	8.0
0.462562790867787	0.6514829167192603	0.03487424530143482	80.0	0.0	0.0	8.0
0.7320531624662467	0.5883798456143888	0.03449149633180816	14.0	0.0	0.0	8.0
0.5433737461513544	0.6044987190436145	0.032636520198688054	45.0	0.0	0.0	8.0
0.05990342400226459	0.5342578851988038	0.03422082382142411	84.0	0.0	0.0	8.0
0.6408752772774516	0.13997260720020174	0.03453378936297095	50.0	0.0	0.0	8.0
0.8003435363396985	0.06827288949537078	0.03362192030905538	52.0	0.0	0.0	8.0
0.723692209574296	0.11764027452271801	0.03391687898310566	51.0	0.0	0.0	8.0
0.3168623400218005	0.7413758850454677	0.032514054346506185	18.0	0.0	0.0	8.0
0.47299504720184854	0.44871770901942054	0.03440824195554924	4.0	0.0	0.0	8.0
0.10574234831809642	0.7957043841933141	0.033580811662624804	23.0	0.0	0.0	8.0
0.9928443990996058	0.16348589056225205	0.032645803889634804	11.0	0.0	0.0	8.0
0.4134224963159767	0.8963525253282505	0.03581163189199876	22.0	0.0	0.0034218209832346247	8.0
0.5531881936843411	0.13081964834711193	0.03453150179496956	57.0	0.0	0.0	8.0
0.6898124936945775	0.38275186024950814	0.03340947678471333	24.0	0.0	0.0	8.0
0.12337929317672847	0.291294047445671	0.03291648788930122	63.0	0.0	0.0	8.0
0.7579259976372006	0.33257439400054617	0.03146933283487295	36.0	0.0	0.0	8.0
0.545116623398606	0.410595054913198	0.03218134574592281	68.0	0.0	0.0	8.0
0.8986893314594947	0.7091873380654676	0.029995501025111844	9.0	0.0	0.0	8.0
0.9386571572770124	0.8321073475113563	0.030255014788332014	69.0	0.0	0.0	8.0
0.5694217131647736	0.042975555438584216	0.033652200898155786	19.0	0.0	0.0	8.0
0.8826427199988289	0.2547411694287229	0.03371114989248252	37.0	0.0	0.0	8.0
0.7777728318998756	0.5357138177654441	0.031323556197650856	62.0	0.0	0.0	8.0
0.6546413690500499	0.8014564614661787	0.03436323354245755	39.0	0.0	0.0	8.0
0.7180778060090592	0.9281654064785756	0.03402959950565561	67.0	0.0	0.0	8.0
0.0885377979074613	0.9441986318173964	0.03396500437220643	47.0	0.0	0.0	8.0
0.4329332813248912	0.9752160253629739	0.0323343416084703	40.0	0.0	0.0	8.0
0.2710499573755541	0.20216058894777567	0.03168062097574946	21.0	0.0	0.0	8.0
0.3958168068730409	0.5501298737149084	0.03315383573873874	3.0	0.0	0.0	8.0
0.1740051473124805	0.05852482010415458	0.03304730043432719	46.0	0.0	0.0	8.0
0.8971849953812538	0.34410191113698296	0.03113471610384655	38.0	0.0	0.0	8.0
0.5565906212038292	0.48193270036077956	0.033399819242938354	30.0	0.0	0.0	8.0
0.7579064299194517	0.3341283470737372	0.03150080216770782	36.0	0.0	0.0	9.0
0.8382227045465173	0.8771047298333825	0.03281567541091493	26.0	0.0	0.0	9.0
0.8312405515618562	0.31129676738423717	0.03273807493110583	34.0	0.0	0.0	9.0
0.4033766747570196	0.2749616895633504	0.030596505710183672	27.0	0.0	0.0	9.0
0.9501568028071256	0.7637614096489749	0.03377360946544519	15.0	0.0	0.0	9.0
0.825833339449926	0.3915026829705494	0.032662371403938	61.0	0.0	0.0	9.0
0.80324324345477	0.7390025667487516	0.03404333648150977	29.0	0.0	0.0	9.0
0.4545035930222032	0.35921834994042984	0.03174466566127918	48.0	0.0	0.0	9.0
0.19685464646784595	0.16058075131545088	0.03290250779116188	77.0	0.0	0.0	9.0
0.8686008015434159	0.7971495305524244	0.03201175144459284	6.0	0.0	0.0	9.0
0.686195935854923	0.23532213653214437	0.03637860015929529	70.0	0.0	0.016768528255340698	9.0
0.378348339248986	0.8102704671960124	0.03048166159518534	55.0	0.0	0.0	9.0
0.3179693340312728	0.7357761113529522	0.03254656840085269	18.0	0.0	0.0	9.0
0.6308290871917616	0.885761601604441	0.0357501594962196	42.0	0.0	0.0027017229255221764	9.0
0.030664770906797457	0.04178751554435799	0.031094473108516787	28.0	0.0	0.0	9.0
0.10429251741847072	0.6620027614399322	0.033080502983247335	16.0	0.0	0.0	9.0
0.16867462850002288	0.05359811709791136	0.03308034773476151	46.0	0.0	0.0	9.0
0.8103954311899518	0.4565699986507239	0.03245618789142267	13.0	0.0	0.0	9.0
0.5508602696211047	0.40721435890273233	0.03221352709166873	68.0	0.0	0.0	9.0
0.6240285628781792	0.5792498716847105	0.03140283633607081	79.0	0.0	0.0	9.0
0.7825248868037216	0.15700537306010526	0.03582451356509634	81.0	0.0	0.003587347015979958	9.0
0.016533553456371645	0.6163265442613131	0.031939265771263055	33.0	0.0	0.0	9.0
0.7060430069800685	0.04279840039214537	0.03414795819232552	1.0	0.0	0.0	9.0
0.8016613574581694	0.0616066383977949	0.03365554222936443	52.0	0.0	0.0	9.0
0.08829879711643944	0.9497341289433552	0.03399896937657863	47.0	0.0	0.0	9.0
0.5230775974530761	0.3224312313514052	0.0317571911693243	78.0	0.0	0.0	9.0
0.5230722444043883	0.9267294163795804	0.031876694787450054	59.0	0.0	0.0	9.0
0.47247410000854256	0.062407758388250856	0.0327541053646463	41.0	0.0	0.0	9.0
0.5924387269404214	0.7711433502782126	0.031876191735552624	2.0	0.0	0.0	9.0
0.40148377456099765	0.8998691863917057	0.03584744352389076	22.0	0.0	0.003895043116983743	9.0
0.36546683718316386	0.6827074805068835	0.03447960188641182	83.0	0.0	0.0	9.0
0.7363063458876595	0.8437152637935963	0.03462838147639299	12.0	0.0	0.0	9.0
0.1136973402513138	0.7917982649502752	0.03361439247428743	23.0	0.0	0.0	9.0
0.4322296904808839	0.9743998000071887	0.03236667595007876	40.0	0.0	0.0	9.0
0.27152986813605834	0.20077611465851397	0.03171230159672521	21.0	0.0	0.0	9.0
0.713196739788284	0.11476300111240754	0.03395079586208876	51.0	0.0	0.0	9.0
0.7314399055236742	0.5862734569856427	0.03452598782813997	14.0	0.0	0.0	9.0
0.46514682079747344	0.7355252881040211	0.03811172620257324	75.0	0.0	0.19283421963631042	9.0
0.16665252350068036	0.959367182180036	0.034127832823429356	10.0	0.0	0.0	9.0
0.28021687121918987	0.0890067057702567	0.036744252108341244	54.0	0.0	0.033963132840582944	9.0
0.6895367766948104	0.3837215871452864	0.03344288626149804	24.0	0.0	0.0	9.0
0.13438700779609453	0.18713307769588458	0.03342805425273413	20.0	0.0	0.0	9.0
0.5428452682513079	0.6054297968170902	0.03266915671888674	45.0	0.0	0.0	9.0
0.9362588872562216	0.8335806463043809	0.030285269803120345	69.0	0.0	0.0	9.0
0.8850258157413877	0.24884398822835865	0.033744861042375	37.0	0.0	0.0	9.0
0.5596684216646406	0.12783778574838958	0.034566033296764526	57.0	0.0	0.0	9.0
0.7231015142609403	0.7489131755471505	0.03400275379529312	66.0	0.0	0.0	9.0
0.9947417757867806	0.16331219862517266	0.03267844969352444	11.0	0.0	0.0	9.0
0.7850763530505602	0.5342938919607731	0.03135487975384851	62.0	0.0	0.0	9.0
0.12383421796511643	0.2923997090945653	0.032949404377190517	63.0	0.0	0.0	9.0
0.6211033094660723	0.9826737878276736	0.034332684707799106	25.0	0.0	0.0	9.0
0.3895196510256268	0.5464233833034269	0.03318698957447748	3.0	0.0	0.0	9.0
0.027387534928039487	0.2664476483322044	0.03203996690086533	43.0	0.0	0.0	9.0
0.8978115425477179	0.3474731744564418	0.03116585081995039	38.0	0.0	0.0	9.0
0.32999246731388054	0.4709173499352684	0.03315413116506458	72.0	0.0	0.0	9.0
0.05445516273500868	0.5363999410207493	0.03425504464524553	84.0	0.0	0.0	9.0
0.3404049840327397	0.3761309740122927	0.02929873032449561	65.0	0.0	0.0	9.0
0.5569457896057609	0.48756662017217306	0.03343321906218129	30.0	0.0	0.0	9.0
0.7786184868220388	0.24897990697437145	0.03383247798389394	58.0	0.0	0.0	9.0
0.1273741166463118	0.8812335098518658	0.033470561414783655	56.0	0.0	0.0	9.0
0.6494819889392276	0.5072909680609821	0.030920291633066855	44.0	0.0	0.0	9.0
0.14435362719633862	0.5079158676462595	0.03437223021025603	60.0	0.0	0.0	9.0
0.255579261525415	0.30477125723880094	0.03239194305726127	8.0	0.0	0.0	9.0
0.6573545873129504	0.7976822067912447	0.034397596776	39.0	0.0	0.0	9.0
0.09410299103657041	0.052293450532004286	0.0330822934261564	73.0	0.0	0.0	9.0
0.9012339010903733	0.710886117241501	0.030025496526136952	9.0	0.0	0.0	9.0
0.251444542957346	0.7743980884329744	0.031383501795773816	76.0	0.0	0.0	9.0
0.8915134840801207	0.6378600834025006	0.03137162043725825	49.0	0.0	0.0	9.0
0.9246916919470245	0.9311886192218678	0.0338554619468149	35.0	0.0	0.0	9.0
0.21497540175492125	0.46418746796360044	0.030964006413306374	32.0	0.0	0.0	9.0
0.4682947982152363	0.5407520490926938	0.033164573543758125	74.0	0.0	0.0	9.0
0.4649522158812468	0.6472107726940906	0.03490911954673625	80.0	0.0	0.0	9.0
0.652965445735323	0.4360834569801221	0.03001419901933875	82.0	0.0	0.0	9.0
0.19990543486394344	0.2525821961712983	0.03476380220285849	17.0	0.0	0.0	9.0
0.6109560927200769	0.2088371610603682	0.030670565760452274	5.0	0.0	0.0	9.0
0.6412884172473741	0.14176411405751546	0.034568323152333914	50.0	0.0	0.0	9.0
0.4009130959388821	0.45653023109031915	0.034488022060901846	64.0	0.0	0.0	9.0
0.0838200990038305	0.45124179926759345	0.029892886998441	71.0	0.0	0.0	9.0
0.5702694445140388	0.04773459565228948	0.03368585309905394	19.0	0.0	0.0	9.0
0.4823848094047739	0.4450037512658766	0.03444265019750479	4.0	0.0	0.0	9.0
0.2916381202657519	0.833142285275378	0.034753301280970754	53.0	0.0	0.0	9.0
0.7287774420149936	0.9256624616394138	0.03406362910516126	67.0	0.0	0.0	9.0
0.45035975716740345	0.8343211397742339	0.0351381340236037	7.0	0.0	1.6868713444750938e-05	9.0
0.687739821739541	0.6476557729286724	0.03366879437055036	31.0	0.0	0.0	9.0
0.017549373233536624	0.6159345271287356	0.031971205037034316	33.0	0.0	0.0	10.0
0.5656743150971536	0.04719695898715283	0.03371953895215299	19.0	0.0	0.0	10.0
0.20645226843966522	0.1541150974232228	0.032935410298953034	77.0	0.0	0.0	10.0
0.28070190602627537	0.09043495675457641	0.03678099636044958	54.0	0.0	0.036155058608215995	10.0
0.561043638106483	0.1290007749935875	0.03460059933006129	57.0	0.0	0.0	10.0
0.6481632909028907	0.4372785693300945	0.030044213218358085	82.0	0.0	0.0	10.0
0.9326185061590905	0.8315595863857497	0.03031555507292346	69.0	0.0	0.0	10.0
0.8255937864750689	0.38950962343004286	0.03269503377534193	61.0	0.0	0.0	10.0
0.6298862323403394	0.8812889078285744	0.03578590965571581	42.0	0.0	0.0031066894862874506	10.0
0.7111785371792717	0.11660488977805915	0.03398474665795084	51.0	0.0	0.0	10.0
0.32780755087088626	0.47001031277221006	0.03318728529622964	72.0	0.0	0.0	10.0
0.35426059562113094	0.38078775291363076	0.029328029054820102	65.0	0.0	0.0	10.0
0.9844099621568029	0.17119281577611523	0.03271112814321796	11.0	0.0	0.0	10.0
0.7786451975159998	0.24473732633001696	0.03386631046187783	58.0	0.0	0.0	10.0
0.7827833580674094	0.1587029477043149	0.03586033807866143	81.0	0.0	0.004075561112699688	10.0
0.4658072334747242	0.644931340161525	0.03494402866628298	80.0	0.0	0.0	10.0
0.6214588120228538	0.9806026061760726	0.0343670173925069	25.0	0.0	0.0	10.0
0.8930840937410802	0.639753279229027	0.031402992057695506	49.0	0.0	0.0	10.0
0.11479007828536318	0.7904978390004936	0.03364800686676171	23.0	0.0	0.0	10.0
0.5571070584782274	0.48862579381063975	0.033466652281243466	30.0	0.0	0.0	10.0
0.6949308692988347	0.374721535504119	0.03347632914775953	24.0	0.0	0.0	10.0
0.28966861636051583	0.8360723528349511	0.03478805458225172	53.0	0.0	0.0	10.0
0.5241133518993317	0.9262817653847959	0.031908571482237504	59.0	0.0	0.0	10.0
0.31705976942944875	0.7342418716837976	0.03257911496925354	18.0	0.0	0.0	10.0
0.16827189902561587	0.9563842902930919	0.03416196065625278	10.0	0.0	0.0	10.0
0.6281745346182757	0.5823304272424772	0.031434239172406876	79.0	0.0	0.0	10.0
0.40219779289632596	0.27710096036889487	0.03062710221589385	27.0	0.0	0.0	10.0
0.40132977170806633	0.8917163910944685	0.03588329096741465	22.0	0.0	0.004410535702859875	10.0
0.8086989503017807	0.4581578824462671	0.03248864407931409	13.0	0.0	0.0	10.0
0.21460926162689237	0.4620543111110764	0.030994970419719676	32.0	0.0	0.0	10.0
0.08171251361417885	0.45014020551426764	0.029922779885439437	71.0	0.0	0.0	10.0
0.02782849529811095	0.26792746323578637	0.03207200686776619	43.0	0.0	0.0	10.0
0.42820061022359035	0.9686435347769152	0.032399042626028836	40.0	0.0	0.0	10.0
0.8286203964552626	0.31128851940104746	0.03277081300603693	34.0	0.0	0.0	10.0
0.6589471233371494	0.801418353535191	0.034431994372776	39.0	0.0	0.0	10.0
0.08653367602014232	0.9479296781059919	0.034032968345955206	47.0	0.0	0.0	10.0
0.5436964519443721	0.6043065448121817	0.03270182587560562	45.0	0.0	0.0	10.0
0.6872308813807453	0.24274644119010025	0.03641497875945458	70.0	0.0	0.018131333067913147	10.0
0.10242614233246401	0.6541360805767702	0.03311358348623058	16.0	0.0	0.0	10.0
0.4482122713108085	0.8316991653139398	0.0351732721576273	7.0	0.0	3.32940267497861e-05	10.0
0.6469922213864463	0.5164585453731074	0.03095121192469992	44.0	0.0	0.0	10.0
0.7997613507658778	0.7457155655065758	0.03407737981799128	29.0	0.0	0.0	10.0
0.7599595244454762	0.3379675996835319	0.031532302969875525	36.0	0.0	0.0	10.0
0.39986361711456464	0.45599840458337737	0.03452251008296275	64.0	0.0	0.0	10.0
0.0311255675816253	0.044261741735201046	0.0311255675816253	28.0	0.0	0.0	10.0
0.16931676712521407	0.05491633428276403	0.03311342808249627	46.0	0.0	0.0	10.0
0.8959240906536019	0.3450465176999944	0.031197016670770336	38.0	0.0	0.0	10.0
0.050590589993877416	0.540502851936583	0.03428929968989077	84.0	0.0	0.0	10.0
0.6948861073619687	0.6506753364025175	0.03370246316492091	31.0	0.0	0.0	10.0
0.7304624614092805	0.5875465953045442	0.03456051381596811	14.0	0.0	0.0	10.0
0.4636379902130919	0.7357307787519564	0.03814983792877581	75.0	0.0	0.2000067250755393	10.0
0.86982235826555	0.7970377053388261	0.03204376319603743	6.0	0.0	0.0	10.0
0.12847740096229293	0.8768307895382446	0.03350403197619843	56.0	0.0	0.0	10.0
0.7355846769609701	0.8424622620525333	0.034663009857869374	12.0	0.0	0.0	10.0
0.4687360408590388	0.5381813399646876	0.03319773811730188	74.0	0.0	0.0	10.0
0.9527460121029446	0.7633588353343711	0.03380738307491064	15.0	0.0	0.0	10.0
0.25099679251242085	0.7762338020957046	0.031414885297569584	76.0	0.0	0.0	10.0
0.47789962980545897	0.4447068228739414	0.03447709284770229	4.0	0.0	0.0	10.0
0.1251236361889431	0.1891549357620391	0.03346148230698686	20.0	0.0	0.0	10.0
0.45191223941283315	0.3542983227638279	0.03177641032694046	48.0	0.0	0.0	10.0
0.7049262286400813	0.0423835010463942	0.034182106150517845	1.0	0.0	0.0	10.0
0.6100954348480309	0.205402655700827	0.030701236326212723	5.0	0.0	0.0	10.0
0.5813931226187025	0.7758105165683109	0.031908067927288175	2.0	0.0	0.0	10.0
0.25846898309281996	0.30181714802046505	0.03242433500031853	8.0	0.0	0.0	10.0
0.9060094286856589	0.707654279015658	0.030055522022663084	9.0	0.0	0.0	10.0
0.7837516207268891	0.5336843193066501	0.03138623463360235	62.0	0.0	0.0	10.0
0.8323718999268428	0.8895099295497517	0.03284849108632584	26.0	0.0	0.0	10.0
0.8838485548812983	0.2470190318012012	0.03377860590341737	37.0	0.0	0.0	10.0
0.5366199712041455	0.408427607242041	0.03224574061876039	68.0	0.0	0.0	10.0
0.2713999954685902	0.19919284883153024	0.03174401389832193	21.0	0.0	0.0	10.0
0.5360438411164022	0.31956976615776395	0.031788948360493625	78.0	0.0	0.0	10.0
0.10277153093057063	0.05175608575623424	0.033115375719582556	73.0	0.0	0.0	10.0
0.12417627068792342	0.28921600958687027	0.032982353781567705	63.0	0.0	0.0	10.0
0.6456889334161153	0.1435585311253225	0.034602891475486244	50.0	0.0	0.0	10.0
0.38035583427887537	0.5501601515701664	0.033220176564051955	3.0	0.0	0.0	10.0
0.9208188630260258	0.9345483273811914	0.033889317408761714	35.0	0.0	0.0	10.0
0.7287774420149936	0.9309177382677181	0.03409769273426642	67.0	0.0	0.0	10.0
0.3805175944280434	0.7966021775873373	0.03051214325678052	55.0	0.0	0.0	10.0
0.35625209146609976	0.6728002012291597	0.03451408148829822	83.0	0.0	0.0	10.0
0.19982314826332476	0.25388748151457885	0.03479856600506134	17.0	0.0	0.0	10.0
0.8024137728667271	0.05753145840881589	0.033689197771593786	52.0	0.0	0.0	10.0
0.1449747927366956	0.5066608365551629	0.03440660244046628	60.0	0.0	0.0	10.0
0.7224835809190565	0.7473840448363035	0.03403675654908841	66.0	0.0	0.0	10.0
0.47417807908164394	0.06431063323830419	0.03278685947001094	41.0	0.0	0.0	10.0
0.6283841399831496	0.5856553283635075	0.03146567341157928	79.0	0.0	0.0	11.0
0.898083121831322	0.35226454616214453	0.031228213687441102	38.0	0.0	0.0	11.0
0.3948664127121676	0.27458545209919666	0.03065772931810974	27.0	0.0	0.0	11.0
0.6203967931454845	0.9806126358250429	0.034401384409899406	25.0	0.0	0.0	11.0
0.3785001692778018	0.7975770734153428	0.030542655400037297	55.0	0.0	0.0	11.0
0.12463112425055126	0.2905553877903608	0.03301533613534927	63.0	0.0	0.0	11.0
0.02210175499078226	0.6196870873423674	0.03200317624207134	33.0	0.0	0.0	11.0
0.8010540365830866	0.749685537138344	0.03411145719780927	29.0	0.0	0.0	11.0
0.4780237674061255	0.44291718048838497	0.03451156994054999	4.0	0.0	0.0	11.0
0.5587246131519891	0.4890365551952655	0.033500118933524704	30.0	0.0	0.0	11.0
0.8346134592253431	0.8904905127791819	0.03288133957741216	26.0	0.0	0.0	11.0
0.28701816577079176	0.8350876720113287	0.03482284263683397	53.0	0.0	0.0	11.0
0.31392460749643525	0.4715461004881605	0.03322047258152587	72.0	0.0	0.0	11.0
0.9218237706256702	0.9391709974355253	0.033923206726170475	35.0	0.0	0.0	11.0
0.5426267427104823	0.6041125205829299	0.03273452770148122	45.0	0.0	0.0	11.0
0.8847932173625569	0.24583555469779889	0.03381238450932079	37.0	0.0	0.0	11.0
0.0317900172434286	0.045670544676325836	0.03115669314920692	28.0	0.0	0.0	11.0
0.3518611012063934	0.3845592970486734	0.029357357083874918	65.0	0.0	0.0	11.0
0.08242992199257906	0.4491152587172867	0.029952702665324873	71.0	0.0	0.0	11.0
0.08323992273294231	0.9440099076638665	0.034067001314301154	47.0	0.0	0.0	11.0
0.5374726753897623	0.40907800953059514	0.032277986359379146	68.0	0.0	0.0	11.0
0.774213737619205	0.24461174505709285	0.0339001767723397	58.0	0.0	0.0	11.0
0.8048975213282579	0.05918963278681337	0.03372288696936537	52.0	0.0	0.0	11.0
0.9341269709222697	0.8268259115236612	0.03034587062799638	69.0	0.0	0.0	11.0
0.7847117568403837	0.5340479191378602	0.03141762086823595	62.0	0.0	0.0	11.0
0.4496167491675394	0.35042632490086767	0.031808186737267395	48.0	0.0	0.0	11.0
0.10131112851611286	0.6541606541277813	0.033146697069716805	16.0	0.0	0.0	11.0
0.7369402244092834	0.843294998317497	0.03469767286772724	12.0	0.0	0.0	11.0
0.2040510195197771	0.15580713131882326	0.03296834570925199	77.0	0.0	0.0	11.0
0.5244909371927252	0.9273079900077914	0.03194048005371974	59.0	0.0	0.0	11.0
0.12765111422317396	0.8752128894764254	0.03353753600817463	56.0	0.0	0.0	11.0
0.724722504316918	0.7456984906030257	0.03407079330563749	66.0	0.0	0.0	11.0
0.6593253511869013	0.7997297553284026	0.03446642636714877	39.0	0.0	0.0	11.0
0.6494981340552299	0.43859256641821465	0.03007425743157644	82.0	0.0	0.0	11.0
0.8717837736424641	0.7939971747990162	0.03207580695923347	6.0	0.0	0.0	11.0
0.7150985700788963	0.11863736100605697	0.03401873140460879	51.0	0.0	0.0	11.0
0.11995932656696626	0.7918800285597516	0.033681654873628473	23.0	0.0	0.0	11.0
0.5661254991378203	0.04564725140659867	0.03375325849110514	19.0	0.0	0.0	11.0
0.9069269194338626	0.7144927933041028	0.030085577544685743	9.0	0.0	0.0	11.0
0.6380514937338779	0.14087450941015947	0.03463749436696173	50.0	0.0	0.0	11.0
0.6673346693386772	0.56312625250501	0.017635270541082163	-2.0	-1.0	0.0	11.0
0.9839886654228627	0.17218119305413485	0.03274383927136117	11.0	0.0	0.0	11.0
0.4331306345866896	0.9680036922953835	0.03243144166865486	40.0	0.0	0.0	11.0
0.5737811158961592	0.7684111674008985	0.03193997599521546	2.0	0.0	0.0	11.0
0.826861472931949	0.3020625253347752	0.03280358381904296	34.0	0.0	0.0	11.0
0.46801427519479066	0.5327540033334867	0.033230935855419176	74.0	0.0	0.0	11.0
0.3901942082305819	0.455602486685444	0.034557032593045704	64.0	0.0	0.0	11.0
0.17160421334577616	0.05413147662434559	0.03314654151057876	46.0	0.0	0.0	11.0
0.275903583163949	0.08898867461074872	0.03681777735681003	54.0	0.0	0.038441651918674324	11.0
0.7299953032031654	0.9314323285534011	0.03413179042700068	67.0	0.0	0.0	11.0
0.16868176522347292	0.9433682379009493	0.034196122616909026	10.0	0.0	0.0	11.0
0.8277497226891926	0.3899711930475655	0.032727728809117264	61.0	0.0	0.0	11.0
0.6935362179304679	0.3737518802638395	0.03350980547690729	24.0	0.0	0.0	11.0
0.10163195515415542	0.05395315828403685	0.033148491095302136	73.0	0.0	0.0	11.0
0.7943630805560224	0.16627822320426328	0.035896198416740084	81.0	0.0	0.004606727156698298	11.0
0.45588435694746116	0.828168872045913	0.03520844542978492	7.0	0.0	5.796383435097141e-05	11.0
0.12966119523114109	0.19061665500733216	0.033494943789293845	20.0	0.0	0.0	11.0
0.6300812598025053	0.883865453350596	0.03582169556537153	42.0	0.0	0.0035506903788729005	11.0
0.8908689831325095	0.6350780924526883	0.0314343950497532	49.0	0.0	0.0	11.0
0.31690106476995855	0.7353803584092282	0.032611694084222785	18.0	0.0	0.0	11.0
0.46684256285779363	0.6453234153929844	0.03497897269494926	80.0	0.0	0.0	11.0
0.2146806652052022	0.4607954929141913	0.031025965390139392	32.0	0.0	0.0	11.0
0.7309813041006691	0.5883852487859581	0.03459507432978407	14.0	0.0	0.0	11.0
0.6887164701029568	0.24150606974507358	0.03645139373821404	70.0	0.0	0.019567516520922368	11.0
0.958993051969511	0.7654864296857185	0.033841190457985545	15.0	0.0	0.0	11.0
0.02629339999855904	0.2671975328437626	0.03210407887463396	43.0	0.0	0.0	11.0
0.3564731589962166	0.6696131586260882	0.03454859556978652	83.0	0.0	0.0	11.0
0.5617875243479972	0.12781511218336983	0.03463519992939135	57.0	0.0	0.0	11.0
0.40050128907538585	0.8924918399406625	0.03591917425838206	22.0	0.0	0.004970196212639166	11.0
0.6966606101274875	0.6516171054907945	0.03373616562808583	31.0	0.0	0.0	11.0
0.38518415376635	0.551582377792705	0.033253396740616004	3.0	0.0	0.0	11.0
0.14315639263266966	0.5028674497031288	0.03444100904290674	60.0	0.0	0.0	11.0
0.7526801413821821	0.3318897810018717	0.0315638352728454	36.0	0.0	0.0	11.0
0.27273470208072503	0.20005981656738434	0.03177575791222025	21.0	0.0	0.0	11.0
0.2505331090874953	0.7773607509744078	0.03144630018286715	76.0	0.0	0.0	11.0
0.05282904775811145	0.5411316907910011	0.034323588989580656	84.0	0.0	0.0	11.0
0.6459175419014919	0.515002634778661	0.030982163136624618	44.0	0.0	0.0	11.0
0.46037357746541685	0.732131189747573	0.03818798776670458	75.0	0.0	0.20736235315112594	11.0
0.6088485733380609	0.20402777166250385	0.030731937562538933	5.0	0.0	0.0	11.0
0.19381588142511216	0.2459600804435468	0.0348333645710664	17.0	0.0	0.0	11.0
0.5322748027533073	0.31946295696928867	0.03182073730885412	78.0	0.0	0.0	11.0
0.7004173732443405	0.04100332841728082	0.03421628825666836	1.0	0.0	0.0	11.0
0.25550626504729246	0.29810544247453596	0.032456759335318844	8.0	0.0	0.0	11.0
0.4757566764847518	0.06192988673200884	0.03281964632948095	41.0	0.0	0.0	11.0
0.8085496004002294	0.462109707642044	0.032521132723393395	13.0	0.0	0.0	11.0
