# x	y	r	id	split_id	s_prob	t
2.0	0.5	0.0	-1.0	0.0	0.0	0.0
0.6482188144766675	0.21721285084817235	0.10665343390862773	1.0	0.0	2354.45827751442	0.0
0.4028781199327749	0.5908494211844416	0.11238257906648534	2.0	0.0	2965.579523647069	0.0
0.6099280840791337	0.6866383484979377	0.11110524721931307	3.0	0.0	2821.1344034103913	0.0
0.8799165956279533	0.709851261240081	0.09072002081516344	4.0	0.0	1107.1686599919055	0.0
0.23384515610994477	0.08468216045026686	0.08468216045026686	5.0	0.0	784.8404772168143	0.0
0.4212359672763332	0.1822265053790088	0.10510664955396709	6.0	0.0	2205.2488846278907	0.0
0.512291238773951	0.3870809937182669	0.10768007158540768	7.0	0.0	2457.1179984487067	0.0
0.49421638894630765	0.38591326334794945	0.10778775165699307	7.0	0.0	2468.0553087253857	1.0
0.22963250532620108	0.0811648668266007	0.08476684261071711	5.0	0.0	788.8605520679495	1.0
0.6510711404359008	0.22527785493454025	0.10676008734253635	1.0	0.0	2364.9875013643928	1.0
0.3784539170321982	0.6054332619203229	0.11249496164555181	2.0	0.0	2978.519014737121	1.0
0.4326618361859308	0.17139628593180453	0.10521175620352105	6.0	0.0	2215.1823502841407	1.0
0.8799999253602617	0.7164688185490182	0.09081074083597859	4.0	0.0	1112.5853478594731	1.0
0.5977255684448581	0.6826224870322264	0.11121635246653237	3.0	0.0	2833.508083072335	1.0
0.658164278298819	0.22030535031306978	0.10686684742987887	1.0	0.0	2375.558646168515	2.0
0.5813364186729882	0.7063539758617509	0.1113275688189989	3.0	0.0	2845.9303190252326	2.0
0.49120092489733924	0.390399425250676	0.10789553940865006	7.0	0.0	2479.036013552191	2.0
0.4298102018017309	0.17774964309079547	0.10531696795972456	6.0	0.0	2225.155579377148	2.0
0.37651516520247846	0.6065909024798174	0.11260745660719736	2.0	0.0	2991.509085703653	2.0
0.8576798061590427	0.7353444353557641	0.09090155157681457	4.0	0.0	1118.0251171325501	2.0
0.23340182696831274	0.07247400073747358	0.08485160945332781	5.0	0.0	792.8983718117538	2.0
0.4318896778876038	0.17784790550999313	0.10542228492768427	6.0	0.0	2235.168716149531	3.0
0.23292671654673686	0.08001052144752946	0.08493646106278113	5.0	0.0	796.954005080453	3.0
0.5888826763807385	0.7104118460258592	0.11143889638781788	3.0	0.0	2858.4012851307743	3.0
0.675096809714089	0.23697344868490985	0.10697371427730874	1.0	0.0	2386.171863458655	3.0
0.49255018272234025	0.39258035560016874	0.1080034349480587	7.0	0.0	2490.060269431086	3.0
0.36903215933478783	0.613054343444655	0.11272006406380454	2.0	0.0	3004.5499171946526	3.0
0.8626850667328312	0.7303549060367003	0.09099245312839137	4.0	0.0	1123.4880550397552	3.0
0.07414829659318636	0.595190380761523	0.022444889779559114	-2.0	-1.0	0.0	4.0
0.4261617876225655	0.15615273467802143	0.10552770721261194	6.0	0.0	2245.221905331719	4.0
0.369300918978685	0.6166049790797231	0.11283278412786833	2.0	0.0	3017.641690463438	4.0
0.6713420807103283	0.25535775615284256	0.10708068799158604	1.0	0.0	2396.8273052780714	4.0
0.8674961254436645	0.7289706210499735	0.09108344558151975	4.0	0.0	1128.9742491117815	4.0
0.4882577223157369	0.3971375431181041	0.10811143838300674	7.0	0.0	2501.12823339149	4.0
0.24352724790086241	0.05789662243581792	0.0850213975238439	5.0	0.0	801.0275207470734	4.0
0.5956009630354959	0.7091932808786346	0.11155033528420569	3.0	0.0	2870.9211558341235	4.0
0.6706455609894025	0.26035432310192796	0.10718776867957762	1.0	0.0	2407.5251241830697	5.0
0.39179425320069766	0.59922304501685	0.11294561691199619	2.0	0.0	3030.784587370602	5.0
0.8766189296169487	0.7433099161796336	0.09117452902710126	4.0	0.0	1134.483787182387	5.0
0.43964545689537377	0.1719955433938694	0.10563323491982454	6.0	0.0	2255.315292143526	5.0
0.48296593186372744	0.09619238476953906	0.04308617234468937	-2.0	-1.0	3.3838332558064224	5.0
0.6973947895791582	0.8817635270541081	0.07775551102204407	-2.0	-1.0	500.2145022845958	5.0
0.5986897202564586	0.7114284932511329	0.11166188561948988	3.0	0.0	2883.4901061657897	5.0
0.23447790207886776	0.06703183332950148	0.08510641892136774	5.0	0.0	805.1189879262381	5.0
0.494713033481693	0.3922777175996003	0.10821954982138973	7.0	0.0	2512.240062991983	5.0
0.49602418671361054	0.3984618596898664	0.10832776937121111	7.0	0.0	2523.3959163220147	6.0
0.237488250903701	0.06751931700521596	0.08519152534028909	5.0	0.0	809.2284759749649	6.0
0.42903912345463485	0.1769571742760845	0.10573886815474436	6.0	0.0	2265.4490222957397	6.0
0.8658179515477221	0.7214871291600241	0.09126570355612834	4.0	0.0	1140.0167573893902	6.0
0.5973161149535593	0.7090435633027677	0.11177354750510936	3.0	0.0	2896.1083117435182	6.0
0.6796822190472371	0.25898608703915166	0.10729495644825718	1.0	0.0	2418.265473244658	6.0
0.3948809777077417	0.5994078820934112	0.11305856252890817	2.0	0.0	3043.9787903859697	6.0
0.3627254509018036	0.24048096192384769	0.0565130260521042	-2.0	-1.0	63.72127887487288	7.0
0.38171613530206305	0.6118831417219888	0.11317162109143707	2.0	0.0	3057.2244825905586	7.0
0.8753790242844044	0.7231592152192738	0.09135696925968446	4.0	0.0	1145.5732481756704	7.0
0.502332853694735	0.40789355358630214	0.1084360971405823	7.0	0.0	2534.595952003617	7.0
0.6107115997003647	0.7101848350056094	0.11188532105261445	3.0	0.0	2908.7759487741796	7.0
0.2533358435491794	0.08613964755539587	0.08527671686562938	5.0	0.0	813.35605449347	7.0
0.6711699889148771	0.2577721567435929	0.10740225140470543	1.0	0.0	2429.048506050215	7.0
0.42802197449882434	0.1748352873123798	0.10584460702289909	6.0	0.0	2275.623241991707	7.0
0.27054108216432865	0.2284569138276553	0.0344689378757515	-2.0	-1.0	0.0	7.0
0.6241459014745219	0.7099733691275406	0.11199720637366706	3.0	0.0	2921.493194055672	8.0
0.24260857150226142	0.085361993582495	0.085361993582495	5.0	0.0	817.5017933259696	8.0
0.43330242076027553	0.1750638233565562	0.10595045162992198	6.0	0.0	2285.838097928929	8.0
0.8712516851922268	0.7363986683371626	0.09144832622894414	4.0	0.0	1151.1533482901627	8.0
0.3841561981129073	0.611344654633143	0.11328479271252849	2.0	0.0	3070.5218476785453	8.0
0.49589832427307956	0.40550303261032056	0.10854453323772288	7.0	0.0	2545.84032919313	8.0
0.6667579479503153	0.24856814374967046	0.10750965365611012	1.0	0.0	2439.8743767051546	8.0
0.4958112693729468	0.4008944116211969	0.10865307777096059	7.0	0.0	2557.129207582917	9.0
0.6677979774843691	0.2567841850625902	0.10761716330976621	1.0	0.0	2450.7432398346014	9.0
0.4325882423610938	0.17205359589057156	0.10605640208155188	6.0	0.0	2296.093737300662	9.0
0.630163547192015	0.7081595658886165	0.11210920358004071	3.0	0.0	2934.26022497882	9.0
0.2370945458162769	0.06074462632186366	0.08544735557607748	5.0	0.0	821.6657625614898	9.0
0.8585331444361219	0.743564846094659	0.09153977455517308	4.0	0.0	1156.7571467888695	9.0
0.3775595439627295	0.6192961898978154	0.113398077505241	2.0	0.0	3083.871069959241	9.0
0.663212244178889	0.25665423190060643	0.10772478047307597	1.0	0.0	2461.6552505850746	10.0
0.42312769631422675	0.17226209484140687	0.10616245848363343	6.0	0.0	2306.390307797521	10.0
0.491729134520303	0.40015399259573303	0.10876173084873153	7.0	0.0	2568.462747403108	10.0
0.6265340749049295	0.712648328262172	0.11222131278362074	3.0	0.0	2947.077219529286	10.0
0.8553328153199098	0.7361858971932455	0.09163131432972824	4.0	0.0	1162.3847330358624	10.0
0.2430463732478406	0.073787186574084	0.08553280293165355	5.0	0.0	825.8480325346733	10.0
0.378907219423398	0.6132794929049553	0.11351147558274623	2.0	0.0	3097.272334359069	10.0
0.8385033454259038	0.7586875641006354	0.09172294564405796	4.0	0.0	1168.036196704298	11.0
0.24613146202265782	0.07181075218055194	0.0856183357345852	5.0	0.0	830.0486738265928	11.0
0.6539066663808634	0.24404759941783893	0.10783250525354904	1.0	0.0	2472.6105646261653	11.0
0.4353431666154122	0.1931658633586114	0.10626862094211705	6.0	0.0	2316.7279576090878	11.0
0.4967390838953464	0.40103015646753554	0.10887049257958024	7.0	0.0	2579.8411094233293	11.0
0.6264947377557237	0.7064002304752771	0.11233353409640436	3.0	0.0	2959.9443562894917	11.0
0.3616345634172832	0.6002759223143465	0.11362498705832896	2.0	0.0	3110.7258264235534	11.0
0.6059659184630345	0.7039983294748052	0.11244586763050075	3.0	0.0	2972.86181444053	12.0
0.4939054393592624	0.4130058325559652	0.10897936307215982	7.0	0.0	2591.264454954446	12.0
0.8427002726363989	0.7589919597119296	0.09181466858970201	4.0	0.0	1173.711627777427	12.0
0.36405001779949026	0.6008893021293411	0.11373861204538728	2.0	0.0	3124.2317323193047	12.0
0.6605885093538062	0.24727651764408867	0.10794033775880257	1.0	0.0	2483.6093381522346	12.0
0.2401151274371793	0.0778841729920017	0.08570395407031978	5.0	0.0	834.2677572655637	12.0
0.4300645719678252	0.187951686585983	0.10637488956305916	6.0	0.0	2327.106835425526	12.0
0.8412425665853465	0.7542102634478524	0.0919064832582917	4.0	0.0	1179.411116549615	13.0
0.5043630950914333	0.4117919771236946	0.10908834243523197	7.0	0.0	2602.7329458503095	13.0
0.6286920933474477	0.7007573465871978	0.11255831349813124	3.0	0.0	2985.8297737640983	13.0
0.17434869739478956	0.1903807615230461	0.07815631262525048	-2.0	-1.0	514.4142201004748	13.0
0.3798277888427801	0.6068432584013419	0.11385235065743265	2.0	0.0	3137.7902388360267	13.0
0.4205939567023962	0.19556823528670783	0.1064812644526222	6.0	0.0	2337.527090439199	13.0
0.6599972347144236	0.24006834252035536	0.10804827809656137	1.0	0.0	2494.6517278841034	13.0
0.4048096192384769	0.04008016032064128	0.04889779559118236	-2.0	-1.0	17.179785351321982	13.0
0.23504748357783467	0.07774056317009112	0.08578965802439009	5.0	0.0	838.5053539279646	13.0
0.8326341070159512	0.7560532694537233	0.09199838974154999	4.0	0.0	1185.1347536273604	14.0
0.4181084984399643	0.1882193702276773	0.1065877457170748	6.0	0.0	2347.9888723462986	14.0
0.367071444432631	0.6053507479961276	0.11396620300809007	2.0	0.0	3151.4015333885145	14.0
0.5049372880397474	0.4089938218430337	0.10919743077766719	7.0	0.0	2614.2467445095112	14.0
0.6573681053325889	0.2452972878972768	0.10815632637465791	1.0	0.0	2505.737891070756	14.0
0.2418157829246999	0.0748303584598772	0.08587544768241447	5.0	0.0	842.7615351390529	14.0
0.620862217584712	0.701723460632224	0.11267087181162935	3.0	0.0	2998.848414644436	14.0
0.8322170926506165	0.7615625268869538	0.09209038813129153	4.0	0.0	1190.88262993032	15.0
0.6275527601949836	0.7027206178437216	0.11278354268344097	3.0	0.0	3011.9179180702604	15.0
0.23046092184368736	0.39679358717434865	0.06252505010020039	-2.0	-1.0	133.46405887948265	15.0
0.5051879731079105	0.41097418760104515	0.10930662820844485	7.0	0.0	2625.8060138771393	15.0
0.22003192527382126	0.059684758488599846	0.08596132313009687	5.0	0.0	847.0363724737908	15.0
0.42153101212455446	0.18107962227930938	0.10669433346279186	6.0	0.0	2358.492331348473	15.0
0.6643382492712547	0.2502087819551216	0.10826448270103256	1.0	0.0	2516.867985491048	15.0
0.36946159503732057	0.6118468468805819	0.11408016921109815	2.0	0.0	3165.0658040186704	15.0
0.23627870165124829	0.046799948431104126	0.08604728445322696	5.0	0.0	851.3299377576677	16.0
0.6204986439368759	0.6901082946047967	0.1128963262261244	3.0	0.0	3025.0384656367114	16.0
0.8323929302640825	0.7643517812482821	0.09218247851942281	4.0	0.0	1196.6548366923355	16.0
0.43075963862667616	0.17090343898071828	0.10680102779625464	6.0	0.0	2369.0376181544552	16.0
0.8877755511022043	0.5430861723446894	0.0026052104208416833	-2.0	-1.0	0.0	16.0
0.3640559065811004	0.6328566771180417	0.11419424938030924	2.0	0.0	3178.7832393975186	16.0
0.508790731541677	0.424280147670198	0.10941593483665328	7.0	0.0	2637.410917446545	16.0
0.6599754065968853	0.2537137844852032	0.10837274718373358	1.0	0.0	2528.0421694554116	16.0
0.5248349894654118	0.4294486094721206	0.10952535077148992	7.0	0.0	2649.0616192611133	17.0
0.4285073779258322	0.1708396131146705	0.10690782882405088	6.0	0.0	2379.6248839817144	17.0
0.8257815661454252	0.7618003759080019	0.09227466099794222	4.0	0.0	1202.4514654624627	17.0
0.6973947895791582	0.8216432865731462	0.02945891783567134	-2.0	-1.0	0.0	17.0
0.36008289087220885	0.6226572493645484	0.11430844362968953	2.0	0.0	3192.5540288272236	17.0
0.6606807084962569	0.24626748120764383	0.1084811199309173	1.0	0.0	2539.2606018075817	17.0
0.6286232300796399	0.6700032875728916	0.11300922255235052	3.0	0.0	3038.210239547307	17.0
0.026052104208416832	0.47695390781563124	0.08396793587174349	-2.0	-1.0	751.4764363720075	17.0
0.25247165952658784	0.04055089022517602	0.08613333173768017	5.0	0.0	855.6423030675294	17.0
0.4249010539508672	0.18103545632404264	0.10701473665287492	6.0	0.0	2390.254280558092	18.0
0.6706612886565303	0.22475611493808256	0.10858960105084821	1.0	0.0	2550.5234419263097	18.0
0.5201695349462592	0.4431866750953247	0.1096348761222614	7.0	0.0	2660.7582839160323	18.0
0.8357703101415603	0.7632890964333384	0.09236693565894015	4.0	0.0	1208.272608106005	18.0
0.259151224993209	0.05076363676095209	0.08621946506941784	5.0	0.0	859.9735407324065	18.0
0.360113816582401	0.6177451785787574	0.11442275207331921	2.0	0.0	3206.378362243133	18.0
0.6295887202929377	0.6677771718547771	0.11312223177490285	3.0	0.0	3051.433422615899	18.0
0.2566336012977675	0.060061901126036266	0.08630568453448725	5.0	0.0	864.3237233343502	19.0
0.6766695054562064	0.22996828811087852	0.10869819065189905	1.0	0.0	2561.830849727097	19.0
0.42576944737427996	0.17862863193961456	0.10712175138952779	6.0	0.0	2400.9259601234558	19.0
0.8127740441639408	0.7572950666967759	0.09245930259459909	4.0	0.0	1214.1183568055526	19.0
0.36242887515941014	0.6170790672248613	0.11453717482539252	2.0	0.0	3220.2564302158003	19.0
0.5257524590369034	0.454290276658328	0.10974451099838366	7.0	0.0	2672.501076560079	19.0
0.6049548011427026	0.6658345390665877	0.11323535400667774	3.0	0.0	3064.7081982686414	19.0
0.8149939628343712	0.7574560734206999	0.09255176189719368	4.0	0.0	1219.9888040620185	20.0
0.5360299171720041	0.45613884434388063	0.10985425550938203	7.0	0.0	2684.2901628974046	20.0
0.6787314336115396	0.2276946497907696	0.10880688884255094	1.0	0.0	2573.182985663926	20.0
0.4388309813411275	0.18706787266469305	0.10722887314091731	6.0	0.0	2411.6400754313545	20.0
0.36270826206610557	0.6331965739401404	0.1146517120002179	2.0	0.0	3234.1884239530345	20.0
0.6194603718974522	0.6774029378919967	0.1133485893606844	3.0	0.0	3078.0347505459586	20.0
0.27234936372242774	0.08639199021902173	0.08639199021902173	5.0	0.0	868.6929237092642	20.0
0.666240361285687	0.216326299031759	0.10891569573139348	1.0	0.0	2584.5800107309997	21.0
0.6093322110064939	0.6750884802814415	0.11346193795004507	3.0	0.0	3091.413264104521	21.0
0.26654447525553865	0.08867425873117525	0.08647838220924074	5.0	0.0	873.0812149477455	21.0
0.5238446966836247	0.4514364204463965	0.1099641097648914	7.0	0.0	2696.125709189323	21.0
0.3506475950190098	0.6250345177035799	0.1147663637122181	2.0	0.0	3248.1745353019496	21.0
0.8150533162196432	0.7546753333778431	0.09264431365909086	4.0	0.0	1225.8840426956842	21.0
0.4329878234000928	0.18959880296477247	0.10733610201405822	6.0	0.0	2422.3967797506775	21.0
0.2658910783948095	0.08575716849556078	0.08656486059144998	5.0	0.0	877.4886703959257	22.0
0.5176498183691202	0.4551354201265361	0.11007407387465629	7.0	0.0	2708.0078822561136	22.0
0.6152267243979742	0.6666671085742539	0.1135753998879951	3.0	0.0	3104.843924219233	22.0
0.663066941734668	0.20900939509488164	0.10902461142712486	1.0	0.0	2596.0220864644843	22.0
0.8127833394358331	0.7544386755866027	0.09273695797274993	4.0	0.0	1231.8041658472473	22.0
0.349852156489279	0.6376522980776842	0.1148811300759303	2.0	0.0	3262.2149567510187	22.0
0.42645326875088957	0.19671376359265597	0.10744343811607227	6.0	0.0	2433.1962268673246	22.0
0.8279972425610252	0.7392725889101028	0.09282969493072267	4.0	0.0	1237.7492669788699	23.0
0.3458222149691588	0.647446778175972	0.11499601120600622	2.0	0.0	3276.3098814321334	23.0
0.6776530833278146	0.19409825077347148	0.10913363603855197	1.0	0.0	2607.5093749442617	23.0
0.5175686358477104	0.46158245857285063	0.11018414794853093	7.0	0.0	2719.936849478822	23.0
0.6169751266605501	0.6707689231148176	0.11368897528788309	3.0	0.0	3118.3269167852154	23.0
0.2555624060299424	0.08665142545204142	0.08665142545204142	5.0	0.0	881.9153636563115	23.0
0.42840773292995576	0.19909309396021407	0.10755088155418832	6.0	0.0	2444.0385710858704	23.0
0.6012024048096192	0.5851703406813626	0.005410821643286573	-2.0	-1.0	0.0	23.0
0.6857965228050934	0.17319261417415754	0.10924276967459051	1.0	0.0	2619.042038795682	24.0
0.43008149918681404	0.195815797590519	0.1076584324357425	6.0	0.0	2454.9239672312483	24.0
0.834212608155543	0.7339489199884504	0.09292252462565338	4.0	0.0	1243.719439875231	24.0
0.6137881467790888	0.679797186294545	0.11380266426317096	3.0	0.0	3131.8624283198055	24.0
0.5277420518806406	0.46482433809153484	0.11029433209647944	7.0	0.0	2731.9127788010655	24.0
0.26824900238907906	0.07075760452761819	0.08673807687749345	5.0	0.0	886.3613685886335	24.0
0.32883592996041755	0.6553929432427574	0.11511100721721221	2.0	0.0	3290.459503122675	24.0
0.6876801053239701	0.1720190993003642	0.1093520124442651	1.0	0.0	2630.620241191326	25.0
0.26943635458510634	0.06891700479743182	0.08682481495437093	5.0	0.0	890.8267593106949	25.0
0.3278081076756646	0.6574371281433901	0.11522611822442941	2.0	0.0	3304.664016247592	25.0
0.8155482704957765	0.7253605662196049	0.09301544715027903	4.0	0.0	1249.7147786445857	25.0
0.6131977523420757	0.6760771619164306	0.11391646692743411	3.0	0.0	3145.4506459645595	25.0
0.5224969835296303	0.46973365307360027	0.11040462642857592	7.0	0.0	2743.9358387308553	25.0
0.5591182364729459	0.37675350701402804	0.08356713426853707	-2.0	-1.0	733.1745972609957	25.0
0.42297012376746373	0.194892848785341	0.10776609086817823	6.0	0.0	2465.8525706504283	25.0
0.41664729168303355	0.1942336581336317	0.1078738569590464	6.0	0.0	2476.8245372141027	26.0
0.6891684508851512	0.1704975910028354	0.10946136445670934	1.0	0.0	2642.244145852769	26.0
0.26051357777050554	0.06622755409755539	0.0869116397693253	5.0	0.0	895.3116101992231	26.0
0.6226402774559697	0.6805438592635812	0.11403038339436153	3.0	0.0	3159.0917574872597	26.0
0.826805856834557	0.7304858563137469	0.09310846259742929	4.0	0.0	1255.7353777198225	26.0
0.5068104626916379	0.4689005291195678	0.11051503105500449	7.0	0.0	2756.006198342409	26.0
0.3101815610694316	0.6605197427897488	0.11534134434265382	2.0	0.0	3318.923615881474	26.0
0.6907224653386241	0.1575683283442225	0.10957082582116603	1.0	0.0	2653.913917052357	27.0
0.42077276755124915	0.19201077313177128	0.10798173081600544	6.0	0.0	2487.84002331838	27.0
0.3108033539338078	0.6407735706435808	0.11545668568699646	2.0	0.0	3333.238497750648	27.0
0.8244266423187209	0.7231008737621758	0.0932015710600267	4.0	0.0	1261.7813318595288	27.0
0.2578084580867848	0.058423668542766295	0.08699855140909461	5.0	0.0	899.8159958907223	27.0
0.6027222019822178	0.677052550657712	0.11414441377775587	3.0	0.0	3172.785951283927	27.0
0.7775551102204408	0.4048096192384769	0.09739478957915833	-2.0	-1.0	1554.6224940626284	27.0
0.49802184625044427	0.46342502060828866	0.11062554608605948	7.0	0.0	2768.12402727798	27.0
0.586418653336831	0.6755007058100679	0.11425855819153362	3.0	0.0	3186.533416380844	28.0
0.31298144158985247	0.6378228295729045	0.11557214237268344	2.0	0.0	3347.6088582352645	28.0
0.678064956266126	0.16310542974107428	0.10968039664698719	1.0	0.0	2665.629719614981	28.0
0.446774102920594	0.1843683507426233	0.10808971254682144	6.0	0.0	2498.8991858864847	28.0
0.26121639937482305	0.0870855499605037	0.0870855499605037	5.0	0.0	904.339991282333	28.0
0.8384785297999992	0.7250146283567148	0.09329477263108672	4.0	0.0	1267.8527361490576	28.0
0.48454574294257313	0.45622894224834865	0.11073617163214552	7.0	0.0	2780.2894957496887	28.0
0.256476523000938	0.09024993704711219	0.0871726355104642	5.0	0.0	908.8836715326906	29.0
0.5989738595980589	0.6710153459273125	0.11437281674972515	3.0	0.0	3200.334342436582	29.0
0.08817635270541081	0.7234468937875751	0.01162324649298597	-2.0	-1.0	0.0	29.0
0.8399495175947692	0.7310454708118688	0.0933880674037178	4.0	0.0	1273.949686001595	29.0
0.3162437344804517	0.6321586551563478	0.11568771451505612	2.0	0.0	3362.0348943714093	29.0
0.44346833444145545	0.18131301221421334	0.10819780225936824	6.0	0.0	2510.002182370454	29.0
0.4699924340895315	0.4434423755158172	0.11084690780377766	7.0	0.0	2792.5027745413636	29.0
0.6615570757223792	0.17817115105749753	0.10979007704363417	1.0	0.0	2677.3917189198587	29.0
