# x	y	r	id	split_id	s_prob	t
2.0	0.5	0.0	-1.0	0.0	0.0	0.0
0.39214276513960983	0.5925621931183115	0.02920570608506957	1.0	0.0	0.0	0.0
0.24087649322459392	0.6269112722714684	0.034032367551987394	2.0	0.0	0.0	0.0
0.5078008698114749	0.8483756083065979	0.03520631307454049	3.0	0.0	5.6203094388251884e-05	0.0
0.96084855394261	0.28374987888379405	0.03310508904218496	4.0	0.0	0.0	0.0
0.42258197184409424	0.22656689501846736	0.033913142534105115	5.0	0.0	0.0	0.0
0.7557776519482852	0.6652484026008193	0.03449047445406778	6.0	0.0	0.0	0.0
0.2190023979472282	0.7649189294344644	0.030300624076396603	7.0	0.0	0.0	0.0
0.03257985961933371	0.6069547085727608	0.03361994458261098	8.0	0.0	0.0	0.0
0.46601147745063864	0.033827144850502935	0.03297683010911805	9.0	0.0	0.0	0.0
0.6880282485987603	0.19597422490250188	0.03422352559435075	10.0	0.0	0.0	0.0
0.6086660413713174	0.5949521279798049	0.033841914999419125	11.0	0.0	0.0	0.0
0.7691928738300964	0.7579450572358798	0.03438515217071062	12.0	0.0	0.0	0.0
0.8882175282014205	0.7634890050844982	0.03506725460520671	13.0	0.0	1.946910813899194e-06	0.0
0.05191278070245667	0.1142770422609178	0.03369155083766718	14.0	0.0	0.0	0.0
0.3462720952583932	0.7977893489416519	0.03298271138326815	15.0	0.0	0.0	0.0
0.8067467646852131	0.6094331862759484	0.03138917469422056	16.0	0.0	0.0	0.0
0.8212339675410245	0.8113296922711727	0.032010422672961183	17.0	0.0	0.0	0.0
0.4672587626818079	0.34751938048956243	0.03226819363713659	18.0	0.0	0.0	0.0
0.17726494643496354	0.32756281679085486	0.030524842226403316	19.0	0.0	0.0	0.0
0.6718135405935604	0.3188318201726703	0.030319173644938323	20.0	0.0	0.0	0.0
0.1600351190156616	0.8150833689671763	0.03246304546782936	21.0	0.0	0.0	0.0
0.6138892859982622	0.6936981364217867	0.031309006603759036	22.0	0.0	0.0	0.0
0.3647944533539461	0.1925730835231616	0.03171549928374259	23.0	0.0	0.0	0.0
0.40582446175698694	0.7440877071161967	0.03189461688649441	24.0	0.0	0.0	0.0
0.15772154960380738	0.8906073645834717	0.03374787264974319	25.0	0.0	0.0	0.0
0.7774317208751743	0.24549925775711362	0.030540811161917	26.0	0.0	0.0	0.0
0.22587283156869958	0.5488799808400903	0.03171174704125577	27.0	0.0	0.0	0.0
0.10987648473569914	0.7565223349217982	0.032024462852947515	28.0	0.0	0.0	0.0
0.41553374327670295	0.651265820651636	0.03386070378061929	29.0	0.0	0.0	0.0
0.046923639777779774	0.266445840463563	0.03404198498044913	30.0	0.0	0.0	0.0
0.9006903805131128	0.6474914785857605	0.03125353464800464	31.0	0.0	0.0	0.0
0.5971163580332594	0.15193940081436996	0.03130230899068309	32.0	0.0	0.0	0.0
0.9038085935910358	0.17289944812587127	0.030780069968818748	33.0	0.0	0.0	0.0
0.5635539097978335	0.9100272214963377	0.03092092077434241	34.0	0.0	0.0	0.0
0.039439928390764434	0.4865916837649308	0.029544123647954793	35.0	0.0	0.0	0.0
0.5248117290381349	0.18943292392549527	0.03292497565107536	36.0	0.0	0.0	0.0
0.3737123703441161	0.3057353252453935	0.02971322520975876	37.0	0.0	0.0	0.0
0.10053014194828101	0.9543112966776777	0.0314213227779808	38.0	0.0	0.0	0.0
0.6846724183241146	0.7011429905879614	0.029481910825395148	39.0	0.0	0.0	0.0
0.34751938048956243	0.3874325078869776	0.031760305484137136	40.0	0.0	0.0	0.0
0.7510161527728061	0.3425302395648856	0.03302112056336721	41.0	0.0	0.0	0.0
0.6718135405935604	0.5433431617831305	0.03156172819774037	42.0	0.0	0.0	0.0
0.7669963715637449	0.1612549884095879	0.03544418794965344	43.0	0.0	0.0005608933503253866	0.0
0.6181802756532838	0.4023999306610082	0.03344970967603905	44.0	0.0	0.0	0.0
0.27418238748884155	0.8080120997825776	0.02871692225485052	45.0	0.0	0.0	0.0
0.22040446600520036	0.46328116199978964	0.033645938142311156	46.0	0.0	0.0	0.0
0.5159028866974076	0.48908625422726926	0.0327243647937205	47.0	0.0	0.0	0.0
0.5567656672622087	0.6487452569275697	0.030416836992696202	48.0	0.0	0.0	0.0
0.5988473545701609	0.039439928390764434	0.03097098031114237	49.0	0.0	0.0	0.0
0.33031311357908033	0.7255022227571959	0.03436461399682843	50.0	0.0	0.0	0.0
0.6506096916636837	0.773467286933852	0.030295067456240197	51.0	0.0	0.0	0.0
0.15239403248685102	0.5462274099069151	0.03351214642978824	52.0	0.0	0.0	0.0
0.7447797266169599	0.05316006593362589	0.033334463571452644	53.0	0.0	0.0	0.0
0.15744051813769103	0.6294575431084901	0.03380279877363843	54.0	0.0	0.0	0.0
0.7430723785664588	0.8515468521999874	0.03253611323255387	55.0	0.0	0.0	0.0
0.09563408028462417	0.646030424322334	0.029941418750372706	56.0	0.0	0.0	0.0
0.17267124716598545	0.6972202317259601	0.03318377554858969	57.0	0.0	0.0	0.0
0.6904490693076744	0.6186785012908311	0.030095937627945338	58.0	0.0	0.0	0.0
0.6324123337077223	0.8851526864224225	0.03015569321908836	59.0	0.0	0.0	0.0
0.7597471493909906	0.5134083162350691	0.034344038048524775	60.0	0.0	0.0	0.0
0.2951223449850573	0.8703740516272882	0.03243042932875972	61.0	0.0	0.0	0.0
0.07800654368920262	0.8737319110185308	0.03564705661639097	62.0	0.0	0.0017338312295294145	0.0
0.8867680240804182	0.30447522843783353	0.03064968068057014	63.0	0.0	0.0	0.0
0.3157136070947473	0.6306531279649761	0.03316552981240579	64.0	0.0	0.0	0.0
0.7005198415208227	0.9031876721658887	0.032544361071786085	65.0	0.0	0.0	0.0
0.6518569768948529	0.25459663076745537	0.03287644413280475	66.0	0.0	0.0	0.0
0.8172153449725528	0.7003750158887714	0.033411224493366996	67.0	0.0	0.0	0.0
0.21888773452604401	0.8599994744221644	0.029926236845339002	68.0	0.0	0.0	0.0
0.7803022399314969	0.2513920158019436	0.030571351973078916	26.0	0.0	0.0	1.0
0.5639582548814199	0.9057583032871889	0.03095184169511675	34.0	0.0	0.0	1.0
0.5586207231419565	0.6499837100870558	0.030447253829688894	48.0	0.0	0.0	1.0
0.1570410385623401	0.5458609466448533	0.033545658576218024	52.0	0.0	0.0	1.0
0.694591955944279	0.18447928578444925	0.03425774911994509	10.0	0.0	0.0	1.0
0.6050768055495865	0.5930181793321507	0.03387575691441854	11.0	0.0	0.0	1.0
0.03970526714057763	0.4849198072093905	0.029573667771602745	35.0	0.0	0.0	1.0
0.5159037324661069	0.19076057005813585	0.03295790062672643	36.0	0.0	0.0	1.0
0.7577999739399526	0.5110309109140261	0.034378382086573296	60.0	0.0	0.0	1.0
0.6046355646179239	0.39941080596213846	0.03348315938571509	44.0	0.0	0.0	1.0
0.6988967490365577	0.9056023770170383	0.032576905432857864	65.0	0.0	0.0	1.0
0.05280854260288091	0.11338409569016929	0.03372524238850484	14.0	0.0	0.0	1.0
0.17885590653405234	0.3277388152740904	0.030555367068629716	19.0	0.0	0.0	1.0
0.07906721833233045	0.8741959093466717	0.035682703673007354	62.0	0.0	0.0020364637891105986	1.0
0.8983142266861439	0.6465050519271509	0.031284788182652644	31.0	0.0	0.0	1.0
0.1821045594105464	0.692734737368206	0.033216959324138276	57.0	0.0	0.0	1.0
0.8224714623598658	0.8161393582876584	0.03204243309563414	17.0	0.0	0.0	1.0
0.39622370782326827	0.5831500455784046	0.029234911791154637	1.0	0.0	0.0	1.0
0.6516282660945788	0.7747270123755744	0.030325362523696435	51.0	0.0	0.0	1.0
0.5957312826610218	0.02552822558662405	0.03100195129145351	49.0	0.0	0.0	1.0
0.5147640922777321	0.4889384559622356	0.03275708915851421	47.0	0.0	0.0	1.0
0.4223325485733525	0.2254533448449881	0.033947055676639214	5.0	0.0	0.0	1.0
0.7494568165264968	0.3435431170037227	0.033054141683930574	41.0	0.0	0.0	1.0
0.34586454624093016	0.3866961442946895	0.03179206578962127	40.0	0.0	0.0	1.0
0.8040688771676349	0.6155025851215365	0.03142056386891478	16.0	0.0	0.0	1.0
0.8197108201065079	0.7037115648468543	0.03344463571786036	67.0	0.0	0.0	1.0
0.22702731864373737	0.5483662603568893	0.03174345878829702	27.0	0.0	0.0	1.0
0.5065020016859009	0.8497898432576207	0.03524151938761502	3.0	0.0	9.016458135135963e-05	1.0
0.7438534681244562	0.8508605853270536	0.03256864934578642	55.0	0.0	0.0	1.0
0.7605986813779907	0.1536413407859333	0.03547963213760309	43.0	0.0	0.0007061627412809912	1.0
0.7547622053919505	0.668656130482605	0.03452496492852184	6.0	0.0	0.0	1.0
0.10712582651556178	0.9529425809512584	0.031452744100758774	38.0	0.0	0.0	1.0
0.613282320584696	0.694985058078835	0.03134031561036279	22.0	0.0	0.0	1.0
0.15619808178186473	0.6301575856643905	0.03383660157241207	54.0	0.0	0.0	1.0
0.04511583036152838	0.28072720110138355	0.03407602696542957	30.0	0.0	0.0	1.0
0.8916824163763015	0.7629502788469423	0.035102321859811915	13.0	0.0	6.856227983575991e-06	1.0
0.3317895701630864	0.7257796353148657	0.034398978610825255	50.0	0.0	0.0	1.0
0.21874252859527707	0.7661913296697348	0.030330924700472994	7.0	0.0	0.0	1.0
0.6757750363494496	0.32991207941541567	0.03034949281858326	20.0	0.0	0.0	1.0
0.21676537888327727	0.8649785970314675	0.029956163082184337	68.0	0.0	0.0	1.0
0.4086855486684974	0.7379211428990657	0.031926511503380904	24.0	0.0	0.0	1.0
0.46699595102364366	0.03394861724350869	0.033009806939227164	9.0	0.0	0.0	1.0
0.22029054905217652	0.46457025515767836	0.03367958408045346	46.0	0.0	0.0	1.0
0.0937561765634222	0.6493389343194115	0.029971360169123076	56.0	0.0	0.0	1.0
0.42778109214419435	0.6492684248056522	0.033894564484399904	29.0	0.0	0.0	1.0
0.1149466053398941	0.7507881718228935	0.03205648731580046	28.0	0.0	0.0	1.0
0.2755769716862623	0.8081841749752022	0.02874563917710537	45.0	0.0	0.0	1.0
0.6708011179220992	0.5438013244595995	0.03159328992593811	42.0	0.0	0.0	1.0
0.3474504488730647	0.7985338290680924	0.03301569409465142	15.0	0.0	0.0	1.0
0.6515420211719226	0.2518424153457102	0.03290932057693755	66.0	0.0	0.0	1.0
0.8875614304896009	0.3033417047959585	0.03068033036125071	63.0	0.0	0.0	1.0
0.7441892855784671	0.051750330469069995	0.03336779803502409	53.0	0.0	0.0	1.0
0.6886962826828941	0.6213584309388948	0.03012603356557328	58.0	0.0	0.0	1.0
0.1559411793752348	0.8871213336858443	0.033781620522392926	25.0	0.0	0.0	1.0
0.9654456179863875	0.2842584248237612	0.03313819413122714	4.0	0.0	0.0	1.0
0.3141215203660234	0.6305073832481891	0.03319869534221819	64.0	0.0	0.0	1.0
0.595312552138241	0.15264859090815372	0.03133361129967377	32.0	0.0	0.0	1.0
0.2921961643174718	0.8705123237590813	0.03246285975808847	61.0	0.0	0.0	1.0
0.6388392368348385	0.8815846104532948	0.030185848912307446	59.0	0.0	0.0	1.0
0.9031803520575105	0.17414892663575923	0.030810850038787564	33.0	0.0	0.0	1.0
0.7657315604234364	0.7603840628545218	0.034419537322881326	12.0	0.0	0.0	1.0
0.15759638954003166	0.8130471860327682	0.03249550851329719	21.0	0.0	0.0	1.0
0.2469029987655415	0.6275012399440035	0.03406639991953938	2.0	0.0	0.0	1.0
0.4719412325013205	0.34726856284301716	0.03230046183077372	18.0	0.0	0.0	1.0
0.3666417513132515	0.3032093395875374	0.029742938434968513	37.0	0.0	0.0	1.0
0.6854378620140246	0.7021664190771054	0.02951139273622054	39.0	0.0	0.0	1.0
0.3640118751196438	0.19011729469351266	0.031747214783026334	23.0	0.0	0.0	1.0
0.23647294589178355	0.3246492985971944	0.06713426853707415	-2.0	-1.0	212.36611877334374	1.0
0.03716332784124434	0.619913145937278	0.033653564527193584	8.0	0.0	0.0	1.0
0.6867508432142594	0.9112842181317933	0.03260948233829072	65.0	0.0	0.0	2.0
0.09193599712408095	0.6587556606942118	0.030001331529292196	56.0	0.0	0.0	2.0
0.05399899176324574	0.11506227650867373	0.033758967630893345	14.0	0.0	0.0	2.0
0.30226286646236633	0.8767123593219847	0.03249532261784656	61.0	0.0	0.0	2.0
0.8987514692811243	0.6439576473508786	0.031316072970835294	31.0	0.0	0.0	2.0
0.11317946072627617	0.7508493868056363	0.03208854380311625	28.0	0.0	0.0	2.0
0.7154308617234468	0.3366733466933867	0.08857715430861722	-2.0	-1.0	984.2805481034876	2.0
0.7676295130538429	0.7584438207825205	0.0344539568602042	12.0	0.0	0.0	2.0
0.3656792739144766	0.3042057350989414	0.029772681373403477	37.0	0.0	0.0	2.0
0.033687218091720775	0.6135292211276079	0.033687218091720775	8.0	0.0	0.0	2.0
0.8013076712329598	0.6133688374513682	0.03145198443278369	16.0	0.0	0.0	2.0
0.504746381172352	0.8491123280771857	0.03527676090700264	3.0	0.0	0.00013567324410246329	2.0
0.17508312774118603	0.3298645625581422	0.030585922435698343	19.0	0.0	0.0	2.0
0.32739245636585423	0.6294471231819343	0.033231894037560404	64.0	0.0	0.0	2.0
0.34848401568297593	0.7971336154325994	0.033048709788746064	15.0	0.0	0.0	2.0
0.4685297056852761	0.03394378913900663	0.03304281674616639	9.0	0.0	0.0	2.0
0.627667407609589	0.8884476585549471	0.03021603476121975	59.0	0.0	0.0	2.0
0.43243125114365977	0.6501421467393597	0.0339284590488843	29.0	0.0	0.0	2.0
0.6759675673955345	0.5491498418084523	0.03162488321586404	42.0	0.0	0.0	2.0
0.6750333489927091	0.3318521469192433	0.03037984231140184	20.0	0.0	0.0	2.0
0.8916824163763015	0.7673785574435484	0.03513742418167172	13.0	0.0	1.66099931249164e-05	2.0
0.043685520094252424	0.2824077623425632	0.034110102992394996	30.0	0.0	0.0	2.0
0.7486539312023094	0.5127493678845132	0.03441276046865987	60.0	0.0	0.0	2.0
0.34625551376855723	0.3880712199238169	0.03182385785541089	40.0	0.0	0.0	2.0
0.47869349684791096	0.3489832309759431	0.03233276229260449	18.0	0.0	0.0	2.0
0.3309582469341976	0.7263346347036234	0.03443337758943608	50.0	0.0	0.0	2.0
0.8266897814869348	0.7027162942163027	0.033478080353578216	67.0	0.0	0.0	2.0
0.7446444453055769	0.8560555257148578	0.0326012179951322	55.0	0.0	0.0	2.0
0.6890324775434671	0.6251628382986257	0.030156159599138848	58.0	0.0	0.0	2.0
0.9643704560365983	0.28347001118454657	0.03317133232535836	4.0	0.0	0.0	2.0
0.15616164992548626	0.6149810370034852	0.033870438173984475	54.0	0.0	0.0	2.0
0.6074147921874274	0.6932165023161541	0.03137165592597315	22.0	0.0	0.0	2.0
0.7771822400129982	0.2537718036832619	0.030601923325051992	26.0	0.0	0.0	2.0
0.7419460762021578	0.33694416529194043	0.0330871958256145	41.0	0.0	0.0	2.0
0.1588586810361463	0.5429638489930977	0.03357920423479424	52.0	0.0	0.0	2.0
0.36844842200389377	0.18641306216436843	0.03177896199780936	23.0	0.0	0.0	2.0
0.686260299372444	0.6965264682518685	0.029540904128956758	39.0	0.0	0.0	2.0
0.21922235906981216	0.7603417601807325	0.030361255625173465	7.0	0.0	0.0	2.0
0.6957812346882	0.18343438306326854	0.034292006869065035	10.0	0.0	0.0	2.0
0.42277687736939973	0.22984939592798118	0.03398100273231585	5.0	0.0	0.0	2.0
0.24061408997106648	0.6151106718650645	0.034100466319458914	2.0	0.0	0.0	2.0
0.038439073107305655	0.48561237788799483	0.029603241439374345	35.0	0.0	0.0	2.0
0.652997759674779	0.250746475128024	0.03294222989751448	66.0	0.0	0.0	2.0
0.5148751069378854	0.4977545874359036	0.03278984624767272	47.0	0.0	0.0	2.0
0.6506176028583828	0.7793761589027103	0.030355687886220128	51.0	0.0	0.0	2.0
0.5137446645773025	0.18945286820583038	0.03299085852735316	36.0	0.0	0.0	2.0
0.8196471459065733	0.8154786714860692	0.03207447552872977	17.0	0.0	0.0	2.0
0.7563181395612282	0.6650686373491949	0.03455948989345036	6.0	0.0	0.0	2.0
0.39843508052571397	0.5835367809970546	0.02926414670294579	1.0	0.0	0.0	2.0
0.6041904365941065	0.5921989576482504	0.03390963267133296	11.0	0.0	0.0	2.0
0.07546600545904868	0.8658926490224614	0.03571838637668036	62.0	0.0	0.002372762323048505	2.0
0.5614888619293104	0.9028195727085242	0.030982793536811864	34.0	0.0	0.0	2.0
0.596722580700749	0.40999077844310283	0.033516642545100804	44.0	0.0	0.0	2.0
0.586792552656003	0.14833105590049753	0.03136494491097344	32.0	0.0	0.0	2.0
0.8942130652577447	0.17228806346970704	0.03084166088882635	33.0	0.0	0.0	2.0
0.23520590609083045	0.5397920805913391	0.03177520224708531	27.0	0.0	0.0	2.0
0.22032398907280948	0.45925882504316506	0.033713263664533914	46.0	0.0	0.0	2.0
0.10572252304920352	0.9538541062392009	0.03148419684485953	38.0	0.0	0.0	2.0
0.5597675917994743	0.6504346166358308	0.03047770108351858	48.0	0.0	0.0	2.0
0.7621946381060517	0.15713864678564757	0.03551511176974069	43.0	0.0	0.0008747508908157897	2.0
0.5987479738309051	0.02453542916774	0.03103295324274496	49.0	0.0	0.0	2.0
0.21647065464181442	0.8639662908548281	0.029986119245266517	68.0	0.0	0.0	2.0
0.15666902309461694	0.8150134396873414	0.03252800402181048	21.0	0.0	0.0	2.0
0.15612536291202941	0.8884425961639411	0.03381540214291531	25.0	0.0	0.0	2.0
0.7374127790544257	0.048937159616371684	0.03340116583305911	53.0	0.0	0.0	2.0
0.8897905411799558	0.30387798026601265	0.030711010691611956	63.0	0.0	0.0	2.0
0.41009596137920196	0.7380951711429851	0.03195843801488428	24.0	0.0	0.0	2.0
0.27243385194719183	0.7981560932116867	0.028774384816282472	45.0	0.0	0.0	2.0
0.17449509305276137	0.7035967049323537	0.03325017628346241	57.0	0.0	0.0	2.0
0.3040502968027971	0.8784718756055478	0.0325278179404644	61.0	0.0	0.0	3.0
0.03788215922840322	0.4788230916568816	0.029632844680813716	35.0	0.0	0.0	3.0
0.0931962587141353	0.6587040587684304	0.030031332860821484	56.0	0.0	0.0	3.0
0.15624524763924508	0.8968866737592726	0.03384921754505822	25.0	0.0	0.0	3.0
0.4137037116884473	0.7418300601065845	0.03199039645289916	24.0	0.0	0.0	3.0
0.1630886973813313	0.5487705772409879	0.03361278343902903	52.0	0.0	0.0	3.0
0.6740089055692086	0.3365646836120204	0.030410222153713237	20.0	0.0	0.0	3.0
0.4687685462644346	0.035113226038093526	0.03307585956291255	9.0	0.0	0.0	3.0
0.7397116779836943	0.04766086124019606	0.03343456699889217	53.0	0.0	0.0	3.0
0.3483630091053825	0.7960073312201815	0.033081758498534806	15.0	0.0	0.0	3.0
0.6819481935382563	0.6928330050971685	0.029570445033085712	39.0	0.0	0.0	3.0
0.35551628101310284	0.3770503332479265	0.0318556817132663	40.0	0.0	0.0	3.0
0.8132862097158526	0.6094565182123504	0.03148343641721647	16.0	0.0	0.0	3.0
0.05366771876091996	0.11349079104261278	0.03379272659852423	14.0	0.0	0.0	3.0
0.3681824384747662	0.30934436780290847	0.029802454054776877	37.0	0.0	0.0	3.0
0.5944840460025258	0.15049178903653113	0.03139630985588441	32.0	0.0	0.0	3.0
0.6582140899813872	0.7900849563904881	0.030386043574106344	51.0	0.0	0.0	3.0
0.7414958887723775	0.34885620546972607	0.033120283021440114	41.0	0.0	0.0	3.0
0.3335757779302684	0.7232196106762873	0.03446781096702551	50.0	0.0	0.0	3.0
0.5643741381392539	0.9079028818671098	0.031013776330348672	34.0	0.0	0.0	3.0
0.36628642844416154	0.18648795495889645	0.03181074095980716	23.0	0.0	0.0	3.0
0.7667606506914051	0.7577183763523676	0.0344884108170644	12.0	0.0	0.0	3.0
0.8216074320468115	0.707719273295476	0.03351155843393179	67.0	0.0	0.0	3.0
0.696178246182361	0.1843992906578174	0.034326298875934094	10.0	0.0	0.0	3.0
0.9112545969097442	0.6458211111396023	0.03134738904380613	31.0	0.0	0.0	3.0
0.9029058019080051	0.7580077492771221	0.035172561605853386	13.0	0.0	3.2886109224250504e-05	3.0
0.9682838910435897	0.289292101168729	0.033204503657683716	4.0	0.0	0.0	3.0
0.5038477181870107	0.8497122841354693	0.035312037667909635	3.0	0.0	0.0001944469092052259	3.0
0.7435764799837992	0.8572481485490345	0.03263381921312733	55.0	0.0	0.0	3.0
0.7780266281006638	0.258189174733713	0.030632525248377042	26.0	0.0	0.0	3.0
0.15568510369465655	0.6167410509580973	0.03390430861215846	54.0	0.0	0.0	3.0
0.6742322419728786	0.549188086274278	0.031656508099079904	42.0	0.0	0.0	3.0
0.7684471572956605	0.15815115437675525	0.03555062688151043	43.0	0.0	0.0010684450792695088	3.0
0.5945299093655668	0.4097062029187327	0.0335501591876459	44.0	0.0	0.0	3.0
0.8892977438030264	0.30261288301712597	0.030741721702303566	63.0	0.0	0.0	3.0
0.6087393655577126	0.6907766363931199	0.03140302758189912	22.0	0.0	0.0	3.0
0.4801343786436491	0.34768475970163115	0.03236509505489709	18.0	0.0	0.0	3.0
0.2383558237132241	0.5364054311334938	0.0318069774493324	27.0	0.0	0.0	3.0
0.7491046043992446	0.5025297873002045	0.034447173229128526	60.0	0.0	0.0	3.0
0.43941332261672617	0.6557513744848559	0.03396238750793318	29.0	0.0	0.0	3.0
0.11538289450500891	0.7436214885196267	0.032120632346919364	28.0	0.0	0.0	3.0
0.6849196486823697	0.9049945097384174	0.03264209182062901	65.0	0.0	0.0	3.0
0.15912358329554524	0.8157092737708977	0.03256053202583229	21.0	0.0	0.0	3.0
0.5982289607912674	0.02539845962056669	0.031063986195987704	49.0	0.0	0.0	3.0
0.17354661066563684	0.7045786122419482	0.03328342645974587	57.0	0.0	0.0	3.0
0.5166999426803472	0.4989728653408809	0.03282263609392039	47.0	0.0	0.0	3.0
0.21953465213213336	0.8666243316767598	0.03001610536451178	68.0	0.0	0.0	3.0
0.8985134737841557	0.1620204194264763	0.030872502549715172	33.0	0.0	0.0	3.0
0.5582339777294939	0.6482435733247163	0.030508178784602095	48.0	0.0	0.0	3.0
0.6882919032876378	0.6293203142109906	0.030186315758737984	58.0	0.0	0.0	3.0
0.6068713445585073	0.5808990600351857	0.03394354230400429	11.0	0.0	0.0	3.0
0.22197879974012907	0.4605882600030446	0.03374697692819845	46.0	0.0	0.0	3.0
0.04056663746244892	0.28243721690183965	0.034144213095387385	30.0	0.0	0.0	3.0
0.6253141174810679	0.8845897414372166	0.030246250795980967	59.0	0.0	0.0	3.0
0.17638085897098554	0.3272425673966764	0.030616508358134037	19.0	0.0	0.0	3.0
0.03246565568127799	0.6127025287853378	0.03372090530981249	8.0	0.0	0.0	3.0
0.40214950037702557	0.5766948146535019	0.029293410849648732	1.0	0.0	0.0	3.0
0.3334133482389277	0.6254820902456717	0.03326512593159796	64.0	0.0	0.0	3.0
0.07419819458647671	0.8649381885057236	0.035754104763057036	62.0	0.0	0.002744574510401776	3.0
0.4188265400267183	0.24058586665692228	0.03401498373504816	5.0	0.0	0.0	3.0
0.6494241577941962	0.24876248956901675	0.032975172127411995	66.0	0.0	0.0	3.0
0.7484525760578591	0.6626338790699258	0.03459404938334381	6.0	0.0	0.0	3.0
0.8206221727981491	0.8182352794282397	0.0321065500042585	17.0	0.0	0.0	3.0
0.2673525823583695	0.803550737809881	0.02880315920109875	45.0	0.0	0.0	3.0
0.5070416503446881	0.19357064589263218	0.03302384938588051	36.0	0.0	0.0	3.0
0.2438049922386427	0.6216611300360737	0.03413456678577837	2.0	0.0	0.0	3.0
0.1017428007573619	0.9479410919453751	0.03151568104170439	38.0	0.0	0.0	3.0
0.21685665825751282	0.7606336596757373	0.030391616880798635	7.0	0.0	0.0	3.0
0.7419188480425809	0.052191860291452764	0.03346800156589106	53.0	0.0	0.0	4.0
0.21762847291467646	0.762270103821204	0.03042200849767943	7.0	0.0	0.0	4.0
0.6974077486817306	0.1829361065224795	0.034360625174810026	10.0	0.0	0.0	4.0
0.6674908101472611	0.33283784836606617	0.030440632375866947	20.0	0.0	0.0	4.0
0.48207621902784925	0.3476052502536122	0.032397460149951984	18.0	0.0	0.0	4.0
0.8209170363694667	0.70670599627781	0.03354506999236572	67.0	0.0	0.0	4.0
0.43942636914729494	0.6536791348737191	0.033996349895441105	29.0	0.0	0.0	4.0
0.9663057375965552	0.28654036718650766	0.033237708161341396	4.0	0.0	0.0	4.0
0.37495483484101316	0.30941515422438176	0.02983225650883165	37.0	0.0	0.0	4.0
0.2182925430083546	0.8694395566003126	0.03004612146987629	68.0	0.0	0.0	4.0
0.7595107049672201	0.4946956439431702	0.03448162040235765	60.0	0.0	0.0	4.0
0.417737559313981	0.24530803482360394	0.034048998718783204	5.0	0.0	0.0	4.0
0.7696437773481989	0.15906387936840963	0.035586177508391936	43.0	0.0	0.0012890430618455184	4.0
0.3040502968027971	0.8801278006126192	0.032560345758404864	61.0	0.0	0.0	4.0
0.17322523792052638	0.706056957281459	0.033316709886205616	57.0	0.0	0.0	4.0
0.11607235951204041	0.7429166611217328	0.03215275297926628	28.0	0.0	0.0	4.0
0.5176922749303795	0.4988440756468346	0.0328554587300143	47.0	0.0	0.0	4.0
0.6831179516906659	0.6932261530321447	0.029600015478118795	39.0	0.0	0.0	4.0
0.1054006874595107	0.9543855941770922	0.031547196722746085	38.0	0.0	0.0	4.0
0.9001141800347381	0.1620960583192126	0.030903375052264884	33.0	0.0	0.0	4.0
0.49995457180262753	0.19435464737367997	0.03305687323526638	36.0	0.0	0.0	4.0
0.6569389072601824	0.7886056357325069	0.030416429617680447	51.0	0.0	0.0	4.0
0.33217585638391656	0.7231092127538028	0.03450227877799253	50.0	0.0	0.0	4.0
0.15764884175513041	0.8985785508617652	0.033883066762603276	25.0	0.0	0.0	4.0
0.778281386307266	0.25936108659224844	0.030663157773625417	26.0	0.0	0.0	4.0
0.34182885821528025	0.37776075989021174	0.031887537394979557	40.0	0.0	0.0	4.0
0.24558877783300617	0.5388319861647888	0.03183878442678173	27.0	0.0	0.0	4.0
0.8078302404077331	0.8230795347297907	0.032138656554262755	17.0	0.0	0.0	4.0
0.24665305769852797	0.6213279023340819	0.03416870135256415	2.0	0.0	0.0	4.0
0.744474026432652	0.6623201303357422	0.034628643432727146	6.0	0.0	0.0	4.0
0.3347890591798586	0.6265042761771336	0.033298391057529554	64.0	0.0	0.0	4.0
0.16220947113265735	0.6213179260752116	0.033938212920770615	54.0	0.0	0.0	4.0
0.5978956920144803	0.022296517814987177	0.031095050182183687	49.0	0.0	0.0	4.0
0.5934198575595965	0.4094612303045818	0.033583709346833544	44.0	0.0	0.0	4.0
0.15937273133520147	0.5376495921398641	0.03364639622246805	52.0	0.0	0.0	4.0
0.6743370580765767	0.5482124969703717	0.03168816460717898	42.0	0.0	0.0	4.0
0.4693748850803418	0.035882736764608285	0.033108935422475456	9.0	0.0	0.0	4.0
0.6085272973904128	0.688802784776651	0.031434430609481014	22.0	0.0	0.0	4.0
0.7440861738731507	0.8609044982045759	0.032666453032340455	55.0	0.0	0.0	4.0
0.6273203359426336	0.8774671115037681	0.030276497046776946	59.0	0.0	0.0	4.0
0.7408100435742561	0.34773185029656734	0.03315340330446155	41.0	0.0	0.0	4.0
0.5026325088774456	0.8499564907082009	0.03534734970557754	3.0	0.0	0.00026821359006135026	4.0
0.9183502481932289	0.6473402363472667	0.031378736432849934	31.0	0.0	0.0	4.0
0.06197658135512271	0.11230586301929804	0.033826519325122754	14.0	0.0	0.0	4.0
0.5518847433595302	0.9121160513154636	0.031044790106679016	34.0	0.0	0.0	4.0
0.09141596567144446	0.6641140605358317	0.030061364193682303	56.0	0.0	0.0	4.0
0.26759893953011915	0.8050422925646601	0.028831962360299845	45.0	0.0	0.0	4.0
0.8093168614459914	0.6140031030585905	0.03151491985363369	16.0	0.0	0.0	4.0
0.6507897174119895	0.2486720866291958	0.0330081472995394	66.0	0.0	0.0	4.0
0.8902160543148668	0.3029873463738791	0.030772463424005865	63.0	0.0	0.0	4.0
0.41189464005451687	0.739101726103476	0.032022386849352054	24.0	0.0	0.0	4.0
0.17340298818935715	0.3267795633858271	0.030647124866492167	19.0	0.0	0.0	4.0
0.9038756189105062	0.75751629163466	0.03520773416745924	13.0	0.0	5.737250009474337e-05	4.0
0.03245280107535166	0.6106607734354612	0.0337546262151223	8.0	0.0	0.0	4.0
0.6019523565077579	0.5828330251068524	0.03397748584630829	11.0	0.0	0.0	4.0
0.6872083244829428	0.9016354756863387	0.032674733912449634	65.0	0.0	0.0	4.0
0.35089759876732124	0.8023948706544063	0.03311484025703334	15.0	0.0	0.0	4.0
0.04302786294080562	0.48788884512564046	0.029662477525494526	35.0	0.0	0.0	4.0
0.040343108659618106	0.2814392725784024	0.03417835730848277	30.0	0.0	0.0	4.0
0.4003015584263	0.5759276676855448	0.029322704260498378	1.0	0.0	0.0	4.0
0.16265606819124306	0.8136895136472949	0.03259309255785812	21.0	0.0	0.0	4.0
0.5576162704828632	0.6492420307405755	0.030538686963386696	48.0	0.0	0.0	4.0
0.5932059635386813	0.1492494125175082	0.03142770616574029	32.0	0.0	0.0	4.0
0.07322127862653463	0.8658998481017985	0.03578985886782009	62.0	0.0	0.0031537587547063595	4.0
0.3674903775404031	0.1862222605509196	0.03184255170076696	23.0	0.0	0.0	4.0
0.2191496751370683	0.45810258537763987	0.03378072390512664	46.0	0.0	0.0	4.0
0.7612038196580303	0.7653464810917215	0.03452289922788146	12.0	0.0	0.0	4.0
0.6847653402046027	0.6299829228479437	0.030216502074496717	58.0	0.0	0.0	4.0
0.917436783183439	0.6481127329157537	0.03141011516928278	31.0	0.0	0.0	5.0
0.7632262111798213	0.15233590019829737	0.03562176368590032	43.0	0.0	0.0015383531120676253	5.0
0.6574021235088824	0.7874996618401472	0.030446846047298123	51.0	0.0	0.0	5.0
0.7412914298345313	0.05113354084717234	0.03350146956745695	53.0	0.0	0.0	5.0
0.05225944965520214	0.12117408797392078	0.03386034584444787	14.0	0.0	0.0	5.0
0.3745513810788159	0.3084167722042405	0.029862088765340477	37.0	0.0	0.0	5.0
0.7426939464530705	0.8606880325058329	0.03269911948537279	55.0	0.0	0.0	5.0
0.7474015519987517	0.6623846494455327	0.03466327207615987	6.0	0.0	0.0	5.0
0.045204342647855944	0.4959271725921471	0.029692140003020017	35.0	0.0	0.0	5.0
0.3397558246526424	0.37922151767573276	0.031919424932374534	40.0	0.0	0.0	5.0
0.24991859491377003	0.6224254276730726	0.03420287005391671	2.0	0.0	0.0	5.0
0.1714779103573855	0.7055302881250689	0.03335002659609182	57.0	0.0	0.0	5.0
0.10091855545856249	0.6671752038163448	0.030091425557875983	56.0	0.0	0.0	5.0
0.44082711953044096	0.6535509056986386	0.034030346245336546	29.0	0.0	0.0	5.0
0.7619869204024292	0.7660432997810049	0.034557422127109334	12.0	0.0	0.0	5.0
0.30355750037755685	0.8819478309246745	0.032592906104163266	61.0	0.0	0.0	5.0
0.4007796187175822	0.5775319858779836	0.029352026964758873	1.0	0.0	0.0	5.0
0.1623590993837162	0.622798301511072	0.03397215113369138	54.0	0.0	0.0	5.0
0.8192877556837767	0.7108120236894839	0.03357861506235808	67.0	0.0	0.0	5.0
0.32760702487204374	0.7290601969427846	0.034536781056770514	50.0	0.0	0.0	5.0
0.07188667121683498	0.8657946008572318	0.035825648726687906	62.0	0.0	0.0036021842283133765	5.0
0.5069883802463112	0.8538324320856667	0.035382697055283116	3.0	0.0	0.0003587115292731369	5.0
0.41250845318747653	0.7401831483637369	0.032054409236201405	24.0	0.0	0.0	5.0
0.4851882541126268	0.3472013552412139	0.032429857610101934	18.0	0.0	0.0	5.0
0.4710031776450163	0.037445722591055976	0.03314204435789793	9.0	0.0	0.0	5.0
0.5975037935075441	0.020013290925693625	0.031126145232365867	49.0	0.0	0.0	5.0
0.5548808989274756	0.9085504405938344	0.03107583489678569	34.0	0.0	0.0	5.0
0.9670353638230297	0.28466728876717873	0.03327094586950274	4.0	0.0	0.0	5.0
0.5505277161859744	0.6429065813708964	0.030569225650350078	48.0	0.0	0.0	5.0
0.8122086206705282	0.6186773212393991	0.031546434773487314	16.0	0.0	0.0	5.0
0.6820028968523326	0.9110815616189756	0.03270740864636208	65.0	0.0	0.0	5.0
0.41894579312698044	0.24538038543516244	0.03408304771750198	5.0	0.0	0.0	5.0
0.04325711451081706	0.2806797302361107	0.034212535665791244	30.0	0.0	0.0	5.0
0.3385751733342362	0.6299596283388395	0.03333168944858708	64.0	0.0	0.0	5.0
0.5188197424877647	0.5003126221647252	0.032888314188744314	47.0	0.0	0.0	5.0
0.2703141925367591	0.8116415177401554	0.02886079432266014	45.0	0.0	0.0	5.0
0.6506290619769851	0.255050230071721	0.033041155446838937	66.0	0.0	0.0	5.0
0.687906108026037	0.18999605139540746	0.03439498579998483	10.0	0.0	0.0	5.0
0.7474292780723114	0.34591722476706055	0.03318655670776601	41.0	0.0	0.0	5.0
0.7780872249035613	0.2624410052251841	0.030693820931399038	26.0	0.0	0.0	5.0
0.10714782869428784	0.9560208953906643	0.03157874391946883	38.0	0.0	0.0	5.0
0.5920499237215657	0.407395177749113	0.03361729305618037	44.0	0.0	0.0	5.0
0.667374035404073	0.33115435336656784	0.03047107300824281	20.0	0.0	0.0	5.0
0.6840460176640333	0.5504193184112373	0.031719852771786156	42.0	0.0	0.0	5.0
0.6148173008043302	0.6933710810886664	0.03146586504009049	22.0	0.0	0.0	5.0
0.6030423287466008	0.5836010712507198	0.034011463332154594	11.0	0.0	0.0	5.0
0.3513416870950962	0.8010012883811918	0.03314795509729037	15.0	0.0	0.0	5.0
0.6850882379730275	0.6322992683428001	0.03024671857657121	58.0	0.0	0.0	5.0
0.36407780727045264	0.19158616525851213	0.03187439425246773	23.0	0.0	0.0	5.0
0.2455321134663252	0.5375470505052173	0.03187062321120851	27.0	0.0	0.0	5.0
0.6236462682635102	0.8799199544477739	0.03030677354382372	59.0	0.0	0.0	5.0
0.16112136964181525	0.9032214579957941	0.033916949829365876	25.0	0.0	0.0	5.0
0.8967032488708512	0.15747513562741974	0.030934278427317146	33.0	0.0	0.0	5.0
0.20833675407731844	0.45078494121861135	0.03381450462903176	46.0	0.0	0.0	5.0
0.10439575192493625	0.7419958429354268	0.03218490573224554	28.0	0.0	0.0	5.0
0.16265606819124306	0.8154650996353657	0.03262568565041597	21.0	0.0	0.0	5.0
0.6796201000632496	0.6974424253927691	0.02962961549359691	39.0	0.0	0.0	5.0
0.2167293618904431	0.868968391778088	0.030076167591346164	68.0	0.0	0.0	5.0
0.4936908545981212	0.1834792330770214	0.03308993010850165	36.0	0.0	0.0	5.0
0.5992130370126372	0.14743879590180362	0.03145913387190603	32.0	0.0	0.0	5.0
0.17679790233953124	0.3318302402555276	0.030677771991358658	19.0	0.0	0.0	5.0
0.15524456891897123	0.5334294476158624	0.033680042618690516	52.0	0.0	0.0	5.0
0.809465644569618	0.8237705519845032	0.03217079521081701	17.0	0.0	0.0	5.0
0.027887169790056242	0.6139647416035962	0.033788380841337416	8.0	0.0	0.0	5.0
0.8857294070206925	0.3026903208174347	0.030803235887429867	63.0	0.0	0.0	5.0
0.9004973318026986	0.7570778411429008	0.0352429419016267	13.0	0.0	9.176715205683195e-05	5.0
0.7583322979483823	0.4975596765937843	0.03451610202276	60.0	0.0	0.0	5.0
0.21954946509450118	0.7633208297151942	0.030452430506177106	7.0	0.0	0.0	5.0
0.8993714346373681	0.15756756323317037	0.03096521270574446	33.0	0.0	0.0	6.0
0.8158502485360378	0.7109744577615278	0.03361219367742044	67.0	0.0	0.0	6.0
0.0726479466089969	0.8682365785186826	0.03586147437541459	62.0	0.0	0.004091730916698566	6.0
0.5886793018449352	0.4120221776627815	0.03365091034923655	44.0	0.0	0.0	6.0
0.16288082388640626	0.900664104275774	0.03395086677919524	25.0	0.0	0.0	6.0
0.24384110197274972	0.5356345643015832	0.03190249383441972	27.0	0.0	0.0	6.0
0.4845514057048787	0.3483922511695299	0.032462287467712035	18.0	0.0	0.0	6.0
0.7557821192456281	0.49488614760443983	0.03455061812478276	60.0	0.0	0.0	6.0
0.6800109990287069	0.7077856821652958	0.029659245109090505	39.0	0.0	0.0	6.0
0.8776899762577297	0.3043059123191483	0.030834039123317294	63.0	0.0	0.0	6.0
0.8104260685072554	0.8275033501376294	0.032202966006027824	17.0	0.0	0.0	6.0
0.5904882065545689	0.14919212426018508	0.03149059300577793	32.0	0.0	0.0	6.0
0.22212230547662334	0.8603851117784665	0.030106243758937508	68.0	0.0	0.0	6.0
0.7604797086969566	0.7667716412530097	0.03459197954923644	12.0	0.0	0.0	6.0
0.3064870573174691	0.8844252905525921	0.03262549901026743	61.0	0.0	0.0	6.0
0.9570936297435383	0.2926542380346197	0.03330421681537223	4.0	0.0	0.0	6.0
0.24524953651766	0.6251341902626412	0.03423707292397062	2.0	0.0	0.0	6.0
0.5149262600991235	0.5011461872605676	0.03292120250293305	47.0	0.0	0.0	6.0
0.04356991656960131	0.4917313143511952	0.029721832143023035	35.0	0.0	0.0	6.0
0.37132518303145484	0.3096385209219316	0.029891950854105814	37.0	0.0	0.0	6.0
0.7428903210963138	0.8596946634797125	0.03273181860485816	55.0	0.0	0.0	6.0
0.625972798019969	0.875219327981858	0.03033708031736754	59.0	0.0	0.0	6.0
0.1638422385519218	0.6264029635126058	0.03400612328482507	54.0	0.0	0.0	6.0
0.10464013973477954	0.9578186547436649	0.03161032266338829	38.0	0.0	0.0	6.0
0.7459942390436826	0.3529436170058537	0.03321974326447377	41.0	0.0	0.0	6.0
0.15279056610916814	0.5310440025802231	0.0337137226613092	52.0	0.0	0.0	6.0
0.6046089076892366	0.5828802134088055	0.034045474795486745	11.0	0.0	0.0	6.0
0.553677750535457	0.6409986720480796	0.030599794876000425	48.0	0.0	0.0	6.0
0.9172772100067049	0.647018443046022	0.03144152528445206	31.0	0.0	0.0	6.0
0.3293043343236817	0.7290976035827561	0.034571317837827284	50.0	0.0	0.0	6.0
0.41757879297783795	0.24563723213950622	0.03411713076521948	5.0	0.0	0.0	6.0
0.04639433499254782	0.2833328061949609	0.03424674820145703	30.0	0.0	0.0	6.0
0.748352675536188	0.6627724931083494	0.03469793534823603	6.0	0.0	0.0	6.0
0.8110418555203079	0.6196640279715846	0.031577981208260796	16.0	0.0	0.0	6.0
0.33910753402733673	0.6285929651222992	0.03336502113803567	64.0	0.0	0.0	6.0
0.1776053419435538	0.3330314831592716	0.030708449763350014	19.0	0.0	0.0	6.0
0.028881157471299036	0.6134291621021641	0.03382216922217875	8.0	0.0	0.0	6.0
0.6594945582195001	0.7882920587689844	0.030477292893345418	51.0	0.0	0.0	6.0
0.6907681483803795	0.18728321394299746	0.034429380785784815	10.0	0.0	0.0	6.0
0.35036400982318155	0.8015044899952154	0.03318110305238766	15.0	0.0	0.0	6.0
0.09968571507956857	0.6676961233505162	0.030121516983433856	56.0	0.0	0.0	6.0
0.6136508767732461	0.6908570614469886	0.03149733090513058	22.0	0.0	0.0	6.0
0.7775001752994265	0.26150532064798476	0.030724514752330432	26.0	0.0	0.0	6.0
0.9031515072020896	0.756767298853238	0.03527818484352832	13.0	0.0	0.00013777815580340302	6.0
0.05126971566680388	0.12150673098471157	0.03389420619029232	14.0	0.0	0.0	6.0
0.4403607258366937	0.6546450820650208	0.03406437659158188	29.0	0.0	0.0	6.0
0.41190418639442244	0.739342575823084	0.0320864636454376	24.0	0.0	0.0	6.0
0.7666584399068485	0.15019754341219307	0.03565738544958622	43.0	0.0	0.0018181940651373907	6.0
0.10438232978856059	0.7430617500758165	0.032217090637977785	28.0	0.0	0.0	6.0
0.3635093711826291	0.18850744126673144	0.03190626864672019	23.0	0.0	0.0	6.0
0.17267853090892374	0.7046729113589627	0.03338337662268791	57.0	0.0	0.0	6.0
0.16341799398860332	0.8165391893998222	0.032658311336066385	21.0	0.0	0.0	6.0
0.39730363720783296	0.5747032744562557	0.02938137899172363	1.0	0.0	0.0	6.0
0.4668200816564171	0.030778384134631236	0.03317518640225582	9.0	0.0	0.0	6.0
0.6524089213219707	0.2565942714135355	0.03307419660228577	66.0	0.0	0.0	6.0
0.34017300406086853	0.38016704963033127	0.031951344357306906	40.0	0.0	0.0	6.0
0.7444510888989492	0.06280301525579342	0.0335349710370244	53.0	0.0	0.0	6.0
0.27116601970295773	0.8122258444004028	0.0288896551169828	45.0	0.0	0.0	6.0
0.596892842115566	0.019185611029756657	0.03115727137759823	49.0	0.0	0.0	6.0
0.2051825242972533	0.45845106755122206	0.033848319133660786	46.0	0.0	0.0	6.0
0.6682889311927519	0.3315823405899076	0.03050154408125105	20.0	0.0	0.0	6.0
0.6828172157907366	0.5494697502890923	0.03175157262455794	42.0	0.0	0.0	6.0
0.5092934918702785	0.8523962949643193	0.0354180797523384	3.0	0.0	0.0004676892410770961	6.0
0.6832368461023843	0.9113784229264726	0.03274011605500844	65.0	0.0	0.0	6.0
0.6847547969442441	0.6312054856007497	0.030276965295147777	58.0	0.0	0.0	6.0
0.49360755268624046	0.18083382817397275	0.033123020038610146	36.0	0.0	0.0	6.0
0.22663955229043475	0.7667470269283513	0.03048288293668328	7.0	0.0	0.0	6.0
0.5541734774313426	0.9074538158355975	0.031106910731682473	34.0	0.0	0.0	6.0
0.14997568521400262	0.528307761354066	0.03374743638397051	52.0	0.0	0.0	7.0
0.20323447196847902	0.45682456861117066	0.033882167452794446	46.0	0.0	0.0	7.0
0.5974852411379081	0.023076339713611352	0.031188428648975825	49.0	0.0	0.0	7.0
0.9112031176499917	0.7496931375517735	0.03531346302837184	13.0	0.0	0.00019712374844971237	7.0
0.5897693546272349	0.15087857671518648	0.0315220835987837	32.0	0.0	0.0	7.0
0.6835376826572253	0.5471064111773472	0.031783324197182494	42.0	0.0	0.0	7.0
0.5156867988950821	0.8491564676671663	0.03545349783209073	3.0	0.0	0.0005969055539907231	7.0
0.48222656921542767	0.1784720822627304	0.03315614305864875	36.0	0.0	0.0	7.0
0.6890466239463006	0.9227176080218973	0.032772856171063444	65.0	0.0	0.0	7.0
0.2731618525091107	0.8099686139078665	0.028918544772099777	45.0	0.0	0.0	7.0
0.347885247503756	0.8020679062690235	0.033214284155440046	15.0	0.0	0.0	7.0
0.7854574813868774	0.26127982190698706	0.03075523926708276	26.0	0.0	0.0	7.0
0.22578347860609582	0.7636624293158617	0.03051336581961996	7.0	0.0	0.0	7.0
0.8871275300912653	0.30901398235562816	0.030864873162440607	63.0	0.0	0.0	7.0
0.1602402420293152	0.9007555756650237	0.033984817645974434	25.0	0.0	0.0	7.0
0.6150107576105137	0.6900334103246544	0.03152882823603571	22.0	0.0	0.0	7.0
0.39744618820555705	0.5737257159722913	0.029410760370715352	1.0	0.0	0.0	7.0
0.17551556729097378	0.7052430377776152	0.03341675999931059	57.0	0.0	0.0	7.0
0.741705088051769	0.8590560373326718	0.03276455042346301	55.0	0.0	0.0	7.0
0.0391619510333878	0.48711013873225895	0.029751553975166056	35.0	0.0	0.0	7.0
0.356646444177718	0.18662600882104427	0.03193817491536691	23.0	0.0	0.0	7.0
0.10338478614217957	0.7449849883422899	0.03224930772861576	28.0	0.0	0.0	7.0
0.8113533595806677	0.828041319714406	0.03223516897203385	17.0	0.0	0.0	7.0
0.48488454956088056	0.34975809398453683	0.03249474975517974	18.0	0.0	0.0	7.0
0.555635836695787	0.9032351173401532	0.031138017642414154	34.0	0.0	0.0	7.0
0.8958935683757566	0.15883478079053223	0.0309961779184502	33.0	0.0	0.0	7.0
0.1720027302863698	0.3295409283012266	0.03073915821311336	19.0	0.0	0.0	7.0
0.7530263291876668	0.3512049427813785	0.033252963007738244	41.0	0.0	0.0	7.0
0.02615124076843327	0.6183830351735276	0.03385599139140092	8.0	0.0	0.0	7.0
0.3283263274661104	0.7223908185285761	0.03460588915566511	50.0	0.0	0.0	7.0
0.6849790847729124	0.7063562158208113	0.029688904354199592	39.0	0.0	0.0	7.0
0.957924650942361	0.290863119572709	0.0333375210321876	4.0	0.0	0.0	7.0
0.6535085761007706	0.25970322884135216	0.033107270798888054	66.0	0.0	0.0	7.0
0.5155734124643443	0.4951227337717329	0.03295412370543598	47.0	0.0	0.0	7.0
0.04508430746023356	0.2842314439036001	0.034280994949658486	30.0	0.0	0.0	7.0
0.8098572808176041	0.617877523015124	0.031609559189469054	16.0	0.0	0.0	7.0
0.4633474218888625	0.01762520846046209	0.03320836158865807	9.0	0.0	0.0	7.0
0.17034068136272543	0.6633266533066132	0.03486973947895791	-2.0	-1.0	0.0	7.0
0.6893928132002457	0.18736557080167002	0.034463810166570595	10.0	0.0	0.0	7.0
0.10287561577101853	0.6692874547622	0.030151638500417285	56.0	0.0	0.0	7.0
0.7581885829386686	0.49644928242403397	0.03458516874290754	60.0	0.0	0.0	7.0
0.4390995393006434	0.6534191294502079	0.03409844096817346	29.0	0.0	0.0	7.0
0.7461865546969776	0.05987565807142566	0.033568506008061424	53.0	0.0	0.0	7.0
0.6821249642956239	0.6351179365028995	0.030307242260442922	58.0	0.0	0.0	7.0
0.3013053853431694	0.8876084813523788	0.03265812450927769	61.0	0.0	0.0	7.0
0.2261443986240804	0.8639640506253936	0.030136350002696443	68.0	0.0	0.0	7.0
0.7466843188863644	0.6642950990101812	0.03473263328358426	6.0	0.0	0.0	7.0
0.07892800087811593	0.8716715824221496	0.035897335849790005	62.0	0.0	0.0046242896631127905	7.0
0.6056360351870322	0.5830069487915527	0.03407952027028223	11.0	0.0	0.0	7.0
0.5876275970431994	0.41086248820780014	0.03368456125958578	44.0	0.0	0.0	7.0
0.4183795331184957	0.24874940084027192	0.0341512478959847	5.0	0.0	0.0	7.0
0.8178258170552509	0.7129191740954871	0.033645805871097854	67.0	0.0	0.0	7.0
0.37109347990622643	0.30860408233676484	0.029921842804959915	37.0	0.0	0.0	7.0
0.7663281078236569	0.14916093671343975	0.035693042835035806	43.0	0.0	0.0021303953616893523	7.0
0.7602402163019147	0.7686635869597095	0.03462657152878568	12.0	0.0	0.0	7.0
0.3289899735317936	0.6378266366662605	0.0333983861591737	64.0	0.0	0.0	7.0
0.24480644786522135	0.6290273667117432	0.03427130999689459	2.0	0.0	0.0	7.0
0.5507570825830568	0.6379367335139062	0.030630394670876422	48.0	0.0	0.0	7.0
0.6187291067363777	0.8785473367371516	0.030367417397684907	59.0	0.0	0.0	7.0
0.4130240052750717	0.7383587006789255	0.03211855010908304	24.0	0.0	0.0	7.0
0.6597421426551382	0.785678158542419	0.03050777018623876	51.0	0.0	0.0	7.0
0.9201842318824991	0.6392684735867795	0.031472966809736505	31.0	0.0	0.0	7.0
0.10935317839511427	0.9579225243946404	0.031641932986051675	38.0	0.0	0.0	7.0
0.15911946630043372	0.6279902558552247	0.034040129408109895	54.0	0.0	0.0	7.0
0.33915113578220146	0.37972767103234234	0.03198329570166421	40.0	0.0	0.0	7.0
0.6640220478495976	0.3330164117025476	0.030532045625332297	20.0	0.0	0.0	7.0
0.24372521005728445	0.5402355618379954	0.031934396328254136	27.0	0.0	0.0	7.0
0.050908683840863986	0.12020586409825083	0.033928100396482606	14.0	0.0	0.0	7.0
0.1642639151735965	0.817414921206929	0.03269096964740245	21.0	0.0	0.0	7.0
0.2271106180106369	0.8636991670702839	0.030166486352699137	68.0	0.0	0.0	8.0
0.6822652552398204	0.6330954177922449	0.030337549502703363	58.0	0.0	0.0	8.0
0.683498703379182	0.5450428774916237	0.03181510752137967	42.0	0.0	0.0	8.0
0.3259695815165516	0.37902159783888756	0.03201527899736587	40.0	0.0	0.0	8.0
0.38912862460507885	0.5706356204962979	0.029440171131086063	1.0	0.0	0.0	8.0
0.32806555869489334	0.6367265257478061	0.03343178454533287	64.0	0.0	0.0	8.0
0.3556835076398766	0.1800225700719991	0.03197011309028227	23.0	0.0	0.0	8.0
0.16188510960845723	0.815271226489817	0.03272366061704985	21.0	0.0	0.0	8.0
0.5511273299283327	0.6360638224357441	0.030661025065547295	48.0	0.0	0.0	8.0
0.607496877223775	0.5813720091965933	0.03411359979055251	11.0	0.0	0.0	8.0
0.15309761439517	0.5269185738939844	0.03378118382035447	52.0	0.0	0.0	8.0
0.17560516357835468	0.700499877657492	0.0334501767593099	57.0	0.0	0.0	8.0
0.9208093209926753	0.6358829094367818	0.03150443977654624	31.0	0.0	0.0	8.0
0.30359696794082475	0.8860993693026333	0.03269078263378697	61.0	0.0	0.0	8.0
0.3497808421882361	0.80275859725169	0.033247498439595485	15.0	0.0	0.0	8.0
0.5179850071733971	0.5044956741194984	0.03298707782914141	47.0	0.0	0.0	8.0
0.10840187815088762	0.9568997292480454	0.031673574919037724	38.0	0.0	0.0	8.0
0.41369320207853594	0.2462999470601383	0.034185399143880676	5.0	0.0	0.0	8.0
0.6574271612782248	0.3351408738929571	0.030562577670957627	20.0	0.0	0.0	8.0
0.8935231857493193	0.16301094516356354	0.031027174096368647	33.0	0.0	0.0	8.0
0.9028226783999372	0.738339826670636	0.03534877649140021	13.0	0.0	0.0002715323557112015	8.0
0.4673793150994484	0.02070054527198959	0.03324156995024673	9.0	0.0	0.0	8.0
0.8101627849341658	0.6109498335956692	0.03164116874865852	16.0	0.0	0.0	8.0
0.7454379127742945	0.6645455748438213	0.03476736591686784	6.0	0.0	0.0	8.0
0.5554547713954217	0.9018735918672892	0.031169155660056565	34.0	0.0	0.0	8.0
0.5876610572105613	0.412190882401489	0.03371824582084536	44.0	0.0	0.0	8.0
0.10341574241870648	0.6670108470240728	0.0301817901389177	56.0	0.0	0.0	8.0
0.6526706195990944	0.2508564098402385	0.03314037806968694	66.0	0.0	0.0	8.0
0.484910634948691	0.3483771531576655	0.03252724450493492	18.0	0.0	0.0	8.0
0.8882149937279828	0.3213198059958715	0.030895738035603044	63.0	0.0	0.0	8.0
0.14645480063240698	0.9021051081130642	0.03401880246362041	25.0	0.0	0.0	8.0
0.04780647472470187	0.12774555798643178	0.033962028496879085	14.0	0.0	0.0	8.0
0.4826143184578266	0.17977332642592253	0.0331892992017074	36.0	0.0	0.0	8.0
0.04544700107279648	0.48572311775725374	0.029781305529141218	35.0	0.0	0.0	8.0
0.7846637135060701	0.2600493454298871	0.030785994506349838	26.0	0.0	0.0	8.0
0.6616145764235023	0.7836650021470264	0.030538277956424997	51.0	0.0	0.0	8.0
0.6832834505617494	0.7079838423889012	0.029718593258553788	39.0	0.0	0.0	8.0
0.6126169049230162	0.681407900138334	0.03156035706427174	22.0	0.0	0.0	8.0
0.373834407472066	0.3095252898617644	0.029951764647764872	37.0	0.0	0.0	8.0
0.04505847271101546	0.28525710317438807	0.03431527594460814	30.0	0.0	0.0	8.0
0.33224250564199015	0.7234909710698327	0.034640495044820765	50.0	0.0	0.0	8.0
0.7455073422153756	0.06114577411310879	0.033602074514069484	53.0	0.0	0.0	8.0
0.5999333268200101	0.016549870329986262	0.031219617077624797	49.0	0.0	0.0	8.0
0.02615124076843327	0.6210742020563964	0.03388984738279232	8.0	0.0	0.0	8.0
0.7514214846241538	0.3505387142559327	0.03328621597074598	41.0	0.0	0.0	8.0
0.2741919234854484	0.809939423160929	0.028947463316871876	45.0	0.0	0.0	8.0
0.07789069812586502	0.8703720452001891	0.03593323318563979	62.0	0.0	0.00520176221320412	8.0
0.6896554986754203	0.9212108936495713	0.0328056290272345	65.0	0.0	0.0	8.0
0.8176188603096859	0.8313665638469174	0.03226740414100588	17.0	0.0	0.0	8.0
0.6193103034806534	0.8812208967603716	0.03039778481508259	59.0	0.0	0.0	8.0
0.7589559881950987	0.7709261531828646	0.034661198100314455	12.0	0.0	0.0	8.0
0.1026407196051547	0.7459292907132747	0.032281557036344374	28.0	0.0	0.0	8.0
0.7518350318805469	0.49707126637553367	0.034619753911650446	60.0	0.0	0.0	8.0
0.20880647877129618	0.455668283276277	0.03391604962024724	46.0	0.0	0.0	8.0
0.7449957903152878	0.856090573840711	0.03279731497388647	55.0	0.0	0.0	8.0
0.24285492585082383	0.5380819665922573	0.03196633072458239	27.0	0.0	0.0	8.0
0.6931590069520304	0.18906992754718638	0.03449827397673716	10.0	0.0	0.0	8.0
0.2475950307857553	0.6291239649493984	0.03430558130689148	2.0	0.0	0.0	8.0
0.5857427127952948	0.1597023739961153	0.03155360568238248	32.0	0.0	0.0	8.0
0.8182072777291814	0.7172358129425994	0.033679451676968945	67.0	0.0	0.0	8.0
0.4422485742566937	0.651722369416276	0.03413253940914163	29.0	0.0	0.0	8.0
0.5114389296432658	0.8466561822950726	0.035488951329922816	3.0	0.0	0.0007481296535161164	8.0
0.22701430169386688	0.7603811188381584	0.030543879185439576	7.0	0.0	0.0	8.0
0.1608785888990234	0.6276940134618533	0.034074169537518004	54.0	0.0	0.0	8.0
0.17316212389953384	0.3311753299938719	0.03076989737132647	19.0	0.0	0.0	8.0
0.95819882077379	0.29521218563988527	0.033370858553219786	4.0	0.0	0.0	8.0
0.7674619424374033	0.14938879035386868	0.035728735877870836	43.0	0.0	0.002476797091603089	8.0
0.4141424970138729	0.7398541683736113	0.03215066865919212	24.0	0.0	0.0	8.0
0.17324010549828917	0.329800543773643	0.030800667268697794	19.0	0.0	0.0	9.0
0.3806048445547154	0.5680664330450853	0.029469611302217147	1.0	0.0	0.0	9.0
0.9605352107336418	0.30595980055141986	0.033404229411773005	4.0	0.0	0.0	9.0
0.786049348079375	0.26080724655050097	0.030816780500856185	26.0	0.0	0.0	9.0
0.44505980459233085	0.6465440793708974	0.03416667194855076	29.0	0.0	0.0	9.0
0.4728998064630704	0.3413076091135582	0.03255977174943985	18.0	0.0	0.0	9.0
0.808997330280754	0.5986454164187446	0.031672809917407174	16.0	0.0	0.0	9.0
0.6238999449748228	0.8833679259013092	0.030428182599897668	59.0	0.0	0.0	9.0
0.2730127901446574	0.810335722034366	0.028976410780188745	45.0	0.0	0.0	9.0
0.24453429722834918	0.5254538876379496	0.03199829705530697	27.0	0.0	0.0	9.0
0.04507135425885462	0.126995740250701	0.03399599052537596	14.0	0.0	0.0	9.0
0.5576075767467225	0.6422841627779912	0.03069168609061284	48.0	0.0	0.0	9.0
0.8164886087811611	0.8325665209041792	0.03229967154514688	17.0	0.0	0.0	9.0
0.6545339448903599	0.33538737083249154	0.03059314024862858	20.0	0.0	0.0	9.0
0.7471640410170394	0.8584514108376475	0.032830112288860354	55.0	0.0	0.0	9.0
0.2264617875734207	0.8644423527101093	0.030196652839051832	68.0	0.0	0.0	9.0
0.7601464296159978	0.7712768087286691	0.03469585929841477	12.0	0.0	0.0	9.0
0.3335498840137942	0.7248444220111538	0.034675135539865586	50.0	0.0	0.0	9.0
0.4195368449004143	0.25052876201758334	0.03421958454302455	5.0	0.0	0.0	9.0
0.052612178578159016	0.47697478893131995	0.029811086834670354	35.0	0.0	0.0	9.0
0.7430422954182201	0.060436506677814826	0.03363567658858355	53.0	0.0	0.0	9.0
0.6869627384946803	0.918006342232434	0.03283843465626173	65.0	0.0	0.0	9.0
0.7761207245194458	0.14053707666053386	0.0357644646137487	43.0	0.0	0.0028592500379147623	9.0
0.7548186099851453	0.500761216890417	0.034654373665562094	60.0	0.0	0.0	9.0
0.6787580201144836	0.7112587187883667	0.02974831185181234	39.0	0.0	0.0	9.0
0.9002411327437484	0.7388925160467587	0.03538412526789161	13.0	0.0	0.00036274263415236874	9.0
0.6920882818839489	0.1876193741569119	0.03453277225071389	10.0	0.0	0.0	9.0
0.14516619497071082	0.8993300030914255	0.03405282126608403	25.0	0.0	0.0	9.0
0.6825229196747792	0.6353593735591816	0.030367887052206062	58.0	0.0	0.0	9.0
0.06664605223846577	0.8713787431241266	0.03596916641882542	62.0	0.0	0.0058260612599951855	9.0
0.6188970271517306	0.6887868096301524	0.031591917421336005	22.0	0.0	0.0	9.0
0.1708140469736307	0.6228002502012284	0.034108243707055515	54.0	0.0	0.0	9.0
0.22665495656088114	0.7614392594754898	0.030574423064625014	7.0	0.0	0.0	9.0
0.8904543608146952	0.319589314168399	0.030926633773638645	63.0	0.0	0.0	9.0
0.02749047096676733	0.6218067213566737	0.03392373723017511	8.0	0.0	0.0	9.0
0.818803807650101	0.7208474676535072	0.033713131128645914	67.0	0.0	0.0	9.0
0.5125704700476361	0.8466668685015922	0.035524440281252734	3.0	0.0	0.0009231411251846566	9.0
0.3545867043369299	0.17944929238982985	0.03200208320337255	23.0	0.0	0.0	9.0
0.5905900008492386	0.3991146137467601	0.0337519640666662	44.0	0.0	0.0	9.0
0.8938775012071337	0.16189907684761415	0.031058201270465012	33.0	0.0	0.0	9.0
0.24994638345604958	0.6192131269872789	0.03433988688819837	2.0	0.0	0.0	9.0
0.5986677458669828	0.02274654373643176	0.03125083669470242	49.0	0.0	0.0	9.0
0.5188947710668518	0.5015113861641978	0.03302006490697055	47.0	0.0	0.0	9.0
0.4692258693693631	0.017990402284458612	0.03327481152019697	9.0	0.0	0.0	9.0
0.36713851589339613	0.3100109308814971	0.029981716412412634	37.0	0.0	0.0	9.0
0.33010228681901777	0.6372711202797094	0.0334652163298782	64.0	0.0	0.0	9.0
0.5870686798545381	0.159392193125851	0.03158515928806486	32.0	0.0	0.0	9.0
0.09970225305553872	0.6696808517713249	0.030211971929056614	56.0	0.0	0.0	9.0
0.5547615993733944	0.9064261724206533	0.031200324815716617	34.0	0.0	0.0	9.0
0.35191582343095	0.8029676022722797	0.03328074593803508	15.0	0.0	0.0	9.0
0.17597121447541572	0.7053358468547536	0.033483626936069204	57.0	0.0	0.0	9.0
0.6073244365629235	0.5824160408591734	0.03414771339034305	11.0	0.0	0.0	9.0
0.6597087292071724	0.783193784150247	0.03056881623438142	51.0	0.0	0.0	9.0
0.41048195882324034	0.7417382141406917	0.0321828193278513	24.0	0.0	0.0	9.0
0.7508113837775202	0.655481686080266	0.034802133282784704	6.0	0.0	0.0	9.0
0.324981994909704	0.3787103079160471	0.032047294276363235	40.0	0.0	0.0	9.0
0.1513689939981526	0.5261231530345757	0.03381496500417482	52.0	0.0	0.0	9.0
0.9178356713426853	0.1943887775551102	0.008216432865731463	-2.0	-1.0	0.0	9.0
0.04566635119938007	0.28626790176134304	0.03434959122055275	30.0	0.0	0.0	9.0
0.1601343892866344	0.8189832005944875	0.032756384277666896	21.0	0.0	0.0	9.0
0.6546821662822312	0.25136722144630497	0.03317351844775662	66.0	0.0	0.0	9.0
0.09998888140126753	0.7408944255432343	0.03231383859338072	28.0	0.0	0.0	9.0
0.9204062130041099	0.6349846261352234	0.03153594421632278	31.0	0.0	0.0	9.0
0.3012921026667911	0.8864428859893075	0.032723473416420755	61.0	0.0	0.0	9.0
0.21056219133996967	0.4566575279230849	0.03394996566986748	46.0	0.0	0.0	9.0
0.6969400812802169	0.5427793024782589	0.03184692262890105	42.0	0.0	0.0	9.0
0.10603943630185785	0.9580413501415139	0.031705248493956756	38.0	0.0	0.0	9.0
0.7526735179099514	0.35130785997880837	0.03331950218671672	41.0	0.0	0.0	9.0
0.48032509790948963	0.1822658779377452	0.0332224885009091	36.0	0.0	0.0	9.0
0.7536033973942301	0.3489206963443603	0.03335282168890343	41.0	0.0	0.0	10.0
0.7577565376952822	0.5012369729846299	0.03468902803922765	60.0	0.0	0.0	10.0
0.6932729847036481	0.5418726180976845	0.03187876955152995	42.0	0.0	0.0	10.0
0.046154080915901126	0.12712933591198536	0.034029986515901334	14.0	0.0	0.0	10.0
0.5897696390940163	0.40559532016110117	0.03378571603073287	44.0	0.0	0.0	10.0
0.2650438485576266	0.8098081612180223	0.02900538719096893	45.0	0.0	0.0	10.0
0.16994386786896135	0.6249151572985343	0.03414235195076257	54.0	0.0	0.0	10.0
0.22496588687850483	0.8649451149844515	0.030226849491890882	68.0	0.0	0.0	10.0
0.1712601948353975	0.3298192419431052	0.03083146793596649	19.0	0.0	0.0	10.0
0.8154261268350398	0.8358295126762059	0.032331971216692026	17.0	0.0	0.0	10.0
0.3601316008592759	0.18239209543523038	0.03203408528657592	23.0	0.0	0.0	10.0
0.3327116248413753	0.724107925798813	0.03470981067540545	50.0	0.0	0.0	10.0
0.026363379411669333	0.6217747811844759	0.03395766096740528	8.0	0.0	0.0	10.0
0.8996927802278873	0.7405765632477078	0.03541950939315949	13.0	0.0	0.00047250351371985744	10.0
0.7498540789010958	0.6547796967459079	0.034836935416067485	6.0	0.0	0.0	10.0
0.7463651785318027	0.8577671583474836	0.03286294240114921	55.0	0.0	0.0	10.0
0.47000070151531875	0.0195314276122641	0.03330808633171716	9.0	0.0	0.0	10.0
0.3265244281989539	0.3780926400540851	0.032079341570639595	40.0	0.0	0.0	10.0
0.09787494313483852	0.7460945016402343	0.03234615243197409	28.0	0.0	0.0	10.0
0.7873434161959766	0.26078687695815755	0.03084759728135704	26.0	0.0	0.0	10.0
0.17485099311858499	0.6992685818776389	0.03351711056300527	57.0	0.0	0.0	10.0
0.6732687888256056	0.6389977572361268	0.030398254939258264	58.0	0.0	0.0	10.0
0.22574828398582192	0.7627881331143147	0.030604997487689634	7.0	0.0	0.0	10.0
0.7762475978738893	0.14179232221780153	0.035800229078362444	43.0	0.0	0.0032796157210412957	10.0
0.41918131413994386	0.2514587410292671	0.03425380412756757	5.0	0.0	0.0	10.0
0.8893227182740339	0.3182425894458236	0.03095756040741228	63.0	0.0	0.0	10.0
0.627228082512003	0.8814089923496303	0.030458610782497564	59.0	0.0	0.0	10.0
0.05474425456676926	0.4789206027857828	0.02984089792150502	35.0	0.0	0.0	10.0
0.8943174219454303	0.16405306402119293	0.031089259471735475	33.0	0.0	0.0	10.0
0.9674036887452152	0.30340806138235565	0.03343763364118477	4.0	0.0	0.0	10.0
0.052442397795214424	0.28710398575352386	0.034383940811773296	30.0	0.0	0.0	10.0
0.1619958822674362	0.8224641615020675	0.032789140661944556	21.0	0.0	0.0	10.0
0.5860549830863048	0.15847868575952356	0.03161674444735292	32.0	0.0	0.0	10.0
0.06253377104252512	0.8739768695155549	0.03600513558524424	62.0	0.0	0.006499110488874749	10.0
0.10808486705035547	0.9594068993956588	0.03173695374245071	38.0	0.0	0.0	10.0
0.6571079005916552	0.2526940263534884	0.03320669196620438	66.0	0.0	0.0	10.0
0.8158903488052085	0.7171016955823725	0.033746844259774554	67.0	0.0	0.0	10.0
0.6107367793609966	0.5880901868349221	0.03418186110373339	11.0	0.0	0.0	10.0
0.6856570530639823	0.9155273259453868	0.03287127309091799	65.0	0.0	0.0	10.0
0.14551431540769408	0.8975690218682523	0.03408687408735011	25.0	0.0	0.0	10.0
0.5552217977135145	0.9125059416967836	0.031231525140532332	34.0	0.0	0.0	10.0
0.3826625392446853	0.5668201307997942	0.02949908091351936	1.0	0.0	0.0	10.0
0.6518350536651926	0.33811187059258374	0.030623733388877205	20.0	0.0	0.0	10.0
0.6002701366511537	0.024491260546053863	0.031282087531397114	49.0	0.0	0.0	10.0
0.2125281906891337	0.4588530071844214	0.03398391563553734	46.0	0.0	0.0	10.0
0.9201009528963194	0.6369894982106721	0.031567480160539105	31.0	0.0	0.0	10.0
0.24842485327992828	0.6199016816369037	0.034374226775086565	2.0	0.0	0.0	10.0
0.446537247355615	0.647530434379458	0.03420083862049931	29.0	0.0	0.0	10.0
0.36774877266561445	0.3061657556439947	0.030011698128825044	37.0	0.0	0.0	10.0
0.47960648087487073	0.18145314238294466	0.033255710989410006	36.0	0.0	0.0	10.0
0.7489431487311574	0.05153719144944878	0.033669312265172134	53.0	0.0	0.0	10.0
0.1480827011960439	0.5281419795957633	0.033848779969178996	52.0	0.0	0.0	10.0
0.23851299412939891	0.5222094948023417	0.03203029535236227	27.0	0.0	0.0	10.0
0.6963793295038403	0.18148884146992564	0.0345673050229646	10.0	0.0	0.0	10.0
0.5212716286956612	0.5012635854463496	0.03305308497187752	47.0	0.0	0.0	10.0
0.8068161398063238	0.5976082708952425	0.031704482727324575	16.0	0.0	0.0	10.0
0.47739181425645283	0.336227275263611	0.03259233152118929	18.0	0.0	0.0	10.0
0.6628660136395746	0.7826620864177756	0.030599385050615796	51.0	0.0	0.0	10.0
0.762677649314215	0.7801793857281221	0.03473055515771318	12.0	0.0	0.0	10.0
0.35438492564693913	0.804527573326017	0.03331402668397311	15.0	0.0	0.0	10.0
0.09739424045517714	0.6619239277980231	0.030242183900985667	56.0	0.0	0.0	10.0
0.5105973834354411	0.8395574591545316	0.035559964721533985	3.0	0.0	0.0011237299975022097	10.0
0.410930238119753	0.7407392713811481	0.03221500214717915	24.0	0.0	0.0	10.0
0.3423967192581149	0.6450387042229431	0.033498681546208074	64.0	0.0	0.0	10.0
0.6868380310046255	0.7104106704271201	0.029778060163664147	39.0	0.0	0.0	10.0
0.6165835555963834	0.6903199330655685	0.031623509338757336	22.0	0.0	0.0	10.0
0.5575204268447771	0.6407477428250642	0.03072237777670345	48.0	0.0	0.0	10.0
0.3018785588401855	0.8899935497986197	0.03275619688983717	61.0	0.0	0.0	10.0
0.17113379273323784	0.6947300632912442	0.03355062767356827	57.0	0.0	0.0	11.0
0.16869222416564347	0.6245206358771946	0.03417649430271333	54.0	0.0	0.0	11.0
0.3568858696214054	0.80950157708695	0.03334734071065708	15.0	0.0	0.0	11.0
0.9197283399910751	0.6379285376385094	0.03159904764069964	31.0	0.0	0.0	11.0
0.8151142510636552	0.7141621188261487	0.03378059110403432	67.0	0.0	0.0	11.0
0.6195196435514995	0.8853870034138563	0.03048906939328006	59.0	0.0	0.0	11.0
0.6840342944399168	0.7149426094328851	0.029807838223827807	39.0	0.0	0.0	11.0
0.24751941563892207	0.6263969461004801	0.03440860100186165	2.0	0.0	0.0	11.0
0.3666651026816144	0.19090209759713586	0.03206611937186249	23.0	0.0	0.0	11.0
0.692820445268788	0.9192777717397261	0.0329041443640089	65.0	0.0	0.0	11.0
0.06375306380262298	0.8736260426469433	0.036041140720829486	62.0	0.0	0.007222844622802427	11.0
0.9711395668721373	0.30101470463996166	0.03347107127482595	4.0	0.0	0.0	11.0
0.4772001994733143	0.33478642266681885	0.03262492385271047	18.0	0.0	0.0	11.0
0.7589151058735819	0.7870071261536159	0.03476528571287089	12.0	0.0	0.0	11.0
0.8079106993517644	0.6018624025235711	0.0317361872100519	16.0	0.0	0.0	11.0
0.6723222699167699	0.637608574353641	0.03042865319419752	58.0	0.0	0.0	11.0
0.06184468973312277	0.28899345571718044	0.034418324752585064	30.0	0.0	0.0	11.0
0.4455145098551982	0.6474885579745856	0.034235039459119807	29.0	0.0	0.0	11.0
0.3846542773269796	0.5675175728117502	0.02952857999443288	1.0	0.0	0.0	11.0
0.23502912331989392	0.5211230828940632	0.03206232564771463	27.0	0.0	0.0	11.0
0.7600759073943233	0.4977390378575807	0.034723717067266874	60.0	0.0	0.0	11.0
0.05499378180545232	0.4778688575240168	0.02987073881942652	35.0	0.0	0.0	11.0
0.8876655290175485	0.3206421994851553	0.03098851796781969	63.0	0.0	0.0	11.0
0.8110419680593222	0.8370017795428395	0.03236430318790871	17.0	0.0	0.0	11.0
0.030648684502909224	0.6200587295069034	0.03399161862837268	8.0	0.0	0.0	11.0
0.5562894705280299	0.9124756853672137	0.03126275666567286	34.0	0.0	0.0	11.0
0.4806288695219367	0.18057743224434297	0.033288966700399415	36.0	0.0	0.0	11.0
0.6108668579188913	0.5891177834277058	0.03421604296483712	11.0	0.0	0.0	11.0
0.3025046450463566	0.8909508066389221	0.032788953086727	61.0	0.0	0.0	11.0
0.6005795671030063	0.023319250224115195	0.031313369618928506	49.0	0.0	0.0	11.0
0.09437532901562613	0.7334847210170942	0.032378498584406064	28.0	0.0	0.0	11.0
0.6246082034271768	0.6984207230810925	0.03165513284809609	22.0	0.0	0.0	11.0
0.6548081333107026	0.7870695085828117	0.030629984435666408	51.0	0.0	0.0	11.0
0.7457799613088734	0.8599285236300119	0.032895805343550355	55.0	0.0	0.0	11.0
0.26421088530478193	0.8146165493173495	0.029034392578159894	45.0	0.0	0.0	11.0
0.7508523382150811	0.049727531174087104	0.0337029815774373	53.0	0.0	0.0	11.0
0.3280312540387013	0.3763445936324613	0.03211142091221023	40.0	0.0	0.0	11.0
0.6611943778523821	0.26472721466239346	0.03323989865817058	66.0	0.0	0.0	11.0
0.8986340447192079	0.7403568577833143	0.03545492890255265	13.0	0.0	0.0006025742403323875	11.0
0.5236843144682177	0.4921252068152203	0.033086138056849394	47.0	0.0	0.0	11.0
0.6500239005107219	0.34596560911245944	0.03065435712226608	20.0	0.0	0.0	11.0
0.5046016004119851	0.8385477483393624	0.035595524686255514	3.0	0.0	0.0013516967852922335	11.0
0.7740478085420638	0.14777104548171155	0.0358360293074408	43.0	0.0	0.0037397664429619226	11.0
0.22059717598217515	0.8753112969571722	0.03025707634138277	68.0	0.0	0.0	11.0
0.691670482047129	0.5439063704340161	0.031910648321081474	42.0	0.0	0.0	11.0
0.41577224557435816	0.25024084790481393	0.034288057931695134	5.0	0.0	0.0	11.0
0.41190592708934687	0.7406870083617275	0.032247217149326324	24.0	0.0	0.0	11.0
0.7011394677742167	0.1826976296603135	0.03460187232798756	10.0	0.0	0.0	11.0
0.14860279121202813	0.5340273589295239	0.03388262874914817	52.0	0.0	0.0	11.0
0.049021955283395965	0.12781928400704368	0.03406401650241723	14.0	0.0	0.0	11.0
0.47041549432854507	0.01787617273527298	0.03334139441804888	9.0	0.0	0.0	11.0
0.7477249361751119	0.6488786011218916	0.034871772351483546	6.0	0.0	0.0	11.0
0.5905972488029604	0.4061630344069074	0.0338195017467636	44.0	0.0	0.0	11.0
0.8476953907815631	0.5931863727454909	0.0016032064128256513	-2.0	-1.0	0.0	11.0
0.7940444979966782	0.259040224539907	0.030878444878638393	26.0	0.0	0.0	11.0
0.17282530935022858	0.32900118712964754	0.030862299403902452	19.0	0.0	0.0	11.0
0.22219840259578344	0.7545077875127334	0.03063560248517732	7.0	0.0	0.0	11.0
0.34591145643945936	0.7287300782741241	0.03474452048608085	50.0	0.0	0.0	11.0
0.14472728292983986	0.8955485715389062	0.034120960961437456	25.0	0.0	0.0	11.0
0.35727283703610435	0.3028637128953579	0.030041709826953866	37.0	0.0	0.0	11.0
0.340689546236293	0.6464102058349368	0.033532180227754275	64.0	0.0	0.0	11.0
0.5565830398806121	0.6412302073835466	0.03075310015448015	48.0	0.0	0.0	11.0
0.0974547188564022	0.6587222466881806	0.030272426084886648	56.0	0.0	0.0	11.0
0.8965467488584351	0.16429968124028577	0.031120348731207205	33.0	0.0	0.0	11.0
0.2119344038241895	0.44816293071328894	0.034017899551172875	46.0	0.0	0.0	11.0
0.16030477895492884	0.8235030355436049	0.032821929802606495	21.0	0.0	0.0	11.0
0.5854566337077823	0.162101356267615	0.03164836119180027	32.0	0.0	0.0	11.0
0.11514418466283856	0.9563715638831627	0.03176869069619316	38.0	0.0	0.0	11.0
0.7575290444064446	0.3527850370603446	0.03338617451059233	41.0	0.0	0.0	11.0
