# x	y	r	id	split_id	s_prob	t
2.0	0.5	0.0	-1.0	0.0	0.0	0.0
0.3499762623148717	0.6304038894091447	0.032074774847033555	1.0	0.0	0.0	0.0
0.532439279171313	0.670499693304106	0.0340325947716419	2.0	0.0	0.0	0.0
0.4691431381650656	0.5451969384397191	0.03229275935916475	3.0	0.0	0.0	0.0
0.09267542797831278	0.6614139042469867	0.032991665326838275	4.0	0.0	0.0	0.0
0.4830140011461538	0.4798409448317326	0.03430833337448476	5.0	0.0	0.0	0.0
0.5648067532123835	0.5045424057557432	0.030068751956568752	6.0	0.0	0.0	0.0
0.03257985961933371	0.3618631606480085	0.034160844498322594	7.0	0.0	0.0	0.0
0.5112055831988636	0.7787896179832511	0.03454031379578488	8.0	0.0	0.0	0.0
0.21904900167913252	0.8863466003546667	0.03199445573926115	9.0	0.0	0.0	0.0
0.0810967636018297	0.1369712798645612	0.031249973374317713	10.0	0.0	0.0	0.0
0.37059415726619305	0.9256360851364972	0.03318598629633129	11.0	0.0	0.0	0.0
0.8537201110160757	0.8398516705778969	0.035379609246383566	12.0	0.0	0.00035009855704970505	0.0
0.683094752196758	0.39229035457302536	0.03465157954986972	13.0	0.0	0.0	0.0
0.39338156601901564	0.4684140179273544	0.029507129406319225	14.0	0.0	0.0	0.0
0.95371723625255	0.5073712404925176	0.03151604271066955	15.0	0.0	0.0	0.0
0.6167635322241108	0.4239486347459835	0.032435227611030695	16.0	0.0	0.0	0.0
0.734149112751533	0.9180560560553408	0.0313459408600312	17.0	0.0	0.0	0.0
0.8425878295608058	0.5207773064730314	0.03132891528673461	18.0	0.0	0.0	0.0
0.4067654289701005	0.4011526454298391	0.03171536281421271	19.0	0.0	0.0	0.0
0.18479926003098224	0.6475513345537363	0.03565098020381662	20.0	0.0	0.001765563410160098	0.0
0.5775015141466279	0.3470973444127676	0.03180419666075258	21.0	0.0	0.0	0.0
0.4061417863545159	0.8695082497338822	0.031929577063769976	22.0	0.0	0.0	0.0
0.07845317958584398	0.7462228442071202	0.035074433199430925	23.0	0.0	2.639246986291255e-06	0.0
0.4207057090539952	0.23087708264489376	0.03167755265088105	24.0	0.0	0.0	0.0
0.8628655132805266	0.3239346071232769	0.032603940469552936	25.0	0.0	0.0	0.0
0.72045766460916	0.5059246048480538	0.030938212443776855	26.0	0.0	0.0	0.0
0.9318725112923434	0.08060034101934879	0.032442876371280086	27.0	0.0	0.0	0.0
0.3467227761210162	0.2774425508819545	0.03555984812481234	28.0	0.0	0.0011230281892551375	0.0
0.6362659115052376	0.12300803887910236	0.03206272910765129	29.0	0.0	0.0	0.0
0.6882982719928775	0.3262058417911528	0.03137702022737718	30.0	0.0	0.0	0.0
0.5806703249727988	0.7242579144943462	0.03092162045813058	31.0	0.0	0.0	0.0
0.9771383385495305	0.744559233470117	0.03391066281429075	32.0	0.0	0.0	0.0
0.32382096109734726	0.831466050183221	0.03194480703411967	33.0	0.0	0.0	0.0
0.12168563622919625	0.8316578533714903	0.033324153959004406	34.0	0.0	0.0	0.0
0.16182474916681525	0.7298922530587418	0.03346105130351706	35.0	0.0	0.0	0.0
0.49341866537276197	0.27005896475693253	0.032870198900874045	36.0	0.0	0.0	0.0
0.8985515858145051	0.4571403666677327	0.03303006564899095	37.0	0.0	0.0	0.0
0.8331297662648933	0.7759656028168025	0.030341084150412107	38.0	0.0	0.0	0.0
1.002784336879304	0.6108773576118891	0.03344216904325553	39.0	0.0	0.0	0.0
0.1575243986183635	0.17782017351653104	0.035678428781795855	40.0	0.0	0.001998447605956244	0.0
0.2746444461359721	0.43204816478941543	0.03367533214890812	41.0	0.0	0.0	0.0
0.37059415726619305	0.7210813072247447	0.034836458290013146	42.0	0.0	0.0	0.0
0.16115934480677818	0.47551343852065353	0.03371633544877418	43.0	0.0	0.0	0.0
0.33517998661777365	0.36126635898093146	0.033313518078058275	44.0	0.0	0.0	0.0
0.47318488757898236	0.8684793617900727	0.0344218477948026	45.0	0.0	0.0	0.0
0.09887797765372551	0.5161923406904615	0.030353756450491792	46.0	0.0	0.0	0.0
0.05738922498056178	0.20070532607860403	0.03467029548133756	47.0	0.0	0.0	0.0
0.4878865751140224	0.38184526107922745	0.033424232391321466	48.0	0.0	0.0	0.0
0.2622413962414707	0.6388261594614457	0.03428032074309095	49.0	0.0	0.0	0.0
0.5507592259981925	0.9424324006804985	0.03291897129360805	50.0	0.0	0.0	0.0
0.25447051224532974	0.34501722591272954	0.03315738699501001	51.0	0.0	0.0	0.0
0.4423574261715078	0.06642722652900991	0.03414850546070006	52.0	0.0	0.0	0.0
0.03309987827936133	0.8295457526479242	0.03309987827936133	53.0	0.0	0.0	0.0
0.25445929790225646	0.2766707530275213	0.03245497136039595	54.0	0.0	0.0	0.0
0.9287542982144202	0.831466050183221	0.03164576978221039	55.0	0.0	0.0	0.0
0.5408403225758937	0.5635061319176694	0.03241624356086261	56.0	0.0	0.0	0.0
0.4035425507141542	0.5760559297554931	0.032911990591516005	57.0	0.0	0.0	0.0
0.80858078219819	0.4493518564651505	0.03453739872958976	58.0	0.0	0.0	0.0
0.056422158529831935	0.9103641229553865	0.033416675187457785	59.0	0.0	0.0	0.0
0.8813319573814747	0.9047048627158754	0.03263622243819909	60.0	0.0	0.0	0.0
0.1942004567572896	0.3982350959783605	0.03266712709908953	61.0	0.0	0.0	0.0
0.6851858231585238	0.24852672300307638	0.03189397178325392	62.0	0.0	0.0	0.0
0.5375513213414724	0.42882956937023137	0.03239310009850572	63.0	0.0	0.0	0.0
0.6222582245504851	0.270773229519493	0.029510353380734985	64.0	0.0	0.0	0.0
0.7597882783577526	0.8421994563550488	0.03125446953039607	65.0	0.0	0.0	0.0
0.15680364951024592	0.10677710664864506	0.034221238369603245	66.0	0.0	0.0	0.0
0.4991234840999584	0.1951399912935332	0.03288485687116488	67.0	0.0	0.0	0.0
0.8235998163277358	0.6051350910449915	0.030334724525530654	68.0	0.0	0.0	0.0
0.8711802056786249	0.6562334587936407	0.033026529154215924	69.0	0.0	0.0	0.0
0.6469726591192086	0.8341186753863923	0.03145225257391447	70.0	0.0	0.0	0.0
0.5977258874996887	0.7866231349365919	0.03254743379308892	71.0	0.0	0.0	0.0
0.9300015834455895	0.15917931058300983	0.034792425987373365	72.0	0.0	0.0	0.0
0.9448713019862656	0.673703172572272	0.03415873678750215	73.0	0.0	0.0	0.0
0.47791890873281334	0.6173448024612566	0.03247678780534756	74.0	0.0	0.0	0.0
0.5485083762466051	0.8374592048339726	0.029765943394046184	75.0	0.0	0.0	0.0
0.6541545140829816	0.498988368743062	0.034658289455360675	76.0	0.0	0.0	0.0
0.8005518725858813	0.8948544897746983	0.030971628350263698	77.0	0.0	0.0	0.0
0.1866858258629421	0.24797661323137737	0.03284886543747585	78.0	0.0	0.0	0.0
0.8721586529096882	0.39437691948423687	0.03173199989565121	79.0	0.0	0.0	0.0
0.9061352859248428	0.7343918804324128	0.03353499373709513	80.0	0.0	0.0	0.0
0.6493624064325144	0.9331197965235126	0.03205322125183696	81.0	0.0	0.0	0.0
0.3445277945713335	0.5205417734912611	0.03076853346712352	82.0	0.0	0.0	0.0
0.28203690585317825	0.9275070129832511	0.03258167018798463	83.0	0.0	0.0	0.0
0.7958601596558242	0.28703210409311203	0.03249790634938307	84.0	0.0	0.0	0.0
0.6281585575026376	0.05253642331804127	0.034375388502433026	85.0	0.0	0.0	0.0
0.16538283324007244	0.33586189473914246	0.03331029958265648	86.0	0.0	0.0	0.0
0.23214549660640935	0.7535107232351445	0.03320750076885325	87.0	0.0	0.0	0.0
0.18246998230621886	0.5412992108305321	0.03282055976287434	88.0	0.0	0.0	0.0
0.4688287191342607	0.9486091331844563	0.03271008276657711	89.0	0.0	0.0	0.0
0.7709727164715137	0.048170925008949	0.03136136503575099	90.0	0.0	0.0	0.0
0.8257690160380067	0.7072746199187445	0.030801119771168395	91.0	0.0	0.0	0.0
0.28248469936437876	0.5598643370920156	0.03252485502870519	92.0	0.0	0.0	0.0
0.9397195864345533	0.29648888030787485	0.029628902111137348	93.0	0.0	0.0	0.0
0.11132940678369502	0.2615652262607781	0.03186461607067943	94.0	0.0	0.0	0.0
0.7840479638650881	0.9633021688481684	0.03137159560221763	95.0	0.0	0.0	0.0
0.2963024621192609	0.2221865876676637	0.03390014531778658	96.0	0.0	0.0	0.0
0.4953201255265338	0.12365016059555618	0.03294630584789896	97.0	0.0	0.0	0.0
0.4311540752082317	0.1568826767030287	0.03461415602734837	98.0	0.0	0.0	0.0
0.0488329404275548	0.4515660956823632	0.030416384821007857	99.0	0.0	0.0	0.0
0.10211628753548768	0.6645869143531001	0.033024656992165106	4.0	0.0	0.0	1.0
0.23168990304170112	0.7580182244400123	0.0332407082696221	87.0	0.0	0.0	1.0
0.21783188723339555	0.8839634451571159	0.03202645019500041	9.0	0.0	0.0	1.0
0.3946586156904477	0.8608089478258503	0.03196150664083374	22.0	0.0	0.0	1.0
0.29518269262518654	0.22421858957343832	0.03393404546310436	96.0	0.0	0.0	1.0
0.2835266209824533	0.9264431904971867	0.032614251858172606	83.0	0.0	0.0	1.0
0.8611733119879912	0.31752516238448253	0.032636544410022485	25.0	0.0	0.0	1.0
0.4768082690001697	0.6181066664067444	0.032509264593152905	74.0	0.0	0.0	1.0
0.5474136724207534	0.837159097999833	0.02979570933744023	75.0	0.0	0.0	1.0
0.9290258963693377	0.8228409529380744	0.0316774155519926	55.0	0.0	0.0	1.0
1.0022876524851345	0.6164978770969902	0.033475611212298785	39.0	0.0	0.0	1.0
0.03399213459958571	0.829135182872009	0.03313297815764069	53.0	0.0	0.0	1.0
0.49878926784940036	0.1967764167998439	0.03291774172803604	67.0	0.0	0.0	1.0
0.7999222929692654	0.28243794612978984	0.03253040425573245	84.0	0.0	0.0	1.0
0.8882278280947202	0.9129285539664231	0.03266885866063728	60.0	0.0	0.0	1.0
0.18732035314868178	0.6504390538934387	0.035686631184020434	20.0	0.0	0.0020718129546963837	1.0
0.47529073242694275	0.952578859821609	0.032742792849343685	89.0	0.0	0.0	1.0
0.8600473660514499	0.843055728154279	0.03541498885562994	12.0	0.0	0.0004573927496807073	1.0
0.05822958231628972	0.19940262794861682	0.03470496577681889	47.0	0.0	0.0	1.0
0.5282749394128512	0.6622228085147218	0.03406662736641354	2.0	0.0	0.0	1.0
0.486736226724	0.3817691055786391	0.033457656623712785	48.0	0.0	0.0	1.0
0.6892954622720238	0.3991003672862141	0.034686231129419584	13.0	0.0	0.0	1.0
0.46783059254534326	0.5460262006550366	0.03232505211852391	3.0	0.0	0.0	1.0
0.9373463304708893	0.3037773944427439	0.02965853101324848	93.0	0.0	0.0	1.0
0.15846325017317434	0.1042741958543326	0.03425545960797285	66.0	0.0	0.0	1.0
0.36420474980901796	0.9361168178441133	0.033219172282627614	11.0	0.0	0.0	1.0
0.07179887628659673	0.7465372829951885	0.03510950763263035	23.0	0.0	8.404524450611461e-06	1.0
0.6830718456754733	0.31321462236660386	0.03140839724760455	30.0	0.0	0.0	1.0
0.8732802639554031	0.6554230209163574	0.033059555683370136	69.0	0.0	0.0	1.0
0.12098129414365863	0.8327963466989409	0.033357478112963405	34.0	0.0	0.0	1.0
0.5633209094338097	0.5021065555908356	0.030098820708525317	6.0	0.0	0.0	1.0
0.5061274543686887	0.11800509879181807	0.032979252153746856	97.0	0.0	0.0	1.0
0.19518760081100664	0.39760269101320594	0.03269979422618862	61.0	0.0	0.0	1.0
0.8684588414529992	0.38654524498218773	0.031763731895546855	79.0	0.0	0.0	1.0
0.48122770563146494	0.4780602635441835	0.03434264170785924	5.0	0.0	0.0	1.0
0.05051840224885774	0.9085846475979188	0.03345009186264524	59.0	0.0	0.0	1.0
0.6116743370225364	0.789869729222084	0.03257998122688201	71.0	0.0	0.0	1.0
0.7349662787030162	0.919538935147453	0.03137728680089123	17.0	0.0	0.0	1.0
0.18807635482941554	0.5372956365644022	0.03285338032263721	88.0	0.0	0.0	1.0
0.6544928780228181	0.5007585015696423	0.03469294774481603	76.0	0.0	0.0	1.0
0.6275171409651573	0.0567490867873475	0.03440976389093545	85.0	0.0	0.0	1.0
0.9030953812370976	0.7310398510371795	0.03356852873083222	80.0	0.0	0.0	1.0
0.0827933578872554	0.13575972262445818	0.031281223347692025	10.0	0.0	0.0	1.0
0.919133341294637	0.08152429019557834	0.03247531924765136	27.0	0.0	0.0	1.0
0.44390722980328523	0.07215106997246265	0.034182653966160756	52.0	0.0	0.0	1.0
0.40422408278653155	0.5827987963703113	0.03294490258210752	57.0	0.0	0.0	1.0
0.5782857171306462	0.35329240321008487	0.031836000857413324	21.0	0.0	0.0	1.0
0.41700169868884596	0.2254407963247983	0.031709230203531925	24.0	0.0	0.0	1.0
0.16271674869829156	0.7304248714273529	0.03349451235482057	35.0	0.0	0.0	1.0
0.09910508103256851	0.514078546917721	0.03038411020694228	46.0	0.0	0.0	1.0
0.34351363879192126	0.5209854218703098	0.030799302000590643	82.0	0.0	0.0	1.0
0.034019244085054225	0.36128675871757865	0.03419500534282091	7.0	0.0	0.0	1.0
0.6359189126876061	0.1321896898623086	0.03209479183675894	29.0	0.0	0.0	1.0
0.2743753976047747	0.43309385286631363	0.03370900748105702	41.0	0.0	0.0	1.0
0.78466461690873	0.9646998053234277	0.03140296719781985	95.0	0.0	0.0	1.0
0.8045887991301353	0.43870943677204616	0.034571936128319346	58.0	0.0	0.0	1.0
0.04922959900018029	0.4568064288011936	0.03044680120582886	99.0	0.0	0.0	1.0
0.9270093145172408	0.16086528474073603	0.034827218413360735	72.0	0.0	0.0	1.0
0.3691380949580294	0.7208361012434139	0.03487129474830315	42.0	0.0	0.0	1.0
0.6078148791488855	0.417386609240439	0.03246766283864172	16.0	0.0	0.0	1.0
0.3317737328510679	0.3553522316819168	0.03334683159613633	44.0	0.0	0.0	1.0
0.16185201329896548	0.4741139396157104	0.03375005178422295	43.0	0.0	0.0	1.0
0.5658874236368192	0.732354701991511	0.030952542078588705	31.0	0.0	0.0	1.0
0.5396909354632707	0.562172744888935	0.03244865980442347	56.0	0.0	0.0	1.0
0.26222689279387706	0.6399779379799793	0.03431460106383404	49.0	0.0	0.0	1.0
0.838906701122711	0.7742681999687142	0.030371425234562516	38.0	0.0	0.0	1.0
0.49848002819547005	0.7736936657589262	0.03457485410958066	8.0	0.0	0.0	1.0
0.4072532588389112	0.47481124085802967	0.029536636535725542	14.0	0.0	0.0	1.0
0.8254355274248082	0.7058689815177607	0.03083192089093956	91.0	0.0	0.0	1.0
0.617265462241218	0.2698700933112691	0.029539863734115716	64.0	0.0	0.0	1.0
0.47822968364809204	0.8736037157098633	0.0344562696425974	45.0	0.0	0.0	1.0
0.698598164668062	0.24586730114718838	0.03192586575503717	62.0	0.0	0.0	1.0
0.28660925176361185	0.5623271325225183	0.03255737988373389	92.0	0.0	0.0	1.0
0.19373543240532856	0.248131978002143	0.032881714302913326	78.0	0.0	0.0	1.0
0.6467023405951515	0.844850527200564	0.031483704826488386	70.0	0.0	0.0	1.0
0.5350010590504967	0.427616931982599	0.03242549319860422	63.0	0.0	0.0	1.0
0.8483743306333423	0.5173713862034558	0.03136024420202134	18.0	0.0	0.0	1.0
0.25214676268090114	0.2783890216688101	0.03248742633175634	54.0	0.0	0.0	1.0
0.15835467258806912	0.178847017713198	0.03571410721057765	40.0	0.0	0.002330613345236543	1.0
0.11407323607606705	0.2583821503872708	0.031896480686750106	94.0	0.0	0.0	1.0
0.3236670396118551	0.8279756872432008	0.03197675184115379	33.0	0.0	0.0	1.0
0.6498745147093669	0.9319390364611357	0.032085274473088794	81.0	0.0	0.0	1.0
0.3485825969254817	0.2718506784858153	0.03559540797293715	28.0	0.0	0.0013509022081592548	1.0
0.49055585945009544	0.2725424703837348	0.03290306909977492	36.0	0.0	0.0	1.0
0.42556762023936795	0.15728893517270343	0.03464877018337571	98.0	0.0	0.0	1.0
0.34804533009940425	0.6313977226865519	0.03210684962188058	1.0	0.0	0.0	1.0
0.9445956620416948	0.6747211853431387	0.03419289552428965	73.0	0.0	0.0	1.0
0.7605734781635679	0.8430330814593461	0.03128572399992646	65.0	0.0	0.0	1.0
0.7728536837502036	0.04587435660537693	0.03139272640078673	90.0	0.0	0.0	1.0
0.1640647163529148	0.3356399192487997	0.03334360988223913	86.0	0.0	0.0	1.0
0.9777874304992802	0.7418233422455649	0.033944573477105035	32.0	0.0	0.0	1.0
0.7994723297903249	0.8931338318658704	0.03100259997861396	77.0	0.0	0.0	1.0
0.40569016303219707	0.3920117681954204	0.03174707817702692	19.0	0.0	0.0	1.0
0.24966339405373464	0.3532434246127661	0.03319054438200501	51.0	0.0	0.0	1.0
0.9510760172367284	0.5062355803175416	0.031547558753380216	15.0	0.0	0.0	1.0
0.7231755794821544	0.504231281886517	0.030969150656220627	26.0	0.0	0.0	1.0
0.5516519351829247	0.9431133168839801	0.03295189026490166	50.0	0.0	0.0	1.0
0.8236083928852076	0.6037728375304324	0.03036505925005618	68.0	0.0	0.0	1.0
0.9039690891431081	0.46021454749471796	0.03306309571463994	37.0	0.0	0.0	1.0
0.34994964032284237	0.2721075333160999	0.03563100338091008	28.0	0.0	0.001607959228550726	2.0
0.22079572562304328	0.883348398731973	0.032058476645195406	9.0	0.0	0.0	2.0
0.28117930756788206	0.9175524186477088	0.03264686611003077	83.0	0.0	0.0	2.0
0.9507757100323592	0.6663604963643226	0.034227088419813936	73.0	0.0	0.0	2.0
0.058620152024791004	0.7478274205760623	0.03514461714026298	23.0	0.0	1.9357054910074112e-05	2.0
0.04903607452056758	0.9123203319025947	0.03348354195450788	59.0	0.0	0.0	2.0
0.2987239210421104	0.21448624686291512	0.03396797950856746	96.0	0.0	0.0	2.0
0.6828072049887175	0.3177048978675928	0.03143980564485215	30.0	0.0	0.0	2.0
0.44204249403126594	0.07457992143417184	0.034216836620126916	52.0	0.0	0.0	2.0
0.15942697004280232	0.10312730951219617	0.034289715067580814	66.0	0.0	0.0	2.0
0.18590288136566888	0.2436979361966259	0.03291459601721623	78.0	0.0	0.0	2.0
0.4791390898232918	0.37642627926745126	0.03349111428033649	48.0	0.0	0.0	2.0
0.4647346181740437	0.5523817856642631	0.03235737717064243	3.0	0.0	0.0	2.0
0.5449633102107102	0.43259289007335594	0.032457918691802826	63.0	0.0	0.0	2.0
0.4790096156897169	0.8728644428167874	0.03449072591223999	45.0	0.0	0.0	2.0
0.19311798569654923	0.40199080350367034	0.0327324940204148	61.0	0.0	0.0	2.0
0.043221701014900825	0.4479887824098105	0.030477248007034684	99.0	0.0	0.0	2.0
0.8246634292696535	0.7048500935763794	0.030862752811830495	91.0	0.0	0.0	2.0
0.8990889671565526	0.7258046782512112	0.03360209725956305	80.0	0.0	0.0	2.0
0.25121758526404453	0.35688961304532585	0.033223734926387014	51.0	0.0	0.0	2.0
0.10663269165997291	0.25518289658708215	0.03192837716743685	94.0	0.0	0.0	2.0
0.053394663725174894	0.20031106450341693	0.03473967074259571	47.0	0.0	0.0	2.0
0.8309367573009008	0.7784477303959191	0.030401796659797076	38.0	0.0	0.0	2.0
0.2753868555398669	0.43336430352400185	0.03374271648853807	41.0	0.0	0.0	2.0
0.6851078165159957	0.39795234799491214	0.034720917360549	13.0	0.0	0.0	2.0
0.8037016994693187	0.43788953973771466	0.034606508064447664	58.0	0.0	0.0	2.0
0.9368957682287335	0.30252862382577944	0.029688189544261726	93.0	0.0	0.0	2.0
0.34000880646035453	0.5145295160189809	0.03083010130259123	82.0	0.0	0.0	2.0
0.4064917770022031	0.476008143979595	0.029566173172261265	14.0	0.0	0.0	2.0
0.10196640079024627	0.6611880442140927	0.03305768164915727	4.0	0.0	0.0	2.0
0.8869637945378318	0.9123850501669305	0.03270152751929792	60.0	0.0	0.0	2.0
0.86360118115679	0.316588218320958	0.032669180954432504	25.0	0.0	0.0	2.0
0.3988078013129019	0.8605342629470321	0.03199346814747457	22.0	0.0	0.0	2.0
0.18556600214156146	0.5385087335469187	0.032886233702959844	88.0	0.0	0.0	2.0
0.9448717913033251	0.5062941726924699	0.03157910631213359	15.0	0.0	0.0	2.0
0.8055273680371761	0.28660265014481273	0.03256293465998818	84.0	0.0	0.0	2.0
0.4298848163415636	0.14746157553777614	0.034683418953559086	98.0	0.0	0.0	2.0
0.5318116700506149	0.6630266982550878	0.03410069399377995	2.0	0.0	0.0	2.0
0.09768206273532265	0.5137456630419379	0.03041449431714922	46.0	0.0	0.0	2.0
0.22995820047219678	0.7595986422438575	0.033273948977891724	87.0	0.0	0.0	2.0
0.5423869304461179	0.5687251648366549	0.03248110846422789	56.0	0.0	0.0	2.0
0.926269606304128	0.8265262217753053	0.03170909296754459	55.0	0.0	0.0	2.0
0.7373326843708522	0.9223222891502233	0.03140866408769212	17.0	0.0	0.0	2.0
0.9279478658928105	0.1613941053122821	0.03486204563177409	72.0	0.0	0.0	2.0
0.08507376432595044	0.13433897739706097	0.03131250457103971	10.0	0.0	0.0	2.0
0.40185713414915436	0.5843789940615525	0.032977847484689626	57.0	0.0	0.0	2.0
0.1574652905378583	0.17947371849487517	0.03574982131778822	40.0	0.0	0.0026980706918351416	2.0
0.5490128943362451	0.9411265376689509	0.03298484215516656	50.0	0.0	0.0	2.0
0.7276266874965701	0.5019047745914227	0.031000119806876846	26.0	0.0	0.0	2.0
0.6463432248644504	0.9373382152416582	0.03211735974756188	81.0	0.0	0.0	2.0
0.5796225932356928	0.3526772426217718	0.031867836858270736	21.0	0.0	0.0	2.0
0.2594970195606951	0.29089446872694397	0.03251991375808809	54.0	0.0	0.0	2.0
0.6529511884623851	0.5004788693862116	0.03472764069256084	76.0	0.0	0.0	2.0
0.4825659957688706	0.4759271943238507	0.03437698434956709	5.0	0.0	0.0	2.0
0.2610921762622789	0.6368329770163977	0.034348915664897874	49.0	0.0	0.0	2.0
0.6169612344964045	0.795773736141326	0.03261256120810888	71.0	0.0	0.0	2.0
0.8220440951569545	0.6041491734850144	0.030395424309306234	68.0	0.0	0.0	2.0
0.19052021851752146	0.6530767253613411	0.03572231781520445	20.0	0.0	0.0024119314096395783	2.0
0.03642378744344457	0.3628920550064023	0.03422920034816373	7.0	0.0	0.0	2.0
0.16043505051165716	0.7294437964970448	0.03352800686717539	35.0	0.0	0.0	2.0
0.6959176635247791	0.2320426242031746	0.0319577916207922	62.0	0.0	0.0	2.0
0.37021865073847393	0.7206541318736684	0.034906166043051454	42.0	0.0	0.0	2.0
0.5490395282802982	0.8354546006764517	0.029825505046777667	75.0	0.0	0.0	2.0
0.8423593112943553	0.5144178467172421	0.03139160444622336	18.0	0.0	0.0	2.0
0.28405300553677426	0.5675747341660555	0.03258993726361762	92.0	0.0	0.0	2.0
0.8585906532319246	0.842959290679383	0.03545040384448557	12.0	0.0	0.000584771556887631	2.0
0.5086988478487606	0.11730016587899912	0.0330122314059006	97.0	0.0	0.0	2.0
0.7945984352555117	0.9693658849100387	0.03143437016501766	95.0	0.0	0.0	2.0
0.6283125031914868	0.05790077128912439	0.03444417365482638	85.0	0.0	0.0	2.0
0.49972213602727034	0.1961450982749779	0.032950659469764075	67.0	0.0	0.0	2.0
0.5643119548867221	0.734698556128336	0.03098349462066729	31.0	0.0	0.0	2.0
0.5647341629630426	0.5022449067281038	0.030128919529233838	6.0	0.0	0.0	2.0
0.16188935660029194	0.47292803463232275	0.03378380183600717	43.0	0.0	0.0	2.0
0.1645728525726792	0.33417401852390816	0.033376953492121365	86.0	0.0	0.0	2.0
0.48888539394270303	0.27166935066240583	0.032935972168874686	36.0	0.0	0.0	2.0
0.41851128159825024	0.23461928244860517	0.03174093943373545	24.0	0.0	0.0	2.0
0.03983741993763289	0.8291167825051431	0.03316611113579833	53.0	0.0	0.0	2.0
0.47306490456821276	0.9528250899610726	0.03277553564219302	89.0	0.0	0.0	2.0
0.8719098116361568	0.6579857439554442	0.033092615239053505	69.0	0.0	0.0	2.0
0.9011061309329119	0.45800216980347763	0.033096158810354576	37.0	0.0	0.0	2.0
0.9763795142995217	0.7437057818922093	0.033978518050582135	32.0	0.0	0.0	2.0
0.9113299853639983	0.08031101219968267	0.032507794566899006	27.0	0.0	0.0	2.0
0.40448201333350164	0.39190117030367505	0.031778825255203945	19.0	0.0	0.0	2.0
0.7561256614111636	0.8423415279478268	0.031317009723926384	65.0	0.0	0.0	2.0
0.347801447540885	0.6300768229404344	0.03213895647150246	1.0	0.0	0.0	2.0
0.10689996210267246	0.8327520200903098	0.03339083559107636	34.0	0.0	0.0	2.0
0.4775153350210741	0.6189165564535172	0.03254177385774605	74.0	0.0	0.0	2.0
0.9999728908422346	0.6172758530897147	0.03350908682351108	39.0	0.0	0.0	2.0
0.6456555670410817	0.1274087255002809	0.03212688662859569	29.0	0.0	0.0	2.0
0.6172417566181871	0.4168378624855586	0.03250013050148036	16.0	0.0	0.0	2.0
0.3289630310380749	0.816561119202023	0.03200872859299494	33.0	0.0	0.0	2.0
0.33277336596829665	0.3553868595915676	0.033380178427732464	44.0	0.0	0.0	2.0
0.6214399493247507	0.2643612930085257	0.02956940359784983	64.0	0.0	0.0	2.0
0.6511142357473688	0.8524003990196767	0.031515188531314874	70.0	0.0	0.0	2.0
0.5043822741066385	0.7721552317567069	0.034609428963690236	8.0	0.0	0.0	2.0
0.36605791291385936	0.9366626841997229	0.03325239145491024	11.0	0.0	0.0	2.0
0.7637063445623082	0.04456985332112898	0.03142411912718752	90.0	0.0	0.0	2.0
0.8007287963871871	0.8919428669528501	0.03103360257859257	77.0	0.0	0.0	2.0
0.8695680545190989	0.3882887147766022	0.0317954956274424	79.0	0.0	0.0	2.0
0.7944669804573096	0.9719736572721548	0.031465804535182676	95.0	0.0	0.0	3.0
0.48789194044642437	0.27134240401195653	0.03296890814104356	36.0	0.0	0.0	3.0
0.25409961272454795	0.2889662397843	0.032552433671846175	54.0	0.0	0.0	3.0
0.48054784611095835	0.3786405734461833	0.033524605394616824	48.0	0.0	0.0	3.0
0.6155763431238417	0.4141833990290753	0.032532630631981835	16.0	0.0	0.0	3.0
0.6108677063222052	0.7881570500090157	0.032645173769316985	71.0	0.0	0.0	3.0
0.4120214875579347	0.470355222566102	0.029595739345433525	14.0	0.0	0.0	3.0
0.8218133918901471	0.6028050808362813	0.030425819733615536	68.0	0.0	0.0	3.0
0.1921012157991666	0.6518549949485931	0.03575804013301965	20.0	0.0	0.0027877676328103007	3.0
0.3658297373508366	0.7197433583649789	0.0349410722090945	42.0	0.0	0.0	3.0
0.7921713334199393	0.4300863646931117	0.03464111457251211	58.0	0.0	0.0	3.0
0.3948333800755053	0.8582618179779197	0.032025461615622045	22.0	0.0	0.0	3.0
0.19113697742703245	0.40463948991519705	0.03276522651443521	61.0	0.0	0.0	3.0
0.5617152742426699	0.7257795888873417	0.03101447811528795	31.0	0.0	0.0	3.0
0.27877370695613934	0.4350009577093643	0.0337764592050266	41.0	0.0	0.0	3.0
0.15761659636349656	0.1809706913325069	0.03578557113910601	40.0	0.0	0.0031026767614292794	3.0
0.931849151786297	0.8328774047844667	0.03174080206051213	55.0	0.0	0.0	3.0
0.5413651843537395	0.5682073919738776	0.03251358957269211	56.0	0.0	0.0	3.0
0.3937761283689864	0.3920022761035788	0.031810604080459146	19.0	0.0	0.0	3.0
0.46926981700888243	0.9414145038911692	0.03280831117783521	89.0	0.0	0.0	3.0
0.05656817340344621	0.7488190139429171	0.035179761757403234	23.0	0.0	3.7176790115722724e-05	3.0
0.050456791286194014	0.909044607426686	0.033517025496462384	59.0	0.0	0.0	3.0
0.6876913243695869	0.21996902542639712	0.03198974941241299	62.0	0.0	0.0	3.0
0.817525156812579	0.7059139803599833	0.030893615564642322	91.0	0.0	0.0	3.0
0.25153736865857684	0.35882572247224676	0.033256958661313396	51.0	0.0	0.0	3.0
0.08307166644839191	0.13498392878422133	0.03134381707561075	10.0	0.0	0.0	3.0
0.8740010887495683	0.6573554035565791	0.03312570785429256	69.0	0.0	0.0	3.0
0.037464728166886244	0.8312280510508451	0.033199277246934125	53.0	0.0	0.0	3.0
0.16293887854025332	0.7243849485435006	0.033561534874042565	35.0	0.0	0.0	3.0
0.5099189893712529	0.11605283763813143	0.0330452436373065	97.0	0.0	0.0	3.0
0.5034153189820467	0.7732080728468398	0.034644038392653925	8.0	0.0	0.0	3.0
0.5636416122827392	0.501900531850384	0.03015904844876307	6.0	0.0	0.0	3.0
0.4802911447587117	0.46878854229522127	0.03441136133391665	5.0	0.0	0.0	3.0
0.9142338513172784	0.08019211222162846	0.0325403023614659	27.0	0.0	0.0	3.0
0.8938963101297026	0.7330894732947492	0.03363569935682261	80.0	0.0	0.0	3.0
0.18116995395865995	0.5548773846791115	0.0329191199366628	88.0	0.0	0.0	3.0
0.10718518924041352	0.8402991813387353	0.03342422642666743	34.0	0.0	0.0	3.0
0.7982598965276948	0.2781785378932916	0.03259549759464816	84.0	0.0	0.0	3.0
0.4625084225889947	0.541007317830507	0.03238973454781307	3.0	0.0	0.0	3.0
0.41059069216378663	0.2424161771136012	0.03177268037316919	24.0	0.0	0.0	3.0
0.6448946242454493	0.504754671760073	0.0347623683332534	76.0	0.0	0.0	3.0
0.16501896127201005	0.4709889070469357	0.03381758563784317	43.0	0.0	0.0	3.0
0.8500409223704033	0.5159615313312208	0.03142299605066958	18.0	0.0	0.0	3.0
0.47610696435826977	0.6181804285926341	0.0325743156316038	74.0	0.0	0.0	3.0
0.2810836658275543	0.5688736891940533	0.032622527200881234	92.0	0.0	0.0	3.0
0.2817500021128474	0.9184748850809895	0.0326795129761408	83.0	0.0	0.0	3.0
0.9753566310557281	0.7446876398499528	0.034012496568632714	32.0	0.0	0.0	3.0
0.8661347959608661	0.39126709234670887	0.03182729112306983	79.0	0.0	0.0	3.0
0.9528001165048207	0.5142977261176614	0.03161068541844572	15.0	0.0	0.0	3.0
0.7233618727261446	0.5016224348180327	0.03103111992668372	26.0	0.0	0.0	3.0
0.5824017815590907	0.3547970755912247	0.031899704695129004	21.0	0.0	0.0	3.0
0.6591553053695841	0.8575900618922246	0.031546703719846185	70.0	0.0	0.0	3.0
0.5007928398702105	0.19404862046446641	0.032983610129233835	67.0	0.0	0.0	3.0
0.5439441839558815	0.43318413799508404	0.03249037661049462	63.0	0.0	0.0	3.0
0.8969356226306309	0.4565712048473972	0.033129254969164926	37.0	0.0	0.0	3.0
0.7655662266860831	0.04449369968757352	0.0314555432463147	90.0	0.0	0.0	3.0
0.1856961724605305	0.24494944289368945	0.03294751061323344	78.0	0.0	0.0	3.0
0.04058162841273284	0.4496567720185343	0.030507725255041716	99.0	0.0	0.0	3.0
0.7378871806629518	0.9233053816425348	0.03144007275177981	17.0	0.0	0.0	3.0
0.6815293009463025	0.3174059602844701	0.031471245450497	30.0	0.0	0.0	3.0
0.35021411237433014	0.27630276668239295	0.03566663438429099	28.0	0.0	0.0018960208333567152	3.0
0.9238588237681473	0.160105228368577	0.034896907677405865	72.0	0.0	0.0	3.0
0.22144203988535904	0.8845944758594878	0.0320905351218406	9.0	0.0	0.0	3.0
0.09560866180826354	0.5177431262297675	0.030444908811466366	46.0	0.0	0.0	3.0
0.5557203977383911	0.9408518962012851	0.033017826997321725	50.0	0.0	0.0	3.0
0.33252690104668897	0.35414010687896313	0.033413558606160194	44.0	0.0	0.0	3.0
0.8879776675301569	0.9146829807292851	0.03273422904681721	60.0	0.0	0.0	3.0
0.8227149554175182	0.770205567494941	0.03043219845645687	38.0	0.0	0.0	3.0
0.9419113665791032	0.31616032669202554	0.029717877733805985	93.0	0.0	0.0	3.0
0.037636484926711226	0.3633339212045154	0.03426342954851189	7.0	0.0	0.0	3.0
0.6153308318601522	0.26260351782915575	0.029598973001447676	64.0	0.0	0.0	3.0
0.3302581238866921	0.8143765763783443	0.03204073732158793	33.0	0.0	0.0	3.0
0.5293143265389775	0.6647397974042472	0.03413479468777372	2.0	0.0	0.0	3.0
0.6455146156265155	0.9384756833447913	0.032149477107309435	81.0	0.0	0.0	3.0
0.8693628627690909	0.32353419599293565	0.032701850135386935	25.0	0.0	0.0	3.0
0.7545082700216706	0.8403667727230012	0.03134832673365031	65.0	0.0	0.0	3.0
0.3953497783550868	0.5868801719697258	0.03301082533217431	57.0	0.0	0.0	3.0
1.003213506628159	0.6136593266947793	0.03354259591033459	39.0	0.0	0.0	3.0
0.2663920346359133	0.6399076993425252	0.03438326458056277	49.0	0.0	0.0	3.0
0.10535739351630918	0.2557794796276765	0.03196030554460429	94.0	0.0	0.0	3.0
0.6884362582315905	0.40011435989464794	0.03475563827790954	13.0	0.0	0.0	3.0
0.4764263673682575	0.8722257383661935	0.03452521663815223	45.0	0.0	0.0	3.0
0.29670484372294814	0.21525086363144347	0.03400194748807602	96.0	0.0	0.0	3.0
0.6307468073581671	0.056589121822508914	0.0344786178284812	85.0	0.0	0.0	3.0
0.22866316711009577	0.7589828601422784	0.03330722292686961	87.0	0.0	0.0	3.0
0.43800077215479233	0.07549859437895791	0.03425105345674704	52.0	0.0	0.0	3.0
0.6485671164948691	0.12703085048579668	0.03215901351522428	29.0	0.0	0.0	3.0
0.5494533571530688	0.8333612306896996	0.029855330551824443	75.0	0.0	0.0	3.0
0.33740180422020066	0.5225358891063835	0.030860931403893815	82.0	0.0	0.0	3.0
0.336723277885308	0.6351604055964545	0.03217109542797396	1.0	0.0	0.0	3.0
0.364866939098777	0.9361682682626865	0.03328564384636515	11.0	0.0	0.0	3.0
0.9459289871854287	0.6652629643272989	0.03426131550823375	73.0	0.0	0.0	3.0
0.8042610063377202	0.8945446388021608	0.031064636181171158	77.0	0.0	0.0	3.0
0.427515000977761	0.15151693080220974	0.03471810237251264	98.0	0.0	0.0	3.0
0.10232718350484547	0.6584751287349557	0.033090739330806425	4.0	0.0	0.0	3.0
0.8594079906574136	0.8446741446097138	0.035485854248330055	12.0	0.0	0.0007340032581453215	3.0
0.05168704502139618	0.199390967009993	0.0347744104133383	47.0	0.0	0.0	3.0
0.15884709746169579	0.10122516020526562	0.03432400478264839	66.0	0.0	0.0	3.0
0.16354233419825412	0.3330660516141595	0.033410330445613486	86.0	0.0	0.0	3.0
0.4333297661242215	0.1422489131947398	0.03475282047488515	98.0	0.0	0.0	4.0
0.5006445823310887	0.19248337499941243	0.03301659373936307	67.0	0.0	0.0	4.0
0.259654847967687	0.3576680876452184	0.03329021561997471	51.0	0.0	0.0	4.0
0.7535324043422216	0.8407363292799772	0.03137967506038396	65.0	0.0	0.0	4.0
0.543207081598847	0.8401623069718633	0.029885185882376264	75.0	0.0	0.0	4.0
0.5623629767816359	0.5025184166900847	0.03018920749721183	6.0	0.0	0.0	4.0
0.3364913443542346	0.6366836870470671	0.03220326652340193	1.0	0.0	0.0	4.0
0.3632062657344565	0.9364157747083718	0.03331892949021151	11.0	0.0	0.0	4.0
0.7991882213043199	0.2761776988672621	0.0326280930922428	84.0	0.0	0.0	4.0
0.10177346450208338	0.2475160704275732	0.03199226585014889	94.0	0.0	0.0	4.0
0.8745710990576296	0.6596923654117038	0.03315883356214685	69.0	0.0	0.0	4.0
0.33393064486490015	0.3540294075318213	0.03344697216476635	44.0	0.0	0.0	4.0
0.6145816013531996	0.4129995947030916	0.032565163262613814	16.0	0.0	0.0	4.0
0.3376521226620281	0.5241799180547521	0.030891792335297708	82.0	0.0	0.0	4.0
0.47441457914389545	0.9403468790266009	0.03284111948901304	89.0	0.0	0.0	4.0
0.8600006415831403	0.31643623154591255	0.03273455198552232	25.0	0.0	0.0	4.0
0.40565751397321415	0.5840543648149021	0.03304383615750648	57.0	0.0	0.0	4.0
0.1587910865444971	0.7107789945338036	0.03359509640891661	35.0	0.0	0.0	4.0
0.9536797711353907	0.5156426773462895	0.03164229610386417	15.0	0.0	0.0	4.0
0.4444732563308851	0.06649496794975214	0.034285304510203785	52.0	0.0	0.0	4.0
0.6483633684661905	0.1293364791278126	0.0321911725287395	29.0	0.0	0.0	4.0
0.9407677424285094	0.31740552873583494	0.02974759561153979	93.0	0.0	0.0	4.0
0.8621024303068938	0.3899850190938751	0.0318591184141929	79.0	0.0	0.0	4.0
0.5404028678010852	0.5626008714331137	0.0325461031622648	56.0	0.0	0.0	4.0
0.18737583969709712	0.2495145462140854	0.03298045812384667	78.0	0.0	0.0	4.0
0.7411832868774022	0.9206913429239659	0.03147151282453159	17.0	0.0	0.0	4.0
0.9827566408862528	0.7486149938370833	0.03404650906520134	32.0	0.0	0.0	4.0
0.16805200096912237	0.47027939402680585	0.033851403223481014	43.0	0.0	0.0	4.0
0.034550781103480435	0.45502314045498277	0.030538232980296755	99.0	0.0	0.0	4.0
0.6436134501852909	0.504995392534865	0.034797130701586645	76.0	0.0	0.0	4.0
0.5455506813482823	0.433300654372728	0.03252286698710511	63.0	0.0	0.0	4.0
0.2223978783730138	0.8819452902281397	0.03212262565696243	9.0	0.0	0.0	4.0
0.4019406248336984	0.39218221169488166	0.0318424146845396	19.0	0.0	0.0	4.0
0.16195904356323979	0.33443956812458325	0.0334437407760591	86.0	0.0	0.0	4.0
0.887953464417293	0.7283763882847413	0.03366933505617943	80.0	0.0	0.0	4.0
0.8192767169959254	0.6016378354839275	0.030456245553349148	68.0	0.0	0.0	4.0
0.5684937385433335	0.7186732552051223	0.031045492593403234	31.0	0.0	0.0	4.0
0.6811264503050315	0.3209455874459199	0.031502716695947494	30.0	0.0	0.0	4.0
0.08218262304618595	0.13664642515683076	0.031375160892686355	10.0	0.0	0.0	4.0
0.5565568018135335	0.9399296136516141	0.033050844824319046	50.0	0.0	0.0	4.0
0.7683832187739355	0.04976142803031091	0.03148699878956101	90.0	0.0	0.0	4.0
0.9272135727003366	0.16246914360346992	0.03493180458508327	72.0	0.0	0.0	4.0
0.29925756603635517	0.21352330884554394	0.034035949435564095	96.0	0.0	0.0	4.0
0.6922488495266766	0.2271325792029585	0.0320217391618254	62.0	0.0	0.0	4.0
0.7815631262525049	0.3066132264529058	0.07454909819639279	-2.0	-1.0	395.903853831172	4.0
0.9171325316222422	0.07777189980026196	0.03257284266382736	27.0	0.0	0.0	4.0
0.049179941327385616	0.909121066862264	0.03355054252195884	59.0	0.0	0.0	4.0
0.6601241266447216	0.8550072346502628	0.031578250423566025	70.0	0.0	0.0	4.0
0.7908061192638339	0.9664525646368568	0.03149727033971785	95.0	0.0	0.0	4.0
0.45895911442013126	0.5361989303639664	0.03242212428236088	3.0	0.0	0.0	4.0
0.19498125779713607	0.6513326119391121	0.03579379817315267	20.0	0.0	0.0032011812114518534	4.0
0.8186471311878292	0.7048233507189481	0.03092450918020696	91.0	0.0	0.0	4.0
0.17381162623702748	0.5585482005362581	0.03295203905659946	88.0	0.0	0.0	4.0
0.507197125984462	0.7823994800262714	0.034678682431046576	8.0	0.0	0.0	4.0
0.18740657255576593	0.4005260626636729	0.03279799174094964	61.0	0.0	0.0	4.0
0.03323247652418106	0.8364242571239154	0.03323247652418106	53.0	0.0	0.0	4.0
0.3959084518481415	0.8570146430784897	0.03205748707723766	22.0	0.0	0.0	4.0
0.1447493250016568	0.17524504831370852	0.03582135671024511	40.0	0.0	0.0035462994331822983	4.0
0.6563028850233349	0.944376547557375	0.03218162658441674	81.0	0.0	0.0	4.0
0.8634346783358898	0.8382561016855525	0.03552134010257838	12.0	0.0	0.0009068665291778188	4.0
0.48675410290057836	0.2716161429372526	0.0330018770491846	36.0	0.0	0.0	4.0
0.888550026730133	0.9192045127424229	0.03276696327586403	60.0	0.0	0.0	4.0
0.329923168131419	0.8128811664341034	0.03207277805890951	33.0	0.0	0.0	4.0
0.9485854916229052	0.6631011333672998	0.03429557682374198	73.0	0.0	0.0	4.0
0.0945507564783528	0.5209920627408144	0.03047535372027783	46.0	0.0	0.0	4.0
0.16027659784598572	0.10131076054678373	0.03435832878743103	66.0	0.0	0.0	4.0
0.6897528963914111	0.3987683849159472	0.03479039391618745	13.0	0.0	0.0	4.0
0.9007069861676883	0.4675455228733599	0.03316238422413409	37.0	0.0	0.0	4.0
0.2826623270129612	0.4353816360491931	0.03381023566423162	41.0	0.0	0.0	4.0
0.6156486114864437	0.2615120220061169	0.02962857197444912	64.0	0.0	0.0	4.0
0.3401394050974932	0.27998550085346424	0.035702301018675275	28.0	0.0	0.0022169192222634138	4.0
0.7259725135529678	0.49881559146507193	0.0310621510466104	26.0	0.0	0.0	4.0
0.22801283605952902	0.7598523784795493	0.03334053014979648	87.0	0.0	0.0	4.0
0.04977723055978441	0.7418767579546804	0.03521494151916063	23.0	0.0	6.355371120037034e-05	4.0
0.8195319311769892	0.7701955476566641	0.030462630654913322	38.0	0.0	0.0	4.0
0.48128573701406563	0.4601861172682195	0.034445772695250565	5.0	0.0	0.0	4.0
0.6302156443384427	0.055580638656490815	0.034513096446309684	85.0	0.0	0.0	4.0
0.4203240766141583	0.23796681703558592	0.031804453053542354	24.0	0.0	0.0	4.0
0.26795661204486076	0.6401610606606428	0.034417647845143326	49.0	0.0	0.0	4.0
0.4783171348532377	0.6179500059419117	0.032606889947235394	74.0	0.0	0.0	4.0
0.6127240845593319	0.7922250316981747	0.0326778189430863	71.0	0.0	0.0	4.0
0.3663183076082168	0.7227013777531038	0.03497601328130359	42.0	0.0	0.0	4.0
0.507175356566878	0.11755352361771769	0.0330782888809438	97.0	0.0	0.0	4.0
0.5298480591073423	0.6637855166086021	0.034168929482461495	2.0	0.0	0.0	4.0
0.5811422368468606	0.35672286117724267	0.03193160439982413	21.0	0.0	0.0	4.0
0.7910680800632534	0.4304883531304598	0.034675755687084614	58.0	0.0	0.0	4.0
0.8487613798766214	0.5108554424945411	0.03145441904672025	18.0	0.0	0.0	4.0
0.2824684963835065	0.5686583735713244	0.03265514972808211	92.0	0.0	0.0	4.0
0.25259452196945303	0.28888561922814465	0.032584986105518014	54.0	0.0	0.0	4.0
0.09904099086954617	0.6622392110531847	0.03312383007013723	4.0	0.0	0.0	4.0
0.11752396232823233	0.8415219654160367	0.0334576506530941	34.0	0.0	0.0	4.0
0.40030304618354867	0.4712832459446714	0.029625335084778954	14.0	0.0	0.0	4.0
0.47905800221455663	0.37922632523662275	0.03355813000001144	48.0	0.0	0.0	4.0
0.05339587924290033	0.19991779204704518	0.034809184823751636	47.0	0.0	0.0	4.0
0.812968903463464	0.883349080674025	0.031095700817352325	77.0	0.0	0.0	4.0
0.9326974973642501	0.8322715915762603	0.03177254286257264	55.0	0.0	0.0	4.0
0.03622736427883167	0.36268551744931216	0.034297692978060394	7.0	0.0	0.0	4.0
0.2834658778100778	0.9209594730863764	0.032712192489116936	83.0	0.0	0.0	4.0
0.4775873074379916	0.8725997210354616	0.034559741854790375	45.0	0.0	0.0	4.0
1.0037116849835845	0.6215617664697548	0.03357613850624492	39.0	0.0	0.0	4.0
0.1542595228627718	0.3256871422296232	0.03347718451683515	86.0	0.0	0.0	5.0
0.36488012706260636	0.9332377278395146	0.03335224841970171	11.0	0.0	0.0	5.0
0.6071171747897446	0.7943483467335943	0.03271049676202938	71.0	0.0	0.0	5.0
0.6408966200727667	0.5071780282907086	0.03483192783228823	76.0	0.0	0.0	5.0
0.7566529412626979	0.8483205675650691	0.03141105473544434	65.0	0.0	0.0	5.0
0.053055194115137747	0.20139511156828674	0.03484399400857539	47.0	0.0	0.0	5.0
0.7952963299366506	0.27061743262060123	0.03266072118533504	84.0	0.0	0.0	5.0
0.5744018162887018	0.7276542984240061	0.031076538085996634	31.0	0.0	0.0	5.0
0.10124514295871145	0.6693095698479122	0.03315695390020736	4.0	0.0	0.0	5.0
0.5071741376455717	0.7787481379172296	0.03471336111347762	8.0	0.0	0.0	5.0
0.5444141633370996	0.8412094594404346	0.029915071068258636	75.0	0.0	0.0	5.0
0.8872753231952093	0.9200098664469801	0.03279973023913989	60.0	0.0	0.0	5.0
0.7914465198218549	0.968506806601288	0.031528767610057566	95.0	0.0	0.0	5.0
0.09918025237354784	0.5301994381274775	0.030505829073998104	46.0	0.0	0.0	5.0
0.2091651871147707	0.8830726922125341	0.03215474828261939	9.0	0.0	0.0	5.0
0.19167191533232752	0.24928442586697314	0.03301343858197052	78.0	0.0	0.0	5.0
0.9254082555163632	0.15974647183799137	0.03496673638966835	72.0	0.0	0.0	5.0
0.3307502861450034	0.3550983049450478	0.03348041913693112	44.0	0.0	0.0	5.0
0.9814050171133252	0.7474274544435107	0.034080555574266536	32.0	0.0	0.0	5.0
0.6857417330796639	0.22904931061811482	0.03205376090098722	62.0	0.0	0.0	5.0
0.81869570498485	0.7695323628253774	0.03049309328556823	38.0	0.0	0.0	5.0
0.6911134252709549	0.40156135278790606	0.03482518431010363	13.0	0.0	0.0	5.0
0.4002478643320445	0.39187517821210327	0.03187425709922413	19.0	0.0	0.0	5.0
0.29531934249994846	0.20351594214220203	0.034069985384999654	96.0	0.0	0.0	5.0
0.17951904453668432	0.4044016688149198	0.03283078973269059	61.0	0.0	0.0	5.0
0.6191684715987608	0.4099789306583927	0.032597728425876424	16.0	0.0	0.0	5.0
0.5065312842619479	0.11839243923394024	0.03311136716982474	97.0	0.0	0.0	5.0
0.27882247036234414	0.9260153128403333	0.03274490468160605	83.0	0.0	0.0	5.0
0.5390484666029137	0.5722186071555969	0.032578649265427057	56.0	0.0	0.0	5.0
0.16180195969808514	0.10416316183533704	0.03439268711621846	66.0	0.0	0.0	5.0
0.4569223341847771	0.5366082385520854	0.03245454640664324	3.0	0.0	0.0	5.0
0.8983944426916569	0.46047420790498206	0.03319554660835822	37.0	0.0	0.0	5.0
0.9402831239247317	0.6683022119824817	0.03432987240056572	73.0	0.0	0.0	5.0
0.09832014901830768	0.25378266697392204	0.03202425811599903	94.0	0.0	0.0	5.0
0.34610305937604124	0.6343527601117867	0.03223546978992532	1.0	0.0	0.0	5.0
0.5045762817876627	0.19247099840730034	0.03304961033310243	67.0	0.0	0.0	5.0
0.3651290396909095	0.7226226456973529	0.03501098929458489	42.0	0.0	8.493557857036649e-09	5.0
0.8184225088312342	0.6041531676502209	0.030486701798902494	68.0	0.0	0.0	5.0
0.05054709192054439	0.7479585205759498	0.03525015646067979	23.0	0.0	0.00010018787034482557	5.0
0.037349644259412396	0.36134993475319316	0.034331990671038454	7.0	0.0	0.0	5.0
0.16707277086966252	0.47876650213129046	0.03388525462670449	43.0	0.0	0.0	5.0
0.33114840122167877	0.520013367372132	0.030922684127633	82.0	0.0	0.0	5.0
0.17417216063935015	0.5601115928514095	0.03298499109565605	88.0	0.0	0.0	5.0
0.8606275122117758	0.8351041975310014	0.035556861442680956	12.0	0.0	0.0011051504849177718	5.0
0.9547864384199455	0.5156531286524079	0.03167393839996803	15.0	0.0	0.0	5.0
0.5492345358218877	0.9421870316058023	0.03308389566914336	50.0	0.0	0.0	5.0
0.4192139014829177	0.23850329547875013	0.03183625750659589	24.0	0.0	0.0	5.0
0.94596409249614	0.8384743943958431	0.031804315405435206	55.0	0.0	0.0	5.0
0.05165924324298055	0.9046882284992119	0.0335840930644808	59.0	0.0	0.0	5.0
0.034586479439637274	0.45644039165885014	0.03056877121327705	99.0	0.0	0.0	5.0
0.3371057343509989	0.2821784095837384	0.03573800331969395	28.0	0.0	0.0025724972555423165	5.0
0.2284231950145814	0.760751620175961	0.03337387067994627	87.0	0.0	0.0	5.0
0.8414378359262683	0.5210659869092645	0.031485873465766964	18.0	0.0	0.0	5.0
0.2877541633421192	0.5669188546970316	0.032687804877810187	92.0	0.0	0.0	5.0
0.9168868580748011	0.0793854222434863	0.03260541550649118	27.0	0.0	0.0	5.0
0.19007272221640203	0.6415232768201221	0.03582959197132582	20.0	0.0	0.003654042506397559	5.0
0.4792778182122798	0.6076455230399762	0.032639496837182626	74.0	0.0	0.0	5.0
0.7263190244572358	0.4973550647360557	0.031093213197657007	26.0	0.0	0.0	5.0
0.15292958010575294	0.7179844013668472	0.03362869150532552	35.0	0.0	0.0	5.0
0.5661460517132061	0.5023913300769147	0.030219396704709037	6.0	0.0	0.0	5.0
0.8728240388258233	0.6572620964070135	0.03319199239570899	69.0	0.0	0.0	5.0
0.4703476495164712	0.8648153138379975	0.034594301596645165	45.0	0.0	0.0	5.0
0.8488147249349877	0.31076773510740835	0.032767286537507836	25.0	0.0	0.0	5.0
0.2539144413712434	0.28929254377296215	0.032617571091623526	54.0	0.0	0.0	5.0
0.8136226679333263	0.8920975650964713	0.031126796518169676	77.0	0.0	0.0	5.0
0.8867144835054276	0.7272878171378032	0.03370300439123561	80.0	0.0	0.0	5.0
0.08336333180996953	0.12886168265675638	0.031406536053579036	10.0	0.0	0.0	5.0
0.5441659910669981	0.42218571978354646	0.03255538985409221	63.0	0.0	0.0	5.0
0.4761821007429671	0.953001655349233	0.03287396060850205	89.0	0.0	0.0	5.0
0.9415935850582594	0.31669816684773394	0.029777343207151325	93.0	0.0	0.0	5.0
0.6590227117460852	0.8554243362107686	0.031609828673989586	70.0	0.0	0.0	5.0
0.7689218329829942	0.04887843916642338	0.031518485788350564	90.0	0.0	0.0	5.0
0.33643389056216316	0.8254336703437024	0.032104850836968415	33.0	0.0	0.0	5.0
0.4437616192892233	0.0676452527902215	0.03431958981471398	52.0	0.0	0.0	5.0
0.5831936082465865	0.35467793712337387	0.03196353600422395	21.0	0.0	0.0	5.0
0.4061771845306125	0.5854136922349289	0.03307687999366398	57.0	0.0	0.0	5.0
0.2565432461285303	0.356815059680028	0.03332350583559468	51.0	0.0	0.0	5.0
0.7410185360820992	0.921773384961171	0.03150298433735612	17.0	0.0	0.0	5.0
0.40421539860950817	0.47097471752679076	0.029654960419863728	14.0	0.0	0.0	5.0
0.527972391922084	0.6665811498797826	0.03420309841194395	2.0	0.0	0.0	5.0
0.4858420697160923	0.2721001797487595	0.03303487892623378	36.0	0.0	0.0	5.0
0.8198321499224769	0.704449829664779	0.030955433689387163	91.0	0.0	0.0	5.0
0.649657730622227	0.1419671061253075	0.032223363701268236	29.0	0.0	0.0	5.0
0.1201062491377314	0.8393659213013483	0.033491108303747186	34.0	0.0	0.0	5.0
0.4788208979636888	0.4602404393288527	0.034480218467945814	5.0	0.0	0.0	5.0
0.029134453366743654	0.8330893357845943	0.03326570900070523	53.0	0.0	0.0	5.0
0.15308227566030105	0.18092974889008945	0.035857178066955354	40.0	0.0	0.004030817394038877	5.0
0.27917324425701623	0.4465737253202967	0.03384404589989585	41.0	0.0	0.0	5.0
0.6312939209539765	0.059412791742213075	0.03454760954275599	85.0	0.0	0.0	5.0
0.39593567396491675	0.8526908308294555	0.0320895445643149	22.0	0.0	0.0	5.0
0.65507611160954	0.9451301757035763	0.03221380821100116	81.0	0.0	0.0	5.0
0.6171842059084521	0.26466437396976455	0.02965820054642357	64.0	0.0	0.0	5.0
0.439539032441012	0.14366026339313195	0.03478757329536003	98.0	0.0	0.0	5.0
0.2678583754566862	0.6436154588162359	0.034452065492988466	49.0	0.0	0.0	5.0
0.791823419930219	0.4295420601892499	0.034710431442771694	58.0	0.0	0.0	5.0
0.6878918327232207	0.3251016789888488	0.031534219412643436	30.0	0.0	0.0	5.0
0.8634050460752616	0.3905943812886529	0.03189097753260709	79.0	0.0	0.0	5.0
1.0059578257052841	0.6134757354478091	0.03360971464475116	39.0	0.0	0.0	5.0
0.4780754242472683	0.3798130285425137	0.03359168813001145	48.0	0.0	0.0	5.0
0.8149937743315883	0.8896461117241283	0.031157923314687842	77.0	0.0	0.0	6.0
0.19550884650271103	0.6369844611738132	0.03586542156329714	20.0	0.0	0.004148232696579157	6.0
0.7273309359183049	0.4984568552314934	0.03112430641085466	26.0	0.0	0.0	6.0
0.7956465269006718	0.2716075137565019	0.03269338190652037	84.0	0.0	0.0	6.0
0.5429241778597294	0.4225515073648062	0.0325879452439463	63.0	0.0	0.0	6.0
0.3302704931946326	0.35888858067551593	0.033513899556068046	44.0	0.0	0.0	6.0
0.26197576733179767	0.3672955141538629	0.03335682934143027	51.0	0.0	0.0	6.0
0.6600568268662975	0.8557574637709845	0.03164143850266357	70.0	0.0	0.0	6.0
0.5671727425396557	0.5040508655203708	0.030249616101413742	6.0	0.0	0.0	6.0
0.41774786818666637	0.24036385316909908	0.03186809376410248	24.0	0.0	0.0	6.0
0.03468308317916153	0.8345729670162776	0.033298974709705935	53.0	0.0	0.0	6.0
0.26396081326821297	0.2855895076837604	0.03265018866271514	54.0	0.0	0.0	6.0
0.822151167386531	0.770409841988005	0.030523586378853797	38.0	0.0	0.0	6.0
0.10061932855185543	0.25795489815061523	0.03205628237411502	94.0	0.0	0.0	6.0
0.9267968441613326	0.16075133894068286	0.03500170312605801	72.0	0.0	3.161915174132446e-11	6.0
0.40158231338388445	0.4706666428173989	0.02968461538028359	14.0	0.0	0.0	6.0
0.18284530304088514	0.4161004843995919	0.032863620522423274	61.0	0.0	0.0	6.0
0.05181766219616002	0.20222129978814302	0.034878838002583956	47.0	0.0	0.0	6.0
0.6427981850790772	0.05966633175864901	0.034582157152298745	85.0	0.0	0.0	6.0
0.6393752692846566	0.507346326308572	0.03486675976012051	76.0	0.0	0.0	6.0
0.16422619857923215	0.10301044796969533	0.03442707980333467	66.0	0.0	0.0	6.0
0.3298362830824284	0.82953519263229	0.03213695568780538	33.0	0.0	0.0	6.0
0.34173567663369614	0.6295369527637495	0.03226770525971524	1.0	0.0	0.0	6.0
0.038376069243504694	0.9049809735298828	0.033617677157545274	59.0	0.0	0.0	6.0
0.153091688890067	0.3229944856630626	0.03351066170135198	86.0	0.0	0.0	6.0
0.7903285474117913	0.9665079411315395	0.03156029637766762	95.0	0.0	0.0	6.0
0.5014773505389808	0.7734829134331931	0.03474807447459109	8.0	0.0	0.0	6.0
0.8195221042370949	0.6046341920937263	0.030517188500701394	68.0	0.0	0.0	6.0
0.6498069363926814	0.13981606591234216	0.0322555870649695	29.0	0.0	0.0	6.0
0.7449036180001656	0.9090291957744422	0.03153448732169347	17.0	0.0	0.0	6.0
0.8619942362087778	0.8351860387408325	0.03559241830412364	12.0	0.0	0.0013306547228353338	6.0
0.9404088410011114	0.8450016077992194	0.03183611972084064	55.0	0.0	0.0	6.0
0.29802170239599385	0.20742895926505667	0.03410405537038465	96.0	0.0	0.0	6.0
0.15376475548083526	0.7142557609675658	0.03366232019683084	35.0	0.0	0.0	6.0
0.5472867772158725	0.9393283534648457	0.0331169795648125	50.0	0.0	0.0	6.0
0.2804849933515431	0.4473569787168513	0.03387788994579574	41.0	0.0	0.0	6.0
0.2826665490138861	0.5728771476893133	0.03272049268268799	92.0	0.0	0.0	6.0
0.5466715254618251	0.8399187730996085	0.02994498613932689	75.0	0.0	0.0	6.0
0.8690496165007097	0.6544205550062	0.03322518438810469	69.0	0.0	0.0	6.0
0.4676903482364176	0.5427612193938587	0.03248700095304988	3.0	0.0	0.0	6.0
0.36918635456627236	0.9308470045674305	0.03338560066812141	11.0	0.0	0.0	6.0
0.9584667453558112	0.5160134140785831	0.031705612338367994	15.0	0.0	0.0	6.0
0.23680020943246172	0.7556778393431043	0.033407244550626214	87.0	0.0	0.0	6.0
0.39743252247364913	0.5924536274114848	0.03310995687365764	57.0	0.0	0.0	6.0
0.03991324866698337	0.36496385787251445	0.03436632266170949	7.0	0.0	0.0	6.0
0.6862769874977578	0.21961297678991212	0.03208581466188821	62.0	0.0	0.0	6.0
0.4752474854127064	0.3751017619714574	0.03362527981814146	48.0	0.0	0.0	6.0
0.3665658285884113	0.722708682484518	0.03504600028387947	42.0	0.0	6.229619344821913e-07	6.0
0.2793592617746031	0.9248955056642121	0.03277764958628765	83.0	0.0	0.0	6.0
0.05129818712240805	0.7501702225934309	0.03528540661714047	23.0	0.0	0.00014878943271412481	6.0
0.08742753030079455	0.13328686750843552	0.03143794258963261	10.0	0.0	0.0	6.0
0.9393386214717031	0.3146660741039549	0.029807120550358474	93.0	0.0	0.0	6.0
0.09836993025934063	0.533521644488459	0.030536334903072098	46.0	0.0	0.0	6.0
0.6888051293132004	0.3256627328952171	0.031565753632056076	30.0	0.0	0.0	6.0
0.12097197910760442	0.8388415669301543	0.03352459941205093	34.0	0.0	0.0	6.0
0.3929653754039554	0.8567215811437024	0.03212163410887921	22.0	0.0	0.0	6.0
0.3423390057054297	0.5142119531390131	0.03095360681176063	82.0	0.0	0.0	6.0
0.8804362132292103	0.7285494885673833	0.03373670739562684	80.0	0.0	0.0	6.0
0.47007599698164293	0.9423998982815591	0.032906834569110546	89.0	0.0	0.0	6.0
0.17719052726913911	0.5594852308972941	0.0330179760867517	88.0	0.0	0.0	6.0
0.5017166659963802	0.19339218872072417	0.033082659943435525	67.0	0.0	0.0	6.0
0.9823319123979587	0.742738717389656	0.0341146361298408	32.0	0.0	0.0	6.0
0.16707277086966252	0.48396440195483315	0.03391913988133119	43.0	0.0	0.0	6.0
0.7024246593267227	0.4019432362548079	0.03486000949441373	13.0	0.0	0.0	6.0
0.9012386253340916	0.4618047133536568	0.03322874215496657	37.0	0.0	0.0	6.0
1.0066969445368574	0.6143011274130061	0.03364332435939591	39.0	0.0	0.0	6.0
0.575900154122101	0.3477923269064004	0.03199549954022817	21.0	0.0	0.0	6.0
0.6150028248756629	0.41892363495779295	0.032630326154302294	16.0	0.0	0.0	6.0
0.8194875063956398	0.7060352225023823	0.030986389123076545	91.0	0.0	0.0	6.0
0.48070275841835863	0.8613687356906853	0.03462889589824181	45.0	0.0	0.0	6.0
0.14491184146719546	0.17509514907652327	0.035893035245022305	40.0	0.0	0.004558120183361325	6.0
0.6185050512995354	0.26344358980447385	0.02968785874696999	64.0	0.0	0.0	6.0
0.9180572990435835	0.07865621082216648	0.03263802092199767	27.0	0.0	0.0	6.0
0.47778653698662527	0.6077536829954693	0.0326721363340198	74.0	0.0	0.0	6.0
0.7597328809685651	0.8462362184170212	0.03144246579017978	65.0	0.0	0.0	6.0
0.8846974455535166	0.9213366766606561	0.03283252996937902	60.0	0.0	0.0	6.0
0.5263231711791729	0.6665759582997386	0.034237301510355894	2.0	0.0	0.0	6.0
0.5370126081877765	0.5708031417385897	0.03261122791469248	56.0	0.0	0.0	6.0
0.7694486353153048	0.0474183628173928	0.03155000427413891	90.0	0.0	0.0	6.0
0.0317903315678039	0.4541649205725653	0.030599339984490322	99.0	0.0	0.0	6.0
0.862724218431072	0.3878774989259388	0.031922868510139694	79.0	0.0	0.0	6.0
0.574269520454345	0.7262575704329765	0.031107614624082628	31.0	0.0	0.0	6.0
0.4465919411786039	0.06273109045898308	0.03435390940452869	52.0	0.0	0.0	6.0
0.3906648331781197	0.39518631296071965	0.03190613135632335	19.0	0.0	0.0	6.0
0.8517620261969568	0.3107584573012195	0.03280005382404534	25.0	0.0	0.0	6.0
0.6548203739667844	0.9441096397470611	0.03224602201921215	81.0	0.0	0.0	6.0
0.4413601948748838	0.13676236062485084	0.03482236086865539	98.0	0.0	0.0	6.0
0.7913008001020166	0.4309091021596121	0.034745141874214465	58.0	0.0	0.0	6.0
0.193229931354534	0.24789162758539254	0.03304645202055249	78.0	0.0	0.0	6.0
0.4768028693160914	0.46112323776727354	0.034514698686413756	5.0	0.0	0.0	6.0
0.3343261305324378	0.2820645975695671	0.03577374132301364	28.0	0.0	0.002964608498132293	6.0
0.2655851331224268	0.6477406227718061	0.03448651755848145	49.0	0.0	0.0	6.0
0.8379014139146809	0.5237634018022921	0.03151735933923273	18.0	0.0	0.0	6.0
0.6119828362729559	0.8043368419450996	0.03274320725879141	71.0	0.0	0.0	6.0
0.9375848416715344	0.6668918725061186	0.03436420227296628	73.0	0.0	0.0	6.0
0.20691916850242015	0.8870297507926341	0.032186903030902006	9.0	0.0	0.0	6.0
0.4864436715912228	0.27084517066785	0.03306791380516001	36.0	0.0	0.0	6.0
0.10013385180337749	0.6690935163915854	0.033190110854107564	4.0	0.0	0.0	6.0
0.5080137384938102	0.12314777502385708	0.03314447853699456	97.0	0.0	0.0	6.0
0.6854754274349961	0.32711933046234537	0.031597319385688126	30.0	0.0	0.0	7.0
0.4804928188678295	0.6076680355595903	0.03270480847035382	74.0	0.0	0.0	7.0
0.48405128591127594	0.46335788832218017	0.03454921338510016	5.0	0.0	0.0	7.0
0.39964517036501024	0.4003219316491647	0.03193803748767967	19.0	0.0	0.0	7.0
0.7582411270677007	0.8461751379439799	0.031473908255969955	65.0	0.0	0.0	7.0
0.34363509215747945	0.5114184691992684	0.030984560418572386	82.0	0.0	0.0	7.0
0.16365078813970066	0.480285240355561	0.03395305902121252	43.0	0.0	0.0	7.0
0.33375144603970824	0.2797712856340906	0.035809515064336654	28.0	0.0	0.003395117263778502	7.0
0.879544472653992	0.7279622365745092	0.03377044410302246	80.0	0.0	0.0	7.0
0.6112224448897795	0.37074148296593185	0.07194388777555111	-2.0	-1.0	322.7065370245556	7.0
0.2672098063480854	0.6473389246418321	0.034521004076039925	49.0	0.0	0.0	7.0
0.6600098404697006	0.9425454613967279	0.03227826804123136	81.0	0.0	0.0	7.0
0.556226305661627	0.9331129932682649	0.03315009654437731	50.0	0.0	0.0	7.0
0.5531062124248497	0.280561122244489	0.004609218436873747	-2.0	-1.0	0.0	7.0
0.2819293432008701	0.5718516487369402	0.03275321317537068	92.0	0.0	0.0	7.0
0.23998565094866756	0.7582369461931678	0.033440651795176836	87.0	0.0	0.0	7.0
0.5451581605993873	0.8404701923837666	0.029974931125466214	75.0	0.0	0.0	7.0
0.9154524801645437	0.0769874570204997	0.032670658942919664	27.0	0.0	0.0	7.0
0.4042332614331401	0.4630190347235389	0.02971429999566387	14.0	0.0	0.0	7.0
0.16062366612438528	0.7222101561848553	0.03369598251702766	35.0	0.0	0.0	7.0
0.8176462145593879	0.7067860538528621	0.03101737551219962	91.0	0.0	0.0	7.0
0.8844720894309496	0.919461733674197	0.0328653624993484	60.0	0.0	0.0	7.0
0.5082338341783325	0.1894448775002118	0.033115742603378955	67.0	0.0	0.0	7.0
0.7909190624877258	0.9602735125140972	0.031591856674045286	95.0	0.0	0.0	7.0
0.8447207695729432	0.5289648826926318	0.031548876698571954	18.0	0.0	0.0	7.0
0.5789639685087469	0.726185557505088	0.031138722238706708	31.0	0.0	0.0	7.0
0.10383980084845347	0.6548925766185423	0.03322330096496167	4.0	0.0	0.0	7.0
0.2092605928837	0.8888627675928831	0.0322190899339329	9.0	0.0	0.0	7.0
0.7444239297023059	0.9081456092869875	0.03156602180901516	17.0	0.0	0.0	7.0
0.19621671880213484	0.6349423502663539	0.035901286984860434	20.0	0.0	0.004685643823577834	7.0
0.3406639134911488	0.35257130214379895	0.03354741345562411	44.0	0.0	0.0	7.0
0.48309726765064304	0.3774139880304357	0.033658905097959595	48.0	0.0	0.0	7.0
0.2640317816393373	0.28183249545092115	0.032682838851377856	54.0	0.0	0.0	7.0
0.1901388944590772	0.4101650485256696	0.032896484142945694	61.0	0.0	0.0	7.0
0.15978031501161968	0.3242512167446108	0.03354417236305333	86.0	0.0	0.0	7.0
0.9407766865286664	0.8440913415052577	0.03186795584056148	55.0	0.0	0.0	7.0
0.051618672104616375	0.19168691388778897	0.034913716840586535	47.0	0.0	0.0	7.0
0.3406988365328204	0.6293353738288527	0.03229997296497496	1.0	0.0	0.0	7.0
0.08925878086431568	0.13328110291693251	0.03146938053222224	10.0	0.0	0.0	7.0
0.25489324627606336	0.3683163103033261	0.0333901861707717	51.0	0.0	0.0	7.0
0.7902712181322422	0.43019326766868965	0.034779887016088674	58.0	0.0	0.0	7.0
0.6954295541768618	0.21437983645020844	0.032117900476550096	62.0	0.0	0.0	7.0
0.8590449456778542	0.8367512944892844	0.03562801072242776	12.0	0.0	0.001585189366267059	7.0
0.3980932232647537	0.5911187175028124	0.033143066830531295	57.0	0.0	0.0	7.0
0.2985959576228259	0.20577231460847972	0.03413815942575503	96.0	0.0	0.0	7.0
0.6097006965265764	0.8063782009869889	0.0327759504660502	71.0	0.0	0.0	7.0
0.6425531136693026	0.058688360026001876	0.03461673930945104	85.0	0.0	0.0	7.0
0.6115733592218886	0.41734557390844695	0.03266295648045659	16.0	0.0	0.0	7.0
0.8140181228044244	0.8894048832802921	0.031189081238002528	77.0	0.0	0.0	7.0
0.5658383847851045	0.5028175926266728	0.03027986571751515	6.0	0.0	0.0	7.0
0.9832675101633289	0.7451860057312363	0.03414875076597064	32.0	0.0	0.0	7.0
0.5184696741253281	0.12063763825496324	0.03317762301553155	97.0	0.0	0.0	7.0
0.7956465269006718	0.2734423597999955	0.03272607528842689	84.0	0.0	0.0	7.0
0.16070046365131954	0.09565536891438178	0.034461506883138	66.0	0.0	0.0	7.0
0.7046697652848382	0.4062717422872002	0.03489486950390814	13.0	0.0	0.0	7.0
0.2783853236447221	0.9244473501839126	0.032810427235873935	83.0	0.0	0.0	7.0
0.8999548094652235	0.4609121183919068	0.03326197089712154	37.0	0.0	0.0	7.0
0.05068893364259747	0.7514209313586582	0.03532069202375761	23.0	0.0	0.00021107871853587312	7.0
0.7249897262630199	0.49865632216983125	0.031155430717265512	26.0	0.0	0.0	7.0
0.43046388446505035	0.13681671825716332	0.03485718322952404	98.0	0.0	0.0	7.0
0.19878741388989696	0.2428834225744032	0.033079498472573035	78.0	0.0	0.0	7.0
0.9573643312890637	0.5162933608005292	0.03173731795070636	15.0	0.0	0.0	7.0
0.0383300274246906	0.9061992483178739	0.03365129483470282	59.0	0.0	0.0	7.0
0.4709545222776382	0.9441471537862681	0.032939741403679654	89.0	0.0	0.0	7.0
0.7722110285149706	0.049580940940506524	0.03158155427841305	90.0	0.0	0.0	7.0
0.9360803482413292	0.6663543907367787	0.03439856647523924	73.0	0.0	0.0	7.0
0.0417112961164359	0.36877617757209247	0.034400688984371194	7.0	0.0	0.0	7.0
0.875258961150656	0.38910459362250116	0.03195479137864983	79.0	0.0	0.0	7.0
0.8506492681743126	0.31027999831575404	0.032832853877869383	25.0	0.0	0.0	7.0
0.660742878015649	0.8574177161205504	0.03167307994116623	70.0	0.0	0.0	7.0
0.8190188756797522	0.6025131080246527	0.030547705689202093	68.0	0.0	0.0	7.0
0.6472766024299761	0.13922414985745987	0.032287842652034465	29.0	0.0	0.0	7.0
0.46323441200876936	0.5307508733662041	0.032519487954002925	3.0	0.0	0.0	7.0
0.46957941084419785	0.8599089036140696	0.034663524794140047	45.0	0.0	0.0	7.0
0.5355700286606052	0.6609753318816549	0.034271538811866245	2.0	0.0	0.0	7.0
0.5397699249874666	0.5780155886978386	0.03264383914260717	56.0	0.0	0.0	7.0
0.6264215891120316	0.25917800839466903	0.029717546605716957	64.0	0.0	0.0	7.0
0.14583897844985522	0.1756809113209669	0.03592892828026732	40.0	0.0	0.0051301082376085105	7.0
0.9451521016447223	0.31275285131381747	0.029836927670908828	93.0	0.0	0.0	7.0
0.28019035705503575	0.44947058718607413	0.033911767835741534	41.0	0.0	0.0	7.0
0.821548406473555	0.768802912674646	0.030554109965232647	38.0	0.0	0.0	7.0
0.8639637575179888	0.6574573524694	0.03325840957249279	69.0	0.0	0.0	7.0
0.03668364105463151	0.8354182748877016	0.03333227368441564	53.0	0.0	0.0	7.0
0.6402231671011919	0.5068472557435336	0.03490162651988063	76.0	0.0	0.0	7.0
0.09740102060075924	0.5306084502919186	0.030566871237975166	46.0	0.0	0.0	7.0
0.5430520234755385	0.4213615679286501	0.03262053318919024	63.0	0.0	0.0	7.0
0.3630743152355092	0.9250535959657875	0.03341898626878952	11.0	0.0	0.0	7.0
0.1113689017751679	0.8338222258139847	0.03355812401146298	34.0	0.0	0.0	7.0
0.1779297341195912	0.5623582433848145	0.03305099406283845	88.0	0.0	0.0	7.0
0.491255406261474	0.2718753266236796	0.03310098171896517	36.0	0.0	0.0	7.0
0.926452032154028	0.16243964452933454	0.03503670482918407	72.0	0.0	3.164824278201195e-07	7.0
0.3676182494472042	0.7255690168723877	0.03508104628416334	42.0	0.0	3.4070561980570346e-06	7.0
1.0114909636120233	0.614467195199815	0.033676967683755304	39.0	0.0	0.0	7.0
0.414147600471645	0.23830533703108223	0.03189996185786658	24.0	0.0	0.0	7.0
0.10248617583166138	0.25461709076708106	0.032088338656489135	94.0	0.0	0.0	7.0
0.3240805773607704	0.8340329978992533	0.03216909264349318	33.0	0.0	0.0	7.0
0.4460515191890787	0.06507453280434458	0.034388263313933215	52.0	0.0	0.0	7.0
0.033660632729577214	0.45461487428684816	0.03062993932447481	99.0	0.0	0.0	7.0
0.399741560904913	0.8600822643974019	0.03215375574298808	22.0	0.0	0.0	7.0
0.5748656078128426	0.34808295687778124	0.03202749503976839	21.0	0.0	0.0	7.0
0.4980683890172977	0.7737701348501795	0.03478282254906568	8.0	0.0	0.0	7.0
0.6388672440950858	0.5069284501759874	0.034936528146400504	76.0	0.0	0.0	8.0
0.6246527642198182	0.2593962604619231	0.02974726415232267	64.0	0.0	0.0	8.0
0.5648360684100524	0.5088860571425796	0.030310145583232664	6.0	0.0	0.0	8.0
0.459732544222191	0.5316401366993847	0.03255200744195692	3.0	0.0	0.0	8.0
0.16488003671267745	0.09207542452106195	0.034495968390021135	66.0	0.0	0.0	8.0
0.5708694606870517	0.3472536889890031	0.032059522534808156	21.0	0.0	0.0	8.0
0.7241570577035589	0.4934097494620052	0.031186586147982774	26.0	0.0	0.0	8.0
0.9452244970717295	0.31390123621588595	0.029866764598579735	93.0	0.0	0.0	8.0
0.050767844370530675	0.7500297649409088	0.035356012715781364	23.0	0.0	0.0002887862452070067	8.0
0.27711338495386123	0.926688264788251	0.03284323766310981	83.0	0.0	0.0	8.0
0.321352728362343	0.8372381187764729	0.03220126173613667	33.0	0.0	0.0	8.0
0.40263417064310225	0.46369470826866094	0.02974401429565953	14.0	0.0	0.0	8.0
0.5416356823701752	0.42525915071761355	0.032653153722379424	63.0	0.0	0.0	8.0
0.47044940607820346	0.9477706648394633	0.03297268114508333	89.0	0.0	0.0	8.0
0.02996714445428345	0.45669594585264706	0.030660569263799283	99.0	0.0	0.0	8.0
0.9394491003112199	0.8446721018631576	0.031899823796402035	55.0	0.0	0.0	8.0
0.7966383728130079	0.27292394129763925	0.03275880136371531	84.0	0.0	0.0	8.0
0.24826521266645626	0.7696026623000477	0.03347409244697201	87.0	0.0	0.0	8.0
0.3372434488386762	0.35752413495220126	0.03358096086907973	44.0	0.0	0.0	8.0
0.33511061943241616	0.28110923300052	0.03584532457940099	28.0	0.0	0.0038658986593418376	8.0
0.6103417905663641	0.8073584041104803	0.03280872641651624	71.0	0.0	0.0	8.0
0.5500457635612518	0.576167732593237	0.03267648298174977	56.0	0.0	0.0	8.0
0.6932918185854314	0.31892486616453936	0.03162891670507381	30.0	0.0	0.0	8.0
0.18102683670798012	0.5626221110694662	0.03308404505690128	88.0	0.0	0.0	8.0
0.7705794687748768	0.05131312318052974	0.03161313583269146	90.0	0.0	0.0	8.0
0.6128449650790093	0.4287620524033144	0.032695619436937044	16.0	0.0	0.0	8.0
0.2791175834210532	0.4492338413332271	0.03394567960357727	41.0	0.0	0.0	8.0
0.8995318791459531	0.4600298382441576	0.03329523286801866	37.0	0.0	0.0	8.0
0.4285879592315645	0.1347998079958355	0.03489204041275356	98.0	0.0	0.0	8.0
0.6456823223570268	0.06176870028664169	0.03465135604876049	85.0	0.0	0.0	8.0
0.827071923130475	0.7699129099908247	0.030584664075197877	38.0	0.0	0.0	8.0
0.5086097245697592	0.1927476197647497	0.03314885834598233	67.0	0.0	0.0	8.0
0.09997569015095555	0.530372756797561	0.03059743810921314	46.0	0.0	0.0	8.0
0.09739413983029793	0.25265201251490693	0.03212042699514562	94.0	0.0	0.0	8.0
0.369634261214152	0.7257920363015808	0.0351161273304475	42.0	0.0	1.0022667012776765e-05	8.0
0.5161795602861399	0.12174430752951591	0.03321080063854708	97.0	0.0	0.0	8.0
0.45153318058663405	0.06936592804022357	0.034422651577247144	52.0	0.0	0.0	8.0
0.8473811207024927	0.8347870656007822	0.035663638733150184	12.0	0.0	0.001870575107901118	8.0
0.6943428314257409	0.21360379539642477	0.03215001837702664	62.0	0.0	0.0	8.0
0.11585722873250001	0.8334682759995742	0.033591682135474435	34.0	0.0	0.0	8.0
0.7907923087585349	0.43361566063380436	0.03481466690310476	58.0	0.0	0.0	8.0
0.03957765030687752	0.8389974508154052	0.03336560595810005	53.0	0.0	0.0	8.0
0.3372155065089623	0.5069551423738715	0.031015544978990957	82.0	0.0	0.0	8.0
0.4964937359676092	0.270003928143425	0.03313408270068413	36.0	0.0	0.0	8.0
0.8630143573838736	0.657197079816786	0.03329166798206528	69.0	0.0	0.0	8.0
0.7595038489351172	0.8428087869751478	0.03150538216422592	65.0	0.0	0.0	8.0
0.6560244289551695	0.8536756617894083	0.03170475302110739	70.0	0.0	0.0	8.0
0.2622235178369838	0.28189513482780204	0.03271552169022923	54.0	0.0	0.0	8.0
0.4754093814601259	0.3706946242498024	0.03369256400305755	48.0	0.0	0.0	8.0
0.207261395546569	0.23789565785671357	0.0331125779710456	78.0	0.0	0.0	8.0
0.03361094511644462	0.9107290600492828	0.03368494612953752	59.0	0.0	0.0	8.0
0.8540377073310983	0.30906947506804455	0.03286568673174725	25.0	0.0	0.0	8.0
0.9139940643058728	0.07640343396319468	0.03270332960186258	27.0	0.0	0.0	8.0
0.6637874123880687	0.9439760132659869	0.03231054630927258	81.0	0.0	0.0	8.0
0.9828550886021136	0.7506345867409725	0.03418289951673661	32.0	0.0	0.0	8.0
0.1923016738491657	0.4103493135197368	0.03292938062708864	61.0	0.0	0.0	8.0
0.14868291318115295	0.18673419091613627	0.035964857208547585	40.0	0.0	0.005748692935128474	8.0
0.8431563271356269	0.534742791199158	0.03158042557527052	18.0	0.0	0.0	8.0
0.05234213998559836	0.18931373058298362	0.03494863055742712	47.0	0.0	0.0	8.0
0.04000901611929363	0.36844522607009117	0.03443508967335556	7.0	0.0	0.0	8.0
0.2972938554665874	0.20726377303674648	0.03417229758518078	96.0	0.0	0.0	8.0
0.16051113080959348	0.7236968819934975	0.03372967849954469	35.0	0.0	0.0	8.0
0.15427915456316527	0.32744272482992465	0.03357771653541638	86.0	0.0	0.0	8.0
0.6459781216084737	0.13905562671642427	0.032320130494686496	29.0	0.0	0.0	8.0
0.41293987555716544	0.2355207045425785	0.03193186181972445	24.0	0.0	0.0	8.0
0.8191696181180484	0.7070327476447065	0.031048392887711815	91.0	0.0	0.0	8.0
0.35740384990534235	0.9271197229195794	0.03345240525505831	11.0	0.0	0.0	8.0
0.7009723750970642	0.3980325012916476	0.034929764373412046	13.0	0.0	0.0	8.0
0.9375072233179406	0.6666411333328341	0.034432965041714475	73.0	0.0	0.0	8.0
0.2950411482557864	0.5741447038205827	0.03278596638854605	92.0	0.0	0.0	8.0
0.4723401799555191	0.6132478168331065	0.03273751327882417	74.0	0.0	0.0	8.0
0.8200175802421946	0.5992370690237171	0.030578253394891293	68.0	0.0	0.0	8.0
0.7455071148756693	0.9073513122374665	0.03159758783082417	17.0	0.0	0.0	8.0
0.8859411820495743	0.7232715451539672	0.03380421454712548	80.0	0.0	0.0	8.0
0.7951050506201047	0.9619192889939159	0.03162344853071933	95.0	0.0	0.0	8.0
0.10265091172051692	0.6545504977810965	0.03325652426592663	4.0	0.0	0.0	8.0
0.5442658896400931	0.8421904676410978	0.030004906056591677	75.0	0.0	0.0	8.0
0.48064727751079434	0.4603671196241216	0.03458376259848526	5.0	0.0	0.0	8.0
1.0101647679719046	0.6155603875681134	0.03371064465143905	39.0	0.0	0.0	8.0
0.39964009793169286	0.5932421799416008	0.03317620989736182	57.0	0.0	0.0	8.0
0.5365176011349179	0.6615908340115938	0.03430581035067811	2.0	0.0	0.0	8.0
0.19320184800611365	0.6460624368010712	0.03593718827184529	20.0	0.0	0.005268178836331572	8.0
0.5773172318213026	0.7265817264772865	0.03116986096094541	31.0	0.0	0.0	8.0
0.3986402008439826	0.8599534037067547	0.03218590949873106	22.0	0.0	0.0	8.0
0.2579617538040271	0.37264199731820635	0.033423576356942465	51.0	0.0	0.0	8.0
0.09166425874134228	0.13536787303133116	0.03150084991275445	10.0	0.0	0.0	8.0
0.9494216160743305	0.5152625166831789	0.031769055268657066	15.0	0.0	0.0	8.0
0.4683866944618125	0.8590109773387224	0.03469818831893418	45.0	0.0	0.0	8.0
0.8813654834112283	0.9213701755341963	0.03289822786184774	60.0	0.0	0.0	8.0
0.20200129262936092	0.8911007735254297	0.03225130902386683	9.0	0.0	0.0	8.0
0.34694633284584725	0.6322579455937736	0.03233227293793993	1.0	0.0	0.0	8.0
0.9366807807260434	0.15493892811367704	0.035071741534013254	72.0	0.0	2.3631535981394336e-06	8.0
0.39596087878181646	0.40140717385707775	0.031969975525167345	19.0	0.0	0.0	8.0
0.4969131510985808	0.7732734105387726	0.03481760537161474	8.0	0.0	0.0	8.0
0.8726540753307978	0.3934360759109687	0.031986746170028474	79.0	0.0	0.0	8.0
0.8093270387483836	0.8913177864429874	0.031220270319240528	77.0	0.0	0.0	8.0
0.5647869069614584	0.9283603347677287	0.03318324664092168	50.0	0.0	0.0	8.0
0.16310950297391788	0.48564054764245285	0.033987012080233726	43.0	0.0	0.0	8.0
0.27660369940030544	0.6416671606363963	0.03455552508011596	49.0	0.0	0.0	8.0
0.0369851284808048	0.9100288601249971	0.033718631075667055	59.0	0.0	0.0	9.0
0.5466940546539196	0.8417500462346276	0.030034910962648265	75.0	0.0	0.0	9.0
0.8530795762133131	0.3102854489644875	0.03289855241847899	25.0	0.0	0.0	9.0
0.7958940438699905	0.9634404475073047	0.03165507197925004	95.0	0.0	0.0	9.0
0.5174655877843429	0.12221289272008559	0.03324401143918562	97.0	0.0	0.0	9.0
0.7038315363008906	0.39662857471435187	0.034964694137785454	13.0	0.0	0.0	9.0
0.6121970362422969	0.43732196557799985	0.032728315056373976	16.0	0.0	0.0	9.0
0.7241570577035589	0.4950029893584703	0.031217772734130754	26.0	0.0	0.0	9.0
0.26302316858635655	0.3706151522877645	0.033456999933299404	51.0	0.0	0.0	9.0
0.7957088353227058	0.27218675419506394	0.032791560165079024	84.0	0.0	0.0	9.0
0.33607701861561756	0.28192649479468934	0.03588116990398039	28.0	0.0	0.004378838629321535	9.0
0.05022911001210452	0.751387454909701	0.035391368728497144	23.0	0.0	0.0003836527697700376	9.0
0.42267062355096996	0.1441255649723667	0.03492693245316631	98.0	0.0	0.0	9.0
0.17797940783128277	0.5651341280676817	0.03311712910195818	88.0	0.0	0.0	9.0
0.19500116772777845	0.8957741242831115	0.0322835603328907	9.0	0.0	0.0	9.0
0.4068743901705552	0.39117166159634187	0.032001945500692505	19.0	0.0	0.0	9.0
0.41233782186848783	0.2372935335455815	0.031963793681544166	24.0	0.0	0.0	9.0
0.33447801254088194	0.35886049794391456	0.03361454182994881	44.0	0.0	0.0	9.0
0.9155707313758537	0.07331626140042298	0.03273603293146444	27.0	0.0	0.0	9.0
0.47701676479258853	0.45646375598013245	0.03461834636108374	5.0	0.0	0.0	9.0
0.8085578038237271	0.8880458658388183	0.03125149058955976	77.0	0.0	0.0	9.0
0.8831179018161676	0.7251563942107258	0.033838018761672604	80.0	0.0	0.0	9.0
0.35813794093427237	0.9285350313755402	0.03348585766031337	11.0	0.0	0.0	9.0
0.14866243898024406	0.18891920352715938	0.03600082206575613	40.0	0.0	0.006415796641277893	9.0
0.26588129368096824	0.6437305867970944	0.03459008060519607	49.0	0.0	0.0	9.0
0.8458304268985078	0.5353152957086534	0.03161200600084579	18.0	0.0	0.0	9.0
0.49840811955716596	0.1932296807968753	0.03318200720432831	67.0	0.0	0.0	9.0
0.2943797269010942	0.20413063334564582	0.03420646988276596	96.0	0.0	0.0	9.0
0.6550313573008308	0.8539818208096976	0.03173645777412849	70.0	0.0	0.0	9.0
0.09926196101522998	0.5177899809064157	0.03062803554732235	46.0	0.0	0.0	9.0
0.304906439569852	0.5699028676105571	0.03281875235493459	92.0	0.0	0.0	9.0
0.9401847628329604	0.8465964099145782	0.031931723620198436	55.0	0.0	0.0	9.0
0.9601209564484781	0.5096701802688447	0.03180082432392572	15.0	0.0	0.0	9.0
0.0963274017832116	0.25298088251534884	0.03215254742214076	94.0	0.0	0.0	9.0
0.936645753372633	0.6681588798999518	0.03446739800675619	73.0	0.0	0.0	9.0
0.24701082235823663	0.7695829172658488	0.03350756653941898	87.0	0.0	0.0	9.0
0.477852974119242	0.3715158994902234	0.0337262565670606	48.0	0.0	0.0	9.0
0.48146831415871433	0.6090475260317065	0.03277025079210299	74.0	0.0	0.0	9.0
0.6922841649224415	0.32080916175169594	0.031660545621778884	30.0	0.0	0.0	9.0
0.3225118529872278	0.8385001980629123	0.0322334629978728	33.0	0.0	0.0	9.0
0.33349251201144553	0.509052839025634	0.031046560523969945	82.0	0.0	0.0	9.0
0.7724790697721834	0.054139194884953924	0.03164474896852414	90.0	0.0	0.0	9.0
1.0082042017632242	0.6166978135649418	0.03374435529609049	39.0	0.0	0.0	9.0
0.8223360528809875	0.5993466248545724	0.03060883164828618	68.0	0.0	0.0	9.0
0.6389029160214378	0.5012625163552924	0.0349714646745469	76.0	0.0	0.0	9.0
0.08533386935234935	0.1287341636603295	0.0315323507626672	10.0	0.0	0.0	9.0
0.5792834702680218	0.7237726014952788	0.031201030821906353	31.0	0.0	0.0	9.0
0.1615750275491091	0.7236801354694147	0.03376340817804423	35.0	0.0	0.0	9.0
0.17094513512890325	0.08555450406363087	0.03453046435841115	66.0	0.0	0.0	9.0
0.4560400858287475	0.06111393942081711	0.03445707422882439	52.0	0.0	0.0	9.0
0.6458924726541229	0.1371134291397728	0.032352450625181176	29.0	0.0	0.0	9.0
0.2782476199919567	0.9268282159744345	0.03287608090077292	83.0	0.0	0.0	9.0
0.5069079439031169	0.2777419321981075	0.033167216783384815	36.0	0.0	0.0	9.0
0.8695101042257849	0.6434788211590982	0.033324959650047344	69.0	0.0	0.0	9.0
0.9112727044521817	0.4589550455031411	0.03332852810088667	37.0	0.0	0.0	9.0
0.396584585160802	0.4717413184500196	0.029773758309955187	14.0	0.0	0.0	9.0
0.03750439787135626	0.368722297137413	0.03446952476302891	7.0	0.0	0.0	9.0
0.3899817898991768	0.8650614324777586	0.03221809540822979	22.0	0.0	0.0	9.0
0.028272253058661444	0.4557827060753556	0.03069122983306308	99.0	0.0	0.0	9.0
0.7920054615452922	0.43464159633443517	0.03484948157000786	58.0	0.0	0.0	9.0
0.27283933806901833	0.44833849991067637	0.033979625283180846	41.0	0.0	0.0	9.0
0.1559830358213592	0.32801538798830815	0.03361129425195179	86.0	0.0	0.0	9.0
0.5000472268159919	0.7726640941702526	0.034852422976986354	8.0	0.0	0.0	9.0
0.2001175193935335	0.24161862717733237	0.03314569054901664	78.0	0.0	0.0	9.0
0.559254688459905	0.50068491516621	0.030340455728815892	6.0	0.0	0.0	9.0
0.4699401659128783	0.9460215485733806	0.03300565382622841	89.0	0.0	0.0	9.0
0.4791421640183494	0.8607195274010861	0.03473288650725311	45.0	0.0	0.0	9.0
0.04127906780093756	0.8400724010640698	0.03339897156405815	53.0	0.0	0.0	9.0
0.46280493718667065	0.5311227349867895	0.03258455944939888	3.0	0.0	0.0	9.0
0.35281679701399027	0.6378753538987958	0.03236460521087787	1.0	0.0	0.0	9.0
0.9837668501380168	0.7533193926396328	0.03421708241625334	32.0	0.0	0.0	9.0
0.7353711580619585	0.9126486080972036	0.03162918541865499	17.0	0.0	0.0	9.0
0.11651499001626961	0.8318978068951421	0.03362527381760991	34.0	0.0	0.0	9.0
0.5699420554416067	0.3460613437897217	0.032091582057342964	21.0	0.0	0.0	9.0
0.4126844271159972	0.5889613106258802	0.03320938610725918	57.0	0.0	0.0	9.0
0.7584343304403471	0.8437132544241347	0.03153688754639015	65.0	0.0	0.0	9.0
0.18896618632845602	0.6515794613637222	0.035973125460117134	20.0	0.0	0.005897751636098292	9.0
0.6247414320424919	0.26080276903666594	0.02977701141647499	64.0	0.0	0.0	9.0
0.6956081029571755	0.2152095642996342	0.032182168395403665	62.0	0.0	0.0	9.0
0.10716184462629556	0.6488991821896692	0.033289780790192555	4.0	0.0	0.0	9.0
0.26404619083705333	0.27564889167502366	0.03274823721191946	54.0	0.0	0.0	9.0
0.8584245565463666	0.8377650656888489	0.03569930237188333	12.0	0.0	0.0021886432535467293	9.0
0.15758978167170007	0.4855536631335673	0.03402099909231396	43.0	0.0	0.0	9.0
0.6442374517251132	0.06227464707226382	0.034686007404809246	85.0	0.0	0.0	9.0
0.5522897237094581	0.5776657242273778	0.03270915946473152	56.0	0.0	0.0	9.0
0.541746296380383	0.4236644725536948	0.0326858068761018	63.0	0.0	0.0	9.0
0.8251479034931156	0.7729121593033166	0.03061524873927307	38.0	0.0	0.0	9.0
0.6099804288731798	0.8035432878280212	0.032841535142932754	71.0	0.0	0.0	9.0
0.5348405024172251	0.6643795640727421	0.034340116161028784	2.0	0.0	0.0	9.0
0.8807591731970172	0.9193813031658119	0.032931126089709585	60.0	0.0	0.0	9.0
0.9465430174829789	0.3139469105786962	0.02989663136317831	93.0	0.0	0.0	9.0
0.8739597714902851	0.39338261364817617	0.0320187329161985	79.0	0.0	0.0	9.0
0.6652725810092551	0.9428579168367106	0.03234285685558185	81.0	0.0	0.0	9.0
0.05395523121263655	0.1999081105026167	0.034983579187984545	47.0	0.0	0.0	9.0
0.3668508024094041	0.726573979599357	0.035151243457777946	42.0	0.0	2.2141639078654407e-05	9.0
0.5605679909360769	0.930599409722103	0.0332164298875626	50.0	0.0	0.0	9.0
0.8092643452840338	0.7039163219593031	0.031079441280599522	91.0	0.0	0.0	9.0
0.9339757787363603	0.15262200325921862	0.035106813275547266	72.0	0.0	7.799300874467008e-06	9.0
0.192047829330293	0.41139004023879494	0.032962310007715726	61.0	0.0	0.0	9.0
0.3946617966607627	0.47285682764152986	0.02980353206826514	14.0	0.0	0.0	10.0
0.7593615889290537	0.8428776421518382	0.03156842443393654	65.0	0.0	0.0	10.0
0.5512435984856605	0.5774348592988903	0.032741868624196244	56.0	0.0	0.0	10.0
0.8617315572720436	0.8404218302746025	0.03573500167425521	12.0	0.0	0.002541235765946226	10.0
0.46179746652371256	0.5289513110726776	0.03261714400884828	3.0	0.0	0.0	10.0
0.04032917963700386	0.37281258112715177	0.03450399428779194	7.0	0.0	0.0	10.0
0.4858269464643021	0.18960970231092444	0.03321518921153264	67.0	0.0	0.0	10.0
0.9840227111444807	0.7513954388113161	0.03425129949866959	32.0	0.0	0.0	10.0
0.053272851499510214	0.7493830117970444	0.03542676009722564	23.0	0.0	0.0004974293312898226	10.0
0.1928205964658353	0.6520322989172739	0.03600909858557725	20.0	0.0	0.006576287121475843	10.0
0.026739900486821813	0.455835787716506	0.03072192106289614	99.0	0.0	0.0	10.0
0.9119944063181668	0.07451824046621294	0.0327687689643959	27.0	0.0	0.0	10.0
0.4571048087322997	0.0620613511343288	0.034491531303053206	52.0	0.0	0.0	10.0
0.640554931199677	0.5017491327261888	0.03500643613922144	76.0	0.0	1.7062973256543046e-09	10.0
0.7039979026065205	0.3928560098525834	0.034999658831923235	13.0	0.0	0.0	10.0
0.11559820541376535	0.8324452245810522	0.03365889909142751	34.0	0.0	0.0	10.0
0.8908770369832926	0.9179383932367436	0.03296405721579929	60.0	0.0	0.0	10.0
0.1696771122075352	0.5562078740053072	0.03315024623106014	88.0	0.0	0.0	10.0
0.19387807185213818	0.24337144427615118	0.033178836239565655	78.0	0.0	0.0	10.0
0.9419388246189768	0.6577948502099636	0.034501865404762945	73.0	0.0	0.0	10.0
0.678802602806827	0.9436681121324573	0.03237519971243743	81.0	0.0	0.0	10.0
0.4794940252117057	0.6097668905583331	0.032803021042895085	74.0	0.0	0.0	10.0
0.3274223439459514	0.8364616771836789	0.03226569646087067	33.0	0.0	0.0	10.0
0.27645955808099876	0.9281920647494025	0.03290895698167368	83.0	0.0	0.0	10.0
0.5551100019523004	0.9331526508443063	0.03324964631745016	50.0	0.0	0.0	10.0
0.18985283861830088	0.4105745693635756	0.03299527231772344	61.0	0.0	0.0	10.0
0.46996878706012946	0.36752056431378427	0.03375998282362766	48.0	0.0	0.0	10.0
0.518872488954739	0.12563226380646592	0.03327725545062481	97.0	0.0	0.0	10.0
0.6109372604137638	0.8030883190572073	0.03287437667807568	71.0	0.0	0.0	10.0
0.6248527310385944	0.25944593314084513	0.02980678842789146	64.0	0.0	0.0	10.0
0.3719899191632298	0.7133809660580043	0.03518639470123572	42.0	0.0	4.1445812755114275e-05	10.0
0.5405154717026618	0.663787916745762	0.03437445627718981	2.0	0.0	0.0	10.0
0.7943644261891584	0.2721994507223754	0.0328243517252441	84.0	0.0	0.0	10.0
0.6471245793719118	0.1365651696814354	0.03238480307580635	29.0	0.0	0.0	10.0
0.9124902329158964	0.4577544982076724	0.03336185662898755	37.0	0.0	0.0	10.0
0.9441663937116304	0.3188257734510052	0.029926527994541485	93.0	0.0	0.0	10.0
0.6541848687655589	0.8559003765761583	0.031768194231902615	70.0	0.0	0.0	10.0
0.7963709459613176	0.9647366014556732	0.03168672705122929	95.0	0.0	0.0	10.0
0.29404572119829053	0.2051563993495172	0.03424067635264872	96.0	0.0	0.0	10.0
0.09159941934326453	0.5131489411365425	0.03065866358286967	46.0	0.0	0.0	10.0
0.33059005908460454	0.5041967765868752	0.031077607084493912	82.0	0.0	0.0	10.0
0.546872898377527	0.42456103719312677	0.0327184926829779	63.0	0.0	0.0	10.0
0.1011998613262193	0.25950665797980865	0.0321846999695629	94.0	0.0	0.0	10.0
0.4768825075041454	0.45764340098031536	0.03465296470744482	5.0	0.0	0.0	10.0
0.9670183724911225	0.5206902168491834	0.03183262514824964	15.0	0.0	0.0	10.0
0.17759167835233006	0.09297686044071465	0.03456499482276956	66.0	0.0	0.0	10.0
0.04758750047659836	0.1931315513970749	0.03501856276717252	47.0	0.0	4.0936257050816494e-08	10.0
0.5854589076120054	0.7217402581976429	0.031232231852728255	31.0	0.0	0.0	10.0
0.13873067709599604	0.18826169984863925	0.03603682288782188	40.0	0.0	0.007133352753569966	10.0
0.03959392124525391	0.9169910838984128	0.03375234970674272	59.0	0.0	0.0	10.0
0.8219329534842543	0.6007643695965154	0.030639440479934464	68.0	0.0	0.0	10.0
0.3057670841954856	0.5719546038893354	0.03285157110728952	92.0	0.0	0.0	10.0
0.2601691720745923	0.3660662342736311	0.0334904569332327	51.0	0.0	0.0	10.0
0.35721425808780877	0.929566530462417	0.03351934351797368	11.0	0.0	0.0	10.0
0.8076231490696553	0.887182016268318	0.03128274208014932	77.0	0.0	0.0	10.0
0.19486695617877745	0.8946574960786727	0.03231584389322358	9.0	0.0	0.0	10.0
0.33489565026658996	0.2831494950664714	0.03591705107388436	28.0	0.0	0.004935834000505679	10.0
0.5702932341978677	0.33809792456818294	0.0321236736394003	21.0	0.0	0.0	10.0
0.9393516703432659	0.845952629913747	0.031963655343818634	55.0	0.0	0.0	10.0
0.4682512208997594	0.9459736862730133	0.03303865948005463	89.0	0.0	0.0	10.0
0.6392472320664314	0.0667150442327441	0.03472069341221405	85.0	0.0	0.0	10.0
0.6978851996615503	0.21340367014335204	0.032214350563799066	62.0	0.0	0.0	10.0
0.10756014464517628	0.6398672291750157	0.033323070570982743	4.0	0.0	0.0	10.0
0.4213454228029456	0.14501028174627167	0.03496185938561947	98.0	0.0	0.0	10.0
0.6932648836421426	0.3197277469329531	0.031692206167400656	30.0	0.0	0.0	10.0
0.874741978711071	0.3922650900595786	0.032050751649114695	79.0	0.0	0.0	10.0
0.8003644252963916	0.7082170985529209	0.031110520721880117	91.0	0.0	0.0	10.0
0.15966387712141847	0.33060908337425615	0.03364490554620374	86.0	0.0	0.0	10.0
0.8532336661117392	0.3091267657634829	0.03293145097089747	25.0	0.0	0.0	10.0
0.3520469230362829	0.6372159310367964	0.03239696981608874	1.0	0.0	0.0	10.0
0.9296322966368968	0.14880581106009977	0.03514192008882281	72.0	0.0	1.8294123094619863e-05	10.0
0.33144093889548715	0.36009893829420697	0.03364815637177875	44.0	0.0	0.0	10.0
0.8477354288797384	0.5402983015600065	0.031643618006846626	18.0	0.0	0.0	10.0
0.4145075728935916	0.5839083109190923	0.03324259549336644	57.0	0.0	0.0	10.0
0.09378963378544071	0.13685078855159655	0.031563883113429864	10.0	0.0	0.0	10.0
0.15970825231228644	0.7319470564952452	0.033797171586222266	35.0	0.0	0.0	10.0
0.4802981862271887	0.8593437893631893	0.034767619393760364	45.0	0.0	0.0	10.0
0.26452415322526884	0.6517744038371227	0.03462467068580126	49.0	0.0	0.0	10.0
0.40067916210317644	0.3898860473438593	0.032033947446193194	19.0	0.0	0.0	10.0
0.6144605525245207	0.43824496917447187	0.03276104337143035	16.0	0.0	0.0	10.0
0.5485202496438109	0.8425216794968482	0.03006494587361091	75.0	0.0	0.0	10.0
0.2647279425212207	0.2744651964712505	0.032780985449131377	54.0	0.0	0.0	10.0
0.03914502731509822	0.8317760309993443	0.0334323705356222	53.0	0.0	0.0	10.0
0.4174506801869675	0.23747064612104363	0.031995757475225706	24.0	0.0	0.0	10.0
0.8245116762698365	0.7739121862413978	0.03064586398801234	38.0	0.0	0.0	10.0
0.7360472035678458	0.914559932212363	0.03166081460407364	17.0	0.0	0.0	10.0
0.26559358890690016	0.43770408932168786	0.03401360490846402	41.0	0.0	0.0	10.0
0.20440881763527052	0.13627254509018036	0.09438877755511023	-2.0	-1.0	1340.58122217423	10.0
0.870654021904575	0.6436199670686019	0.033358284609697385	69.0	0.0	0.0	10.0
0.7933736496581965	0.4337405818261146	0.034884331051577865	58.0	0.0	0.0	10.0
0.24978249655921303	0.7708795033469711	0.03354107410595839	87.0	0.0	0.0	10.0
0.8798085173184582	0.7331996128129227	0.03387185678043427	80.0	0.0	0.0	10.0
1.0089407159368282	0.6155560901624418	0.033778099651386576	39.0	0.0	0.0	10.0
0.7223848056858018	0.49628549858593274	0.03124899050686488	26.0	0.0	0.0	10.0
0.49741676159724135	0.7732969267961739	0.034887275399963336	8.0	0.0	0.0	10.0
0.5062378865817964	0.2762977427593111	0.0332003840001682	36.0	0.0	0.0	10.0
0.15854004124621923	0.48504164516920417	0.03405502009140627	43.0	0.0	0.0	10.0
0.5604000761446701	0.5023889297098434	0.030370796184544704	6.0	0.0	0.0	10.0
0.7744393350879318	0.0537580867525332	0.03167639371749267	90.0	0.0	0.0	10.0
0.391015869188359	0.8664809582972953	0.032250313503638016	22.0	0.0	0.0	10.0
0.7941967302706757	0.270428982404421	0.03285717607696934	84.0	0.0	0.0	11.0
0.39173205197938915	0.8615696593613453	0.03228256381714165	22.0	0.0	0.0	11.0
0.2831335777833259	0.9259021068790401	0.032941865938655356	83.0	0.0	0.0	11.0
0.8116622595663393	0.8868634916990799	0.03131402482222947	77.0	0.0	0.0	11.0
0.0926461599448812	0.136359122508731	0.03159544699654329	10.0	0.0	0.0	11.0
0.5537002973688074	0.5772411238330879	0.03277461049282043	56.0	0.0	0.0	11.0
0.023509604435186647	0.4603895486434182	0.030752642983959032	99.0	0.0	0.0	11.0
0.4155734525150567	0.2352366289072798	0.03202775323270093	24.0	0.0	0.0	11.0
0.3646052725538968	0.9271341393820478	0.033552862861491645	11.0	0.0	0.0	11.0
0.6896111715375142	0.3109659654263704	0.03172389837356805	30.0	0.0	0.0	11.0
0.45346138168057626	0.058860228722758756	0.034526022834356254	52.0	0.0	0.0	11.0
0.8085229651012729	0.7111897962087504	0.031141631242601994	91.0	0.0	0.0	11.0
0.18655301760516133	0.4108976069364571	0.033028267590041155	61.0	0.0	0.0	11.0
0.34070733574824624	0.3594854831904373	0.033681804528150526	44.0	0.0	0.0	11.0
0.7189972517349921	0.4980833507266763	0.03128023949737174	26.0	0.0	0.0	11.0
0.8866343582445151	0.7265644662327797	0.0339057286372147	80.0	0.0	0.0	11.0
0.27182237569838824	0.658859079087027	0.034659295356487055	49.0	0.0	0.0	11.0
0.13738617359216634	0.18961896072653922	0.0360728597107097	40.0	0.0	0.007903305746978617	11.0
0.5561154869771643	0.9330733582167134	0.0332828959637676	50.0	0.0	0.0	11.0
0.1685365986486843	0.5563340422584157	0.0331833964772912	88.0	0.0	0.0	11.0
0.862895051638824	0.8409661116338257	0.03577073667592946	12.0	0.0	0.0029302053087576496	11.0
0.3052058339625478	0.5697149021499135	0.03288442267839681	92.0	0.0	0.0	11.0
0.25668023416204855	0.26796758252660846	0.032813766434580505	54.0	0.0	0.0	11.0
1.0072693788936242	0.6124774850892171	0.03381187775103796	39.0	0.0	0.0	11.0
0.34426147587523553	0.2872510548536927	0.03595296812495824	28.0	0.0	0.005538792526749603	11.0
0.10923906645576116	0.638989689509034	0.033356393641553725	4.0	0.0	0.0	11.0
0.6376945421038732	0.06017053101754973	0.03475541410562626	85.0	0.0	0.0	11.0
0.4793583536519599	0.9394360553103003	0.033071698139534686	89.0	0.0	0.0	11.0
0.29306812627313283	0.2069304026256452	0.034274917029001366	96.0	0.0	0.0	11.0
0.09814033456933718	0.25577112650122136	0.03221688466953246	94.0	0.0	0.0	11.0
0.6608068097770853	0.8621376982354547	0.03179996242613451	70.0	0.0	0.0	11.0
0.03811692369726622	0.8307511586538221	0.03346580290615782	53.0	0.0	0.0	11.0
0.6984905944370338	0.21228853215566393	0.03224656491436286	62.0	0.0	0.0	11.0
0.9829341717331082	0.7510065570275379	0.03428555079816826	32.0	0.0	0.0	11.0
0.19369495795910113	0.8948624607242264	0.0323481597371168	9.0	0.0	0.0	11.0
0.5578097558085661	0.34093538696752024	0.0321557973130397	21.0	0.0	0.0	11.0
0.6348757631304683	0.5105128069194844	0.03504144257536066	76.0	0.0	4.5553335326076194e-07	11.0
0.6196987375553392	0.42781843646031364	0.03279380441480177	16.0	0.0	0.0	11.0
0.49971665773221396	0.7666620535470385	0.03492216267536329	8.0	0.0	0.0	11.0
0.8246663129813875	0.7800513817670638	0.03067650985200035	38.0	0.0	0.0	11.0
0.5482663265643285	0.8453950929414843	0.030095010819484517	75.0	0.0	0.0	11.0
0.912481318142405	0.07589484352550152	0.032801537733360295	27.0	0.0	0.0	11.0
0.16349796465772817	0.3301114768914151	0.03367855045174994	86.0	0.0	0.0	11.0
0.05205979378966723	0.19255111547205386	0.035053581329939694	47.0	0.0	9.845107058481517e-07	11.0
0.18360401135617865	0.6457106889953562	0.03604510768416282	20.0	0.0	0.0073057212335925215	11.0
0.2595458110540387	0.35647399554867654	0.03352394739016593	51.0	0.0	0.0	11.0
0.6472041964650761	0.13516155031066115	0.032417187878882155	29.0	0.0	0.0	11.0
0.051466511763452724	0.7505242515898799	0.03546218685732286	23.0	0.0	0.0006318772935856032	11.0
0.5268447168283026	0.11748240185519228	0.03331053270607543	97.0	0.0	0.0	11.0
0.03723553863119933	0.9174650208003399	0.03378610205644946	59.0	0.0	0.0	11.0
0.16368935162586845	0.7331197261690302	0.033830968757808486	35.0	0.0	0.0	11.0
0.5443986045308121	0.41500701076585833	0.03275121117566087	63.0	0.0	0.0	11.0
0.42573700139843673	0.14891799612744502	0.03499682124500509	98.0	0.0	0.0	11.0
0.4757638206522017	0.6097081743707848	0.03283582406393798	74.0	0.0	0.0	11.0
0.9282971733369055	0.14777408206264667	0.03517706200891163	72.0	0.0	3.552680367135963e-05	11.0
0.9525676623388817	0.6609531478453391	0.034536367270167706	73.0	0.0	0.0	11.0
0.8125131085719238	0.5948471557833391	0.030670079920414397	68.0	0.0	0.0	11.0
0.5042357160722017	0.2768061733824723	0.03323358438416836	36.0	0.0	0.0	11.0
0.37091068656995396	0.7134047510342932	0.03522158109593695	42.0	0.0	6.962706555668774e-05	11.0
0.9109104612981964	0.460237595623048	0.03339521848561654	37.0	0.0	0.0	11.0
0.48863072043226474	0.18744305979553277	0.03324840440074417	67.0	0.0	0.0	11.0
0.8647133496620562	0.6507966551734333	0.03339164289430708	69.0	0.0	0.0	11.0
0.612079104741256	0.7931908250066031	0.032907251054753756	71.0	0.0	0.0	11.0
0.9653543068079249	0.5197663639984665	0.031864457773397886	15.0	0.0	0.0	11.0
0.7955384641787342	0.9657661761725341	0.03171841377828052	95.0	0.0	0.0	11.0
0.47054028510523166	0.36480950465768486	0.03379374280645128	48.0	0.0	0.0	11.0
0.5621158737744989	0.5026446518656859	0.030401166980729245	6.0	0.0	0.0	11.0
0.5803261227971062	0.7206075257366737	0.03126346408458098	31.0	0.0	0.0	11.0
0.04163761277262134	0.3741671240026114	0.03453849828207973	7.0	0.0	0.0	11.0
0.11497488609515374	0.8335433949364941	0.033692557990518936	34.0	0.0	0.0	11.0
0.4795391538821386	0.8586597764904913	0.03480238701315412	45.0	0.0	0.0	11.0
0.24815191832278877	0.7708538368356539	0.03357461518006435	87.0	0.0	0.0	11.0
0.46424621437861124	0.5332217026975707	0.03264976115285712	3.0	0.0	0.0	11.0
0.352553599165771	0.6380829824284228	0.03242936678590483	1.0	0.0	0.0	11.0
0.6720224158879174	0.9498633480361024	0.032407574912149864	81.0	0.0	0.0	11.0
0.18100249048435665	0.09741950382043454	0.03459955981759233	66.0	0.0	0.0	11.0
0.8876010740859906	0.918468889377758	0.03299702127301509	60.0	0.0	0.0	11.0
0.8478595508928809	0.5337273754649995	0.03167526162485347	18.0	0.0	0.0	11.0
0.8823142838447213	0.3945995938296952	0.032082802400763805	79.0	0.0	0.0	11.0
0.7775709708741959	0.05508131584428855	0.03170807011121016	90.0	0.0	0.0	11.0
0.934656244210416	0.3222909522458594	0.029956454522536022	93.0	0.0	0.0	11.0
0.7471659413230162	0.9099517244281318	0.03169247541867771	17.0	0.0	0.0	11.0
0.7074824979502534	0.3969503398924061	0.035034658490755155	13.0	0.0	2.6644582362678193e-07	11.0
0.33244330129950167	0.5033440112730969	0.031108684691578403	82.0	0.0	0.0	11.0
0.25792334961394775	0.44100158439387926	0.034047618513372485	41.0	0.0	0.0	11.0
0.7935862170913432	0.432589288883392	0.03491921538262944	58.0	0.0	0.0	11.0
0.5393073238290771	0.6655853007885894	0.034408830733467	2.0	0.0	0.0	11.0
0.851540889724854	0.31296342244938125	0.03296438242186836	25.0	0.0	0.0	11.0
0.41133154047217546	0.5847378175651592	0.033275838088859803	57.0	0.0	0.0	11.0
0.7626891770166938	0.8352052742259074	0.03159999285837047	65.0	0.0	0.0	11.0
0.16205842586256033	0.4838344337879817	0.034089075111497676	43.0	0.0	0.0	11.0
0.0935334419411345	0.5155408502572749	0.030689322246452534	46.0	0.0	0.0	11.0
0.39867121125266347	0.39115466440792546	0.032065981393639385	19.0	0.0	0.0	11.0
0.9401339810451641	0.8491599934356626	0.03199561899916245	55.0	0.0	0.0	11.0
0.3161533729048139	0.8362842952180058	0.032297962157331536	33.0	0.0	0.0	11.0
0.6239973259281342	0.2566399576713688	0.02983659521631935	64.0	0.0	0.0	11.0
0.19483098262528997	0.24297585684437606	0.03321201507580522	78.0	0.0	0.0	11.0
0.4704234584443374	0.44809403125359565	0.03468761767215226	5.0	0.0	0.0	11.0
0.3928464111877081	0.4847798255970993	0.029833335600333404	14.0	0.0	0.0	11.0
