# x	y	r	id	split_id	s_prob	t
2.0	0.5	0.0	-1.0	0.0	0.0	0.0
0.562388505857296	0.1684243143701921	0.03129593452264545	1.0	0.0	0.0	0.0
0.8190551616021877	0.5289498512859382	0.03253971617214546	2.0	0.0	0.0	0.0
0.5212603820433233	0.023456810051714946	0.023456810051714946	3.0	0.0	0.0	0.0
0.2662257572255031	0.9018104625883258	0.03198015729428487	4.0	0.0	0.0	0.0
0.29528139479932924	0.6358453793672141	0.031244315164478464	5.0	0.0	0.0	0.0
0.6905228190610987	0.20408157890510184	0.02829213335346697	6.0	0.0	0.0	0.0
0.4763783589927749	0.2678007218211666	0.03182324731701148	7.0	0.0	0.0	0.0
0.4302053361608829	0.1459789692059405	0.035248746322192465	8.0	0.0	9.850311822390267e-05	0.0
0.23827824279166254	0.3105287543353006	0.03261290400230893	9.0	0.0	0.0	0.0
0.7092320975286371	0.521515670237669	0.03374667319995024	10.0	0.0	0.0	0.0
0.5079996143799087	0.3388270075773199	0.03430587124215287	11.0	0.0	0.0	0.0
0.3456317668945977	0.8189726150241755	0.03282175396940856	12.0	0.0	0.0	0.0
0.7619048809612429	0.5765938626920913	0.03200812225897381	13.0	0.0	0.0	0.0
0.5728125564617396	0.08278941076237202	0.03306549356957851	14.0	0.0	0.0	0.0
0.951829074991051	0.49906453607662304	0.031348256799277927	15.0	0.0	0.0	0.0
0.21724527430139784	0.09309456962830459	0.03340336904211752	16.0	0.0	0.0	0.0
0.9144105180559742	0.21655443121679407	0.034387589989211986	17.0	0.0	0.0	0.0
0.13417563468371826	0.9398508373570967	0.034539994428039594	18.0	0.0	0.0	0.0
0.3377337102117754	0.5751367893277195	0.031127056250719484	19.0	0.0	0.0	0.0
0.8208815620779142	0.26068115583084317	0.030906555768781787	20.0	0.0	0.0	0.0
0.7435324413857907	0.1529428844271637	0.032347617765732035	21.0	0.0	0.0	0.0
0.5960556259251863	0.7474457190021208	0.0296297380210087	22.0	0.0	0.0	0.0
0.4059546397043909	0.5474597524749684	0.03525345870864033	23.0	0.0	0.00010420813596567768	0.0
0.7933962717323296	0.45207966270240696	0.03505405200905703	24.0	0.0	1.010684243851756e-06	0.0
0.49904424618021115	0.20356978936611805	0.03256793976735306	25.0	0.0	0.0	0.0
0.8922491040733771	0.5387940714598086	0.03377978018323655	26.0	0.0	0.0	0.0
0.10844765953442763	0.5476130235282152	0.03499839008567891	27.0	0.0	0.0	0.0
0.14525642598718208	0.05640241999041155	0.03435802570559894	28.0	0.0	0.0	0.0
0.9103523904775864	0.8528931978188149	0.03131711771844492	29.0	0.0	0.0	0.0
0.09900738671368291	0.873517830341318	0.0340203863265911	30.0	0.0	0.0	0.0
0.19069150799285264	0.606626648590464	0.033034331376284386	31.0	0.0	0.0	0.0
0.47910797237791547	0.8932066691260975	0.03243410155581654	32.0	0.0	0.0	0.0
0.8638895426996692	0.7964219941773683	0.03359710845389649	33.0	0.0	0.0	0.0
0.9599364289936508	0.6325240558117299	0.033683427857707546	34.0	0.0	0.0	0.0
0.06928742002105714	0.9560157517483822	0.031613775475743046	35.0	0.0	0.0	0.0
0.9874185867356239	0.8254862150951086	0.03413874452026593	36.0	0.0	0.0	0.0
0.8173965201839121	0.8505553036255054	0.03386042403266185	37.0	0.0	0.0	0.0
0.5065037667870619	0.12762747636333102	0.032895930497770925	38.0	0.0	0.0	0.0
0.1212310498675657	0.8064175441233247	0.03058824699739773	39.0	0.0	0.0	0.0
0.4702633326885045	0.061830058058429074	0.030401235094406738	40.0	0.0	0.0	0.0
0.18381736961576645	0.6918265465510567	0.032908003893614236	41.0	0.0	0.0	0.0
0.35390419941200235	0.22586421012699415	0.03234163245697697	42.0	0.0	0.0	0.0
0.8487769020944178	0.6818735961804866	0.0335579127568209	43.0	0.0	0.0	0.0
0.2839694132156053	0.5282749654159455	0.0318255092282298	44.0	0.0	0.0	0.0
0.07249298701674883	0.1853723004375635	0.033091965518245024	45.0	0.0	0.0	0.0
0.4531244030947018	0.4763627843317627	0.034029218891037216	46.0	0.0	0.0	0.0
0.19265667094120928	0.7903713126666291	0.0344469984407012	47.0	0.0	0.0	0.0
0.21876482967209562	0.21527577631720418	0.03344674137949481	48.0	0.0	0.0	0.0
0.25502732512325316	0.03863806301396494	0.03130283855303508	49.0	0.0	0.0	0.0
0.2015870084427634	0.8844756725079129	0.032552639496099586	50.0	0.0	0.0	0.0
0.7670134180818885	0.9246540239606745	0.03453512558414464	51.0	0.0	0.0	0.0
0.4032744580374787	0.4055754785761846	0.03574629276911662	52.0	0.0	0.0026601594876467516	0.0
0.8627173156749682	0.33663434084790184	0.03498675905677827	53.0	0.0	0.0	0.0
0.4940753951519461	0.954947288068974	0.030010047676373143	54.0	0.0	0.0	0.0
0.03454744771913491	0.8992012694260427	0.03454744771913491	55.0	0.0	0.0	0.0
0.07739058166923045	0.7495720130577637	0.03593768105679186	56.0	0.0	0.005276493423465922	0.0
0.04131085623751827	0.07186934440116423	0.030717956217441316	57.0	0.0	0.0	0.0
0.449579544620611	0.611268429703979	0.03259320883917248	58.0	0.0	0.0	0.0
0.369635654479406	0.6931432536872959	0.033258853069157684	59.0	0.0	0.0	0.0
0.27929760551648447	0.7431353762627674	0.032374443095450074	60.0	0.0	0.0	0.0
0.7089577543559978	0.6738276457605605	0.03048328758284396	61.0	0.0	0.0	0.0
0.44829629729156056	0.6779467120009466	0.03370838355402351	62.0	0.0	0.0	0.0
0.8678277355291327	0.45431541589609103	0.03612637462307664	63.0	0.0	0.00914594417250214	0.0
0.2765834118387799	0.8140543125407853	0.03487546052276492	64.0	0.0	0.0	0.0
0.38861966436147233	0.6287550790765933	0.030337364115037107	65.0	0.0	0.0	0.0
0.4045179188358918	0.2657206416257471	0.030251412439350454	66.0	0.0	0.0	0.0
0.7781296852466864	0.7206652719375708	0.03429126850288207	67.0	0.0	0.0	0.0
0.04221596815683269	0.8133212891806122	0.036057932240411976	68.0	0.0	0.007577981335316508	0.0
0.6951998001532916	0.9111814396377529	0.03234676884572705	69.0	0.0	0.0	0.0
0.2675950646820151	0.16766941752227987	0.03368507237093975	70.0	0.0	0.0	0.0
0.15917931058300983	0.4672587626818079	0.031619850383577446	71.0	0.0	0.0	0.0
0.6672025472505434	0.758609736182415	0.030909116921825144	72.0	0.0	0.0	0.0
0.15737277957571208	0.28679704480340373	0.03203444647943688	73.0	0.0	0.0	0.0
0.03182777284157626	0.5832011896507762	0.02976739677147534	74.0	0.0	0.0	0.0
0.3401780474090639	0.4677472689124528	0.03491724781387991	75.0	0.0	0.0	0.0
0.9521932895562398	0.4986526196977381	0.0313796050560772	15.0	0.0	0.0	1.0
0.21585987972218681	0.09220702904363284	0.03343677241115963	16.0	0.0	0.0	1.0
0.15406101866289737	0.289526952553058	0.03206648092591631	73.0	0.0	0.0	1.0
0.8651516292880898	0.7966427139070663	0.033630705562350385	33.0	0.0	0.0	1.0
0.3438777683763369	0.8183459973147943	0.032854575723377966	12.0	0.0	0.0	1.0
0.8193125949973216	0.5295139789602658	0.0325722558883176	2.0	0.0	0.0	1.0
0.40583401728435026	0.5410740922087446	0.03528871216734897	23.0	0.0	0.0001540193317879357	1.0
0.7938299774130778	0.4507756516824198	0.035089106061066085	24.0	0.0	4.527950935084846e-06	1.0
0.033030258046066116	0.5819405411126994	0.029797164168246813	74.0	0.0	0.0	1.0
0.19187962891990085	0.6073984005999908	0.03306736570766067	31.0	0.0	0.0	1.0
0.7785976929968836	0.7206637986965224	0.03432555977138495	67.0	0.0	0.0	1.0
0.23801283921886301	0.31017851842537175	0.032645516906311234	9.0	0.0	0.0	1.0
0.4755383651063165	0.8831030467587566	0.03246653565737235	32.0	0.0	0.0	1.0
0.27334354208620093	0.8124634476232931	0.03491033598328768	64.0	0.0	0.0	1.0
0.15894315999464625	0.4683450777355778	0.03165147023396102	71.0	0.0	0.0	1.0
0.7430635572490051	0.15451640844601375	0.032379965383497765	21.0	0.0	0.0	1.0
0.7056906631855359	0.5163054375147632	0.03378041987315019	10.0	0.0	0.0	1.0
0.13470318489181557	0.9400062321568005	0.03457453442246763	18.0	0.0	0.0	1.0
0.6962961624794782	0.9125373695273629	0.032379115614572775	69.0	0.0	0.0	1.0
0.3681485370627942	0.7047712933791851	0.033292111922226836	59.0	0.0	0.0	1.0
0.14009291834620635	0.05425886281360606	0.034392383731304536	28.0	0.0	0.0	1.0
0.25031711998531203	0.03357386274303008	0.03133414139158811	49.0	0.0	0.0	1.0
0.666819283782342	0.7587122158342589	0.030940026038746966	72.0	0.0	0.0	1.0
0.19243673980407522	0.7904952314127599	0.034481445439141896	47.0	0.0	0.0	1.0
0.8919513650311411	0.5394253542529269	0.03381355996341979	26.0	0.0	0.0	1.0
0.4961145394771194	0.9631756200615081	0.030040057724049513	54.0	0.0	0.0	1.0
0.4572980947833975	0.6059530445001947	0.032625802048011646	58.0	0.0	0.0	1.0
0.5959299073389256	0.7407902715261002	0.029659367759029706	22.0	0.0	0.0	1.0
0.5627008752787469	0.16870939461649503	0.03132723045716809	1.0	0.0	0.0	1.0
0.7673316108724494	0.9248904487678974	0.034569660709728785	51.0	0.0	0.0	1.0
0.2676422529031863	0.9024730976768967	0.03201213745157915	4.0	0.0	0.0	1.0
0.5204292338829999	0.023548755044958125	0.023480266861766658	3.0	0.0	0.0	1.0
0.11133641979782313	0.5432563674922533	0.035033388475764586	27.0	0.0	2.382153496682804e-07	1.0
0.11842619397749041	0.8046700549250211	0.030618835244395123	39.0	0.0	0.0	1.0
0.8144815186392033	0.8427840607830461	0.03389428445669451	37.0	0.0	0.0	1.0
0.038535874681322364	0.8246509358111433	0.036093990172652385	68.0	0.0	0.008379541114535982	1.0
0.9124961025695074	0.21711834002870065	0.03442197757920119	17.0	0.0	0.0	1.0
0.695215016696881	0.2073002789918497	0.028320425486820434	6.0	0.0	0.0	1.0
0.4494405737250935	0.6778998591347937	0.03374209193757753	62.0	0.0	0.0	1.0
0.5715593784092093	0.08154017137854225	0.033098559063148084	14.0	0.0	0.0	1.0
0.8490481030011352	0.6808463855097564	0.03359147066957772	43.0	0.0	0.0	1.0
0.4023908491657985	0.40291875592491155	0.03578203906188573	52.0	0.0	0.0030610139738911357	1.0
0.07167376072864785	0.18590443443142382	0.033125057483763265	45.0	0.0	0.0	1.0
0.4769012036809626	0.26571427964464955	0.031855070564328486	7.0	0.0	0.0	1.0
0.3374368119583004	0.5760891633439751	0.0311581833069702	19.0	0.0	0.0	1.0
0.7635041475279635	0.5773847283979883	0.032040130381232775	13.0	0.0	0.0	1.0
0.10889333472212914	0.8690379295627843	0.034054406712917686	30.0	0.0	0.0	1.0
0.28771389764394756	0.7397650696179039	0.03240681753854552	60.0	0.0	0.0	1.0
0.2730164398709873	0.16149325501464568	0.03371875744331068	70.0	0.0	0.0	1.0
0.4115474323349967	0.27195707587267787	0.030281663851789802	66.0	0.0	0.0	1.0
0.5056228026742633	0.1294359675320157	0.03292882642826869	38.0	0.0	0.0	1.0
0.8675613590882129	0.44961929955306296	0.036162500997699715	63.0	0.0	0.010054488387339688	1.0
0.0760707165191099	0.7400674333260362	0.03597361873784865	56.0	0.0	0.005906724901961979	1.0
0.455450368730729	0.47686075596095967	0.03406324810992825	46.0	0.0	0.0	1.0
0.07322868026073043	0.9663222551523708	0.031645389251218785	35.0	0.0	0.0	1.0
0.2838865919534374	0.529588731919932	0.031857334737458026	44.0	0.0	0.0	1.0
0.3402264845132938	0.46764622367277775	0.03495216506169379	75.0	0.0	0.0	1.0
0.9127829158376118	0.8569347483038162	0.03134843483616336	29.0	0.0	0.0	1.0
0.297400136077628	0.6339838489745382	0.03127555947964294	5.0	0.0	0.0	1.0
0.8220914833600383	0.26112201047458183	0.030937462324550566	20.0	0.0	0.0	1.0
0.3835770522406007	0.621963378856607	0.030367701479152142	65.0	0.0	0.0	1.0
0.5061976067740895	0.33845306062396696	0.034340177113395015	11.0	0.0	0.0	1.0
0.4296083149780449	0.14101180582569145	0.03528399506851465	8.0	0.0	0.00014659270885886144	1.0
0.18525035274657323	0.6941428098643974	0.03294091189750785	41.0	0.0	0.0	1.0
0.958413138769172	0.6324808879325483	0.03371711128556525	34.0	0.0	0.0	1.0
0.4981183038738435	0.20191426183563796	0.03260050770712041	25.0	0.0	0.0	1.0
0.8610019400029034	0.3363454655898436	0.035021745815835045	53.0	0.0	6.581230138635874e-08	1.0
0.04197996879462457	0.07183350322261613	0.030748674173658754	57.0	0.0	0.0	1.0
0.7093050226620287	0.6743734848068415	0.0305137708704268	61.0	0.0	0.0	1.0
0.4704193835026675	0.06144389651605005	0.030431636329501143	40.0	0.0	0.0	1.0
0.34555595706343145	0.22120229660618804	0.032373974089433946	42.0	0.0	0.0	1.0
0.20405161576809627	0.8827621120709136	0.03258519213559568	50.0	0.0	0.0	1.0
0.9882813508996611	0.8254508888638635	0.034172883264786194	36.0	0.0	0.0	1.0
0.03458199516685404	0.8952810531178883	0.03458199516685404	55.0	0.0	0.0	1.0
0.21263477100665065	0.2220564764927045	0.033480188120874305	48.0	0.0	0.0	1.0
0.15858175198007518	0.2834025372056999	0.032098547406842225	73.0	0.0	0.0	2.0
0.9136361047707526	0.21881434248842163	0.03445639955678039	17.0	0.0	0.0	2.0
0.7645335600222554	0.5776461371208991	0.032072170511614005	13.0	0.0	0.0	2.0
0.4318499137930382	0.13961523863306266	0.03531927906358316	8.0	0.0	0.00020830097227531041	2.0
0.19087054122011468	0.611125234048991	0.033100433073368324	31.0	0.0	0.0	2.0
0.8192687686461836	0.53299441004126	0.03260482814420591	2.0	0.0	0.0	2.0
0.2849324938120505	0.5332672833458442	0.03188919207219548	44.0	0.0	0.0	2.0
0.45585084675350196	0.4775874877658551	0.034097311358038174	46.0	0.0	0.0	2.0
0.21194243429095924	0.22027912678402298	0.03351366830899517	48.0	0.0	0.0	2.0
0.07310733092076703	0.18549195355899106	0.03315818254124703	45.0	0.0	0.0	2.0
0.775264400542639	0.7154966231841154	0.03435988533115633	67.0	0.0	0.0	2.0
0.6668748919571588	0.7594468661866788	0.03097096606478571	72.0	0.0	0.0	2.0
0.18640480292986253	0.6939781735669269	0.03297385280940535	41.0	0.0	0.0	2.0
0.44885113616649497	0.6738577289822527	0.0337758340295151	62.0	0.0	0.0	2.0
0.8210884939101084	0.2591581199554435	0.030968399786875114	20.0	0.0	0.0	2.0
0.4565996828747537	0.6011636112622875	0.03265842785005965	58.0	0.0	0.0	2.0
0.5712742599292085	0.08182799521638949	0.03313165762221123	14.0	0.0	0.0	2.0
0.8603366760085007	0.33689384736669786	0.035056767561650874	53.0	0.0	1.1707945617445148e-06	2.0
0.8709626185745695	0.792737046723441	0.03366433626791273	33.0	0.0	0.0	2.0
0.34093511573158886	0.4669218030095628	0.03498711722675548	75.0	0.0	0.0	2.0
0.06456792851354895	0.9686050451320628	0.03167703464047	35.0	0.0	0.0	2.0
0.19060628259376128	0.7886705272273312	0.034515926884581036	47.0	0.0	0.0	2.0
0.1589006756111436	0.4669959082641514	0.031683121704194975	71.0	0.0	0.0	2.0
0.043549699059567654	0.07144538966105009	0.03077942284783241	57.0	0.0	0.0	2.0
0.9541657574312533	0.4976530657518016	0.031410984661133276	15.0	0.0	0.0	2.0
0.867365128186963	0.4499364857276503	0.03619866349869741	63.0	0.0	0.011022289551576137	2.0
0.03846016235504489	0.8249305618834186	0.03613008416282503	68.0	0.0	0.009236604329899478	2.0
0.342571019293333	0.8200044057983916	0.03288743029910134	12.0	0.0	0.0	2.0
0.5201298065436906	0.024712513855383856	0.023503747128628422	3.0	0.0	0.0	2.0
0.11844167422555574	0.8038505422262314	0.030649454079639513	39.0	0.0	0.0	2.0
0.2682355510673213	0.9022526788065434	0.03204414958903073	4.0	0.0	0.0	2.0
0.5054006941772891	0.33957647141587793	0.03437451729050841	11.0	0.0	0.0	2.0
0.21696943457787898	0.0923439349872639	0.033470209183570784	16.0	0.0	0.0	2.0
0.3830800704029256	0.621356588510765	0.03039806918063129	65.0	0.0	0.0	2.0
0.47615261325450603	0.2654361674472228	0.03188692563489281	7.0	0.0	0.0	2.0
0.3976227013938571	0.40199174881119504	0.03581782110094761	52.0	0.0	0.00350070011894843	2.0
0.7055178486319253	0.5155770325162417	0.03381420029302334	10.0	0.0	0.0	2.0
0.2737030071099385	0.1612957091565753	0.033752476200753986	70.0	0.0	0.0	2.0
0.9880122386207133	0.826154818872273	0.034207056148050974	36.0	0.0	0.0	2.0
0.5637340155886928	0.16715127398448693	0.03135855768762526	1.0	0.0	0.0	2.0
0.967900327973187	0.632570484435452	0.03375082839685081	34.0	0.0	0.0	2.0
0.5939995337681298	0.7412290404535573	0.029689027126788732	22.0	0.0	0.0	2.0
0.8021930881061968	0.8433575108872549	0.033928178741151206	37.0	0.0	0.0	2.0
0.8904966176265072	0.5391803697059459	0.033847373523383205	26.0	0.0	0.0	2.0
0.11172107362764805	0.5421466959001867	0.03506842186424035	27.0	0.0	2.0500510800047778e-06	2.0
0.07580929686517605	0.7414350362424853	0.036009592356586496	56.0	0.0	0.006585945550710903	2.0
0.334622491421933	0.5743357774551429	0.031189341490277165	19.0	0.0	0.0	2.0
0.4762561020155989	0.8816528984844989	0.032499002193029716	32.0	0.0	0.0	2.0
0.7431894612107289	0.1543212356920881	0.03241234534888126	21.0	0.0	0.0	2.0
0.2379651085257698	0.31034639250236273	0.03267816242321754	9.0	0.0	0.0	2.0
0.3043353134877426	0.6387411626821535	0.03130683503912258	5.0	0.0	0.0	2.0
0.25130043625884924	0.03475914149910172	0.0313654755329797	49.0	0.0	0.0	2.0
0.03728989871335608	0.8966319327816059	0.03461657716202089	55.0	0.0	0.0	2.0
0.6970273192090131	0.20887246502468965	0.028348745912307252	6.0	0.0	0.0	2.0
0.6962961624794782	0.9141196588019403	0.03241149473018735	69.0	0.0	0.0	2.0
0.26852059626687635	0.8178493484524969	0.03494524631927096	64.0	0.0	0.0	2.0
0.40761994377432165	0.27189525428856803	0.03031194551564159	66.0	0.0	0.0	2.0
0.4718431574715261	0.06274328693601083	0.03046206796583064	40.0	0.0	0.0	2.0
0.7121145516304204	0.6775915853524025	0.03054428464129722	61.0	0.0	0.0	2.0
0.0362948951503658	0.5806806781869106	0.029826961332415056	74.0	0.0	0.0	2.0
0.1450484552074551	0.93630845581663	0.034609108956890094	18.0	0.0	0.0	2.0
0.2050706752772857	0.8821622961554332	0.03261777732773127	50.0	0.0	0.0	2.0
0.49718958738776153	0.9628809017848453	0.03007009778177356	54.0	0.0	0.0	2.0
0.13698090621136516	0.04732407458248407	0.034426776115035834	28.0	0.0	0.0	2.0
0.2878137299970835	0.739422169735606	0.03243922435608406	60.0	0.0	0.0	2.0
0.3444166606618936	0.2208113866482106	0.032406348063523376	42.0	0.0	0.0	2.0
0.8460717202448162	0.6827797151237858	0.03362506214024729	43.0	0.0	0.0	2.0
0.4983987711397093	0.19895319747025741	0.03263310821482753	25.0	0.0	0.0	2.0
0.793976957777682	0.449979586857331	0.03512419516712715	24.0	0.0	1.2260101414085511e-05	2.0
0.10531371006542561	0.8737004542540919	0.0340884611196306	30.0	0.0	0.0	2.0
0.7675240035662529	0.9245464625399601	0.03460423037043851	51.0	0.0	0.0	2.0
0.403724969970358	0.5387484967317089	0.035324000879516315	23.0	0.0	0.00021768000630117967	2.0
0.37162343083801197	0.7043203048054092	0.03332540403414906	59.0	0.0	0.0	2.0
0.9101184089073315	0.8507912362548831	0.03137978327099952	29.0	0.0	0.0	2.0
0.503782660565425	0.12956942974234123	0.03296175525469696	38.0	0.0	0.0	2.0
0.1866724858402718	0.6943008356397615	0.03300682666221476	41.0	0.0	0.0	3.0
0.8598579095144548	0.3362452435543929	0.03509182432921252	53.0	0.0	4.955109631055166e-06	3.0
0.7967128133608763	0.44680576116617887	0.03515931936229427	24.0	0.0	2.588127409808294e-05	3.0
0.8705546944527275	0.7914569504239868	0.03369800060418064	33.0	0.0	0.0	3.0
0.037103209753875765	0.5806271660476343	0.02985678829374747	74.0	0.0	0.0	3.0
0.47646555746274877	0.882001187285734	0.032531501195222745	32.0	0.0	0.0	3.0
0.3825628502151532	0.6219962623625195	0.03042846724981192	65.0	0.0	0.0	3.0
0.49700760065242283	0.9606623181163699	0.03010016787955533	54.0	0.0	0.0	3.0
0.21177950948231966	0.21987595493430506	0.033547181977304164	48.0	0.0	0.0	3.0
0.520410842407246	0.026414028674589	0.02352725087575705	3.0	0.0	0.0	3.0
0.9125537023983817	0.8503495218827589	0.03141116305427052	29.0	0.0	0.0	3.0
0.7064732236430007	0.5167286311780189	0.033848014493316356	10.0	0.0	0.0	3.0
0.03411302945027396	0.8244219411622614	0.03616621424698785	68.0	0.0	0.01015114431301356	3.0
0.34269368743648587	0.8191775901752539	0.03292031772940044	12.0	0.0	0.0	3.0
0.1182015845732567	0.8043844768342446	0.03068010353371915	39.0	0.0	0.0	3.0
0.07014980830067988	0.7360957615331662	0.03604560194894308	56.0	0.0	0.007316091462698182	3.0
0.8037720442119475	0.8433724224635154	0.033962106919892356	37.0	0.0	0.0	3.0
0.26906432768495264	0.8208105975846536	0.03498019156559023	64.0	0.0	0.0	3.0
0.4698848490465144	0.06318840538368951	0.030492530033796466	40.0	0.0	0.0	3.0
0.34390090809746793	0.22097039058226345	0.0324387544115869	42.0	0.0	0.0	3.0
0.697620914350351	0.20905546743556955	0.028377094658219557	6.0	0.0	0.0	3.0
0.8177165581716679	0.5268002237484108	0.03263743297235012	2.0	0.0	0.0	3.0
0.5923102543112986	0.7422963219282831	0.02971871615391552	22.0	0.0	0.0	3.0
0.04365952804241774	0.07098246580180809	0.030810202270680237	57.0	0.0	0.0	3.0
0.3346512992743839	0.5744768295567506	0.03122053083176744	19.0	0.0	0.0	3.0
0.45701012379074935	0.6047699299958128	0.03269108627790971	58.0	0.0	0.0	3.0
0.2166401919915524	0.09560135886135052	0.03350367939275435	16.0	0.0	0.0	3.0
0.8178031507562649	0.2569945710848565	0.030999368186661987	20.0	0.0	0.0	3.0
0.767214018047407	0.5752910812529556	0.03210424268212562	13.0	0.0	0.0	3.0
0.19505841964746842	0.7855103577466959	0.03455044281146561	47.0	0.0	0.0	3.0
0.447443111142004	0.6766580803051169	0.033809609863544615	62.0	0.0	0.0	3.0
0.2669314323334606	0.9032216700263167	0.03207619373861976	4.0	0.0	0.0	3.0
0.33881467879522364	0.46829914720867605	0.03502210434398223	75.0	0.0	6.91214552261954e-08	3.0
0.4075641878189205	0.2712155385288286	0.030342257461157228	66.0	0.0	0.0	3.0
0.9134765140722463	0.21872040779661653	0.03449085595633717	17.0	0.0	0.0	3.0
0.2848695382772834	0.5342659263350066	0.031921081264267674	44.0	0.0	0.0	3.0
0.506832599789547	0.3392604702534407	0.034408891807798915	11.0	0.0	0.0	3.0
0.07565310742151424	0.1879356253378196	0.03319134072378827	45.0	0.0	0.0	3.0
0.30571072415344325	0.6395391096428614	0.031338141874161694	5.0	0.0	0.0	3.0
0.23839118108558527	0.3097038152649924	0.032710840585640756	9.0	0.0	0.0	3.0
0.45845458131379224	0.4749919365980175	0.03413140866939621	46.0	0.0	0.0	3.0
0.6950198912477988	0.9160183912305577	0.03244390622491753	69.0	0.0	0.0	3.0
0.7117462013328797	0.678555097047444	0.030574828925938515	61.0	0.0	0.0	3.0
0.2045466985807927	0.8853346817105074	0.032650395105059	50.0	0.0	0.0	3.0
0.8694352402492785	0.4521904673085493	0.0362348621621961	63.0	0.0	0.012051342364131301	3.0
0.2843415464820652	0.7381817287329024	0.03247166358044014	60.0	0.0	0.0	3.0
0.43227386996720213	0.13992203907676762	0.03535459834264674	8.0	0.0	0.0002853580169386305	3.0
0.5029422538737296	0.12965170176159246	0.03299471700995165	38.0	0.0	0.0	3.0
0.9635675974017615	0.6309608122068332	0.03378457922524766	34.0	0.0	0.0	3.0
0.7431764414008454	0.15431937893523187	0.032444757694230136	21.0	0.0	0.0	3.0
0.9869445561777092	0.8261111021783607	0.03424126320419902	36.0	0.0	0.0	3.0
0.24737813773628448	0.03224635620586287	0.03139684100851268	49.0	0.0	0.0	3.0
0.7763160271023887	0.7152783929464552	0.034394245216487485	67.0	0.0	0.0	3.0
0.19084439905541137	0.6111218411920182	0.03313353350644169	31.0	0.0	0.0	3.0
0.11368316338195389	0.5428337560302541	0.035103490286104586	27.0	0.0	7.093796682511311e-06	3.0
0.1559058719338868	0.4672510602617851	0.03171480482589917	71.0	0.0	0.0	3.0
0.034651193739182906	0.9021290141566268	0.034651193739182906	55.0	0.0	0.0	3.0
0.9478032379046615	0.4951051929458454	0.03144239564579441	15.0	0.0	0.0	3.0
0.5710610711065846	0.16463724957369166	0.03138991624531288	1.0	0.0	0.0	3.0
0.7643927907880752	0.9249729086560923	0.034638834600808945	51.0	0.0	0.0	3.0
0.8474078033719046	0.6837465860439365	0.03365868720238754	43.0	0.0	0.0	3.0
0.4973801020584145	0.19833621110711286	0.032665741323042355	25.0	0.0	0.0	3.0
0.0649289175144191	0.9726900249242925	0.03170871167511047	35.0	0.0	0.0	3.0
0.39555535293084537	0.4016436001050694	0.035853638922048556	52.0	0.0	0.00398109554046755	3.0
0.5754655021199443	0.08202604586958184	0.033164789279833434	14.0	0.0	0.0	3.0
0.3736259545546764	0.7037713243061129	0.03335872943818321	59.0	0.0	0.0	3.0
0.6638948467799164	0.7622361492725798	0.03875242128856311	72.0	0.0	0.0	3.0
0.8908919570912709	0.538126415209262	0.03388122089690659	26.0	0.0	0.0	3.0
0.1567043870859041	0.28555291510111186	0.03213064595424906	73.0	0.0	0.0	3.0
0.10898237751316198	0.8762885167043132	0.03412254958075023	30.0	0.0	0.0	3.0
0.1358951847797245	0.04893932253255206	0.034461202891150865	28.0	0.0	0.0	3.0
0.15040692015318738	0.9436099969573564	0.03464371806584698	18.0	0.0	0.0	3.0
0.4070212881620018	0.535852344869976	0.03535932488039583	23.0	0.0	0.0002969216348134296	3.0
0.27321220096336873	0.15792995430237314	0.03378622867695474	70.0	0.0	0.0	3.0
0.47601209841882314	0.2653957371408933	0.0319188125605277	7.0	0.0	0.0	3.0
0.893387375779388	0.5357007113357248	0.03391510211780349	26.0	0.0	0.0	4.0
0.45084376807394344	0.6028262782877175	0.03272377736418761	58.0	0.0	0.0	4.0
0.5754184284325146	0.15661099154033584	0.031421306161558187	1.0	0.0	0.0	4.0
0.7645623628585785	0.9250069855956308	0.034673473435409746	51.0	0.0	0.0	4.0
0.8743984095484105	0.45176814769446316	0.036271097024358295	63.0	0.0	0.013143652852960486	4.0
0.4732126982083982	0.2617015499466096	0.03195073137308822	7.0	0.0	0.0	4.0
0.8720924310001023	0.789427699072094	0.03373169860478482	33.0	0.0	0.0	4.0
0.21036763751927823	0.2228694839980812	0.03358072915928147	48.0	0.0	0.0	4.0
0.6943824434241864	0.20510145393986615	0.028405471752877772	6.0	0.0	0.0	4.0
0.03338291985700549	0.8223156788247356	0.036202380461234834	68.0	0.0	0.01112514563691036	4.0
0.509972939751843	0.3424306074542658	0.03444330069960671	11.0	0.0	0.0	4.0
0.842854931312349	0.687797822572194	0.03369234588958992	43.0	0.0	0.0	4.0
0.9106901084812234	0.8485830802017813	0.031442574217324784	29.0	0.0	0.0	4.0
0.0790907603465291	0.18970495408260366	0.033224532064512056	45.0	0.0	0.0	4.0
0.10987001079052534	0.8751764860258238	0.034156672130330974	30.0	0.0	0.0	4.0
0.5920652819892077	0.7423618243316221	0.02974843487006943	22.0	0.0	0.0	4.0
0.15654319834116842	0.2859910038235587	0.03216277660020331	73.0	0.0	0.0	4.0
0.34107293417573736	0.4755430555890648	0.03505712644832621	75.0	0.0	1.1931406618259643e-06	4.0
0.7039575661601877	0.5176813009331479	0.03388186250780967	10.0	0.0	0.0	4.0
0.7836873147473102	0.4438930391932653	0.035194478681656566	24.0	0.0	4.7075612513935994e-05	4.0
0.7661745553962124	0.577019530933494	0.03213634692480774	13.0	0.0	0.0	4.0
0.5205902233605699	0.025613182421956766	0.023550778126632803	3.0	0.0	0.0	4.0
0.40819236055058855	0.26981572237197243	0.03037259971861838	66.0	0.0	0.0	4.0
0.38036230121609893	0.6231641439036578	0.030458895717061726	65.0	0.0	0.0	4.0
0.24619598040052315	0.03173805719743619	0.03142823784952119	49.0	0.0	0.0	4.0
0.3742394147553507	0.7052105239828943	0.03339208816762139	59.0	0.0	0.0	4.0
0.5758803637662455	0.0819775064680166	0.033197954069113265	14.0	0.0	0.0	4.0
0.2783868773435075	0.9042356424722657	0.03210826993235837	4.0	0.0	0.0	4.0
0.14996866051940214	0.9467539044957949	0.03467836178391282	18.0	0.0	0.0	4.0
0.30130828928025083	0.6378401568028566	0.03136948001603585	5.0	0.0	0.0	4.0
0.4575804025698123	0.4708450270060522	0.0341655400780656	46.0	0.0	0.0	4.0
0.7146274929948748	0.6664105918252368	0.030605403754864452	61.0	0.0	0.0	4.0
0.4970121466740618	0.19854968108225715	0.032698407064365394	25.0	0.0	0.0	4.0
0.034170470345736864	0.5831713394980209	0.03735830635255152	74.0	0.0	0.0	4.0
0.7764751577188083	0.7168527818334054	0.03442863946170397	67.0	0.0	0.0	4.0
0.1130371580601578	0.5421565039015199	0.035138593776390684	27.0	0.0	1.7037707564782067e-05	4.0
0.2841010302281796	0.7402950128580997	0.03250413524402058	60.0	0.0	0.0	4.0
0.817184227606561	0.25613361064421086	0.031030367554848646	20.0	0.0	0.0	4.0
0.07087399579274499	0.7351146762358063	0.03608164755089202	56.0	0.0	0.008099109819440287	4.0
0.9629009693297794	0.6325810033067263	0.03381836380447291	34.0	0.0	0.0	4.0
0.4671159615680247	0.06635995421104528	0.03052302256383026	40.0	0.0	0.0	4.0
0.9504045345554313	0.49576576549490653	0.0314738380414402	15.0	0.0	0.0	4.0
0.2745629323212386	0.15802792042776717	0.03382001490563169	70.0	0.0	0.0	4.0
0.44388309888511146	0.6789705104211514	0.03384341947340816	62.0	0.0	0.0	4.0
0.4309292634512198	0.1408695126112454	0.03538995294098938	8.0	0.0	0.00037950418921184337	4.0
0.0641837208598072	0.9746392718683513	0.031740420386785574	35.0	0.0	0.0	4.0
0.395635214807388	0.40203462840347803	0.0358894925609706	52.0	0.0	0.004504088704081255	4.0
0.47649598622915884	0.8844176609738255	0.04070504087052246	32.0	0.0	0.0	4.0
0.28347949841814596	0.5310609331236699	0.039941252931914924	44.0	0.0	0.0	4.0
0.5019816015644665	0.9571103275968725	0.03013026804743488	54.0	0.0	0.0	4.0
0.11758778035235962	0.8012795235109895	0.030710783637252864	39.0	0.0	0.0	4.0
0.33444187685146143	0.5741609911417558	0.0312517513625992	19.0	0.0	0.0	4.0
0.6598619830237026	0.7622742354202757	0.03720232443702059	72.0	0.0	0.0	4.0
0.15280888316547625	0.4633711397932334	0.03174651963072506	71.0	0.0	0.0	4.0
0.3496161889575179	0.21770257862632897	0.03247119316599848	42.0	0.0	0.0	4.0
0.8613310039525315	0.3325999410718083	0.03512691615354173	53.0	0.0	1.3083703038319072e-05	4.0
0.8180774390334992	0.5274360273445391	0.04083758800665308	2.0	0.0	0.0	4.0
0.2400911212315319	0.3126987872136597	0.03274355142622639	9.0	0.0	0.0	4.0
0.034006216122920666	0.8942661509467972	0.03468584493292209	55.0	0.0	0.0	4.0
0.4991065861446657	0.1301740890031215	0.033027711726961596	38.0	0.0	0.0	4.0
0.18622466919249747	0.6933666398156257	0.03303983348887697	41.0	0.0	0.0	4.0
0.913358741599779	0.2205885938803481	0.0345253468122935	17.0	0.0	0.0	4.0
0.26947988915909427	0.8203160536886197	0.035015171757155815	64.0	0.0	2.2350519657265977e-08	4.0
0.9869770526449894	0.8209495409215046	0.03427550446740321	36.0	0.0	0.0	4.0
0.8071560333347102	0.8387879992151918	0.033996069026812244	37.0	0.0	0.0	4.0
0.3404747576983205	0.8179088782247284	0.03295323804712984	12.0	0.0	0.0	4.0
0.7474045377379998	0.15377063607854963	0.03247720245192436	21.0	0.0	0.0	4.0
0.041888032497499554	0.06942602621612964	0.030841012472950916	57.0	0.0	0.0	4.0
0.1970008662140018	0.8867122714844788	0.03268304550016406	50.0	0.0	0.0	4.0
0.13505276762722632	0.04945683397339874	0.03449566409404201	28.0	0.0	0.0	4.0
0.6957619024844409	0.9158048924818201	0.032476350131142445	69.0	0.0	0.0	4.0
0.21693491479407878	0.09492182109477934	0.0335371830721471	16.0	0.0	0.0	4.0
0.19068088115283854	0.6132821078281386	0.033166667039948125	31.0	0.0	0.0	4.0
0.1905576312418315	0.7835076093015011	0.03458499325427707	47.0	0.0	0.0	4.0
0.4060831448309919	0.5344374930190171	0.03539468420527622	23.0	0.0	0.00039348593618626637	4.0
0.4626382393715611	0.065132412111709	0.030553545586394087	40.0	0.0	0.0	5.0
0.9114634639917182	0.22067815228598903	0.03455987215910579	17.0	0.0	0.0	5.0
0.8931058527632082	0.5354942711936118	0.033949017219921294	26.0	0.0	0.0	5.0
0.8730313661889256	0.45486653451372366	0.03630736812138265	63.0	0.0	0.014301238421438711	5.0
0.9500117230289352	0.49010275804528786	0.03150531187948164	15.0	0.0	0.0	5.0
0.1511548317043366	0.9454785866996053	0.03471304014569673	18.0	0.0	0.0	5.0
0.28527974042316456	0.7444406657535337	0.0325366393792646	60.0	0.0	0.0	5.0
0.1973185082079729	0.8837557779605268	0.032715728545664215	50.0	0.0	0.0	5.0
0.7711246970068338	0.9274962851035893	0.034708146908845154	51.0	0.0	0.0	5.0
0.750063359640971	0.156259258405156	0.03250967965437628	21.0	0.0	0.0	5.0
0.8728113952660915	0.7865586302991696	0.0337654303033896	33.0	0.0	0.0	5.0
0.7849881407632396	0.4416344726920627	0.03522967316033822	24.0	0.0	7.75373070069918e-05	5.0
0.30107256282116196	0.6374425370143575	0.03140084949605188	5.0	0.0	0.0	5.0
0.5751759519511178	0.15874149910725138	0.031452727467719745	1.0	0.0	0.0	5.0
0.844214898421371	0.6904198038706615	0.03372603823547951	43.0	0.0	0.0	5.0
0.2783343548623196	0.9056253967496171	0.03214037820229073	4.0	0.0	0.0	5.0
0.2770922692412766	0.15743623760911807	0.03385383492053732	70.0	0.0	0.0	5.0
0.04272516385706063	0.07070596133093159	0.030871853485423862	57.0	0.0	0.0	5.0
0.6942262237182547	0.20444299542297104	0.028433877224630647	6.0	0.0	0.0	5.0
0.779779541066776	0.7166757817273574	0.03446306810116567	67.0	0.0	0.0	5.0
0.37723765505410023	0.7095519759281398	0.03342548025578901	59.0	0.0	0.0	5.0
0.11202474898663102	0.8772448030674187	0.0341908288024613	30.0	0.0	0.0	5.0
0.07424781260740809	0.9725508031875716	0.03177216080717236	35.0	0.0	0.0	5.0
0.49504248375480486	0.19962702843089888	0.03273110547142975	25.0	0.0	0.0	5.0
0.4517742097525889	0.604418500035191	0.0327565011415518	58.0	0.0	0.0	5.0
0.1342277100441378	0.04907718554802185	0.03453015975813605	28.0	0.0	0.0	5.0
0.3404452354307983	0.8183771802667056	0.03298619128517696	12.0	0.0	0.0	5.0
0.38241660943861977	0.6239718222935632	0.030489354612778782	65.0	0.0	0.0	5.0
0.5712815780001205	0.08427168204058362	0.03323115202318237	14.0	0.0	0.0	5.0
0.34942890173617247	0.2178381110377212	0.03250366435916448	42.0	0.0	0.0	5.0
0.39956466976714283	0.2738426550040004	0.030402972318336996	66.0	0.0	0.0	5.0
0.9633446157727157	0.6323198741038487	0.03385218216827738	34.0	0.0	0.0	5.0
0.4470626632927951	0.6792414037075416	0.033877262892881566	62.0	0.0	0.0	5.0
0.2830170922258947	0.5243946070745662	0.038343602814638326	44.0	0.0	0.0	5.0
0.39418930073223984	0.40097434313370756	0.03592538205353157	52.0	0.0	0.005071578968113499	5.0
0.2396753658017786	0.31250109751718647	0.032776294977652616	9.0	0.0	0.0	5.0
0.6584941134317873	0.7615592766787619	0.035652227585478063	72.0	0.0	0.0	5.0
0.3353657471082327	0.5789941689023717	0.031283003113961795	19.0	0.0	0.0	5.0
0.11684183477763356	0.8033069004496368	0.030741494420890112	39.0	0.0	0.0	5.0
0.5922035682962515	0.7419628880034224	0.029778183304939497	22.0	0.0	0.0	5.0
0.03560384250515086	0.89511404770449	0.034720530777855	55.0	0.0	0.0	5.0
0.3431943679222263	0.47394595242982845	0.03509218357477453	75.0	0.0	5.013495282923941e-06	5.0
0.7131118997114205	0.6646069419350478	0.030636009158619314	61.0	0.0	0.0	5.0
0.8187630239507351	0.2523640806613785	0.03106139792240349	20.0	0.0	0.0	5.0
0.8642907889638538	0.32553316619353656	0.03516204306969527	53.0	0.0	2.7231487138124066e-05	5.0
0.5098819778208108	0.13271886914516154	0.033060739438688556	38.0	0.0	0.0	5.0
0.1864001717796904	0.6915137517241587	0.033072873322365845	41.0	0.0	0.0	5.0
0.2671633890212887	0.8184789099020371	0.035050186928912964	64.0	0.0	8.090061811572014e-07	5.0
0.45742622947182326	0.4712809070725996	0.03419970561814366	46.0	0.0	0.0	5.0
0.032543034149422445	0.8203103699268721	0.036238582841696065	68.0	0.0	0.012160604162204436	5.0
0.4777999317568283	0.8886003862833546	0.03907683923570156	32.0	0.0	0.0	5.0
0.5101049551776143	0.34373672706793207	0.034477744000306315	11.0	0.0	0.0	5.0
0.21559387505949848	0.21648850537053602	0.033614309888440747	48.0	0.0	0.0	5.0
0.9108041044435182	0.8487781562118696	0.0314740167915421	29.0	0.0	0.0	5.0
0.2421457290210204	0.033042796228848564	0.031459666087370705	49.0	0.0	0.0	5.0
0.42017957044513266	0.14161516808833835	0.035425342893930366	8.0	0.0	0.0004924901158318562	5.0
0.18632791988386194	0.7841925515988803	0.03461957824753135	47.0	0.0	0.0	5.0
0.2188552677466392	0.0945233154871152	0.03357072025521924	16.0	0.0	0.0	5.0
0.034272190454175726	0.5833559270004464	0.03586397409844946	74.0	0.0	0.0	5.0
0.4058873441487945	0.5342740119885789	0.03543007888948149	23.0	0.0	0.0005091249153537092	5.0
0.7707006888934855	0.5757787171510965	0.032168483271732544	13.0	0.0	0.0	5.0
0.47871778681229715	0.26386431278171285	0.031982682104461306	7.0	0.0	0.0	5.0
0.8141085065530752	0.522712751838746	0.03920408448638696	2.0	0.0	0.0	5.0
0.06736923270463883	0.7398006831091403	0.03611772919844291	56.0	0.0	0.008936958936601513	5.0
0.6853869819903335	0.9130284631151808	0.03250882648127358	69.0	0.0	0.0	5.0
0.1548885016464547	0.464685036241965	0.03177826615035578	71.0	0.0	0.0	5.0
0.5206669360187198	0.025225128357241628	0.023574328904759433	3.0	0.0	0.0	5.0
0.15883558687873778	0.2828021493650025	0.03219493937680351	73.0	0.0	0.0	5.0
0.9887987696209307	0.8211510666699088	0.03430977997187061	36.0	0.0	0.0	5.0
0.7039523136495275	0.5180984244417258	0.033915744370317476	10.0	0.0	0.0	5.0
0.10746439656052444	0.541575512308558	0.03517373237016707	27.0	0.0	3.3560019758738235e-05	5.0
0.8060293796094068	0.842105584404224	0.03403006509583905	37.0	0.0	0.0	5.0
0.18875857801330242	0.6116355907687125	0.03319983370698807	31.0	0.0	0.0	5.0
0.07962941143808207	0.19101410642880923	0.033257756596576565	45.0	0.0	0.0	5.0
0.5025072246570176	0.957141802591022	0.030160398315482312	54.0	0.0	0.0	5.0
0.8225045773094191	0.2518304972286081	0.03109245932032589	20.0	0.0	0.0	6.0
0.853195906312584	0.6859441548466482	0.033759764273714986	43.0	0.0	0.0	6.0
0.6615914919260729	0.759463125830923	0.034102130733935546	72.0	0.0	0.0	6.0
0.4487485602585347	0.6801635394742077	0.03391114015577444	62.0	0.0	0.0	6.0
0.34293380674930773	0.8230307672341542	0.03301917747646214	12.0	0.0	0.0	6.0
0.27979289262492	0.9018810746463612	0.03217251858049302	4.0	0.0	0.0	6.0
0.2665107281794604	0.8161272477597489	0.035085237115841876	64.0	0.0	3.963384557437166e-06	6.0
0.963222954775864	0.6371499085764433	0.033886034350445654	34.0	0.0	0.0	6.0
0.589907155253186	0.7468318700122744	0.029807961488244432	22.0	0.0	0.0	6.0
0.3435405440341377	0.47351226155047216	0.035127275758349306	75.0	0.0	1.319523272513834e-05	6.0
0.18662416087847833	0.7846851500120303	0.034654197825778874	47.0	0.0	0.0	6.0
0.3328999853141068	0.5773703518777858	0.031314286117075756	19.0	0.0	0.0	6.0
0.6865964279189898	0.9129483952323287	0.032541335307754854	69.0	0.0	0.0	6.0
0.4177059741370804	0.14058828956170116	0.03546076823682429	8.0	0.0	0.0006260767465562367	6.0
0.3756974246509109	0.7097223624858855	0.03345890573604479	59.0	0.0	0.0	6.0
0.5108483649582004	0.34791012120292275	0.03451222174430662	11.0	0.0	0.0	6.0
0.3052211690732357	0.6396442969685009	0.03143225034554793	5.0	0.0	0.0	6.0
0.24176597420925752	0.03225058503905122	0.031491125753458075	49.0	0.0	0.0	6.0
0.04272516385706063	0.07174174713724178	0.03090272533890928	57.0	0.0	0.0	6.0
0.03213540919016611	0.8217440315680304	0.03627482142453776	68.0	0.0	0.013259527083278044	6.0
0.15654659424856243	0.46644538769407906	0.03181004441650614	71.0	0.0	0.0	6.0
0.7127957521863326	0.6600491688836263	0.03066664516777793	61.0	0.0	0.0	6.0
0.49930572095743736	0.9579978429176657	0.03019055871379779	54.0	0.0	0.0	6.0
0.8928487818300653	0.5351550313286928	0.03398296623714121	26.0	0.0	0.0	6.0
0.45905505753157205	0.6104201539284384	0.032789257642693345	58.0	0.0	0.0	6.0
0.8709695891555901	0.4593846176559391	0.036343675489504026	63.0	0.0	0.01552612789497232	6.0
0.12125702059398988	0.8769831736163044	0.03422501963126376	30.0	0.0	0.0	6.0
0.4541474495702578	0.4664687212069248	0.0342339053237618	46.0	0.0	0.0	6.0
0.5097373623083226	0.1327536604869609	0.03309380017812724	38.0	0.0	0.0	6.0
0.06919174753255042	0.9720879548018042	0.03180393296797952	35.0	0.0	0.0	6.0
0.5182113552978734	0.026050432705477758	0.02359790323366419	3.0	0.0	0.0	6.0
0.24176135894810757	0.31252079752389794	0.03280907127263027	9.0	0.0	0.0	6.0
0.7690741022493501	0.5764419972583795	0.03220065175500427	13.0	0.0	0.0	6.0
0.21188396744163462	0.21970687807646494	0.03364792419832918	48.0	0.0	0.0	6.0
0.9886675353130092	0.8211639139159082	0.03434408975184248	36.0	0.0	0.0	6.0
0.12024650041176344	0.7983099551426078	0.030772235915311	39.0	0.0	0.0	6.0
0.186037282718714	0.6915678366415122	0.033105946195688206	41.0	0.0	0.0	6.0
0.8126903161426379	0.5206866119685535	0.037570580966120835	2.0	0.0	0.0	6.0
0.5743645508481375	0.16271436834550218	0.031484180195187464	1.0	0.0	0.0	6.0
0.15816779318238622	0.2832854054533188	0.03222713431618031	73.0	0.0	0.0	6.0
0.036744274171709876	0.5823296764043723	0.03436964184434739	74.0	0.0	0.0	6.0
0.8738438804151809	0.7863713577872389	0.033799195733692985	33.0	0.0	0.0	6.0
0.1487642479567099	0.9528203162483496	0.034747753185842424	18.0	0.0	0.0	6.0
0.48051284426203084	0.8886601755817989	0.03744863760088066	32.0	0.0	0.0	6.0
0.06676947848841361	0.7394476692556563	0.03615384692764135	56.0	0.0	0.009831608309681883	6.0
0.133842084413274	0.04868296755698391	0.03456468991789419	28.0	0.0	0.0	6.0
0.7500811781433502	0.15673073917562605	0.032542189334030656	21.0	0.0	0.0	6.0
0.2776329227913843	0.15805551489870479	0.033887688755457855	70.0	0.0	0.0	6.0
0.28205421238708384	0.5245011247623862	0.03674595269736172	44.0	0.0	0.0	6.0
0.7013719326788334	0.514693262756443	0.03394966011468779	10.0	0.0	0.0	6.0
0.3982795491739851	0.2721016515579368	0.03043337529065533	66.0	0.0	0.0	6.0
0.9086892397191686	0.8541079269545233	0.03150549080833364	29.0	0.0	0.0	6.0
0.9564322857017201	0.48834259726789636	0.031536817191361116	15.0	0.0	0.0	6.0
0.34346050068703965	0.21698695655329958	0.03253616802352364	42.0	0.0	0.0	6.0
0.7830598074591727	0.4428527876394238	0.035264902833498556	24.0	0.0	0.00011897063649257689	6.0
0.5714809742488177	0.08290430125969289	0.03326438317520555	14.0	0.0	0.0	6.0
0.03869108499438599	0.8938777605464169	0.034755251308632856	55.0	0.0	0.0	6.0
0.9140778636060043	0.21959282125795526	0.034594432031264895	17.0	0.0	0.0	6.0
0.38280780606273507	0.6237415649247731	0.030519843967391557	65.0	0.0	0.0	6.0
0.8613999956337438	0.3246219804540396	0.03519720511276496	53.0	0.0	4.908338263476253e-05	6.0
0.6958093553045686	0.20459797685473916	0.028462311101855275	6.0	0.0	0.0	6.0
0.39328526186253193	0.4003625348426919	0.035961307435585094	52.0	0.0	0.005685476628329411	6.0
0.8080326979829181	0.8446480160226494	0.034064095160934886	37.0	0.0	0.0	6.0
0.18959131693396233	0.6126654835019768	0.03323303354069505	31.0	0.0	0.0	6.0
0.08061630081333525	0.18280327420705778	0.03329101435317314	45.0	0.0	0.0	6.0
0.1090166736636516	0.5389571550150112	0.035208906102537234	27.0	0.0	5.83489915015889e-05	6.0
0.7727257428604183	0.7212648026377808	0.034497531169266835	67.0	0.0	0.0	6.0
0.49746259140697957	0.19765757429591083	0.03276383657690118	25.0	0.0	0.0	6.0
0.7696948859487135	0.9294079990418747	0.034742855055753995	51.0	0.0	0.0	6.0
0.20125790027799986	0.8842418523406379	0.03274844427420988	50.0	0.0	0.0	6.0
0.2854005119245479	0.7468365051427851	0.032569176018643856	60.0	0.0	0.0	6.0
0.47826873499997685	0.2674117391968884	0.03201466478656576	7.0	0.0	0.0	6.0
0.40611987165269486	0.5349314165889678	0.035465508968370967	23.0	0.0	0.0006456009059974122	6.0
0.4621318101358307	0.06404089392293942	0.03058409913198048	40.0	0.0	0.0	6.0
0.22025011246963402	0.0944837875708247	0.03360429097547445	16.0	0.0	0.0	6.0
0.15537803447015558	0.2818272530169957	0.03225936145049649	73.0	0.0	0.0	7.0
0.5794156994070758	0.16912483209176113	0.03151566437538265	1.0	0.0	0.0	7.0
0.377857784619845	0.7098790495238962	0.033492364641780834	59.0	0.0	0.0	7.0
0.6861357191751268	0.9190349075510204	0.032573876643062605	69.0	0.0	0.0	7.0
0.03181010805233911	0.8222553424470884	0.03631109624596229	68.0	0.0	0.014423932974736431	7.0
0.10725231071262417	0.537593727068979	0.03524411500863977	27.0	0.0	9.310294494468963e-05	7.0
0.4036285851689042	0.5321843352218187	0.03550097447733933	23.0	0.0	0.0008046866133639696	7.0
0.4741199167098903	0.2766642636283518	0.032046679451352325	7.0	0.0	0.0	7.0
0.06516470074640401	0.9761532123788508	0.0318357369009475	35.0	0.0	0.0	7.0
0.7716543215971213	0.7191669200916193	0.0345320287004361	67.0	0.0	0.0	7.0
0.24638782672389278	0.03152261687921153	0.03152261687921153	49.0	0.0	0.0	7.0
0.06726041807239798	0.738353662580332	0.036190000774568985	56.0	0.0	0.010785038659861357	7.0
0.03938118747497506	0.89449182752239	0.03479000655994149	55.0	0.0	0.0	7.0
0.506538488505902	0.19828141360591336	0.03279660041347807	25.0	0.0	0.0	7.0
0.8934898591249869	0.533899778223469	0.034016949203378354	26.0	0.0	0.0	7.0
0.9878700912301985	0.8219103110877101	0.034378433841594315	36.0	0.0	0.0	7.0
0.7692794243785027	0.9296284939725079	0.03477759791080975	51.0	0.0	0.0	7.0
0.24308832024372018	0.31129436076712586	0.032841880343902896	9.0	0.0	0.0	7.0
0.21779113445007744	0.10528796094838243	0.033637895266449926	16.0	0.0	0.0	7.0
0.08242581557614749	0.18472438641531996	0.033324305367526307	45.0	0.0	0.0	7.0
0.30536800767745204	0.639662415115223	0.03146368259589348	5.0	0.0	0.0	7.0
0.7504495501734414	0.15676680113354566	0.03257473152336468	21.0	0.0	0.0	7.0
0.9164777643516719	0.219188669585229	0.03462902646329616	17.0	0.0	0.0	7.0
0.5897508947519703	0.7468865873665922	0.02983776944973267	22.0	0.0	0.0	7.0
0.39783421610296804	0.2708169289850709	0.03046380866594598	66.0	0.0	0.0	7.0
0.21221001720786994	0.22021936565552494	0.03368157212252751	48.0	0.0	0.0	7.0
0.9089055802941544	0.852307992525693	0.03153699629914197	29.0	0.0	0.0	7.0
0.7687259418171845	0.5765839681085836	0.03223285240675927	13.0	0.0	0.0	7.0
0.806521959292775	0.8452419828770122	0.034098159256095814	37.0	0.0	0.0	7.0
0.6617015474575393	0.7599693916903946	0.03255203388239302	72.0	0.0	0.0	7.0
0.5755526357321714	0.08474689465025456	0.03329764755838076	14.0	0.0	0.0	7.0
0.2858671797850553	0.7462667266700036	0.032601745194662496	60.0	0.0	0.0	7.0
0.1366782820082245	0.04770982493917064	0.034599254607812074	28.0	0.0	0.0	7.0
0.28101404173225236	0.5249100815832328	0.03514830258008513	44.0	0.0	0.0	7.0
0.4554785826466628	0.6064370012362869	0.032822046900336035	58.0	0.0	0.0	7.0
0.4186325843523197	0.13080549911564807	0.035496229005061115	8.0	0.0	0.0007820353969663074	7.0
0.8185888789709879	0.5131029551954362	0.03593707744585471	2.0	0.0	0.0	7.0
0.34489081761188234	0.8234755907492419	0.0330521966539386	12.0	0.0	0.0	7.0
0.5078946521169599	0.11943546761233444	0.033126893978305365	38.0	0.0	0.0	7.0
0.8531909894537396	0.6859682292990736	0.033793524037988694	43.0	0.0	0.0	7.0
0.7795488422872152	0.4357590740248028	0.03530016773633205	24.0	0.0	0.00017309001047749462	7.0
0.2782107478711386	0.9033250002841525	0.03220469109907351	4.0	0.0	0.0	7.0
0.48022388291420776	0.8889748027787713	0.035820435966059765	32.0	0.0	0.0	7.0
0.27648448127279174	0.15806636071843522	0.03392157644421331	70.0	0.0	0.0	7.0
0.4628239629370705	0.06550843459328601	0.030614683231112456	40.0	0.0	0.0	7.0
0.955813205994407	0.4924085580206883	0.03156835400855247	15.0	0.0	0.0	7.0
0.030271694091351668	0.5804673221972927	0.03287530959024534	74.0	0.0	0.0	7.0
0.1570096618121322	0.46746013260531055	0.03184185446092264	71.0	0.0	0.0	7.0
0.147724402871538	0.9536774678456966	0.034782500939028266	18.0	0.0	0.0	7.0
0.5081139685375422	0.3479359446951685	0.03454673396605092	11.0	0.0	0.0	7.0
0.26129042772991334	0.8176649356049994	0.035120322352957714	64.0	0.0	1.1148563771712361e-05	7.0
0.38295094494466836	0.6235001204463708	0.030550363811358946	65.0	0.0	0.0	7.0
0.8620227666687482	0.32403167550412065	0.03523240231787772	53.0	0.0	8.033436026266827e-05	7.0
0.5183958428079274	0.026454710130071703	0.02362150113689785	3.0	0.0	0.0	7.0
0.6964523219682919	0.20471042193538888	0.028490773412957127	6.0	0.0	0.0	7.0
0.2005917601917612	0.8859206235174731	0.032781192718484085	50.0	0.0	0.0	7.0
0.868519349125306	0.45922240657476887	0.036380019164993525	63.0	0.0	0.016820361567752684	7.0
0.44697128984329176	0.6944884595816571	0.033945051295930215	62.0	0.0	0.0	7.0
0.8734111389307891	0.7869350112563677	0.03383299492942667	33.0	0.0	0.0	7.0
0.3449611774848044	0.4729640219273688	0.03516240303410765	75.0	0.0	2.7413367618578377e-05	7.0
0.044133132309681966	0.07148636933439959	0.030933628064248188	57.0	0.0	0.0	7.0
0.12078717726029688	0.799014196340518	0.030803008151226306	39.0	0.0	0.0	7.0
0.34264362028466716	0.21723879669251933	0.03256870419154716	42.0	0.0	0.0	7.0
0.1838343543910541	0.6942232225211041	0.03313905214188389	41.0	0.0	0.0	7.0
0.39167905539399184	0.4016199760246673	0.03599726874302067	52.0	0.0	0.006347702963083179	7.0
0.7124095787081284	0.6582172477668571	0.030697311812945705	61.0	0.0	0.0	7.0
0.6988307147173093	0.5202619706462978	0.03398360977480247	10.0	0.0	0.0	7.0
0.9623380675352158	0.6373510411610236	0.0339199203847961	34.0	0.0	0.0	7.0
0.1852458541178358	0.7810106557162043	0.034688852023604645	47.0	0.0	0.0	7.0
0.11923685897549484	0.8783689409861842	0.03425924465089502	30.0	0.0	0.0	7.0
0.19055143412808434	0.6127351190819049	0.033266266574235745	31.0	0.0	0.0	7.0
0.45344692162166766	0.4655680673228041	0.03426813922908555	46.0	0.0	0.0	7.0
0.8217811672917713	0.25285029114837393	0.03112355177964621	20.0	0.0	0.0	7.0
0.33311278707227493	0.5770008736258829	0.03134560040319283	19.0	0.0	0.0	7.0
0.4961284176236753	0.9609717570433033	0.030220749272511584	54.0	0.0	0.0	7.0
0.4013159730200784	0.5374258419745258	0.035536475451816665	23.0	0.0	0.0009881651572385408	8.0
0.02825960722502678	0.5823506090368556	0.03138097733614328	74.0	0.0	0.0	8.0
0.9166480158426777	0.21842858181643018	0.03466365548975945	17.0	0.0	0.0	8.0
0.6640010799314204	0.7356233055051631	0.017448063945507693	76.0	72.0	0.0	8.0
0.7679436652569338	0.5762592170572507	0.03226508525916603	13.0	0.0	0.0	8.0
0.6967269831012333	0.20435729595847607	0.02851926418637008	6.0	0.0	0.0	8.0
0.8185476824514306	0.511794684204232	0.03430357392558859	2.0	0.0	0.0	8.0
0.06512938058288795	0.9765026591049185	0.031867572637848444	35.0	0.0	0.0	8.0
0.1521919531270266	0.28367566381365233	0.03229162081194698	73.0	0.0	0.0	8.0
0.28116152440311437	0.5253270463924532	0.033550652462808535	44.0	0.0	0.0	8.0
0.8558690172917257	0.6819293873457707	0.03382731756202668	43.0	0.0	0.0	8.0
0.24895929937482508	0.031155898815128598	0.03155413949609074	49.0	0.0	0.0	8.0
0.7803616604695272	0.4350078312427744	0.03533546790406838	24.0	0.0	0.0002416200110957334	8.0
0.14773346941511006	0.9543974794192367	0.03481728343996729	18.0	0.0	0.0	8.0
0.8611448385608501	0.3289602359187511	0.0352676347201956	53.0	0.0	0.00012268948260896195	8.0
0.2567192887037754	0.8143129304901793	0.03515544267531067	64.0	0.0	2.4037580999447528e-05	8.0
0.07871589053516936	0.18706830544709743	0.03335762967289383	45.0	0.0	0.0	8.0
0.4529349970768671	0.6049826616264836	0.03285486894723637	58.0	0.0	0.0	8.0
0.24744759933405977	0.3100992891723819	0.0328747222242468	9.0	0.0	0.0	8.0
0.4192323798816005	0.13226325857574261	0.03553172523406617	8.0	0.0	0.0009621477914265597	8.0
0.7528948003976068	0.1576577681182191	0.032607306254888044	21.0	0.0	0.0	8.0
0.1383738219374731	0.04281843338963598	0.034633853862419885	28.0	0.0	0.0	8.0
0.4477306663338188	0.6947121409599106	0.03397899634722614	62.0	0.0	0.0	8.0
0.27706677810545166	0.9017336674764811	0.032236895790172575	4.0	0.0	0.0	8.0
0.804397631635434	0.8469930810653327	0.034132257415351905	37.0	0.0	0.0	8.0
0.9907326400834302	0.8196401131482938	0.034412812275435904	36.0	0.0	0.0	8.0
0.8726443404882545	0.7878833518758009	0.033866827924356094	33.0	0.0	0.0	8.0
0.213472951506268	0.22308179057906422	0.03371525369465003	48.0	0.0	0.0	8.0
0.5072781066131722	0.3456192840580088	0.03458128070001697	11.0	0.0	0.0	8.0
0.7130616433779872	0.657356760243756	0.03072800912475865	61.0	0.0	0.0	8.0
0.12314945591493512	0.7995511361781387	0.030833811159377528	39.0	0.0	0.0	8.0
0.06742926596719526	0.7376419768571643	0.03622619077534355	56.0	0.0	0.01179924198008564	8.0
0.3784728129442869	0.7098926040015918	0.03352585700642261	59.0	0.0	0.0	8.0
0.4832934983214204	0.8789055789361283	0.034192234331238865	32.0	0.0	0.0	8.0
0.3445191281878355	0.4736398948488667	0.03519756543714175	75.0	0.0	4.935292342622688e-05	8.0
0.1537717774598458	0.46753149164600794	0.03187369631538356	71.0	0.0	0.0	8.0
0.9145568543947034	0.8504481519343956	0.03156853329544111	29.0	0.0	0.0	8.0
0.3957492727434126	0.27538577774658896	0.030494272474611922	66.0	0.0	0.0	8.0
0.12381351542766492	0.8766027539326317	0.03429350389554591	30.0	0.0	0.0	8.0
0.34119049377633087	0.22090088961994622	0.0326012728957387	42.0	0.0	0.0	8.0
0.18546728555043068	0.6922294940026343	0.03317219119402577	41.0	0.0	0.0	8.0
0.45298253246778103	0.46361068946380335	0.034302407368314636	46.0	0.0	0.0	8.0
0.20273899343662463	0.8872397060730548	0.03281397391120257	50.0	0.0	0.0	8.0
0.7682210442463095	0.719199343777657	0.03456656072913653	67.0	0.0	0.0	8.0
0.5135880246879664	0.11869655409673724	0.03316002087228367	38.0	0.0	0.0	8.0
0.6600222175527104	0.7841786080071869	0.017448063945507693	77.0	72.0	0.0	8.0
0.19089633411037377	0.6120156189811368	0.03329953284080998	31.0	0.0	0.0	8.0
0.5790302875603623	0.17054826214870983	0.031547180039758024	1.0	0.0	0.0	8.0
0.9626428728672134	0.6354304890783398	0.033953840305180887	34.0	0.0	0.0	8.0
0.21720552932400017	0.10623452873447588	0.03367153316171637	16.0	0.0	0.0	8.0
0.8684797898320491	0.45906454291125814	0.03641639918415852	63.0	0.0	0.01818599124959519	8.0
0.03853157176432488	0.8947305058565169	0.03482479656650143	55.0	0.0	0.0	8.0
0.9545562259746129	0.49121710645032357	0.03159992236256102	15.0	0.0	0.0	8.0
0.7693533429685926	0.930076029653049	0.03481237550872055	51.0	0.0	0.0	8.0
0.3892232532858219	0.401457396722157	0.03603326601176369	52.0	0.0	0.007060190278352252	8.0
0.3332339957258523	0.5763443917490743	0.031376946003596015	19.0	0.0	0.0	8.0
0.686314755568295	0.9186359439806715	0.03260645051970566	69.0	0.0	0.0	8.0
0.8255985170392555	0.2579542387490937	0.031154675331425855	20.0	0.0	0.0	8.0
0.03134968595529197	0.8221291203451375	0.03634740734220825	68.0	0.0	0.01565585183800522	8.0
0.3828808832507031	0.6233059386516869	0.030580914175170303	65.0	0.0	0.0	8.0
0.4935149666669232	0.9571360583589505	0.030250970021784094	54.0	0.0	0.0	8.0
0.04640984465436079	0.07080013614309144	0.03096456169231243	57.0	0.0	0.0	8.0
0.27735333137166196	0.15394472903407183	0.03395549802065752	70.0	0.0	0.0	8.0
0.5940121267398403	0.7475766339868984	0.029867607219182402	22.0	0.0	0.0	8.0
0.28540347744668054	0.7468402121368669	0.03263434693985715	60.0	0.0	0.0	8.0
0.47537519425065844	0.2746063972168372	0.032078726130803675	7.0	0.0	0.0	8.0
0.464641680530339	0.06685904197447938	0.030645297914343565	40.0	0.0	0.0	8.0
0.10725231071262417	0.5381995715273034	0.03527935912364841	27.0	0.0	0.0001395303080045096	8.0
0.8943031983641494	0.5348554215076846	0.03405096615258173	26.0	0.0	0.0	8.0
0.5060379212301213	0.19945576242384672	0.03282939701389155	25.0	0.0	0.0	8.0
0.18654936220284668	0.7820578626583169	0.03472354087562825	47.0	0.0	0.0	8.0
0.3379235229969889	0.8227492112698387	0.03308524885059253	12.0	0.0	0.0	8.0
0.5803160587690814	0.090792203025153	0.033330945205939135	14.0	0.0	0.0	8.0
0.7008844039351463	0.5243464515453506	0.03401759338457727	10.0	0.0	0.0	8.0
0.5181294440245312	0.026663264140799222	0.023645122638034744	3.0	0.0	0.0	8.0
0.30657688044228015	0.6416725650150558	0.03149514627848937	5.0	0.0	0.0	8.0
0.0684459593749299	0.7370435536231685	0.03626241696611889	56.0	0.0	0.012876221581251457	9.0
0.8262666432128821	0.258330690027307	0.031185830006757276	20.0	0.0	0.0	9.0
0.10725904884176948	0.538216552605651	0.035314638482772054	27.0	0.0	0.00019934965644097247	9.0
0.6612492782969193	0.7368686083194069	0.017465512009453198	76.0	0.0	0.0	9.0
0.30787353133046974	0.6425148133972144	0.03152664142476786	5.0	0.0	0.0	9.0
0.46407276484499055	0.06640785274320336	0.030675943212257906	40.0	0.0	0.0	9.0
0.9200608235405161	0.8514107123429098	0.03160010182873655	29.0	0.0	0.0	9.0
0.4188145067833366	0.13122919463311064	0.035567256959300235	8.0	0.0	0.0011682061062145976	9.0
0.34473209819183714	0.4730496308222593	0.03523276300257889	75.0	0.0	8.070897401069033e-05	9.0
0.6955596131158258	0.20583881701900456	0.02854778345055645	6.0	0.0	0.0	9.0
0.44897373747583835	0.6945028034353184	0.034012975343573365	62.0	0.0	0.0	9.0
0.8745743304048509	0.783983912525963	0.03390069475228045	33.0	0.0	0.0	9.0
0.68937851867531	0.9198852676054766	0.032639056970225365	69.0	0.0	0.0	9.0
0.274081727248682	0.7432715663886182	0.03266698128679701	60.0	0.0	0.0	9.0
0.1378004862025307	0.04349208150387522	0.0346684877162823	28.0	0.0	0.0	9.0
0.19207005946483752	0.782460555979219	0.03475826441650387	47.0	0.0	0.0	9.0
0.2769253102890576	0.9016871102607789	0.032269132685962744	4.0	0.0	0.0	9.0
0.15220846369946026	0.2831513403223663	0.03232391243275892	73.0	0.0	0.0	9.0
0.04840855402980111	0.0671185107951984	0.03099552625400474	57.0	0.0	0.0	9.0
0.3759627154461048	0.7095989190309071	0.03355938286342903	59.0	0.0	0.0	9.0
0.1543110051110373	0.4674752741437776	0.03190557001169894	71.0	0.0	0.0	9.0
0.12480509474582574	0.8774629564341618	0.03432779739944145	30.0	0.0	0.0	9.0
0.5054209321649088	0.19964597706436066	0.032862226410905436	25.0	0.0	0.0	9.0
0.4925803036698171	0.9570741816883319	0.030281220991805875	54.0	0.0	0.0	9.0
0.7647890222532833	0.9313582616681768	0.03484718788422927	51.0	0.0	0.0	9.0
0.3382173336110652	0.8242862657592311	0.03311833409944312	12.0	0.0	0.0	9.0
0.5082060060115612	0.11736585768120353	0.03319318089315595	38.0	0.0	0.0	9.0
0.21796644624507128	0.10576046013612715	0.03370520469487809	16.0	0.0	0.0	9.0
0.2023050949013529	0.8873615990398168	0.03284678788511377	50.0	0.0	0.0	9.0
0.5165315297428584	0.029320323946181302	0.023668767760672775	3.0	0.0	0.0	9.0
0.24542244916427602	0.3072059982067064	0.03290759694647104	9.0	0.0	0.0	9.0
0.2731427547980655	0.5483820532981225	0.01830445970797453	82.0	44.0	0.0	9.0
0.39415901416869303	0.4047525581922742	0.03606929927777545	52.0	0.0	0.007824881953141016	9.0
0.030172562427481543	0.5603411176037927	0.016520007610104973	84.0	74.0	0.0	9.0
0.5063159965048132	0.34713153627004134	0.03461586198071698	11.0	0.0	0.0	9.0
0.041988582082765694	0.9019512053562069	0.03485962136306792	55.0	0.0	0.0	9.0
0.7831774201010885	0.4353913151654288	0.035370803371972445	24.0	0.0	0.00032629543544260287	9.0
0.3979787533100799	0.27571805911066444	0.03052476674708653	66.0	0.0	0.0	9.0
0.07860767248292339	0.18606105207155962	0.03339098730256672	45.0	0.0	0.0	9.0
0.45339717501095234	0.6052060034142481	0.0328877238161836	58.0	0.0	0.0	9.0
0.33971557034442346	0.21627246995543215	0.03263387416863443	42.0	0.0	0.0	9.0
0.3890412595216544	0.6211922196704348	0.03061149508934547	65.0	0.0	0.0	9.0
0.7674751339911257	0.716511686121122	0.03460112728986566	67.0	0.0	0.0	9.0
0.6997405490707558	0.5236136512079197	0.034051610977961846	10.0	0.0	0.0	9.0
0.47405195645162546	0.2770076250978046	0.032110804856934475	7.0	0.0	0.0	9.0
0.28702321041755174	0.5047428137545933	0.01830445970797453	83.0	44.0	0.0	9.0
0.024150339416361903	0.6043531867000391	0.016520007610104973	85.0	74.0	0.0	9.0
0.5804710283467694	0.08806014772799717	0.03336427615114507	14.0	0.0	0.0	9.0
0.39986508503044155	0.5396441825782684	0.03557201192726848	23.0	0.0	0.001197830115060583	9.0
0.0641871875019848	0.9839458105001239	0.03189944021048629	35.0	0.0	0.0	9.0
0.2553623083946711	0.8137091051246467	0.03519059811798598	64.0	0.0	4.431347396405272e-05	9.0
0.11298708069484446	0.8053080433159899	0.0308646449705369	39.0	0.0	0.0	9.0
0.592617249180861	0.750738106674094	0.029897474826401583	22.0	0.0	0.0	9.0
0.6572049901376775	0.7848940139545564	0.017465512009453198	77.0	0.0	0.0	9.0
0.8157249664017342	0.48553978106359935	0.018715236237402805	79.0	2.0	0.0	9.0
0.24952947094765765	0.028996295697094082	0.031585693635586824	49.0	0.0	0.0	9.0
0.1853296037284729	0.6921822532712819	0.033205363385219795	41.0	0.0	0.0	9.0
0.03638375474955046	0.8119754490920128	0.03638375474955046	68.0	0.0	0.016957325148055702	9.0
0.893505214660509	0.5373061118640668	0.0340850171187343	26.0	0.0	0.0	9.0
0.5793818949709022	0.1706422773836784	0.03157872721979778	1.0	0.0	0.0	9.0
0.45294926077668357	0.46361825203326573	0.03433670977568295	46.0	0.0	0.0	9.0
0.21384821964495113	0.22218580136197003	0.03374896894834468	48.0	0.0	0.0	9.0
0.4600599540304895	0.8884374035141156	0.01963630729561811	81.0	32.0	0.0	9.0
0.33640061994443976	0.577777418752772	0.03140832294959961	19.0	0.0	0.0	9.0
0.15122197505277551	0.9491363231594375	0.034852100723407255	18.0	0.0	0.0	9.0
0.5059878555819826	0.868318006167512	0.01963630729561811	80.0	32.0	0.0	9.0
0.8660956715962985	0.3263725321073717	0.03530290235491579	53.0	0.0	0.00017786394606389422	9.0
0.8521144660551341	0.682440727170334	0.0338611448795887	43.0	0.0	0.0	9.0
0.27793675500235965	0.1547671835988674	0.03398945351867817	70.0	0.0	0.0	9.0
0.9163386176592092	0.2187255708133594	0.03469831914524921	17.0	0.0	0.0	9.0
0.766650358631777	0.5729390722471307	0.03229735034442519	13.0	0.0	0.0	9.0
0.9526123271840601	0.4905501251507235	0.03163152228492357	15.0	0.0	0.0	9.0
0.8039344992575778	0.8503154161876917	0.03416638967276725	37.0	0.0	0.0	9.0
0.19159811736605672	0.6117846613312352	0.033332832373650784	31.0	0.0	0.0	9.0
0.9644403099459253	0.6385972321210713	0.03398779414548606	34.0	0.0	0.0	9.0
0.8672531940438256	0.4596383430446265	0.03645281558334267	63.0	0.0	0.019625080313090848	9.0
0.7521357945773176	0.15926705425895132	0.03263991356114293	21.0	0.0	0.0	9.0
0.709621540263023	0.6569542632956484	0.030758737133883402	61.0	0.0	0.0	9.0
0.9940689345564598	0.8186801617887489	0.034447225087711336	36.0	0.0	0.0	9.0
0.8185939111744401	0.5365983716027722	0.018715236237402805	78.0	2.0	0.0	9.0
0.10627709369124966	0.8062218898347965	0.030895509615507435	39.0	0.0	0.0	10.0
0.335702446461482	0.5778635651014741	0.031439731272549204	19.0	0.0	0.0	10.0
0.5802372775335012	0.1705202911602228	0.031610305947017574	1.0	0.0	0.0	10.0
0.18403219023043338	0.7770169987628883	0.03479302268092037	47.0	0.0	0.0	10.0
0.5159629739811415	0.02937598298725701	0.023692436528433444	3.0	0.0	0.0	10.0
0.825748294452436	0.2569487991319741	0.03121701583676403	20.0	0.0	0.0	10.0
0.06382222981309534	0.9848655576547074	0.03193133965069677	35.0	0.0	0.0	10.0
0.19198737888683526	0.604922127305602	0.03336616520602443	31.0	0.0	0.0	10.0
0.9545364387863354	0.4906653434550233	0.031663153807208494	15.0	0.0	0.0	10.0
0.26272684401261276	0.8196472542122377	0.03522578871610396	64.0	0.0	7.36693225462659e-05	10.0
0.9164174064496664	0.84852123223404	0.03163170193056528	29.0	0.0	0.0	10.0
0.6594665661564482	0.7851154120319314	0.017482977521462648	77.0	0.0	0.0	10.0
0.376943784862281	0.7076779487503327	0.03359294224629245	59.0	0.0	0.0	10.0
0.8230783022526985	0.5390512008616268	0.018733951473640206	78.0	0.0	0.0	10.0
0.39775562331799746	0.27578684897036354	0.030555291513833613	66.0	0.0	0.0	10.0
0.2828794796759924	0.5053603946044793	0.0183227641676825	83.0	0.0	0.0	10.0
0.3889745262785656	0.6176594119329917	0.030642106584434812	65.0	0.0	0.0	10.0
0.8150396130858515	0.4866475810844982	0.018733951473640206	79.0	0.0	0.0	10.0
0.2734146030090857	0.5497131057098936	0.0183227641676825	82.0	0.0	0.0	10.0
0.33989921426054864	0.21303489686963367	0.032666508042803064	42.0	0.0	0.0	10.0
0.14733090763082923	0.27864328566729507	0.03235623634519168	73.0	0.0	0.0	10.0
0.07700944594089365	0.18808937754772495	0.03342437828986928	45.0	0.0	0.0	10.0
0.39414988048385013	0.4045915347680002	0.036105368577053217	52.0	0.0	0.008643732484983957	10.0
0.8737651136975464	0.783406041688504	0.03393459544703273	33.0	0.0	0.0	10.0
0.8647353321719796	0.3269676205472414	0.0353382052572707	53.0	0.0	0.00024758312297024077	10.0
0.028397817889197863	0.556971530632602	0.016536527617715076	84.0	0.0	0.0	10.0
0.8935150077653827	0.535750628609085	0.034119102135853036	26.0	0.0	0.0	10.0
0.3380409039985311	0.8217427502493211	0.03315145243354256	12.0	0.0	0.0	10.0
0.6954941141394636	0.20593115118111957	0.028576331234007005	6.0	0.0	0.0	10.0
0.40117885106449874	0.537149824198198	0.03560758393919574	23.0	0.0	0.0014354855652527476	10.0
0.21586253124640067	0.22184658424868428	0.033782717917293016	48.0	0.0	0.0	10.0
0.05041013258261802	0.06721309228721464	0.03102652178025874	57.0	0.0	0.0	10.0
0.4598149345051521	0.05589674936708785	0.030706619155470162	40.0	0.0	0.0	10.0
0.45622249698150064	0.4616357219468945	0.03437104648545863	46.0	0.0	0.0	10.0
0.766242175323416	0.569139853848242	0.03232964769476961	13.0	0.0	0.0	10.0
0.5842079688905846	0.08747912236223376	0.03339764042729621	14.0	0.0	0.0	10.0
0.45995179388051866	0.8883053452982376	0.019655943602913725	81.0	0.0	0.0	10.0
0.5038385361795147	0.20243385850785697	0.032895088637316335	25.0	0.0	0.0	10.0
0.2811373883407762	0.16113276492543382	0.034023442972196845	70.0	0.0	0.0	10.0
0.7673416680251636	0.7180219974397257	0.03463572841715552	67.0	0.0	0.0	10.0
0.06790304398412639	0.7374060091634111	0.03629867938308501	56.0	0.0	0.014017992138562363	10.0
0.7054444463490059	0.6587192361607132	0.030789495871017283	61.0	0.0	0.0	10.0
0.14897900481842727	0.4683387166392486	0.03193747558171064	71.0	0.0	0.0	10.0
0.9924543745469291	0.8150822864375639	0.03448167231279904	36.0	0.0	0.0	10.0
0.02123225730841203	0.6026356107633608	0.016536527617715076	85.0	0.0	0.0	10.0
0.20120218666655068	0.8847282982504269	0.03287963467299888	50.0	0.0	0.0	10.0
0.34701348104224966	0.47758696032421327	0.03526799576558146	75.0	0.0	0.0001231866855420094	10.0
0.5894845449582452	0.7467104554839042	0.02992737230122798	22.0	0.0	0.0	10.0
0.9633772586871285	0.6377757493340607	0.03402178193963155	34.0	0.0	0.0	10.0
0.5082727799733028	0.8635513972541402	0.019655943602913725	80.0	0.0	0.0	10.0
0.6898568944465054	0.9211365782552813	0.032671696027195586	69.0	0.0	0.0	10.0
0.5130377277953121	0.12272857513628356	0.0332263740740491	38.0	0.0	0.0	10.0
0.13862973613827953	0.049440804414386065	0.03470315620399858	28.0	0.0	0.0	10.0
0.10983531984898784	0.5367001658404174	0.03534995312125482	27.0	0.0	0.0002742897559642188	10.0
0.1866899622255203	0.6998191075625808	0.033238568748605014	41.0	0.0	0.0	10.0
0.1243807300680687	0.877311351732362	0.03436212519684089	30.0	0.0	0.0	10.0
0.2751125150776678	0.8994160328459345	0.032301401818648705	4.0	0.0	0.0	10.0
0.8523297709093333	0.6811863467024265	0.03389500602446829	43.0	0.0	0.0	10.0
0.9180033628503186	0.21824657400344946	0.03473301746439445	17.0	0.0	0.0	10.0
0.21413713204024434	0.10411394781971522	0.03373890989957296	16.0	0.0	0.0	10.0
0.15171500764450968	0.9491347711427197	0.03488695282413066	18.0	0.0	0.0	10.0
0.3080911585135292	0.6424610053876493	0.031558168066192625	5.0	0.0	0.0	10.0
0.6611026407003243	0.7364084486114828	0.017482977521462648	76.0	0.0	0.0	10.0
0.242845921842053	0.3077916362131725	0.03294050454341751	9.0	0.0	0.0	10.0
0.2702101029615865	0.7435523683616962	0.0326996482680838	60.0	0.0	0.0	10.0
0.036223899694765145	0.8119359251584857	0.03642013850430001	68.0	0.0	0.018330405900385927	10.0
0.47448323508174356	0.27639146606780884	0.03214291566179141	7.0	0.0	0.0	10.0
0.04162471863828286	0.90168438517856	0.03489448098443099	55.0	0.0	0.0	10.0
0.8029944021780514	0.850217405802749	0.03420055606244001	37.0	0.0	0.0	10.0
0.4189432927099644	0.13142610235601526	0.03560282421625953	8.0	0.0	0.0014020130127505581	10.0
0.7678048474967403	0.9311204334539305	0.034882035072113494	51.0	0.0	0.0	10.0
0.7543558006451048	0.15763912921628606	0.03267255347470407	21.0	0.0	0.0	10.0
0.4482908681252657	0.6939179029521676	0.034046988318916935	62.0	0.0	0.0	10.0
0.6978536714671553	0.5243555020402911	0.0340856625889398	10.0	0.0	0.0	10.0
0.4538644669297705	0.6054318164720768	0.03292061153999978	58.0	0.0	0.0	10.0
0.49139417734370466	0.9567003115183899	0.030311502212797676	54.0	0.0	0.0	10.0
0.7808120977170008	0.4309004381314893	0.03540617417534441	24.0	0.0	0.0004288613379657136	10.0
0.5074833279884815	0.3491291365683351	0.03465047784269769	11.0	0.0	0.0	10.0
0.25137596261964246	0.029367363791490384	0.031617279329222404	49.0	0.0	0.0	10.0
0.868133841971381	0.45949003885594414	0.03648926839892601	63.0	0.0	0.02113970374078633	10.0
0.768229450309905	0.7179519868594119	0.034670364145572674	67.0	0.0	0.0	11.0
0.39422989659612584	0.40488705588450097	0.03614147394563027	52.0	0.0	0.009518707535548288	11.0
0.6887085467371574	0.9208372587777434	0.03270436772322278	69.0	0.0	0.0	11.0
0.2637818103505855	0.820855637462944	0.03526101450482006	64.0	0.0	0.00011380829064933096	11.0
0.45747172147778126	0.46330598450922694	0.03440541753194408	46.0	0.0	0.0	11.0
0.19355367826672984	0.6045348620254543	0.03339953137123045	31.0	0.0	0.0	11.0
0.07490087619067731	0.7306036762440395	0.03633497806246809	56.0	0.0	0.01522657973806929	11.0
0.0494719413315201	0.06902190067562756	0.031057548302038995	57.0	0.0	0.0	11.0
0.8692378673861269	0.45887785064762643	0.03652575766732493	63.0	0.0	0.02273194817264823	11.0
0.2713715820896539	0.5490973104080726	0.018341086931850183	82.0	0.0	0.0	11.0
0.02840496068822162	0.5567446979569487	0.01655306414533279	84.0	0.0	0.0	11.0
0.5868098696763246	0.08941239649643767	0.033431038067723504	14.0	0.0	0.0	11.0
0.6969266059042835	0.2077491409745384	0.02860490756524101	6.0	0.0	0.0	11.0
0.8098008103016774	0.48794284594972853	0.018752685425113845	79.0	0.0	0.0	11.0
0.1504499956826748	0.9490829747110248	0.03492183977695479	18.0	0.0	0.0	11.0
0.33924071197746575	0.2130411157296616	0.032699174550845866	42.0	0.0	0.0	11.0
0.0364565586428043	0.8137118517748567	0.0364565586428043	68.0	0.0	0.019777158658072835	11.0
0.4014076122036972	0.5373750128057546	0.03564319152313493	23.0	0.0	0.0017029461306350413	11.0
0.28189750993996093	0.5043565450010926	0.018341086931850183	83.0	0.0	0.0	11.0
0.39868440217253065	0.27699659992397707	0.03058584680534744	66.0	0.0	0.0	11.0
0.11004433897231342	0.5385367019915114	0.035385303074376075	27.0	0.0	0.000366089604597164	11.0
0.27163414797250773	0.7397559382642407	0.032732347916351885	60.0	0.0	0.0	11.0
0.9163559253078231	0.21582866981512805	0.034767750481858845	17.0	0.0	0.0	11.0
0.8362798706404166	0.5368280106083891	0.018752685425113845	78.0	0.0	0.0	11.0
0.37752517345640324	0.7079236064046269	0.03362653518853874	59.0	0.0	0.0	11.0
0.3455260106241897	0.47640729407180676	0.03530326376134704	75.0	0.0	0.0001785013584196804	11.0
0.06399959942935003	0.9846252680548282	0.031963270990347466	35.0	0.0	0.0	11.0
0.4517797254194371	0.6040209676873796	0.03295353215153978	58.0	0.0	0.0	11.0
0.8718037165346532	0.7849021023681952	0.03396853004247976	33.0	0.0	0.0	11.0
0.04275234143848319	0.9024789616939676	0.03492937546541541	55.0	0.0	0.0	11.0
0.4567677722828089	0.8875605133785959	0.019675599546516636	81.0	0.0	0.0	11.0
0.5177107031515841	0.0289438594510405	0.023716128964961874	3.0	0.0	0.0	11.0
0.5899410348520417	0.7483159804534901	0.029957299673529204	22.0	0.0	0.0	11.0
0.703807502139668	0.5238859824884402	0.03411974825152874	10.0	0.0	0.0	11.0
0.7544694625039623	0.15743590884800815	0.03270522602817877	21.0	0.0	0.0	11.0
0.7040328498499434	0.6524171636967473	0.030820285366888297	61.0	0.0	0.0	11.0
0.3389996490218709	0.8198056582270656	0.0331846038859761	12.0	0.0	0.0	11.0
0.2194374677245445	0.10117131744091457	0.03377264880947253	16.0	0.0	0.0	11.0
0.4754886555308551	0.27675780748228707	0.032175058577453196	7.0	0.0	0.0	11.0
0.1134710065827314	0.8037449271073646	0.03092640512512294	39.0	0.0	0.0	11.0
0.8563773073511938	0.3224641575255711	0.03537354346252797	53.0	0.0	0.00033358260385796257	11.0
0.4904968575161931	0.956216818498393	0.03034181371501047	54.0	0.0	0.0	11.0
0.9944763615171045	0.8198259405340055	0.03451615398511184	36.0	0.0	0.0	11.0
0.49596260180191637	0.19831726130872737	0.032927983725953645	25.0	0.0	0.0	11.0
0.8493997095897725	0.6822959495871155	0.03392890103049275	43.0	0.0	0.0	11.0
0.1781716201972623	0.702563187444495	0.033271807317353616	41.0	0.0	0.0	11.0
0.18111021771808924	0.7756276149623903	0.034827815703601286	47.0	0.0	0.0	11.0
0.45962901859877986	0.05773614359231945	0.03073732577462563	40.0	0.0	0.0	11.0
0.1478935698165826	0.4669788791338963	0.03196941305729235	71.0	0.0	0.0	11.0
0.3350958052270721	0.5760395934774813	0.03147117100382175	19.0	0.0	0.0	11.0
0.13770782374111953	0.047315165386899144	0.03473785936020258	28.0	0.0	0.0	11.0
0.2802489776560845	0.15834486597811442	0.03405746641516904	70.0	0.0	0.0	11.0
0.2539027408199441	0.025339991359291436	0.03164889660855162	49.0	0.0	0.0	11.0
0.915694567388982	0.8450922444499717	0.03166333363249584	29.0	0.0	0.0	11.0
0.763878293075879	0.9314052194111968	0.034916917107185606	51.0	0.0	0.0	11.0
0.24258724861088163	0.3068595869680163	0.032973445047960924	9.0	0.0	0.0	11.0
0.5761984996494814	0.16847362848861633	0.031641916252964586	1.0	0.0	0.0	11.0
0.144524920856071	0.27806099611303287	0.03238859258153687	73.0	0.0	0.0	11.0
0.8232935494746685	0.25684828859578507	0.03124823285260079	20.0	0.0	0.0	11.0
0.3078858665241929	0.6433512170191132	0.03158972623425881	5.0	0.0	0.0	11.0
0.8909259216469279	0.5353146174584177	0.03415322123798888	26.0	0.0	0.0	11.0
0.8030170823896413	0.8503801049944927	0.03423475661850245	37.0	0.0	0.0	11.0
0.44918921418304864	0.6948479071068644	0.03408103530723585	62.0	0.0	0.0	11.0
0.07815174915773697	0.18867731064071205	0.03345780266815915	45.0	0.0	0.0	11.0
0.42402143193203834	0.12893259670563914	0.03563842704047578	8.0	0.0	0.0016653817210396937	11.0
0.21642617834565203	0.21879379804363003	0.03381650063521031	48.0	0.0	0.0	11.0
0.6577172287563172	0.7809386986741784	0.01750046049898411	77.0	0.0	0.0	11.0
0.6623774460708476	0.73806890524778	0.01750046049898411	76.0	0.0	0.0	11.0
0.38591181700828353	0.6208300523797478	0.030672748691019245	65.0	0.0	0.0	11.0
0.7838824705755447	0.43073597285481263	0.035441580349519754	24.0	0.0	0.0005510730729838542	11.0
0.9540983193594089	0.4905511466164705	0.0316948169610157	15.0	0.0	0.0	11.0
0.279000028038792	0.9017372905800967	0.03233370322046735	4.0	0.0	0.0	11.0
0.12219478880902386	0.8778372415777058	0.034396487322037726	30.0	0.0	0.0	11.0
0.5074711156732988	0.8640438735121795	0.019675599546516636	80.0	0.0	0.0	11.0
0.9624139389168661	0.6372875841833061	0.03405580372157117	34.0	0.0	0.0	11.0
0.021404127856106833	0.6071833362974068	0.01655306414533279	85.0	0.0	0.0	11.0
0.512559173322383	0.12270898052783934	0.03325960044812315	38.0	0.0	0.0	11.0
0.7675017627488231	0.5679154556695242	0.032361977342464376	13.0	0.0	0.0	11.0
0.5068581501274894	0.3454868085738561	0.03468512832054038	11.0	0.0	0.0	11.0
0.19668925420167407	0.8831160486536956	0.03291251430767187	50.0	0.0	0.0	11.0
