# x	y	r	id	split_id	s_prob	t
2.0	0.5	0.0	-1.0	0.0	0.0	0.0
0.9743340714107254	0.2748458526234414	0.029118235368981168	1.0	0.0	0.0	0.0
0.3953238729147846	0.8761543152813129	0.03209092141313295	2.0	0.0	0.0	0.0
0.5514505157857305	0.46226962175713093	0.03025662042617874	3.0	0.0	0.0	0.0
0.1354790061478548	0.40415926516872674	0.029596305564908946	4.0	0.0	0.0	0.0
0.8283478371052979	0.9393562226793587	0.03302811695656137	5.0	0.0	0.0	0.0
0.5352358077805305	0.7853164966299597	0.030330878568652447	6.0	0.0	0.0	0.0
0.21593078860120946	0.2464892767648554	0.033638394798965784	7.0	0.0	0.0	0.0
0.7715963590870982	0.8171222700247749	0.03152083260621429	8.0	0.0	0.0	0.0
0.6331312879254585	0.9477232075234715	0.03292547465762789	9.0	0.0	0.0	0.0
0.12044826530717431	0.1320943452117376	0.031064994606703096	10.0	0.0	0.0	0.0
0.5545687288636535	0.6044601381104224	0.03292307041552787	11.0	0.0	0.0	0.0
0.638760481967576	0.5483323027078073	0.033119955442115434	12.0	0.0	0.0	0.0
0.39553986188957757	0.5689125090220996	0.03406118908002007	13.0	0.0	0.0	0.0
0.5551923714792381	0.2826605484687629	0.032767069066991665	14.0	0.0	0.0	0.0
0.09292717162480645	0.47752671557226883	0.030639879440616406	15.0	0.0	0.0	0.0
0.4027663238068127	0.448493281962931	0.03185829851786865	16.0	0.0	0.0	0.0
0.06625656086090273	0.8769919611208975	0.03327075228285615	17.0	0.0	0.0	0.0
0.16895687394540052	0.3237415753366909	0.033246599883087834	18.0	0.0	0.0	0.0
0.12300803887910236	0.6250403444247146	0.03196490657298305	19.0	0.0	0.0	0.0
0.773467286933852	0.7117266679909755	0.03158579118700998	20.0	0.0	0.0	0.0
0.9649255699183278	0.048170925008949	0.0332891643879109	21.0	0.0	0.0	0.0
0.48344739608641674	0.24448987966970384	0.031990427532091914	22.0	0.0	0.0	0.0
0.7416615135390369	0.5265048111623459	0.03205093307127796	23.0	0.0	0.0	0.0
0.7074577565371515	0.8434723114558194	0.03446894306034867	24.0	0.0	0.0	0.0
0.7628653624689137	0.03819264315959522	0.03352929904456699	25.0	0.0	0.0	0.0
0.22653271306614786	0.8882175282014205	0.03185561319245409	26.0	0.0	0.0	0.0
0.3069826104765627	0.1853723004375635	0.03262304898683636	27.0	0.0	0.0	0.0
0.6271621360587842	0.8647221656497172	0.036651377845043846	28.0	0.0	0.028821682875985744	0.0
0.9112923049780511	0.9443453636040355	0.03400698414396772	29.0	0.0	0.0	0.0
0.6518569768948529	0.47973161499350003	0.03009486369214581	30.0	0.0	0.0	0.0
0.1624993598142422	0.5006604815964946	0.0325708682203176	31.0	0.0	0.0	0.0
0.6356422688896529	0.26894041092590143	0.031187879560281483	32.0	0.0	0.0	0.0
0.789323871175195	0.3886686041067265	0.03066694193195156	33.0	0.0	0.0	0.0
0.2801659780064244	0.7341778021520216	0.03225006247980471	34.0	0.0	0.0	0.0
0.43957883610314635	0.30848488399982027	0.030334250178074302	35.0	0.0	0.0	0.0
0.21482211945734012	0.38174307148987335	0.036005087085708855	36.0	0.0	0.006498169754209471	0.0
0.7475370200575309	0.14449297566183428	0.03132445784302323	37.0	0.0	0.0	0.0
0.11988982580117931	0.2284036409129017	0.03581461999163096	38.0	0.0	0.0034597535669860235	0.0
0.5583105845571611	0.39803443235191593	0.031555744053024304	39.0	0.0	0.0	0.0
0.893830311741682	0.8495516860351746	0.02793124302186786	40.0	0.0	0.0	0.0
0.03632171531284138	0.2733059092349937	0.031825737749610186	41.0	0.0	0.0	0.0
0.4096764898765229	0.2123177369608659	0.03058904803129445	42.0	0.0	0.0	0.0
0.11023107261560358	0.04384219971077763	0.03014537769597148	43.0	0.0	0.0	0.0
0.11178247179857936	0.7348014447676061	0.03328668220291536	44.0	0.0	0.0	0.0
0.6151860529171881	0.08457835450735847	0.030364362293124638	45.0	0.0	0.0	0.0
0.8994430952819435	0.6150620625753608	0.030697774213307397	46.0	0.0	0.0	0.0
0.3663867592225464	0.26102064452692725	0.03404036688449142	47.0	0.0	0.0	0.0
0.4599186323038449	0.918507881370675	0.031139476303424073	48.0	0.0	0.0	0.0
0.7522634380039752	0.9655492125339123	0.03137395392251263	49.0	0.0	0.0	0.0
0.44846853256698427	0.3965234735389393	0.030828248874580935	50.0	0.0	0.0	0.0
0.6832189823239052	0.11766032258001874	0.02952156972756457	51.0	0.0	0.0	0.0
0.8401970468014055	0.5869981448740532	0.03259053987432793	52.0	0.0	0.0	0.0
0.20283429367393263	0.8227350535650364	0.03092300404717221	53.0	0.0	0.0	0.0
0.8597792225314718	0.4601201312736035	0.031264152851608586	54.0	0.0	0.0	0.0
0.39179800619606986	0.039439928390764434	0.03422841919833965	55.0	0.0	0.0	0.0
0.8087266400091454	0.12024125283200267	0.032105457465101905	56.0	0.0	0.0	0.0
0.8594318577915607	0.37531265356192844	0.029671891217908336	57.0	0.0	0.0	0.0
0.36747594418827	0.714221238453314	0.030995784406877377	58.0	0.0	0.0	0.0
0.7506462746682772	0.9002439756689152	0.03333959389843778	59.0	0.0	0.0	0.0
0.9002719339312076	0.2959931849565476	0.029778864815691475	60.0	0.0	0.0	0.0
0.4627314636760701	0.15867586178269047	0.03410486803562227	61.0	0.0	0.0	0.0
0.040422347891193144	0.08770165476845394	0.03282217937684458	62.0	0.0	0.0	0.0
0.546355637032924	0.8902022931665109	0.03452412727272382	63.0	0.0	0.0	0.0
0.5595578697883303	0.1361045338063792	0.030879718557758326	64.0	0.0	0.0	0.0
0.6237930591935453	0.15980295319859444	0.03301118222067841	65.0	0.0	0.0	0.0
0.6591608043361901	0.7882966153102567	0.03428284120039494	66.0	0.0	0.0	0.0
0.7598133968342837	0.45966165601185494	0.031204460393215484	67.0	0.0	0.0	0.0
0.44937559079894773	0.39657778936514415	0.030859077123455512	50.0	0.0	0.0	1.0
0.55775781370273	0.6070221719181677	0.03295599348594339	11.0	0.0	0.0	1.0
0.6842468530536363	0.11886803236778318	0.02955109129729213	51.0	0.0	0.0	1.0
0.8600059785762221	0.3752600967070459	0.02970156310912624	57.0	0.0	0.0	1.0
0.39578640516992164	0.571078749316084	0.03409525026910009	13.0	0.0	0.0	1.0
0.7503478038768342	0.9768218392844177	0.03140532787643514	49.0	0.0	0.0	1.0
0.9123519223778879	0.9453884331028504	0.03404099112811168	29.0	0.0	0.0	1.0
0.7898628493440251	0.38907971107723377	0.03069760887388351	33.0	0.0	0.0	1.0
0.5577869207052363	0.2833894223340987	0.032799836136058656	14.0	0.0	0.0	1.0
0.31654107857570035	0.19075795613512456	0.03265567203582319	27.0	0.0	0.0	1.0
0.6372038341934166	0.9428766251921941	0.032958400132285515	9.0	0.0	0.0	1.0
0.9751200164307277	0.2745425469386824	0.029147353604350147	1.0	0.0	0.0	1.0
0.20460379471676854	0.8234051567633836	0.03095392705121938	53.0	0.0	0.0	1.0
0.39243455399172333	0.0466431530756299	0.034262647617537986	55.0	0.0	0.0	1.0
0.629709131246075	0.8666648927134433	0.036688029222888885	28.0	0.0	0.03078363183688282	1.0
0.65166246737056	0.779125393227244	0.03431712404159533	66.0	0.0	0.0	1.0
0.5606680951830479	0.13711776784032473	0.030910598276316082	64.0	0.0	0.0	1.0
0.48350151024429744	0.24471174008345586	0.032022417959624	22.0	0.0	0.0	1.0
0.09173872409854635	0.4790746895826541	0.03067051932005702	15.0	0.0	0.0	1.0
0.5360428481830214	0.7886252484358355	0.030361209447221097	6.0	0.0	0.0	1.0
0.828192210240501	0.9392123853964183	0.03306114507351793	5.0	0.0	0.0	1.0
0.632911003762504	0.2677250600820445	0.03121906743984176	32.0	0.0	0.0	1.0
0.7726505763922877	0.7119340632390825	0.031617376978196984	20.0	0.0	0.0	1.0
0.708364435849958	0.8435007856874545	0.03450341200340902	24.0	0.0	0.0	1.0
0.5454410023814038	0.8925947472769425	0.03455865139999654	63.0	0.0	0.0	1.0
0.8965040831409832	0.850159427369228	0.027959174264889725	40.0	0.0	0.0	1.0
0.9002522698807348	0.29596583104424345	0.029808643680507164	60.0	0.0	0.0	1.0
0.11693410356472307	0.1284102060251222	0.031096059601309796	10.0	0.0	0.0	1.0
0.3679126390367468	0.7116770250847733	0.031026780191284253	58.0	0.0	0.0	1.0
0.44407124484131305	0.3163996556962464	0.030364584428252375	35.0	0.0	0.0	1.0
0.8368399072113486	0.5893010371067542	0.032623130414202256	52.0	0.0	0.0	1.0
0.9645801922227022	0.04829676903137415	0.033322453552298806	21.0	0.0	0.0	1.0
0.1367622547048029	0.40450238909327474	0.029625901870473852	4.0	0.0	0.0	1.0
0.7455923049489002	0.14622342202230332	0.03135578230086625	37.0	0.0	0.0	1.0
0.12360081652944196	0.6251594680993292	0.03199687147955603	19.0	0.0	0.0	1.0
0.3590640680775636	0.2694151361935357	0.03407440725137591	47.0	0.0	0.0	1.0
0.22483379638034223	0.8877054507658183	0.031887468805646545	26.0	0.0	0.0	1.0
0.7544465872151566	0.899801670339822	0.033372933492336214	59.0	0.0	0.0	1.0
0.4001147972600365	0.8708714788488539	0.032123012334546085	2.0	0.0	0.0	1.0
0.7714033585689739	0.8153258929940793	0.031552353438820506	8.0	0.0	0.0	1.0
0.28129145623639307	0.7328384133410165	0.032282312542284516	34.0	0.0	0.0	1.0
0.7627374328545301	0.03770809218007302	0.03356282834361155	25.0	0.0	0.0	1.0
0.16201128905045198	0.5003814185869399	0.03260343908853791	31.0	0.0	0.0	1.0
0.8093519827561649	0.12058329681521782	0.032137562922567	56.0	0.0	0.0	1.0
0.22300599219961031	0.37927633689236756	0.03604109217279456	36.0	0.0	0.007221834273607897	1.0
0.739905995561762	0.5303517723277587	0.03208298400434923	23.0	0.0	0.0	1.0
0.03980157373590752	0.08945671504580578	0.032855001556221425	62.0	0.0	0.0	1.0
0.5617314509057515	0.3956560164578484	0.03158729979707733	39.0	0.0	0.0	1.0
0.6152388054595798	0.08364834705021873	0.03039472665541776	45.0	0.0	0.0	1.0
0.5498811642122841	0.4643137300540256	0.030286877046604915	3.0	0.0	0.0	1.0
0.4692972240756394	0.15114674111167686	0.03413897290365789	61.0	0.0	0.0	1.0
0.10383280320043697	0.04317514429490136	0.030175523073667446	43.0	0.0	0.0	1.0
0.06519757463047672	0.8818633979943715	0.033304023035139	17.0	0.0	0.0	1.0
0.762873572736052	0.458159025704077	0.031235664853608697	67.0	0.0	0.0	1.0
0.21661421701990455	0.2440267531443072	0.033672033193764744	7.0	0.0	0.0	1.0
0.16410355004556698	0.3275410677809363	0.033279846482970915	18.0	0.0	0.0	1.0
0.4060523439695755	0.445887242176409	0.03189015681638652	16.0	0.0	0.0	1.0
0.11408889778747086	0.7332405710154922	0.033319968885118276	44.0	0.0	0.0	1.0
0.9023503877004633	0.6133508374232882	0.0307284719875207	46.0	0.0	0.0	1.0
0.4083087818092787	0.21217909568785528	0.030619637079325742	42.0	0.0	0.0	1.0
0.6255149517937227	0.15596589857876234	0.03304419340289909	65.0	0.0	0.0	1.0
0.6360239574935906	0.5466748475892971	0.033153075397557547	12.0	0.0	0.0	1.0
0.12035604084082313	0.2270018848917895	0.035850434611622586	38.0	0.0	0.0039364320155925725	1.0
0.04527480381177816	0.279447446519875	0.03185756348735979	41.0	0.0	0.0	1.0
0.6527508863922575	0.4817576497824872	0.030124958555837952	30.0	0.0	0.0	1.0
0.458596810000943	0.9157504115853115	0.031170615779727493	48.0	0.0	0.0	1.0
0.8612221588974022	0.46245248292243823	0.03129541700446019	54.0	0.0	0.0	1.0
0.8093176822008838	0.1204952412772769	0.03216970048548957	56.0	0.0	0.0	2.0
0.3705238168049493	0.7149908972116342	0.031057806971475532	58.0	0.0	0.0	2.0
0.10417980958878993	0.040288081868161636	0.03020569859674111	43.0	0.0	0.0	2.0
0.1580133438318619	0.4992310905871196	0.032636042527626447	31.0	0.0	0.0	2.0
0.7706297084472566	0.7135998788608627	0.03164899435517518	20.0	0.0	0.0	2.0
0.5576525153480102	0.6084132888476319	0.03298894947942933	11.0	0.0	0.0	2.0
0.11533924318481968	0.7325464066135788	0.03335328885400339	44.0	0.0	0.0	2.0
0.11637711406803838	0.12830191801678267	0.031127155660911104	10.0	0.0	0.0	2.0
0.8988014636688931	0.6204091168811727	0.030759200459508217	46.0	0.0	0.0	2.0
0.7545698494164244	0.899741145217942	0.03340630642582855	59.0	0.0	0.0	2.0
0.13888986811740203	0.4076676791051379	0.02965552777234432	4.0	0.0	0.0	2.0
0.040195502268186724	0.08832028725624322	0.032887856557777644	62.0	0.0	0.0	2.0
0.7081595416109765	0.846207683106273	0.03453791541541242	24.0	0.0	0.0	2.0
0.41060383164621267	0.21214296990051348	0.030650256716405064	42.0	0.0	0.0	2.0
0.39948353106282153	0.8708694916867313	0.03215513534688063	2.0	0.0	0.0	2.0
0.047294170500296356	0.2780434472581379	0.03188942105084715	41.0	0.0	0.0	2.0
0.2143474438929716	0.24609549674391273	0.0337057052269585	7.0	0.0	0.0	2.0
0.3601269678750795	0.26852768293136986	0.03410848165862728	47.0	0.0	0.0	2.0
0.9129093181224557	0.945358576062819	0.03407503211923979	29.0	0.0	0.0	2.0
0.9020984808536764	0.2889730534950109	0.029838452324187668	60.0	0.0	0.0	2.0
0.4043519282490916	0.4519903702786542	0.0319220469732029	16.0	0.0	0.0	2.0
0.45517324353813077	0.3884664059350938	0.030889936200578963	50.0	0.0	0.0	2.0
0.47103843572240434	0.15149665229595596	0.034173111876561545	61.0	0.0	0.0	2.0
0.9010660413472863	0.8551265834749397	0.027987133439154613	40.0	0.0	0.0	2.0
0.31742709912713774	0.19231895621140666	0.03268832770785901	27.0	0.0	0.0	2.0
0.651439902188818	0.48155381590625007	0.030155083514393787	30.0	0.0	0.0	2.0
0.39732500483170324	0.04656617375073355	0.03429691026515552	55.0	0.0	0.0	2.0
0.7625527235010819	0.03979827768282403	0.03359639117195516	25.0	0.0	0.0	2.0
0.639645290320948	0.5477912863736699	0.033186228472955104	12.0	0.0	0.0	2.0
0.4830594986118395	0.24521803060103375	0.03205444037758362	22.0	0.0	0.0	2.0
0.09564972772719225	0.4781076995325091	0.03070118983937707	15.0	0.0	0.0	2.0
0.9796134984522548	0.2693297247523588	0.029176500957954495	1.0	0.0	0.0	2.0
0.4564740785171988	0.9156098822637934	0.031201786395507216	48.0	0.0	0.0	2.0
0.12398333408052968	0.6270323916216484	0.032028868351035585	19.0	0.0	0.0	2.0
0.7627887985391009	0.4586025173744446	0.0312669005184623	67.0	0.0	0.0	2.0
0.39733173433328106	0.5706341120566025	0.034129345519369185	13.0	0.0	0.0	2.0
0.6525872954022649	0.7851994325400719	0.03435144116563692	66.0	0.0	0.0	2.0
0.21096333682151483	0.823785974412716	0.030984880978270596	53.0	0.0	0.0	2.0
0.6150757530695492	0.0858024637101114	0.030425121382073175	45.0	0.0	0.0	2.0
0.27894663054716995	0.7338291867830254	0.032314594854826795	34.0	0.0	0.0	2.0
0.750172104726165	0.9770083742551561	0.031436733204311576	49.0	0.0	0.0	2.0
0.5519156965438777	0.8903731810369782	0.03459321005139653	63.0	0.0	0.0	2.0
0.7412033380681037	0.532390945451431	0.03211506698835358	23.0	0.0	0.0	2.0
0.5587278545165549	0.2818468821205726	0.03283263597219471	14.0	0.0	0.0	2.0
0.8664965130119159	0.37176287308677963	0.02973126467223536	57.0	0.0	0.0	2.0
0.7700598426192746	0.8149393234112952	0.03158390579225932	8.0	0.0	0.0	2.0
0.5461452515817605	0.46491870858882267	0.030317163923651518	3.0	0.0	0.0	2.0
0.16333735532151664	0.32901827132807887	0.03331312632945388	18.0	0.0	0.0	2.0
0.683075483511043	0.12087254280927623	0.02958064238858942	51.0	0.0	0.0	2.0
0.6207128616077139	0.15418185244796448	0.03307723759630198	65.0	0.0	0.0	2.0
0.632536379964243	0.26659868894381294	0.0312502865072816	32.0	0.0	0.0	2.0
0.7889331937334834	0.38977046729492965	0.03072830648275739	33.0	0.0	0.0	2.0
0.8314074682401078	0.9371525592590397	0.033094206218591445	5.0	0.0	0.0	2.0
0.5578495372744711	0.1376473488431316	0.030941508874592395	64.0	0.0	0.0	2.0
0.6361790607917859	0.9414883243329809	0.032991358532417796	9.0	0.0	0.0	2.0
0.8631732861296476	0.46000810257390284	0.03132671242146465	54.0	0.0	0.0	2.0
0.7421595094197679	0.146472396531779	0.03138713808316711	37.0	0.0	0.0	2.0
0.2240580373588674	0.38250727621419606	0.03607713326496735	36.0	0.0	0.00799812687414203	2.0
0.06694525162787852	0.8783323119530033	0.03333732705817413	17.0	0.0	0.0	2.0
0.6283306133403315	0.8655430716295002	0.03672471725211177	28.0	0.0	0.03283474869532199	2.0
0.542439144361383	0.7913279143141012	0.030391570656668313	6.0	0.0	0.0	2.0
0.22385176070358528	0.8876528477834689	0.031919356274452186	26.0	0.0	0.0	2.0
0.8360449341113674	0.5934598962960788	0.03265575354461645	52.0	0.0	0.0	2.0
0.4429282930233539	0.3175247581908939	0.030394949012680625	35.0	0.0	0.0	2.0
0.11995086177110957	0.2274659865258942	0.03588628504623421	38.0	0.0	0.0044555388956837305	2.0
0.9629311431095224	0.048737703252903525	0.0333557760058511	21.0	0.0	0.0	2.0
0.5613052371454345	0.3960651358512946	0.0316188870968744	39.0	0.0	0.0	2.0
0.5631089255082518	0.3983542150031895	0.031650505983971275	39.0	0.0	0.0	3.0
0.8971627349392889	0.28814185663361885	0.029868290776511854	60.0	0.0	0.0	3.0
0.3177392592749689	0.19298081543061818	0.03272101603556687	27.0	0.0	0.0	3.0
0.22502670686715115	0.8858314795332743	0.03993909453840829	26.0	0.0	0.0	3.0
0.9786314855787496	0.27022594715002896	0.029205677458912446	1.0	0.0	0.0	3.0
0.20595141318800161	0.24915472810048517	0.03373941093218546	7.0	0.0	0.0	3.0
0.40598103575145505	0.45568272222744916	0.0319539690201761	16.0	0.0	0.0	3.0
0.0461006719217432	0.2786962556735479	0.03192131047189799	41.0	0.0	0.0	3.0
0.21252410095486787	0.8201873449065099	0.031015865859248863	53.0	0.0	0.0	3.0
0.46461318474004326	0.15602418892901843	0.0342072849884381	61.0	0.0	0.0	3.0
0.7551249150068435	0.9003610004549059	0.03343971273225437	59.0	0.0	0.0	3.0
0.7114099277028506	0.8477282100727948	0.03457245333082783	24.0	0.0	0.0	3.0
0.5453714497626414	0.4700008454926997	0.030347481087575165	3.0	0.0	0.0	3.0
0.746510570137735	0.9775070459568053	0.03146816993751588	49.0	0.0	0.0	3.0
0.4826852443504713	0.24619698557990846	0.0320864948179612	22.0	0.0	0.0	3.0
0.686815959758352	0.11758615277724789	0.029610223030978003	51.0	0.0	0.0	3.0
0.28285070097128706	0.7300341848479038	0.03234690944968162	34.0	0.0	0.0	3.0
0.6524546724320593	0.7848936458272794	0.03438579260680255	66.0	0.0	0.0	3.0
0.6190054957288263	0.15658873277810806	0.03311031483389828	65.0	0.0	0.0	3.0
0.08961310796908356	0.47482507240317373	0.030731891029216446	15.0	0.0	0.0	3.0
0.5453578573256346	0.7884907417879666	0.03042196222732498	6.0	0.0	0.0	3.0
0.8093338154607528	0.12021081798115081	0.032201870185975055	56.0	0.0	0.0	3.0
0.8662647086381063	0.36931557261872777	0.029760995936907595	57.0	0.0	0.0	3.0
0.7611665466082466	0.041469160253825126	0.033629987563127114	25.0	0.0	0.0	3.0
0.4430403683059134	0.3149833104424699	0.030425343961693302	35.0	0.0	0.0	3.0
0.03843281650266232	0.08745476019525461	0.032920744414335415	62.0	0.0	0.0	3.0
0.6139879301133092	0.08512472519512305	0.030455546503455243	45.0	0.0	0.0	3.0
0.12020985843561936	0.22932392986178846	0.035922171331280436	38.0	0.0	0.005018972589695636	3.0
0.22195550611433862	0.3844261264085138	0.036113210398232315	36.0	0.0	0.008829004475146007	3.0
0.9133556719493204	0.945690227566562	0.03410910715135903	29.0	0.0	0.0	3.0
0.964281111866356	0.04919141877344795	0.03338913178185695	21.0	0.0	0.0	3.0
0.1377854399102863	0.4097329414799349	0.02968518330011666	4.0	0.0	0.0	3.0
0.16680059128913202	0.5029532564083716	0.03266867857015407	31.0	0.0	0.0	3.0
0.8987575806555878	0.6215702692880073	0.03078995965996772	46.0	0.0	0.0	3.0
0.6311111408016508	0.2735770980258507	0.03128153679378888	32.0	0.0	0.0	3.0
0.10364842583001585	0.04259233155837622	0.03023590429533785	43.0	0.0	0.0	3.0
0.06707044292981029	0.8781534536795454	0.033370664385232306	17.0	0.0	0.0	3.0
0.5579567298913226	0.2785966290616295	0.04108183576020863	14.0	0.0	0.0	3.0
0.12403738594397722	0.6263734502912697	0.03206089721938662	19.0	0.0	0.0	3.0
0.16012369946750787	0.3137734024977177	0.033346439455783326	18.0	0.0	0.0	3.0
0.9013718282052324	0.8555815082660152	0.028015120572593765	40.0	0.0	0.0	3.0
0.8620207281415051	0.4631405958345163	0.03135803913388611	54.0	0.0	0.0	3.0
0.7437242731069276	0.1444074792135411	0.03141852522125027	37.0	0.0	0.0	3.0
0.5578865827873843	0.13647090067664813	0.030972450383466982	64.0	0.0	0.0	3.0
0.7886755226923301	0.39063518320320556	0.030759034789240143	33.0	0.0	0.0	3.0
0.639448277312178	0.5487559226296507	0.03321941470142806	12.0	0.0	0.0	3.0
0.4129770820984854	0.21234516665831138	0.030680906973121466	42.0	0.0	0.0	3.0
0.6297490889694953	0.8659415569634277	0.03676144196936388	28.0	0.0	0.03497719625265461	3.0
0.8304030599556693	0.9370093204571475	0.03312730042481003	5.0	0.0	0.0	3.0
0.553822439824188	0.6094374010805531	0.033021938428908756	11.0	0.0	0.0	3.0
0.651540216143911	0.47978531865356866	0.030185238597908177	30.0	0.0	0.0	3.0
0.6349420432759644	0.9411989512547322	0.03302434989095021	9.0	0.0	0.0	3.0
0.3706784975837711	0.7145621866062412	0.031088864778447006	58.0	0.0	0.0	3.0
0.7629490731941638	0.4586432174758396	0.03129816741898076	67.0	0.0	0.0	3.0
0.7413563291919375	0.5325453882375256	0.03214718205534193	23.0	0.0	0.0	3.0
0.11312434880601727	0.7342358229401057	0.033386642142857394	44.0	0.0	0.0	3.0
0.4006422845743571	0.8729722363642952	0.03218729048222751	2.0	0.0	0.0	3.0
0.3957107401526113	0.04807710425606402	0.034331207175420674	55.0	0.0	0.0	3.0
0.45873947962558004	0.3870383056504729	0.030920826136779538	50.0	0.0	0.0	3.0
0.11509957014616921	0.13206381992004065	0.03115828281657201	10.0	0.0	0.0	3.0
0.45774567527704885	0.9155578162148529	0.03123298818190272	48.0	0.0	0.0	3.0
0.545680065391215	0.8922099439443214	0.04328475407680991	63.0	0.0	0.0	3.0
0.8341058960724467	0.5943969125190902	0.03268840929816107	52.0	0.0	0.0	3.0
0.3657453832743989	0.27449260050846996	0.0341425901402859	47.0	0.0	0.0	3.0
0.7712098687262258	0.7128539791294991	0.03168064334953035	20.0	0.0	0.0	3.0
0.77097743661655	0.8131971499821816	0.03161548969805158	8.0	0.0	0.0	3.0
0.39750941142622076	0.5701944343745408	0.03416347486488855	13.0	0.0	0.0	3.0
0.06628068852602166	0.877494059328742	0.03340403504961753	17.0	0.0	0.0	4.0
0.7431060410272502	0.530463122768236	0.03217932923739727	23.0	0.0	0.0	4.0
0.5471694542718777	0.4711368191153122	0.030377828568662738	3.0	0.0	0.0	4.0
0.7735652473663925	0.7109372006762057	0.031712323992879876	20.0	0.0	0.0	4.0
0.5457247031923673	0.7885789969116224	0.0304523841895523	6.0	0.0	0.0	4.0
0.459907152065391	0.15715635786778362	0.03424149227342654	61.0	0.0	0.0	4.0
0.5460931350761258	0.8904688751689168	0.041553363913737505	63.0	0.0	0.0	4.0
0.6289283829816361	0.16041687621640238	0.03314342514873218	65.0	0.0	0.0	4.0
0.772315373112554	0.8136656519051692	0.03164710518774962	8.0	0.0	0.0	4.0
0.7448427424821914	0.135997118189275	0.03144994374647152	37.0	0.0	0.0	4.0
0.22698984074384623	0.8878637950822044	0.03834153075687196	26.0	0.0	0.0	4.0
0.1694113930726274	0.5023425166741928	0.03270134724872422	31.0	0.0	0.0	4.0
0.6497717522439433	0.4773895110068189	0.03021542383650608	30.0	0.0	0.0	4.0
0.4015708334506864	0.8682751345503815	0.03221947777270973	2.0	0.0	0.0	4.0
0.4419020255265418	0.31306317123992705	0.03045576930565499	35.0	0.0	0.0	4.0
0.8615771550403768	0.4629883991435692	0.031389397173019994	54.0	0.0	0.0	4.0
0.13902867222249995	0.4088685629307391	0.029714868483416774	4.0	0.0	0.0	4.0
0.21230177248664908	0.8200368841191004	0.031046881725108107	53.0	0.0	0.0	4.0
0.8969289913222176	0.6192192908739753	0.030820749619627687	46.0	0.0	0.0	4.0
0.6492024057866111	0.7851707332162543	0.03442017839940935	66.0	0.0	0.0	4.0
0.8319943563917016	0.5945768119801856	0.03272109770745923	52.0	0.0	0.0	4.0
0.6376379933306209	0.5503263575720654	0.033252634116129484	12.0	0.0	0.0	4.0
0.9006184178313108	0.8508343345428132	0.028043135693166354	40.0	0.0	0.0	4.0
0.4832172848023533	0.24637580083719082	0.03211858131277916	22.0	0.0	0.0	4.0
0.9733145004048306	0.2687683258738169	0.029234883136371355	1.0	0.0	0.0	4.0
0.6297454394980722	0.8653618948683675	0.03679820341133324	28.0	0.0	0.037213149325481254	4.0
0.5545897401591429	0.6077836216129356	0.03305496036733766	11.0	0.0	0.0	4.0
0.8952571465623378	0.28988096925651924	0.03737269883411046	60.0	0.0	0.0	4.0
0.10399587472564803	0.04236974154640392	0.030266140199633182	43.0	0.0	0.0	4.0
0.7875265190783934	0.391361120091024	0.03078979382402938	33.0	0.0	0.0	4.0
0.4204207135925008	0.21020341201692852	0.030711587880094586	42.0	0.0	0.0	4.0
0.2810875863699799	0.7340302622244065	0.032379256359131296	34.0	0.0	0.0	4.0
0.6314661547098418	0.2732489783530234	0.031312818330582665	32.0	0.0	0.0	4.0
0.4008159189651912	0.04480651733724454	0.03436553838259609	55.0	0.0	0.0	4.0
0.04587591384132497	0.26679773180745325	0.03195323178236988	41.0	0.0	0.0	4.0
0.7610748868982321	0.04014773869251743	0.033663617550690236	25.0	0.0	0.0	4.0
0.559379403527049	0.2784483073683469	0.03943856232980028	14.0	0.0	0.0	4.0
0.2305132814295772	0.3845069455768041	0.036149323608630546	36.0	0.0	0.00971643517007692	4.0
0.8702380653660279	0.368850684240884	0.029790756932844498	57.0	0.0	0.0	4.0
0.454670225744173	0.382195641463137	0.030951746962916315	50.0	0.0	0.0	4.0
0.7549848397172827	0.8983415907513089	0.03347315244498662	59.0	0.0	0.0	4.0
0.7643979243935	0.45673126236235567	0.03132946558639974	67.0	0.0	0.0	4.0
0.31777108510362667	0.1928198231971143	0.03275373705160243	27.0	0.0	0.0	4.0
0.46257697937030234	0.9136933575580896	0.031264221170084615	48.0	0.0	0.0	4.0
0.20492574087559326	0.24877367596494845	0.03377315034311764	7.0	0.0	0.0	4.0
0.3706589716471698	0.7135284981967924	0.031119953643225447	58.0	0.0	0.0	4.0
0.7473402753811564	0.9790126796115757	0.0314996381074534	49.0	0.0	0.0	4.0
0.6840401243843417	0.11565620571118333	0.029639833254008978	51.0	0.0	0.0	4.0
0.1634861535553109	0.3190585341972599	0.03337978589523911	18.0	0.0	0.0	4.0
0.0909672530954412	0.4730380947619051	0.030762622920245657	15.0	0.0	0.0	4.0
0.11980928105176221	0.2292031901920921	0.03595809350261171	38.0	0.0	0.005628642413569196	4.0
0.551341801104109	0.13312655791741948	0.031003422833850446	64.0	0.0	0.0	4.0
0.823526936766695	0.9369010851761251	0.03316042772523484	5.0	0.0	0.0	4.0
0.9135692844765253	0.9455983793561071	0.034143216258510384	29.0	0.0	0.0	4.0
0.708889445900769	0.8458306870153037	0.034607025784158654	24.0	0.0	0.0	4.0
0.637284579060225	0.9375676186586516	0.03305737424084116	9.0	0.0	0.0	4.0
0.11880355868762868	0.6242775626351628	0.032092958116606	19.0	0.0	0.0	4.0
0.3655518593491848	0.274501745181589	0.034176732730426186	47.0	0.0	0.0	4.0
0.8063820248967527	0.11695594989959922	0.03223407205616103	56.0	0.0	0.0	4.0
0.03845298464626571	0.08425136249210559	0.03295366515874975	62.0	0.0	0.0	4.0
0.401987941459865	0.5648647062135792	0.04274704792469179	13.0	0.0	0.0	4.0
0.961223055488184	0.04941321412369325	0.0334225209136388	21.0	0.0	0.0	4.0
0.11335395943172408	0.13532808291727158	0.03118944109938858	10.0	0.0	0.0	4.0
0.40397553207245573	0.4548501657361768	0.03198592298919627	16.0	0.0	0.0	4.0
0.6137726869336375	0.08701594870833101	0.030486002049958695	45.0	0.0	0.0	4.0
0.56303937925191	0.3987446375479374	0.031682156489955246	39.0	0.0	0.0	4.0
0.11381287360651168	0.7340655861685313	0.03342002878500025	44.0	0.0	0.0	4.0
0.869949855868616	0.4645615523107715	0.03142078657019301	54.0	0.0	0.0	5.0
0.7442236897725395	0.14633277470132172	0.03148139369021798	37.0	0.0	0.0	5.0
0.1194489661986595	0.22849768035451343	0.035994051596114324	38.0	0.0	0.00628646866172744	5.0
0.8956708860164805	0.6176017716407662	0.03085157036924731	46.0	0.0	0.0	5.0
0.1713756378237265	0.503416900445137	0.03273404859597294	31.0	0.0	0.0	5.0
0.5585861503013543	0.27572367523077945	0.03779528889939193	14.0	0.0	0.0	5.0
0.11062982793991812	0.7338145709386559	0.033453448813785244	44.0	0.0	0.0	5.0
0.11823826121289058	0.6252175562352188	0.032125051074722605	19.0	0.0	0.0	5.0
0.8232198893671846	0.9351122065087111	0.03319358815296007	5.0	0.0	0.0	5.0
0.7679456445916232	0.45138080223213695	0.03136079505198614	67.0	0.0	0.0	5.0
0.8715485592080968	0.37241242531646523	0.02982054768977734	57.0	0.0	0.0	5.0
0.9126914666633092	0.9439317262673462	0.03417735947476889	29.0	0.0	0.0	5.0
0.4008908387682892	0.5639946283922237	0.04103716600770412	13.0	0.0	0.0	5.0
0.5503726354607982	0.46951359754729893	0.030408206397231397	3.0	0.0	0.0	5.0
0.5490980849354702	0.13410808468231059	0.031034426256684292	64.0	0.0	0.0	5.0
0.5548402299068869	0.6076941339022445	0.033088015327704993	11.0	0.0	0.0	5.0
0.16362286045589508	0.31664844302019873	0.033413165681134345	18.0	0.0	0.0	5.0
0.3696518829133176	0.7154117373758593	0.03115107359686867	58.0	0.0	0.0	5.0
0.9598602804637916	0.04870091821320241	0.03345594343455244	21.0	0.0	0.0	5.0
0.21477623581670655	0.8178069860366057	0.031077928606833213	53.0	0.0	0.0	5.0
0.48131246385958365	0.2454993016856524	0.03215069989409193	22.0	0.0	0.0	5.0
0.4397592641359834	0.3146138035586416	0.030486225074960644	35.0	0.0	0.0	5.0
0.2324834277877178	0.3843265920710462	0.03618547293223917	36.0	0.0	0.010662398272359042	5.0
0.7880550971508765	0.391419593549335	0.030820583617853406	33.0	0.0	0.0	5.0
0.46379325589082077	0.1584624515170768	0.03427573376569996	61.0	0.0	0.0	5.0
0.8972318592248595	0.8473723179559569	0.028071178828859518	40.0	0.0	0.0	5.0
0.283521769770835	0.7300397309694454	0.032411635615490424	34.0	0.0	0.0	5.0
0.3184444823175306	0.19348270405818574	0.032786490788654025	27.0	0.0	0.0	5.0
0.7609344757536889	0.9062264499982268	0.03350662559743161	59.0	0.0	0.0	5.0
0.463329161082217	0.9131843185962488	0.03129548539125469	48.0	0.0	0.0	5.0
0.20328036234797667	0.24864392128575036	0.033806923493460754	7.0	0.0	0.0	5.0
0.9716189371032102	0.2658243945357186	0.029264118019507724	1.0	0.0	0.0	5.0
0.2265680426026212	0.8871723111680294	0.03674396697533562	26.0	0.0	0.0	5.0
0.7618082677299216	0.0416063235517798	0.033697281168240924	25.0	0.0	0.0	5.0
0.545482163356411	0.7867552119888763	0.03048283657374185	6.0	0.0	0.0	5.0
0.6146086474120701	0.08687517004225431	0.03051648805200865	45.0	0.0	0.0	5.0
0.7476843485102282	0.9791140295383787	0.03153113774556085	49.0	0.0	0.0	5.0
0.11204412112808015	0.1399349277372751	0.031220630540487963	10.0	0.0	0.0	5.0
0.09084783502576067	0.4736628239967358	0.0307933855431659	15.0	0.0	0.0	5.0
0.7498394850135386	0.5272614027121482	0.03221150856663466	23.0	0.0	0.0	5.0
0.36755984740538783	0.27485291172203746	0.03421090946315661	47.0	0.0	0.0	5.0
0.5438468836686747	0.888948724563857	0.03982197375066511	63.0	0.0	0.0	5.0
0.06583899720954824	0.877096022870616	0.03343743908466715	17.0	0.0	0.0	5.0
0.6828796364170161	0.10349522901717124	0.029669473087262983	51.0	0.0	0.0	5.0
0.8324096552475214	0.5949754542386277	0.03275381880516668	52.0	0.0	0.0	5.0
0.8942150408736264	0.2908812786950396	0.03587779088074603	60.0	0.0	0.0	5.0
0.5633761150244189	0.40078338413291675	0.0317138386464452	39.0	0.0	0.0	5.0
0.6497641339050394	0.47737832975528804	0.030245639260342586	30.0	0.0	0.0	5.0
0.8197669490242186	0.1132392833823064	0.03226630612821719	56.0	0.0	0.0	5.0
0.038558618367121524	0.08443212858575051	0.03298661882390849	62.0	0.0	0.0	5.0
0.6414718943384099	0.5611656093495072	0.03328588675024561	12.0	0.0	0.0	5.0
0.40438666532487844	0.45636859189224815	0.032017908912185464	16.0	0.0	0.0	5.0
0.7707342490569431	0.7082537869954967	0.031744036316872754	20.0	0.0	0.0	5.0
0.4150368981813837	0.21135604612727107	0.030742299467974677	42.0	0.0	0.0	5.0
0.10293750887386116	0.04461374739138663	0.030296406339832813	43.0	0.0	0.0	5.0
0.6277752497080493	0.861381233867085	0.03683500161474457	28.0	0.0	0.039544794794494464	5.0
0.39792586511421596	0.8717739123323047	0.032251697250482436	2.0	0.0	0.0	5.0
0.6512609485500864	0.7835799750731012	0.034454598577808755	66.0	0.0	0.0	5.0
0.6268793357584899	0.15802334998694847	0.033176568573880905	65.0	0.0	0.0	5.0
0.04552905181523494	0.2660969160042882	0.03198518501415225	41.0	0.0	0.0	5.0
0.13561496946784016	0.4095994108400984	0.029744583351900188	4.0	0.0	0.0	5.0
0.4009267414078349	0.04920625293170697	0.03439990392097868	55.0	0.0	0.0	5.0
0.7041726997535177	0.8356472328140466	0.034641632809942806	24.0	0.0	0.0	5.0
0.6355750573224939	0.271953841330728	0.03134413114891325	32.0	0.0	0.0	5.0
0.6367317104359193	0.9394229854568921	0.033090431615081996	9.0	0.0	0.0	5.0
0.7738003505686875	0.817149462383087	0.031678752292937366	8.0	0.0	0.0	5.0
0.4551726721163412	0.38215601850298486	0.030982698709879228	50.0	0.0	0.0	5.0
0.7697369474431281	0.7059543242276336	0.03177578035318962	20.0	0.0	0.0	6.0
0.6840321844251305	0.10240276524482461	0.029699142560350243	51.0	0.0	0.0	6.0
0.31856377064225777	0.193433183197105	0.03281927727944268	27.0	0.0	0.0	6.0
0.1207653362074084	0.6261024558534005	0.03215717612579733	19.0	0.0	0.0	6.0
0.4387553304164205	0.3171438644672585	0.030516711300035602	35.0	0.0	0.0	6.0
0.3667483962239346	0.7114782696851777	0.031182224670465535	58.0	0.0	0.0	6.0
0.6506812248811457	0.4796895341536242	0.030275884899602926	30.0	0.0	0.0	6.0
0.8314020008494977	0.5952861090458023	0.032786572623971846	52.0	0.0	0.0	6.0
0.8981334375298241	0.8459353134691959	0.028099250007688373	40.0	0.0	0.0	6.0
0.2025401871739909	0.24866023384809569	0.033840730416954214	7.0	0.0	0.0	6.0
0.8946703089554429	0.2907502844984451	0.03438288292738161	60.0	0.0	0.0	6.0
0.8324978656980198	0.9372171665594703	0.03322678174111303	5.0	0.0	0.0	6.0
0.2152982242113484	0.8164030756924366	0.031109006535440045	53.0	0.0	0.0	6.0
0.4635823504747022	0.1598476255655224	0.03431000949946565	61.0	0.0	0.0	6.0
0.6282630726871967	0.8606250245074681	0.03687183661635931	28.0	0.0	0.04197433165350617	6.0
0.1386877237221209	0.4145661880456994	0.029774327935252084	4.0	0.0	0.0	6.0
0.5487858382720148	0.1333064927635936	0.031065460682940974	64.0	0.0	0.0	6.0
0.9114969619393365	0.9444905142368674	0.034211536834243654	29.0	0.0	0.0	6.0
0.5592598448280974	0.27427164644228724	0.03615201546898359	14.0	0.0	0.0	6.0
0.36653786171591934	0.27353896645748654	0.03424512037261976	47.0	0.0	0.0	6.0
0.8714135061890002	0.3726028100835558	0.029850368237467114	57.0	0.0	0.0	6.0
0.7056943165387599	0.8397827768595912	0.034676274442752744	24.0	0.0	0.0	6.0
0.16333508331170452	0.3163615703435164	0.033446578846815476	18.0	0.0	0.0	6.0
0.1181203452755234	0.2288890379524519	0.03603004564771044	38.0	0.0	0.006994382652209197	6.0
0.9600165059823724	0.04846530819837329	0.033489399377986985	21.0	0.0	0.0	6.0
0.04841270217953812	0.26841357112507225	0.032017170199166396	41.0	0.0	0.0	6.0
0.23218176092591739	0.38337993897361483	0.03622165840517141	36.0	0.0	0.011668884361341725	6.0
0.7481727778977499	0.98091793120052	0.03156266888330641	49.0	0.0	0.0	6.0
0.5435822743864016	0.7831480217809583	0.030513319410315588	6.0	0.0	0.0	6.0
0.4561388834106103	0.3808119587403653	0.031013681408589105	50.0	0.0	0.0	6.0
0.4001540392117615	0.05004758734503409	0.034434303824899655	55.0	0.0	0.0	6.0
0.6408201825124675	0.5618071434803757	0.03331917263699585	12.0	0.0	0.0	6.0
0.47955548026266936	0.24643177295159596	0.03218285059398602	22.0	0.0	0.0	6.0
0.6194168498228675	0.08919867456976104	0.030547004540060655	45.0	0.0	0.0	6.0
0.5492266053828349	0.4725113238702022	0.030438614603628626	3.0	0.0	0.0	6.0
0.45855170332405754	0.9104527234282471	0.03132678087664594	48.0	0.0	0.0	6.0
0.8704874073136454	0.46450550956242004	0.0314522073567632	54.0	0.0	0.0	6.0
0.4004974663927321	0.5639785215995641	0.039327284090716445	13.0	0.0	0.0	6.0
0.5465411455754148	0.6067231292538737	0.03312110334303269	11.0	0.0	0.0	6.0
0.6512593032092291	0.783492871964627	0.03448905317638656	66.0	0.0	0.0	6.0
0.7745609509162156	0.8176036214963716	0.0317104310452303	8.0	0.0	0.0	6.0
0.7602408318147075	0.03595855143794187	0.033730978449409164	25.0	0.0	0.0	6.0
0.39691894521703824	0.8732319323409518	0.03228394894773291	2.0	0.0	0.0	6.0
0.627753218448339	0.15794335196746925	0.03320974514245478	65.0	0.0	0.0	6.0
0.7444954345742621	0.14631134488503358	0.031512875083908196	37.0	0.0	0.0	6.0
0.5507773893207277	0.40610680023490797	0.03174555248509164	39.0	0.0	0.0	6.0
0.4099520744910063	0.2151341910017682	0.03077304176744265	42.0	0.0	0.0	6.0
0.1710655340648966	0.5033845703917447	0.032766782644568906	31.0	0.0	0.0	6.0
0.8217895657941674	0.1126573162526521	0.032298572434345404	56.0	0.0	0.0	6.0
0.11372973671239484	0.736943893316736	0.033486902262599025	44.0	0.0	0.0	6.0
0.7495734396151708	0.5263027901351793	0.03224372007520129	23.0	0.0	0.0	6.0
0.7883735664925963	0.3905369293597197	0.030851404201471255	33.0	0.0	0.0	6.0
0.7630907411640853	0.45124322117159416	0.031392155847038125	67.0	0.0	0.0	6.0
0.09023877577081686	0.47487415182160964	0.03082417892870906	15.0	0.0	0.0	6.0
0.7507091894337881	0.9058159734924202	0.03354013222302904	59.0	0.0	0.0	6.0
0.6373678016966262	0.9398956163842731	0.03312352204669707	9.0	0.0	0.0	6.0
0.22334151979315559	0.8999750342000332	0.035146403193799296	26.0	0.0	0.0	6.0
0.06890073911357592	0.8775918289330736	0.03347087652375181	17.0	0.0	0.0	6.0
0.5404410828430747	0.8865166035293521	0.03809058358759272	63.0	0.0	0.0	6.0
0.04283766496526375	0.08728886127877193	0.0330196054427324	62.0	0.0	0.0	6.0
0.40150678388485117	0.45467350077455765	0.03204992682109765	16.0	0.0	0.0	6.0
0.968617742671195	0.26570150940333154	0.02929338213752723	1.0	0.0	0.0	6.0
0.2879508394476996	0.731405190981457	0.03244404725110591	34.0	0.0	0.0	6.0
0.10518483079176975	0.0409295515537916	0.03032670274617264	43.0	0.0	0.0	6.0
0.6396225189616696	0.2715318707896683	0.031375475280062154	32.0	0.0	0.0	6.0
0.8969163282156167	0.6227079089701828	0.030882421939616555	46.0	0.0	0.0	6.0
0.11134446069748402	0.13254818489400805	0.031251851171028446	10.0	0.0	0.0	6.0
0.22688835262284784	0.8975747151376976	0.033548839412262964	26.0	0.0	0.0	7.0
0.6270282221123386	0.8600568107416293	0.03690870845297566	28.0	0.0	0.04450397105871673	7.0
0.36667503776955707	0.711677647821732	0.031213406895135996	58.0	0.0	0.0	7.0
0.6486878740720645	0.554535472368687	0.033352491809632845	12.0	0.0	0.0	7.0
0.048499267156450206	0.2686097695716051	0.03204918736936556	41.0	0.0	0.0	7.0
0.5436808975099983	0.7851044863566028	0.0305438327297259	6.0	0.0	0.0	7.0
0.8971958706182049	0.6235664125550273	0.03091330436155617	46.0	0.0	0.0	7.0
0.5549255899942959	0.476420648175598	0.03046905321823225	3.0	0.0	0.0	7.0
0.47678771435393036	0.24713461865779374	0.03221503344458	22.0	0.0	0.0	7.0
0.36469534167179846	0.2742367216690943	0.034279365492992375	47.0	0.0	0.0	7.0
0.7672728115727041	0.8136766331547411	0.03174214147627553	8.0	0.0	0.0	7.0
0.6826212733873167	0.10195804233642294	0.02972884170291059	51.0	0.0	0.0	7.0
0.9592369368082305	0.04862196920707851	0.03352288877736497	21.0	0.0	0.0	7.0
0.07001792199226588	0.8774325073309749	0.03350434740027556	17.0	0.0	0.0	7.0
0.5477099392761272	0.1335227037523698	0.03109652614362391	64.0	0.0	0.0	7.0
0.789232249036877	0.39080165689005236	0.030882255605672725	33.0	0.0	0.0	7.0
0.16389558021855996	0.3160123679856063	0.03348002542566229	18.0	0.0	0.0	7.0
0.39318561260900403	0.8736925814210486	0.03231623289668064	2.0	0.0	0.0	7.0
0.6494030923458562	0.7838902726542372	0.03452354222956294	66.0	0.0	0.0	7.0
0.17191341846155983	0.5034460659279512	0.03279954942721347	31.0	0.0	0.0	7.0
0.820584017352572	0.1099708797020922	0.03233087100677975	56.0	0.0	0.0	7.0
0.8290032829829941	0.5908676675213471	0.032819359196595815	52.0	0.0	0.0	7.0
0.7461265451860273	0.14728529099420332	0.0315443879589921	37.0	0.0	0.0	7.0
0.4573130790321238	0.3791344092754663	0.03104469508999769	50.0	0.0	0.0	7.0
0.6547197904699734	0.4811610516979327	0.030306160784502528	30.0	0.0	0.0	7.0
0.5390882559923666	0.8866490391677221	0.03635919342452032	63.0	0.0	0.0	7.0
0.3981863109705187	0.5648537472156058	0.03761740217372878	13.0	0.0	0.0	7.0
0.8992992111448909	0.8459169633275001	0.02812734925769606	40.0	0.0	0.0	7.0
0.762261914416145	0.45058590460800685	0.03142354800288516	67.0	0.0	0.0	7.0
0.04200331805968837	0.08679776674652619	0.033052625048175126	62.0	0.0	0.0	7.0
0.7470157419831559	0.5309441439943017	0.03227596379527649	23.0	0.0	0.0	7.0
0.8703498706107341	0.4649670677353793	0.031483659564119956	54.0	0.0	0.0	7.0
0.28690303759859015	0.7314679347184386	0.032476491298357016	34.0	0.0	0.0	7.0
0.2318542782139862	0.3837849543474854	0.036257880063576574	36.0	0.0	0.012737895328569948	7.0
0.1140720765456727	0.7372643188974904	0.03352038916486162	44.0	0.0	0.0	7.0
0.8334227753369535	0.9432917418481768	0.033260008522854136	5.0	0.0	0.0	7.0
0.1395745673220163	0.4136364484667537	0.029804102263187332	4.0	0.0	0.0	7.0
0.6373633138320569	0.9391827885040236	0.033156645568743766	9.0	0.0	0.0	7.0
0.5454620630447626	0.6085174600585801	0.03315422444637572	11.0	0.0	0.0	7.0
0.12516502025962686	0.6262548636310407	0.03218933330192312	19.0	0.0	0.0	7.0
0.6394700506005101	0.27146171280988546	0.03140685075534221	32.0	0.0	0.0	7.0
0.40119761804046816	0.45537422132636424	0.03208197674791874	16.0	0.0	0.0	7.0
0.7735043536541668	0.702102974138137	0.03180755613354281	20.0	0.0	0.0	7.0
0.8934153396410626	0.29073053035025964	0.0328879749740172	60.0	0.0	0.0	7.0
0.4099665274582524	0.21487939063182765	0.030803814809210087	42.0	0.0	0.0	7.0
0.09034936007606852	0.47596823858615933	0.03085500310763777	15.0	0.0	0.0	7.0
0.7597813192667072	0.03421808457021063	0.03376470942785857	25.0	0.0	0.0	7.0
0.549230553138324	0.4092822298972948	0.03177729803757672	39.0	0.0	0.0	7.0
0.7052790627958937	0.8414852586279944	0.034710950717195495	24.0	0.0	0.0	7.0
0.9711619857656837	0.2683354127058878	0.02932267551966475	1.0	0.0	0.0	7.0
0.11603682659611085	0.23020539853434965	0.036066075693358145	38.0	0.0	0.007754326772015929	7.0
0.8761564922195142	0.37727172554539734	0.029880218605704577	57.0	0.0	0.0	7.0
0.7439824143357758	0.9752410807629043	0.03159423155218971	49.0	0.0	0.0	7.0
0.39794196117492897	0.04527984638178194	0.03446873812872455	55.0	0.0	0.0	7.0
0.438708106886792	0.3178929558213627	0.030547228011335633	35.0	0.0	0.0	7.0
0.628147103469345	0.15932868874045156	0.03324295488759724	65.0	0.0	0.0	7.0
0.22133357360496664	0.8187759529594966	0.03114011554197548	53.0	0.0	0.0	7.0
0.46401994664256285	0.1609111712611111	0.03434431950896511	61.0	0.0	0.0	7.0
0.7499537748563093	0.9092909520348791	0.03357367235525206	59.0	0.0	0.0	7.0
0.909826746812066	0.9469753243197074	0.0342457483710779	29.0	0.0	0.0	7.0
0.5592966530882235	0.2742393066301412	0.03450874203857525	14.0	0.0	0.0	7.0
0.10941148477795387	0.13244464456387184	0.03128310302219947	10.0	0.0	0.0	7.0
0.31754333313579847	0.1879063605682356	0.03285209655672212	27.0	0.0	0.0	7.0
0.6214240510804051	0.08939517050694605	0.030577551544600713	45.0	0.0	0.0	7.0
0.45855170332405754	0.9128815565531231	0.03135810765752258	48.0	0.0	0.0	7.0
0.20184398269060666	0.25000249802730473	0.03387457114737116	7.0	0.0	0.0	7.0
0.10489661318015014	0.03895306891975149	0.030357029448918812	43.0	0.0	0.0	7.0
0.7484719172074236	0.5300112584255801	0.03230823975907176	23.0	0.0	0.0	8.0
0.11550229450153428	0.7386029840908578	0.03355390955402648	44.0	0.0	0.0	8.0
0.04110528002647226	0.08253767399142378	0.0330856776732233	62.0	0.0	0.0	8.0
0.22074722610389994	0.8192231910087691	0.031171255657517452	53.0	0.0	0.0	8.0
0.8300079005511934	0.939330195999891	0.033293268531376985	5.0	0.0	0.0	8.0
0.2317277229686853	0.38579245867461187	0.03629413794364015	36.0	0.0	0.013871444424083279	8.0
0.6483498427700672	0.2749529202945158	0.03143825760609755	32.0	0.0	0.0	8.0
0.46334502708630537	0.1612803322923574	0.03437866382847407	61.0	0.0	0.0	8.0
0.6132235802140835	0.09056627751850743	0.030608129096145312	45.0	0.0	0.0	8.0
0.6280975659985744	0.15948082342859551	0.03327619784248483	65.0	0.0	0.0	8.0
0.6558001817338102	0.4833097884407259	0.030336466945287025	30.0	0.0	0.0	8.0
0.5461023676185138	0.608847019008383	0.03318737867082209	11.0	0.0	0.0	8.0
0.19859573263936575	0.2532815692261733	0.03390844571851853	7.0	0.0	0.0	8.0
0.7682012080745927	0.8142631911594923	0.0317738836177518	8.0	0.0	0.0	8.0
0.7939868394064802	0.39052415848805216	0.030913137861278393	33.0	0.0	0.0	8.0
0.22261640859124412	0.9227878560855433	0.019266811104785456	71.0	26.0	0.0	8.0
0.047862459192238097	0.26823494597338077	0.03208123655673492	41.0	0.0	0.0	8.0
0.11471517768850112	0.12914032290332067	0.031314386125221666	10.0	0.0	0.0	8.0
0.5571894949807219	0.4810681157797962	0.03049952227145048	3.0	0.0	0.0	8.0
0.8995780201394074	0.6254313116002326	0.030944217665917723	46.0	0.0	0.0	8.0
0.0899570819061414	0.47603176252152557	0.030885858110745405	15.0	0.0	0.0	8.0
0.12562680457685604	0.6266355156827618	0.03222152263522504	19.0	0.0	0.0	8.0
0.517949559738374	0.9037409496768807	0.019488721785253817	72.0	63.0	0.0	8.0
0.8689923366093996	0.46534843303959583	0.031515143223684074	54.0	0.0	0.0	8.0
0.819179967923861	0.10998413946913291	0.032363201877786525	56.0	0.0	0.0	8.0
0.36449024600909696	0.712802140301767	0.031244620302031127	58.0	0.0	0.0	8.0
0.647979564691543	0.5553892608028378	0.03338584430144247	12.0	0.0	0.0	8.0
0.3944406063750386	0.8750249738915443	0.03234854912957732	2.0	0.0	0.0	8.0
0.06687603949072114	0.8728212424643317	0.03353785174767583	17.0	0.0	0.0	8.0
0.5493544139475836	0.4027251317395526	0.03180907533561429	39.0	0.0	0.0	8.0
0.6309576483273515	0.9408955799000595	0.0331898022143125	9.0	0.0	0.0	8.0
0.6488616358340403	0.7855531415146589	0.034558065771792504	66.0	0.0	0.0	8.0
0.623600299343685	0.8562769231907339	0.036945617161428634	28.0	0.0	0.047135936377969756	8.0
0.7738633579873304	0.706845849816907	0.031839363689676346	20.0	0.0	0.0	8.0
0.4550163207697557	0.37965645649713026	0.031075739785087684	50.0	0.0	0.0	8.0
0.5476147262518256	0.24822823461480467	0.019487773711480583	68.0	14.0	0.0	8.0
0.8292832304788161	0.5915480595723744	0.03285217855579241	52.0	0.0	0.0	8.0
0.7595763553912844	0.033671661515055455	0.03379847413728643	25.0	0.0	0.0	8.0
0.2888491454939472	0.7318082793608487	0.03250896778965537	34.0	0.0	0.0	8.0
0.5480255072615418	0.13089720605448432	0.03112762266976753	64.0	0.0	0.0	8.0
0.5410445876614722	0.7843459414368625	0.030574376562455624	6.0	0.0	0.0	8.0
0.45536301982079946	0.9186679357944049	0.0313894657651801	48.0	0.0	0.0	8.0
0.7434606768429493	0.9776411226027373	0.031625825783741894	49.0	0.0	0.0	8.0
0.368372784419519	0.2746435353573539	0.03431364485848536	47.0	0.0	0.0	8.0
0.11178986922109475	0.22563926137909904	0.0361021417690515	38.0	0.0	0.008568254522614893	8.0
0.8988172195624504	0.8419068360377013	0.02815547660695375	40.0	0.0	0.0	8.0
0.9626559695769527	0.04804619214001465	0.03355641166614233	21.0	0.0	0.0	8.0
0.6929208436614258	0.106723265327158	0.029758570544613498	51.0	0.0	0.0	8.0
0.4406882427698236	0.31676077844086403	0.030577775239346964	35.0	0.0	0.0	8.0
0.3919640460887061	0.045486925058886706	0.03450320686685327	55.0	0.0	0.0	8.0
0.17486197873676546	0.5022653141030615	0.03283234897664068	31.0	0.0	0.0	8.0
0.8766923048133887	0.3807908087132188	0.02991009882431028	57.0	0.0	0.0	8.0
0.5588623486077543	0.869535648784767	0.019488721785253817	73.0	63.0	0.0	8.0
0.909490260411652	0.9467885144339026	0.03427999411944897	29.0	0.0	0.0	8.0
0.40982079450479775	0.21564178477154972	0.030834618624019292	42.0	0.0	0.0	8.0
0.7068447494965738	0.8444130667125771	0.03474566166791269	24.0	0.0	0.0	8.0
0.1376013440149762	0.41557885621339996	0.029833906365450517	4.0	0.0	0.0	8.0
0.568050277590922	0.2937249681775837	0.019487773711480583	69.0	14.0	0.0	8.0
0.3978117708233123	0.5646332938080717	0.03590752025674111	13.0	0.0	0.0	8.0
0.4770912002594766	0.2495321012832515	0.03224724847802458	22.0	0.0	0.0	8.0
0.22665952415041943	0.8749727054177755	0.019266811104785456	70.0	26.0	0.0	8.0
0.7485886533535241	0.9031963671882999	0.03360724602760731	59.0	0.0	0.0	8.0
0.7448834828489269	0.1514568726087243	0.03157593234695109	37.0	0.0	0.0	8.0
0.32490467172771115	0.18844026526761312	0.03288494865327884	27.0	0.0	0.0	8.0
0.10330403622957138	0.03916996515240264	0.030387386478367726	43.0	0.0	0.0	8.0
0.8946710961516762	0.2873827486611927	0.03139306702065278	60.0	0.0	0.0	8.0
0.16198657151085785	0.32033911254477393	0.033513505451087944	18.0	0.0	0.0	8.0
0.3998012955231478	0.4546443907960043	0.032114058724666654	16.0	0.0	0.0	8.0
0.7538461398396166	0.4622930152384555	0.03145497155088804	67.0	0.0	0.0	8.0
0.9768175838287761	0.27023622159957267	0.029351998195184414	1.0	0.0	0.0	8.0
0.07097095482032158	0.8721845586184811	0.033571389599423504	17.0	0.0	0.0	9.0
0.548335274649813	0.13025099649078292	0.031158750292437296	64.0	0.0	0.0	9.0
0.8688367889921874	0.46496351670257957	0.03154665836690775	54.0	0.0	0.0	9.0
0.17492675736379154	0.5022139402005945	0.03286518132561732	31.0	0.0	0.0	9.0
0.8892510266855433	0.31032290211484065	0.016526372028840615	77.0	60.0	0.0	9.0
0.8274754780329846	0.5930768346717077	0.032885030734348196	52.0	0.0	0.0	9.0
0.9087637090434914	0.9484352340986488	0.03431427411356842	29.0	0.0	0.0	9.0
0.7683571197781391	0.8141938139984878	0.031805657501369544	8.0	0.0	0.0	9.0
0.6927046793631474	0.10691078947849417	0.029788329115158108	51.0	0.0	0.0	9.0
0.6238001482151848	0.8580328853793849	0.03698256277859006	28.0	0.0	0.04987246324044747	9.0
0.04803966649577866	0.2675964340842564	0.03211331779329165	41.0	0.0	0.0	9.0
0.655159249369769	0.4845454894080141	0.03036680341223231	30.0	0.0	0.0	9.0
0.5461580112178263	0.40362308132920116	0.031840884410949906	39.0	0.0	0.0	9.0
0.5463386754925341	0.2516963641534523	0.01950726148519206	68.0	0.0	0.0	9.0
0.5397142550149133	0.7864369687215973	0.030604950939018077	6.0	0.0	0.0	9.0
0.36707792954365887	0.2740278381251193	0.034347958503343844	47.0	0.0	0.0	9.0
0.373138855419083	0.5666865644022463	0.01924662255599047	74.0	13.0	0.0	9.0
0.10239444300925259	0.03892060533903726	0.03041777386484609	43.0	0.0	0.0	9.0
0.111531153740852	0.22528876933574468	0.036138243910820544	38.0	0.0	0.009438130565470715	9.0
0.6125436668833981	0.087700475661628	0.030638737225241453	45.0	0.0	0.0	9.0
0.5513452119952192	0.4806812118642507	0.03053002179372193	3.0	0.0	0.0	9.0
0.7472471354011601	0.9768055051600286	0.031657451609525634	49.0	0.0	0.0	9.0
0.22963540608114497	0.3883801388042452	0.036330432081583784	36.0	0.0	0.015071556302928002	9.0
0.6340951310953884	0.9439072260891741	0.033222992016526814	9.0	0.0	0.0	9.0
0.3945814092470506	0.8750066998116616	0.032380897678706895	2.0	0.0	0.0	9.0
0.7475459434344377	0.9055596562875036	0.03364085327363492	59.0	0.0	0.0	9.0
0.43724144557686	0.3155294067268799	0.03060835301458631	35.0	0.0	0.0	9.0
0.22946125656344485	0.8773417766741463	0.01928607791589024	70.0	0.0	0.0	9.0
0.5237555071278522	0.9027632078459095	0.01950821050703907	72.0	0.0	0.0	9.0
0.6478535682115448	0.2732483377382672	0.03146969586370364	32.0	0.0	0.0	9.0
0.3925365221175075	0.040723975186965376	0.03453771007372012	55.0	0.0	0.0	9.0
0.04054388686498104	0.08262134392256017	0.033118763350896516	62.0	0.0	0.0	9.0
0.42298569799142594	0.5579167920811696	0.01924662255599047	75.0	13.0	0.0	9.0
0.36254084579460966	0.71237193545547	0.031275864922333155	58.0	0.0	0.0	9.0
0.7484760339501711	0.5293573775071595	0.03234054799883083	23.0	0.0	0.0	9.0
0.1988984161384416	0.2567067593959177	0.03394235416423705	7.0	0.0	0.0	9.0
0.0917169625855685	0.4732267300372979	0.030916743968856148	15.0	0.0	0.0	9.0
0.325592948863257	0.18495858771216994	0.032917833601932116	27.0	0.0	0.0	9.0
0.46716563463906785	0.16442968589645235	0.034413042492302544	61.0	0.0	0.0	9.0
0.45397863859881593	0.38040738635703114	0.03110681552487277	50.0	0.0	0.0	9.0
0.12457723662798457	0.6265925406942138	0.03225374415786026	19.0	0.0	0.0	9.0
0.45454802076738704	0.9125395281462144	0.031420855230945274	48.0	0.0	0.0	9.0
0.48105059509437265	0.24817357257515058	0.0322794957265026	22.0	0.0	0.0	9.0
0.5469604903408747	0.6080737094224644	0.03322056604949291	11.0	0.0	0.0	9.0
0.16200203148736905	0.320952885417156	0.033547018956539026	18.0	0.0	0.0	9.0
0.22489392701891445	0.9260857027632314	0.01928607791589024	71.0	0.0	0.0	9.0
0.9025514601294138	0.6262666253715587	0.030975161883583638	46.0	0.0	0.0	9.0
0.1371896033551902	0.4167429344379977	0.029863740271815965	4.0	0.0	0.0	9.0
0.6470214829193709	0.7861975033223296	0.03459262383756429	66.0	0.0	0.0	9.0
0.9650603362405914	0.04776487782706964	0.033589968077808466	21.0	0.0	0.0	9.0
0.22051903439963774	0.810441050938964	0.031202426913174965	53.0	0.0	0.0	9.0
0.8202237083999349	0.10870978375543329	0.03239556507966431	56.0	0.0	0.0	9.0
0.743554782898873	0.15301804551526482	0.031607508279298036	37.0	0.0	0.0	9.0
0.7068753424280334	0.8444848388292033	0.0347804073295806	24.0	0.0	0.0	9.0
0.11748841559235335	0.7406079505693105	0.0335874634635805	44.0	0.0	0.0	9.0
0.7518858809179094	0.4612996482158183	0.03148642652243892	67.0	0.0	0.0	9.0
0.9764375034016628	0.2700436147158272	0.029381350193379594	1.0	0.0	0.0	9.0
0.8781392853988345	0.38039412720694765	0.029940008923134587	57.0	0.0	0.0	9.0
0.28860617416516055	0.7307841669427214	0.03254147675744502	34.0	0.0	0.0	9.0
0.8962762280413474	0.2636509313547714	0.016526372028840615	76.0	60.0	0.0	9.0
0.5665635125355073	0.29606187714911336	0.01950726148519206	69.0	0.0	0.0	9.0
0.8318453891293026	0.9399477636898772	0.03332656179990836	5.0	0.0	0.0	9.0
0.40020947210762053	0.45422711937978877	0.03214617278339132	16.0	0.0	0.0	9.0
0.6299985992446009	0.15351523940676917	0.033309474040327317	65.0	0.0	0.0	9.0
0.4141399939357566	0.214745478083989	0.03086545324264331	42.0	0.0	0.0	9.0
0.7931391687349655	0.3907168318425801	0.030944050999139668	33.0	0.0	0.0	9.0
0.7697365652354555	0.7094531445639649	0.03187120305336602	20.0	0.0	0.0	9.0
0.6477810278751592	0.5542325720437348	0.03341923014574391	12.0	0.0	0.0	9.0
0.11338339152266304	0.12723762702460353	0.031345700511346886	10.0	0.0	0.0	9.0
0.7603512954496228	0.042440943877871784	0.03383227261142371	25.0	0.0	0.0	9.0
0.9018178769933006	0.8417839728930464	0.0281836320835607	40.0	0.0	0.0	9.0
0.5584009011581038	0.8697586375749355	0.01950821050703907	73.0	0.0	0.0	9.0
0.8337381425340592	0.9404794855305841	0.033359888361708265	5.0	0.0	0.0	10.0
0.225419344833436	0.9247855099078633	0.01930536399380613	71.0	0.0	0.0	10.0
0.6305434138669139	0.9431701848955241	0.03325621500854334	9.0	0.0	0.0	10.0
0.7491656889065419	0.53273414018484	0.03237288854682965	23.0	0.0	0.0	10.0
0.45283124659183094	0.38693186440393873	0.03113792234039764	50.0	0.0	0.0	10.0
0.8997165013387803	0.8420971615251244	0.028211815715644257	40.0	0.0	0.0	10.0
0.39281916490161584	0.8714461812382092	0.032413278576385596	2.0	0.0	0.0	10.0
0.17695894441346927	0.5002876944262107	0.03289804650694293	31.0	0.0	0.0	10.0
0.3255523156095199	0.18496622232531587	0.03295075143553405	27.0	0.0	0.0	10.0
0.6289244821596189	0.15729302687508512	0.03334278351436764	65.0	0.0	0.0	10.0
0.9764047626541701	0.27264369234560354	0.02941073154357297	1.0	0.0	0.0	10.0
0.06857412328876224	0.8696075933832018	0.03360496098902292	17.0	0.0	0.0	10.0
0.4568414089688784	0.9120030403479441	0.03145227608617621	48.0	0.0	0.0	10.0
0.11266429273008258	0.22643266015858374	0.03617438215473136	38.0	0.0	0.010365930768003295	10.0
0.04503659659577574	0.27516461275161874	0.032145431111084935	41.0	0.0	0.0	10.0
0.28847015822313615	0.7311399504230867	0.032574018234202466	34.0	0.0	0.0	10.0
0.5668317818702379	0.2960881395052911	0.01952676874667725	69.0	0.0	0.0	10.0
0.22770507331064913	0.8780579029380148	0.01930536399380613	70.0	0.0	0.0	10.0
0.647094763805136	0.5660144726071521	0.033452649375889654	12.0	0.0	0.0	10.0
0.7483093703093955	0.9082447122478972	0.03367449412690855	59.0	0.0	0.0	10.0
0.373694883697253	0.5674916933476746	0.01926586917854646	74.0	0.0	0.0	10.0
0.8996812260745709	0.6289531266913672	0.031006137045467216	46.0	0.0	0.0	10.0
0.11415093842137362	0.1269742699864213	0.03137704621185823	10.0	0.0	0.0	10.0
0.6106427087527609	0.08757462820594251	0.030669375962466692	45.0	0.0	0.0	10.0
0.4125023640278428	0.21490579465528914	0.03089631869588595	42.0	0.0	0.0	10.0
0.4379755747693567	0.30645379175055165	0.030638961367600893	35.0	0.0	0.0	10.0
0.7692550921593393	0.7089483829858075	0.03190307425641938	20.0	0.0	0.0	10.0
0.8908877147459038	0.3139094648784275	0.016542898400869453	77.0	0.0	0.0	10.0
0.13565835495041365	0.42090465589378157	0.02989360401208778	4.0	0.0	0.0	10.0
0.7499342395037387	0.46146592462627956	0.031517912948961356	67.0	0.0	0.0	10.0
0.8715194697272838	0.46091765752720487	0.031578205025274655	54.0	0.0	0.0	10.0
0.6386925471819178	0.7774993638004717	0.03462721646140185	66.0	0.0	0.0	10.0
0.38980873250515446	0.04785918645369325	0.034572247783793836	55.0	0.0	0.0	10.0
0.5179205140788266	0.9060952446125016	0.019527718717546105	72.0	0.0	0.0	10.0
0.48098115811250197	0.2485633816689481	0.0323117752222291	22.0	0.0	0.0	10.0
0.547309572798055	0.40687879030029095	0.03187272529536085	39.0	0.0	0.0	10.0
0.04127001580423653	0.0771611975257352	0.03315188211424741	62.0	0.0	0.0	10.0
0.7669296044206511	0.8168632439698251	0.03183746315887091	8.0	0.0	0.0	10.0
0.9092108712162178	0.9493531929900464	0.03434858838768198	29.0	0.0	0.0	10.0
0.8780140710743787	0.3812923670361032	0.02996994893205772	57.0	0.0	0.0	10.0
0.5438076684025022	0.25136787777326686	0.01952676874667725	68.0	0.0	0.0	10.0
0.557055647050178	0.8675260041168205	0.019527718717546105	73.0	0.0	0.0	10.0
0.9662975001460612	0.047057507690633466	0.03362355804588627	21.0	0.0	0.0	10.0
0.9011496858960923	0.26218200246518913	0.016542898400869453	76.0	0.0	0.0	10.0
0.691890275675699	0.10769252947295453	0.029818117444273262	51.0	0.0	0.0	10.0
0.1028145361478793	0.03801516925944954	0.03044819163871093	43.0	0.0	0.0	10.0
0.19650675774023524	0.2544962821356531	0.03397629651840128	7.0	0.0	0.0	10.0
0.5496402487334408	0.12898247962642057	0.031189909042729728	64.0	0.0	0.0	10.0
0.5402893543751276	0.7849605878549275	0.030635555889957092	6.0	0.0	0.0	10.0
0.7655814873998306	0.040497851734520446	0.033866104884035124	25.0	0.0	0.0	10.0
0.8207034765066531	0.10875675088611192	0.03242796064474397	56.0	0.0	0.0	10.0
0.3625333223430862	0.712280217745114	0.03130714078725549	58.0	0.0	0.0	10.0
0.3704411363310988	0.27410195912016017	0.03438230646184719	47.0	0.0	0.0	10.0
0.09236752161328214	0.47063063635134955	0.030947660712825002	15.0	0.0	0.0	10.0
0.5521146104762833	0.4805416581027737	0.030560551815515646	3.0	0.0	0.0	10.0
0.12004604683989008	0.7488121805194948	0.03362105092704407	44.0	0.0	0.0	10.0
0.698570704874147	0.8422159568057025	0.034815187736910176	24.0	0.0	0.0	10.0
0.746897923810543	0.15373378666837262	0.03163911578757733	37.0	0.0	0.0	10.0
0.832019691388782	0.5936957201559395	0.03291791576508254	52.0	0.0	0.0	10.0
0.6453221422610831	0.27295215730838734	0.03150116555956734	32.0	0.0	0.0	10.0
0.6179662548675962	0.8464875423109796	0.03701954534136864	28.0	0.0	0.05271579958629502	10.0
0.4038509962188592	0.4555539683562011	0.032178318956174706	16.0	0.0	0.0	10.0
0.46653745257228585	0.1638190534282674	0.03444745553479484	61.0	0.0	0.0	10.0
0.7923129661548073	0.39171272745910474	0.030974995050138805	33.0	0.0	0.0	10.0
0.7473311036970606	0.9766303378638149	0.03168910906113516	49.0	0.0	0.0	10.0
0.22503200073906612	0.8132134442905051	0.031233629340088137	53.0	0.0	0.0	10.0
0.12447992983088559	0.6276936720274062	0.03228599790201812	19.0	0.0	0.0	10.0
0.42758472329145536	0.5596584251676864	0.01926586917854646	75.0	0.0	0.0	10.0
0.6533226918740319	0.4800672353864299	0.030397170215644538	30.0	0.0	0.0	10.0
0.22959633512843527	0.3821743222139134	0.036366762513665364	36.0	0.0	0.016340267071868197	10.0
0.5456162732142708	0.6111203608680068	0.0332537866155424	11.0	0.0	0.0	10.0
0.16206934971927042	0.32099424017243755	0.03358056597549556	18.0	0.0	0.0	10.0
0.6526564870329818	0.4817461697549319	0.03042756738586018	30.0	0.0	0.0	11.0
0.7449435653155837	0.9772687344823232	0.03172079817019629	49.0	0.0	0.0	11.0
0.2873303833757251	0.734640316676501	0.032606592252436666	34.0	0.0	0.0	11.0
0.6940533810159036	0.10976887807344635	0.029847935561717533	51.0	0.0	0.0	11.0
0.22617906429930554	0.876458081982165	0.019324669357799935	70.0	0.0	0.0	11.0
0.1610820984367597	0.31958377429234686	0.03361414654147105	18.0	0.0	0.0	11.0
0.3232837195951679	0.18777191627323658	0.032983702186969575	27.0	0.0	0.0	11.0
0.5410074895464527	0.7853188407181052	0.030666191445847046	6.0	0.0	0.0	11.0
0.8893422754509862	0.3120702963857968	0.01655944129927032	77.0	0.0	0.0	11.0
0.9654281608094067	0.0464367026010031	0.033657181603932156	21.0	0.0	0.0	11.0
0.7707694125767142	0.7122667949377464	0.031934977330675796	20.0	0.0	0.0	11.0
0.14121520026224293	0.4170183707276947	0.029923497616099862	4.0	0.0	0.0	11.0
0.46726725327488017	0.16416045337803195	0.03448190299032963	61.0	0.0	0.0	11.0
0.7632155761941136	0.8165703554138007	0.03186930062202978	8.0	0.0	0.0	11.0
0.6191626092771779	0.8500103706484914	0.037056564886710004	28.0	0.0	0.055668205716571606	11.0
0.6319802980897339	0.9426771680208962	0.03328947122355188	9.0	0.0	0.0	11.0
0.7466064749834349	0.46217837381043425	0.03154943086191032	67.0	0.0	0.0	11.0
0.40260524886460325	0.4553763121567764	0.032210497275130874	16.0	0.0	0.0	11.0
0.11220768849992172	0.22688213366249563	0.03621055653688608	38.0	0.0	0.011353642249403606	11.0
0.39317241678846737	0.8709277219978928	0.032445691854961975	2.0	0.0	0.0	11.0
0.7497023054188904	0.9053388931608898	0.033708168621035456	59.0	0.0	0.0	11.0
0.6504885178302797	0.5659182984432435	0.033486102025265536	12.0	0.0	0.0	11.0
0.907795096034131	0.9486357447173823	0.03438293697606966	29.0	0.0	0.0	11.0
0.22649777569213897	0.9235344381822548	0.019324669357799935	71.0	0.0	0.0	11.0
0.41312506361523854	0.21459023979247027	0.03092721501458183	42.0	0.0	0.0	11.0
0.19440521923106804	0.2532593217487213	0.03401027281491968	7.0	0.0	0.0	11.0
0.10282982688468432	0.03812485917611918	0.030478639830349638	43.0	0.0	0.0	11.0
0.108566474046748	0.13741712546765567	0.031408423258070084	10.0	0.0	0.0	11.0
0.6410040368437179	0.7762538891291113	0.03466184367786325	66.0	0.0	0.0	11.0
0.48146795446081936	0.24826853939479307	0.032344086997451324	22.0	0.0	0.0	11.0
0.6265726185556457	0.15960816174457212	0.033376126297882	65.0	0.0	0.0	11.0
0.4399696109098319	0.3040191718357461	0.03066960032896849	35.0	0.0	0.0	11.0
0.6101635582867008	0.08767721069233814	0.030700045338429155	45.0	0.0	0.0	11.0
0.3855314471169906	0.04768405125566186	0.034606820031577626	55.0	0.0	0.0	11.0
0.18429682210642176	0.5022497472009646	0.03293094455344987	31.0	0.0	0.0	11.0
0.6990897058003359	0.8402501695376836	0.03485000292464708	24.0	0.0	0.0	11.0
0.5458853768958479	0.6146755416514038	0.03328704040215794	11.0	0.0	0.0	11.0
0.12776791746484253	0.6309303116050399	0.032318283899920135	19.0	0.0	0.0	11.0
0.5375707354857981	0.2527855165183704	0.019546295515423927	68.0	0.0	0.0	11.0
0.8988534618088075	0.842865111343046	0.028240027531359898	40.0	0.0	0.0	11.0
0.45193261005593754	0.38411187597335233	0.031169060262738035	50.0	0.0	0.0	11.0
0.8996234941373448	0.26354003838653406	0.01655944129927032	76.0	0.0	0.0	11.0
0.8972144004252601	0.6285377046309788	0.03103714318251268	46.0	0.0	0.0	11.0
0.3707270099700888	0.2710838163689851	0.03441668876830903	47.0	0.0	0.0	11.0
0.8333157614704447	0.5932871954220891	0.03295083368084762	52.0	0.0	0.0	11.0
0.5580104789072624	0.8728862909684635	0.01954724643626365	73.0	0.0	0.0	11.0
0.7447483967114755	0.15010799720965964	0.031670754903364906	37.0	0.0	0.0	11.0
0.4262532752357218	0.5595534270700201	0.019285135047725006	75.0	0.0	0.0	11.0
0.7694822428546725	0.04014076409050954	0.033899970988919156	25.0	0.0	0.0	11.0
0.8391267121092524	0.9397110208914309	0.03339324825006997	5.0	0.0	0.0	11.0
0.5189615282007518	0.9072876466668651	0.01954724643626365	72.0	0.0	0.0	11.0
0.3719965282029447	0.5704838734408659	0.019285135047725006	74.0	0.0	0.0	11.0
0.11698387402018762	0.7444373163307675	0.03365467197797111	44.0	0.0	0.0	11.0
0.4584107673407829	0.9116979310173804	0.03148372836226239	48.0	0.0	0.0	11.0
0.9804316060673577	0.27180805445976536	0.02944014227511654	1.0	0.0	0.0	11.0
0.8228088406328947	0.12258425614353309	0.03246038860538871	56.0	0.0	0.0	11.0
0.7919516885788629	0.39152389472054466	0.03100597004518894	33.0	0.0	0.0	11.0
0.8830356287885768	0.38522356367313215	0.029999918880989775	57.0	0.0	0.0	11.0
0.6498260389112498	0.270066776402345	0.031532666725126904	32.0	0.0	0.0	11.0
0.36221651597019844	0.7119308830180096	0.03133844792804274	58.0	0.0	0.0	11.0
0.22779674906501024	0.8113424009039184	0.03126486296942822	53.0	0.0	0.0	11.0
0.5680259785652937	0.297527611231035	0.019546295515423927	69.0	0.0	0.0	11.0
0.5525756689781947	0.48208892014457794	0.03059111236733116	3.0	0.0	0.0	11.0
0.5477018916021016	0.12809054887174978	0.031221098951772455	64.0	0.0	0.0	11.0
0.06542107007960557	0.8720760051545459	0.03363856595001194	17.0	0.0	0.0	11.0
0.04309293928149207	0.2776313279160972	0.03217757654219602	41.0	0.0	0.0	11.0
0.8705668651718819	0.4582774350072689	0.03160978323029993	54.0	0.0	0.0	11.0
0.7494721382365862	0.532911927312436	0.03240526143537648	23.0	0.0	0.0	11.0
0.23053334737366146	0.37947117515199724	0.03640312927617902	36.0	0.0	0.017679624336167876	11.0
0.08944452445838572	0.47529279728508567	0.030978608373537823	15.0	0.0	0.0	11.0
0.03900812619702884	0.0790740260863677	0.033185033996361656	62.0	0.0	0.0	11.0
0.5474364986282312	0.40654041262393253	0.03190459802065621	39.0	0.0	0.0	11.0
