# x	y	r	id	split_id	s_prob	t
2.0	0.5	0.0	-1.0	0.0	0.0	0.0
0.24268297160532168	0.6219447880213678	0.11659436657719946	1.0	0.0	3476.6462228319483	0.0
0.7533967503462073	0.9100563782584312	0.12170673368092057	2.0	0.0	4171.943832385306	0.0
0.17209115189127366	0.8679548136985311	0.10491990947414237	3.0	0.0	2187.673701117073	0.0
0.04874634800078462	0.6397057792375876	0.04874634800078462	4.0	0.0	16.62424676353038	0.0
0.41810400667313935	0.3550742687063245	0.12228947324189149	5.0	0.0	4256.626966987192	0.0
0.19960782427906126	0.18186975414732398	0.1033087534481644	6.0	0.0	2039.9008276423465	0.0
0.96544496739442	0.762867519472007	0.10686297682244301	7.0	0.0	2375.1748380533263	0.0
0.12113522001991474	0.4170367373161859	0.12113522001991474	8.0	0.0	4089.9902826455645	0.0
0.7634526329657588	0.6505945857122872	0.11506203570413245	9.0	0.0	3284.4288600380432	0.0
0.03415076989257004	0.6409492967807279	0.048795094348785394	4.0	0.0	16.801729917044142	1.0
0.16932450767931284	0.8579860641773817	0.1050248293836165	3.0	0.0	2197.5367770823104	1.0
0.24577931405458167	0.6258743875541037	0.11671096094377664	1.0	0.0	3491.5714030733307	1.0
0.20163322697388425	0.18134182826609188	0.10341206220161255	6.0	0.0	2049.170144381496	1.0
0.9614508707280142	0.7643228340358065	0.10696983979926544	7.0	0.0	2385.7865280799133	1.0
0.1209100236173425	0.4051150090046677	0.12125635523993464	8.0	0.0	4107.2702858058165	1.0
0.754220627368121	0.9122114332460063	0.12182844041460147	2.0	0.0	4189.53646961495	1.0
0.7663507367220861	0.6526367270946564	0.11517709773983657	9.0	0.0	3298.6099803235584	1.0
0.41438689606449475	0.3533638484660293	0.12241176271513336	5.0	0.0	4274.54219490279	1.0
0.7640320947322975	0.6453606557079355	0.1152922748375764	9.0	0.0	3312.846103989029	2.0
0.17142107124403205	0.858032269893356	0.1051298542130001	3.0	0.0	2207.4393610573543	2.0
0.9714828943400211	0.7503676677543482	0.1070768096390647	7.0	0.0	2396.4404371171254	2.0
0.7486308940728215	0.9064971516896305	0.12195026885501606	2.0	0.0	4207.196161725475	2.0
0.1998976870488438	0.180167301648811	0.10351547426381415	6.0	0.0	2058.4768099482244	2.0
0.12209797526470476	0.4011902490765436	0.12137761159517456	8.0	0.0	4124.616244933779	2.0
0.24340030227485157	0.6322920285396966	0.1168276719047204	1.0	0.0	3506.554227197527	2.0
0.043265320602959845	0.6454962317018383	0.04884388944313418	4.0	0.0	16.98065119564906	2.0
0.42228567911698556	0.3592328320378704	0.12253417447784848	5.0	0.0	4292.525610562659	2.0
0.034912396473319326	0.6555647557244566	0.04889273333257731	4.0	0.0	17.161019027992722	3.0
0.11926254263256433	0.40590509152093424	0.15187373650846214	8.0	0.0	4142.028391950012	3.0
0.19238476953907813	0.19839679358717432	0.07875751503006011	-2.0	-1.0	536.2137247969938	3.0
0.7459672594168061	0.9101536393570482	0.12207221912387106	2.0	0.0	4224.923144284738	3.0
0.7484838076708329	0.6536124862571341	0.14425945889051744	9.0	0.0	3327.1374264830592	3.0
0.2432952255512163	0.6156022160429677	0.11694449957662512	1.0	0.0	3521.594899467424	3.0
0.196327733030654	0.1831863305105105	0.10361898973807795	6.0	0.0	2067.8209604085337	3.0
0.9724668252206113	0.7436202580882482	0.10718388644870375	7.0	0.0	2407.136717702646	3.0
0.4202593541136978	0.3603745514730225	0.12265670865232631	5.0	0.0	4310.577453292536	3.0
0.19105057451460014	0.8486985360061504	0.10523498406721309	3.0	0.0	2217.381596420834	3.0
0.19684088983767503	0.1697332338498204	0.10372260872781602	6.0	0.0	2077.2027322897425	4.0
0.18602778498368688	0.8526306969881104	0.10534021905128028	3.0	0.0	2227.363627036388	4.0
0.7553675163830434	0.6686971281877139	0.13848908053489675	9.0	0.0	3341.4841439071915	4.0
0.9776571841139848	0.7478987073300639	0.10729107033515244	7.0	0.0	2417.8755228888035	4.0
0.7614656090378148	0.9205004867294123	0.12219429134299492	2.0	0.0	4242.71765364218	4.0
0.04958381243784076	0.6728031225231211	0.04894162606590988	4.0	0.0	17.34284187855674	4.0
0.12460682452181654	0.40098757584587996	0.14579878704812366	8.0	0.0	4159.5069595449895	4.0
0.4165160520732505	0.36036276793691585	0.15347420670122328	5.0	0.0	4328.697963211771	4.0
0.2672416840568054	0.6158283651049177	0.14632680509525214	1.0	0.0	3536.693624827155	4.0
0.1838699333498645	0.8563233285393915	0.10544555927033156	3.0	0.0	2237.3855972542383	5.0
0.25206500348134614	0.6280209440690244	0.14047373289144208	1.0	0.0	3551.8506089042885	5.0
0.9914052987150279	0.7225746618120467	0.10739836140548757	7.0	0.0	2428.6570062442343	5.0
0.3953742508564381	0.3545668632535184	0.14733523843317434	5.0	0.0	4346.8873812358615	5.0
0.12594302153522438	0.39755732389087595	0.13972383758778517	8.0	0.0	4177.052181181562	5.0
0.2112537157586143	0.14799666891593338	0.10382633133654383	6.0	0.0	2086.6222625819837	5.0
0.7559299966537332	0.6721026313287763	0.13271870217927603	9.0	0.0	3355.8864530180017	5.0
0.04900340012351451	0.6674008606021619	0.04899056769197578	4.0	0.0	17.526128247787753	5.0
0.7633468979896737	0.9223523958472163	0.1223164856343379	2.0	0.0	4260.579926931335	5.0
0.2713783865739773	0.6321557931377187	0.13462066068763198	1.0	0.0	3567.0660580120198	6.0
0.21479227038601298	0.1401113760822283	0.10393015766788036	6.0	0.0	2096.0796887397023	6.0
0.1433804716428787	0.40130656906339796	0.13364888812744669	8.0	0.0	4194.664291097437	6.0
0.7708333863448058	0.920514229499819	0.12243880211997223	2.0	0.0	4278.510202072332	6.0
0.777270126944221	0.6659079250034489	0.12694832382365537	9.0	0.0	3370.3445512292037	6.0
0.024361197273932957	0.6632510275228995	0.04903955825966775	4.0	0.0	17.71088667222878	6.0
0.17892841486870223	0.85412446523743	0.10555100482960188	3.0	0.0	2247.4476519127616	6.0
0.9964848571249575	0.7243533582524885	0.10750575976689304	7.0	0.0	2439.481321855551	6.0
0.4053940989463402	0.3559976082052628	0.1411962701651254	5.0	0.0	4365.145949079006	6.0
0.41741671337618985	0.369768593481103	0.1350573018970765	5.0	0.0	4383.473909256657	7.0
0.7873768602504948	0.9359987034600035	0.12256124092209218	2.0	0.0	4296.508717774416	7.0
0.21910289652387485	0.15097478914481105	0.10403408782554822	6.0	0.0	2105.575148683161	7.0
0.021644068578972765	0.6633794212277621	0.04908859781792741	4.0	0.0	17.897125724651076	7.0
0.2694782300981411	0.6330446842049501	0.12876758848382192	1.0	0.0	3582.340179151378	7.0
0.12145204098248141	0.4042930457899785	0.1275739386671082	8.0	0.0	4212.343524307645	7.0
0.18427803912765134	0.8565453890646754	0.10565655583443147	3.0	0.0	2257.549936340071	7.0
1.003143919308236	0.725197681470015	0.10761326552665992	7.0	0.0	2450.348624329017	7.0
0.7729442211516102	0.6768510284208137	0.12117794546803466	9.0	0.0	3384.858636613759	7.0
0.019108233735732887	0.6634992481726716	0.049137686415745334	4.0	0.0	18.084854014186448	8.0
0.789634617584617	0.9473721836636341	0.12268380216301426	2.0	0.0	4314.575713538477	8.0
0.17907286481611137	0.8481827549716895	0.10576221239026588	3.0	0.0	2267.6925963556027	8.0
1.0053126721063368	0.7165431471300346	0.10772087879218657	7.0	0.0	2461.2590687922266	8.0
0.4200626718170946	0.3477544535290717	0.12891833362902755	5.0	0.0	4401.871505088082	8.0
0.22743729531693224	0.1510534987572795	0.10413812191337377	6.0	0.0	2115.1087807999515	8.0
0.7330888250921188	0.5967165748698552	0.06959145610697995	13.0	9.0	264.90277347632815	8.0
0.18711326174575055	0.3588258131465458	0.06838031220064412	11.0	8.0	238.0406660255152	8.0
0.26942351969323525	0.6280226409041878	0.12291451628001182	1.0	0.0	3597.673180013424	8.0
0.8977955911823646	0.9519038076152304	0.03767535070140281	-2.0	-1.0	0.12255248848144618	8.0
0.825796855237518	0.7403234984963913	0.06959145610697995	12.0	9.0	264.90277347632815	8.0
0.07310900773019006	0.5053126153065677	0.06838031220064412	10.0	8.0	238.0406660255152	8.0
0.19263465544424185	0.6251647584981207	0.06823579538768952	14.0	1.0	234.96231032767844	9.0
0.017645264708839356	0.6723567066045086	0.049186824102161075	4.0	0.0	18.27408018646001	9.0
0.47601173225813753	0.4451023699669333	0.0678669701654146	16.0	5.0	227.22650350682244	9.0
0.8120222318963407	0.7450743541451071	0.06966104756308691	12.0	0.0	266.50479469915194	9.0
0.17584799097907938	0.8487467363087472	0.10586797460265614	3.0	0.0	2277.8757782717053	9.0
0.7899874171030582	0.9753894467361861	0.12280648596517726	2.0	0.0	4332.711429659573	9.0
0.9931012509201014	0.7038031335453688	0.10782859967097874	7.0	0.0	2472.212810895787	9.0
0.18058368645482864	0.35611515230327023	0.06844869251284476	11.0	0.0	239.50655964549262	9.0
0.7611124480322368	0.5934377712028227	0.06966104756308691	13.0	0.0	266.50479469915194	9.0
0.22591717024538827	0.15275105937480032	0.10424226003528712	6.0	0.0	2124.680723946507	9.0
0.3721390321511029	0.6169107512662494	0.06823579538768952	15.0	1.0	234.96231032767844	9.0
0.07021751198071448	0.500703928138114	0.06844869251284476	10.0	0.0	239.50655964549262	9.0
0.4087195927352353	0.2810048381890581	0.0678669701654146	17.0	5.0	227.22650350682244	9.0
0.1903807615230461	0.503006012024048	0.07555110220440882	-2.0	-1.0	426.76418300917254	9.0
0.19092397769709482	0.6239753805076246	0.06830403118307721	14.0	0.0	236.41247385146644	10.0
0.05429479467815085	0.48635494330984996	0.0685171412053576	10.0	0.0	240.97993399793097	10.0
0.7888087994767907	0.9730081141132754	0.12292929245114242	2.0	0.0	4350.9161072294755	10.0
0.1821863515751828	0.3543479322269964	0.0685171412053576	11.0	0.0	240.97993399793097	10.0
1.0043331292649769	0.7124232632301772	0.10793642827064971	7.0	0.0	2483.2100068150125	10.0
0.4738554342112758	0.4443012739778245	0.06793483713558	16.0	0.0	228.6370113211932	10.0
0.1947435105836766	0.8400520046783687	0.10597384257725878	3.0	0.0	2288.099628895234	10.0
0.40847649634230937	0.28375573600110376	0.06793483713558	17.0	0.0	228.6370113211932	10.0
0.23196664603556333	0.1559616541454439	0.1043465022953224	6.0	0.0	2134.291117449624	10.0
0.8138235520990714	0.7435758580724036	0.06973070861064999	12.0	0.0	268.1148735373133	10.0
0.4669338677354709	0.7114228456913827	0.021843687374749496	-2.0	-1.0	0.0	10.0
0.3786892588401692	0.6317567588166011	0.06830403118307721	15.0	0.0	236.41247385146644	10.0
0.005498821065203075	0.6776702394395032	0.04923601092626323	4.0	0.0	18.464812923723315	10.0
0.7588713556688322	0.5961391595965918	0.06973070861064999	13.0	0.0	268.1148735373133	10.0
0.18258745587296696	0.3623049540808439	0.06858565834656294	11.0	0.0	242.4608209325185	11.0
0.19292691543376897	0.8249380938746249	0.10607981641983603	3.0	0.0	2298.364295529154	11.0
1.007451575622809	0.7153420880005588	0.10804436469892036	7.0	0.0	2494.2508132516186	11.0
0.0020525605471492427	0.6812379476430291	0.04928524693718949	4.0	0.0	18.657060944988046	11.0
0.7860387899532978	0.9720965008985542	0.12305222174359355	2.0	0.0	4369.18998813922	11.0
0.41941414268940824	0.2653062813067919	0.06800277197271558	17.0	0.0	230.05476349172827	11.0
0.39861070482956173	0.6329496809025044	0.06837233521426028	15.0	0.0	237.87005107707336	11.0
0.25276356740230654	0.14853193337126	0.1044508487976177	6.0	0.0	2143.940101107984	11.0
0.47823834031354145	0.4464192593083468	0.06800277197271558	16.0	0.0	230.05476349172827	11.0
0.8034193434122936	0.7473668019807046	0.06980043931926064	12.0	0.0	269.73304396634654	11.0
0.033298903198669405	0.4836299946449396	0.06858565834656294	10.0	0.0	242.4608209325185	11.0
0.19237681356600853	0.6222899670544767	0.06837233521426028	14.0	0.0	237.87005107707336	11.0
0.7356715297426354	0.5824837992359617	0.06980043931926064	13.0	0.0	269.73304396634654	11.0
