# x	y	r	id	split_id	s_prob	t
2.0	0.5	0.0	-1.0	0.0	0.0	0.0
0.5520067353806672	0.5060836566237797	0.11022834600138784	1.0	0.0	2724.73652868155	0.0
0.11480260675785256	0.7348285025247526	0.1068944403187661	2.0	0.0	2378.2959457025063	0.0
0.8139427229888434	0.1598667392804111	0.10920388604508512	3.0	0.0	2614.929131887397	0.0
0.38625670180453303	0.3536103793129279	0.10843870356754905	4.0	0.0	2534.8658386385578	0.0
0.640371979271536	0.2890217756527311	0.10623357505073511	5.0	0.0	2313.311929224408	0.0
0.3650547478039579	0.6203753016136938	0.10862629163345802	6.0	0.0	2554.340293289615	0.0
0.723941282384244	0.6500358469449681	0.1060757250002693	7.0	0.0	2297.9674304897126	0.0
0.9456417782754641	0.6695925978460747	0.10795648043412609	8.0	0.0	2485.2586713188634	0.0
0.16357024876301926	0.5220660368407886	0.10851718241021908	9.0	0.0	2543.0010312400473	0.0
0.9909487336592263	0.29164661216549137	0.10820630296227231	10.0	0.0	2510.8767684996537	0.0
0.8081200657289327	0.43767028095944904	0.10997723408049054	11.0	0.0	2697.542026950875	0.0
0.7360467720655383	0.8657372269507215	0.1060090322407657	12.0	0.0	2291.504716509883	0.0
0.4856541203614521	0.1348829125739485	0.1099118097809683	13.0	0.0	2690.4866515760286	0.0
0.9264618376145614	0.7185985421643231	0.1080644369145602	8.0	0.0	2496.3076002177186	1.0
0.8188327994314949	0.436604321553366	0.11008721131457101	11.0	0.0	2709.429778590154	1.0
0.4930429038928085	0.11002172159074926	0.11002172159074926	13.0	0.0	2702.3466112981205	1.0
0.6377053204204891	0.2925134330951622	0.10633980862578583	5.0	0.0	2323.677185117362	1.0
0.16697810579535996	0.5101573911242185	0.10862569959262929	9.0	0.0	2554.2786742042244	1.0
0.41270014772414004	0.31852558477624643	0.10854714227111659	4.0	0.0	2546.111284128027	1.0
0.35526628954738654	0.6317991906109998	0.10873491792509146	6.0	0.0	2565.6628009914266	1.0
0.5466166758361225	0.5114178134404423	0.11033857434738921	1.0	0.0	2736.7313488403634	1.0
0.7303240818178595	0.8643811120855753	0.10611504127300646	12.0	0.0	2301.782973705711	1.0
0.16621141319020163	0.7506775802250406	0.10700133475908485	2.0	0.0	2388.920054771916	1.0
0.8119985261012308	0.15289665510251435	0.10931308993113019	3.0	0.0	2626.4910956611034	1.0
0.7267769539992072	0.637890546805719	0.10618180072526955	7.0	0.0	2308.2714774229044	1.0
1.0000425673476085	0.2962347101838973	0.10831450926523457	10.0	0.0	2522.0272214681117	1.0
0.6323932913628431	0.3005441232027531	0.10644614843441161	5.0	0.0	2334.083768917682	2.0
0.8151667895484759	0.1357369270411548	0.1094224030210613	3.0	0.0	2638.0987033233446	2.0
0.16409155170625156	0.5080406880409016	0.1087343252922219	9.0	0.0	2565.6009381482795	2.0
0.5281983052983363	0.4961605112476846	0.11044891292173659	1.0	0.0	2748.773367379469	2.0
0.5205754376139539	0.11013174331233999	0.11013174331233999	13.0	0.0	2714.2532854393085	2.0
0.7300644635290907	0.8684993518066185	0.10622115631427945	12.0	0.0	2312.102243918065	2.0
0.9292141006666076	0.6833497891771502	0.10817250135147476	8.0	0.0	2507.4003261437565	2.0
0.14721890326803572	0.7332917690604186	0.10710833609384393	2.0	0.0	2399.586427725848	2.0
0.38173328257672473	0.27973016673732365	0.10865568941338768	4.0	0.0	2557.4012346647078	2.0
0.7139779109317154	0.6390071944212006	0.1062879825259948	7.0	0.0	2318.616630735092	2.0
0.98454760825996	0.2888950972950037	0.1084228237744998	10.0	0.0	2533.2218373320775	2.0
0.3459399898490666	0.6441214412824728	0.10884365284301654	6.0	0.0	2577.030091183965	2.0
0.8309771499555062	0.4519072215040183	0.11019729852588557	11.0	0.0	2721.3643444087847	2.0
0.17283534265005013	0.5058183828118992	0.10884305961751412	9.0	0.0	2576.9679837056465	3.0
0.1345751937773918	0.7246783265442402	0.10721544442993776	2.0	0.0	2410.2952172533924	3.0
0.992855128295639	0.255566576886748	0.10853124659827429	10.0	0.0	2544.460775182358	3.0
0.3767475547609319	0.2951312706504745	0.10876434510280106	4.0	0.0	2568.735850491684	3.0
0.8112879757720215	0.12577933216085685	0.10953182542408235	3.0	0.0	2649.7521189500903	3.0
0.9337566973479775	0.6836883219061334	0.10828067385282622	8.0	0.0	2518.5370069552546	3.0
0.8629058228023077	0.4440896318055292	0.11030749582441145	11.0	0.0	2733.3458924176807	3.0
0.5307747346344057	0.49274187802204594	0.11055936183465831	1.0	0.0	2760.8627536007903	3.0
0.516136139726789	0.11024187505565232	0.11024187505565232	13.0	0.0	2726.206841675224	3.0
0.6479496765332942	0.2887423624176844	0.10655259458284601	5.0	0.0	2344.5318301551124	3.0
0.7119841798080954	0.6278704788949463	0.1063942705085208	7.0	0.0	2329.003039207853	3.0
0.6949799089378369	0.8764739804594381	0.10632737747059372	12.0	0.0	2322.462675613166	3.0
0.3492970078778701	0.6597977193075719	0.10895249649585954	6.0	0.0	2588.442325044417	3.0
0.9902146921383286	0.2615461633487366	0.10863977784487255	10.0	0.0	2555.7441946455756	4.0
0.854530358746936	0.44528641643330497	0.11041780332023585	11.0	0.0	2745.3745911923625	4.0
0.728386920641819	0.8738395009072487	0.1064337048480643	12.0	0.0	2332.8644177587075	4.0
0.12189339170247447	0.7384865395438286	0.10732265987436769	2.0	0.0	2421.046576558774	4.0
0.8001171494286459	0.11769848687402043	0.10964135724950642	3.0	0.0	2661.4515071692226	4.0
0.5389576775749094	0.11125584473033981	0.11035211693070796	13.0	0.0	2738.2074482450203	4.0
0.9456942366606865	0.6882159651515709	0.10838895452667903	8.0	0.0	2529.7178010423263	4.0
0.6509951350637557	0.3041731792487878	0.10665914717742885	5.0	0.0	2355.0215188643174	4.0
0.5273332322946093	0.49008242495221055	0.11066992119649295	1.0	0.0	2772.9996773750167	4.0
0.16694694289615777	0.5036307569259609	0.10895190267713162	9.0	0.0	2588.3799720505604	4.0
0.35017506539875265	0.6713979070369404	0.13632681124044424	6.0	0.0	2599.899664292529	4.0
0.37347145549945304	0.2946218976087149	0.10887310944790385	4.0	0.0	2580.115292391576	4.0
0.7320948833603357	0.6306891516369891	0.10650066477902931	7.0	0.0	2339.4308521252638	4.0
0.34181089585191626	0.30223873852227967	0.10898198255735174	4.0	0.0	2591.5397216882866	5.0
0.9397660797432088	0.6918577345752244	0.1084973434812057	8.0	0.0	2540.9428673286443	5.0
0.16591767134732419	0.5308654668101088	0.10906085457980874	9.0	0.0	2599.8370648998007	5.0
0.7864498732725677	0.10599200682722598	0.10975099860675591	3.0	0.0	2673.1970331623133	5.0
0.5171542902069756	0.11046246904763865	0.11046246904763865	13.0	0.0	2750.2552739531966	5.0
0.8608781504944615	0.45377366507511574	0.11052822112355606	11.0	0.0	2757.4506098747765	5.0
0.9679961448303971	0.2580915888311708	0.10874841762271742	10.0	0.0	2567.072255885904	5.0
0.6443431534246109	0.300356856305044	0.10676580632460626	5.0	0.0	2365.5529855865097	5.0
0.5462778419677583	0.4946829339684311	0.11078059111768943	1.0	0.0	2785.184309143447	5.0
0.36940853357460124	0.6784059363077677	0.13087373879082648	6.0	0.0	2611.4022711923462	5.0
0.07075075793302252	0.7914314614652371	0.10742998253424205	2.0	0.0	2431.840659363016	5.0
0.7177655136233331	0.8559234738792421	0.10654013855291236	12.0	0.0	2343.307619825484	5.0
0.7248831385392177	0.631856992335287	0.10660716544380833	7.0	0.0	2349.9002192755215	5.0
0.32957923421730095	0.30235425367472324	0.10909096453990907	4.0	0.0	2603.0093002487456	6.0
0.789952542861337	0.10986074960536266	0.10986074960536266	3.0	0.0	2684.9888626664174	6.0
0.6949271158850704	0.6489051988453242	0.10671377260925212	7.0	0.0	2360.4112909525766	6.0
0.9691426950480826	0.23846061438840024	0.10885716604034013	10.0	0.0	2578.4451196067976	6.0
0.17653010560582158	0.5208062763189584	0.10916991543438853	9.0	0.0	2611.339424514445	6.0
0.6685836724191612	0.8704104407037779	0.10664667869146527	12.0	0.0	2353.792431789016	6.0
0.0715313202986284	0.777670440898946	0.10753741251677627	2.0	0.0	2442.677619905611	6.0
0.5374688844424309	0.49231198274457283	0.1108913717088071	1.0	0.0	2797.41681991982	6.0
0.6620371960431056	0.2877482411921189	0.10687257213093086	5.0	0.0	2376.1263813710907	6.0
0.8644821483757097	0.44337664376244734	0.11063874934467961	11.0	0.0	2769.5741181751264	6.0
0.9145366800310579	0.6646013227091662	0.10860584082468688	8.0	0.0	2552.2123652731552	6.0
0.5235564927848988	0.09339452922099581	0.11057293151668628	13.0	0.0	2762.350488171416	6.0
0.35453764992885806	0.6787336725317415	0.1254206663412087	6.0	0.0	2622.9503085539873	6.0
0.6520961756746099	0.8781079179782652	0.10675332537015672	12.0	0.0	2364.319004131183	7.0
0.5324580754392219	0.08800302847853657	0.11068350444820295	13.0	0.0	2774.4932608403365	7.0
0.3139611261622001	0.29234865313124125	0.10920005550444897	4.0	0.0	2614.5241904846675	7.0
0.038245508192192905	0.7800846012156236	0.10764494992929304	2.0	0.0	2453.5576129461956	7.0
0.9708729987569424	0.23819834429967063	0.10896602320638045	10.0	0.0	2589.8629470527403	7.0
0.3535255324398801	0.679427953314957	0.11996759389159095	6.0	0.0	2634.5439397353903	7.0
0.7063429209222852	0.657607378775893	0.10682048638186135	7.0	0.0	2370.9642179577704	7.0
0.7866065640734647	0.10997061035496801	0.10997061035496801	3.0	0.0	2696.8271619758584	7.0
0.9238879160632951	0.6737713404088961	0.10871444666551155	8.0	0.0	2563.5264548718155	7.0
0.6591287526291782	0.2983223833315351	0.10697944470306178	5.0	0.0	2386.7418577772933	7.0
0.5423798645999898	0.4842279153120225	0.11100226308051589	1.0	0.0	2809.6973812921647	7.0
0.8384024420378688	0.4380521720398193	0.11074938809402428	11.0	0.0	2781.7452863736994	7.0
0.16325996068206106	0.5428722714057578	0.1092790853498229	9.0	0.0	2622.887213701625	7.0
0.9677557699768508	0.24487247170248133	0.10907498922958682	10.0	0.0	2601.325900010987	8.0
0.9405686802687994	0.6809582320167054	0.10882316111217706	8.0	0.0	2574.8852966593236	8.0
0.34647985482759724	0.6763984826720235	0.11451452144197317	6.0	0.0	2646.1833286440915	8.0
0.6231237110470235	0.8791115420781411	0.10686007869552687	12.0	0.0	2374.8874878418624	8.0
0.7234105740015895	0.6491173970071067	0.1069273068682432	7.0	0.0	2381.559151601473	8.0
0.643154279066689	0.28988281813947336	0.10708642414776483	5.0	0.0	2397.3995668758316	8.0
0.5404480268459044	0.48966738828458617	0.11111326534359639	1.0	0.0	2822.02616542465	8.0
0.7845420463143493	0.11008058096532297	0.11008058096532297	3.0	0.0	2708.712097944031	8.0
0.03983814338274207	0.7764124871101954	0.10775259487922231	2.0	0.0	2464.480793766233	8.0
0.8389491624418263	0.43720466156114385	0.11086013748211829	11.0	0.0	2793.9642853227065	8.0
0.557697293015581	0.08569254968914373	0.11079418795265114	13.0	0.0	2786.6837624714453	8.0
0.1604902485592031	0.5517568028148985	0.10938836443517272	9.0	0.0	2634.4805958162906	8.0
0.3088019116539673	0.3213117312775133	0.10930925555995341	4.0	0.0	2626.0845553543045	8.0
0.322684184397547	0.694712253527351	0.06357255180692083	14.0	6.0	149.28874271546078	9.0
0.7295763640765583	0.6573623257878536	0.10703423417511143	7.0	0.0	2392.1962437047287	9.0
0.6255598713243626	0.8703335895343421	0.10696693877422238	12.0	0.0	2385.498034420567	9.0
0.4367710267322819	0.6272437687227538	0.06357255180692083	15.0	6.0	149.28874271546078	9.0
0.9893466045400627	0.27880911475837516	0.10918406421881639	10.0	0.0	2612.8341408133165	9.0
0.5553147475569442	0.11090498214060378	0.11090498214060378	13.0	0.0	2798.9221641488994	9.0
0.16265040140663886	0.552363643856822	0.10949775279960788	9.0	0.0	2646.1197347629736	9.0
0.6646797485724978	0.30142552292396096	0.10719351057191258	5.0	0.0	2408.0996612505537	9.0
0.045644642987045375	0.8274310076405201	0.10786034747410152	2.0	0.0	2475.447318170699	9.0
0.5335421033805353	0.47865471443482605	0.11122437860893998	1.0	0.0	2834.403345059443	9.0
0.8352555868673933	0.44066179971292063	0.11097099761960039	11.0	0.0	2806.2312864481305	9.0
0.8065447304367902	0.11019066154628829	0.11019066154628829	3.0	0.0	2720.643837985201	9.0
0.95813523927843	0.6819106673155723	0.10893198427328922	8.0	0.0	2586.2890517108544	9.0
0.3092943281005623	0.3343411588181799	0.10941856481551335	4.0	0.0	2637.6905583642147	9.0
0.6434060398890667	0.8684730265256154	0.10707390571299659	12.0	0.0	2396.150795878102	10.0
0.17165348283480442	0.5199238153859662	0.10960725055240748	9.0	0.0	2657.8047949975653	10.0
0.7192809415075995	0.6572002681974977	0.10714126840928653	7.0	0.0	2402.8756466009113	10.0
0.8257427440280672	0.11030085220783456	0.11030085220783456	3.0	0.0	2732.6225500763167	10.0
0.03964497088365264	0.8260275161273957	0.10796820782157561	2.0	0.0	2486.457342489773	10.0
0.6810981107132872	0.2963768344512713	0.10730070408248447	5.0	0.0	2418.8422940000996	10.0
0.44368806278073875	0.6287246537611705	0.06363612435872774	15.0	0.0	150.28744227136897	10.0
0.543998233255834	0.11298402561696491	0.11101588712274436	13.0	0.0	2811.2086375313725	10.0
0.5413290595397974	0.4750876915052493	0.11133560298754891	1.0	0.0	2846.82909351857	10.0
0.31138498295617906	0.6880615714075768	0.06363612435872774	14.0	0.0	150.28744227136897	10.0
0.29374175793027957	0.308844716217476	0.10952798338032885	4.0	0.0	2649.342363571031	10.0
0.9541582856942621	0.6840859432765936	0.1090409162575625	8.0	0.0	2597.7378816438145	10.0
0.9925951576625793	0.27806127294355865	0.1092932482830352	10.0	0.0	2624.387832337791	10.0
0.8446575342571588	0.45206920789322175	0.11108196861721997	11.0	0.0	2818.5464617515695	10.0
0.6360348992648535	0.8672507661942543	0.10718097961870958	12.0	0.0	2406.845924738211	11.0
0.27876928659029876	0.27548015543159443	0.10963751136370917	4.0	0.0	2661.0401355832346	11.0
0.17461879600629832	0.5110080892957044	0.10971685780295988	9.0	0.0	2669.5359415290964	11.0
0.9970349510373198	0.28689135837097696	0.10940254153131823	10.0	0.0	2635.987138010519	11.0
0.6858625020898838	0.30371216483956726	0.10740800478656695	5.0	0.0	2429.6276187395706	11.0
0.4299243891245442	0.6497686739379736	0.06369976048308647	15.0	0.0	151.29159130803126	11.0
0.9647160093335514	0.6677348771411352	0.10914995717382005	8.0	0.0	2609.231948619581	11.0
0.864515222684785	0.10019471627016627	0.11041115306004239	3.0	0.0	2744.6484027588253	11.0
0.552725764061044	0.11964097195883061	0.11112690300986709	13.0	0.0	2823.5433548539067	11.0
0.30330510193421417	0.716479398194846	0.06369976048308647	14.0	0.0	151.29159130803126	11.0
0.5563154837931297	0.49374858526992105	0.11144693859053645	1.0	0.0	2859.303584705788	11.0
0.7111444394576143	0.6631021302722007	0.1072484096776958	7.0	0.0	2413.5975131373752	11.0
0.8444319182506335	0.46686344394509693	0.11119305058583719	11.0	0.0	2830.909983812096	11.0
0.06872262504252676	0.8052628331834379	0.10807617602939718	2.0	0.0	2497.5110235805355	11.0
