# x	y	r	id	split_id	s_prob	t
2.0	0.5	0.0	-1.0	0.0	0.0	0.0
0.9023444175024103	0.704169953071291	0.0332239982576615	1.0	0.0	0.0	0.0
0.509417002537984	0.8575474694728135	0.03221450978356113	2.0	0.0	0.0	0.0
0.3622647660687411	0.8311700994095138	0.03186393502224787	3.0	0.0	0.0	0.0
0.5315559421748968	0.15143628694365913	0.03564175152514561	4.0	0.0	0.001691533886244656	0.0
0.6998774582948679	0.8083912734065903	0.033395843387837416	5.0	0.0	0.0	0.0
0.3865339452061627	0.5878437251419608	0.03257725254185956	6.0	0.0	0.0	0.0
0.4910597175862386	0.6064574773546808	0.03234524083326104	7.0	0.0	0.0	0.0
0.476613401915577	0.19971608059600957	0.03140311677381447	8.0	0.0	0.0	0.0
0.23027456875965552	0.5121610310038999	0.030656893394397883	9.0	0.0	0.0	0.0
0.04879456762453361	0.4822261854558385	0.03286956584120717	10.0	0.0	0.0	0.0
0.8944539543572667	0.9331197965235126	0.03194366886658231	11.0	0.0	0.0	0.0
0.6549751899727759	0.33379924294670105	0.029943756646415944	12.0	0.0	0.0	0.0
0.28691650538534114	0.8459438143294788	0.03365080123282712	13.0	0.0	0.0	0.0
0.6923937469078526	0.39366893404282366	0.03391756619316767	14.0	0.0	0.0	0.0
0.3325519577155318	0.048170925008949	0.03213777295595589	15.0	0.0	0.0	0.0
0.5697387422280906	0.8087660993561043	0.03200187183550784	16.0	0.0	0.0	0.0
0.5909058150347434	0.5954641950452059	0.032445712034241216	17.0	0.0	0.0	0.0
0.4373928691877014	0.654860094596243	0.030879933181265303	18.0	0.0	0.0	0.0
0.3815542056583917	0.5002540697200022	0.03597321096970263	19.0	0.0	0.005899306498150736	0.0
0.36498137372593153	0.9293779408300049	0.03257113651120352	20.0	0.0	0.0	0.0
0.5712611754543712	0.6805675176437556	0.032409102157252845	21.0	0.0	0.0	0.0
0.1259730946698487	0.8907110220272565	0.03246401398695732	22.0	0.0	0.0	0.0
0.44456419348731935	0.3145426706819999	0.03230004800775358	23.0	0.0	0.0	0.0
0.1697812350479482	0.06251470516739506	0.03227992012687104	24.0	0.0	0.0	0.0
0.6443099761362994	0.6593149638732236	0.03517032123655397	25.0	0.0	3.1621784771118655e-05	0.0
0.08995498025311796	0.5657942959441765	0.03082320755040988	26.0	0.0	0.0	0.0
0.19846879536484033	0.9630546420715739	0.03258292819336412	27.0	0.0	0.0	0.0
0.6905228190610987	0.2602094143077168	0.0327967169010989	28.0	0.0	0.0	0.0
0.1866195856687327	0.4279692778999773	0.03315325996087371	29.0	0.0	0.0	0.0
0.5980943994215674	0.7436159943065614	0.032152235185904994	30.0	0.0	0.0	0.0
0.577043344315823	0.21542922446269644	0.030064268089229216	31.0	0.0	0.0	0.0
0.07249298701674883	0.6605879735130374	0.03316651108712654	32.0	0.0	0.0	0.0
0.23651099491550162	0.8900884560481744	0.03213018920119081	33.0	0.0	0.0	0.0
0.8246059814117902	0.12300803887910236	0.03281842271778174	34.0	0.0	0.0	0.0
0.7659835755468367	0.9636782846871585	0.031432929020945084	35.0	0.0	0.0	0.0
0.7996602767884058	0.8027784898663288	0.03431400424051108	36.0	0.0	0.0	0.0
0.45163955857642024	0.4748477726470523	0.03490161688005991	37.0	0.0	0.0	0.0
0.7154322698116208	0.5388842901722615	0.032721441396300024	38.0	0.0	0.0	0.0
0.8649141518612815	0.480594790752901	0.032514035714409445	39.0	0.0	0.0	0.0
0.2065761493674403	0.6961356026013602	0.030773637743492864	40.0	0.0	0.0	0.0
0.658093403050699	0.08371855409727184	0.02896912117462617	41.0	0.0	0.0	0.0
0.8975721674351897	0.8077676307910057	0.03470520673429505	42.0	0.0	0.0	0.0
0.5682888664065149	0.8919593838949282	0.02846494269158615	43.0	0.0	0.0	0.0
0.5656040046954873	0.32946007151402684	0.03042885982479188	44.0	0.0	0.0	0.0
0.1354808911907946	0.30635896786097816	0.03559308496837824	45.0	0.0	0.0013351520446747145	0.0
0.8136186955822581	0.7095456080302392	0.034878905258507446	46.0	0.0	0.0	0.0
0.4916570908830702	0.3585116384870645	0.02936169118869405	47.0	0.0	0.0	0.0
0.6107635065364432	0.26930617309735694	0.03272910526965079	48.0	0.0	0.0	0.0
0.45236192491587607	0.5497454675228439	0.031651845933008904	49.0	0.0	0.0	0.0
0.0955234260255948	0.9729938676292549	0.032884088963465605	50.0	0.0	0.0	0.0
0.2976279712427935	0.6830391076740834	0.03304835053363586	51.0	0.0	0.0	0.0
0.5130234545610831	0.4429152844169519	0.03163767611557394	52.0	0.0	0.0	0.0
0.3986580749675006	0.12612625195702543	0.03276206831303795	53.0	0.0	0.0	0.0
0.8596809095284997	0.5639572984794031	0.03101407352247677	54.0	0.0	0.0	0.0
0.6019703029922321	0.5298041432448503	0.032694337764372174	55.0	0.0	0.0	0.0
0.7835115619101112	0.5539708850406198	0.030158500130041194	56.0	0.0	0.0	0.0
0.8142812529738919	0.6219472594780985	0.0336106196215557	57.0	0.0	0.0	0.0
0.4803552576090847	0.9493345045287125	0.029245055556589926	58.0	0.0	0.0	0.0
0.1429646025778099	0.6100729216506838	0.032534984128221575	59.0	0.0	0.0	0.0
0.8943252591322174	0.9315508847895132	0.03197561253544889	11.0	0.0	0.0	1.0
0.5737146931616645	0.8123039799391635	0.03203387370734334	16.0	0.0	0.0	1.0
0.7011271735900443	0.8071137124417492	0.03342923923122525	5.0	0.0	0.0	1.0
0.5238441340751387	0.4363660114486431	0.03166931379168951	52.0	0.0	0.0	1.0
0.5977040425036382	0.743442294358909	0.03218438742109089	30.0	0.0	0.0	1.0
0.7108207113130999	0.5376200576111264	0.03275416283769632	38.0	0.0	0.0	1.0
0.7848942748533313	0.5494351877989755	0.03018865863017123	56.0	0.0	0.0	1.0
0.6448675447552289	0.659892181447276	0.03520549155779052	25.0	0.0	5.553437996752564e-05	1.0
0.824419931448976	0.12032583060783106	0.03285124114049952	34.0	0.0	0.0	1.0
0.09033016250874266	0.5680658144606109	0.030854030757960286	26.0	0.0	0.0	1.0
0.12746760094921553	0.889726821223445	0.032496478000944275	22.0	0.0	0.0	1.0
0.3617580880015069	0.9267548701610157	0.03260370764771472	20.0	0.0	0.0	1.0
0.45094715392615037	0.47739734550307544	0.03493651849693997	37.0	0.0	0.0	1.0
0.047947843702451975	0.48535336561624587	0.032902435407048375	10.0	0.0	0.0	1.0
0.8925528386779868	0.8124656564826825	0.03473991194102934	42.0	0.0	0.0	1.0
0.3851477792495031	0.5881222868965892	0.03260982979440141	6.0	0.0	0.0	1.0
0.5315510001072508	0.15182875689365505	0.03567739327667075	4.0	0.0	0.0019893107039905544	1.0
0.5727499178272133	0.6786534732387409	0.0324415112594101	21.0	0.0	0.0	1.0
0.8147808048041052	0.7094539640062393	0.03491378416376595	46.0	0.0	0.0	1.0
0.13192838091500686	0.3055749794701868	0.035628678053346616	45.0	0.0	0.0015902480554643716	1.0
0.14153660076131208	0.6111339609457107	0.03256751911234979	59.0	0.0	0.0	1.0
0.36648093655028835	0.8247327562022733	0.03189579895727012	3.0	0.0	0.0	1.0
0.20512440871472928	0.9618474446299712	0.03261551112155748	27.0	0.0	0.0	1.0
0.5635049578960695	0.3279611183647701	0.03045928868461667	44.0	0.0	0.0	1.0
0.4829067280589928	0.9509019169975754	0.029274300612146514	58.0	0.0	0.0	1.0
0.3027115945466124	0.6742126380631305	0.03308139888416949	51.0	0.0	0.0	1.0
0.4933959881208572	0.6059726618379162	0.0323775860740943	7.0	0.0	0.0	1.0
0.8121865091356728	0.6224233893428551	0.03364423024117725	57.0	0.0	0.0	1.0
0.6042704075642559	0.5205049599023267	0.032727032102136545	55.0	0.0	0.0	1.0
0.22824313412519528	0.5099210171519338	0.030687550287792277	9.0	0.0	0.0	1.0
0.9027425996257598	0.7023922690115256	0.03325722225591916	1.0	0.0	0.0	1.0
0.693121360642379	0.2571169888602739	0.032829513617999996	28.0	0.0	0.0	1.0
0.28271577614428106	0.842936763072494	0.033684452034059946	13.0	0.0	0.0	1.0
0.6112760549217817	0.28126879274912076	0.03276183437492044	48.0	0.0	0.0	1.0
0.8618392040287502	0.5668430235936557	0.031045087595999242	54.0	0.0	0.0	1.0
0.5114534926358003	0.8635441916549611	0.032246724293344686	2.0	0.0	0.0	1.0
0.45112274761417626	0.550344284674222	0.03168349777894191	49.0	0.0	0.0	1.0
0.6925028185927325	0.39311719054072425	0.033951483759360836	14.0	0.0	0.0	1.0
0.07035672070923812	0.6609339118120476	0.03319967759821366	32.0	0.0	0.0	1.0
0.593135687878287	0.6062799027833952	0.03247815774627545	17.0	0.0	0.0	1.0
0.49194614189964125	0.3582376561785267	0.02939105287988274	47.0	0.0	0.0	1.0
0.6628978773844474	0.0848105987057902	0.028998090295800794	41.0	0.0	0.0	1.0
0.3996635743409922	0.1349610222877926	0.03279483038135098	53.0	0.0	0.0	1.0
0.8013271437753755	0.8024106360769439	0.03434831824475158	36.0	0.0	0.0	1.0
0.3748083982889157	0.5028360874783525	0.03600918418067233	19.0	0.0	0.006577960731007693	1.0
0.44249767180978866	0.3147712777231363	0.03233234805576133	23.0	0.0	0.0	1.0
0.18410303395635244	0.4255230313980391	0.033186413220834585	29.0	0.0	0.0	1.0
0.33602073155697176	0.05012538271168355	0.032169910728911844	15.0	0.0	0.0	1.0
0.2057106229047754	0.6962423983280437	0.030804411381236352	40.0	0.0	0.0	1.0
0.09470862638253966	0.9741123786981506	0.03291697305242907	50.0	0.0	0.0	1.0
0.4747214101240169	0.20400425652579685	0.031434519890588285	8.0	0.0	0.0	1.0
0.6571426916204839	0.32802079603769535	0.029973700403062357	12.0	0.0	0.0	1.0
0.43036887192866913	0.6473082093214998	0.030910813114446566	18.0	0.0	0.0	1.0
0.17228337516069073	0.05968485542163032	0.032312200046997905	24.0	0.0	0.0	1.0
0.23490785912945766	0.8914099321212614	0.032162319390392	33.0	0.0	0.0	1.0
0.7656192835583662	0.962668619232235	0.031464361949966026	35.0	0.0	0.0	1.0
0.8599923656823295	0.48070326094579086	0.03254654975012385	39.0	0.0	0.0	1.0
0.5635198897766386	0.8968964212882711	0.028493407634277733	43.0	0.0	0.0	1.0
0.5739179212834421	0.20783962957268182	0.03009433235731844	31.0	0.0	0.0	1.0
0.20789589561670893	0.7004555474143196	0.030835215792617585	40.0	0.0	0.0	2.0
0.05202585286214885	0.48622643649643427	0.03293533784245542	10.0	0.0	0.0	2.0
0.1840690633633985	0.42567033873854015	0.033219599634055415	29.0	0.0	0.0	2.0
0.892871270720188	0.8147499665600445	0.03477465185297037	42.0	0.0	0.0	2.0
0.4942643320024935	0.603124243467315	0.03240996366016839	7.0	0.0	0.0	2.0
0.5267840907735887	0.14719647141174383	0.035713070669947417	4.0	0.0	0.0023204792762498982	2.0
0.6042710128398266	0.2841727551584922	0.032794596209295354	48.0	0.0	0.0	2.0
0.44973416078835576	0.552588786129187	0.03171518127672085	49.0	0.0	0.0	2.0
0.4727960338028412	0.2006613110373419	0.03146595441047887	8.0	0.0	0.0	2.0
0.36215528359435306	0.9270822812741922	0.03263631135536243	20.0	0.0	0.0	2.0
0.3043110472672164	0.6751676810521203	0.03311448028305366	51.0	0.0	0.0	2.0
0.4423418808731117	0.31503787553698037	0.03236468040381709	23.0	0.0	0.0	2.0
0.3787369041831089	0.5052494366601084	0.036045193364853	19.0	0.0	0.007307518207909425	2.0
0.5703602301429237	0.8995952359474095	0.028521901041912007	43.0	0.0	0.0	2.0
0.7122846111891173	0.5369686554707941	0.03278691700053401	38.0	0.0	0.0	2.0
0.6040230076551532	0.52091634389324	0.032759759134238675	55.0	0.0	0.0	2.0
0.6925238019512365	0.25727676825931733	0.03286234313161799	28.0	0.0	0.0	2.0
0.695586167068146	0.8077266811415995	0.033462668470456466	5.0	0.0	0.0	2.0
0.3368209734714765	0.05044000838175407	0.03220208063964075	15.0	0.0	0.0	2.0
0.4331116937604754	0.6440440814385429	0.030941723927561008	18.0	0.0	0.0	2.0
0.5972859394879722	0.7467452309941589	0.03221657180851198	30.0	0.0	0.0	2.0
0.8139237192990171	0.6244645465204932	0.03367787447141842	57.0	0.0	0.0	2.0
0.5961655003996096	0.6010193737181811	0.03251063590402172	17.0	0.0	0.0	2.0
0.5702356120332168	0.8170798666064228	0.03206590758105068	16.0	0.0	0.0	2.0
0.14034514687226057	0.6099159595449634	0.03260008663146214	59.0	0.0	0.0	2.0
0.763628355308225	0.9612086763953287	0.03149582631191599	35.0	0.0	0.0	2.0
0.5695637458174412	0.6783212969646387	0.0324739527706695	21.0	0.0	0.0	2.0
0.9001393093867527	0.699045274120067	0.033290479478175074	1.0	0.0	0.0	2.0
0.22651211308967784	0.5071619833763664	0.030718237838080066	9.0	0.0	0.0	2.0
0.3981004357550675	0.1346366446825109	0.03282762521173233	53.0	0.0	0.0	2.0
0.5011926386550641	0.8561002716515487	0.032278971017638027	2.0	0.0	0.0	2.0
0.12758476731415833	0.8906524138757062	0.03252897447894521	22.0	0.0	0.0	2.0
0.13186075000445158	0.30542921306535503	0.03566430673139996	45.0	0.0	0.0018762293848766376	2.0
0.8234087951838966	0.12145499105303201	0.032884092381640015	34.0	0.0	0.0	2.0
0.6905493461067984	0.40408370030232	0.03398543524312019	14.0	0.0	0.0	2.0
0.8611350497454799	0.5651005315370843	0.03107613268359524	54.0	0.0	0.0	2.0
0.57600442018729	0.20744271279845317	0.030124426689675757	31.0	0.0	0.0	2.0
0.2836230398611068	0.845223201329341	0.033718136486094	13.0	0.0	0.0	2.0
0.8185786909229511	0.7092025358988355	0.03494869794792971	46.0	0.0	0.0	2.0
0.09307850594300238	0.974086719392896	0.032949890025481494	50.0	0.0	0.0	2.0
0.1760840245150134	0.05972074854904539	0.0323445122470449	24.0	0.0	0.0	2.0
0.5602551759762334	0.3383855914720502	0.030489747973301284	44.0	0.0	0.0	2.0
0.48283527065510573	0.9537388304951473	0.029303574912758656	58.0	0.0	0.0	2.0
0.7810790523891085	0.5363308254071463	0.0302188472888014	56.0	0.0	0.0	2.0
0.7999359286658729	0.7992029331091802	0.03438266656299633	36.0	0.0	0.0	2.0
0.08756578064038928	0.5664387061061412	0.03088488478871824	26.0	0.0	0.0	2.0
0.07037675863175283	0.6577511977149171	0.033232877275811874	32.0	0.0	0.0	2.0
0.5247726751549977	0.43669115638847106	0.031700983105481195	52.0	0.0	0.0	2.0
0.6452983006024282	0.6627212781662587	0.035240697049348305	25.0	0.0	8.924672191312766e-05	2.0
0.6636089228512863	0.08411941780240699	0.02902708838609659	41.0	0.0	0.0	2.0
0.4905661333239687	0.36107061303290366	0.02942044393276262	47.0	0.0	0.0	2.0
0.3618698715018893	0.8220962989810584	0.031927694756227386	3.0	0.0	0.0	2.0
0.20364509779296922	0.9612978591736416	0.032648126632679034	27.0	0.0	0.0	2.0
0.8970176314964857	0.9344823964832301	0.03200758814798433	11.0	0.0	0.0	2.0
0.23654061607282456	0.8935366270385892	0.03219448170978239	33.0	0.0	0.0	2.0
0.662562905390887	0.33249067144566186	0.030003674103465414	12.0	0.0	0.0	2.0
0.8605403973778557	0.48100301807091844	0.032579096299873975	39.0	0.0	0.0	2.0
0.4492884668990363	0.4769200918075131	0.03497145501543691	37.0	0.0	0.0	2.0
0.3847427171648349	0.5882416016851125	0.03264243962419581	6.0	0.0	0.0	2.0
0.08770668598032562	0.5651272116157434	0.030915769673506958	26.0	0.0	0.0	3.0
0.6642514281482161	0.0847207943087144	0.029056115474482686	41.0	0.0	0.0	3.0
0.6909477493438495	0.2541907988370796	0.032895205474749604	28.0	0.0	0.0	3.0
0.23653183224679808	0.8921414521195956	0.032226676191492165	33.0	0.0	0.0	3.0
0.14031891783992215	0.6057498834002757	0.0326326867180936	59.0	0.0	0.0	3.0
0.05028815817258127	0.48861184591727647	0.03296827318029787	10.0	0.0	0.0	3.0
0.5753732297346936	0.9006684811988488	0.028550422942953915	43.0	0.0	0.0	3.0
0.13261575836719036	0.3128990312725323	0.035699971038131356	45.0	0.0	0.002194927538013758	3.0
0.8981881478000949	0.9351813189176725	0.03203959573613231	11.0	0.0	0.0	3.0
0.2853716453714682	0.8446477333112492	0.042189818278225114	13.0	0.0	0.0	3.0
0.3949250642020107	0.13191683253395145	0.03286045283694406	53.0	0.0	0.0	3.0
0.17327770170870935	0.05902688925131556	0.04047107094911492	24.0	0.0	0.0	3.0
0.5250645139027421	0.14412197440379212	0.03574878374061736	4.0	0.0	0.0026868856888881965	3.0
0.5729076954945963	0.8145470832796619	0.03209797348863173	16.0	0.0	0.0	3.0
0.6014048481449883	0.607843717210013	0.03254314653992574	17.0	0.0	0.0	3.0
0.709357416392704	0.5339762380595503	0.03281970391753454	38.0	0.0	0.0	3.0
0.3069109307211552	0.6725098680072543	0.03314759476333671	51.0	0.0	0.0	3.0
0.8601873107107844	0.5675795783842656	0.03110720881627883	54.0	0.0	0.0	3.0
0.4466379281285263	0.5547127044089257	0.03174689645799757	49.0	0.0	0.0	3.0
0.3350997103603346	0.04876683240693438	0.03223428272028039	15.0	0.0	0.0	3.0
0.6033999764628164	0.28459367274737357	0.03282739080550465	48.0	0.0	0.0	3.0
0.5691661489525923	0.6787329053120014	0.03250642672344017	21.0	0.0	0.0	3.0
0.6704100553967315	0.3327625015768723	0.030033677777568876	12.0	0.0	0.0	3.0
0.8163500135540938	0.6238321273299718	0.033711552345889836	57.0	0.0	0.0	3.0
0.6033034710846931	0.5194625595017406	0.03279251889337291	55.0	0.0	0.0	3.0
0.7771069656012727	0.5369740490268204	0.030249066136090196	56.0	0.0	0.0	3.0
0.5988592111881875	0.744774229634864	0.03224878838032049	30.0	0.0	0.0	3.0
0.36659822001921555	0.8195485747091238	0.03195962245098361	3.0	0.0	0.0	3.0
0.36680372837616804	0.9260564357561608	0.03266894766671779	20.0	0.0	0.0	3.0
0.20825604161116454	0.959584826689965	0.032680774759311707	27.0	0.0	0.0	3.0
0.9019371447662214	0.6985524077654466	0.033323769957653245	1.0	0.0	0.0	3.0
0.06854313180754965	0.6585259711952339	0.03326611015308768	32.0	0.0	0.0	3.0
0.6910485110516623	0.40710586459184717	0.03401942067836331	14.0	0.0	0.0	3.0
0.20806064981674816	0.6967195390709037	0.030866051008410198	40.0	0.0	0.0	3.0
0.8224994317774956	0.11685493970991026	0.03291697647402165	34.0	0.0	0.0	3.0
0.3849746764376768	0.58830992743722	0.03267508206382	6.0	0.0	0.0	3.0
0.5192281805154483	0.4405980703224625	0.03173268408858667	52.0	0.0	0.0	3.0
0.0944459231522578	0.9697956622681693	0.032982839915506976	50.0	0.0	0.0	3.0
0.5604512600483894	0.33907524063682415	0.03815029715159323	44.0	0.0	0.0	3.0
0.45380390064170145	0.482957405321234	0.03500642647045234	37.0	0.0	1.6986234641080955e-09	3.0
0.5727434289510245	0.20085405788537708	0.03015455111636543	31.0	0.0	0.0	3.0
0.4943871970002772	0.6036570253380568	0.032442373623828555	7.0	0.0	0.0	3.0
0.7575210211371743	0.963007648238515	0.031527322138227905	35.0	0.0	0.0	3.0
0.7992688820193466	0.8012515022421607	0.03441704922955932	36.0	0.0	0.0	3.0
0.22681326642545935	0.5080868563686659	0.030748956075918144	9.0	0.0	0.0	3.0
0.491894942352205	0.36683275337142623	0.029449864376695382	47.0	0.0	0.0	3.0
0.38105826183519115	0.5087029635774453	0.03608123855821785	19.0	0.0	0.008089925984393176	3.0
0.1847143312982538	0.42805348752104483	0.033252819233689467	29.0	0.0	0.0	3.0
0.5017253321588071	0.8529967637024969	0.03231124998865566	2.0	0.0	0.0	3.0
0.4437738216041169	0.3137797695008262	0.03239704508422091	23.0	0.0	0.0	3.0
0.4345146165921657	0.6441814212471824	0.030972665651488564	18.0	0.0	0.0	3.0
0.8596649354607325	0.48369165202156955	0.03261167539617384	39.0	0.0	0.0	3.0
0.6443590481979032	0.6625993774320972	0.03527593774639765	25.0	0.0	0.0001344662561137966	3.0
0.8927747237080274	0.814227055349724	0.03480942650482334	42.0	0.0	0.0	3.0
0.12874938453307913	0.8924829683519377	0.03256150345342415	22.0	0.0	0.0	3.0
0.6956310902358038	0.806300063609069	0.03349613113892692	5.0	0.0	0.0	3.0
0.8204255023933903	0.7090099954611762	0.034983646645877636	46.0	0.0	0.0	3.0
0.4745649540800881	0.20387130148050925	0.031497420364889346	8.0	0.0	0.0	3.0
0.48384933809560987	0.9530337827463087	0.02933287848767141	58.0	0.0	0.0	3.0
0.06819340005594642	0.6552707981439356	0.03329937626324077	32.0	0.0	0.0	4.0
0.4457953203010338	0.551350228803335	0.031778643354455564	49.0	0.0	0.0	4.0
0.4915430598614942	0.3691438296026829	0.029479314241072075	47.0	0.0	0.0	4.0
0.5059193219366344	0.8541749604813103	0.03234356123864431	2.0	0.0	0.0	4.0
0.4939119030825299	0.6035831258956743	0.03247481599745238	7.0	0.0	0.0	4.0
0.5163997103930571	0.4425383119181868	0.031764416772675254	52.0	0.0	0.0	4.0
0.8945285630250337	0.8130076685388574	0.03484423593132816	42.0	0.0	0.0	4.0
0.603254113909634	0.5196361540940032	0.03282531141226628	55.0	0.0	0.0	4.0
0.2284278557574621	0.8964062402288143	0.03225890286768365	33.0	0.0	0.0	4.0
0.5969775248185851	0.6069829720287394	0.03257568968646566	17.0	0.0	0.0	4.0
0.7576864014376994	0.9600920558181472	0.03155884946036613	35.0	0.0	0.0	4.0
0.30660822831888224	0.6724390574287308	0.03318074235810004	51.0	0.0	0.0	4.0
0.29448191061160267	0.8396592600086745	0.04050222554709611	13.0	0.0	0.0	4.0
0.048988255314791354	0.487932412061309	0.033001241453478165	10.0	0.0	0.0	4.0
0.5790263222221074	0.8210430615085174	0.03213007146212035	16.0	0.0	0.0	4.0
0.4741753497493464	0.20367386833035256	0.03152891778525423	8.0	0.0	0.0	4.0
0.22242556029271954	0.5092600717522932	0.030779705031994058	9.0	0.0	0.0	4.0
0.6650631599126158	0.08649958587610403	0.029085171589957166	41.0	0.0	0.0	4.0
0.8219296468552106	0.11614111077866099	0.03294989345049567	34.0	0.0	0.0	4.0
0.5692454070315494	0.20271053789650523	0.03018470566748179	31.0	0.0	0.0	4.0
0.8582565848531767	0.5743701527560963	0.031138316025095106	54.0	0.0	0.0	4.0
0.7096337549688752	0.5349968310656309	0.03285252362145207	38.0	0.0	0.0	4.0
0.12200137176957453	0.8920362356104146	0.03259406495687757	22.0	0.0	0.0	4.0
0.6871165733243644	0.41043101483765815	0.03405344009904167	14.0	0.0	0.0	4.0
0.3373659280871833	0.0485016817157135	0.032266517003000664	15.0	0.0	0.0	4.0
0.6914318405065651	0.8044944879814108	0.03352962727006584	5.0	0.0	0.0	4.0
0.4818892595901563	0.9499096596488136	0.029362211366159078	58.0	0.0	0.0	4.0
0.6912710153847129	0.2539067766366577	0.03292810068022435	28.0	0.0	0.0	4.0
0.3891782944529102	0.5887214426544257	0.032707757145883816	6.0	0.0	0.0	4.0
0.08869242930638244	0.5593842051276863	0.030946685443180463	26.0	0.0	0.0	4.0
0.6457235669311854	0.6624744650182539	0.03531121368414405	25.0	0.0	0.00019291057179771087	4.0
0.4529552362358598	0.48213245015583983	0.03504143289692278	37.0	0.0	4.552142769398415e-07	4.0
0.17243470208100467	0.05962090677787892	0.03885222811115032	24.0	0.0	0.0	4.0
0.7801005768982561	0.5416794307357294	0.030279315202226282	56.0	0.0	0.0	4.0
0.8208764753662054	0.7089572309831442	0.03501863029252351	46.0	0.0	4.138462372793583e-08	4.0
0.3820344400095837	0.509639989689192	0.036117319796776064	19.0	0.0	0.008927142249589792	4.0
0.6052183036412534	0.28367223005660336	0.032860218196310145	48.0	0.0	0.0	4.0
0.5978436183250126	0.743361477050938	0.03228103716870081	30.0	0.0	0.0	4.0
0.366501496403972	0.8195397203196889	0.03199158207343459	3.0	0.0	0.0	4.0
0.3932655341989587	0.13359210905233004	0.032893313289781	53.0	0.0	0.0	4.0
0.4327421722118212	0.6442651753590422	0.03100363831714005	18.0	0.0	0.0	4.0
0.1876018266411793	0.4291055937609381	0.03328607205292315	29.0	0.0	0.0	4.0
0.366134436871012	0.9274755046414918	0.032701616614384504	20.0	0.0	0.0	4.0
0.09494026705966943	0.9685265948044438	0.03301582275542248	50.0	0.0	0.0	4.0
0.57305816909129	0.8939898604996461	0.028578973365896865	43.0	0.0	0.0	4.0
0.859763218206947	0.48195896421651535	0.032644287071570015	39.0	0.0	0.0	4.0
0.9063359299783214	0.6983167857546096	0.03335709372761089	1.0	0.0	0.0	4.0
0.21232839710392343	0.9598286846313789	0.03271345553407101	27.0	0.0	0.0	4.0
0.20911628176348587	0.6967694213222907	0.030896917059418605	40.0	0.0	0.0	4.0
0.8972420182207784	0.9349725216028769	0.032071635331868444	11.0	0.0	0.0	4.0
0.8147480851913513	0.6265734331373023	0.03374526389823572	57.0	0.0	0.0	4.0
0.13959336124150873	0.606045746679475	0.03266531940481169	59.0	0.0	0.0	4.0
0.670124672280406	0.33279407181904436	0.03006371145534644	12.0	0.0	0.0	4.0
0.7997887851925602	0.7997516555301107	0.034451466278788874	36.0	0.0	0.0	4.0
0.13221174536729205	0.31384686028936176	0.03573567100916948	45.0	0.0	0.002548184677735321	4.0
0.5610060355581172	0.3383619775633707	0.0366242852655295	44.0	0.0	0.0	4.0
0.5251294200175733	0.14463472072825112	0.035784532524357975	4.0	0.0	0.0030903867456686385	4.0
0.4440171319147123	0.3131776766164012	0.032429442129305125	23.0	0.0	0.0	4.0
0.5695566996399841	0.6801753144956733	0.0325389331501636	21.0	0.0	0.0	4.0
0.5614238832531431	0.33805557086627974	0.03509827337946577	44.0	0.0	0.0	5.0
0.052994484495596135	0.4885294997044575	0.03303424269493164	10.0	0.0	0.0	5.0
0.693511033439919	0.25143676289011696	0.032961028780904573	28.0	0.0	0.0	5.0
0.8960014440834746	0.9329387595341403	0.03210370696720031	11.0	0.0	0.0	5.0
0.08874852419305725	0.5596141862500846	0.03097763212862364	26.0	0.0	0.0	5.0
0.43252364339591826	0.6430815947897791	0.031034641955457187	18.0	0.0	0.0	5.0
0.6027376633917634	0.5192370621337024	0.032858136723678544	55.0	0.0	0.0	5.0
0.3657862546181483	0.9309203116929297	0.032734318230998885	20.0	0.0	0.0	5.0
0.8202796805074274	0.11932220308470916	0.03298284334394616	34.0	0.0	0.0	5.0
0.5740562965285981	0.8938858001249435	0.028607552339262758	43.0	0.0	0.0	5.0
0.47671499649919036	0.20307977375346314	0.03156044670303949	8.0	0.0	0.0	5.0
0.8958092825012102	0.814862150337224	0.034879080167259484	42.0	0.0	0.0	5.0
0.33679398376140435	0.04621930457602935	0.03229878352000366	15.0	0.0	0.0	5.0
0.5704771256075033	0.20165552965872569	0.03021489037314927	31.0	0.0	0.0	5.0
0.5968547349984051	0.6118578216494115	0.03260826537615212	17.0	0.0	0.0	5.0
0.310491415960167	0.6722310535284767	0.03321392310045814	51.0	0.0	0.0	5.0
0.5060787468310425	0.8545919758910129	0.032375904799882955	2.0	0.0	0.0	5.0
0.12605367823833502	0.8927976265745231	0.032626659021834446	22.0	0.0	0.0	5.0
0.5252944838737713	0.14608504610673048	0.03582031705688233	4.0	0.0	0.003532850012589961	5.0
0.3885427045075997	0.1306496784268281	0.03292620660307077	53.0	0.0	0.0	5.0
0.6697384188624556	0.3331291495584246	0.030093775166801784	12.0	0.0	0.0	5.0
0.13864249385553043	0.6065973940962057	0.0326979847242165	59.0	0.0	0.0	5.0
0.6607211629713043	0.09147301127333604	0.029114256761547122	41.0	0.0	0.0	5.0
0.5797715589949749	0.8207001424527431	0.03216220153358247	16.0	0.0	0.0	5.0
0.06583575427419328	0.6577115283651433	0.033332675639504004	32.0	0.0	0.0	5.0
0.09366716280179734	0.9654869344397432	0.0330488385781779	50.0	0.0	0.0	5.0
0.6906580941574515	0.80589857521928	0.0335631568973359	5.0	0.0	0.0	5.0
0.21982412623015624	0.5081801231897032	0.030810484737026047	9.0	0.0	0.0	5.0
0.13234419904919087	0.31151175175607254	0.03577140668017865	45.0	0.0	0.002937853668655066	5.0
0.20621501308637252	0.7002665790742603	0.03092781397647802	40.0	0.0	0.0	5.0
0.4452433524632538	0.3119553100106292	0.032461871571434424	23.0	0.0	0.0	5.0
0.7595820665387296	0.9610377377415336	0.03159040830982649	35.0	0.0	0.0	5.0
0.7096174499495511	0.5352554722366791	0.032885376145073524	38.0	0.0	0.0	5.0
0.8222413831196274	0.7097490846604856	0.035053648922816025	46.0	0.0	9.882412825845677e-07	5.0
0.597304717969445	0.7427672446592953	0.0323133182058695	30.0	0.0	0.0	5.0
0.9066821527005724	0.6978351685010726	0.0333904508213385	1.0	0.0	0.0	5.0
0.5628709153369664	0.6777868114258258	0.03257147208331376	21.0	0.0	0.0	5.0
0.45295101089786405	0.48146132056172514	0.0350764743298197	37.0	0.0	2.86237818158952e-06	5.0
0.8147944940597103	0.6263662407480021	0.03377900916213395	57.0	0.0	0.0	5.0
0.8560531999527855	0.5746702361422094	0.031169454341120197	54.0	0.0	0.0	5.0
0.7785492461605725	0.5412118377851386	0.030309594517428505	56.0	0.0	0.0	5.0
0.29439474208004	0.838402585979745	0.0388146328159671	13.0	0.0	0.0	5.0
0.4457953203010338	0.5524846311484759	0.031810421997810014	49.0	0.0	0.0	5.0
0.6010577953085517	0.283396795590378	0.03289307841450645	48.0	0.0	0.0	5.0
0.3820344400095837	0.5114380350377676	0.03615343711657284	19.0	0.0	0.009821136371940042	5.0
0.861910439842614	0.4797638990243245	0.03267693135864158	39.0	0.0	0.0	5.0
0.4904094977695918	0.37333038060465795	0.029508793555313145	47.0	0.0	0.0	5.0
0.2058600813219814	0.9612989161042055	0.03274616898960508	27.0	0.0	0.0	5.0
0.494494401452355	0.604171151324059	0.03250729081344983	7.0	0.0	0.0	5.0
0.480031200012664	0.9502587718850138	0.029391573577525233	58.0	0.0	0.0	5.0
0.6473191532199809	0.6627742609473402	0.03534652489782819	25.0	0.0	0.00026630744407896145	5.0
0.5150364025880731	0.4446811698154858	0.03179618118944792	52.0	0.0	0.0	5.0
0.18739820849113567	0.4293448374962262	0.03331935812497607	29.0	0.0	0.0	5.0
0.7986236780753834	0.7997626587388549	0.03448591774506766	36.0	0.0	0.0	5.0
0.6890828156947583	0.40940329832216815	0.03408749353914071	14.0	0.0	0.0	5.0
0.22748155136253287	0.8931559145032713	0.03229116177055133	33.0	0.0	0.0	5.0
0.36510412608063203	0.8184025573678928	0.03202357365550802	3.0	0.0	0.0	5.0
0.17271027001524694	0.059687202419502754	0.037233385273185725	24.0	0.0	0.0	5.0
0.38898635183321484	0.586694987090625	0.0327404649030297	6.0	0.0	0.0	5.0
0.43537214830655346	0.6422619950261074	0.03106567659741264	18.0	0.0	0.0	6.0
0.30555641047341225	0.670326575250282	0.033247137023558596	51.0	0.0	0.0	6.0
0.49308723155426964	0.6042198965599405	0.03253979810426327	7.0	0.0	0.0	6.0
0.48228496223339257	0.9513830961079981	0.029420965151102756	58.0	0.0	0.0	6.0
0.8217365891780164	0.7093487483780913	0.035088702571738836	46.0	0.0	4.466718749540632e-06	6.0
0.8215709311664878	0.11922037495688412	0.033015826187290105	34.0	0.0	0.0	6.0
0.6608175738137855	0.08636909372751107	0.029143371018308665	41.0	0.0	0.0	6.0
0.6702820540430777	0.33332723194396313	0.03012386894196858	12.0	0.0	0.0	6.0
0.757569933725009	0.9681146292969721	0.03162199871813631	35.0	0.0	0.0	6.0
0.12559651447174816	0.8907566189729575	0.03265928568085628	22.0	0.0	0.0	6.0
0.36687472565256035	0.931570244395999	0.03276705254922988	20.0	0.0	0.0	6.0
0.21394890806883732	0.7003396175611453	0.03095874179045449	40.0	0.0	0.0	6.0
0.4756805462982243	0.20404800553424152	0.03159200714974252	8.0	0.0	0.0	6.0
0.6867764326406058	0.40601827576279315	0.03412158103267984	14.0	0.0	0.0	6.0
0.5781851902186097	0.8208756330251669	0.03219436373511605	16.0	0.0	0.0	6.0
0.3831795492932066	0.5095064821992688	0.03618959055368941	19.0	0.0	0.010773888945067256	6.0
0.7986118010008785	0.7997724490946769	0.03452040366281272	36.0	0.0	0.0	6.0
0.4541325564694125	0.48121612993916535	0.035111550804149516	37.0	0.0	8.883786037472419e-06	6.0
0.17599805645033254	0.05721202066515378	0.035614542435221136	24.0	0.0	0.0	6.0
0.8636003630741568	0.478986284580177	0.03270960829000022	39.0	0.0	0.0	6.0
0.6499243167641141	0.6632977905611365	0.035381871422726016	25.0	0.0	0.0003563948762490554	6.0
0.29459434421937425	0.8380349185716184	0.0371270400848381	13.0	0.0	0.0	6.0
0.3884973216093816	0.586286678171522	0.032773205367932726	6.0	0.0	0.0	6.0
0.22792181483603602	0.8929328096822668	0.032323452932321875	33.0	0.0	0.0	6.0
0.867875482114499	0.5683712238046225	0.031200623795461315	54.0	0.0	0.0	6.0
0.5711089509277872	0.21119357244342915	0.030245105263522417	31.0	0.0	0.0	6.0
0.5964678184260008	0.7422746476506914	0.032345631524075366	30.0	0.0	0.0	6.0
0.3393930242125043	0.04684457708745471	0.03233108230352366	15.0	0.0	0.0	6.0
0.6908103801429302	0.8089195922494704	0.033596720054233226	5.0	0.0	0.0	6.0
0.9063890002471752	0.6981885312843937	0.03342384127215983	1.0	0.0	0.0	6.0
0.12785458878254294	0.3141164071919889	0.03580717808685882	45.0	0.0	0.0033657981213082167	6.0
0.7080347039552046	0.534734588769761	0.03291826152121859	38.0	0.0	0.0	6.0
0.09436154816543166	0.9632091501795195	0.03308188741675607	50.0	0.0	0.0	6.0
0.896807581540984	0.8153445660386743	0.03491395924742674	42.0	0.0	0.0	6.0
0.6937176517445998	0.2524484296277028	0.03299398980968547	28.0	0.0	0.0	6.0
0.6006907692490183	0.5203233955382316	0.03289099486040222	55.0	0.0	0.0	6.0
0.8944255107349869	0.9326937309500652	0.03213581067416751	11.0	0.0	0.0	6.0
0.44802345101960095	0.30873015869918197	0.032494333443005854	23.0	0.0	0.0	6.0
0.5754686535576419	0.8967851636483237	0.02863615989160202	43.0	0.0	0.0	6.0
0.2181795640062859	0.506841798479587	0.03084129522176307	9.0	0.0	0.0	6.0
0.06587978487751575	0.6578527673318048	0.033366008315143504	32.0	0.0	0.0	6.0
0.392713252193741	0.125287693969258	0.032959132809673844	53.0	0.0	0.0	6.0
0.5219699272392573	0.14122909466643388	0.03585613737393921	4.0	0.0	0.004016153862124838	6.0
0.8067764609176672	0.6255733518900708	0.03381278817129608	57.0	0.0	0.0	6.0
0.4883657421502405	0.37007288652047404	0.029538302348868454	47.0	0.0	0.0	6.0
0.5628960845122253	0.338293973165458	0.03357226149340205	44.0	0.0	0.0	6.0
0.5055326202345869	0.852412625903711	0.03240828070468284	2.0	0.0	0.0	6.0
0.5947122843320702	0.6156324131621634	0.03264087364152827	17.0	0.0	0.0	6.0
0.5619589570857793	0.6775244138556615	0.032604043555397075	21.0	0.0	0.0	6.0
0.08692115513254993	0.5581270955625561	0.031008609760752263	26.0	0.0	0.0	6.0
0.4465005172265285	0.5532721416966051	0.03184223241980782	49.0	0.0	0.0	6.0
0.1367369329900862	0.6048801706205876	0.03273068270894071	59.0	0.0	0.0	6.0
0.20456763984814386	0.9608187553572456	0.03277891515859468	27.0	0.0	0.0	6.0
0.5155397010462512	0.4412297476184235	0.03182797737063737	52.0	0.0	0.0	6.0
0.6012022403624876	0.2833854046421429	0.03292597149292095	48.0	0.0	0.0	6.0
0.3646566145101509	0.8207436901776299	0.03205559722916353	3.0	0.0	0.0	6.0
0.18554366137748796	0.42440071113406397	0.03335267748310104	29.0	0.0	0.0	6.0
0.7794243247563664	0.5416347087264045	0.03033990411194593	56.0	0.0	0.0	6.0
0.0467119825050479	0.49004093281662875	0.033067276937626566	10.0	0.0	0.0	6.0
0.3632182908939633	0.9407849987840303	0.03279981960177911	20.0	0.0	0.0	7.0
0.8228540976057261	0.1215488869084564	0.033048842013477395	34.0	0.0	0.0	7.0
0.8670936804512639	0.566740297726446	0.031231824419256773	54.0	0.0	0.0	7.0
0.579557935818446	0.8159293674439744	0.03222655809885116	16.0	0.0	0.0	7.0
0.2167891198965043	0.5069602618683237	0.03087213651698483	9.0	0.0	0.0	7.0
0.9053036704002615	0.6973053030722481	0.033457265113431986	1.0	0.0	0.0	7.0
0.5968693267427434	0.6104822643977091	0.032673514515169796	17.0	0.0	0.0	7.0
0.12186797623468315	0.8865397476121177	0.03269194496653713	22.0	0.0	0.0	7.0
0.08464066272252985	0.5536618068964406	0.03103961837051301	26.0	0.0	0.0	7.0
0.1857873585172116	0.4251183105199259	0.03338603016058414	29.0	0.0	0.0	7.0
0.45547923361356285	0.4823549841498542	0.03514666235495366	37.0	0.0	2.0189982222973413e-05	7.0
0.5058698468407087	0.8514779744003611	0.03244068898538752	2.0	0.0	0.0	7.0
0.8939075638750228	0.8141832531158592	0.03494887320667416	42.0	0.0	0.0	7.0
0.7962354087642975	0.8012323079861097	0.03455492406647553	36.0	0.0	0.0	7.0
0.6010762181822085	0.2846322289466342	0.03295889746441387	48.0	0.0	0.0	7.0
0.3653279663959284	0.8260472461329643	0.032087652826392685	3.0	0.0	0.0	7.0
0.4517092751253918	0.5533213329251317	0.03187407465222762	49.0	0.0	0.0	7.0
0.8950736762004644	0.9360845738633259	0.03216794648484167	11.0	0.0	0.0	7.0
0.43465359619568844	0.6373344482297931	0.03109674227401005	18.0	0.0	0.0	7.0
0.5120631289312607	0.4452118950694027	0.031859805348008	52.0	0.0	0.0	7.0
0.3056518707101587	0.6708259703654342	0.03328038416058215	51.0	0.0	0.0	7.0
0.4476367154014281	0.3083247169608126	0.03252682777644886	23.0	0.0	0.0	7.0
0.6931627692952966	0.814636903188413	0.033630316774287454	5.0	0.0	0.0	7.0
0.09222134927632163	0.9686027667505022	0.03311496930417283	50.0	0.0	0.0	7.0
0.8198450390192542	0.7115153744091277	0.03512379127431057	46.0	0.0	1.2140877430510955e-05	7.0
0.21376618835390226	0.7002845432636005	0.03098970053224494	40.0	0.0	0.0	7.0
0.06661876311560579	0.654553599043395	0.033399374323458644	32.0	0.0	0.0	7.0
0.4808375308879269	0.9492001664312891	0.029450386116253856	58.0	0.0	0.0	7.0
0.8634140948083214	0.4790541544748453	0.03274231789829021	39.0	0.0	0.0	7.0
0.6561050572520679	0.6649504399417702	0.035417253294148736	25.0	0.0	0.0004649211422531607	7.0
0.3813205890313471	0.497793334075702	0.036225780144243096	19.0	0.0	0.011787391833834704	7.0
0.0487052713838818	0.4889669107899161	0.03310034421456419	10.0	0.0	0.0	7.0
0.7561687053021892	0.9732897443607682	0.031653620716854444	35.0	0.0	0.0	7.0
0.3879868810917009	0.5862657779759459	0.032805978573300656	6.0	0.0	0.0	7.0
0.6606625048388709	0.08607467479214505	0.02917251438932697	41.0	0.0	0.0	7.0
0.17813801479652627	0.05954205234991988	0.03399569959725653	24.0	0.0	0.0	7.0
0.690993177379886	0.40600500187696964	0.03415570261371252	14.0	0.0	0.0	7.0
0.2053075184994364	0.9617338028319808	0.03281169407375327	27.0	0.0	0.0	7.0
0.491261777778215	0.60606267122553	0.032572337902367535	7.0	0.0	0.0	7.0
0.4761150942184978	0.20169443732071243	0.03162359915689226	8.0	0.0	0.0	7.0
0.29478302396399003	0.832043047433926	0.035439447353709096	13.0	0.0	0.0	7.0
0.6017545680977426	0.5211348108185155	0.03292388585526262	55.0	0.0	0.0	7.0
0.5644696091819668	0.3384280346953871	0.03204624960733832	44.0	0.0	0.0	7.0
0.12817398908418318	0.31356184661822667	0.03584298526494568	45.0	0.0	0.0038338924364467175	7.0
0.8046611691566699	0.6247262826854918	0.03384660095946737	57.0	0.0	0.0	7.0
0.5732889824119308	0.8968606688053671	0.028664796051493618	43.0	0.0	0.0	7.0
0.7102709835699367	0.5324484812432877	0.03295117978273981	38.0	0.0	0.0	7.0
0.670302952149135	0.3341569027117599	0.030153992810910548	12.0	0.0	0.0	7.0
0.39586209312332993	0.12459278965045235	0.032992091942483516	53.0	0.0	0.0	7.0
0.5681784924609427	0.21058545291492925	0.030275350368785935	31.0	0.0	0.0	7.0
0.5632124287508687	0.6779108528958532	0.03263664759895247	21.0	0.0	0.0	7.0
0.6893622317423204	0.2485234804908264	0.03302698379949515	28.0	0.0	0.0	7.0
0.7797884940712387	0.5434177936436636	0.03037024401605787	56.0	0.0	0.0	7.0
0.1363221410950307	0.6051570896819318	0.03276341339164965	59.0	0.0	0.0	7.0
0.5230960102865946	0.14406698988043745	0.03589199351131314	4.0	0.0	0.004542187517884599	7.0
0.2274676788614306	0.893480220253569	0.03235577638525419	33.0	0.0	0.0	7.0
0.5949210538932566	0.7388278473127681	0.03237797715559944	30.0	0.0	0.0	7.0
0.3410522426679323	0.04634446525804115	0.03236341338582718	15.0	0.0	0.0	7.0
0.4892466558673418	0.3681742336048977	0.029567840651217318	47.0	0.0	0.0	7.0
0.12757747807677472	0.6087229378621165	0.032796176805041294	59.0	0.0	0.0	8.0
0.06636450887859767	0.6550755460053083	0.0334327736977821	32.0	0.0	0.0	8.0
0.5771348863228798	0.31909207720387484	0.01809715520639177	64.0	44.0	0.0	8.0
0.5066756002301651	0.8515364142500975	0.0324731296743729	2.0	0.0	0.0	8.0
0.6083213071997698	0.2759610848112183	0.03299185636187828	48.0	0.0	0.0	8.0
0.693090689415863	0.8144957681128147	0.03366394709106174	5.0	0.0	0.0	8.0
0.3956229919387608	0.1257635025537437	0.03302508403442599	53.0	0.0	0.0	8.0
0.7923445574720771	0.7996170760950717	0.034589478990541996	36.0	0.0	0.0	8.0
0.4269404562336869	0.639063515488503	0.03112783901628406	18.0	0.0	0.0	8.0
0.16574232459555935	0.08062805769624357	0.017896485824572553	62.0	24.0	0.0	8.0
0.37325674355326377	0.5003239428911105	0.03626200592438734	19.0	0.0	0.012863648220502455	8.0
0.5069174711353625	0.607337353648708	0.0326049102402699	7.0	0.0	0.0	8.0
0.21273446529950815	0.6965670472950238	0.031020690232777183	40.0	0.0	0.0	8.0
0.20424088191548279	0.9602500452705309	0.03284450576782702	27.0	0.0	0.0	8.0
0.23106803384298602	0.8957549132646703	0.032388132161639445	33.0	0.0	0.0	8.0
0.04828449662880076	0.4874507786757499	0.03313344455877875	10.0	0.0	0.0	8.0
0.38519930429148475	0.5897433095471936	0.03283878455187395	6.0	0.0	0.0	8.0
0.8057070952678083	0.6254831783613543	0.03388044756042684	57.0	0.0	0.0	8.0
0.5682871950971466	0.20483081704700443	0.030305625719154718	31.0	0.0	0.0	8.0
0.7803195832745163	0.5428610160424088	0.030400614260073927	56.0	0.0	0.0	8.0
0.5227996724779143	0.440211354602422	0.03189166515335601	52.0	0.0	0.0	8.0
0.5231370792497008	0.14404350798130727	0.03592788550482445	4.0	0.0	0.0051128510992271	8.0
0.48013139079106343	0.9501956148764541	0.029479836502370106	58.0	0.0	0.0	8.0
0.12247106546579985	0.8859385538568062	0.032724636911503666	22.0	0.0	0.0	8.0
0.185425537247001	0.43085776259768943	0.03341941619074472	29.0	0.0	0.0	8.0
0.895146005088899	0.9365596119209364	0.03220011443132651	11.0	0.0	0.0	8.0
0.31636379243930846	0.8507652412129988	0.018995732981078865	61.0	13.0	0.0	8.0
0.30668800914076055	0.6719830513366092	0.03331366454474273	51.0	0.0	0.0	8.0
0.08329192198075432	0.5564305754363957	0.03107065798888352	26.0	0.0	0.0	8.0
0.5974901683088664	0.6114857881043685	0.03270618802968496	17.0	0.0	0.0	8.0
0.8240316412574547	0.12421777499039266	0.03308189085549087	34.0	0.0	0.0	8.0
0.687226964700938	0.4060405697862807	0.03418985831632623	14.0	0.0	0.0	8.0
0.8689240203497693	0.5667575833576803	0.03126305624367603	54.0	0.0	0.0	8.0
0.3431908292112025	0.047377910835247845	0.03239577679921301	15.0	0.0	0.0	8.0
0.3627227681228798	0.9413978382808338	0.03283261942138088	20.0	0.0	0.0	8.0
0.7105682365663448	0.5329878946300561	0.03298413096252254	38.0	0.0	0.0	8.0
0.6922570772300133	0.2521036906356042	0.033060010783294645	28.0	0.0	0.0	8.0
0.670086570978393	0.33499789303162236	0.030184146803721456	12.0	0.0	0.0	8.0
0.6571832933710715	0.6650286424756962	0.03545267054744288	25.0	0.0	0.0005936448293084595	8.0
0.8631558357335657	0.47937355727660186	0.0327750602161885	39.0	0.0	0.0	8.0
0.4531572648772174	0.5501409411161572	0.031905948726879844	49.0	0.0	0.0	8.0
0.6660831334596379	0.08940466079671412	0.029201686903716294	41.0	0.0	0.0	8.0
0.9089157755902314	0.6972029411467752	0.03349072237854541	1.0	0.0	0.0	8.0
0.598604610796531	0.748142969273918	0.03241035513275503	30.0	0.0	0.0	8.0
0.6023461538953051	0.5166863652514161	0.03295680974111788	55.0	0.0	0.0	8.0
0.12923357312524625	0.3138167594550551	0.03587882825021062	45.0	0.0	0.004344021849561841	8.0
0.7559064993050998	0.9727599714464015	0.0316852743375713	35.0	0.0	0.0	8.0
0.3681242568980967	0.8316086499934465	0.032119740479219075	3.0	0.0	0.0	8.0
0.46003756652184064	0.47203398715233824	0.03518180901730861	37.0	0.0	3.8461501290498745e-05	8.0
0.5702317369684604	0.8955461273476243	0.028693460847545108	43.0	0.0	0.0	8.0
0.5375722955382615	0.357991427333635	0.01809715520639177	65.0	44.0	0.0	8.0
0.09197540597384331	0.9681497388577656	0.033148084273477	50.0	0.0	0.0	8.0
0.8979733348214595	0.8104254864426241	0.034983822079880836	42.0	0.0	0.0	8.0
0.4495808532859507	0.30686108946714186	0.0325593546042253	23.0	0.0	0.0	8.0
0.1930062408824559	0.03659461961764328	0.017896485824572553	63.0	24.0	0.0	8.0
0.2759430028432154	0.8181495303966874	0.018995732981078865	60.0	13.0	0.0	8.0
0.5807785892463795	0.8155105426503786	0.03225878465695001	16.0	0.0	0.0	8.0
0.21919215780837414	0.5065555818858453	0.030903008653501814	9.0	0.0	0.0	8.0
0.4859600547209128	0.3699719072050506	0.02959740849186853	47.0	0.0	0.0	8.0
0.4742262692206285	0.20207401265443387	0.03165522275604915	8.0	0.0	0.0	8.0
0.5630203018129085	0.6698297113833189	0.03266928424655142	21.0	0.0	0.0	8.0
0.8203649983861737	0.7146634372826892	0.03515891506558488	46.0	0.0	2.5684740862175204e-05	8.0
0.8608054486706578	0.4818067729786269	0.032807835276404684	39.0	0.0	0.0	9.0
0.19327091248452172	0.0363736357796513	0.017914382310397124	63.0	0.0	0.0	9.0
0.522403171304166	0.4426119472329491	0.03192355681850936	52.0	0.0	0.0	9.0
0.898565311619693	0.8105290141720941	0.035018805901960715	42.0	0.0	4.256595786955586e-08	9.0
0.6021529715035501	0.5167406350240542	0.032989766550858994	55.0	0.0	0.0	9.0
0.09235086589264317	0.9686934048192681	0.03318123235775047	50.0	0.0	0.0	9.0
0.6874462894317649	0.40542975927296254	0.03422404817464256	14.0	0.0	0.0	9.0
0.8061468619476639	0.6250868763170914	0.033914328007987264	57.0	0.0	0.0	9.0
0.790809361098567	0.8016166966374356	0.03462406846953253	36.0	0.0	0.0	9.0
0.16427671023354262	0.07784539520453786	0.017914382310397124	62.0	0.0	0.0	9.0
0.18665486785256213	0.4306187603119023	0.03345283560693546	29.0	0.0	0.0	9.0
0.3053799891595804	0.6721277498321033	0.03334697820928747	51.0	0.0	0.0	9.0
0.3980181084326443	0.12536015656573787	0.03305810911846042	53.0	0.0	0.0	9.0
0.1287205179424154	0.31526727533721455	0.035914707078460825	45.0	0.0	0.004898082475506271	9.0
0.8978163042194393	0.9373828517769062	0.03223231454575783	11.0	0.0	0.0	9.0
0.45308183563719584	0.5521368123428492	0.03193785467560672	49.0	0.0	0.0	9.0
0.48543750633822486	0.3684007752606267	0.029627005900360395	47.0	0.0	0.0	9.0
0.6599881657376213	0.6617747514326009	0.035488123217990324	25.0	0.0	0.00074433488066461	9.0
0.06977603686094642	0.6545010327704973	0.03346620647147988	32.0	0.0	0.0	9.0
0.4823703459868047	0.9503580022854526	0.029509316338872472	58.0	0.0	0.0	9.0
0.0837275782888714	0.556478769510832	0.0311017286468724	26.0	0.0	0.0	9.0
0.12856232899549935	0.6083428719864037	0.03282897298184633	59.0	0.0	0.0	9.0
0.6052319416936766	0.2759124559058681	0.03302484821824015	48.0	0.0	0.0	9.0
0.598806450134444	0.6136745410127133	0.03273889421771464	17.0	0.0	0.0	9.0
0.3821507761272977	0.5793813248991609	0.03287162333642582	6.0	0.0	0.0	9.0
0.5775002249552603	0.31897184385366373	0.01811525236159816	64.0	0.0	0.0	9.0
0.34378469921816524	0.04533811162095405	0.03242817257601222	15.0	0.0	0.0	9.0
0.8178883075059882	0.717726493273904	0.035194073980650456	46.0	0.0	4.678233723609537e-05	9.0
0.5063154982908286	0.6048000671773319	0.032637515150510166	7.0	0.0	0.0	9.0
0.5054244106058435	0.8515009573150578	0.03250560280404727	2.0	0.0	0.0	9.0
0.8730753042889505	0.5688942115053057	0.0312943192999197	54.0	0.0	0.0	9.0
0.776190263064262	0.5407027009528123	0.030431014874333997	56.0	0.0	0.0	9.0
0.6644975074585345	0.3250085668986759	0.030214330950525174	12.0	0.0	0.0	9.0
0.12362288916686762	0.8863914085463482	0.032757361548415166	22.0	0.0	0.0	9.0
0.21264808927782522	0.6973259859217125	0.031051710923009956	40.0	0.0	0.0	9.0
0.5688645135694282	0.20239744756415054	0.03033593134487387	31.0	0.0	0.0	9.0
0.7103740564773946	0.5327682824378571	0.03301711509348506	38.0	0.0	0.0	9.0
0.5376941062223505	0.3583821649990501	0.01811525236159816	65.0	0.0	0.0	9.0
0.2846033570684984	0.8142958697940696	0.01901472871405994	60.0	0.0	0.0	9.0
0.433575627089513	0.6465309622385066	0.031158966855300337	18.0	0.0	0.0	9.0
0.4610188064287439	0.4740483299390814	0.035216990826325914	37.0	0.0	6.538890954743692e-05	9.0
0.5246940994502717	0.14236947003801953	0.03596381339032927	4.0	0.0	0.005730055666177236	9.0
0.6939373928535266	0.8183906840509307	0.033697611038152796	5.0	0.0	0.0	9.0
0.9087542043404679	0.6975455134512749	0.033524213100923954	1.0	0.0	0.0	9.0
0.7505801273838371	0.9735538129151415	0.03171695961190887	35.0	0.0	0.0	9.0
0.21936944680424134	0.5093678590499334	0.03093391166215531	9.0	0.0	0.0	9.0
0.5716496783197973	0.8933480748427122	0.028722154308392648	43.0	0.0	0.0	9.0
0.6029538695517215	0.7404286408098059	0.032442765487887784	30.0	0.0	0.0	9.0
0.8256313782844502	0.1233296360018239	0.03311497274634635	34.0	0.0	0.0	9.0
0.3732945021675021	0.5033225099896275	0.03629826793031172	19.0	0.0	0.014004672651125816	9.0
0.0443039973257803	0.49033130979371814	0.03316657800333753	10.0	0.0	0.0	9.0
0.6659692682820272	0.09166349400205749	0.029230888590620008	41.0	0.0	0.0	9.0
0.36769581692278974	0.8302641734166454	0.03215186021969829	3.0	0.0	0.0	9.0
0.5729263486953532	0.8185029806906964	0.03229104344160695	16.0	0.0	0.0	9.0
0.23166784773585553	0.8958289232035075	0.03242052029380108	33.0	0.0	0.0	9.0
0.3180915544145789	0.8504518591508813	0.01901472871405994	61.0	0.0	0.0	9.0
0.3637402468198136	0.9458099508708357	0.03286545204080226	20.0	0.0	0.0	9.0
0.5639928325119752	0.6693056933127104	0.03270195353079797	21.0	0.0	0.0	9.0
0.4493312540900198	0.3066059287991018	0.03259191395882952	23.0	0.0	0.0	9.0
0.6926133682865174	0.2537426632119003	0.03309307079407794	28.0	0.0	0.0	9.0
0.20453381171403312	0.9600874170568834	0.03287735027359484	27.0	0.0	0.0	9.0
0.4762327842998991	0.20437232220878365	0.0316868779788052	8.0	0.0	0.0	9.0
0.8792292842536166	0.5601021451685079	0.031325613619219615	54.0	0.0	0.0	10.0
0.23656332048892345	0.8859003429483845	0.03245294081409488	33.0	0.0	0.0	10.0
0.223674639127064	0.5093000921283543	0.030964845573817464	9.0	0.0	0.0	10.0
0.8612008427103953	0.48132401633053973	0.032840643111681084	39.0	0.0	0.0	10.0
0.522276602027135	0.4432740876259752	0.03195548037532787	52.0	0.0	0.0	10.0
0.18453352682087779	0.4295771236773873	0.033486288442542395	29.0	0.0	0.0	10.0
0.8213195410713189	0.629556129474801	0.03394824233599525	57.0	0.0	0.0	10.0
0.2848216880507851	0.8143061866862191	0.019033743442774	60.0	0.0	0.0	10.0
0.07481248800358938	0.5565768396288806	0.031132830375519272	26.0	0.0	0.0	10.0
0.5245012944307748	0.14301650265297017	0.0359997772037196	4.0	0.0	0.006395723264404296	10.0
0.6655780860408904	0.32365481353594966	0.030244545281475695	12.0	0.0	0.0	10.0
0.5080970418621624	0.603925280416425	0.03267015266566067	7.0	0.0	0.0	10.0
0.5763367867412037	0.3168287891043285	0.018133367613959755	64.0	0.0	0.0	10.0
0.47382123138550275	0.2081628199881384	0.031718564856784	8.0	0.0	0.0	10.0
0.19943645013190012	0.9642075520741168	0.03291022762386843	27.0	0.0	0.0	10.0
0.12598241428473736	0.3129219977948121	0.03595062178553928	45.0	0.0	0.005497981353258297	10.0
0.7106553863247902	0.5319885534365503	0.03305013220857854	38.0	0.0	0.0	10.0
0.5647504197047364	0.19750142101910909	0.03036626727621874	31.0	0.0	0.0	10.0
0.36368118074826017	0.9457580553003389	0.03289831749284306	20.0	0.0	0.0	10.0
0.7012431751234279	0.8173488054489326	0.033731308649190946	5.0	0.0	0.0	10.0
0.3741681469132963	0.5031753851612284	0.036334566198242026	19.0	0.0	0.015212491082124302	10.0
0.30612597145165316	0.6701389997546309	0.03338032518749675	51.0	0.0	0.0	10.0
0.5723114360058479	0.8946239264904697	0.02875087646270104	43.0	0.0	0.0	10.0
0.6045233079805546	0.27292559902388147	0.03305787306645839	48.0	0.0	0.0	10.0
0.09137324031382243	0.9660871057605913	0.03321441359010822	50.0	0.0	0.0	10.0
0.3790442362492847	0.5827637908983867	0.03290449495976224	6.0	0.0	0.0	10.0
0.12601800488062584	0.8854322837580159	0.03279011890996358	22.0	0.0	0.0	10.0
0.4340542533189568	0.6494287761045235	0.031190125822155634	18.0	0.0	0.0	10.0
0.46221875280918795	0.47520014947435407	0.035252207817152235	37.0	0.0	0.00010267284685028244	10.0
0.7910109821124782	0.8016519570831928	0.03465869253800206	36.0	0.0	0.0	10.0
0.6590800824044839	0.6621719977994471	0.03552361134120831	25.0	0.0	0.0009187706385347383	10.0
0.3445159886598262	0.04467909966312865	0.03246060074858823	15.0	0.0	0.0	10.0
0.48406587555121716	0.3652382275596218	0.029656632906260753	47.0	0.0	0.0	10.0
0.7767665138533947	0.53852007196835	0.03046144588920833	56.0	0.0	0.0	10.0
0.5034988944785478	0.8474841144076627	0.03253810840685131	2.0	0.0	0.0	10.0
0.5576813489453587	0.6763041344119312	0.03273465548432876	21.0	0.0	0.0	10.0
0.8250517089627444	0.12842287172138403	0.033148087719092695	34.0	0.0	0.0	10.0
0.21235624073708725	0.6965479328577582	0.03108276263393296	40.0	0.0	0.0	10.0
0.8987486511137159	0.9383726989103701	0.03226454686030359	11.0	0.0	0.0	10.0
0.8980473052283334	0.8106815977521876	0.03505382470786267	42.0	0.0	9.979873141219286e-07	10.0
0.19373098738217223	0.037786573299229805	0.01793229669270752	63.0	0.0	0.0	10.0
0.6053217219179319	0.5146538678100457	0.03302275631740985	55.0	0.0	0.0	10.0
0.06976645368198207	0.6552620724887536	0.033499672677951356	32.0	0.0	0.0	10.0
0.3663217233549773	0.8309496612949714	0.03218401207991799	3.0	0.0	0.0	10.0
0.4538853940670328	0.5525895720310219	0.03196979253028232	49.0	0.0	0.0	10.0
0.5403970842959135	0.35382282289514805	0.018133367613959755	65.0	0.0	0.0	10.0
0.6906923307783994	0.2532419403571587	0.033126163864872014	28.0	0.0	0.0	10.0
0.6050897332879118	0.6058340785975266	0.032771633111932354	17.0	0.0	0.0	10.0
0.6007680241102566	0.7426352267312152	0.032475208253375666	30.0	0.0	0.0	10.0
0.15522616767793507	0.07667077187988795	0.01793229669270752	62.0	0.0	0.0	10.0
0.04572677995642924	0.48586651184993046	0.03319974458134086	10.0	0.0	0.0	10.0
0.31698825655865526	0.8471346036333358	0.019033743442774	61.0	0.0	0.0	10.0
0.9078566552632097	0.6987145870653312	0.03355773731402487	1.0	0.0	0.0	10.0
0.4491594588015629	0.306247544532058	0.03262450587278835	23.0	0.0	0.0	10.0
0.8194130931332018	0.7174100745540432	0.0352292680546311	46.0	0.0	7.71277410649418e-05	10.0
0.4793550734096115	0.9455520301381926	0.02953882565521134	58.0	0.0	0.0	10.0
0.683551403618238	0.4063150567598446	0.034258272222817195	14.0	0.0	0.0	10.0
0.5703702572486956	0.8207774419324816	0.03232333448504855	16.0	0.0	0.0	10.0
0.749650474038221	0.978417244595274	0.03174867657152077	35.0	0.0	0.0	10.0
0.3973634202378611	0.12746022963172243	0.03309116722757888	53.0	0.0	0.0	10.0
0.13692608069730297	0.6143348838465298	0.03286180195482817	59.0	0.0	0.0	10.0
0.6660200139898518	0.09134374967799672	0.029260119479210624	41.0	0.0	0.0	10.0
0.37883324653628814	0.5836288189586224	0.032937399454722	6.0	0.0	0.0	11.0
0.23738286141195256	0.8838723164457535	0.03248539375490897	33.0	0.0	0.0	11.0
0.689260228160192	0.25531562494481536	0.03315929002873688	28.0	0.0	0.0	11.0
0.8604836407128097	0.4818028272869085	0.03287348375479276	39.0	0.0	0.0	11.0
0.6001685097246189	0.7485666358311842	0.032507683461629036	30.0	0.0	0.0	11.0
0.07598176172615106	0.5585211430532518	0.031163963205894787	26.0	0.0	0.0	11.0
0.6675048204744675	0.09388463024026517	0.02928937959868983	41.0	0.0	0.0	11.0
0.9057094968708768	0.6988975211779077	0.03359129505133889	1.0	0.0	0.0	11.0
0.07129581482831718	0.6533460824548218	0.0335331723506293	32.0	0.0	0.0	11.0
0.08687682211706005	0.9684734574462361	0.03324762800369832	50.0	0.0	0.0	11.0
0.6567512134337813	0.6576119860344202	0.03555913495254951	25.0	0.0	0.0011187418871543287	11.0
0.6057482437147631	0.6062857960511707	0.032804404745044285	17.0	0.0	0.0	11.0
0.5019121057937375	0.8467780295432029	0.03257064651525816	2.0	0.0	0.0	11.0
0.7010928016155629	0.8213277154514564	0.03376503995784013	5.0	0.0	0.0	11.0
0.8992937509310956	0.9376718756687784	0.03229681140716389	11.0	0.0	0.0	11.0
0.4464088463154807	0.3054184711584332	0.03265713037866113	23.0	0.0	0.0	11.0
0.670439022783472	0.3230239375810108	0.030274789826757166	12.0	0.0	0.0	11.0
0.1364281965162211	0.609700763091134	0.032894663756782995	59.0	0.0	0.0	11.0
0.7512487748153341	0.9764148867038678	0.03178042524809229	35.0	0.0	0.0	11.0
0.5659866578886829	0.1974975294663785	0.030396633543494957	31.0	0.0	0.0	11.0
0.19560244186771966	0.0373238588559169	0.017950228989400227	63.0	0.0	0.0	11.0
0.1256050398273307	0.8847152708568914	0.03282290902887354	22.0	0.0	0.0	11.0
0.04320664478033201	0.48696895972683085	0.0332329443259222	10.0	0.0	0.0	11.0
0.4829142850981747	0.3660281824120857	0.02968628953916701	47.0	0.0	0.0	11.0
0.12138850311487168	0.31101490053797304	0.035986572407324814	45.0	0.0	0.006145636490956008	11.0
0.21321609841512942	0.6981082829563479	0.03111384539656689	40.0	0.0	0.0	11.0
0.22456733353632993	0.5053146580052834	0.030995810419391277	9.0	0.0	0.0	11.0
0.6807950503126211	0.40091801482219014	0.03429253049504001	14.0	0.0	0.0	11.0
0.522949906791445	0.4413316991409887	0.03198743585570319	52.0	0.0	0.0	11.0
0.4342584818872651	0.6517398425706058	0.031221315947977786	18.0	0.0	0.0	11.0
0.8289996185101483	0.12947849123510263	0.03318123580681178	34.0	0.0	0.0	11.0
0.7092817658782253	0.5330920869581384	0.033083182340787116	38.0	0.0	0.0	11.0
0.8981346675821915	0.8104869200333589	0.035088878532570526	42.0	0.0	4.493353642942566e-06	11.0
0.5750344567213748	0.8919769791349702	0.028779627339163737	43.0	0.0	0.0	11.0
0.28144470081898404	0.8163226063890922	0.01905277718621677	60.0	0.0	0.0	11.0
0.7854617161350793	0.5362536474500144	0.030491907335097535	56.0	0.0	0.0	11.0
0.5790943711655968	0.3157646039376372	0.018151500981573712	64.0	0.0	0.0	11.0
0.5380147093941435	0.35408637090584294	0.018151500981573712	65.0	0.0	0.0	11.0
0.5234183401161432	0.14607824432441935	0.03603577698092331	4.0	0.0	0.007111786970398271	11.0
0.46183265029578946	0.47796990171459447	0.03528746002496938	37.0	0.0	0.00015202406844139205	11.0
0.5094875395964219	0.6024675253194408	0.03270282281832633	7.0	0.0	0.0	11.0
0.39555769652263895	0.1304628411975438	0.033124258394806455	53.0	0.0	0.0	11.0
0.8183039509800385	0.6256790494323934	0.03398219057833124	57.0	0.0	0.0	11.0
0.8839828002702358	0.5567971817777895	0.03135693923283883	54.0	0.0	0.0	11.0
0.3180562400402824	0.8531301072100786	0.01905277718621677	61.0	0.0	0.0	11.0
0.29922753930575485	0.6726525565380079	0.033413705512684244	51.0	0.0	0.0	11.0
0.3671788729719961	0.834115346362959	0.0322161960919979	3.0	0.0	0.0	11.0
0.472767874526717	0.2052433541044994	0.03175028342164078	8.0	0.0	0.0	11.0
0.6088392867949017	0.5181164993540681	0.033055779073727254	55.0	0.0	0.0	11.0
0.6048264124003923	0.26972554038673546	0.033090930939524844	48.0	0.0	0.0	11.0
0.3710519188972216	0.5022361101134548	0.036370900764440266	19.0	0.0	0.01648914092686482	11.0
0.7931293543156439	0.7985428734971171	0.03469335123054006	36.0	0.0	0.0	11.0
0.20051109548117407	0.966413642646247	0.0329431378514923	27.0	0.0	0.0	11.0
0.5657132987544781	0.8234013744274753	0.0323556578195336	16.0	0.0	0.0	11.0
0.5577799982878746	0.6753859430272086	0.032767390139813085	21.0	0.0	0.0	11.0
0.4755147084254512	0.9412086858871155	0.029568364480866548	58.0	0.0	0.0	11.0
0.15512182944480885	0.07697801000380765	0.017950228989400227	62.0	0.0	0.0	11.0
0.8191138261310311	0.7183700469131059	0.035264497322685724	46.0	0.0	0.00011842511496240604	11.0
0.3643052488505634	0.9459678004388529	0.0329312158103359	20.0	0.0	0.0	11.0
0.4536895941028463	0.5511172488509988	0.0320017623228126	49.0	0.0	0.0	11.0
0.3443208857402507	0.04380806269334841	0.03249306134933682	15.0	0.0	0.0	11.0
0.187339443120608	0.4295682909367554	0.033519774730984934	29.0	0.0	0.0	11.0
