# x	y	r	id	split_id	s_prob	t
2.0	0.5	0.0	-1.0	0.0	0.0	0.0
1.0015235004046847	0.27875894251829064	0.030861645648564362	1.0	0.0	0.0	0.0
0.5806111217310731	0.3251844924293404	0.03207800149383526	2.0	0.0	0.0	0.0
0.8658844328293379	0.314958872486131	0.03219455843573529	3.0	0.0	0.0	0.0
0.5625908768980313	0.49767247086951094	0.03239464414144303	4.0	0.0	0.0	0.0
0.7376916544196325	0.7082349986444773	0.03054005443172386	5.0	0.0	0.0	0.0
0.7230462808814188	0.2667988592474458	0.03522446662843677	6.0	0.0	7.238279084731403e-05	0.0
0.5897897422494108	0.4267948991286283	0.03400166565712586	7.0	0.0	0.0	0.0
0.4146222444769516	0.5767072150853155	0.03232751980254357	8.0	0.0	0.0	0.0
0.5441132088190116	0.3784492048832169	0.03242724001384486	9.0	0.0	0.0	0.0
0.7664887368721085	0.8798098903400702	0.03187898494999242	10.0	0.0	0.0	0.0
0.32444493671801866	0.4126235182462273	0.03430416860824459	11.0	0.0	0.0	0.0
0.8676373218871284	0.8096385586377595	0.03237536771720879	12.0	0.0	0.0	0.0
0.9317650444342299	0.27547471408338375	0.03431545773637368	13.0	0.0	0.0	0.0
0.03458419213563254	0.5936172388785319	0.03433521849308338	14.0	0.0	0.0	0.0
0.8412638844677215	0.8714888829398838	0.028989546959351124	15.0	0.0	0.0	0.0
0.6347707801863735	0.6124469903546378	0.03331900460416572	16.0	0.0	0.0	0.0
0.2830247993696173	0.2588353831588517	0.03155802550030835	17.0	0.0	0.0	0.0
0.1502774996688114	0.53850091815597	0.03439721229106617	18.0	0.0	0.0	0.0
0.9069268066689589	0.7485215823104676	0.035187368167404774	19.0	0.0	4.2098575548266126e-05	0.0
0.6948883173701911	0.8963248822040205	0.03288789936544239	20.0	0.0	0.0	0.0
0.39480488572389305	0.1229198861819934	0.030216292302828116	21.0	0.0	0.0	0.0
0.047547282393364386	0.19909243798042495	0.032420067598530056	22.0	0.0	0.0	0.0
0.6533862696531447	0.18934880942450782	0.031297225025468584	23.0	0.0	0.0	0.0
0.7938892152698895	0.21644660443045177	0.03398955548211549	24.0	0.0	0.0	0.0
0.2390742527879674	0.4293964885387858	0.03584682814650434	25.0	0.0	0.0038865640339622587	0.0
0.4217328517441312	0.661211616128622	0.0326388698250592	26.0	0.0	0.0	0.0
0.8674764998891678	0.20053511632691223	0.03675148320095098	27.0	0.0	0.03438728615293485	0.0
0.6438093382265959	0.38469634935345287	0.03404755625896835	28.0	0.0	0.0	0.0
0.5240102407000075	0.7722200017026828	0.029661977833531306	29.0	0.0	0.0	0.0
0.12425532411027158	0.6587170456662835	0.033182452998055334	30.0	0.0	0.0	0.0
0.3701030360486383	0.05143276062486822	0.03620136725255075	31.0	0.0	0.011097044885389096	0.0
0.045789775153368364	0.512491172813868	0.03563320048470911	32.0	0.0	0.001624814140086528	0.0
0.21861315655935804	0.594347235444019	0.032196069718441245	33.0	0.0	0.0	0.0
0.13636119784655149	0.3247514354893881	0.031103072676058	34.0	0.0	0.0	0.0
0.7171947585072207	0.3860956558259233	0.03370257388633865	35.0	0.0	0.0	0.0
0.22861453569004445	0.510457357350346	0.03123584674953496	36.0	0.0	0.0	0.0
0.5127846736194844	0.05565463639596434	0.0319204882673558	37.0	0.0	0.0	0.0
0.3947115685993223	0.42979432731208755	0.03303158954784792	38.0	0.0	0.0	0.0
0.21252537576593195	0.3576464087294276	0.03504890182941982	39.0	0.0	7.484370740939994e-07	0.0
0.3620282203197712	0.5073728094145299	0.03322737184040888	40.0	0.0	0.0	0.0
0.35901642172194687	0.21011169358223222	0.033593689919310145	41.0	0.0	0.0	0.0
0.6092167154488733	0.7446992563590596	0.03377282492943001	42.0	0.0	0.0	0.0
0.7397905856922831	0.4897098968428538	0.034482622503529875	43.0	0.0	0.0	0.0
0.7199196989956632	0.18560488511326886	0.032405713574756835	44.0	0.0	0.0	0.0
0.33083170249366073	0.5849366579140235	0.03215088143784075	45.0	0.0	0.0	0.0
0.31717811895056863	0.8870366006806693	0.031213815901362414	46.0	0.0	0.0	0.0
0.7860595708268908	0.8070243057496221	0.03137882729246838	47.0	0.0	0.0	0.0
0.29702659748676474	0.9521613337192771	0.033253731897915445	48.0	0.0	0.0	0.0
0.6458633527830242	0.28519464692547175	0.032798986049340284	49.0	0.0	0.0	0.0
0.5853974558278578	0.18686854607410186	0.03170867055842006	50.0	0.0	0.0	0.0
0.5519130519592396	0.6958086318727636	0.0334286506064847	51.0	0.0	0.0	0.0
0.9125395902092204	0.44667855636751563	0.0312836105170214	52.0	0.0	0.0	0.0
0.34631033928190036	0.29149668868571843	0.03527080126747864	53.0	0.0	0.00012709604963845322	0.0
0.8433152598793285	0.5202683850064999	0.032563211566908924	54.0	0.0	0.0	0.0
0.16911788464386407	0.42626059130163096	0.03417213195483849	55.0	0.0	0.0	0.0
0.548737629073743	0.5726818159904823	0.03483767220092274	56.0	0.0	0.0	0.0
0.4897098968428538	0.8657663940403746	0.03092262074786151	57.0	0.0	0.0	0.0
0.35313216402982395	0.7248231629182523	0.035429836375535984	58.0	0.0	0.0005082641410751876	0.0
0.7890096634304749	0.6439529599711448	0.03430984650116213	59.0	0.0	0.0	0.0
0.4436094338017758	0.4836294991940312	0.03188925394941937	60.0	0.0	0.0	0.0
0.7162553856933939	0.7993293946126097	0.03495470573444292	61.0	0.0	0.0	0.0
0.2792300786743305	0.34203980526735484	0.03314859942555424	62.0	0.0	0.0	0.0
0.79258354654698	0.3641822404016449	0.03298479037624882	63.0	0.0	0.0	0.0
0.7039156918264455	0.655987356446189	0.029693146756601382	64.0	0.0	0.0	0.0
0.47565583234463404	0.5444761933638157	0.033031160802095935	65.0	0.0	0.0	0.0
0.47744291746056106	0.36468798465524427	0.033576737082593545	66.0	0.0	0.0	0.0
0.0861052159516903	0.39595736833536027	0.03300414198751373	67.0	0.0	0.0	0.0
0.38369065219346987	0.9418507931416972	0.037174122440619996	68.0	0.0	0.06577062519211552	0.0
0.16900095095907572	0.09180905853584692	0.03380241403366626	69.0	0.0	0.0	0.0
0.6245018173944522	0.5477953479271241	0.03144669359094331	70.0	0.0	0.0	0.0
0.11243055396609974	0.4588175065249133	0.030558548980743942	71.0	0.0	0.0	0.0
0.9073809627663999	0.8847071741927353	0.03202556398066743	72.0	0.0	0.0	0.0
0.40806940159166866	0.346004246954892	0.032173662736533645	73.0	0.0	0.0	0.0
0.1755955899801235	0.16170951445449372	0.03572722421641444	74.0	0.0	0.002461415726642713	0.0
0.8034000633715412	0.30053216179855224	0.028800011247663265	75.0	0.0	0.0	0.0
0.9056795214377896	0.5963527841078224	0.031168140223914523	76.0	0.0	0.0	0.0
0.17851223166613278	0.7803273557052828	0.031322215166684084	77.0	0.0	0.0	0.0
0.945949140430308	0.19437694120455468	0.03515714293520818	78.0	0.0	2.483502242967006e-05	0.0
0.7914388255024362	0.8074826087718433	0.03141020611976084	47.0	0.0	0.0	1.0
0.1280300336667839	0.6537358058800325	0.03321563545105338	30.0	0.0	0.0	1.0
1.0075482283401185	0.2793680675801725	0.030892507294212924	1.0	0.0	0.0	1.0
0.04435462052589928	0.6016710715319773	0.03436955371157646	14.0	0.0	0.0	1.0
0.21391765157828696	0.3567789891405073	0.03508395073124923	39.0	0.0	3.786634820812651e-06	1.0
0.7131532910575379	0.799912249548128	0.03498966044017736	61.0	0.0	0.0	1.0
0.4749365385836398	0.5456722566085844	0.033064191962898025	65.0	0.0	0.0	1.0
0.21939180606398306	0.5916727635408706	0.03222826578815968	33.0	0.0	0.0	1.0
0.6221786686867333	0.616156113418755	0.03335232360876988	16.0	0.0	0.0	1.0
0.24871166493181443	0.42972391487419764	0.03588267497465084	25.0	0.0	0.004401314628751152	1.0
0.316969495903259	0.8882996964369698	0.031245029717263773	46.0	0.0	0.0	1.0
0.911177609615762	0.446657117782396	0.03131489412753842	52.0	0.0	0.0	1.0
0.413965093876312	0.5777694284462952	0.03235984732234611	8.0	0.0	0.0	1.0
0.7880867812967164	0.6433779833508639	0.03434415634766329	59.0	0.0	0.0	1.0
0.8040451912380573	0.2997444924481654	0.028828811258910927	75.0	0.0	0.0	1.0
0.8437799370887303	0.5213977492061765	0.032595774778475826	54.0	0.0	0.0	1.0
0.9470084726594867	0.19473297572117468	0.03519230007814338	78.0	0.0	4.551120727569469e-05	1.0
0.6941372958548969	0.9048235004613944	0.03292078726480783	20.0	0.0	0.0	1.0
0.34631033928190036	0.2932706204120661	0.035306072068746114	53.0	0.0	0.00018350633891373036	1.0
0.6210605873296808	0.5434841605242218	0.03147814028453425	70.0	0.0	0.0	1.0
0.1370084060999655	0.32568859303874637	0.031134175748734054	34.0	0.0	0.0	1.0
0.7391748558152955	0.49057789364888615	0.0345171051260334	43.0	0.0	0.0	1.0
0.3611328120354286	0.5137961270968162	0.03326059921224928	40.0	0.0	0.0	1.0
0.16504165046722044	0.09560956139735459	0.03383621644769992	69.0	0.0	0.0	1.0
0.7916477706705177	0.363459110854831	0.03301777516662506	63.0	0.0	0.0	1.0
0.5907624643884994	0.4278019004093491	0.034035667322782986	7.0	0.0	0.0	1.0
0.7663754705478975	0.8809305121670692	0.031910863934942406	10.0	0.0	0.0	1.0
0.4406661985258352	0.4844164819132252	0.031921143203368786	60.0	0.0	0.0	1.0
0.40850454474677345	0.35463652442947574	0.032205836399270174	73.0	0.0	0.0	1.0
0.15354737430962792	0.5386554310137338	0.03443160950335723	18.0	0.0	0.0	1.0
0.6444474341658036	0.286274642455669	0.032831785035389624	49.0	0.0	0.0	1.0
0.3540694623135725	0.7236787678787605	0.03546526621191152	58.0	0.0	0.0006445914169148637	1.0
0.3712673862957236	0.05270052967873759	0.0362375686198033	31.0	0.0	0.01213075523995144	1.0
0.7182370676127202	0.3860398242825518	0.033736276460224986	35.0	0.0	0.0	1.0
0.9075327351257864	0.8834444416007448	0.032057589544648095	72.0	0.0	0.0	1.0
0.35891049822339705	0.20824430219081397	0.03362728360922945	41.0	0.0	0.0	1.0
0.5471497021401164	0.5740246896573313	0.03487250987312365	56.0	0.0	0.0	1.0
0.6531399667500761	0.19103486673188255	0.03132852225049405	23.0	0.0	0.0	1.0
0.22093555756757344	0.5008371014750796	0.03126708259628449	36.0	0.0	0.0	1.0
0.5208770173338808	0.7753042939450376	0.029691639811364835	29.0	0.0	0.0	1.0
0.6095976615780848	0.7427722250523223	0.03380659775435944	42.0	0.0	0.0	1.0
0.10318494182607435	0.4655903956325092	0.03058910752972468	71.0	0.0	0.0	1.0
0.2841684485613107	0.259460925434335	0.03158958352580865	17.0	0.0	0.0	1.0
0.29784144690488373	0.951547881339662	0.03328698562981336	48.0	0.0	0.0	1.0
0.16677886862205493	0.4227606248894246	0.03420630408679332	55.0	0.0	0.0	1.0
0.05015537532290202	0.19968525076791555	0.032452487666128585	22.0	0.0	0.0	1.0
0.2807304167486204	0.3411819606894305	0.033181748024979786	62.0	0.0	0.0	1.0
0.9959919839679358	0.9619238476953907	0.06212424849699399	-2.0	-1.0	127.7182965366076	1.0
0.3227142846716805	0.41499925992301295	0.03433847277685283	11.0	0.0	0.0	1.0
0.4876542668331661	0.8686642236722951	0.03095354336860937	57.0	0.0	0.0	1.0
0.6453608979535992	0.38535193930978556	0.03408160381522732	28.0	0.0	0.0	1.0
0.7255595310680594	0.2659009981268924	0.0352596910950652	6.0	0.0	0.00011208594226275181	1.0
0.8649444039633423	0.32443780012461576	0.03222675299417103	3.0	0.0	0.0	1.0
0.4766595125692426	0.36690283653676875	0.033610313819676135	66.0	0.0	0.0	1.0
0.5075456432210672	0.05257095601584994	0.031952408755623156	37.0	0.0	0.0	1.0
0.8637244120661686	0.8113266947351545	0.03240774308492599	12.0	0.0	0.0	1.0
0.5839445062412832	0.32240132983531916	0.03211007949532909	2.0	0.0	0.0	1.0
0.7490026182235248	0.7076291240887826	0.03057059448615558	5.0	0.0	0.0	1.0
0.5763765853965869	0.18326640555985205	0.03174037922897848	50.0	0.0	0.0	1.0
0.393419694396714	0.4280895245767985	0.033064621137395764	38.0	0.0	0.0	1.0
0.5565499672229685	0.49920649779470744	0.03242703878558447	4.0	0.0	0.0	1.0
0.7988481549445638	0.21251382451704492	0.0340235450375976	24.0	0.0	0.0	1.0
0.9055193664306405	0.5948621208754662	0.031199308364138433	76.0	0.0	0.0	1.0
0.41907635963477186	0.66127016199003	0.032671508694884256	26.0	0.0	0.0	1.0
0.33765971267763584	0.5811458960847983	0.03218303231927858	45.0	0.0	0.0	1.0
0.08428197323459226	0.3944736356158472	0.03303714612950124	67.0	0.0	0.0	1.0
0.8699047875313454	0.20536461750252186	0.036788234684151926	27.0	0.0	0.03659767669579139	1.0
0.38174234037722493	0.938564410546804	0.03721129656306061	68.0	0.0	0.06920236658332612	1.0
0.5520858513059523	0.6968548351774279	0.03346207925709118	51.0	0.0	0.0	1.0
0.17409271546801425	0.7808162605797351	0.03135353738185077	77.0	0.0	0.0	1.0
0.8319664327139686	0.8747842327580578	0.029018536506310474	15.0	0.0	0.0	1.0
0.17609950229824312	0.1666950663960066	0.035762951440630845	74.0	0.0	0.0028423049159584934	1.0
0.9289702940231102	0.27611595989426685	0.03434977319411005	13.0	0.0	0.0	1.0
0.7213716110390872	0.18745352542948673	0.03243811928833159	44.0	0.0	0.0	1.0
0.7039553634021215	0.6591378396926725	0.02972283990335798	64.0	0.0	0.0	1.0
0.048148458173486286	0.514995321903167	0.035668833685193815	32.0	0.0	0.0019148483612667633	1.0
0.5464857660970578	0.37608410442032336	0.0324596672538587	9.0	0.0	0.0	1.0
0.9113204021461495	0.7405817839661044	0.03522255553557217	19.0	0.0	7.05497008510747e-05	1.0
0.39263877134077163	0.12013495899024551	0.03024650859513094	21.0	0.0	0.0	1.0
0.9056813023913607	0.8832278213424766	0.03208964713419274	72.0	0.0	0.0	2.0
0.5484215757616088	0.6935527207711198	0.033495541336348265	51.0	0.0	0.0	2.0
0.08382531074716185	0.3972384713201157	0.033070183275630737	67.0	0.0	0.0	2.0
0.651055043497979	0.279242270010972	0.03286461682042501	49.0	0.0	0.0	2.0
0.281768143766237	0.34472258586455934	0.03321492977300476	62.0	0.0	0.0	2.0
0.5820995045469408	0.1806330169473169	0.03177211960820746	50.0	0.0	0.0	2.0
0.5133594393226121	0.7708794660558289	0.029721331451176197	29.0	0.0	0.0	2.0
0.29593702440270264	0.9529629125292602	0.03332027261544317	48.0	0.0	0.0	2.0
0.2194469467783662	0.5026314567522067	0.03129834967888077	36.0	0.0	0.0	2.0
0.1293585431395856	0.6524765538054663	0.03324885108650443	30.0	0.0	0.0	2.0
0.36346910764623297	0.04713169036382713	0.036273806188423095	31.0	0.0	0.01322787363072564	2.0
0.04489702239668433	0.5938514796214688	0.03440392326528804	14.0	0.0	0.0	2.0
0.5474965449637028	0.3769388971027077	0.03249212692111256	9.0	0.0	0.0	2.0
0.16567071945797965	0.4232124995553599	0.034240510390880115	55.0	0.0	0.0	2.0
0.8458038368343554	0.5229414838899773	0.0326283705532543	54.0	0.0	0.0	2.0
0.5564295157970938	0.5749801317064476	0.034907382382996774	56.0	0.0	0.0	2.0
0.7945122848805325	0.8085588344620481	0.0314416163258806	47.0	0.0	0.0	2.0
0.22089317090558278	0.5876702027873848	0.03226049405394784	33.0	0.0	0.0	2.0
0.7470018217147347	0.7071610816906009	0.030601165080641732	5.0	0.0	0.0	2.0
0.3486870948111094	0.21734129081803572	0.03366091089283868	41.0	0.0	0.0	2.0
0.6513697084370961	0.3822112513328999	0.034115685419042543	28.0	0.0	0.0	2.0
0.9248676072788944	0.2707434323343419	0.034384122967304157	13.0	0.0	0.0	2.0
0.8647388752852976	0.811477890142415	0.03244015082801092	12.0	0.0	0.0	2.0
0.16361157802871293	0.09562306692429559	0.03387005266414762	69.0	0.0	0.0	2.0
0.1722404396182978	0.7854842686643557	0.03138489091923261	77.0	0.0	0.0	2.0
0.6451454104288679	0.18421717097030404	0.03135985077274454	23.0	0.0	0.0	2.0
0.40574978876943596	0.35403279390918524	0.032238042235669444	73.0	0.0	0.0	2.0
0.9128845269088566	0.7414373139400774	0.03525777809110774	19.0	0.0	0.00010962711471051989	2.0
0.8579011810835855	0.3338548676967347	0.0322589797471652	3.0	0.0	0.0	2.0
0.42129052103157383	0.6536650554438769	0.03270418020357914	26.0	0.0	0.0	2.0
0.05169769864708222	0.19950479674946556	0.03248494015379471	22.0	0.0	0.0	2.0
0.7125858374420282	0.7982752265728642	0.03502465010061753	61.0	0.0	9.585970417447243e-08	2.0
0.43856646612823186	0.48189983481128884	0.03195306434657215	60.0	0.0	0.0	2.0
0.39417609474716375	0.12020760282492461	0.03027675510372607	21.0	0.0	0.0	2.0
0.24033296368259766	0.4320777019231448	0.03591855764962549	25.0	0.0	0.004960200465674802	2.0
0.3229877146133812	0.41933658936222357	0.034372811249629674	11.0	0.0	0.0	2.0
0.476009269882257	0.3690849800681489	0.03364392413349581	66.0	0.0	0.0	2.0
0.317074900761542	0.8871868729178464	0.03127627474698103	46.0	0.0	0.0	2.0
0.3943776848453762	0.4242056257051765	0.033097685758533155	38.0	0.0	0.0	2.0
0.7977182827005369	0.21015678411351602	0.03405756858263519	24.0	0.0	0.0	2.0
0.04692230831495209	0.5193078252928005	0.03570450251887901	32.0	0.0	0.0022378327465588654	2.0
0.17482641058385529	0.16521817148417822	0.035798714392071475	74.0	0.0	0.0032610278230009726	2.0
0.1497303009090837	0.5401009419414533	0.034466041112860585	18.0	0.0	0.0	2.0
0.8025722839279483	0.289643875405293	0.028857640070169836	75.0	0.0	0.0	2.0
0.7650769018296208	0.8802517756397894	0.031942774798877346	10.0	0.0	0.0	2.0
0.7213459950671134	0.3870413273043406	0.03377001273668521	35.0	0.0	0.0	2.0
0.5501537189796203	0.4980463440854547	0.03245946582437005	4.0	0.0	0.0	2.0
0.6251094640660382	0.5376996124658981	0.03150961842481878	70.0	0.0	0.0	2.0
0.8272237942035972	0.8769304707026317	0.02904755504281678	15.0	0.0	0.0	2.0
0.7261208582705889	0.2670533212167539	0.03529495078616026	6.0	0.0	0.00016422098329371693	2.0
0.3808450706551838	0.9429577189414041	0.037248507859623664	68.0	0.0	0.07275506011822586	2.0
0.3425087656187395	0.5802031596625667	0.03221521535159786	45.0	0.0	0.0	2.0
0.7279025724836121	0.19105858952219212	0.032470557407619914	44.0	0.0	0.0	2.0
0.5781173352504353	0.3156394192355861	0.03214218957482442	2.0	0.0	0.0	2.0
0.27188323393405633	0.2575508010321429	0.031621173109334454	17.0	0.0	0.0	2.0
0.4786185897339813	0.547397814520702	0.03309725615486092	65.0	0.0	0.0	2.0
0.21169283428707023	0.36492651251944114	0.03511903468198047	39.0	0.0	1.079445007690083e-05	2.0
0.624898910836917	0.6153734186741904	0.03338567593237864	16.0	0.0	0.0	2.0
0.9584721321339251	0.1892820610733047	0.03522749237822152	78.0	0.0	7.534952634102865e-05	2.0
0.7370986898145181	0.49164647743679224	0.03455162223115943	43.0	0.0	0.0	2.0
0.3573870123998477	0.7177471936718094	0.03550073147812342	58.0	0.0	0.0008035162340718216	2.0
0.5924866111211224	0.42877335949439016	0.03406970299010577	7.0	0.0	0.0	2.0
0.7047196810405381	0.657434639083527	0.029752562743261334	64.0	0.0	0.0	2.0
0.41833179791033664	0.5800869378674185	0.03239220716966845	8.0	0.0	0.0	2.0
0.7892376731541633	0.36391194592190185	0.03305079294179168	63.0	0.0	0.0	2.0
1.008539984636016	0.2766816857301463	0.030923399801507136	1.0	0.0	0.0	2.0
0.8745071207167425	0.21280379475724912	0.036825022918836076	27.0	0.0	0.03890316563213503	2.0
0.6094368955123799	0.743925499520083	0.033840404352113794	42.0	0.0	0.0	2.0
0.48992085730910934	0.8646117001970819	0.030984496911977976	57.0	0.0	0.0	2.0
0.36120327083159565	0.5165933951053894	0.033293859811461525	40.0	0.0	0.0	2.0
0.351413854984914	0.2923005595545302	0.03534137814081486	53.0	0.0	0.00025461682629668303	2.0
0.7844253491507504	0.644817523721672	0.03437850050401095	59.0	0.0	0.0	2.0
0.9048243324240033	0.5934578425776107	0.03123050767250257	76.0	0.0	0.0	2.0
0.1024612497808093	0.47194907986312973	0.030619696637254404	71.0	0.0	0.0	2.0
0.514762106772219	0.05300308723548473	0.03198436116437878	37.0	0.0	0.0	2.0
0.6958042873226461	0.9045211409748605	0.03295370805207263	20.0	0.0	0.0	2.0
0.9070910426293485	0.4492389980167101	0.031346209021665954	52.0	0.0	0.0	2.0
0.13692794298644165	0.32204673005749096	0.031165309924482784	34.0	0.0	0.0	2.0
0.24441791162692106	0.43609232973262907	0.03595447620727511	25.0	0.0	0.005565129758167586	3.0
0.5594255164429014	0.581130485200535	0.03494228976537977	56.0	0.0	0.0	3.0
0.9011403209169507	0.45453406909611016	0.031377555230687616	52.0	0.0	0.0	3.0
0.9496369750435184	0.19152565841113176	0.03526271987059974	78.0	0.0	0.00011605363252442658	3.0
0.21496007640500953	0.5079155032854558	0.03132964802855964	36.0	0.0	0.0	3.0
0.29538044708851013	0.9516796209014375	0.03335359288805861	48.0	0.0	0.0	3.0
0.7124990758451591	0.799257027594771	0.035059674750718146	61.0	0.0	1.3600404145108769e-06	3.0
0.27513005844461363	0.25405996165582867	0.03165279428244378	17.0	0.0	0.0	3.0
0.8663680933858889	0.8167040070617824	0.03247259097883892	12.0	0.0	0.0	3.0
0.7346389194408341	0.49257798295993305	0.034586173853390585	43.0	0.0	0.0	3.0
0.9150441995156372	0.7411015246623056	0.035293035869198845	19.0	0.0	0.0001610431752681052	3.0
0.37686171094876453	0.9477592174672309	0.03728575636748328	68.0	0.0	0.07643104346598761	3.0
0.10223131790060919	0.4742239544604108	0.030650316333891654	71.0	0.0	0.0	3.0
0.34658844438740033	0.291299205517072	0.03537671951895567	53.0	0.0	0.0003421640222853739	3.0
0.16243089884782125	0.09654737812203569	0.03390392271681176	69.0	0.0	0.0	3.0
0.477581976211051	0.5473553699564176	0.03313035341101578	65.0	0.0	0.0	3.0
0.6514204643444939	0.27792558864190986	0.032897481437245434	49.0	0.0	0.0	3.0
0.1773068739346265	0.17394223284879018	0.035834513106463545	74.0	0.0	0.003719456292444079	3.0
0.14886672200487824	0.5390732295513656	0.034500507153973445	18.0	0.0	0.0	3.0
0.5144668761288543	0.053993849071915505	0.03201634552554315	37.0	0.0	0.0	3.0
0.6204936528317058	0.5415044580423971	0.0315411280432436	70.0	0.0	0.0	3.0
0.7928443548781944	0.8073677467119141	0.03147305794220648	47.0	0.0	0.0	3.0
0.9025812454385602	0.5945417867049554	0.03126173818017507	76.0	0.0	0.0	3.0
0.039348299712087524	0.5875760310970796	0.034438327188553323	14.0	0.0	0.0	3.0
0.1261996777992866	0.6528663204204277	0.03328209993759093	30.0	0.0	0.0	3.0
0.5695097661866555	0.17636714932239836	0.03180389172781566	50.0	0.0	0.0	3.0
0.7995991983967935	0.3166332665330661	0.0877755511022044	-2.0	-1.0	940.758834067668	3.0
0.8762449805237293	0.20416685606797283	0.036861847941754906	27.0	0.0	0.041305948667357484	3.0
0.13603104923951115	0.32140624805066625	0.031196475234407262	34.0	0.0	0.0	3.0
0.7599843092860052	0.8743473038756157	0.03197471757367622	10.0	0.0	0.0	3.0
0.8690170001795854	0.3298676291722575	0.03229123872691236	3.0	0.0	0.0	3.0
0.39810308282094586	0.1186350393018287	0.03030703185882979	21.0	0.0	0.0	3.0
0.7005487219485368	0.65453470836802	0.029782315306004593	64.0	0.0	0.0	3.0
0.9275292317868437	0.27265492137728453	0.03441850709027146	13.0	0.0	0.0	3.0
0.04278129399710747	0.51288854223456	0.035740207021397886	32.0	0.0	0.0025956108153906143	3.0
0.4375630569801644	0.4839596878251564	0.03198501741091872	60.0	0.0	0.0	3.0
0.39270930875927645	0.4197578216410012	0.033130783444291684	38.0	0.0	0.0	3.0
0.5813421161875583	0.30534470596316327	0.03217433176439924	2.0	0.0	0.0	3.0
0.6873869418754527	0.9092597336461085	0.0329866617601247	20.0	0.0	0.0	3.0
0.40471922151151124	0.35366462273469396	0.03227028027790511	73.0	0.0	0.0	3.0
0.6433519119085261	0.36826237098988707	0.034149801104461586	28.0	0.0	0.0	3.0
0.7769209578790797	0.645839561742864	0.03441287900451496	59.0	0.0	0.0	3.0
0.32232572510815277	0.41818720635300666	0.0344071840608793	11.0	0.0	0.0	3.0
0.3547181514989472	0.7174349331576221	0.035536232209601545	58.0	0.0	0.0009868216408790431	3.0
0.6266103552592098	0.6129926934667671	0.03341906160831102	16.0	0.0	0.0	3.0
0.5997774596218226	0.43872853909638904	0.03410377269309587	7.0	0.0	0.0	3.0
0.7203759494131914	0.38778567742505593	0.03380378274942189	35.0	0.0	0.0	3.0
0.21993254398559692	0.5881195829826351	0.03229275454800178	33.0	0.0	0.0	3.0
0.9017424250596071	0.884607088303091	0.03212173678132693	72.0	0.0	0.0	3.0
0.5468793049333889	0.6939859832772598	0.03352903687768461	51.0	0.0	0.0	3.0
0.5501418577531427	0.3835377273341162	0.032524619048033665	9.0	0.0	0.0	3.0
0.7913137765598633	0.3639012568572871	0.03308384373473347	63.0	0.0	0.0	3.0
0.05244636879272178	0.2001709784040247	0.032517425093948504	22.0	0.0	0.0	3.0
0.5110777413821921	0.770031782188059	0.02975105278262737	29.0	0.0	0.0	3.0
0.7261605151170077	0.1910969823518906	0.032503027965027534	44.0	0.0	0.0	3.0
0.34174896129838334	0.5814665850807691	0.03224743056694945	45.0	0.0	0.0	3.0
1.0045964732400505	0.2757066581810534	0.03095432320130864	1.0	0.0	0.0	3.0
0.550895719915686	0.5033691759335013	0.032491925290194415	4.0	0.0	0.0	3.0
0.17187756208833294	0.7864705196198282	0.03141627581015184	77.0	0.0	0.0	3.0
0.4806786452455375	0.3695420908260417	0.0336775680576293	66.0	0.0	0.0	3.0
0.6537221798479554	0.1860355054190897	0.031391210623517275	23.0	0.0	0.0	3.0
0.2781842184587503	0.3465671996763704	0.03324814470277776	62.0	0.0	0.0	3.0
0.41754388602505343	0.5813605127998736	0.032424599376838115	8.0	0.0	0.0	3.0
0.3205497577820481	0.879443523429954	0.03130755102172801	46.0	0.0	0.0	3.0
0.3470952586827319	0.2140205418659151	0.03369457180373152	41.0	0.0	0.0	3.0
0.8368776868447471	0.874414161332191	0.029076602597859595	15.0	0.0	0.0	3.0
0.7926196785806839	0.2191357962155132	0.03409162615121782	24.0	0.0	0.0	3.0
0.0809074024208313	0.3953168951046987	0.03310325345890636	67.0	0.0	0.0	3.0
0.7303544941198215	0.2733517799443058	0.03533024573694642	6.0	0.0	0.00023051098916937462	3.0
0.2082909087359077	0.35332364989930026	0.03515415371666245	39.0	0.0	2.3444553946205815e-05	3.0
0.16115009403555555	0.42203418811835347	0.03427475090127099	55.0	0.0	0.0	3.0
0.4205084583135274	0.6499551237973812	0.032736884383782715	26.0	0.0	0.0	3.0
0.3646828802839079	0.0469429710940154	0.03631007999461151	31.0	0.0	0.014390418313013242	3.0
0.7429829421888456	0.7068950233514464	0.03063176624572237	5.0	0.0	0.0	3.0
0.35682120579538096	0.5169667393269963	0.03332715367127298	40.0	0.0	0.0	3.0
0.80150375619023	0.2905708312383822	0.028886497710240003	75.0	0.0	0.0	3.0
0.49101939049651877	0.8633692902116166	0.03101548140888995	57.0	0.0	0.0	3.0
0.8457296567201088	0.524118178700081	0.03266099892380755	54.0	0.0	0.0	3.0
0.6091122833584537	0.7414845695601184	0.0338742447564659	42.0	0.0	0.0	3.0
0.5942169913036948	0.43682065767620715	0.03413787646578896	7.0	0.0	0.0	4.0
0.20701208643781485	0.35564427870783893	0.03518930787037911	39.0	0.0	4.3419616545747886e-05	4.0
0.6544072993506906	0.1882331943741371	0.031422601834140786	23.0	0.0	0.0	4.0
0.3503682525877131	0.215919375140968	0.03372826637553525	41.0	0.0	0.0	4.0
0.4222766305465108	0.6617171088595983	0.032769621268166495	26.0	0.0	0.0	4.0
0.9276388003734176	0.7343153137510083	0.03532832890506804	19.0	0.0	0.0002265204048086389	4.0
0.5544264349792366	0.5090761975974321	0.03252441721548461	4.0	0.0	0.0	4.0
0.8696285456269307	0.3290606122434552	0.03232352996563927	3.0	0.0	0.0	4.0
0.6114731088502254	0.7425529396751667	0.03390811900122236	42.0	0.0	0.0	4.0
0.8984260893288288	0.4545597021527655	0.0314089327859183	52.0	0.0	0.0	4.0
0.7867072090627278	0.8033261552324529	0.03150453100014868	47.0	0.0	0.0	4.0
0.8768433348590017	0.20942426673168407	0.03689870978969666	27.0	0.0	0.0438082336558665	4.0
0.38726929267401977	0.9435914983203242	0.037323042123850764	68.0	0.0	0.0802326670197715	4.0
0.6185269114375085	0.5424548615702499	0.03157266917128684	70.0	0.0	0.0	4.0
0.1622147499356659	0.4296716236751953	0.034309025652172254	55.0	0.0	0.0	4.0
0.03577594722841928	0.517714883580319	0.03577594722841928	32.0	0.0	0.0029900367945288053	4.0
0.9278838241094028	0.2717095966471207	0.034452925597361725	13.0	0.0	0.0	4.0
0.4796447803565161	0.36831172756571917	0.03371124562568693	66.0	0.0	0.0	4.0
0.730964089024319	0.27203790649645765	0.03536557598268336	6.0	0.0	0.00031268924379901364	4.0
0.6512226703094811	0.27896033754111915	0.032930378918682675	49.0	0.0	0.0	4.0
0.8029953195062121	0.2905473529250607	0.02891538420795024	75.0	0.0	0.0	4.0
0.7404208627159552	0.702314183839655	0.03066239801196809	5.0	0.0	0.0	4.0
0.6993899636036928	0.6556192909362987	0.029812097621310596	64.0	0.0	0.0	4.0
0.21855708212422498	0.5845885312801834	0.03232504730254978	33.0	0.0	0.0	4.0
0.5544125222892454	0.3823669489159399	0.03255714366708169	9.0	0.0	0.0	4.0
0.27943380767022835	0.34767910912443656	0.03328139284748054	62.0	0.0	0.0	4.0
0.39885236653780337	0.4261200455614541	0.03316391422773597	38.0	0.0	0.0	4.0
0.6275722779466284	0.6128056797212348	0.03345248066991933	16.0	0.0	0.0	4.0
0.039639319724423014	0.5885995803646612	0.034472765515741875	14.0	0.0	0.0	4.0
0.3216426972806892	0.8775999697874327	0.031338858572749734	46.0	0.0	0.0	4.0
0.7915754851508626	0.22176731752647774	0.03412571777736904	24.0	0.0	0.0	4.0
0.7257561283605656	0.1819270049208138	0.032535530992992556	44.0	0.0	0.0	4.0
0.3327070614549632	0.5816422096848336	0.0322796779975164	45.0	0.0	0.0	4.0
0.9073463398227151	0.6007484067708126	0.03129299991835524	76.0	0.0	0.0	4.0
0.4838258550858884	0.5468284553782119	0.03316348376442679	65.0	0.0	0.0	4.0
0.41757027291334	0.5755078743523181	0.03245702397621495	8.0	0.0	0.0	4.0
0.17360451913081448	0.787332038912794	0.03144769208596199	77.0	0.0	0.0	4.0
0.7132618614715813	0.7963678723023921	0.035094734425468864	61.0	0.0	5.441309767206803e-06	4.0
0.2930007705297132	0.9483693433982673	0.033386946480946665	48.0	0.0	0.0	4.0
0.07204864824359652	0.405725601003002	0.03313635671236526	67.0	0.0	0.0	4.0
0.5720136823162716	0.1772086988800437	0.031835695619543476	50.0	0.0	0.0	4.0
0.9488164454627027	0.19089158651544907	0.03529798259047034	78.0	0.0	0.0001693373066444792	4.0
0.27584894884754957	0.2524024272722215	0.03168444707672622	17.0	0.0	0.0	4.0
0.40558653545890777	0.3512607902075604	0.032302550558183006	73.0	0.0	0.0	4.0
0.7340184165332203	0.4907123338218662	0.03462076002724397	43.0	0.0	0.0	4.0
0.3973662579504054	0.11763683365047875	0.030337338890688615	21.0	0.0	0.0	4.0
0.10774691864144344	0.48390192847459484	0.030680966650225544	71.0	0.0	0.0	4.0
0.43691132450905157	0.4817211451021373	0.03201700242832964	60.0	0.0	0.0	4.0
0.7892045152019806	0.6462650717683291	0.03444729188351947	59.0	0.0	0.0	4.0
0.2524836639391159	0.4444423225846134	0.035990430683482386	25.0	0.0	0.006218021693584319	4.0
0.12678722443784998	0.6542447259492378	0.03331538203752852	30.0	0.0	0.0	4.0
0.3657462471063336	0.04650152939541133	0.03634639007460612	31.0	0.0	0.015620418967614569	4.0
0.4925099130812342	0.8637278774738836	0.031046496890298838	57.0	0.0	0.0	4.0
0.6900239467498415	0.9098941395707074	0.03301964842188482	20.0	0.0	0.0	4.0
0.6421852860082025	0.36502897056480144	0.03418395090556604	28.0	0.0	0.0	4.0
0.05316582757712202	0.20089726380123374	0.032549942519042446	22.0	0.0	0.0	4.0
1.0081711075906343	0.2711108268246541	0.030985277524509944	1.0	0.0	0.0	4.0
0.7189515118086587	0.38847401933342696	0.03383758653217131	35.0	0.0	0.0	4.0
0.5874183972961469	0.2986445377072968	0.032206506096163635	2.0	0.0	0.0	4.0
0.35647028168881784	0.7177413540525529	0.03557176844181114	58.0	0.0	0.0011963011430111692	4.0
0.5450756519470159	0.6834777804529207	0.03356256591456229	51.0	0.0	0.0	4.0
0.9024840436949422	0.8873460862486157	0.03215385851810826	72.0	0.0	0.0	4.0
0.21455047602127936	0.5089477566093917	0.0313609776765882	36.0	0.0	0.0	4.0
0.8647605683606051	0.8176638700732024	0.032505063569817756	12.0	0.0	0.0	4.0
0.8363380418981021	0.8735776190269554	0.02910567920045745	15.0	0.0	0.0	4.0
0.17624740103956552	0.17326349106155017	0.03587034761957	74.0	0.0	0.004219472993213458	4.0
0.8444803245935648	0.5246460665925232	0.03269365992273135	54.0	0.0	0.0	4.0
0.16072665644094108	0.09930210291902151	0.033937826639528566	69.0	0.0	0.0	4.0
0.3585675615151301	0.513749949751048	0.03336048082494425	40.0	0.0	0.0	4.0
0.15761755483247278	0.5422617388747598	0.034535007661127416	18.0	0.0	0.0	4.0
0.3140817110787493	0.40925951051564496	0.03444159124494018	11.0	0.0	0.0	4.0
0.7567123102808518	0.8796361388199997	0.03200669229124989	10.0	0.0	0.0	4.0
0.3506947242939525	0.2966477080249722	0.035412096238474626	53.0	0.0	0.000447894701821383	4.0
0.5581173037270754	0.5820771873979199	0.03497723205514514	56.0	0.0	0.0	4.0
0.1345751947905286	0.3255222575385928	0.031227671709641667	34.0	0.0	0.0	4.0
0.5101191860648991	0.770821926059564	0.029780803835409993	29.0	0.0	0.0	4.0
0.9218436873747494	0.9478957915831663	0.05030060120240481	-2.0	-1.0	22.924795027221364	4.0
0.5077729536253988	0.04970544778782223	0.032048361871068694	37.0	0.0	0.0	4.0
0.7895497213816485	0.3572196556607706	0.0331169275784682	63.0	0.0	0.0	4.0
0.349254642143386	0.21565887043660992	0.03376199464191078	41.0	0.0	0.0	5.0
0.8710133464579317	0.32650980725707557	0.0323558534956049	3.0	0.0	0.0	5.0
0.5561709946098694	0.590240271603222	0.03501220928720029	56.0	0.0	1.1647983910734183e-08	5.0
0.4738689143966059	0.36873593761832724	0.03374495687131261	66.0	0.0	0.0	5.0
0.5559893561194222	0.5077375032640948	0.03255694163270009	4.0	0.0	0.0	5.0
0.7290362608677983	0.27949289827273227	0.03540094155866604	6.0	0.0	0.00041249928213460407	5.0
0.41912296877068667	0.5855976735788438	0.03248948100019116	8.0	0.0	0.0	5.0
0.6392282997169626	0.6183013517965296	0.033485933150589245	16.0	0.0	0.0	5.0
0.2740952126594937	0.25778833220248565	0.03171613152380294	17.0	0.0	0.0	5.0
0.15632144097287806	0.0906765277516105	0.03397176446616809	69.0	0.0	0.0	5.0
0.6321018391647326	0.3647432200176778	0.034218134856471606	28.0	0.0	0.0	5.0
0.1080410010025308	0.4827283756865398	0.030711647616875767	71.0	0.0	0.0	5.0
0.32994133898265343	0.5918471863888696	0.03231195767551392	45.0	0.0	0.0	5.0
0.13534400029885266	0.32450771469003226	0.031258899381351304	34.0	0.0	0.0	5.0
0.7142470829457749	0.7944972991739403	0.03512982915989433	61.0	0.0	1.4005438615072308e-05	5.0
0.6594236547662575	0.1841509454267069	0.03145402443597492	23.0	0.0	0.0	5.0
0.27881273175238913	0.34506130412153646	0.03331467424032802	62.0	0.0	0.0	5.0
0.8973355623725779	0.45098245921766505	0.03144034171870422	52.0	0.0	0.0	5.0
0.3928628672053304	0.12471529853377833	0.0303676762295793	21.0	0.0	0.0	5.0
0.7888008840986733	0.8032931992338971	0.03153603553114883	47.0	0.0	0.0	5.0
0.5090080022032665	0.766613164615408	0.0298105846392454	29.0	0.0	0.0	5.0
0.055429608807962764	0.2016265132856989	0.03258249246156149	22.0	0.0	0.0	5.0
0.438360371125656	0.4850824722320308	0.03204901943075796	60.0	0.0	0.0	5.0
0.3239456011698594	0.40695200616156907	0.03447603283618512	11.0	0.0	0.0	5.0
0.9378961748357278	0.7331151863772918	0.035363657233973105	19.0	0.0	0.0003077915319948943	5.0
0.2918858525875698	0.9430804205774277	0.03342033342742761	48.0	0.0	0.0	5.0
0.9008163456963418	0.6082280155938607	0.03132429291827359	76.0	0.0	0.0	5.0
0.7299780447093079	0.18196687647099213	0.03256806652398554	44.0	0.0	0.0	5.0
0.8728850473647903	0.20585719924432744	0.03693560849948635	27.0	0.0	0.046412240650369085	5.0
0.21736131446813048	0.5847055915327901	0.03235737234985232	33.0	0.0	0.0	5.0
0.7868937040905076	0.35761550797798886	0.033150044506046666	63.0	0.0	0.0	5.0
0.12617792318882726	0.6551269941563302	0.033348697419566045	30.0	0.0	0.0	5.0
0.35162182518443913	0.29773701700838756	0.0354475083347131	53.0	0.0	0.0005735659469081611	5.0
0.04512570896807426	0.5985555163478399	0.03450723828125761	14.0	0.0	0.0	5.0
0.7552529997338049	0.8805581266571435	0.032038698983541135	10.0	0.0	0.0	5.0
0.5067377156349029	0.04884109036303895	0.03208041023293976	37.0	0.0	0.0	5.0
0.38785697120590246	0.9464689530744791	0.03736036516597461	68.0	0.0	0.08416229394801178	5.0
0.42142104102860206	0.6605269308403999	0.03280239088943466	26.0	0.0	0.0	5.0
0.9257817854637176	0.2713556059929978	0.034487378522959085	13.0	0.0	0.0	5.0
0.1754233038415352	0.7885134428620391	0.03147913977804795	77.0	0.0	0.0	5.0
0.20680761677491066	0.35203955554875693	0.035224497178249485	39.0	0.0	7.241234867194635e-05	5.0
0.86779187672075	0.8089745446382649	0.03253756863338757	12.0	0.0	0.0	5.0
0.8999437194338878	0.8882716950164206	0.03218601237662636	72.0	0.0	0.0	5.0
0.07356260962525842	0.3980671665002207	0.03316949306907763	67.0	0.0	0.0	5.0
0.651308095225283	0.2779189301949948	0.032963309297601356	49.0	0.0	0.0	5.0
0.3209943902759136	0.8791209213189299	0.03137019743132248	46.0	0.0	0.0	5.0
0.39300402983856875	0.43261101314663253	0.0331970781419637	38.0	0.0	0.0	5.0
0.358409483647908	0.7164990217478115	0.03560734021025295	58.0	0.0	0.001433758746813396	5.0
0.7251094662314161	0.38791030046865693	0.033871424118703475	35.0	0.0	0.0	5.0
0.3635667548029804	0.048078742434091486	0.03638273646468072	31.0	0.0	0.01691991674761084	5.0
0.9498523617700256	0.18962678372642877	0.0353332805730608	78.0	0.0	0.00023692449960321937	5.0
0.2512097537974317	0.4361202185064715	0.03602642111416587	25.0	0.0	0.006920806478376562	5.0
0.4853124547675026	0.8741497970945377	0.031077543387189134	57.0	0.0	0.0	5.0
0.7409864397781623	0.7034390320822534	0.030693060409980055	5.0	0.0	0.0	5.0
0.3549793301450034	0.5128287098651931	0.03339384130576919	40.0	0.0	0.0	5.0
0.7880233824722388	0.6456093327248137	0.03448173917540299	59.0	0.0	0.0	5.0
0.5730044482059022	0.18105942452115112	0.03186753131516302	50.0	0.0	0.0	5.0
0.4022770083599255	0.3481237942353469	0.032334853108741186	73.0	0.0	0.0	5.0
0.7365706516367	0.5001384274660322	0.03465538078727121	43.0	0.0	0.0	5.0
0.8055481889826714	0.29276198635832296	0.028944299592158187	75.0	0.0	0.0	5.0
0.1804716468629251	0.17024690916260665	0.03590621796718957	74.0	0.0	0.0047629714629806585	5.0
0.611662023490085	0.7414523103594778	0.03394202712022358	42.0	0.0	0.0	5.0
0.03515584849975676	0.5134624912240553	0.035811723175647694	32.0	0.0	0.0034229756622465857	5.0
0.6983027840380931	0.6577153449291988	0.029841909718931903	64.0	0.0	0.0	5.0
0.5459789063021654	0.6863751904842883	0.03359612848047685	51.0	0.0	0.0	5.0
0.22641113857036063	0.5164985701452873	0.03139233865426479	36.0	0.0	0.0	5.0
0.6886748339199869	0.9111891428625531	0.0330526680703067	20.0	0.0	0.0	5.0
0.1556984337427685	0.543988406922478	0.03456954266878854	18.0	0.0	0.0	5.0
0.5883843626216372	0.2991888044878014	0.03223871260225979	2.0	0.0	0.0	5.0
0.6239921838246426	0.5341401307589815	0.03160424184045812	70.0	0.0	0.0	5.0
0.312625250501002	0.21643286573146292	0.013026052104208416	-2.0	-1.0	0.0	5.0
0.5600740441363977	0.37265240877630607	0.03258970081074877	9.0	0.0	0.0	5.0
0.8403791124817597	0.5330652584498853	0.03272635358265408	54.0	0.0	0.0	5.0
1.0068798176832432	0.26722834074254526	0.031016262802034452	1.0	0.0	0.0	5.0
0.79373414048657	0.22189169868798037	0.034159843495146405	24.0	0.0	0.0	5.0
0.8347129350231127	0.8832191181612752	0.029134784879657906	15.0	0.0	0.0	5.0
0.15665416648651406	0.427685099725799	0.034343334677824425	55.0	0.0	0.0	5.0
0.4869134628366133	0.5477666960179404	0.03319664724819121	65.0	0.0	0.0	5.0
0.5932178069449353	0.4361626490330695	0.034172014342254746	7.0	0.0	0.0	5.0
0.7355490713768563	0.5004961517060483	0.03469003616805848	43.0	0.0	0.0	6.0
0.5613034601191631	0.3747562514022084	0.032622290511559515	9.0	0.0	0.0	6.0
0.4006515478549419	0.3492691708131822	0.032367187961849925	73.0	0.0	0.0	6.0
0.5073763564870719	0.04804099843514483	0.032112490643172696	37.0	0.0	0.0	6.0
0.4367137394424616	0.48561291452464916	0.03208106845018872	60.0	0.0	0.0	6.0
0.177885449092127	0.7914812860051116	0.03151061891782599	77.0	0.0	0.0	6.0
0.8993352041034284	0.43933241287141955	0.03147178206042292	52.0	0.0	0.0	6.0
0.05442498923312524	0.20111741933648208	0.03261507495402305	22.0	0.0	0.0	6.0
0.8056344977140455	0.29390222770107294	0.028973243891750343	75.0	0.0	0.0	6.0
0.27285633423704797	0.25712080090370865	0.03174784765532674	17.0	0.0	0.0	6.0
0.8329630130117611	0.536198828007717	0.03275907993623673	54.0	0.0	0.0	6.0
0.4836735552407968	0.8759799960332234	0.03110862093057632	57.0	0.0	0.0	6.0
0.15274338562300102	0.5446993271232189	0.03460411221145732	18.0	0.0	0.0	6.0
0.7300546922143538	0.18500984094761297	0.03260063459050953	44.0	0.0	0.0	6.0
0.6509279836559446	0.2788768673613198	0.032996272606898955	49.0	0.0	0.0	6.0
0.0452010072628217	0.60054792273908	0.03454174551953886	14.0	0.0	0.0	6.0
0.8974588362170872	0.6075312757817942	0.031355617211191865	76.0	0.0	0.0	6.0
0.1262615205641583	0.6507014119317973	0.03338204611698561	30.0	0.0	0.0	6.0
0.9266023342270203	0.27018330462039714	0.03452186590148204	13.0	0.0	0.0	6.0
0.5564110596883856	0.5775314067614092	0.035047221496487486	56.0	0.0	6.739058306948209e-07	6.0
0.3572261405085355	0.7155845822868002	0.0356429475504632	58.0	0.0	0.0017010090027582692	6.0
0.7462368435461794	0.7085124176275799	0.030723753470390032	5.0	0.0	0.0	6.0
0.691744022632104	0.9082056984477737	0.033085720738377004	20.0	0.0	0.0	6.0
0.6319815715218606	0.6075211446448867	0.03351941908373983	16.0	0.0	0.0	6.0
1.0076518745477525	0.2664189400497785	0.031047279064836484	1.0	0.0	0.0	6.0
0.6337542866984949	0.37004385104517945	0.034252352991328075	28.0	0.0	0.0	6.0
0.13444542025955858	0.32361195883766714	0.03129015828073265	34.0	0.0	0.0	6.0
0.4870078021636006	0.5488342472270542	0.0332298438954394	65.0	0.0	0.0	6.0
0.7951713832971073	0.6345287043875395	0.034516220914578385	59.0	0.0	0.0	6.0
0.3304966133910723	0.5929515441929721	0.032344269633189426	45.0	0.0	0.0	6.0
0.10881521185958123	0.4849172340820356	0.03074235926449264	71.0	0.0	0.0	6.0
0.18152586067642631	0.1698999662241876	0.03594212418515676	74.0	0.0	0.0053518561529415365	6.0
0.7901910768034854	0.8056048533695774	0.031567571566679976	47.0	0.0	0.0	6.0
0.3854400609716456	0.12450494675869639	0.030398043905808875	21.0	0.0	0.0	6.0
0.20883707256562473	0.35213545433643956	0.03525972167542773	39.0	0.0	0.00011212554353789983	6.0
0.29288273514882895	0.942329926110839	0.033453753760855034	48.0	0.0	0.0	6.0
0.3494080007873142	0.21717615322072076	0.03379575663655268	41.0	0.0	0.0	6.0
0.9492611224675548	0.1881637097772036	0.03536861385363386	78.0	0.0	0.00032054937459236044	6.0
0.7870224890826047	0.3557588659997083	0.03318319455055271	63.0	0.0	0.0	6.0
0.9018727913306465	0.8902538382667083	0.032218198389002986	72.0	0.0	0.0	6.0
0.6268433762502967	0.5333197577171362	0.03163584608229857	70.0	0.0	0.0	6.0
0.3881438518873177	0.4351904204301572	0.03323027522010566	38.0	0.0	0.0	6.0
0.7910075230784792	0.22195179002584817	0.034194003338641546	24.0	0.0	0.0	6.0
0.5983326453010622	0.4390445709110391	0.034206186356596995	7.0	0.0	0.0	6.0
0.9375372379149399	0.7426127217123035	0.03539902089120708	19.0	0.0	0.00040659953424437845	6.0
0.03344622209751423	0.5138737900915573	0.035847534898823336	32.0	0.0	0.0038963031927465863	6.0
0.353752712709677	0.513156691366555	0.033427235147074956	40.0	0.0	0.0	6.0
0.5092000975167037	0.756443783086411	0.029840395223884642	29.0	0.0	0.0	6.0
0.7573346331675334	0.8838300544099514	0.03207073768252467	10.0	0.0	0.0	6.0
0.22782048322253629	0.5154921411293394	0.03142373099291905	36.0	0.0	0.0	6.0
0.07362794319771933	0.3959923791511706	0.0332026625621467	67.0	0.0	0.0	6.0
0.8651938693609309	0.8071682355434813	0.03257010620202095	12.0	0.0	0.0	6.0
0.4244802222648674	0.6489398618750877	0.03283519328032409	26.0	0.0	0.0	6.0
0.5713929257856959	0.18101375626698918	0.031899398846478175	50.0	0.0	0.0	6.0
0.344133652156774	0.2985653891943581	0.03548295584304781	53.0	0.0	0.0007209451893288588	6.0
0.8221030655615722	0.8916565631775644	0.02916391966453756	15.0	0.0	0.0	6.0
0.8710029807439511	0.20596989984047573	0.03697254410798583	27.0	0.0	0.0491202019513679	6.0
0.38639505058829327	0.9531939262593037	0.037397725531140576	68.0	0.0	0.08822230024604494	6.0
0.41986517799836376	0.5805078956118257	0.03252197048119135	8.0	0.0	0.0	6.0
0.7004187377393911	0.6556119405812894	0.02987175162865083	64.0	0.0	0.0	6.0
0.4730278001259276	0.3672320773650355	0.03377870182818392	66.0	0.0	0.0	6.0
0.7269366683745025	0.3958336325288606	0.03390529554282217	35.0	0.0	0.0	6.0
0.15740499214318818	0.09059107882169042	0.034005736230634256	69.0	0.0	0.0	6.0
0.22238723963713847	0.5815743255111024	0.03238972972220217	33.0	0.0	0.0	6.0
0.5431622119415035	0.6857535861798006	0.03362972460895732	51.0	0.0	0.0	6.0
0.5543193199051564	0.5074993391727046	0.03258949857433279	4.0	0.0	0.0	6.0
0.36565211986044943	0.05034933179712715	0.0364191192011454	31.0	0.0	0.018290964325260006	6.0
0.6592509377045187	0.18566851531575446	0.031485478460410894	23.0	0.0	0.0	6.0
0.3228023811890665	0.4037834771833968	0.0345105088690213	11.0	0.0	0.0	6.0
0.7133162541220094	0.7897886641542782	0.03516495898905422	61.0	0.0	2.8728168089742212e-05	6.0
0.871034803191078	0.3231017370335907	0.0323882093491005	3.0	0.0	0.0	6.0
0.15133754858362772	0.43559473097988144	0.034377678012502244	55.0	0.0	0.0	6.0
0.7279199845043518	0.28230607919826056	0.035436342500224705	6.0	0.0	0.0005316949327749398	6.0
0.254515449761525	0.4406580917833649	0.036062447535280026	25.0	0.0	0.007675425383339984	6.0
0.5868760612127184	0.29933646038318806	0.03227095131486205	2.0	0.0	0.0	6.0
0.27837162206982424	0.3464762716906497	0.03334798891456834	62.0	0.0	0.0	6.0
0.3193161495370954	0.879052205066105	0.0314015676287538	46.0	0.0	0.0	6.0
0.6128703989094035	0.7423267642238193	0.0339759691473438	42.0	0.0	0.0	6.0
0.7918570838018678	0.6384228827352687	0.03455073713549296	59.0	0.0	0.0	7.0
1.0145748514722766	0.26552044251533835	0.031078326343901317	1.0	0.0	0.0	7.0
0.4856035405418221	0.5480546319056568	0.033263073739334834	65.0	0.0	0.0	7.0
0.7357859577014179	0.5019303657832457	0.03472472620422653	43.0	0.0	0.0	7.0
0.5077509761639318	0.0501440586895135	0.03214460313381586	37.0	0.0	0.0	7.0
0.04329220759955122	0.6003001894575904	0.034576287265058396	14.0	0.0	0.0	7.0
0.4879015640024758	0.8709484037043502	0.031139729551506894	57.0	0.0	0.0	7.0
0.8968257793026233	0.6066958715627203	0.031386972828403054	76.0	0.0	0.0	7.0
0.13434731557095456	0.3213873118479963	0.03132144843901338	34.0	0.0	0.0	7.0
0.6577218475730796	0.18188464653711153	0.0315169639388713	23.0	0.0	0.0	7.0
0.39113872618775675	0.4383032404999506	0.03326350549532576	38.0	0.0	0.0	7.0
0.20792420060721864	0.353056988116119	0.03529498139710315	39.0	0.0	0.00016427211875225112	7.0
0.22368629288338288	0.5090181084760156	0.031455154723911964	36.0	0.0	0.0	7.0
0.5559179723659022	0.5748607815103192	0.03508226871798397	56.0	0.0	3.563560710517777e-06	7.0
0.9256104982035142	0.27169977600820494	0.03455638776738352	13.0	0.0	0.0	7.0
0.793027351830198	0.8082595694857584	0.031599139138246655	47.0	0.0	0.0	7.0
0.3503708079501792	0.2165763023966163	0.03382955239318923	41.0	0.0	0.0	7.0
0.5541686767051844	0.5059089068277862	0.03262208807290712	4.0	0.0	0.0	7.0
0.8988987789904063	0.4411216942709439	0.03150325384248334	52.0	0.0	0.0	7.0
0.43031012846244493	0.64825775457369	0.032868028473604406	26.0	0.0	0.0	7.0
0.12441841174782892	0.6530405199801207	0.03341542816310259	30.0	0.0	0.0	7.0
0.38700526936699625	0.12444085866136281	0.030428441949714682	21.0	0.0	0.0	7.0
0.06823000992182099	0.39811464785909817	0.03323586522470884	67.0	0.0	0.0	7.0
0.09952784757017284	0.48779659982659773	0.03077310162375713	71.0	0.0	0.0	7.0
0.5408036466427094	0.6870825042143407	0.03366335433356628	51.0	0.0	0.0	7.0
0.8673117571527292	0.8089592850462763	0.032602676308222965	12.0	0.0	0.0	7.0
0.7467055588052635	0.7066419820901739	0.03075447722386042	5.0	0.0	0.0	7.0
0.6281416864016086	0.5342844330219987	0.03166748192838087	70.0	0.0	0.0	7.0
0.7575996744602875	0.882285906127478	0.03210280842020719	10.0	0.0	0.0	7.0
0.5874082208968882	0.3001966393530462	0.03230322226617691	2.0	0.0	0.0	7.0
0.5064510565551607	0.7566083992332421	0.029870235619108523	29.0	0.0	0.0	7.0
0.3990578823213618	0.3416868779627491	0.03239955514981177	73.0	0.0	0.0	7.0
0.8374391033279023	0.5349717332790994	0.03279183901617296	54.0	0.0	0.0	7.0
0.218045008320316	0.5830142738621069	0.03242211945192437	33.0	0.0	0.0	7.0
0.7848979431868808	0.35746567490747233	0.033216377745103255	63.0	0.0	0.0	7.0
0.8697721406786756	0.3157453808612785	0.032420597558449595	3.0	0.0	0.0	7.0
0.2730353951881305	0.25829682846665214	0.031779595502982066	17.0	0.0	0.0	7.0
0.9374850560509518	0.7436478944452368	0.03543441991209828	19.0	0.0	0.0005246976802624204	7.0
0.261026503844106	0.4331130271643869	0.0360985099828153	25.0	0.0	0.008483830789188573	7.0
0.8984408573347907	0.8943906542301979	0.032250416587391986	72.0	0.0	0.0	7.0
0.7286858559008498	0.2815982267275584	0.03547177884272493	6.0	0.0	0.0006720403605697811	7.0
0.9488603396431677	0.1884782006437512	0.03540398246748749	78.0	0.0	0.0004219563495269085	7.0
0.8202611958024822	0.889225966919041	0.029193083584202095	15.0	0.0	0.0	7.0
0.3396335193689588	0.29258147481447766	0.035518438798890856	53.0	0.0	0.0008918102535631078	7.0
0.6321790690015611	0.3662866136731829	0.0342866053443194	28.0	0.0	0.0	7.0
0.6494269661011786	0.2788721423099181	0.03302926887950585	49.0	0.0	0.0	7.0
0.059884927204620034	0.19461975493651826	0.03264769002897707	22.0	0.0	0.0	7.0
0.8044571331950489	0.29370395540142885	0.02900221713564209	75.0	0.0	0.0	7.0
0.4048096192384769	0.4008016032064128	0.06112224448897795	-2.0	-1.0	114.08050726534888	7.0
0.28941702518162765	0.9397885294326555	0.03348720751461588	48.0	0.0	0.0	7.0
0.35090666348993643	0.5141532854024812	0.03346066238222203	40.0	0.0	0.0	7.0
0.47754616588180143	0.377183938719162	0.033812480530012096	66.0	0.0	0.0	7.0
0.7122478047158447	0.7899479056526945	0.03520012394804327	61.0	0.0	5.1295251097371874e-05	7.0
0.4112309198950005	0.5802632130131724	0.03255449245167254	8.0	0.0	0.0	7.0
0.5730106276294852	0.18127572034055936	0.031931298245324646	50.0	0.0	0.0	7.0
0.17801847364656118	0.7967624623906852	0.03154212953674382	77.0	0.0	0.0	7.0
0.7222538493912327	0.18030200552521244	0.03263323522510003	44.0	0.0	0.0	7.0
0.5624198252468214	0.3779124525325092	0.03265491280207107	9.0	0.0	0.0	7.0
0.15327175299678233	0.5472863762140828	0.03463871632366878	18.0	0.0	0.0	7.0
0.4387162256186036	0.48560661090076185	0.0321131495186389	60.0	0.0	0.0	7.0
0.2763100945749046	0.3404632549929742	0.033381336903482904	62.0	0.0	0.0	7.0
0.3317103923215761	0.5911701102484016	0.032376613902822614	45.0	0.0	0.0	7.0
0.6332805918275562	0.6203732480252777	0.033552938502823565	16.0	0.0	0.0	7.0
0.7008364222682224	0.6540299030792485	0.02990162338027948	64.0	0.0	0.0	7.0
0.3607585868982872	0.053441050609758026	0.036455538320346544	31.0	0.0	0.019735625939063084	7.0
0.6140794850351252	0.7420758584720373	0.034009945116491136	42.0	0.0	0.0	7.0
0.3589040814091528	0.7129834858477839	0.035678590498013654	58.0	0.0	0.0019998770489877415	7.0
0.32885580216428506	0.4027470057756507	0.03454501937789032	11.0	0.0	0.0	7.0
0.15938494354375513	0.42750632563559904	0.03441205569051474	55.0	0.0	0.0	7.0
0.786463415227674	0.22613756747385846	0.03422819734198018	24.0	0.0	0.0	7.0
0.15671842200260575	0.08932641570271248	0.034039741966864885	69.0	0.0	0.0	7.0
0.3179189987023974	0.8785331432733786	0.03143296919638255	46.0	0.0	0.0	7.0
0.5976228230004951	0.44648771670611176	0.034240392542953586	7.0	0.0	0.0	7.0
0.6933526679839602	0.9052425715540202	0.03311880645911538	20.0	0.0	0.0	7.0
0.7231811782009119	0.3913643665898057	0.03393920083836499	35.0	0.0	0.0	7.0
0.8724883960336027	0.2028366533631132	0.037009516652093816	27.0	0.0	0.051934362156927705	7.0
0.3876114428262954	0.9576863913648155	0.03743512325667171	68.0	0.0	0.09241507478783717	7.0
0.189358070273194	0.17760986126740977	0.03597806630934191	74.0	0.0	0.005988042472793609	7.0
0.020294933707051696	0.5116590671655756	0.035883382433722154	32.0	0.0	0.004411906000555632	7.0
0.5961996285179184	0.4445079650205754	0.034274632935496534	7.0	0.0	0.0	8.0
0.353868262303958	0.7162545363154357	0.03571426908851166	58.0	0.0	0.0023321986550968177	8.0
0.7910766204886889	0.6369410700265374	0.03458528787262845	59.0	0.0	0.0	8.0
0.18925840108634345	0.1802471258370369	0.03601404437565125	74.0	0.0	0.006673456835784464	8.0
0.7520327192537217	0.8836251942718887	0.0321349112286274	10.0	0.0	0.0	8.0
0.6523032411774682	0.27200475553203796	0.03306229814838535	49.0	0.0	0.0	8.0
0.037827282938407106	0.598652984135741	0.03461086355232345	14.0	0.0	0.0	8.0
0.2752375718009365	0.34149276156361286	0.03341471824038638	62.0	0.0	0.0	8.0
0.3964438447157444	0.12991666505196478	0.030458870391664394	21.0	0.0	0.0	8.0
0.8177814180850521	0.8807085328335802	0.029222276667786293	15.0	0.0	0.0	8.0
0.8993794658732568	0.8949672577047261	0.03228266700397937	72.0	0.0	0.0	8.0
0.38107017943890564	0.9523631908804221	0.037472558379928377	68.0	0.0	0.09674301937786822	8.0
0.32740683935680354	0.5891527552301176	0.03240899051672543	45.0	0.0	0.0	8.0
0.5094240652953428	0.04921519621781873	0.032176747736949673	37.0	0.0	0.0	8.0
0.3189195352401789	0.8772467747269542	0.03146440216557893	46.0	0.0	0.0	8.0
0.8716465334427174	0.315478073454563	0.03245301815600804	3.0	0.0	0.0	8.0
0.48810036612958907	0.8719218000337441	0.031170869281058396	57.0	0.0	0.0	8.0
0.2729556944719558	0.2568917348536931	0.03181137509848504	17.0	0.0	0.0	8.0
0.06218320143834557	0.20199203361047793	0.032680337719006046	22.0	0.0	0.0	8.0
0.4122242393851771	0.5851101490548919	0.032587046944124204	8.0	0.0	0.0	8.0
0.8689029990290312	0.8056397757707291	0.03263527898453118	12.0	0.0	0.0	8.0
0.8022374005315993	0.29159994107661086	0.02903121935277773	75.0	0.0	0.0	8.0
0.5562343878285586	0.5060326042955042	0.032654710160980024	4.0	0.0	0.0	8.0
0.8414974535449086	0.5344969005423739	0.03282463085518913	54.0	0.0	0.0	8.0
0.35233107339218367	0.5113642380176002	0.033494123044604245	40.0	0.0	0.0	8.0
0.6140446860544155	0.7409707530535391	0.03404395506160762	42.0	0.0	0.0	8.0
0.7916583658346229	0.22040922105185468	0.034262425539322156	24.0	0.0	0.0	8.0
0.486959480536646	0.5509295709153513	0.033296336813074166	65.0	0.0	0.0	8.0
0.15327175299678233	0.5484235785286496	0.03467335503999244	18.0	0.0	0.0	8.0
0.5607880650535343	0.18247225401108438	0.03196322954356997	50.0	0.0	0.0	8.0
0.3427835069055049	0.2875607836572792	0.03555395723768974	53.0	0.0	0.001087949399860122	8.0
0.6524076846127981	0.19124719323302874	0.03154848090281017	23.0	0.0	0.0	8.0
0.15824642952155635	0.4278261627417074	0.03444646774620525	55.0	0.0	0.0	8.0
0.5558066940441538	0.5770682972185853	0.03511735098670195	56.0	0.0	1.0342849634525919e-05	8.0
0.3977371838227658	0.34468022472960574	0.03243195470496158	73.0	0.0	0.0	8.0
0.7298891472527789	0.28338838563286894	0.03550725062156765	6.0	0.0	0.0008353101095792681	8.0
0.509668630193708	0.7598565029450758	0.02990010585472763	29.0	0.0	0.0	8.0
0.12915320701838878	0.31989281200484204	0.03135276988745239	34.0	0.0	0.0	8.0
0.01287970647189236	0.5195316106016752	0.03591926581615587	32.0	0.0	0.004971681585274723	8.0
0.6326137108943182	0.6221857381997343	0.03358649144132639	16.0	0.0	0.0	8.0
0.14786780231549335	0.08817773933792962	0.03407378170883175	69.0	0.0	0.0	8.0
0.5395201881304084	0.6853888071206274	0.033697017687899844	51.0	0.0	0.0	8.0
0.705421591978786	0.7990748220805842	0.03523532407199131	61.0	0.0	8.340249409855005e-05	8.0
0.5557044611468778	0.3846915356273063	0.03268756771487314	9.0	0.0	0.0	8.0
0.23161606833228682	0.5028903004496115	0.03148660987863587	36.0	0.0	0.0	8.0
0.6886035669276429	0.9186692880919166	0.03315192526557449	20.0	0.0	0.0	8.0
0.433518684014299	0.6519329095509298	0.03290089650207801	26.0	0.0	0.0	8.0
0.4411855198762724	0.4942913893412451	0.03214526266815754	60.0	0.0	0.0	8.0
0.20657548760491634	0.35334573735672375	0.03533027637850025	39.0	0.0	0.0002305751583833171	8.0
1.0161058845039341	0.26675043750945626	0.031109404670245214	1.0	0.0	0.0	8.0
0.06690149163681158	0.39573933939716255	0.03326910108993354	67.0	0.0	0.0	8.0
0.9156293358957197	0.26357722767387426	0.0345909441551509	13.0	0.0	0.0	8.0
0.35198832462121404	0.21730829486194206	0.033863381945582416	41.0	0.0	0.0	8.0
0.7248734461201543	0.18039274997663887	0.032665868460325126	44.0	0.0	0.0	8.0
0.7998241545305657	0.7967948265687531	0.0316307382773849	47.0	0.0	0.0	8.0
0.8759085249301076	0.20058434191046073	0.0370465261687459	27.0	0.0	0.05485697821241331	8.0
0.5855409914106428	0.3040297898602274	0.03233552548844309	2.0	0.0	0.0	8.0
0.3931983251566205	0.4394637079311651	0.03329676900082108	38.0	0.0	0.0	8.0
0.17958169715064687	0.7960668634955275	0.031573671666280556	77.0	0.0	0.0	8.0
0.28851192990771674	0.9371774582936269	0.0335206947221305	48.0	0.0	0.0	8.0
0.6256093491869277	0.5334862336026279	0.03169914941030925	70.0	0.0	0.0	8.0
0.7854176994466929	0.3595966022538121	0.03324959412284836	63.0	0.0	0.0	8.0
0.8974903162083745	0.6081521071026018	0.031418359801231456	76.0	0.0	0.0	8.0
0.9552728598008382	0.1927592608189382	0.03543938644995497	78.0	0.0	0.0005429001395782507	8.0
0.3309213961049125	0.4000913155788692	0.034579564397268205	11.0	0.0	0.0	8.0
0.938037786988755	0.7469943708337203	0.03546985433201037	19.0	0.0	0.0006638495727315785	8.0
0.4845682553498142	0.38327565404210473	0.0338462930105421	66.0	0.0	0.0	8.0
0.7445923993789921	0.7084290329218595	0.030785231701084277	5.0	0.0	0.0	8.0
0.8914256757916816	0.43403817631409003	0.03153475709632582	52.0	0.0	0.0	8.0
0.7026120963246278	0.6540019526520648	0.029931525003659757	64.0	0.0	0.0	8.0
0.12717725127396773	0.6547835461597633	0.03344884359126569	30.0	0.0	0.0	8.0
0.7357859577014179	0.5162950774324959	0.03475945093043075	43.0	0.0	0.0	8.0
0.2654947959797756	0.43836310384304733	0.03613460849279811	25.0	0.0	0.009347986232043581	8.0
0.09720118283380191	0.4864271306971919	0.030803874725380882	71.0	0.0	0.0	8.0
0.2189346127405979	0.5819281106808312	0.03245454157137629	33.0	0.0	0.0	8.0
0.3497534133941803	0.057139816229200495	0.03649199385866689	31.0	0.0	0.021255977441072105	8.0
0.9519038076152304	0.46492985971943884	0.011823647294589177	-2.0	-1.0	0.0	8.0
0.6380224529126457	0.372038742251344	0.034320891949663715	28.0	0.0	0.0	8.0
0.7221801750877517	0.3916729708391493	0.033973140039203355	35.0	0.0	0.0	8.0
0.3409539511697146	0.28564273364299037	0.035589511194927426	53.0	0.0	0.0013111613673828515	9.0
0.3791005522062045	0.952837040283513	0.0375100309383083	68.0	0.0	0.10120854880329944	9.0
0.3282262218906375	0.5867889531558086	0.032441399507242154	45.0	0.0	0.0	9.0
0.3475835735176705	0.21407830160552116	0.033897245327528	41.0	0.0	0.0	9.0
0.3971476776703731	0.4377021494487294	0.0333300657698219	38.0	0.0	0.0	9.0
0.5011194009443822	0.05948601850684489	0.03220892448468662	37.0	0.0	0.0	9.0
0.8731135404346515	0.31904352737363617	0.032485471174164046	3.0	0.0	0.0	9.0
0.3511227287777657	0.5114671868501197	0.03352761716764884	40.0	0.0	0.0	9.0
0.7030087377404207	0.6507019311917691	0.029961456528663413	64.0	0.0	0.0	9.0
0.6892298295560398	0.9208719223694194	0.03318507719084006	20.0	0.0	0.0	9.0
0.20659882821475603	0.35519931133279353	0.03536560665487875	39.0	0.0	0.00031276795523638157	9.0
0.9156994290049215	0.2646890916641004	0.03462553509930604	13.0	0.0	0.0	9.0
0.9548391303621575	0.19475445728136112	0.035474825836404926	78.0	0.0	0.000685145799906195	9.0
0.15497955487967072	0.4236260114971049	0.034480914213951455	55.0	0.0	0.0	9.0
0.7497119300581838	0.518370601731728	0.03479421038136118	43.0	0.0	0.0	9.0
0.35134869827819365	0.05829426128762264	0.03652848585252555	31.0	0.0	0.022854106344254888	9.0
0.011832163567514953	0.5198545628356998	0.03595518508197202	32.0	0.0	0.005577538376343227	9.0
0.06142609012761054	0.20129227760137397	0.03271301805672505	22.0	0.0	0.0	9.0
0.5532285422897993	0.506023142197855	0.032687364871141	4.0	0.0	0.0	9.0
0.48833953249702255	0.37322162488031185	0.03388013930355264	66.0	0.0	0.0	9.0
0.6512735272329379	0.18971070559348102	0.03158002938371298	23.0	0.0	0.0	9.0
0.2743537282219792	0.2590292637706261	0.03184318647358352	17.0	0.0	0.0	9.0
0.8857305587534312	0.4376363334376733	0.03156629185342214	52.0	0.0	0.0	9.0
0.7267688950967752	0.1771955356117015	0.032698534328785445	44.0	0.0	0.0	9.0
0.1484817797712441	0.08906677869235287	0.03410785549054057	69.0	0.0	0.0	9.0
0.32889083892670246	0.40145926132603976	0.03461414396166547	11.0	0.0	0.0	9.0
0.5984268851739749	0.44495555105393453	0.03430890756843202	7.0	0.0	0.0	9.0
0.23107047392021113	0.5038239508955713	0.0315180964885145	36.0	0.0	0.0	9.0
0.4107115012635595	0.5833552438823135	0.03261963399106833	8.0	0.0	0.0	9.0
0.7341927214961388	0.2850181325473878	0.03554275787218921	6.0	0.0	0.0010232891459764915	9.0
0.4419533469159231	0.49423573263743614	0.03217740793082569	60.0	0.0	0.0	9.0
0.6317210795203385	0.6228489845295527	0.03362007793276771	16.0	0.0	0.0	9.0
0.8180601123863592	0.8718580844526923	0.029251498944454078	15.0	0.0	0.0	9.0
0.2879053873249335	0.9414483083946114	0.03355421541685263	48.0	0.0	0.0	9.0
0.9394619433472173	0.7472434340987701	0.03550532418634238	19.0	0.0	0.0008258291911715787	9.0
0.32689665538410445	0.8654843864078138	0.0314958665677445	46.0	0.0	0.0	9.0
0.5655204718059246	0.5777880841147314	0.03515246833768865	56.0	0.0	2.2683965084979718e-05	9.0
0.3545261932657659	0.7144310260959247	0.03574998335760017	58.0	0.0	0.002699820266073516	9.0
0.895745882340989	0.6084345936459216	0.031449778161032685	76.0	0.0	0.0	9.0
0.6265177270822307	0.5285663404435204	0.031730848559719554	70.0	0.0	0.0	9.0
0.12877657055570887	0.3183053075018364	0.03138412265733984	34.0	0.0	0.0	9.0
0.12832781154956086	0.6553395402259671	0.03348229243485695	30.0	0.0	0.0	9.0
0.8752854861905317	0.2016505192469225	0.03708357269491464	27.0	0.0	0.05789031946065393	9.0
0.1785513667604541	0.796613683332076	0.031605245337946834	77.0	0.0	0.0	9.0
1.015010189397847	0.2680711764897083	0.031140514074915457	1.0	0.0	0.0	9.0
0.8007739438217762	0.29125759752238556	0.029060250572130505	75.0	0.0	0.0	9.0
0.6486040047227987	0.2828976605987083	0.03309536044653373	49.0	0.0	0.0	9.0
0.8019837603069836	0.6423822658139179	0.03461987316050107	59.0	0.0	0.0	9.0
0.7441163224490446	0.7072923529009092	0.030816016932785358	5.0	0.0	0.0	9.0
0.5550314554010548	0.383910791592604	0.03272025528258801	9.0	0.0	0.0	9.0
0.03771169749656723	0.6009459435774305	0.03464547441587577	14.0	0.0	0.0	9.0
0.587046636914893	0.3148307167221067	0.03236786101393153	2.0	0.0	0.0	9.0
0.8443264017587115	0.5365988763128267	0.03285745548604432	54.0	0.0	0.0	9.0
0.792039462216313	0.37060746804162764	0.033282843716971204	63.0	0.0	0.0	9.0
0.7902391784802592	0.7961959986819076	0.03166236901566228	47.0	0.0	0.0	9.0
0.7522719472059283	0.8855150509290098	0.03216704613985602	10.0	0.0	0.0	9.0
0.640375071775927	0.37069359120147577	0.03435521284161337	28.0	0.0	0.0	9.0
0.6154835491653691	0.7415574843426713	0.034077999016669226	42.0	0.0	0.0	9.0
0.563760485427719	0.1762714512608061	0.03199519277311354	50.0	0.0	0.0	9.0
0.3986842167197101	0.13162551450195065	0.030489329262056056	21.0	0.0	0.0	9.0
0.27538118156898583	0.34339001798420454	0.03344813295862676	62.0	0.0	0.0	9.0
0.723620872158007	0.3917228774770179	0.03400711317924256	35.0	0.0	0.0	9.0
0.4804236427142755	0.5565422128283333	0.03332963314988724	65.0	0.0	0.0	9.0
0.2695386442691486	0.4434951926248204	0.036170743101290904	25.0	0.0	0.010269866449291953	9.0
0.3999521413174658	0.33957323179897264	0.03246438665966654	73.0	0.0	0.0	9.0
0.22158598358189657	0.5828192187863533	0.03248699611294766	33.0	0.0	0.0	9.0
0.7099308509496887	0.799688947057391	0.03527055939606329	61.0	0.0	0.00012675579880294663	9.0
0.8757444990163465	0.8102971783980027	0.03266791426351571	12.0	0.0	0.0	9.0
0.05735976531879367	0.4019372324673408	0.03330237019102347	67.0	0.0	0.0	9.0
0.48711040672335704	0.8730557228162176	0.03120204015033945	57.0	0.0	0.0	9.0
0.9006936638388977	0.894280352074856	0.03231494967098335	72.0	0.0	0.0	9.0
0.5340098416838666	0.6898156864922396	0.03373071470558774	51.0	0.0	0.0	9.0
0.15093230326912704	0.5459709713214584	0.03470802839503243	18.0	0.0	0.0	9.0
0.7926566568371377	0.21933590355986599	0.034296687964861475	24.0	0.0	0.0	9.0
0.43398742518847305	0.6507729680551643	0.032933797398580086	26.0	0.0	0.0	9.0
0.18946324176313437	0.17374203467535415	0.0360500584200269	74.0	0.0	0.0074100367039307	9.0
0.0980599715730096	0.4842224694668173	0.03083467860010626	71.0	0.0	0.0	9.0
0.5105991486206564	0.7592929075728161	0.029930005960582352	29.0	0.0	0.0	9.0
0.34155294111149526	0.06052081159409541	0.03656501433837807	31.0	0.0	0.024532111870129825	10.0
0.3781376356363232	0.9519243221485794	0.037547540969246604	68.0	0.0	0.10581409088624127	10.0
0.6862087335359676	0.9225243725198465	0.033218262268030894	20.0	0.0	0.0	10.0
0.8478656813882951	0.5348609929329725	0.03289031294153036	54.0	0.0	0.0	10.0
0.5853485215985158	0.30256990153708435	0.03240022887494545	2.0	0.0	0.0	10.0
0.1477263766689987	0.5468281942740133	0.03474273642342746	18.0	0.0	0.0	10.0
0.616865502481045	0.7390866373533868	0.034112077015685895	42.0	0.0	0.0	10.0
0.8038239213647409	0.6402475221246517	0.03465449303366157	59.0	0.0	0.0	10.0
0.26946336177743846	0.4464839650297184	0.03620691384439219	25.0	0.0	0.011251457425558442	10.0
0.9002426684066396	0.8933395249492594	0.03234726462065433	72.0	0.0	0.0	10.0
0.5009504457389071	0.06059567405899234	0.0322411334091713	37.0	0.0	0.0	10.0
0.8826255500392028	0.4352987543192314	0.03159785814527556	52.0	0.0	0.0	10.0
0.7925280530551491	0.3601265951472439	0.03331612656068817	63.0	0.0	0.0	10.0
0.6488308837450762	0.18791952107291046	0.03161160941309669	23.0	0.0	0.0	10.0
0.7139823185535124	0.39733486225101505	0.034041120292421796	35.0	0.0	0.0	10.0
0.342025103872215	0.19984465931885426	0.033931142572855524	41.0	0.0	0.0	10.0
0.27574623144377547	0.2589546739933589	0.031875029660057105	17.0	0.0	0.0	10.0
0.330411225945205	0.6000179294573934	0.032473840906749395	45.0	0.0	0.0	10.0
0.32713982645333556	0.40045808926895754	0.034648758105627134	11.0	0.0	0.0	10.0
0.9619238476953907	0.8356713426853707	0.0565130260521042	-2.0	-1.0	63.72127887487288	10.0
0.8744100585642853	0.8116786450987918	0.03270058217777922	12.0	0.0	0.0	10.0
0.41128794684217895	0.5879090575323231	0.03265225362505939	8.0	0.0	0.0	10.0
0.5333871108499929	0.6959767919191603	0.033764445420293325	51.0	0.0	0.0	10.0
0.5588099970976248	0.38079917294445903	0.0327529755378706	9.0	0.0	0.0	10.0
0.28014855393747146	0.34295359745313225	0.03348158109158538	62.0	0.0	0.0	10.0
0.13198037862346804	0.3214590821341248	0.03141550677999718	34.0	0.0	0.0	10.0
0.39924127732454645	0.13050000393629235	0.03051981859131811	21.0	0.0	0.0	10.0
0.6336584639957434	0.5284539399461325	0.03176257940827927	70.0	0.0	0.0	10.0
0.19998453805557562	0.3577041174239836	0.035400972261533624	39.0	0.0	0.00041259405315940967	10.0
0.5658310600439311	0.1835538890385007	0.03202718796588665	50.0	0.0	0.0	10.0
0.49273224459652304	0.371897599537548	0.033914019442856186	66.0	0.0	0.0	10.0
0.06028550768492068	0.2008355310284896	0.03274573107478177	22.0	0.0	0.0	10.0
0.34558111149201465	0.28996455983918423	0.03562510070612235	53.0	0.0	0.0015632554176221447	10.0
0.010743624657055943	0.5225978412924289	0.03599114026705399	32.0	0.0	0.006231395778058868	10.0
0.6501692040412687	0.28425548275623225	0.03312845580698026	49.0	0.0	0.0	10.0
0.34401201554321104	0.5083030812332251	0.033561144784816484	40.0	0.0	0.0	10.0
0.641871747090108	0.37549454460323406	0.034389568054454984	28.0	0.0	0.0	10.0
0.6323788397904043	0.6238275467066432	0.03365369801070047	16.0	0.0	0.0	10.0
0.4352689345331829	0.6511329761290844	0.03296673119597866	26.0	0.0	0.0	10.0
0.30062323457155704	0.9404453779674309	0.033587769632269476	48.0	0.0	0.0	10.0
0.7264916286049597	0.17831431394319636	0.032731232863114225	44.0	0.0	0.0	10.0
0.3255661435570769	0.8669702013061982	0.03152736243431224	46.0	0.0	0.0	10.0
0.14958883258893377	0.09085621066291716	0.03414196334603111	69.0	0.0	0.0	10.0
0.8020139121096403	0.2905486239311863	0.029089310822702632	75.0	0.0	0.0	10.0
0.23027624966633017	0.506910794852572	0.031549614585003015	36.0	0.0	0.0	10.0
0.4945797452255534	0.5586438703845367	0.033362962783037124	65.0	0.0	0.0	10.0
0.7367323869183257	0.2842873951096329	0.0355783006300614	6.0	0.0	0.0012377729012769123	10.0
0.09745756990844415	0.47969269369229595	0.030865513278706364	71.0	0.0	0.0	10.0
0.05633273173508564	0.40210354611921334	0.033335672561214495	67.0	0.0	0.0	10.0
0.8004084616953502	0.2254434164410687	0.03433098465282633	24.0	0.0	0.0	10.0
0.40119847748604315	0.33992335884670644	0.03249685104632621	73.0	0.0	0.0	10.0
1.020225012304634	0.26534549032438215	0.03117165458899037	1.0	0.0	0.0	10.0
0.1775538407527141	0.7982260769786994	0.031636850583284776	77.0	0.0	0.0	10.0
0.5529091393565851	0.5075870371485928	0.03272005223601214	4.0	0.0	0.0	10.0
0.5642596574177108	0.5791266561801981	0.03518762080602633	56.0	0.0	4.2269096624636404e-05	10.0
0.8650092723406589	0.32222982733279487	0.03251795664533821	3.0	0.0	0.0	10.0
0.9557149957426005	0.19125926547393943	0.035510300662241326	78.0	0.0	0.0008504687685331191	10.0
0.22260760738257857	0.5829583557702674	0.03251948310906061	33.0	0.0	0.0	10.0
0.3986841052622307	0.4381337704434149	0.03336339583559172	38.0	0.0	0.0	10.0
0.3617624477756724	0.7158852125470725	0.03578573334095777	58.0	0.0	0.0031045990462814643	10.0
0.12962146857050913	0.6553843533055544	0.03351577472729181	30.0	0.0	0.0	10.0
0.7943320236175533	0.7926000166270781	0.03169403138467794	47.0	0.0	0.0	10.0
0.9512096078794604	0.7482443144221436	0.03554082951052871	19.0	0.0	0.0010124209349271496	10.0
0.7551702552688185	0.8944160542792629	0.032199213185995876	10.0	0.0	0.0	10.0
0.19081853690947612	0.1742748868489684	0.03608610847844692	74.0	0.0	0.008199730633464242	10.0
0.7075479185608485	0.8106506615466547	0.035305829955459354	61.0	0.0	0.00018307120427607515	10.0
0.48619211247300115	0.8725903744812199	0.031233242190489785	57.0	0.0	0.0	10.0
0.43538932103062505	0.49536599659334546	0.032209585338756515	60.0	0.0	0.0	10.0
0.8761613393556704	0.20065995407270512	0.037120656267609554	27.0	0.0	0.06103666769206484	10.0
0.7015482959437117	0.6602937478141038	0.029991417985192073	64.0	0.0	0.0	10.0
0.913962856236266	0.26492559897453777	0.03466016063440534	13.0	0.0	0.0	10.0
0.1613573387529073	0.4261335213991873	0.034515395128165406	55.0	0.0	0.0	10.0
0.7415919337344885	0.7075716110577374	0.03084683294971814	5.0	0.0	0.0	10.0
0.6017895731737893	0.44784098118044147	0.03434321647600045	7.0	0.0	0.0	10.0
0.5111707182599846	0.7564015995780452	0.029959935966542933	29.0	0.0	0.0	10.0
0.7502885093482593	0.5170857560750036	0.034829004591742534	43.0	0.0	0.0	10.0
0.8952298943708648	0.6097842883442418	0.031481227939193716	76.0	0.0	0.0	10.0
0.03666683838740369	0.5997938027021219	0.03468011989029164	14.0	0.0	0.0	10.0
0.8165683421095727	0.8718346028816542	0.029280750443398527	15.0	0.0	0.0	10.0
0.3428885285837132	0.20094044035679043	0.033965073715428375	41.0	0.0	0.0	11.0
0.3374809980597671	0.5059698687630901	0.033594705929601294	40.0	0.0	0.0	11.0
0.4020584885296879	0.12034905184392819	0.030550338409909426	21.0	0.0	0.0	11.0
0.6335281813489787	0.5301751291898977	0.03179434198768755	70.0	0.0	0.0	11.0
0.700297533999273	0.6604962911290475	0.03002140940317726	64.0	0.0	0.0	11.0
0.26887887421848944	0.2509878447697837	0.03190690468971716	17.0	0.0	0.0	11.0
0.9204179382654504	0.2703845149301632	0.034694820795039744	13.0	0.0	0.0	11.0
0.8098294753310724	0.8652840006417576	0.029310031193841922	15.0	0.0	0.0	11.0
0.05831373801487406	0.19436755783315618	0.03277847680585655	22.0	0.0	0.0	11.0
0.08980542464104792	0.4793793734774515	0.030896378791985066	71.0	0.0	0.0	11.0
0.8032382263829676	0.21245894157326706	0.03436531563747915	24.0	0.0	0.0	11.0
0.009418117471357212	0.5231579158953379	0.036027131407321035	32.0	0.0	0.006935184214668766	11.0
0.29695247857822116	0.9444421743474776	0.033621357401901746	48.0	0.0	0.0	11.0
0.6469713704485047	0.27956209982786573	0.03316158426278724	49.0	0.0	0.0	11.0
0.2148475934378771	0.5872028538348911	0.032552002592169664	33.0	0.0	0.0	11.0
0.6145736254505203	0.7402662456495326	0.034146189092701576	42.0	0.0	0.0	11.0
0.8652151653648552	0.3211146838594797	0.03255047460198354	3.0	0.0	0.0	11.0
0.7276166967304827	0.17426047778707604	0.03276396409597734	44.0	0.0	0.0	11.0
0.7922423653344548	0.7857453347807103	0.03172572541606261	47.0	0.0	0.0	11.0
0.7993982873071278	0.3589696236891656	0.033349442687248855	63.0	0.0	0.0	11.0
0.490784868041914	0.3716198839025449	0.03394793346229904	66.0	0.0	0.0	11.0
0.7317075109798602	0.2895774703830852	0.035613878930691456	6.0	0.0	0.001480567315596204	11.0
0.32726211927056253	0.865726546446062	0.03155888979674655	46.0	0.0	0.0	11.0
0.26908035573273664	0.4455695008086445	0.036243120758236574	25.0	0.0	0.012294756438777199	11.0
0.15490366981267337	0.0987631927675422	0.03417610530937714	69.0	0.0	0.0	11.0
0.33129042953926663	0.399812747003576	0.03468340686373276	11.0	0.0	0.0	11.0
0.5567780572117139	0.3826072336545659	0.03278572851340847	9.0	0.0	0.0	11.0
0.8848916729134998	0.4369825374833769	0.03162945600342083	52.0	0.0	0.0	11.0
1.0232753065775042	0.2662858807806959	0.031202826243579358	1.0	0.0	0.0	11.0
0.7121293027404174	0.4006974575740391	0.03407516141271422	35.0	0.0	0.0	11.0
0.37675350701402804	0.0501002004008016	0.03887775551102204	-2.0	-1.0	0.37318247886892664	11.0
0.057518276372370516	0.4028525695112388	0.033369008233775706	67.0	0.0	0.0	11.0
0.4073361108028592	0.5782016351514994	0.032684905878684445	8.0	0.0	0.0	11.0
0.8466573711438323	0.5327630574613685	0.032923203254471886	54.0	0.0	0.0	11.0
0.807079099664471	0.2955193323399832	0.029118400133525332	75.0	0.0	0.0	11.0
0.16191012424900303	0.42494209053203713	0.034549910523293564	55.0	0.0	0.0	11.0
0.9005223405796244	0.8921607202450635	0.03237961188527498	72.0	0.0	0.0	11.0
0.17832839807178966	0.7960793271387917	0.031668487433868055	77.0	0.0	0.0	11.0
0.4392957780263918	0.6603508034481418	0.03299969792717464	26.0	0.0	0.0	11.0
0.7422330630182697	0.7160416940235811	0.030877679782667852	5.0	0.0	0.0	11.0
0.6394231673174363	0.37980847750887875	0.03442395762250944	28.0	0.0	0.0	11.0
0.5334413421980141	0.693105825111113	0.033798209865713615	51.0	0.0	0.0	11.0
0.3617624477756724	0.717066810193864	0.03582151907429872	58.0	0.0	0.0035484029237977666	11.0
0.1313600833212517	0.3223335148378858	0.031446922286777174	34.0	0.0	0.0	11.0
0.6319410362649738	0.6218729729002648	0.03368735170871117	16.0	0.0	0.0	11.0
0.8744850049214805	0.812867494569345	0.032733282759956996	12.0	0.0	0.0	11.0
0.8963048552559758	0.6079178814493273	0.031512709167132905	76.0	0.0	0.0	11.0
0.5854165667959015	0.30364928017419346	0.032432629103820394	2.0	0.0	0.0	11.0
0.49285226900989293	0.5574102600074605	0.03339632574582016	65.0	0.0	0.0	11.0
0.7486852589125833	0.5165356564173628	0.03486383359633427	43.0	0.0	0.0	11.0
0.7135519638844844	0.8104805154386008	0.03534113578541481	61.0	0.0	0.00025407492900342277	11.0
0.7546572489538768	0.8969278909038058	0.03223141239918187	10.0	0.0	0.0	11.0
0.43596187135084996	0.4964049812665354	0.03224179492409527	60.0	0.0	0.0	11.0
0.3457989234571551	0.2896002630140195	0.03566072580682847	53.0	0.0	0.0018460513779245957	11.0
0.5659053609693524	0.5916352684175947	0.035222808426832355	56.0	0.0	7.079047244928915e-05	11.0
0.1429442896185501	0.5504757433468809	0.03477747915985089	18.0	0.0	0.0	11.0
0.03862490991280449	0.5965837957573632	0.03471480001018193	14.0	0.0	0.0	11.0
0.1350694902806225	0.649376951497271	0.033549290502019095	30.0	0.0	0.0	11.0
0.64789727770278	0.19280363107399628	0.03164322102250978	23.0	0.0	0.0	11.0
0.6859140415785941	0.9189318097836505	0.03325148053029892	20.0	0.0	0.0	11.0
0.9599309814355982	0.18726306609490714	0.035545810962903567	78.0	0.0	0.0010406549093033846	11.0
0.3836093394559851	0.9487036907661797	0.037585088510215844	68.0	0.0	0.1105620865362198	11.0
0.512874390222444	0.7563103419707183	0.029989895902509472	29.0	0.0	0.0	11.0
0.5012261655597537	0.0624065329146227	0.03227337454258047	37.0	0.0	0.0	11.0
0.9450129721771399	0.7548231126406119	0.035576370340039236	19.0	0.0	0.0012254196662979666	11.0
0.2793154781063145	0.34224004008562653	0.03351506267267696	62.0	0.0	0.0	11.0
0.40137890949147487	0.43822712012918313	0.033396759231427306	38.0	0.0	0.0	11.0
0.19671636917820368	0.35938621426845135	0.03543637323379516	39.0	0.0	0.0005318072897040338	11.0
0.5493010071736388	0.5032677261564105	0.03275277228824815	4.0	0.0	0.0	11.0
0.5991056407030031	0.44699499853350483	0.034377559692476446	7.0	0.0	0.0	11.0
0.4068435771833789	0.3396775565065081	0.03252934789737253	73.0	0.0	0.0	11.0
0.4855600874375599	0.8744514581927328	0.03126447543268027	57.0	0.0	0.0	11.0
0.22957549767487048	0.5031154306689651	0.031581164199588015	36.0	0.0	0.0	11.0
0.8039832162507039	0.6415059223153731	0.034689147526695226	59.0	0.0	0.0	11.0
0.33895001023589877	0.06569765205787603	0.03660157935271644	31.0	0.0	0.026292104996514354	11.0
0.8770075206065064	0.19993517147405407	0.03715777692387716	27.0	0.0	0.06429831719509593	11.0
0.19101488694509472	0.1724473337553842	0.036122194586925366	74.0	0.0	0.009044498320378125	11.0
0.5585315433996026	0.18269983522853717	0.03205921515385253	50.0	0.0	0.0	11.0
0.3302101945333899	0.5981468038555423	0.03250631474765614	45.0	0.0	0.0	11.0
