# x	y	r	id	split_id	s_prob	t
2.0	0.5	0.0	-1.0	0.0	0.0	0.0
0.18162825046740896	0.10065662609188777	0.030980969946530768	1.0	0.0	0.0	0.0
0.6392406675416548	0.04384662723067883	0.0317636532843131	2.0	0.0	0.0	0.0
0.920731418936111	0.3765836649401815	0.03211167377370762	3.0	0.0	0.0	0.0
0.9063769825847234	0.8736132254829057	0.0304200160532297	4.0	0.0	0.0	0.0
0.8092416390993361	0.34413850729920303	0.03114607077856455	5.0	0.0	0.0	0.0
0.11003016089709593	0.7399067215541553	0.03125591342155713	6.0	0.0	0.0	0.0
0.2982516138583782	0.8981958100507743	0.03188233930143828	7.0	0.0	0.0	0.0
0.9534335085353517	0.30739555054957707	0.034129631636897674	8.0	0.0	0.0	0.0
0.8822162133737389	0.5094183647947262	0.03190654967799554	9.0	0.0	0.0	0.0
0.5998117504302564	0.30116334157271424	0.03253091145755687	10.0	0.0	0.0	0.0
0.8360193412701683	0.06257844860343956	0.03541312403101882	11.0	0.0	0.00045125429505787906	0.0
0.5196830691371157	0.1684430037551729	0.02988577414832319	12.0	0.0	0.0	0.0
0.8538619742783935	0.969991189379578	0.032686052341958274	13.0	0.0	0.0	0.0
0.07374027224791807	0.8601536105001131	0.03427952031856063	14.0	0.0	0.0	0.0
0.5246338833155921	0.27517683708174756	0.033934776833777915	15.0	0.0	0.0	0.0
0.4371979691779932	0.5419846390088361	0.0320537268803116	16.0	0.0	0.0	0.0
0.6294058427338068	0.44480762852076183	0.03422762206176385	17.0	0.0	0.0	0.0
0.10065727929389319	0.5032092625480042	0.03441724206255076	18.0	0.0	0.0	0.0
0.722328592455914	0.2895206172401936	0.030518071112405124	19.0	0.0	0.0	0.0
0.7986357050711358	0.8239953418873174	0.03450573044712668	20.0	0.0	0.0	0.0
0.9525203797972907	0.4541843689630992	0.03339008081135346	21.0	0.0	0.0	0.0
0.1824224308257247	0.6446025222422561	0.032787102250848764	22.0	0.0	0.0	0.0
0.8317033034099376	0.9008097752806666	0.03296739656266362	23.0	0.0	0.0	0.0
0.6555988325883605	0.8258532666429594	0.03303148135465415	24.0	0.0	0.0	0.0
0.774696037825272	0.718248917438667	0.03085407486012873	25.0	0.0	0.0	0.0
0.19767220283466574	0.44475925341940015	0.03339077260678311	26.0	0.0	0.0	0.0
0.5530351382837256	0.033246373330053834	0.033246373330053834	27.0	0.0	0.0	0.0
0.13385127130665941	0.04517277623283765	0.03377775568452515	28.0	0.0	0.0	0.0
0.05783993452705964	0.4302841259015851	0.03269754045670899	29.0	0.0	0.0	0.0
0.6564794639752523	0.24540327714977994	0.0337030714697658	30.0	0.0	0.0	0.0
0.2684911682534649	0.22439496364796763	0.03282689309318916	31.0	0.0	0.0	0.0
0.2519702544898638	0.620290123468208	0.03364960357526572	32.0	0.0	0.0	0.0
0.747119317699619	0.8766876820399857	0.029353035391946045	33.0	0.0	0.0	0.0
0.1747703759726251	0.8065203455598364	0.0322381337940728	34.0	0.0	0.0	0.0
0.3061758012781432	0.42388938638813733	0.0345084308316631	35.0	0.0	0.0	0.0
0.6094492790350993	0.7516397953883907	0.03337655867298159	36.0	0.0	0.0	0.0
0.8126417107677807	0.27697474411128364	0.030299193373253562	37.0	0.0	0.0	0.0
0.32391611680909826	0.19108777253656958	0.03162831531654982	38.0	0.0	0.0	0.0
0.9157193073856698	0.943232315918518	0.03364665205121518	39.0	0.0	0.0	0.0
0.5447002015863078	0.6552990880818905	0.033978230323993934	40.0	0.0	0.0	0.0
0.0901079076302056	0.09670473733949514	0.03219022463909838	41.0	0.0	0.0	0.0
0.1389632646923401	0.8878979626260012	0.029902544594763228	42.0	0.0	0.0	0.0
0.8806186327595262	0.3209187198825733	0.030762697358008233	43.0	0.0	0.0	0.0
0.46506422840778633	0.68416650325051	0.03082974324552869	44.0	0.0	0.0	0.0
0.7606654800078019	0.12782170883873303	0.03045780016597488	45.0	0.0	0.0	0.0
0.26217689545597167	0.4900037576349078	0.033443105918941424	46.0	0.0	0.0	0.0
0.47283766321058823	0.602390589602393	0.028861390907859073	47.0	0.0	0.0	0.0
0.9617830575692795	0.7038674550513184	0.03371034398751013	48.0	0.0	0.0	0.0
0.24757365479651525	0.37465083022442064	0.0345403590880499	49.0	0.0	0.0	0.0
0.901569159097762	0.7361142834934568	0.03067030939321958	50.0	0.0	0.0	0.0
0.04131085623751827	0.36248680326359317	0.03089252683475033	51.0	0.0	0.0	0.0
0.5230877367003814	0.7348191930854773	0.034474356414919805	52.0	0.0	0.0	0.0
0.3878110592230501	0.4876981580764689	0.03184949475432368	53.0	0.0	0.0	0.0
0.036945357928425994	0.13735181903754842	0.030384013352306775	54.0	0.0	0.0	0.0
0.8083912734065903	0.6306531279649761	0.03196881983753237	55.0	0.0	0.0	0.0
0.8511173248383902	0.20629357146795813	0.03171235669119628	56.0	0.0	0.0	0.0
0.7510350897171996	0.06326357875514305	0.03149507394944326	57.0	0.0	0.0	0.0
0.9345392892802395	0.8034670114809112	0.033364833394422505	58.0	0.0	0.0	0.0
0.2984411604122445	0.6898363675519891	0.03620765716428807	59.0	0.0	0.011272259036630317	0.0
0.8893229911548847	0.4430124127252399	0.03017275425006438	60.0	0.0	0.0	0.0
0.08746040979077951	0.30074618432071665	0.0382511929219219	61.0	0.0	0.21994201337574282	0.0
0.601809007888881	0.18614977546699513	0.03328466103460384	62.0	0.0	0.0	0.0
0.7339202498676799	0.4091304935301346	0.03434129444418106	63.0	0.0	0.0	0.0
0.2191039814997388	0.9011967508761691	0.03322165667895766	64.0	0.0	0.0	0.0
0.661211616128622	0.3406593117181317	0.03399537598245014	65.0	0.0	0.0	0.0
0.42910504240059366	0.7385479759404971	0.033457247480825306	66.0	0.0	0.0	0.0
0.8400056183636478	0.7608436332404794	0.03449293992345671	67.0	0.0	0.0	0.0
0.18781415718008043	0.5341591512388535	0.03502731429543948	68.0	0.0	1.3042173918620392e-07	0.0
0.8119683319774472	0.4906738530895055	0.03370683918063472	69.0	0.0	0.0	0.0
0.5015194852392062	0.8057574277555202	0.03193894248809544	70.0	0.0	0.0	0.0
0.44792584159868487	0.1404700321154715	0.03419644572949414	71.0	0.0	0.0	0.0
0.8181972221567491	0.42249359943927195	0.03236586857057721	72.0	0.0	0.0	0.0
0.11636881718357618	0.6549592513608082	0.03367654516720912	73.0	0.0	0.0	0.0
0.5868255049380733	0.09300941208827726	0.0327664497087472	74.0	0.0	0.0	0.0
0.4024638079288751	0.6507141676788166	0.0316938730168701	75.0	0.0	0.0	0.0
0.9087960210589999	0.5804240773033874	0.03348571693460879	76.0	0.0	0.0	0.0
0.31241979976669776	0.5622459573738614	0.03188748513563934	77.0	0.0	0.0	0.0
0.3169608923259165	0.3325519577155318	0.0319925707480222	78.0	0.0	0.0	0.0
0.7360487299987754	0.6244167018091299	0.03471564491923087	79.0	0.0	0.0	0.0
0.0481449118995428	0.3701220177817867	0.03092341936158508	51.0	0.0	0.0	1.0
0.746678066564489	0.8789960637175279	0.029382388427337987	33.0	0.0	0.0	1.0
0.7752805848645765	0.7111227578730082	0.030884928934988856	25.0	0.0	0.0	1.0
0.22015222296830983	0.9012727779518381	0.03325487833563662	64.0	0.0	0.0	1.0
0.30645856871500043	0.42511555630398923	0.03454293926249476	35.0	0.0	0.0	1.0
0.2957563161040785	0.8993250343657998	0.03191422164073972	7.0	0.0	0.0	1.0
0.5031384853580974	0.8054426672449186	0.03197088143058353	70.0	0.0	0.0	1.0
0.5881652087791689	0.09266021519389758	0.03279921615845595	74.0	0.0	0.0	1.0
0.8135593427395033	0.275552257030185	0.03032949256662681	37.0	0.0	0.0	1.0
0.17308841441766523	0.8069700801389652	0.03227037192786687	34.0	0.0	0.0	1.0
0.42718276027004487	0.7391940421794972	0.03349070472830613	66.0	0.0	0.0	1.0
0.9491585974583611	0.31254848193087637	0.03416376126853457	8.0	0.0	0.0	1.0
0.4067875032116021	0.6550788885133034	0.031725566889886966	75.0	0.0	0.0	1.0
0.7217233684852472	0.2963693790694666	0.030548589183517525	19.0	0.0	0.0	1.0
0.7372468042722172	0.4102021024168525	0.03437563573862524	63.0	0.0	0.0	1.0
0.10735035075285135	0.653014878080801	0.03371022171237632	73.0	0.0	0.0	1.0
0.6650651995276824	0.33892054762351426	0.03402937135843259	65.0	0.0	0.0	1.0
0.057481920578545634	0.4421952117285945	0.03273023799716569	29.0	0.0	0.0	1.0
0.9721102579800408	0.7013069164353215	0.03374405433149764	48.0	0.0	0.0	1.0
0.17942603190385817	0.10287974049239226	0.031011950916477293	1.0	0.0	0.0	1.0
0.10068052390483595	0.5050552128562126	0.0344516593046133	18.0	0.0	0.0	1.0
0.43536341535484924	0.5393636491771958	0.03208578060719191	16.0	0.0	0.0	1.0
0.26829167985353386	0.4953083789987911	0.03347654902486036	46.0	0.0	0.0	1.0
0.5245897073768127	0.27377394917190756	0.03396871161061169	15.0	0.0	0.0	1.0
0.03041439736565908	0.14037853706585685	0.03041439736565908	54.0	0.0	0.0	1.0
0.09004827816919637	0.2900387186724424	0.03828944411484382	61.0	0.0	0.2277967435531707	1.0
0.18628200584026994	0.53157474177528	0.03506234160973492	68.0	0.0	1.5506508077578474e-06	1.0
0.9217343257536117	0.3748423623262295	0.032143785447481324	3.0	0.0	0.0	1.0
0.8810853208463373	0.44135128215121283	0.03020292700431444	60.0	0.0	0.0	1.0
0.1299410756543844	0.031742204010411904	0.03381153344020967	28.0	0.0	0.0	1.0
0.7961817659810385	0.8244244984742197	0.034540236177573805	20.0	0.0	0.0	1.0
0.25820194168760896	0.6088521230604917	0.03368325317884098	32.0	0.0	0.0	1.0
0.09724336940946933	0.09249757594081727	0.032222414863737475	41.0	0.0	0.0	1.0
0.8465190622539476	0.20823650328970847	0.03174406904788747	56.0	0.0	0.0	1.0
0.520579493820377	0.16674102306543795	0.02991565992247151	12.0	0.0	0.0	1.0
0.6300574803053869	0.44405167338968504	0.03426184968382561	17.0	0.0	0.0	1.0
0.832492177570748	0.7639737482380597	0.03452743286338016	67.0	0.0	0.0	1.0
0.7520223284114033	0.06412001573280868	0.0315265690233927	57.0	0.0	0.0	1.0
0.2700718469252214	0.22310862659458042	0.03285971998628234	31.0	0.0	0.0	1.0
0.06897684875750487	0.8593453062740272	0.03431379983887919	14.0	0.0	0.0	1.0
0.38500956414558657	0.48390286243654007	0.031881344249078	53.0	0.0	0.0	1.0
0.2490427399285394	0.3741050437972443	0.034574899447137944	49.0	0.0	0.0	1.0
0.6568047152606251	0.8253526615046992	0.0330645128360088	24.0	0.0	0.0	1.0
0.9535709267916573	0.4690254872547886	0.03342347089216481	21.0	0.0	0.0	1.0
0.8205744547728607	0.49263000257561296	0.03374054601981535	69.0	0.0	0.0	1.0
0.8829295278339934	0.515685866889809	0.03193845622767353	9.0	0.0	0.0	1.0
0.8346883598964427	0.9004605194340844	0.03300036395922628	23.0	0.0	0.0	1.0
0.757566114498225	0.12737970790236477	0.030488257966140853	45.0	0.0	0.0	1.0
0.11149861297230033	0.747096714340703	0.03128716933497869	6.0	0.0	0.0	1.0
0.8162303755330267	0.4198980793048457	0.032398234439147786	72.0	0.0	0.0	1.0
0.5467841312332365	0.6550818267465061	0.03401220855431793	40.0	0.0	0.0	1.0
0.5905951867314313	0.3031081511798158	0.03256344236901442	10.0	0.0	0.0	1.0
0.463754115235967	0.6834817326626551	0.030860572988774215	44.0	0.0	0.0	1.0
0.325495234615071	0.3272348678009686	0.03202456331877022	78.0	0.0	0.0	1.0
0.8788831953937954	0.3203717054132325	0.030793460055366238	43.0	0.0	0.0	1.0
0.6036213218436397	0.18404733679099936	0.033317945695638444	62.0	0.0	0.0	1.0
0.9077482838307632	0.5829705265208177	0.033519202651543394	76.0	0.0	0.0	1.0
0.31401805624137097	0.5611347421977042	0.031919372620774975	77.0	0.0	0.0	1.0
0.9029027703267486	0.738985701901638	0.030700979702612798	50.0	0.0	0.0	1.0
0.7441467395733682	0.6159269974090888	0.034750360564150096	79.0	0.0	0.0	1.0
0.5425295493224827	0.03440854435101999	0.03327961970338388	27.0	0.0	0.0	1.0
0.8139741348247707	0.3475632287135295	0.031177216849343114	5.0	0.0	0.0	1.0
0.5198349024433107	0.7355156002676865	0.03450883077133472	52.0	0.0	0.0	1.0
0.8113896780248346	0.6311386774443332	0.032000788657369904	55.0	0.0	0.0	1.0
0.6656469392128495	0.2495063070815055	0.03373677454123556	30.0	0.0	0.0	1.0
0.14694180893890127	0.8913505095513973	0.029932447139357988	42.0	0.0	0.0	1.0
0.6385901091990589	0.041382548184868376	0.03179541693759741	2.0	0.0	0.0	1.0
0.6070480145995669	0.7459065427622052	0.033409935231654565	36.0	0.0	0.0	1.0
0.4641065371711877	0.6006931136984563	0.02889025229876693	47.0	0.0	0.0	1.0
0.1988706004110678	0.4481473776911818	0.03342416337938989	26.0	0.0	0.0	1.0
0.19215880886558753	0.6494317852292799	0.03281988935309961	22.0	0.0	0.0	1.0
0.905117876488379	0.8728065904796493	0.030450436069282927	4.0	0.0	0.0	1.0
0.3250926752005079	0.18782684338878844	0.03165994363186637	38.0	0.0	0.0	1.0
0.29729861708607064	0.6897462664960501	0.03624386482145236	59.0	0.0	0.012316846535597392	1.0
0.8314300032604673	0.06106809236062402	0.03544853715504983	11.0	0.0	0.0005775309276714324	1.0
0.9368554554310591	0.8045505114072954	0.03339819822781692	58.0	0.0	0.0	1.0
0.44526242516810466	0.14147865761240913	0.034230642175223626	71.0	0.0	0.0	1.0
0.8446844096993361	0.9725159907337146	0.03271873839430023	13.0	0.0	0.0	1.0
0.9248943875643573	0.9419817843675297	0.03368029870326639	39.0	0.0	0.0	1.0
0.2692667002592744	0.49482961723495883	0.033510025573885216	46.0	0.0	0.0	2.0
0.5899775217379805	0.30492694979383067	0.03259600581138343	10.0	0.0	0.0	2.0
0.20709190517235107	0.4427332721326143	0.03345758754276927	26.0	0.0	0.0	2.0
0.6636533184790974	0.2478417614415265	0.03377051131577679	30.0	0.0	0.0	2.0
0.9047975528728897	0.8739332037300305	0.030480886505352207	4.0	0.0	0.0	2.0
0.3883716623668601	0.4890433550529885	0.03191322559332707	53.0	0.0	0.0	2.0
0.21720347769245046	0.903295524522193	0.03328813321397225	64.0	0.0	0.0	2.0
0.8814258962805059	0.3189600535256737	0.0308242535154216	43.0	0.0	0.0	2.0
0.42577624827565785	0.7439141430153691	0.03352419543303443	66.0	0.0	0.0	2.0
0.5144617443590053	0.16539092294379312	0.02994557558239398	12.0	0.0	0.0	2.0
0.609261546614166	0.19291268630919262	0.03335126364133408	62.0	0.0	0.0	2.0
0.46798313433666033	0.6798127643507891	0.030891433561762986	44.0	0.0	0.0	2.0
0.9192023447788719	0.383077898842449	0.0321759292329288	3.0	0.0	0.0	2.0
0.5460284254401782	0.033590059131822295	0.033312899323087265	27.0	0.0	0.0	2.0
0.8355991016813181	0.90201902966583	0.0330333643231855	23.0	0.0	0.0	2.0
0.7921387227087062	0.829174923592005	0.034574776413751375	20.0	0.0	0.0	2.0
0.9242652122331897	0.9402379727628962	0.03371397900196965	39.0	0.0	0.0	2.0
0.7481988964005153	0.8800677125627118	0.02941177081576532	33.0	0.0	0.0	2.0
0.25769736193148884	0.21417431321803504	0.032892579706268625	31.0	0.0	0.0	2.0
0.8102689121896345	0.6319714331018766	0.03203278944602727	55.0	0.0	0.0	2.0
0.8147944900477699	0.4189263438250284	0.03243063267358693	72.0	0.0	0.0	2.0
0.9736337736936709	0.7010107196788566	0.03377779838582913	48.0	0.0	0.0	2.0
0.6671837590369676	0.34715457294674956	0.03406340072979102	65.0	0.0	0.0	2.0
0.8542019762469013	0.20898862586819336	0.03177581311693536	56.0	0.0	0.0	2.0
0.25872605827733347	0.6063658304936634	0.03371693643201982	32.0	0.0	0.0	2.0
0.04249316217143729	0.37359398548380124	0.03095434278094666	51.0	0.0	0.0	2.0
0.7209375848475216	0.2923944609534755	0.030579137772701038	19.0	0.0	0.0	2.0
0.6086263876014739	0.7447182782161307	0.03344334516688622	36.0	0.0	0.0	2.0
0.7847347955725218	0.7147030308877605	0.030915813863923843	25.0	0.0	0.0	2.0
0.03755920723126181	0.14035604592725334	0.030444811763024736	54.0	0.0	0.0	2.0
0.3173359052123511	0.5579095843758757	0.03195129199339575	77.0	0.0	0.0	2.0
0.5016292841096988	0.8151377741272237	0.03200285231201411	70.0	0.0	0.0	2.0
0.190093945397614	0.652121306569339	0.032852709242452705	22.0	0.0	0.0	2.0
0.7566127845786227	0.06439489821619682	0.03155809559241609	57.0	0.0	0.0	2.0
0.9343023575458572	0.8018739220367742	0.033431596426044735	58.0	0.0	0.0	2.0
0.7426485277037037	0.6162874345458006	0.034785110924714244	79.0	0.0	0.0	2.0
0.39989573799049727	0.6532555781430068	0.03175729245677685	75.0	0.0	0.0	2.0
0.06821061530953815	0.8587217548253516	0.034348113638718064	14.0	0.0	0.0	2.0
0.09222782185064633	0.2854919457557772	0.03832773355895866	61.0	0.0	0.23584442425824648	2.0
0.9011032563393752	0.7391618661931353	0.030731680682315406	50.0	0.0	0.0	2.0
0.529657909078872	0.7322531318803893	0.03454333960210605	52.0	0.0	0.0	2.0
0.5136708826985978	0.2834897375365694	0.0340026803222223	15.0	0.0	0.0	2.0
0.09576121004777352	0.10479909363084285	0.03225463727860121	41.0	0.0	0.0	2.0
0.6431642610719263	0.8219800787273988	0.0330975773488448	24.0	0.0	0.0	2.0
0.1011948331173673	0.6592288025860689	0.03374393193408869	73.0	0.0	0.0	2.0
0.3071213871142806	0.4278330182412318	0.03457748220175725	35.0	0.0	0.0	2.0
0.7395110536524513	0.4084974817354592	0.034410011374363864	63.0	0.0	0.0	2.0
0.9558021926729073	0.304167273317833	0.0341979250298031	8.0	0.0	0.0	2.0
0.8822755592961372	0.4427146092596859	0.03023312993131875	60.0	0.0	0.0	2.0
0.8110965361720173	0.27823381265293773	0.030359822059193433	37.0	0.0	0.0	2.0
0.8378245508230903	0.7621441297110642	0.03456196029624354	67.0	0.0	0.0	2.0
0.29683950566434075	0.8969904118292349	0.03194613586238045	7.0	0.0	0.0	2.0
0.43767491358771377	0.5399817136518853	0.0321178663877991	16.0	0.0	0.0	2.0
0.45645263390580076	0.6000895262891492	0.028919142551065695	47.0	0.0	0.0	2.0
0.9424169585209304	0.471266971369757	0.033456894363056974	21.0	0.0	0.0	2.0
0.1199870489828581	0.033845344973649875	0.033845344973649875	28.0	0.0	0.0	2.0
0.3234740979349976	0.1751527901560012	0.03169160357549823	38.0	0.0	0.0	2.0
0.5546800877545421	0.6463751464122182	0.03404622076287224	40.0	0.0	0.0	2.0
0.8305334367962399	0.060128159629479566	0.03548398569220487	11.0	0.0	0.0007255670351185017	2.0
0.1670743989571881	0.0986417069924023	0.031042962867393768	1.0	0.0	0.0	2.0
0.17280431316166822	0.8086901541932803	0.03230264229979474	34.0	0.0	0.0	2.0
0.8454708311526464	0.9733722629630559	0.03275145713269453	13.0	0.0	0.0	2.0
0.4462777206960922	0.13942730838021686	0.034264872817398845	71.0	0.0	0.0	2.0
0.25455204487561306	0.3720582571286288	0.03460947434658508	49.0	0.0	0.0	2.0
0.9130830662762055	0.5753488310616162	0.03355272185419493	76.0	0.0	0.0	2.0
0.058055579328371305	0.44082554561214987	0.03276296823516286	29.0	0.0	0.0	2.0
0.14583354053183487	0.8907888912490295	0.02996237958649734	42.0	0.0	0.0	2.0
0.3018776490819477	0.68984718280281	0.03628010868627381	59.0	0.0	0.013425192064858038	2.0
0.8110956117710157	0.48792990220640436	0.03377428656583516	69.0	0.0	0.0	2.0
0.6367780690368697	0.04060341482435262	0.031827212354535006	2.0	0.0	0.0	2.0
0.10049479931633272	0.5035100007241409	0.03448611096391791	18.0	0.0	0.0	2.0
0.18881969391054415	0.5328407068098989	0.03509740395134465	68.0	0.0	5.914386463246046e-06	2.0
0.886366027664013	0.5128734219324925	0.0319703946839012	9.0	0.0	0.0	2.0
0.6299204200622339	0.44302104514676277	0.034296111533509435	17.0	0.0	0.0	2.0
0.8111871979903694	0.347836057241857	0.031208394066192455	5.0	0.0	0.0	2.0
0.7594102895202541	0.13186184131815815	0.03051874622410699	45.0	0.0	0.0	2.0
0.321835555194352	0.32841378884444594	0.03205658788208898	78.0	0.0	0.0	2.0
0.5862362293148341	0.0946074978553087	0.0328320153746144	74.0	0.0	0.0	2.0
0.11395226338773967	0.7431858985673936	0.03131845650431366	6.0	0.0	0.0	2.0
0.8144720922070842	0.6343768628436874	0.03206482223547329	55.0	0.0	0.0	3.0
0.7314410171155542	0.6148888483587016	0.03481989603563895	79.0	0.0	0.0	3.0
0.03962893538485286	0.13665550009916458	0.030475256574787758	54.0	0.0	0.0	3.0
0.9658256231801717	0.30312227455774937	0.034232122954832904	8.0	0.0	0.0	3.0
0.11493428318734705	0.037218620049570654	0.03387919031862352	28.0	0.0	0.0	3.0
0.2253417608327754	0.9037828554972938	0.033321421347186214	64.0	0.0	0.0	3.0
0.811430671845572	0.48611517314130587	0.03380806085240099	69.0	0.0	0.0	3.0
0.45765492743023317	0.5963048383641426	0.02894806169361676	47.0	0.0	0.0	3.0
0.6094824772249743	0.1954127543956481	0.033384614904975414	62.0	0.0	0.0	3.0
0.04414284046428633	0.3652477492146052	0.030985297123727603	51.0	0.0	0.0	3.0
0.7546585669991656	0.06144766374990801	0.0315896536880085	57.0	0.0	0.0	3.0
0.5024444931595117	0.8140333783432457	0.032034855164326116	70.0	0.0	0.0	3.0
0.3990548877730344	0.6487014236945993	0.031789049749233626	75.0	0.0	0.0	3.0
0.2577536895165437	0.6053965178336375	0.03375065336845184	32.0	0.0	0.0	3.0
0.09789801168183493	0.10611176786731508	0.03228689191587981	41.0	0.0	0.0	3.0
0.8534518190400109	0.974153565629493	0.03278420858982722	13.0	0.0	0.0	3.0
0.8798190782405675	0.31781260652167354	0.03085507776893702	43.0	0.0	0.0	3.0
0.922939882306426	0.9422096907238596	0.03374769298097162	39.0	0.0	0.0	3.0
0.32417204109027065	0.17390491099515218	0.03172329517907373	38.0	0.0	0.0	3.0
0.9030589954124476	0.8708247706027288	0.030511367391857554	4.0	0.0	0.0	3.0
0.4423017183346673	0.5352457986485347	0.03214998425418689	16.0	0.0	0.0	3.0
0.38038389181114063	0.48283798048892096	0.031945138818920395	53.0	0.0	0.0	3.0
0.7199280188631053	0.29286673478815184	0.030609716910473737	19.0	0.0	0.0	3.0
0.11570001653980407	0.7437007154451579	0.03134977496081797	6.0	0.0	0.0	3.0
0.5311838608419036	0.7340009929120279	0.03457788294170815	52.0	0.0	0.0	3.0
0.19210858221105492	0.5329131899157021	0.03513250135529599	68.0	0.0	1.488815685490863e-05	3.0
0.3079286466478893	0.4286687259439266	0.034612059683959	35.0	0.0	0.0	3.0
0.8846325337297054	0.5080688997437446	0.032002365078585095	9.0	0.0	0.0	3.0
0.7921991231241581	0.8315728662058339	0.03460935119016512	20.0	0.0	0.0	3.0
0.31795465922229227	0.3223977338752848	0.03208864446997107	78.0	0.0	0.0	3.0
0.8382095700070211	0.7599009822172978	0.03459652225653978	67.0	0.0	0.0	3.0
0.1412218640256787	0.8922106480324873	0.029992341966083837	42.0	0.0	0.0	3.0
0.830487852173976	0.05771494398479698	0.03551946967789708	11.0	0.0	0.000897140744299918	3.0
0.7597796391725827	0.13010972869064558	0.030549264970331093	45.0	0.0	0.0	3.0
0.9180537640879146	0.38778691765200224	0.03220810516216172	3.0	0.0	0.0	3.0
0.661593372301158	0.24883720503186166	0.03380428182709256	30.0	0.0	0.0	3.0
0.09901614832990256	0.5036735751161042	0.03452059707488182	18.0	0.0	0.0	3.0
0.8139190297509561	0.4194342436839459	0.03246306330626051	72.0	0.0	0.0	3.0
0.7407511186519886	0.4093029743697103	0.03444442138573822	63.0	0.0	0.0	3.0
0.9107779688728517	0.5756923823448006	0.033586274576049124	76.0	0.0	0.0	3.0
0.9424925166676161	0.4699349096969077	0.033490351257420024	21.0	0.0	0.0	3.0
0.5148526391756502	0.16364577306426253	0.02997552115797637	12.0	0.0	0.0	3.0
0.6705368603319061	0.3452930044874333	0.03409746413052081	65.0	0.0	0.0	3.0
0.6226879158651599	0.040381625358649934	0.03185903956688954	2.0	0.0	0.0	3.0
0.18491204276369783	0.8141693971584965	0.03233494494209453	34.0	0.0	0.0	3.0
0.5928163596846002	0.10264859973458587	0.03286484738998901	74.0	0.0	0.0	3.0
0.9733519695106873	0.6999433476434125	0.03381157618421496	48.0	0.0	0.0	3.0
0.29549097594816087	0.691816162161958	0.036316388794960075	59.0	0.0	0.014599315862383833	3.0
0.8317176256991512	0.900577005059973	0.033066397687508686	23.0	0.0	0.0	3.0
0.6121783167866487	0.7440740280772358	0.0334767885120531	36.0	0.0	0.0	3.0
0.25354909169865036	0.3719536936435437	0.03464408382093166	49.0	0.0	0.0	3.0
0.20715226221152924	0.4439306222543341	0.033491045130312036	26.0	0.0	0.0	3.0
0.4667653445202083	0.6793251000624925	0.030922324995324747	44.0	0.0	0.0	3.0
0.2671232734466052	0.4944128994656884	0.0335435355994591	46.0	0.0	0.0	3.0
0.31793514693227154	0.5561078606699184	0.03198324328538914	77.0	0.0	0.0	3.0
0.4789579158316633	0.09619238476953906	0.04509018036072144	-2.0	-1.0	6.574712425803398	3.0
0.0597825277290409	0.44810206992679913	0.032795731203398015	29.0	0.0	0.0	3.0
0.18705333912387334	0.6517655513187903	0.032885561951695154	22.0	0.0	0.0	3.0
0.8097854629643012	0.27998676938877276	0.03039018188125262	37.0	0.0	0.0	3.0
0.06932557250605824	0.8591121766369836	0.03438246175235678	14.0	0.0	0.0	3.0
0.7858682824726063	0.7155676009066444	0.030946729677787763	25.0	0.0	0.0	3.0
0.9018347802111368	0.7368662897585374	0.030762412362997718	50.0	0.0	0.0	3.0
0.5377727745247914	0.03483433659580078	0.03334621222241035	27.0	0.0	0.0	3.0
0.5555377055563913	0.646887235240064	0.03408026698363511	40.0	0.0	0.0	3.0
0.6299690991737912	0.44191718517302686	0.03433040764504294	17.0	0.0	0.0	3.0
0.879850271010558	0.4439245019192209	0.030263363061250066	60.0	0.0	0.0	3.0
0.4287782944617158	0.7440560000546441	0.03355771962846746	66.0	0.0	0.0	3.0
0.6449292780735773	0.8223347737987693	0.03313067492619364	24.0	0.0	0.0	3.0
0.9349493582561977	0.8003291448490503	0.033465028022470776	58.0	0.0	0.0	3.0
0.597066251976204	0.3136939613736809	0.03262860181719481	10.0	0.0	0.0	3.0
0.44635262679298837	0.13834741699177194	0.03429913769021624	71.0	0.0	0.0	3.0
0.29605407233195946	0.8983741963134352	0.03197808199824283	7.0	0.0	0.0	3.0
0.1658545534179381	0.09481374076758413	0.03107400583026116	1.0	0.0	0.0	3.0
0.8107593334095887	0.3493409038493725	0.031239602460258645	5.0	0.0	0.0	3.0
0.08658319278930898	0.28787700516111747	0.038366061292517614	61.0	0.0	0.24408777765452783	3.0
0.10418690672807701	0.6543236819380163	0.03377767586602278	73.0	0.0	0.0	3.0
0.5153084280264457	0.27876565216385585	0.03403668300254452	15.0	0.0	0.0	3.0
0.2461962177603248	0.21603676184499498	0.03292547228597489	31.0	0.0	0.0	3.0
0.74666717732099	0.8796889972123425	0.029441182586581082	33.0	0.0	0.0	3.0
0.8594961024671134	0.20055044241809122	0.03180758893005229	56.0	0.0	0.0	3.0
0.31568974762518875	0.4365080615893781	0.03464667174364296	35.0	0.0	0.0	4.0
0.472677871507756	0.6810666896455704	0.03095324732032007	44.0	0.0	0.0	4.0
0.5962015123404822	0.10516384862717071	0.032897712237378994	74.0	0.0	0.0	4.0
0.7215446271276829	0.29292273509862743	0.030640326627384206	19.0	0.0	0.0	4.0
0.8109558880674755	0.4961662754422626	0.03384186891325339	69.0	0.0	0.0	4.0
0.9286627482459077	0.9418308248739993	0.033781440673952584	39.0	0.0	0.0	4.0
0.5543022945352784	0.6471032898191617	0.03411434725061874	40.0	0.0	0.0	4.0
0.4473594756398832	0.1398453247318059	0.034333436827906454	71.0	0.0	0.0	4.0
0.2648836147621395	0.61224047962789	0.033784404021820286	32.0	0.0	0.0	4.0
0.5361556627281518	0.03528862380457144	0.03337955843463276	27.0	0.0	0.0	4.0
0.20814635473175677	0.44414344993510574	0.03352453617544234	26.0	0.0	0.0	4.0
0.608084998135221	0.19361604525264117	0.033417999519880386	62.0	0.0	0.0	4.0
0.3834577472740205	0.47936153684140126	0.031977083957739315	53.0	0.0	0.0	4.0
0.851604147270323	0.9795942865534479	0.032816992798417044	13.0	0.0	0.0	4.0
0.6460689693148173	0.8240773089732492	0.03316380560111983	24.0	0.0	0.0	4.0
0.8808879601185227	0.31799953768895317	0.030885932846705953	43.0	0.0	0.0	4.0
0.5323389861822305	0.744150444372748	0.03461246082464986	52.0	0.0	0.0	4.0
0.5980028696684099	0.31463946619948385	0.032661230419012005	10.0	0.0	0.0	4.0
0.7532993346675743	0.05902096670824711	0.031621243341696505	57.0	0.0	0.0	4.0
0.8106989786885594	0.6350367229543722	0.032096887057708766	55.0	0.0	0.0	4.0
0.8637855382750871	0.20357298236385912	0.031839396518982335	56.0	0.0	0.0	4.0
0.9024718944719786	0.873231801639852	0.030541878759249408	4.0	0.0	0.0	4.0
0.29020271043828216	0.6887035021165848	0.03635270518375503	59.0	0.0	0.01584124959971689	4.0
0.2454078308616858	0.21989694646384556	0.03295839775826086	31.0	0.0	0.0	4.0
0.5158169795648817	0.16391668043420393	0.030005496679134342	12.0	0.0	0.0	4.0
0.7492053593543999	0.12927584015829258	0.03057981423530142	45.0	0.0	0.0	4.0
0.6277574123557671	0.4388405918054539	0.034364738052687985	17.0	0.0	0.0	4.0
0.32380151814847447	0.32260027268592173	0.03212073311444104	78.0	0.0	0.0	4.0
0.04468377471006015	0.3634733288777611	0.03101628242085133	51.0	0.0	0.0	4.0
0.2545090180360721	0.7775551102204408	0.08857715430861722	-2.0	-1.0	984.2805481034876	4.0
0.4303560368398583	0.743891511576603	0.03359127734809592	66.0	0.0	0.0	4.0
0.31654976515527733	0.5565349669373443	0.03201522652867452	77.0	0.0	0.0	4.0
0.05549481088690085	0.44841998589465853	0.03282852693460141	29.0	0.0	0.0	4.0
0.4562230210151274	0.5957314310212694	0.02897700975531037	47.0	0.0	0.0	4.0
0.18519166216268432	0.6522134302382941	0.032918447513646844	22.0	0.0	0.0	4.0
0.9051385357133173	0.7313382723257149	0.030793174775360713	50.0	0.0	0.0	4.0
0.8114464929686421	0.2766307488704838	0.03042057206313387	37.0	0.0	0.0	4.0
0.11398227314752779	0.7434336380134774	0.03138112473577879	6.0	0.0	0.0	4.0
0.7452888128774764	0.41063959422970353	0.034478865807123955	63.0	0.0	0.0	4.0
0.4415909528374076	0.5359280571211495	0.032182134238441074	16.0	0.0	0.0	4.0
0.06884678102820586	0.8558288136391993	0.03441684421410913	14.0	0.0	0.0	4.0
0.6204981460821942	0.04121088270277531	0.03189089860645643	2.0	0.0	0.0	4.0
0.976348368213865	0.698518574549059	0.03384538776039917	48.0	0.0	0.0	4.0
0.10388233885664488	0.6499328481449755	0.0338114535418888	73.0	0.0	0.0	4.0
0.8836505826521025	0.509905131923798	0.032034367443663676	9.0	0.0	0.0	4.0
0.8328039343234038	0.7759891459568272	0.034631118778796315	67.0	0.0	0.0	4.0
0.20149248184645235	0.5416963965370954	0.03516763385665128	68.0	0.0	3.014846353721623e-05	4.0
0.40789780330029707	0.6401055537710519	0.031820838798982856	75.0	0.0	0.0	4.0
0.7944478620701471	0.8370382628481349	0.03464396054135528	20.0	0.0	0.0	4.0
0.8774092179681421	0.4438860779330916	0.030293626424311312	60.0	0.0	0.0	4.0
0.5135051240618432	0.27747789233041265	0.034070719685547056	15.0	0.0	0.0	4.0
0.6714870545216769	0.3461823737500502	0.034131561594651326	65.0	0.0	0.0	4.0
0.2483250146981149	0.37997651369849633	0.03467872790475259	49.0	0.0	0.0	4.0
0.7860352982911083	0.7177740791866202	0.030977676407465547	25.0	0.0	0.0	4.0
0.30316533006868973	0.8950023390107912	0.032010060080241064	7.0	0.0	0.0	4.0
0.9055988577874692	0.5733092258127959	0.03361986085062517	76.0	0.0	0.0	4.0
0.1054305246384617	0.5128283708811864	0.0345551176719567	18.0	0.0	0.0	4.0
0.3227066567393158	0.17014301249945415	0.0317550184742528	38.0	0.0	0.0	4.0
0.09871048699015389	0.1028695378342792	0.03231917880779568	41.0	0.0	0.0	4.0
0.113146729187818	0.03725801556983099	0.03391306950894214	28.0	0.0	0.0	4.0
0.8369882437762153	0.054538327410285026	0.03555498914757497	11.0	0.0	0.00109404061915086	4.0
0.8324160956946921	0.9014634403987913	0.03309946408519619	23.0	0.0	0.0	4.0
0.8095727134398076	0.3461774365902832	0.0312708420627189	5.0	0.0	0.0	4.0
0.6615427260944863	0.2501773127488188	0.03383808610891965	30.0	0.0	0.0	4.0
0.7392361715256249	0.8818778687916614	0.02947062376916766	33.0	0.0	0.0	4.0
0.16409437558854473	0.09474166956710396	0.03110507983609142	1.0	0.0	0.0	4.0
0.0877882878152989	0.3015139548106061	0.038404427353810125	61.0	0.0	0.25252954017169316	4.0
0.22681634473698079	0.9041850683211995	0.033354742768533396	64.0	0.0	0.0	4.0
0.9357421230261409	0.8018116017809535	0.033498493050493246	58.0	0.0	0.0	4.0
0.18370179572487552	0.8116446859056663	0.032367279887036624	34.0	0.0	0.0	4.0
0.8145043372993747	0.41104765721055236	0.03249552636956677	72.0	0.0	0.0	4.0
0.7298146752536158	0.6133857107425909	0.034854715931674586	79.0	0.0	0.0	4.0
0.9649564675607853	0.30080515078181186	0.03426635507778773	8.0	0.0	0.0	4.0
0.9160999928532689	0.386316037773504	0.03224031326732388	3.0	0.0	0.0	4.0
0.26439804574419196	0.49690004619415845	0.03357707913505856	46.0	0.0	0.0	4.0
0.505254121940751	0.8181017208115985	0.03206689001949044	70.0	0.0	0.0	4.0
0.9402480267357826	0.4728583976964017	0.03352384160867744	21.0	0.0	0.0	4.0
0.6067889396800786	0.7470218579215343	0.033510265300565154	36.0	0.0	0.0	4.0
0.03848622726181955	0.13542691182820993	0.030505731831362543	54.0	0.0	0.0	4.0
0.14260707927660482	0.8910540820080048	0.030022334308049917	42.0	0.0	0.0	4.0
0.4467683316112903	0.13826936542934729	0.03436777026473436	71.0	0.0	0.0	5.0
0.807230946873939	0.6354203707526641	0.03212898394476647	55.0	0.0	0.0	5.0
0.6460689693148173	0.8376334916487784	0.03319696940672095	24.0	0.0	0.0	5.0
0.9758641961074491	0.6975403312185543	0.03387923314815957	48.0	0.0	0.0	5.0
0.6305343372615815	0.44045162976231006	0.03439910279074067	17.0	0.0	0.0	5.0
0.2250152987335342	0.9033007053311775	0.03338809751130192	64.0	0.0	0.0	5.0
0.2509416510914691	0.38010015879541204	0.03471340663265734	49.0	0.0	0.0	5.0
0.59941965198853	0.31217956991163714	0.03269389164943101	10.0	0.0	0.0	5.0
0.19763322706846628	0.5449600804669237	0.03520280149050793	68.0	0.0	5.3381823093445746e-05	5.0
0.10718207902897657	0.6516840955107351	0.03384526499543069	73.0	0.0	0.0	5.0
0.5068006131861051	0.8175710960971538	0.032098956909509924	70.0	0.0	0.0	5.0
0.605390418515425	0.747158766826852	0.03354377556586571	36.0	0.0	0.0	5.0
0.09277581736343143	0.5102023058103233	0.034589672789628656	18.0	0.0	0.0	5.0
0.6186938445628304	0.03143855034199762	0.03192278950506288	2.0	0.0	0.0	5.0
0.1745285779565145	0.09207224095784056	0.031136184915927508	1.0	0.0	0.0	5.0
0.1167656098490771	0.03394698257845108	0.03394698257845108	28.0	0.0	0.0	5.0
0.263543647736654	0.6104722119082988	0.033818188425842104	32.0	0.0	0.0	5.0
0.8079018848261511	0.34803094813903224	0.03130211290478162	5.0	0.0	0.0	5.0
0.28996863353054836	0.6898496146159452	0.03638905788893878	59.0	0.0	0.01715303642879462	5.0
0.3239372997348213	0.3182882795256679	0.03215285384755548	78.0	0.0	0.0	5.0
0.4400058434651593	0.5357020044582368	0.03221431637267951	16.0	0.0	0.0	5.0
0.11999258777754963	0.7467211023140184	0.03141250586051456	6.0	0.0	0.0	5.0
0.5020054321656952	0.2725333034747677	0.0341047904052326	15.0	0.0	0.0	5.0
0.0665508917279122	0.8537598401021269	0.03445126105832323	14.0	0.0	0.0	5.0
0.7515336131850004	0.12932715204648101	0.030610394049536718	45.0	0.0	0.0	5.0
0.09532174112214008	0.29397881506349	0.03844283178116393	61.0	0.0	0.261172462562385	5.0
0.5137022348477039	0.1611977981293892	0.030035502175813474	12.0	0.0	0.0	5.0
0.8533336079566597	0.9677343277064119	0.032849809791215455	13.0	0.0	0.0	5.0
0.8383691323819552	0.05174831730678084	0.03559054413672254	11.0	0.0	0.001318065703742377	5.0
0.6616977324537626	0.35584935456831795	0.03416569315624597	65.0	0.0	0.0	5.0
0.24320714882480385	0.21267807468473574	0.032991356156019114	31.0	0.0	0.0	5.0
0.9051861215089787	0.8757089087415528	0.030572420638008652	4.0	0.0	0.0	5.0
0.18188866474010387	0.8246513963844898	0.03239964716692366	34.0	0.0	0.0	5.0
0.530292194329739	0.7475539112693237	0.034647073285474506	52.0	0.0	0.0	5.0
0.9342281555535388	0.8008683655119114	0.033531991543543735	58.0	0.0	0.0	5.0
0.6034027322468973	0.19264439615522724	0.03345141751940026	62.0	0.0	0.0	5.0
0.05596625913805211	0.4493015862816219	0.032861355461536006	29.0	0.0	0.0	5.0
0.8112168194211581	0.42017302234824033	0.032528021895936336	72.0	0.0	0.0	5.0
0.8789592799177831	0.44148329737315556	0.03032392005073562	60.0	0.0	0.0	5.0
0.7287939669843874	0.8787750429446857	0.029500094392936826	33.0	0.0	0.0	5.0
0.7853906657083027	0.7190169140796748	0.03100865408387301	25.0	0.0	0.0	5.0
0.8104012807365749	0.26581389277325584	0.030450992635197	37.0	0.0	0.0	5.0
0.2068056740855679	0.44450074950413704	0.03355806071161778	26.0	0.0	0.0	5.0
0.3995651417520346	0.6349141155584038	0.03185265963778183	75.0	0.0	0.0	5.0
0.0926679990713836	0.11223116555565948	0.03235149798660347	41.0	0.0	0.0	5.0
0.1857760775773745	0.6509942740441741	0.03295136596116049	22.0	0.0	0.0	5.0
0.14536549653414738	0.8905537593358301	0.030052356642357964	42.0	0.0	0.0	5.0
0.9311393392534008	0.386539980267873	0.032272553580591196	3.0	0.0	0.0	5.0
0.3230225402363287	0.16864453142481448	0.03178677349272705	38.0	0.0	0.0	5.0
0.7975457614220668	0.8305205879465626	0.03467860450189663	20.0	0.0	0.0	5.0
0.8090813857957928	0.49854522524242995	0.03387571078216663	69.0	0.0	0.0	5.0
0.6009032847996952	0.11845675717700374	0.03293060994961637	74.0	0.0	0.0	5.0
0.3171992723014687	0.4375158347918302	0.034681318415386596	35.0	0.0	0.0	5.0
0.9781114850818959	0.29553722016661593	0.03430062143286552	8.0	0.0	0.0	5.0
0.5561219750179964	0.6515258910366337	0.03414846159786935	40.0	0.0	0.0	5.0
0.8639681762792425	0.205015788878787	0.03187123591550131	56.0	0.0	0.0	5.0
0.5336083784262051	0.029415390140502158	0.03341293799306739	27.0	0.0	0.0	5.0
0.46906478741498725	0.682647254420395	0.030984200567640386	44.0	0.0	0.0	5.0
0.8323732033805223	0.7701445671658976	0.03466574989757511	67.0	0.0	0.0	5.0
0.3089231684946027	0.8920845373109045	0.0320420701403213	7.0	0.0	0.0	5.0
0.9045435617222841	0.586990872391735	0.03365348071147579	76.0	0.0	0.0	5.0
0.8337451380126335	0.8999019349742208	0.03313256354928139	23.0	0.0	0.0	5.0
0.26985067166136034	0.5053870955531093	0.03361065621419361	46.0	0.0	0.0	5.0
0.9396009822721445	0.940968234884373	0.033815222114626536	39.0	0.0	0.0	5.0
0.7272660792819874	0.6132813574391082	0.034889570647606255	79.0	0.0	0.0	5.0
0.8992187406719001	0.7348730181032751	0.03082396795013607	50.0	0.0	0.0	5.0
0.0452260552163214	0.36459331947390944	0.031047298703272178	51.0	0.0	0.0	5.0
0.3812765031953349	0.47624523767457555	0.032009061041697054	53.0	0.0	0.0	5.0
0.879374417655285	0.32051630150346616	0.030916818779552657	43.0	0.0	0.0	5.0
0.4297710033634317	0.7402052661483253	0.03362486862544402	66.0	0.0	0.0	5.0
0.6582188990791698	0.25271257026717636	0.03387192419502856	30.0	0.0	0.0	5.0
0.7612801690189841	0.05390811691605824	0.031652864585038194	57.0	0.0	0.0	5.0
0.3142656004756697	0.5592882742332451	0.032047241755203196	77.0	0.0	0.0	5.0
0.7341804716035046	0.4082141369298693	0.03451334467293107	63.0	0.0	0.0	5.0
0.9511159340604344	0.4611143255364611	0.03355736545028611	21.0	0.0	0.0	5.0
0.030536237563193902	0.1392453390387603	0.030536237563193902	54.0	0.0	0.0	5.0
0.45643449417097853	0.597120333842348	0.02900598676506568	47.0	0.0	0.0	5.0
0.7216077612478259	0.2962881901647886	0.030670966954011586	19.0	0.0	0.0	5.0
0.8829325794537111	0.5143273690562489	0.032066401811107335	9.0	0.0	0.0	5.0
0.7284277414809903	0.6132337927056838	0.03492446021825386	79.0	0.0	0.0	6.0
0.8518837554621311	0.967433458874677	0.03288265960100667	13.0	0.0	0.0	6.0
0.47879334290529935	0.6871982617623547	0.031015184768208023	44.0	0.0	0.0	6.0
0.2665686802130263	0.6097242769576401	0.03385200661426794	32.0	0.0	0.0	6.0
0.8124188090345407	0.2643344441860644	0.030481443627832193	37.0	0.0	0.0	6.0
0.5048494999915573	0.8186704379355967	0.03213105586641943	70.0	0.0	0.0	6.0
0.09020806194299945	0.11589085973514562	0.032383849484590076	41.0	0.0	0.0	6.0
0.6005242014471123	0.31424505902465943	0.03272658554108044	10.0	0.0	0.0	6.0
0.9517540000409642	0.45902128509587886	0.0335909228157364	21.0	0.0	0.0	6.0
0.22587023200030798	0.903903131865918	0.03342148560881322	64.0	0.0	0.0	6.0
0.31327897183608144	0.5597347640550725	0.032079288996958395	77.0	0.0	0.0	6.0
0.8904871436037546	0.731999439797701	0.030854791918086204	50.0	0.0	0.0	6.0
0.8134966836660398	0.48677427025485376	0.0339095864929488	69.0	0.0	0.0	6.0
0.142744879484994	0.8937948165130938	0.030082408999000318	42.0	0.0	0.0	6.0
0.19252231628840463	0.6519130577553511	0.03298431732712164	22.0	0.0	0.0	6.0
0.9101900894739912	0.870049562407792	0.03060299305864666	4.0	0.0	0.0	6.0
0.7966589981696551	0.8312898617242815	0.034713283106398526	20.0	0.0	0.0	6.0
0.0440954995753571	0.36766601339690824	0.031078346001975447	51.0	0.0	0.0	6.0
0.7839484801717156	0.7173006239554741	0.03103966273795688	25.0	0.0	0.0	6.0
0.3265981883305844	0.30566561566326	0.03218500670140303	78.0	0.0	0.0	6.0
0.06613226452905811	0.1903807615230461	0.031262525050100194	-2.0	-1.0	0.0	6.0
0.6184394263245268	0.032769525727612575	0.03195471229456794	2.0	0.0	0.0	6.0
0.7544286210196948	0.1280389394229995	0.03064100444358625	45.0	0.0	0.0	6.0
0.8386762341316799	0.05417436443370592	0.035626134680859255	11.0	0.0	0.0015710255657950256	6.0
0.5259948331081099	0.7488197388171851	0.03468172035875998	52.0	0.0	0.0	6.0
0.761354644825227	0.04996542370396548	0.03168451744962323	57.0	0.0	0.0	6.0
0.1849421712929848	0.826079823323589	0.03243204681409058	34.0	0.0	0.0	6.0
0.1955238304498014	0.5441153719738165	0.035238004291998436	68.0	0.0	8.628480871664124e-05	6.0
0.2879359572552989	0.6877186192696335	0.036425446946827714	59.0	0.0	0.018536731028959252	6.0
0.6563986364206792	0.25089802859266336	0.033905796119223584	30.0	0.0	0.0	6.0
0.805938679422463	0.3488897638286601	0.0313334150176864	5.0	0.0	0.0	6.0
0.9036453219607711	0.587574330123354	0.03368713419218726	76.0	0.0	0.0	6.0
0.5055200468468304	0.2718958214534666	0.03413889519563783	15.0	0.0	0.0	6.0
0.7287767979462166	0.8801385069915142	0.02952959448732976	33.0	0.0	0.0	6.0
0.9744800016146898	0.6982527635547536	0.033913112381307724	48.0	0.0	0.0	6.0
0.17307163989085536	0.08981373685137341	0.031167321100843432	1.0	0.0	0.0	6.0
0.4330724514384199	0.5369145491663997	0.032246530689052186	16.0	0.0	0.0	6.0
0.10662978309127946	0.645853169697661	0.033879110260426115	73.0	0.0	0.0	6.0
0.06802732453146267	0.8548859929820157	0.03448571231938155	14.0	0.0	0.0	6.0
0.20893147178320104	0.44277080122601414	0.03359161877232939	26.0	0.0	0.0	6.0
0.8819121345963569	0.443246464937879	0.030354243970786354	60.0	0.0	0.0	6.0
0.09829504817049761	0.2945374720006175	0.038481274612945086	61.0	0.0	0.27001930995919565	6.0
0.5560278989803347	0.6527687477649879	0.03418261005946722	40.0	0.0	0.0	6.0
0.6217114563200483	0.4471813046634165	0.03443350189353141	17.0	0.0	0.0	6.0
0.834987862913216	0.8999449837336471	0.03316569611283066	23.0	0.0	0.0	6.0
0.42893536634577456	0.7385690578945568	0.03365849349406946	66.0	0.0	0.0	6.0
0.04471256514849047	0.44812832566421856	0.032894216816997536	29.0	0.0	0.0	6.0
0.7237144052799116	0.29596064585282417	0.030701637920965596	19.0	0.0	0.0	6.0
0.2699892098762858	0.5043453536610658	0.0336442668704078	46.0	0.0	0.0	6.0
0.6466179243438938	0.8348565805689596	0.03323016637612766	24.0	0.0	0.0	6.0
0.8148476737897703	0.41951445673239157	0.03256054991783227	72.0	0.0	0.0	6.0
0.9802232541385212	0.2961304689897932	0.03433492205429838	8.0	0.0	0.0	6.0
0.734306234141761	0.4064010684657599	0.034547858017604	63.0	0.0	0.0	6.0
0.6026240620131471	0.1898386980151221	0.03348486893691966	62.0	0.0	0.0	6.0
0.8798000939952922	0.3247278109805488	0.030947735598332207	43.0	0.0	0.0	6.0
0.6624714219742232	0.3564709180600851	0.034199858849402215	65.0	0.0	0.0	6.0
0.5199214841330283	0.16078607065037864	0.030065537677989283	12.0	0.0	0.0	6.0
0.8341905681429891	0.7711989145872689	0.03470041564747268	67.0	0.0	0.0	6.0
0.03212413561880732	0.1416731616939419	0.03056677380075709	54.0	0.0	0.0	6.0
0.11552228365002491	0.0437690300130385	0.03398092956102953	28.0	0.0	0.0	6.0
0.531605930500975	0.030752243648141237	0.03344635093106045	27.0	0.0	0.0	6.0
0.9293899948919413	0.3885953946759259	0.03230482613417179	3.0	0.0	0.0	6.0
0.8164992804672992	0.6261811670146791	0.03216111292871124	55.0	0.0	0.0	6.0
0.23997366266030437	0.2088300258518491	0.03302434751217513	31.0	0.0	0.0	6.0
0.110533721022752	0.7457349624866014	0.03144391836637507	6.0	0.0	0.0	6.0
0.6072866797762614	0.7495039744837229	0.03357731934143158	36.0	0.0	0.0	6.0
0.6022711981154237	0.11942065378817379	0.03296354055956598	74.0	0.0	0.0	6.0
0.30772701001978403	0.892309284442295	0.03207411221046162	7.0	0.0	0.0	6.0
0.379766162582002	0.47647033855534576	0.032041070102738746	53.0	0.0	0.0	6.0
0.9319953029249954	0.7990512972347412	0.03356552353508727	58.0	0.0	0.0	6.0
0.8808184481791658	0.5148079056352144	0.03209846821291844	9.0	0.0	0.0	6.0
0.4556795551778012	0.5959817798532595	0.029034992751830743	47.0	0.0	0.0	6.0
0.44817289863510257	0.13925908998195374	0.034402138034999086	71.0	0.0	0.0	6.0
0.09211748306948016	0.5080427794561397	0.03462426246241828	18.0	0.0	0.0	6.0
0.3209322405851474	0.17007841128044518	0.03181856026621977	38.0	0.0	0.0	6.0
0.9375505151974636	0.9416862418827467	0.03384903733674116	39.0	0.0	0.0	6.0
0.4003537899100611	0.6368308676129377	0.031884512297419614	75.0	0.0	0.0	6.0
0.8641254968394473	0.20679604065318896	0.03190310715141681	56.0	0.0	0.0	6.0
0.3190133455048166	0.43783308857676784	0.03471599973380198	35.0	0.0	0.0	6.0
0.25172944449594575	0.3807663777475479	0.034748120039289995	49.0	0.0	0.0	6.0
0.8775860791460977	0.32420989083470964	0.030978683333930536	43.0	0.0	0.0	7.0
0.043093529804027995	0.36733626403086883	0.031109424347977418	51.0	0.0	0.0	7.0
0.6561655014212766	0.2496353390285074	0.033939701915342804	30.0	0.0	0.0	7.0
0.6037481946738941	0.18932143085302933	0.03351835380585658	62.0	0.0	0.0	7.0
0.8040696337623616	0.34931459308039553	0.03136474843270408	5.0	0.0	0.0	7.0
0.8407865621342689	0.05605217645628406	0.03566176081554011	11.0	0.0	0.0018547403400930307	7.0
0.899817877958826	0.7263957765407887	0.030885646710004287	50.0	0.0	0.0	7.0
0.7340815864960977	0.613215994973586	0.03495938467847211	79.0	0.0	0.0	7.0
0.19424482584892866	0.652718845794937	0.03301730164444876	22.0	0.0	0.0	7.0
0.183639550939279	0.8270224785479979	0.032464478860904665	34.0	0.0	0.0	7.0
0.04545427076251876	0.44878831013939363	0.03292711103381453	29.0	0.0	0.0	7.0
0.8138179566606139	0.26472749979979976	0.03051192507146002	37.0	0.0	0.0	7.0
0.7926839374709334	0.8416062780371341	0.034747996389504925	20.0	0.0	0.0	7.0
0.08629680665099534	0.5089853561808768	0.0346588867248807	18.0	0.0	0.0	7.0
0.81637605264136	0.41845182516998763	0.0325931104677501	72.0	0.0	0.0	7.0
0.7542621008043192	0.12689700950394653	0.030671645448029833	45.0	0.0	0.0	7.0
0.3260785974047932	0.5641464698905104	0.03211136828595535	77.0	0.0	0.0	7.0
0.7773879498281961	0.7115677019751653	0.031070702400694834	25.0	0.0	0.0	7.0
0.31337158279648963	0.43135552685141665	0.03475071573353578	35.0	0.0	0.0	7.0
0.023034117790118637	0.13978682977059956	0.030597340574557846	54.0	0.0	0.0	7.0
0.14360022798879502	0.8957334532883383	0.030112491407999317	42.0	0.0	0.0	7.0
0.8328862509148233	0.777100965980881	0.034735116063120144	67.0	0.0	0.0	7.0
0.9784258759391286	0.2924989643808923	0.03436925697635268	8.0	0.0	0.0	7.0
0.5358295164887596	0.030526006226807914	0.033479797281991505	27.0	0.0	0.0	7.0
0.8888633458506061	0.44276026350173325	0.030384598214757138	60.0	0.0	0.0	7.0
0.11224859198389621	0.29572628935285183	0.03851975588755803	61.0	0.0	0.2790728619319225	7.0
0.8102460818054986	0.48773176513834016	0.03394349607944174	69.0	0.0	0.0	7.0
0.32495316188667484	0.30318468483733135	0.03221719170810443	78.0	0.0	0.0	7.0
0.06991266838519151	0.8569914022910828	0.03452019803170093	14.0	0.0	0.0	7.0
0.5192655984089097	0.1595018220919072	0.030095603215667267	12.0	0.0	0.0	7.0
0.7304008944296801	0.8798859899278159	0.029559124081817087	33.0	0.0	0.0	7.0
0.5066086311541945	0.27098692327042934	0.034173034090833464	15.0	0.0	0.0	7.0
0.6053820142402192	0.1218559996677271	0.03299650410012554	74.0	0.0	0.0	7.0
0.43091305030057026	0.535245851772633	0.032278777219741234	16.0	0.0	0.0	7.0
0.4494753461631835	0.13855730643785713	0.03443654017303408	71.0	0.0	0.0	7.0
0.6614807633827402	0.3552613727130168	0.034234058708251615	65.0	0.0	0.0	7.0
0.2897179093936436	0.6936986562769611	0.03646187239377454	59.0	0.0	0.01999439965398153	7.0
0.11884088287637964	0.04695452853276523	0.03401491049059056	28.0	0.0	0.0	7.0
0.2504557727975697	0.38176348943724886	0.03478286815932928	49.0	0.0	0.0	7.0
0.5274909169270333	0.7454858750625788	0.03471640207911873	52.0	0.0	0.0	7.0
0.23964973794225114	0.20311935505413425	0.0330573718596873	31.0	0.0	0.0	7.0
0.5088830012011893	0.8159407660547051	0.03216318692228584	70.0	0.0	0.0	7.0
0.25242495664408016	0.6112247274434576	0.033885858620882205	32.0	0.0	0.0	7.0
0.8347528563254275	0.9036728161183649	0.03319886180894349	23.0	0.0	0.0	7.0
0.27699380408747454	0.4985247479985419	0.03367791113727821	46.0	0.0	0.0	7.0
0.4542096079030027	0.5974656747802544	0.02906402774458257	47.0	0.0	0.0	7.0
0.8128805295834739	0.6205714819333139	0.03219327404163995	55.0	0.0	0.0	7.0
0.9362868447191336	0.9402202764078472	0.0338828863740779	39.0	0.0	0.0	7.0
0.850705100143574	0.9683324812197491	0.03291554226060767	13.0	0.0	0.0	7.0
0.17322641785064677	0.08758236460230992	0.03119848842194427	1.0	0.0	0.0	7.0
0.6037341774766117	0.3168910647810615	0.03275931212662152	10.0	0.0	0.0	7.0
0.8997804419251085	0.5859125253615114	0.03372082132637944	76.0	0.0	0.0	7.0
0.9304589246810462	0.3876074421349578	0.03233713096030595	3.0	0.0	0.0	7.0
0.22711045717671197	0.901139421898024	0.03345490709442203	64.0	0.0	0.0	7.0
0.9514481588151591	0.45780080787338034	0.03362451373855213	21.0	0.0	0.0	7.0
0.1941984651873105	0.5454533130164264	0.03527324229629043	68.0	0.0	0.00013056409213163533	7.0
0.47867921837311406	0.6835740280540884	0.031046199952976226	44.0	0.0	0.0	7.0
0.4279180878439636	0.7419829335855388	0.03369215198756352	66.0	0.0	0.0	7.0
0.3211725432872145	0.16877690050378702	0.03185037882648599	38.0	0.0	0.0	7.0
0.9755111444271343	0.6978843867628396	0.033947025493689026	48.0	0.0	0.0	7.0
0.6180190702462277	0.45501010594002333	0.034467935395424934	17.0	0.0	0.0	7.0
0.30710533904451565	0.8940668802200608	0.03210618632267208	7.0	0.0	0.0	7.0
0.9090517988109377	0.8704481548418515	0.030633596051705302	4.0	0.0	0.0	7.0
0.11160839505365702	0.7440690332552071	0.031475362284741445	6.0	0.0	0.0	7.0
0.7247143781116607	0.296325002338657	0.03073233955888656	19.0	0.0	0.0	7.0
0.8742817652912881	0.5248676748818184	0.03213056668113135	9.0	0.0	0.0	7.0
0.7348813510199665	0.4090466605297104	0.0345824058756216	63.0	0.0	0.0	7.0
0.7612942566059521	0.051163392369819614	0.03171620196707285	57.0	0.0	0.0	7.0
0.10720088836336407	0.6496040463530869	0.033912989370686535	73.0	0.0	0.0	7.0
0.3844831295794021	0.48621701422442887	0.03207311117284148	53.0	0.0	0.0	7.0
0.9302054915348973	0.7992950552192627	0.033599089058622356	58.0	0.0	0.0	7.0
0.3985171966102155	0.6373219487035258	0.03191639680971703	75.0	0.0	0.0	7.0
0.09197542299572854	0.10919673708500183	0.03241623333407466	41.0	0.0	0.0	7.0
0.863180227784119	0.2061028771571273	0.03193501025856822	56.0	0.0	0.0	7.0
0.6481766793593766	0.8345535327069791	0.033263396542503786	24.0	0.0	0.0	7.0
0.2034683415645816	0.44289120198440757	0.033625210391101716	26.0	0.0	0.0	7.0
0.5556661035711001	0.6671323017703779	0.03421679266952668	40.0	0.0	0.0	7.0
0.6184394263245268	0.038103012264595976	0.03198666700686251	2.0	0.0	0.0	7.0
0.6079697841353934	0.746048463625689	0.03361089666077301	36.0	0.0	0.0	7.0
0.10821643286573146	0.10821643286573146	0.08917835671342685	-2.0	-1.0	1017.7883110641586	7.0
0.6573092134255065	0.24892278036179166	0.033973641617258146	30.0	0.0	0.0	8.0
0.32872908108974636	0.5622028766596091	0.0321434796542413	77.0	0.0	0.0	8.0
0.6540194645676782	0.8473571428580273	0.033296659939046284	24.0	0.0	0.0	8.0
0.11665048224231969	0.7423390163005514	0.031506837647026185	6.0	0.0	0.0	8.0
0.3016072503784957	0.903753469106898	0.03213829250899475	7.0	0.0	0.0	8.0
0.8881545428339739	0.33361392098970316	0.031009662017264465	43.0	0.0	0.0	8.0
0.5346705239172216	0.030078736982020352	0.03351327707927349	27.0	0.0	0.0	8.0
0.2018505021951901	0.6576591644699233	0.0330503189460932	22.0	0.0	0.0	8.0
0.12030163849256721	0.2986605487976963	0.038558275643445585	61.0	0.0	0.28833591254502267	8.0
0.3917629927471222	0.6358313921655776	0.031948313206526746	75.0	0.0	0.0	8.0
0.5950141133003024	0.3206093481221012	0.032792071438748134	10.0	0.0	0.0	8.0
0.9807590627691419	0.6953890269673868	0.03398097251918271	48.0	0.0	0.0	8.0
0.3136160738700799	0.4298150097039505	0.03478546644926932	35.0	0.0	0.0	8.0
0.8896243244398296	0.4419823290838509	0.03041498281297189	60.0	0.0	0.0	8.0
0.04195812044451727	0.45289615642435466	0.03296003814484834	29.0	0.0	0.0	8.0
0.09890172268408387	0.6449965311877952	0.033946902360057214	73.0	0.0	0.0	8.0
0.03784625993338743	0.36248650340609856	0.031140533772325393	51.0	0.0	0.0	8.0
0.5026334287384017	0.8142274812718788	0.032195350109208126	70.0	0.0	0.0	8.0
0.32400265766508723	0.3034133554459404	0.03224940889981253	78.0	0.0	0.0	8.0
0.45538567145411946	0.5976561217404348	0.029093091772327148	47.0	0.0	0.0	8.0
0.5554586086600426	0.6686207911606217	0.034251009462196204	40.0	0.0	0.0	8.0
0.38491018349726097	0.4847501877541636	0.032105184284014314	53.0	0.0	0.0	8.0
0.450596194899487	0.13866703246660264	0.03447097671320711	71.0	0.0	0.0	8.0
0.8621188911554594	0.20768184738265186	0.031966945268826784	56.0	0.0	0.0	8.0
0.6093477114952537	0.7423749807926593	0.03364450755743378	36.0	0.0	0.0	8.0
0.7322839565298721	0.4076890531182812	0.034616988281497216	63.0	0.0	0.0	8.0
0.3175353536647461	0.16946029484590935	0.03188222920531247	38.0	0.0	0.0	8.0
0.0306279379151324	0.14155158838576065	0.0306279379151324	54.0	0.0	0.0	8.0
0.7890421111109693	0.8424340557637466	0.034782744385894425	20.0	0.0	0.0	8.0
0.7326285065232636	0.8799631557889545	0.0295886832058989	33.0	0.0	0.0	8.0
0.520264853938542	0.15889659410727427	0.03012569881888293	12.0	0.0	0.0	8.0
0.47239915347673506	0.6828392515458742	0.0310772461529292	44.0	0.0	0.0	8.0
0.8768625950675784	0.528505880670521	0.03216269724781248	9.0	0.0	0.0	8.0
0.2539643642671729	0.6151042614940817	0.033919744479503085	32.0	0.0	0.0	8.0
0.7976670356502522	0.3530290718405184	0.03139611318113678	5.0	0.0	0.0	8.0
0.1723446893787575	0.531062124248497	0.012424849699398798	-2.0	-1.0	0.0	8.0
0.6004077801934321	0.19334793018668012	0.03355187215966243	62.0	0.0	0.0	8.0
0.8559860528760981	0.9799363098206947	0.03294845780286828	13.0	0.0	0.0	8.0
0.07004636872472458	0.859643721225107	0.03455471822973263	14.0	0.0	0.0	8.0
0.2263975620709391	0.9048688944572062	0.03348836200151645	64.0	0.0	0.0	8.0
0.7255667948718273	0.2945467652370916	0.030763071898445443	19.0	0.0	0.0	8.0
0.1467743110019377	0.8962885520835618	0.030142603899407313	42.0	0.0	0.0	8.0
0.8408374028730347	0.05739743152735719	0.03569742257635564	11.0	0.0	0.002171040772211086	8.0
0.5038321979975824	0.274798254367821	0.034207207124924296	15.0	0.0	0.0	8.0
0.25230748174733736	0.38228368086247605	0.03481765102748861	49.0	0.0	0.0	8.0
0.753073861380178	0.12918790428186572	0.03070231709347786	45.0	0.0	0.0	8.0
0.8159240812493143	0.6155819696211527	0.032225467315681586	55.0	0.0	0.0	8.0
0.6086419659301167	0.12234186225407767	0.033029500604225666	74.0	0.0	0.0	8.0
0.1930209488019995	0.5434088435563192	0.03530851553858672	68.0	0.0	0.00018793648560233578	8.0
0.9326960153305657	0.9402994139287087	0.03391676926045198	39.0	0.0	0.0	8.0
0.8943923454195675	0.597719751650637	0.03375454214770582	76.0	0.0	0.0	8.0
0.6190655504945702	0.45359239796125295	0.03450240333082036	17.0	0.0	0.0	8.0
0.20329587157578993	0.43898022844345297	0.03365883560149281	26.0	0.0	0.0	8.0
0.6721806932677657	0.3580720495491733	0.03426829276695986	65.0	0.0	0.0	8.0
0.8247674171969832	0.9013574326499432	0.033232060670752434	23.0	0.0	0.0	8.0
0.7766999208803582	0.7080872798872188	0.031101773103095524	25.0	0.0	0.0	8.0
0.18283676111386574	0.0848641038837264	0.031229686910366213	1.0	0.0	0.0	8.0
0.8142734654955162	0.2698820734329933	0.030542436996531478	37.0	0.0	0.0	8.0
0.9068521100898049	0.8658593571098019	0.030664229647757005	4.0	0.0	0.0	8.0
0.10938914436102701	0.04253834939612766	0.03404892540108114	28.0	0.0	0.0	8.0
0.08516100667493463	0.5088813814143952	0.03469354561160557	18.0	0.0	0.0	8.0
0.8085449002367674	0.49890470040035123	0.03397743957552118	69.0	0.0	0.0	8.0
0.6064139481005081	0.04507961499075418	0.032018653673869364	2.0	0.0	0.0	8.0
0.5277815579416404	0.7470063479621296	0.03475111848119785	52.0	0.0	0.0	8.0
0.28543426527095495	0.5054822793548304	0.03371158904841548	46.0	0.0	0.0	8.0
0.8207509271659833	0.42871543802519174	0.03262570357821784	72.0	0.0	0.0	8.0
0.9788794054289922	0.298490630186494	0.03440362623332903	8.0	0.0	0.0	8.0
0.9322806310233154	0.38832367002582363	0.03236946809126626	3.0	0.0	0.0	8.0
0.2882019498958864	0.6926160923894199	0.03649833426616831	59.0	0.0	0.02152812017936867	8.0
0.18734458064876494	0.8265889848122349	0.03249694333976556	34.0	0.0	0.0	8.0
0.4309707472263803	0.7430518757925566	0.033725844139551084	66.0	0.0	0.0	8.0
0.09544668564687127	0.11097152807563948	0.03244864956740873	41.0	0.0	0.0	8.0
0.9287353060913526	0.8003035562207096	0.03363268814768097	58.0	0.0	0.0	8.0
0.7633328664362528	0.05234609551348686	0.03174791816903992	57.0	0.0	0.0	8.0
0.8950774664613511	0.7303033309881621	0.030916532356714287	50.0	0.0	0.0	8.0
0.9560884676237602	0.4594256933642677	0.03365813825229068	21.0	0.0	0.0	8.0
0.7337334793976534	0.6111878997564458	0.03499434406315058	79.0	0.0	0.0	8.0
0.8337956579867724	0.7891153186925585	0.03476985117918326	67.0	0.0	0.0	8.0
0.4328682748151131	0.5343758213460519	0.03231105599696097	16.0	0.0	0.0	8.0
0.23631556775545856	0.21218116864383346	0.03309042923154699	31.0	0.0	0.0	8.0
0.4807663719074765	0.6856975228723488	0.031108323399082125	44.0	0.0	0.0	9.0
0.9366194937347748	0.3905049427456002	0.03240183755935752	3.0	0.0	0.0	9.0
0.3273615404773036	0.5610013526984934	0.03217562313389554	77.0	0.0	0.0	9.0
0.7360767184531627	0.6101096634782268	0.03502933840721373	79.0	0.0	1.6161794746949454e-07	9.0
0.9556498345814645	0.46144344686735533	0.03369179639054296	21.0	0.0	0.0	9.0
0.8591542099941489	0.20308608265180444	0.03199891221409561	56.0	0.0	0.0	9.0
0.6592400397880812	0.24884372188738885	0.0340076152588754	30.0	0.0	0.0	9.0
0.25716775720156726	0.38398559153114875	0.03485246867851609	49.0	0.0	0.0	9.0
0.9771461507754741	0.6993228415832138	0.03401495349170189	48.0	0.0	0.0	9.0
0.8243823675344182	0.4288412333663155	0.03265832928179605	72.0	0.0	0.0	9.0
0.815081424731127	0.27441783879856524	0.030572979433528005	37.0	0.0	0.0	9.0
0.870102702033691	0.5240541816382157	0.03219485994506029	9.0	0.0	0.0	9.0
0.9801210740240873	0.2929472008370184	0.034438029859562354	8.0	0.0	0.0	9.0
0.608192472572255	0.12339638982512292	0.03306253010482989	74.0	0.0	0.0	9.0
0.5192123818551528	0.1592066095069116	0.03015582451770181	12.0	0.0	0.0	9.0
0.9296432284223649	0.7953861304572195	0.03366632083582865	58.0	0.0	0.0	9.0
0.22853068990716324	0.8989567537696943	0.03352185036351796	64.0	0.0	0.0	9.0
0.5287281044563867	0.7465707966730617	0.034785869599679047	52.0	0.0	0.0	9.0
0.3104184729890065	0.42949508171157125	0.03482025191571858	35.0	0.0	0.0	9.0
0.4506674077102547	0.13705219257103124	0.03450544768992032	71.0	0.0	0.0	9.0
0.20213089839609372	0.44663148105397404	0.0336924944370943	26.0	0.0	0.0	9.0
0.5981297177604071	0.328758985449604	0.03282486351018688	10.0	0.0	0.0	9.0
0.7529079872674932	0.13064534893874383	0.030733019410571334	45.0	0.0	0.0	9.0
0.7872816190820121	0.84167708685141	0.034817527130280315	20.0	0.0	0.0	9.0
0.8978125805965286	0.7272099942079185	0.030947448889070996	50.0	0.0	0.0	9.0
0.9420554671007868	0.9397754367376893	0.03395068602971243	39.0	0.0	0.0	9.0
0.8225462246437864	0.9021352221680603	0.03326529273142318	23.0	0.0	0.0	9.0
0.7716819190009997	0.048756205224280945	0.03177966608720896	57.0	0.0	0.0	9.0
0.03689310459583418	0.3632135250665397	0.031171674306097713	51.0	0.0	0.0	9.0
0.8567943547136475	0.9814478208105577	0.03298140626067114	13.0	0.0	0.0	9.0
0.11737368939420537	0.7402526665247227	0.03153834448467321	6.0	0.0	0.0	9.0
0.4547577505853581	0.5985653511568633	0.02912218486409947	47.0	0.0	0.0	9.0
0.2375175425523319	0.21248639778993753	0.03312351966077853	31.0	0.0	0.0	9.0
0.4194411559943797	0.7437526772868617	0.03375956998369063	66.0	0.0	0.0	9.0
0.18339776266063293	0.5411577105200676	0.035343824054125304	68.0	0.0	0.0002601289839958554	9.0
0.09036853447000068	0.5128534364983869	0.03472823915721717	18.0	0.0	0.0	9.0
0.7781402250874939	0.7076531518978716	0.031132874876198615	25.0	0.0	0.0	9.0
0.8853082515472179	0.3294960658454839	0.031040671679281727	43.0	0.0	0.0	9.0
0.43133572560922523	0.5352909158377556	0.03234336705295793	16.0	0.0	0.0	9.0
0.8076994017578989	0.4979484655183453	0.0340114170150967	69.0	0.0	0.0	9.0
0.6184413098066616	0.4519898626924226	0.03453690573415118	17.0	0.0	0.0	9.0
0.8179725837396264	0.6157305438366447	0.03225769278299726	55.0	0.0	0.0	9.0
0.8350212628950892	0.7888448451554751	0.03480462103036244	67.0	0.0	0.0	9.0
0.15740731531533575	0.8921851471732396	0.030172746503306716	42.0	0.0	0.0	9.0
0.533373104089363	0.029705430627404005	0.03354679035635276	27.0	0.0	0.0	9.0
0.09570466228207893	0.1122346609878816	0.03248109821697613	41.0	0.0	0.0	9.0
0.5531685798441838	0.6676701180824275	0.0342852604716584	40.0	0.0	0.0	9.0
0.504070088361677	0.8123803985502451	0.03222754545931733	70.0	0.0	0.0	9.0
0.3964876634404841	0.6388164243251849	0.031980261519733266	75.0	0.0	0.0	9.0
0.12093699320916076	0.30100708538741255	0.038596833919089024	61.0	0.0	0.29781127041525224	9.0
0.2796359067434194	0.5134769319223871	0.03374530063746389	46.0	0.0	0.0	9.0
0.38418757376740575	0.48333529111930973	0.03213728946829832	53.0	0.0	0.0	9.0
0.261356628113436	0.6055705765603157	0.033953664223982584	32.0	0.0	0.0	9.0
0.042135627858553355	0.4539708644409051	0.032992998182993186	29.0	0.0	0.0	9.0
0.06800539094735109	0.8587661502376617	0.03458927294796236	14.0	0.0	0.0	9.0
0.8987319674966538	0.5852005591563374	0.03378829668985352	76.0	0.0	0.0	9.0
0.32412150962510544	0.3021585626540644	0.03228165830871234	78.0	0.0	0.0	9.0
0.3027940996968703	0.9031331261297261	0.03217043080150374	7.0	0.0	0.0	9.0
0.6098024876670057	0.7414262666198417	0.03367815206499121	36.0	0.0	0.0	9.0
0.19771623313025125	0.6641817024787068	0.03308336926503929	22.0	0.0	0.0	9.0
0.9071236703795441	0.8623093690774593	0.030694893877404757	4.0	0.0	0.0	9.0
0.10712483974500549	0.04120558527986341	0.03408297432648222	28.0	0.0	0.0	9.0
0.29013628377224926	0.6905363837878031	0.036534832600434476	59.0	0.0	0.02313998214985702	9.0
0.8910952473277797	0.44741484463316694	0.03044539779578486	60.0	0.0	0.0	9.0
0.7994002594884057	0.3544948197925954	0.03142750929431792	5.0	0.0	0.0	9.0
0.1841339118666139	0.0860183345415286	0.031260916597276575	1.0	0.0	0.0	9.0
0.6020787820090009	0.19082782485355568	0.03358542403182209	62.0	0.0	0.0	9.0
0.19362879387382856	0.8323241974514888	0.032529440283105324	34.0	0.0	0.0	9.0
0.7355367575169344	0.40502869734874225	0.03465160526977871	63.0	0.0	0.0	9.0
0.027257962956595126	0.13810652495720474	0.03065856585304753	54.0	0.0	0.0	9.0
0.6522534597428199	0.8506595425024684	0.03332995659898533	24.0	0.0	0.0	9.0
0.10576067943728289	0.6414114883464682	0.03398084926241727	73.0	0.0	0.0	9.0
0.7254012542263893	0.2931694817242131	0.030793834970343884	19.0	0.0	0.0	9.0
0.311279107290994	0.17173986072097167	0.031914111434517785	38.0	0.0	0.0	9.0
0.6644987311198689	0.3553801059668157	0.034302561059726816	65.0	0.0	0.0	9.0
0.8421969492962913	0.0575132624876315	0.03573311999893199	11.0	0.0	0.0025217682623122073	9.0
0.7330690487667346	0.8785180501736952	0.029618271889104795	33.0	0.0	0.0	9.0
0.4975841009130788	0.2710139138321862	0.03424141433204922	15.0	0.0	0.0	9.0
0.6069692233423996	0.04227073286036993	0.03205067232754323	2.0	0.0	0.0	9.0
0.1197266424049636	0.3000221166427494	0.038635430753008106	61.0	0.0	0.30750175876946173	10.0
0.7803623059042795	0.7111458359485886	0.03116400775107481	25.0	0.0	0.0	10.0
0.5332579891724056	0.7480300437278739	0.03482065546927872	52.0	0.0	0.0	10.0
0.480523843803398	0.6831370054288136	0.031139431722481205	44.0	0.0	0.0	10.0
0.825135211098377	0.9097672316517638	0.0332985580241546	23.0	0.0	0.0	10.0
0.04301334305537825	0.454422616482589	0.033025991181176176	29.0	0.0	0.0	10.0
0.500154099622937	0.26724198895840084	0.034275655746381264	15.0	0.0	0.0	10.0
0.33520277239395446	0.5516698009954007	0.032207798757029435	77.0	0.0	0.0	10.0
0.7815631262525049	0.2545090180360721	0.07294589178356713	-2.0	-1.0	349.6827955564543	10.0
0.7340547574526238	0.6129600297767998	0.03506436774562094	79.0	0.0	1.7068087885263594e-06	10.0
0.9001691016670746	0.7204117660730744	0.030978396337960065	50.0	0.0	0.0	10.0
0.39793770323020694	0.6427574319930495	0.032012241781253	75.0	0.0	0.0	10.0
0.9411397090795959	0.937509312515231	0.03398463671574214	39.0	0.0	0.0	10.0
0.31019979762041394	0.18122316156305868	0.0319460255459523	38.0	0.0	0.0	10.0
0.0368461152875043	0.3617212934497583	0.031202845980403807	51.0	0.0	0.0	10.0
0.9813944434466988	0.28979613557092876	0.03447246788942191	8.0	0.0	0.0	10.0
0.18253428430224516	0.5405733515544571	0.03537916787817943	68.0	0.0	0.00034887880715928077	10.0
0.8920289408172025	0.4473585469988701	0.030475843193580644	60.0	0.0	0.0	10.0
0.4472404611782326	0.14175651179999918	0.034539953137610234	71.0	0.0	0.0	10.0
0.42171415476954566	0.7485720150692546	0.03379332955367432	66.0	0.0	0.0	10.0
0.7816742761582955	0.8328628046120935	0.03485234465741059	20.0	0.0	0.0	10.0
0.11660665038594421	0.7430855487739874	0.031569882829157875	6.0	0.0	0.0	10.0
0.262926523616438	0.604646539936497	0.03398761788820656	32.0	0.0	0.0	10.0
0.8412318781164663	0.05768203874427246	0.035768853118930924	11.0	0.0	0.002908774909187173	10.0
0.8583201119249566	0.20459968779569404	0.0320309111263097	56.0	0.0	0.0	10.0
0.20308875462442014	0.4349543432617197	0.03372618693153139	26.0	0.0	0.0	10.0
0.3203670084171211	0.4380681964341038	0.034855072167634296	35.0	0.0	0.0	10.0
0.10831987071159976	0.03900433663801854	0.0341170573008087	28.0	0.0	0.0	10.0
0.6099458132664014	0.12341294828002627	0.033095592634934716	74.0	0.0	0.0	10.0
0.6064449160929508	0.04124411983230674	0.03208272299987077	2.0	0.0	0.0	10.0
0.797941476027265	0.3534530859619029	0.03145893680361223	5.0	0.0	0.0	10.0
0.457130586675201	0.6005212965891729	0.029151307048963567	47.0	0.0	0.0	10.0
0.0733600340357314	0.8475957633443559	0.034623862220910316	14.0	0.0	0.0	10.0
0.501790658230895	0.8107088979869135	0.03225977300477664	70.0	0.0	0.0	10.0
0.8200316679800055	0.6146210700155106	0.03228995047578025	55.0	0.0	0.0	10.0
0.7681311248493575	0.0495632915650324	0.03181144575329617	57.0	0.0	0.0	10.0
0.19475976758835423	0.8331000098693829	0.03256196972338843	34.0	0.0	0.0	10.0
0.907094626939963	0.8634624158057406	0.030725588771282158	4.0	0.0	0.0	10.0
0.15484509386643552	0.8953539833904122	0.030202919249810018	42.0	0.0	0.0	10.0
0.43275572898722464	0.5343299285737777	0.03237571042001088	16.0	0.0	0.0	10.0
0.3041544515329254	0.6940961534158062	0.03657136743303491	59.0	0.0	0.02483208682701843	10.0
0.9448044660629413	0.3824630201032112	0.03243423939691688	3.0	0.0	0.0	10.0
0.18327711925670526	0.08373416990727289	0.03129217751387385	1.0	0.0	0.0	10.0
0.30110438489664115	0.903517193940134	0.03220260123230524	7.0	0.0	0.0	10.0
0.8560487375313953	0.9825878349826044	0.03301438766693181	13.0	0.0	0.0	10.0
0.6669538209319432	0.3549027957345283	0.03433686362078654	65.0	0.0	0.0	10.0
0.6115944858370076	0.741601695146765	0.0337118302170562	36.0	0.0	0.0	10.0
0.6566403023164029	0.26244410921392414	0.03404162287413427	30.0	0.0	0.0	10.0
0.9798508195122388	0.698544627773862	0.03404896844519359	48.0	0.0	0.0	10.0
0.8839334388810658	0.33111141947432865	0.031071712350961005	43.0	0.0	0.0	10.0
0.6008710041348541	0.3290273450040915	0.03285768837369706	10.0	0.0	0.0	10.0
0.9038391189622274	0.5948899382698545	0.03382208498654337	76.0	0.0	0.0	10.0
0.5325937987696013	0.0285920529259321	0.03358033714670911	27.0	0.0	0.0	10.0
0.8442223637771092	0.7847505645928815	0.0348394256513928	67.0	0.0	0.0	10.0
0.028124349748851023	0.12895955000001805	0.030689224418900575	54.0	0.0	0.0	10.0
0.19930945649625742	0.6674523582810311	0.03311645263430433	22.0	0.0	0.0	10.0
0.5232512167261857	0.17062525280669857	0.030185980342219507	12.0	0.0	0.0	10.0
0.3869398376833711	0.4834306312441761	0.03216942675776662	53.0	0.0	0.0	10.0
0.7992342500742567	0.4960107350031345	0.034045428432111786	69.0	0.0	0.0	10.0
0.8153327291751007	0.42954002501113514	0.032690987611077846	72.0	0.0	0.0	10.0
0.5550667146215994	0.6674237689415685	0.03431954573213005	40.0	0.0	0.0	10.0
0.22433739633000543	0.9013194373306096	0.033555372213881475	64.0	0.0	0.0	10.0
0.6194637975182776	0.45245258021131673	0.034571442639885326	17.0	0.0	0.0	10.0
0.32316312855633594	0.30067290747736536	0.032313939967021046	78.0	0.0	0.0	10.0
0.09719444200274055	0.10891484524611696	0.0325135793151931	41.0	0.0	0.0	10.0
0.7247380007628789	0.29792740922443917	0.030824628805314225	19.0	0.0	0.0	10.0
0.9287098650337466	0.7966018528479025	0.033699987156664474	58.0	0.0	0.0	10.0
0.7363322765298641	0.40677196103997426	0.034686256875048484	63.0	0.0	0.0	10.0
0.6031917360846201	0.1920094176793496	0.03361900945585391	62.0	0.0	0.0	10.0
0.7318273218601887	0.8836089553275851	0.029647890160993895	33.0	0.0	0.0	10.0
0.26268416723365484	0.37375647408753043	0.0348873211471946	49.0	0.0	0.0	10.0
0.8142527302227586	0.27527573685364104	0.03060355241296153	37.0	0.0	0.0	10.0
0.9660692696650683	0.4678084344367504	0.0337254881869335	21.0	0.0	0.0	10.0
0.6525720175778058	0.8531760905879798	0.03336328655558431	24.0	0.0	0.0	10.0
0.23613094399820017	0.21113853680780456	0.03315664318043931	31.0	0.0	0.0	10.0
0.7511556467768198	0.1288985159564642	0.030763752429981903	45.0	0.0	0.0	10.0
0.8755812733031452	0.5167140189865261	0.03222705480500535	9.0	0.0	0.0	10.0
0.08867394861181155	0.5120476691169435	0.034762967396374383	18.0	0.0	0.0	10.0
0.10653392920969584	0.6423435552236708	0.03401483011167968	73.0	0.0	0.0	10.0
0.28082813215889585	0.5128537789641754	0.033779045938101354	46.0	0.0	0.0	10.0
0.7937279161525975	0.35701639764807697	0.031490395740415844	5.0	0.0	0.0	11.0
0.6127080546691225	0.7412506952917416	0.03374554204727325	36.0	0.0	0.0	11.0
0.7826285117356295	0.8323330339021529	0.034887197002068	20.0	0.0	0.0	11.0
0.8175142176310745	0.4172713519753491	0.03272367859868892	72.0	0.0	0.0	11.0
0.5001346514058769	0.2641529404527047	0.03430993140212764	15.0	0.0	0.0	11.0
0.3069171887591354	0.7048338495637577	0.036607938800467935	59.0	0.0	0.026606547237037148	11.0
0.30624974958930473	0.9020367191583047	0.032234803833537544	7.0	0.0	0.0	11.0
0.0368461152875043	0.36405976032454773	0.031234048826384208	51.0	0.0	0.0	11.0
0.8564435839005893	0.9864943223053995	0.03304740205459874	13.0	0.0	0.0	11.0
0.6200770844306113	0.4509882979986989	0.034606014082525206	17.0	0.0	0.0	11.0
0.9257600437576541	0.7970414936557451	0.033733687143821134	58.0	0.0	0.0	11.0
0.6112152627390649	0.1225996868857016	0.03312868822756965	74.0	0.0	0.0	11.0
0.7599085590542943	0.04526551688855803	0.031843257199049464	57.0	0.0	0.0	11.0
0.8952641525789165	0.7241530284780103	0.03100937473429802	50.0	0.0	0.0	11.0
0.09496197370032447	0.11013593936482131	0.03254609289450829	41.0	0.0	0.0	11.0
0.9096361714457929	0.8733404209924789	0.030756314360053435	4.0	0.0	0.0	11.0
0.11123367851994809	0.31080062304538464	0.03867406618376111	61.0	0.0	0.31741021550273274	11.0
0.7747428980317681	0.7226816628489486	0.03119517175882588	25.0	0.0	0.0	11.0
0.3041412456383145	0.1807453836805546	0.03197797157149825	38.0	0.0	0.0	11.0
0.031722465320943326	0.12120445152792989	0.030719913643319472	54.0	0.0	0.0	11.0
0.3348464788445663	0.561097392248823	0.03224000655578646	77.0	0.0	0.0	11.0
0.2803005152353258	0.5120128227407545	0.03381282498403945	46.0	0.0	0.0	11.0
0.8039345149216418	0.5024683070284299	0.03407947386054389	69.0	0.0	0.0	11.0
0.737607547152916	0.4049979806062312	0.03472094313192353	63.0	0.0	0.0	11.0
0.5061988985254754	0.8149403347996107	0.032292032777781414	70.0	0.0	0.0	11.0
0.5889808538380351	0.3264933788202811	0.03289054606207076	10.0	0.0	0.0	11.0
0.19336212796668864	0.824957268038911	0.032594531693111814	34.0	0.0	0.0	11.0
0.41822188160149776	0.7483849505988223	0.03382712288322799	66.0	0.0	0.0	11.0
0.5283501966207345	0.03321257625620547	0.03361391748385582	27.0	0.0	0.0	11.0
0.9063136349040081	0.593304661873726	0.03385590707152991	76.0	0.0	0.0	11.0
0.7230806888635565	0.29785954991149954	0.030855453434119537	19.0	0.0	0.0	11.0
0.9447560634913215	0.38438463915562887	0.03246667363631379	3.0	0.0	0.0	11.0
0.23609293323730768	0.21214430836202236	0.03318979982361975	31.0	0.0	0.0	11.0
0.20319062499133644	0.43315840705469705	0.03375991311846292	26.0	0.0	0.0	11.0
0.263542048418113	0.6035460196904098	0.03402160550609477	32.0	0.0	0.0	11.0
0.9448931609942534	0.9428005683000866	0.034018621352457874	39.0	0.0	0.0	11.0
0.7221063039941179	0.8802735259517052	0.029677538051154886	33.0	0.0	0.0	11.0
0.042010848445686234	0.4610067504636302	0.03305901717235735	29.0	0.0	0.0	11.0
0.39846731664001034	0.6418378877255442	0.03204425402303425	75.0	0.0	0.0	11.0
0.5625480008646632	0.6590170831393858	0.034353865277862175	40.0	0.0	0.0	11.0
0.15536315943140827	0.8962940967091904	0.030233122169059826	42.0	0.0	0.0	11.0
0.9760697927642561	0.4638037220357488	0.03375921367512043	21.0	0.0	0.0	11.0
0.07389330840874139	0.8462267545513295	0.03465848608313122	14.0	0.0	0.0	11.0
0.8257780345956168	0.9044189970710822	0.03333185658217875	23.0	0.0	0.0	11.0
0.4335929719441689	0.530592057455429	0.03240808613043089	16.0	0.0	0.0	11.0
0.18433051772692108	0.08271020035789488	0.031323469691387724	1.0	0.0	0.0	11.0
0.8594838547261379	0.20317881515354003	0.03206294203743601	56.0	0.0	0.0	11.0
0.6019965330496138	0.04540774784611781	0.032114805722870635	2.0	0.0	0.0	11.0
0.8146096332101087	0.2776197864517425	0.03063415596537449	37.0	0.0	0.0	11.0
0.8484652122650365	0.7853829179330326	0.03487426507704419	67.0	0.0	0.0	11.0
0.23816465159329833	0.8973409238642253	0.03358892758609535	64.0	0.0	0.0	11.0
0.10953905417780976	0.03796006514181249	0.0341511743581095	28.0	0.0	0.0	11.0
0.09158537304339845	0.5153824831220872	0.034797730363770756	18.0	0.0	0.0	11.0
0.8437249340905569	0.05018623546576558	0.03580462197204985	11.0	0.0	0.0033339235543934365	11.0
0.1982635922397581	0.6671656405373404	0.03314956908693863	22.0	0.0	0.0	11.0
0.8863351277657203	0.3339333143773201	0.03110278406331196	43.0	0.0	0.0	11.0
0.6536158270267349	0.8522354467480071	0.033396649842139886	24.0	0.0	0.0	11.0
0.5250908523713229	0.17239110527176355	0.030216166322561723	12.0	0.0	0.0	11.0
0.6702516234162571	0.3584172394885562	0.034371200484407324	65.0	0.0	0.0	11.0
0.978628311238407	0.28848085308144594	0.034506940357311326	8.0	0.0	0.0	11.0
0.32312304652153123	0.2994000289923147	0.032346253906988066	78.0	0.0	0.0	11.0
0.7573720246280771	0.12544731901333536	0.03079451618241188	45.0	0.0	0.0	11.0
0.8229158571269258	0.6170601631334574	0.03232224042625603	55.0	0.0	0.0	11.0
0.3869300967211613	0.4818834300449525	0.03220159618452438	53.0	0.0	0.0	11.0
0.8828304555576477	0.5123233422917036	0.032259281859810356	9.0	0.0	0.0	11.0
0.47958596470461823	0.6819237000432745	0.031170571154203682	44.0	0.0	0.0	11.0
0.5274400333540669	0.7435341640411661	0.03485547612474799	52.0	0.0	0.0	11.0
0.8902947750897514	0.4484849861133953	0.03050631903677422	60.0	0.0	0.0	11.0
0.6581669481574431	0.2608436206253891	0.034075664497008405	30.0	0.0	0.0	11.0
0.4606689283352185	0.6001973854643385	0.029180458356012528	47.0	0.0	0.0	11.0
0.5988089086219859	0.1905056027836578	0.03365262846530976	62.0	0.0	0.0	11.0
0.17337367897059802	0.5371700538518634	0.03541454704605761	68.0	0.0	0.000455933442310652	11.0
0.44823113631451295	0.14185349442125766	0.03457449309074784	71.0	0.0	0.0	11.0
0.26086494394003434	0.37337895458876624	0.03492220846834179	49.0	0.0	0.0	11.0
0.3213727114447721	0.4396489683384828	0.03488992723980193	35.0	0.0	0.0	11.0
0.7375821118102709	0.6225468912334908	0.03509943211336656	79.0	0.0	6.291583787287891e-06	11.0
0.10642241290283339	0.6434468629226434	0.034048844941791355	73.0	0.0	0.0	11.0
0.11767961714524532	0.7416319584763913	0.03160145271198703	6.0	0.0	0.0	11.0
0.9798935910622074	0.6996763706613517	0.034083017413638776	48.0	0.0	0.0	11.0
