# x	y	r	id	split_id	s_prob	t
2.0	0.5	0.0	-1.0	0.0	0.0	0.0
0.92459581604535	0.13015348145198524	0.030515331503048623	1.0	0.0	0.0	0.0
0.07151549070210497	0.04966780092422684	0.03173722956621191	2.0	0.0	0.0	0.0
0.3967717583949566	0.07351626365086757	0.029986277519210413	3.0	0.0	0.0	0.0
0.9087977345157128	0.5196447423909152	0.033519945234216565	4.0	0.0	0.0	0.0
0.13485724857520998	0.5009354639233768	0.034663675541190084	5.0	0.0	0.0	0.0
0.8302187649520517	0.4491731268298541	0.030478848809193274	6.0	0.0	0.0	0.0
0.08371855409727184	0.44293670067400803	0.03156941724624202	7.0	0.0	0.0	0.0
0.2710067607752767	0.46039661963563555	0.032955071716626316	8.0	0.0	0.0	0.0
0.5012148683489192	0.4763878091362173	0.03281071154293181	9.0	0.0	0.0	0.0
0.11417508489774011	0.019182332464703907	0.019182332464703907	10.0	0.0	0.0	0.0
0.683662750289668	0.2764241223129168	0.03178848623440574	11.0	0.0	0.0	0.0
0.44761242557728737	0.5705972354477342	0.03251495840823509	12.0	0.0	0.0	0.0
0.5314939520870228	0.061267419936225836	0.03229279331156413	13.0	0.0	0.0	0.0
0.44015375793030453	0.9585945920006447	0.033028934031991135	14.0	0.0	0.0	0.0
0.901463305708153	0.30009683181281765	0.03064322564049659	15.0	0.0	0.0	0.0
0.16479209412327134	0.34751938048956243	0.032605403125576374	16.0	0.0	0.0	0.0
0.5314939520870228	0.12737353718819464	0.032387899038921114	17.0	0.0	0.0	0.0
0.7840692113987905	0.10118054733364096	0.030791016893660168	18.0	0.0	0.0	0.0
0.6892300804820325	0.6201130587663622	0.030115151891624434	19.0	0.0	0.0	0.0
0.34789518881933185	0.48470504004452347	0.034012947694387716	20.0	0.0	0.0	0.0
0.282031784936129	0.018079343605272913	0.018079343605272913	21.0	0.0	0.0	0.0
0.3747145185751953	0.8693036405901047	0.03363316080751644	22.0	0.0	0.0	0.0
0.20096336582717877	0.5333648799337767	0.03618875146909159	23.0	0.0	0.0107511067469801	0.0
0.49281642945676496	0.7953512797867661	0.03208226682193775	24.0	0.0	0.0	0.0
0.4993123138021744	0.38921969542246826	0.033231836094262654	25.0	0.0	0.0	0.0
0.5454970173370889	0.8663135217289075	0.03437946085755923	26.0	0.0	0.0	0.0
0.03507443008167216	0.2570912012297938	0.030992441262794053	27.0	0.0	0.0	0.0
0.41113092727919287	0.6867809633675911	0.03465286522257544	28.0	0.0	0.0	0.0
0.6605879735130374	0.20969436244536335	0.03445341855899815	29.0	0.0	0.0	0.0
0.3504766155849421	0.02958994852815575	0.02958994852815575	30.0	0.0	0.0	0.0
0.3604865394465533	0.9499754479659662	0.03297144770780471	31.0	0.0	0.0	0.0
0.07276135717835173	0.13590278339248632	0.03389805215357457	32.0	0.0	0.0	0.0
0.955779674128289	0.05775327184155202	0.02934200378115905	33.0	0.0	0.0	0.0
0.24087649322459392	0.3618631606480085	0.033418558535224185	34.0	0.0	0.0	0.0
0.46605128367840887	0.8845094664578965	0.03294761922588007	35.0	0.0	0.0	0.0
0.7959184210948981	0.2708113387726553	0.03270589004798095	36.0	0.0	0.0	0.0
0.8253967469324812	0.6488929668653844	0.03135006271453894	37.0	0.0	0.0	0.0
0.36601615693073447	0.14506689880807513	0.03562897931281502	38.0	0.0	0.0015925352685570715	0.0
0.5235894310405798	0.9426249045071365	0.033410950741134975	39.0	0.0	0.0	0.0
0.5882454301052225	0.28702604677785515	0.03265849751709876	40.0	0.0	0.0	0.0
0.7348014447676061	0.3500139509519009	0.03378686238996927	41.0	0.0	0.0	0.0
0.23422144453517021	0.04830373434092555	0.028858473877323123	42.0	0.0	0.0	0.0
0.2527257029207015	0.6512333342792682	0.030880578237129263	43.0	0.0	0.0	0.0
0.7235758776870832	0.7528870806195599	0.03353809201980863	44.0	0.0	0.0	0.0
0.9594650711445613	0.2610648812431772	0.03179411137290749	45.0	0.0	0.0	0.0
0.7832036365030564	0.5916180158981569	0.031858273290098965	46.0	0.0	0.0	0.0
0.16993174221112167	0.03932040835028813	0.03391810874738731	47.0	0.0	0.0	0.0
0.5563053470840006	0.5120372539127458	0.03273768836924642	48.0	0.0	0.0	0.0
0.9624309994559893	0.5608051550194996	0.032812814572559953	49.0	0.0	0.0	0.0
0.641504217812384	0.6727968209135484	0.03507194872980919	50.0	0.0	2.3836877716121307e-06	0.0
0.6911464616766834	0.9206469442118204	0.03204585542690916	51.0	0.0	0.0	0.0
0.97255470318933	0.33518591150790866	0.03248688700097951	52.0	0.0	0.0	0.0
0.4219678268269797	0.8183871376627747	0.034494423890106055	53.0	0.0	0.0	0.0
0.42340462491559966	0.4957504009768626	0.034050384956475804	54.0	0.0	0.0	0.0
0.2564675586142092	0.24274742107134775	0.030368400518317788	55.0	0.0	0.0	0.0
0.41137559141321356	0.6880609106791342	0.03468751808779801	28.0	0.0	0.0	1.0
0.03506735568121696	0.25596754212586215	0.031023433704056844	27.0	0.0	0.0	1.0
0.6419396599058588	0.6717192809382853	0.035107020678539	50.0	0.0	7.844821652724931e-06	1.0
0.11581808994654959	0.01920151479716861	0.01920151479716861	10.0	0.0	0.0	1.0
0.4919906313889319	0.7963215617301967	0.03211434908875969	24.0	0.0	0.0	1.0
0.2574735994311684	0.24373775068550332	0.030398768918836104	55.0	0.0	0.0	1.0
0.3588645087280751	0.9525249685672903	0.03300441915551251	31.0	0.0	0.0	1.0
0.1731603623251664	0.03793581398769169	0.033952026856134694	47.0	0.0	0.0	1.0
0.9596029406173185	0.25668658342289147	0.031825905484280395	45.0	0.0	0.0	1.0
0.5516585156851779	0.8595193864835701	0.03441384031841679	26.0	0.0	0.0	1.0
0.5151746072778609	0.9475067795818316	0.033444361691876104	39.0	0.0	0.0	1.0
0.43752135307385476	0.9611214176887086	0.03306196296602312	14.0	0.0	0.0	1.0
0.5293274329045743	0.12695232987873337	0.03242028693796003	17.0	0.0	0.0	1.0
0.4221351164544465	0.8169953027742726	0.034528918313996154	53.0	0.0	0.0	1.0
0.26470088019979443	0.6536398472792615	0.03091145881536639	43.0	0.0	0.0	1.0
0.06626381579683008	0.041357568176030125	0.03176896679577812	2.0	0.0	0.0	1.0
0.6631894152582329	0.2091885989667425	0.03448787197755715	29.0	0.0	0.0	1.0
0.5886700193492249	0.2937611666265805	0.032691156014615856	40.0	0.0	0.0	1.0
0.7179261335053053	0.7615252780605171	0.03357163011182844	44.0	0.0	0.0	1.0
0.2836882294066336	0.01658661493814364	0.018097422948878183	21.0	0.0	0.0	1.0
0.49790591901071707	0.466004079476428	0.03284352225447474	9.0	0.0	0.0	1.0
0.23816272714271094	0.3625522936531714	0.033451977093759404	34.0	0.0	0.0	1.0
0.7766252776720228	0.5801963033042196	0.03189013156338906	46.0	0.0	0.0	1.0
0.832471609380574	0.44882285105138164	0.030509327658002464	6.0	0.0	0.0	1.0
0.8241728943965749	0.648702680357216	0.031381412777253474	37.0	0.0	0.0	1.0
0.5592601421449488	0.5118416402195775	0.03277042605761566	48.0	0.0	0.0	1.0
0.5250341656277678	0.0599269053579585	0.03232508610487569	13.0	0.0	0.0	1.0
0.20546908688086257	0.534942637162465	0.03622494022056068	23.0	0.0	0.011763177718847828	1.0
0.9649408685025549	0.05395013155117441	0.029371345784940203	33.0	0.0	0.0	1.0
0.45988146005083946	0.8830661717328612	0.032980566845105946	35.0	0.0	0.0	1.0
0.9712476076968086	0.565135860801097	0.03284562738713251	49.0	0.0	0.0	1.0
0.5056952802818471	0.3874698414278103	0.03326506793035691	25.0	0.0	0.0	1.0
0.0832890463342052	0.4444473265336506	0.03160098666348826	7.0	0.0	0.0	1.0
0.3515056058430309	0.030186919069039045	0.0296195384766839	30.0	0.0	0.0	1.0
0.6931477832587165	0.9234682150417295	0.03207790128233606	51.0	0.0	0.0	1.0
0.9012749546255178	0.3030845832292864	0.030673868866137082	15.0	0.0	0.0	1.0
0.7316901764670236	0.3505177771180881	0.03382064925235924	41.0	0.0	0.0	1.0
0.44679101423805023	0.568703320141159	0.03254747336664332	12.0	0.0	0.0	1.0
0.07519452184101585	0.1341185496713473	0.03393195020572814	32.0	0.0	0.0	1.0
0.12919199548204371	0.5031628329454801	0.034698339216731273	5.0	0.0	0.0	1.0
0.40227123845559093	0.06338621400970693	0.03001626379672962	3.0	0.0	0.0	1.0
0.4224688762141176	0.4942589330975826	0.034084435341432275	54.0	0.0	0.0	1.0
0.24715673705350555	0.04800843492518617	0.028887332351200442	42.0	0.0	0.0	1.0
0.9141529119266838	0.1302521036749715	0.03054584683455167	1.0	0.0	0.0	1.0
0.36347600172705374	0.14486658197031718	0.035664608292127836	38.0	0.0	0.0018787856768085476	1.0
0.34511582639745647	0.48705548358693623	0.0340469606420821	20.0	0.0	0.0	1.0
0.3722146637534679	0.8689471359543739	0.03366679396832395	22.0	0.0	0.0	1.0
0.7950489605029957	0.27171143952537624	0.03273859593802893	36.0	0.0	0.0	1.0
0.9723271931009317	0.3300268346026463	0.032519373887980485	52.0	0.0	0.0	1.0
0.9056309464360877	0.5157997175861883	0.03355346517945078	4.0	0.0	0.0	1.0
0.6828618540363267	0.27554099337977783	0.03182027472064015	11.0	0.0	0.0	1.0
0.6839198946258825	0.6182910530731309	0.030145267043516055	19.0	0.0	0.0	1.0
0.7785644977721781	0.10673749265075055	0.030821807910553823	18.0	0.0	0.0	1.0
0.1577227831703163	0.34696189407567257	0.032638008528701946	16.0	0.0	0.0	1.0
0.2705543728600627	0.45848982641811864	0.032988026788342936	8.0	0.0	0.0	1.0
0.971554344394125	0.3289226813331253	0.03255189326186846	52.0	0.0	0.0	2.0
0.7797776290203607	0.10628679680256013	0.030852629718464374	18.0	0.0	0.0	2.0
0.6302731962643611	0.6699053609079852	0.03514212769921753	50.0	0.0	1.8374526277398218e-05	2.0
0.06454940743516199	0.04838640061759042	0.031800735762573897	2.0	0.0	0.0	2.0
0.8328393652993559	0.4474977559692572	0.030539836985660464	6.0	0.0	0.0	2.0
0.17229592451398662	0.04097613647755171	0.033985978882990826	47.0	0.0	0.0	2.0
0.4024480861441029	0.06478327810003646	0.030046280060526346	3.0	0.0	0.0	2.0
0.7770028141529232	0.5839315319693344	0.031922021694952445	46.0	0.0	0.0	2.0
0.5136393648779721	0.9460144274350908	0.033477806053567975	39.0	0.0	0.0	2.0
0.8174139500978581	0.6477387863925763	0.03141279419003072	37.0	0.0	0.0	2.0
0.9574501314366992	0.05526014742138821	0.02940071713072514	33.0	0.0	0.0	2.0
0.41619335828265647	0.6915473394736364	0.034722205605885806	28.0	0.0	0.0	2.0
0.7199680178423363	0.76870680898302	0.03360520174194027	44.0	0.0	0.0	2.0
0.07319582617567552	0.1339609323750729	0.033965882155933866	32.0	0.0	0.0	2.0
0.15553971810765915	0.34608768503261494	0.032670646537230646	16.0	0.0	0.0	2.0
0.08403943467883848	0.44522415888249756	0.03163258765015175	7.0	0.0	0.0	2.0
0.6982106232469488	0.9190199935397079	0.032109979183618395	51.0	0.0	0.0	2.0
0.3653048696204956	0.1452102093586575	0.03570027290041996	38.0	0.0	0.0021977684482266113	2.0
0.26935828068630396	0.651567410021086	0.03094237027418175	43.0	0.0	0.0	2.0
0.7938718517122514	0.2712571790125843	0.03277133453396695	36.0	0.0	0.0	2.0
0.37100110144471204	0.8613005846152847	0.03370046076229227	22.0	0.0	0.0	2.0
0.5043869671054556	0.38719834439041534	0.033298332998287265	25.0	0.0	0.0	2.0
0.682818426282854	0.6191759461617128	0.030175412310559566	19.0	0.0	0.0	2.0
0.4604421551856002	0.8821724929254636	0.03301354741195105	35.0	0.0	0.0	2.0
0.24825133025801077	0.049113414220114275	0.02891621968355164	42.0	0.0	0.0	2.0
0.4912585283300957	0.7975389246596991	0.032146463437848445	24.0	0.0	0.0	2.0
0.9062209017584809	0.5196743966596834	0.03358701864463023	4.0	0.0	0.0	2.0
0.5298053808099978	0.1291509354726353	0.032452707224897986	17.0	0.0	0.0	2.0
0.3306613226452906	0.8396793587174348	0.08256513026052105	-2.0	-1.0	688.725313313122	2.0
0.7348376529994969	0.35050786918039983	0.033854469901611596	41.0	0.0	0.0	2.0
0.44446887599314905	0.5642944339006131	0.03258002084000996	12.0	0.0	0.0	2.0
0.2856395728861971	0.01599845250890706	0.01811552037182706	21.0	0.0	0.0	2.0
0.11022044088176351	0.783567134268537	0.0052104208416833666	-2.0	-1.0	0.0	2.0
0.35296765994032525	0.026696122566620777	0.029649158015160583	30.0	0.0	0.0	2.0
0.49719116505662353	0.46742561826022333	0.03287636577672921	9.0	0.0	0.0	2.0
0.9601050634215549	0.25503947580788827	0.03185773138976467	45.0	0.0	0.0	2.0
0.670639906066548	0.20212651457895017	0.0345223598495347	29.0	0.0	0.0	2.0
0.9020659103677833	0.29344211401848713	0.030704542735003216	15.0	0.0	0.0	2.0
0.11563549957991623	0.021008007165260374	0.019220716311965775	10.0	0.0	0.0	2.0
0.5911209972150303	0.2924405330531869	0.03272384717063047	40.0	0.0	0.0	2.0
0.9151570619428882	0.13041471165476107	0.030576392681386216	1.0	0.0	0.0	2.0
0.6821241676113631	0.28136857994826453	0.031852094995360784	11.0	0.0	0.0	2.0
0.5371434910071675	0.0539808944403129	0.03235741119098056	13.0	0.0	0.0	2.0
0.5554084371758647	0.5060327283777272	0.032803196483673275	48.0	0.0	0.0	2.0
0.9691585926527899	0.5681607545797193	0.03287847301451964	49.0	0.0	0.0	2.0
0.43643704713950926	0.9612830224411009	0.03309502492898914	14.0	0.0	0.0	2.0
0.42987382083437475	0.4983092187456887	0.0341185197767737	54.0	0.0	0.0	2.0
0.4238044562741743	0.8148490680728862	0.03456344723231015	53.0	0.0	0.0	2.0
0.23464601459650733	0.36477414163535166	0.03348542907085316	34.0	0.0	0.0	2.0
0.04771781471593334	0.2509016621041654	0.031054457137760897	27.0	0.0	0.0	2.0
0.13016261082552105	0.5033834513064409	0.034733037555948004	5.0	0.0	0.0	2.0
0.19663725758486114	0.5426043153705172	0.036261165160781234	23.0	0.0	0.0128379555908964	2.0
0.34587237506813406	0.48561907598640786	0.03408100760272417	20.0	0.0	0.0	2.0
0.3622389926326027	0.9507611916839535	0.033037423574668025	31.0	0.0	0.0	2.0
0.5530439448207168	0.8567202024872829	0.0344482541587352	26.0	0.0	0.0	2.0
0.2517523359725299	0.24262544205345668	0.030429167687754936	55.0	0.0	0.0	2.0
0.2713177639749504	0.4595377667543428	0.033021014815131276	8.0	0.0	0.0	2.0
0.047573067528257046	0.256648235980588	0.031085511594898654	27.0	0.0	0.0	3.0
0.6976619468156043	0.9175572506476323	0.03214208916280201	51.0	0.0	0.0	3.0
0.2329956344296573	0.36816213203514103	0.03351891449992401	34.0	0.0	0.0	3.0
0.8757515030060119	0.5911823647294588	0.031462925851703405	-2.0	-1.0	0.0	3.0
0.9737179700900956	0.33061650594769465	0.03258444515513033	52.0	0.0	0.0	3.0
0.13412618008721242	0.5061763702257566	0.03476777059350395	5.0	0.0	0.0	3.0
0.9007525664021677	0.293487609066018	0.030735247277738215	15.0	0.0	0.0	3.0
0.736960855317769	0.3497190687343252	0.03388832437151321	41.0	0.0	0.0	3.0
0.49719116505662353	0.4713190438901632	0.032909242142505936	9.0	0.0	0.0	3.0
0.463591114414815	0.8740885626039212	0.033046560959362994	35.0	0.0	0.0	3.0
0.36454546547078626	0.14597681914433636	0.035735973173320376	38.0	0.0	0.002551325835995044	3.0
0.8210208326155543	0.6610599778176748	0.03144420698422075	37.0	0.0	0.0	3.0
0.41967329017184407	0.8111895898670002	0.034598010679542456	53.0	0.0	0.0	3.0
0.361059704773149	0.9561860274352849	0.033070460998242686	31.0	0.0	0.0	3.0
0.6818161645660776	0.29359653603024455	0.03188394709035614	11.0	0.0	0.0	3.0
0.36433874234717845	0.867388799694175	0.03373416122305456	22.0	0.0	0.0	3.0
0.5525989767946732	0.5077586285277426	0.03283599968015694	48.0	0.0	0.0	3.0
0.17551667930615503	0.0445728316418012	0.034019964861873815	47.0	0.0	0.0	3.0
0.5535218382378183	0.8482951215059259	0.03448270241289393	26.0	0.0	0.0	3.0
0.640506428145905	0.6709071480887397	0.03517726982691675	50.0	0.0	3.5652044175549236e-05	3.0
0.9618501049231498	0.2563360831253676	0.03188958912115444	45.0	0.0	0.0	3.0
0.7182411978620629	0.7675062078285879	0.0336388069436822	44.0	0.0	0.0	3.0
0.6836615676581553	0.6182462345540625	0.030205587722870124	19.0	0.0	0.0	3.0
0.06509577082438488	0.04681021994562932	0.031832536498336464	2.0	0.0	0.0	3.0
0.085118944227612	0.44515269306328153	0.031664220237801896	7.0	0.0	0.0	3.0
0.9668910896607833	0.5686164284541524	0.03291135148753416	49.0	0.0	0.0	3.0
0.83096357485328	0.4464252399203328	0.03057037682264612	6.0	0.0	0.0	3.0
0.07341181928440553	0.13517348620031527	0.033999848038089794	32.0	0.0	0.0	3.0
0.5343939285035806	0.04564908952181045	0.032389768602171534	13.0	0.0	0.0	3.0
0.7968629115242609	0.2685617426088967	0.03280410586850092	36.0	0.0	0.0	3.0
0.27015390381392634	0.46025274620020223	0.041317544787433005	8.0	0.0	0.0	3.0
0.5023046119787629	0.7982374748460881	0.03217860990128629	24.0	0.0	0.0	3.0
0.19571428253839923	0.5436350240399275	0.03629742632594201	23.0	0.0	0.013977454645058174	3.0
0.5248694234434544	0.9517944366038262	0.033511283859621536	39.0	0.0	0.0	3.0
0.7812069805710496	0.10602754052602607	0.03860435293522854	18.0	0.0	0.0	3.0
0.4010417156073663	0.07252688016675694	0.030076326340586868	3.0	0.0	0.0	3.0
0.9571902891949832	0.052516834043298675	0.02943011784785586	33.0	0.0	0.0	3.0
0.42832058200919937	0.49794587263753115	0.03415263829655047	54.0	0.0	0.0	3.0
0.6732527416174525	0.20248236186615487	0.034556882209384236	29.0	0.0	0.0	3.0
0.4151978381065385	0.6924331732175568	0.034756927811491686	28.0	0.0	0.0	3.0
0.5936741078183514	0.29536492597380104	0.03275657101780109	40.0	0.0	0.0	3.0
0.3447785634181143	0.48499367001336813	0.034115088610326895	20.0	0.0	0.0	3.0
0.5315870465290742	0.12920215316170636	0.03248515993212288	17.0	0.0	0.0	3.0
0.9066341779363649	0.5182548933794191	0.033620605663274857	4.0	0.0	0.0	3.0
0.2875749456047075	0.014382540231415978	0.018133635892198883	21.0	0.0	0.0	3.0
0.776178457221938	0.5822118308230032	0.03195394371664739	46.0	0.0	0.0	3.0
0.4360611630832224	0.9629129757581797	0.03312811995391813	14.0	0.0	0.0	3.0
0.4402397235906797	0.5643343737876924	0.032612600860849966	12.0	0.0	0.0	3.0
0.24522116279540465	0.05097489855116061	0.02894513590323519	42.0	0.0	0.0	3.0
0.1145816825765433	0.02089814084144223	0.01923993702827774	10.0	0.0	0.0	3.0
0.2526387527006993	0.2421762477473746	0.030459596855442687	55.0	0.0	0.0	3.0
0.9144473759032617	0.13178296792459263	0.030606969074067597	1.0	0.0	0.0	3.0
0.266596153039304	0.6490782791178984	0.03097331264445593	43.0	0.0	0.0	3.0
0.3458772307838051	0.02967880717317574	0.02967880717317574	30.0	0.0	0.0	3.0
0.4953371708369096	0.38459444827098616	0.03333163133128555	25.0	0.0	0.0	3.0
0.1557356844101017	0.3446141110675313	0.03270331718376787	16.0	0.0	0.0	3.0
0.34584557080724593	0.4852361980373739	0.03414920369893722	20.0	0.0	0.0	4.0
0.06578582094702885	0.04980249766409629	0.0318643690348348	2.0	0.0	0.0	4.0
0.7347408881015349	0.3480035683379207	0.03392221269588472	41.0	0.0	0.0	4.0
0.5899462975802691	0.30732279223514497	0.04098665948602361	40.0	0.0	0.0	4.0
0.2531488089148563	0.2412906597710286	0.030490056452298128	55.0	0.0	0.0	4.0
0.7800829252186434	0.10686274037304955	0.0370601788178194	18.0	0.0	0.0	4.0
0.5518360042001037	0.5069173170961492	0.032868835679837095	48.0	0.0	0.0	4.0
0.3607214428857715	0.004008016032064128	0.07314629258517034	-2.0	-1.0	355.25236725232605	4.0
0.7984918218441506	0.2704275347925978	0.032836909974369416	36.0	0.0	0.0	4.0
0.82268226969982	0.6621391755485574	0.03147565119120497	37.0	0.0	0.0	4.0
0.691526975376974	0.930564956578285	0.03217423125196481	51.0	0.0	0.0	4.0
0.2869213035206616	0.012875447878459291	0.01815176952809108	21.0	0.0	0.0	4.0
0.5361678703716567	0.04896633130503372	0.0324221583707737	13.0	0.0	0.0	4.0
0.5515486804351624	0.8489582867199478	0.03451718511530682	26.0	0.0	0.0	4.0
0.0464218112705613	0.25639417013114885	0.03111659710649355	27.0	0.0	0.0	4.0
0.4170843837968854	0.6880833942592826	0.03479168473930318	28.0	0.0	0.0	4.0
0.4999111086223438	0.7961345379332229	0.032210788511187576	24.0	0.0	0.0	4.0
0.368561830316925	0.1416586046831123	0.03577170914649369	38.0	0.0	0.0029413107954638917	4.0
0.43417614163988894	0.959733350397024	0.033161248073872045	14.0	0.0	0.0	4.0
0.2034195874306152	0.5508472619388669	0.03633372375226795	23.0	0.0	0.015183700572521275	4.0
0.5235384037031667	0.955882135671861	0.03354479514348115	39.0	0.0	0.0	4.0
0.08453303716173846	0.44424443653167334	0.0316958844580397	7.0	0.0	0.0	4.0
0.2681294950165427	0.6484865439118216	0.03100428595710038	43.0	0.0	0.0	4.0
0.42225474360386533	0.8144657385380474	0.03463260869022199	53.0	0.0	0.0	4.0
0.6782710861950421	0.20706229450350283	0.034591439091593616	29.0	0.0	0.0	4.0
0.3622862564087636	0.9561667206024489	0.03310353145924092	31.0	0.0	0.0	4.0
0.07797453915689181	0.1341665589481009	0.03403384788612788	32.0	0.0	0.0	4.0
0.1103379199461222	0.012045175352850553	0.02407397120663252	10.0	0.0	0.0	4.0
0.9664571058645047	0.566421103976708	0.04118032854877711	49.0	0.0	0.0	4.0
0.35643052302438677	0.8779624017239943	0.03376789538427761	22.0	0.0	0.0	4.0
0.6293903371515543	0.6647357376344211	0.03521244709674366	50.0	0.0	6.136664428879612e-05	4.0
0.5307351441187595	0.12830904485223424	0.032517645092055	17.0	0.0	0.0	4.0
0.12634080701955966	0.49912683981591344	0.03480253836409745	5.0	0.0	0.0	4.0
0.78539733759626	0.5715171437366627	0.031985897660364034	46.0	0.0	0.0	4.0
0.9119083956433695	0.12943632923532097	0.03063757604314166	1.0	0.0	0.0	4.0
0.6818161645660776	0.2965355023552631	0.031915831037446496	11.0	0.0	0.0	4.0
0.973546529868731	0.329327356519337	0.03261702960028546	52.0	0.0	0.0	4.0
0.24630486589124403	0.04829317938670166	0.02897408103913842	42.0	0.0	0.0	4.0
0.508252026112935	0.38487907600408966	0.03336496296261683	25.0	0.0	0.0	4.0
0.2270017115997428	0.3745257155551971	0.03355243341442393	34.0	0.0	0.0	4.0
0.9619425060845012	0.2578018124264597	0.031921478710275585	45.0	0.0	0.0	4.0
0.4330885911699648	0.5731166739705219	0.032645213461710815	12.0	0.0	0.0	4.0
0.9593283611754941	0.0518131921767533	0.029459547965703714	33.0	0.0	0.0	4.0
0.39948259512021594	0.07150012794906643	0.03010640266692745	3.0	0.0	0.0	4.0
0.9021552287606174	0.2928634562278175	0.030765982525015948	15.0	0.0	0.0	4.0
0.8300279082961454	0.4456031613818361	0.030600947199468764	6.0	0.0	0.0	4.0
0.6831647970046967	0.6165399480322162	0.03023579331059299	19.0	0.0	0.0	4.0
0.1685864477776019	0.3394680191171667	0.03273602050095164	16.0	0.0	0.0	4.0
0.7184304833291795	0.7712612127158033	0.03367244575062588	44.0	0.0	0.0	4.0
0.42718665773814646	0.4951718051083242	0.03418679093484702	54.0	0.0	0.0	4.0
0.46265012842465575	0.8744861631303216	0.03307960752032235	35.0	0.0	0.0	4.0
0.33266153732989295	0.03097256387097796	0.029708485980348913	30.0	0.0	0.0	4.0
0.28248727111640726	0.4624096643722567	0.03966484299593569	8.0	0.0	0.0	4.0
0.17535071838968724	0.04302812916517961	0.03405398482673568	47.0	0.0	0.0	4.0
0.3667334669338677	0.907815631262525	0.0875751503006012	-2.0	-1.0	930.0826493723027	4.0
0.9076583461381745	0.51712556786735	0.042067782836172664	4.0	0.0	0.0	4.0
0.4913427623769451	0.4693123678024812	0.03294215138464844	9.0	0.0	0.0	4.0
0.25722085102102415	0.042954533552828425	0.029003055120177555	42.0	0.0	0.0	5.0
0.34507525142431245	0.49375328206638497	0.034183352902636154	20.0	0.0	0.0	5.0
0.5288619633497212	0.12893860845020333	0.03255016273714705	17.0	0.0	0.0	5.0
0.7152575323573427	0.770970750624495	0.033706118196376506	44.0	0.0	0.0	5.0
0.6368694660958787	0.6655631093270724	0.035247659543840404	50.0	0.0	9.72176636793165e-05	5.0
0.3653740274286248	0.14124487615755957	0.03580748085564018	38.0	0.0	0.0033695870282457463	5.0
0.1246974739588918	0.011638246008222946	0.023111012358367218	10.0	0.0	0.0	5.0
0.2524340263890902	0.23871516129144385	0.030520546508750423	55.0	0.0	0.0	5.0
0.33518501920183114	0.03310661505610218	0.02973819446632926	30.0	0.0	0.0	5.0
0.26492054762277345	0.6459416281271334	0.031035290243057477	43.0	0.0	0.0	5.0
0.046063759598777065	0.2574937837888278	0.03114771370360004	27.0	0.0	0.0	5.0
0.5074274228023932	0.38764635476949205	0.033398327925579445	25.0	0.0	0.0	5.0
0.4914600027510636	0.4573048350990437	0.03297509353603308	9.0	0.0	0.0	5.0
0.07387698259650452	0.13763176927160195	0.034067881734014004	32.0	0.0	0.0	5.0
0.9711786932446759	0.3293199028092028	0.03264964662988574	52.0	0.0	0.0	5.0
0.17247159383762858	0.04379526737305678	0.034088038811562416	47.0	0.0	0.0	5.0
0.9141739232571799	0.12636712981248344	0.030668213619184797	1.0	0.0	0.0	5.0
0.3578441988414218	0.8795016417057154	0.03380166327966188	22.0	0.0	0.0	5.0
0.2822218340024095	0.46389978963519546	0.03801214120443836	8.0	0.0	0.0	5.0
0.36272724346632007	0.9535975005369914	0.03313663499070016	31.0	0.0	0.0	5.0
0.9662358487278454	0.25012558152636905	0.031953400188985855	45.0	0.0	0.0	5.0
0.8223672845177307	0.4412230655324782	0.03063154814666823	6.0	0.0	0.0	5.0
0.4242898356732458	0.4896654285829169	0.034220977725781865	54.0	0.0	0.0	5.0
0.5512081737683551	0.5123560295371694	0.03290170451551693	48.0	0.0	0.0	5.0
0.973592324137482	0.5620894363971911	0.039533115406826025	49.0	0.0	0.0	5.0
0.2015435269808425	0.5458457821390428	0.036370057476020214	23.0	0.0	0.016458730520355402	5.0
0.29258299749645794	0.010095400837215914	0.018169921297619167	21.0	0.0	0.0	5.0
0.422846019965898	0.8211566681361911	0.03466724129891221	53.0	0.0	0.0	5.0
0.8205063233152489	0.6591122993378711	0.03150712684239617	37.0	0.0	0.0	5.0
0.5105060437992677	0.796902969599547	0.03224299929969876	24.0	0.0	0.0	5.0
0.5495805787933927	0.8539181928681286	0.03455170230042212	26.0	0.0	0.0	5.0
0.12406914490771263	0.5009518383418263	0.034837340902461544	5.0	0.0	0.0	5.0
0.7880426243205104	0.5711398990375562	0.032017883558024395	46.0	0.0	0.0	5.0
0.5909095975446681	0.3149326841132995	0.03934719310658267	40.0	0.0	0.0	5.0
0.22868339085090608	0.37284932172809415	0.033585985847838354	34.0	0.0	0.0	5.0
0.4541880567188484	0.8822089724722862	0.03311268712784267	35.0	0.0	0.0	5.0
0.8963482860990598	0.5192253258366365	0.04038507152272575	4.0	0.0	0.0	5.0
0.7397474232827482	0.34805084978601397	0.0339561349085806	41.0	0.0	0.0	5.0
0.06594520088076793	0.04879825846107929	0.03189623340386963	2.0	0.0	0.0	5.0
0.6802254253557061	0.6143845139608753	0.03026602910390358	19.0	0.0	0.0	5.0
0.5363516994942953	0.050418547436078605	0.032454580529144475	13.0	0.0	0.0	5.0
0.9010479911800304	0.2923369701122667	0.03079674850754096	15.0	0.0	0.0	5.0
0.16986205092581438	0.33956053632811517	0.032768756521452586	16.0	0.0	0.0	5.0
0.43961099030707984	0.9605433592195622	0.033194409321945915	14.0	0.0	0.0	5.0
0.4182562242622932	0.6885612405962217	0.03482647642404248	28.0	0.0	0.0	5.0
0.77004816431654	0.1019353975186429	0.035516004700410254	18.0	0.0	0.0	5.0
0.7977715532164731	0.27155965866906434	0.032869746884343784	36.0	0.0	0.0	5.0
0.08484065270121718	0.44518915561883604	0.03172758034249773	7.0	0.0	0.0	5.0
0.6827558824395742	0.2948553449634265	0.03194774686848394	11.0	0.0	0.0	5.0
0.40074644628650835	0.07277597121657065	0.030136509069594374	3.0	0.0	0.0	5.0
0.6772924898672205	0.20370105383265252	0.034626030530685206	29.0	0.0	0.0	5.0
0.6951197107214427	0.9294325168505574	0.032206405483216766	51.0	0.0	0.0	5.0
0.43623749988917937	0.5783120814340343	0.03267785867517252	12.0	0.0	0.0	5.0
0.525433453138614	0.9549516144182314	0.03357833993862463	39.0	0.0	0.0	5.0
0.9693966746342416	0.05835313349706949	0.029489007513669414	33.0	0.0	0.0	5.0
0.3614207407462359	0.9526394452743518	0.033169771625690854	31.0	0.0	0.0	6.0
0.7386906864990528	0.3483050776347484	0.03399009104348918	41.0	0.0	0.0	6.0
0.6387070906087107	0.6670735880412579	0.03528290720338424	50.0	0.0	0.00014491454940923632	6.0
0.769154773911312	0.10660912156858215	0.03397183058300112	18.0	0.0	0.0	6.0
0.25505399433319176	0.24032465295682998	0.03055106705525917	55.0	0.0	0.0	6.0
0.5900926196252284	0.31322837641383167	0.03770772672714172	40.0	0.0	0.0	6.0
0.9706113990731904	0.2597139608387699	0.031985353589174835	45.0	0.0	0.0	6.0
0.6834172294367985	0.29589485535915383	0.03197969461535242	11.0	0.0	0.0	6.0
0.4183978597952696	0.6868345747502059	0.03486130290046652	28.0	0.0	0.0	6.0
0.8919137111816112	0.5261956254625016	0.03870236020927885	4.0	0.0	0.0	6.0
0.9687779404038461	0.05588403851816344	0.02951849652118308	33.0	0.0	0.0	6.0
0.9036953193486644	0.2885547860610442	0.030827545256048496	15.0	0.0	0.0	6.0
0.5330870058827755	0.12705856064494359	0.032582712899884195	17.0	0.0	0.0	6.0
0.8217937108667702	0.6658471983539425	0.03153863396923856	37.0	0.0	0.0	6.0
0.5232611086696571	0.9533161835592368	0.033611918278563246	39.0	0.0	0.0	6.0
0.0724323439051975	0.1377182761146257	0.034101949615748015	32.0	0.0	0.0	6.0
0.4244790028449111	0.49051400091895553	0.03425519870350764	54.0	0.0	0.0	6.0
0.17102356344749514	0.04498888898036068	0.034122126850373975	47.0	0.0	0.0	6.0
0.0883357581700049	0.44473554387340475	0.03175930792284022	7.0	0.0	0.0	6.0
0.5345885001333862	0.04993517634915674	0.032487035109673615	13.0	0.0	0.0	6.0
0.8202583157799256	0.4408951597716293	0.030662179694814894	6.0	0.0	0.0	6.0
0.273155587189167	0.45809278096454553	0.03635943941294105	8.0	0.0	0.0	6.0
0.6776800084353316	0.2010436044285869	0.034660656561215884	29.0	0.0	0.0	6.0
0.3589052240769554	0.8767778039392956	0.03383546494294154	22.0	0.0	0.0	6.0
0.04542975442381875	0.25972364945086157	0.031178861417303635	27.0	0.0	0.0	6.0
0.29540074086782886	0.0070658901626640975	0.018188091218916784	21.0	0.0	0.0	6.0
0.6820498388889293	0.6137622876903185	0.03029629513300748	19.0	0.0	0.0	6.0
0.7903032689393967	0.5697706743036554	0.032049901441582415	46.0	0.0	0.0	6.0
0.9734930550369065	0.5603393595361894	0.03788590226487494	49.0	0.0	0.0	6.0
0.5049210439951654	0.7996891333338406	0.032275242298998454	24.0	0.0	0.0	6.0
0.44101125710536826	0.9622751440135835	0.03322760373126786	14.0	0.0	0.0	6.0
0.5538710293608932	0.5097015431511898	0.03293460622003244	48.0	0.0	0.0	6.0
0.06445932904623454	0.05026092563697562	0.0319281296372735	2.0	0.0	0.0	6.0
0.5505948197983385	0.854867509107267	0.03458625400272254	26.0	0.0	0.0	6.0
0.7185461993976423	0.777120503281848	0.033739824314572876	44.0	0.0	0.0	6.0
0.5074781283085458	0.38220738365734785	0.03343172625350502	25.0	0.0	0.0	6.0
0.12258712951983902	0.5023744138028197	0.034872178243364	5.0	0.0	0.0	6.0
0.15875386660403953	0.3441233866565192	0.03280152527797404	16.0	0.0	0.0	6.0
0.914736500743333	0.12844488043167518	0.03069888183280398	1.0	0.0	0.0	6.0
0.4366777669068772	0.5759275378429229	0.03271053653384769	12.0	0.0	0.0	6.0
0.3715567531708408	0.13646711710595327	0.03584328833649582	38.0	0.0	0.0038380290266104566	6.0
0.9717252017803953	0.33133830645391565	0.03268229627651562	52.0	0.0	0.0	6.0
0.49893787295589564	0.46439641986551256	0.033008068629569114	9.0	0.0	0.0	6.0
0.34398390106473203	0.5017542478900993	0.034217536255538784	20.0	0.0	0.0	6.0
0.69513539333382	0.9269415764121697	0.03223861188869998	51.0	0.0	0.0	6.0
0.41644773676009655	0.8189613196599461	0.034701908540211115	53.0	0.0	0.0	6.0
0.7971250899739069	0.27025351495058736	0.03290261663122812	36.0	0.0	0.0	6.0
0.2380314524276961	0.3790440911252441	0.03361957183368619	34.0	0.0	0.0	6.0
0.4518183767837204	0.8822015129595953	0.033145799814970504	35.0	0.0	0.0	6.0
0.25456323144632975	0.04355860361886072	0.02903205817529773	42.0	0.0	0.0	6.0
0.2028959730338288	0.5475184244613193	0.03640642753349623	23.0	0.0	0.017804593138464497	6.0
0.1251331597834891	0.008893027240748254	0.022148053510101916	10.0	0.0	0.0	6.0
0.33578429925566616	0.034512547598804774	0.029767932660795585	30.0	0.0	0.0	6.0
0.26329803142986774	0.6454302067115381	0.03106632553330053	43.0	0.0	0.0	6.0
0.4010832045620706	0.07466648308343507	0.030166645578663966	3.0	0.0	0.0	6.0
0.5010993251281985	0.7895006291648747	0.032307517541297445	24.0	0.0	0.0	7.0
0.34541622544533684	0.04483079188142921	0.029797700593456378	30.0	0.0	0.0	7.0
0.5229190748401639	0.1291018922522176	0.032615295612784076	17.0	0.0	0.0	7.0
0.45329190088432814	0.8797159950270877	0.033178945614785474	35.0	0.0	0.0	7.0
0.2576216344690891	0.2503040818127451	0.030581618122314427	55.0	0.0	0.0	7.0
0.34474372933060876	0.50105198074999	0.03425175379179432	20.0	0.0	0.0	7.0
0.6902598372153167	0.2928500505706546	0.032011674309967764	11.0	0.0	0.0	7.0
0.9682051677589932	0.2586432426469856	0.032017338942764005	45.0	0.0	0.0	7.0
0.36018300053781444	0.878399442974969	0.03386930040788448	22.0	0.0	0.0	7.0
0.8194374193992554	0.6773843257416898	0.0315701726032078	37.0	0.0	0.0	7.0
0.713652724733956	0.7708290669850301	0.03377356413888744	44.0	0.0	0.0	7.0
0.08859104958982715	0.44298485606823323	0.03179106723076306	7.0	0.0	0.0	7.0
0.7701506724146499	0.10817448264477049	0.032427656465591974	18.0	0.0	0.0	7.0
0.5259565396335212	0.05345506734731309	0.032519522144783285	13.0	0.0	0.0	7.0
0.7379234908356876	0.349278733414004	0.03402408113453266	41.0	0.0	0.0	7.0
0.9709832496209134	0.057277345980644025	0.029548015017704262	33.0	0.0	0.0	7.0
0.15649731835193542	0.3448503061251935	0.03283432680325201	16.0	0.0	0.0	7.0
0.5236638406928417	0.9522822998609428	0.03364553019684181	39.0	0.0	0.0	7.0
0.42872320625272653	0.48849590272127386	0.034289453902211144	54.0	0.0	0.0	7.0
0.27027608790000457	0.4576821351797393	0.034706737621443724	8.0	0.0	0.0	7.0
0.2467411291634396	0.05371548935754058	0.029061090233473027	42.0	0.0	0.0	7.0
0.26355643366601234	0.6422800486522656	0.03109739185883383	43.0	0.0	0.0	7.0
0.28363081890969916	0.018206279310135697	0.018206279310135697	21.0	0.0	0.0	7.0
0.6967789949591242	0.926853536487214	0.03227085050058868	51.0	0.0	0.0	7.0
0.7354709418837675	0.8236472945891783	0.049899799599198394	-2.0	-1.0	21.17001938463534	7.0
0.6792115105762154	0.6136818535014082	0.030326591428140485	19.0	0.0	0.0	7.0
0.9168576576923837	0.12178853182257446	0.03072958071463678	1.0	0.0	0.0	7.0
0.3630484115604653	0.14117914326092063	0.03587913162483231	38.0	0.0	0.004348522117851417	7.0
0.20396556248609296	0.5472964666206748	0.03644283396102972	23.0	0.0	0.019223348626567827	7.0
0.8212402622460965	0.44273138332838147	0.030692841874509706	6.0	0.0	0.0	7.0
0.7993714515696573	0.27137414725707243	0.03293551924785935	36.0	0.0	0.0	7.0
0.7893664298742212	0.5688600078250806	0.032081951343023996	46.0	0.0	0.0	7.0
0.12183640151774462	0.5013573730319678	0.03490705042160736	5.0	0.0	0.0	7.0
0.5862853698880282	0.3136495498797343	0.03606826034770078	40.0	0.0	0.0	7.0
0.2398248200934678	0.3799958722463322	0.033653191405519874	34.0	0.0	0.0	7.0
0.4357343197508359	0.5750555619427464	0.03274324707038153	12.0	0.0	0.0	7.0
0.41678525153121626	0.6874452632602795	0.03489616420336698	28.0	0.0	0.0	7.0
0.5524435107957087	0.5104362739940607	0.03296754082625247	48.0	0.0	0.0	7.0
0.6771474364269111	0.20335300674876894	0.0346953172177771	29.0	0.0	0.0	7.0
0.35596513677553693	0.9509950493399791	0.03320294139731654	31.0	0.0	0.0	7.0
0.4121322008625755	0.8224283170670106	0.03473661044875132	53.0	0.0	0.0	7.0
0.4986249430990428	0.4614837851610447	0.03304107669819868	9.0	0.0	0.0	7.0
0.17316094692454542	0.04406986587815022	0.03415624897722434	47.0	0.0	0.0	7.0
0.5496200323150188	0.8544628398686378	0.03462084025672526	26.0	0.0	0.0	7.0
0.03714469939504683	0.2478869594006469	0.031210040278720937	27.0	0.0	0.0	7.0
0.9686194874842432	0.3316029078408983	0.03271497857279213	52.0	0.0	0.0	7.0
0.9059234677607503	0.2888012729095675	0.030858372801304542	15.0	0.0	0.0	7.0
0.08236018365344233	0.12921474866750415	0.034136051565363756	32.0	0.0	0.0	7.0
0.8945838529274487	0.5320468509898695	0.037019648895831946	4.0	0.0	0.0	7.0
0.1264140069370267	0.009531997699751379	0.02118509466183662	10.0	0.0	0.0	7.0
0.4394972209034118	0.9615552271206357	0.03326083133499912	14.0	0.0	0.0	7.0
0.5081123400528225	0.3830334557181908	0.03346515797975852	25.0	0.0	0.0	7.0
0.9724392958381484	0.5601619028044484	0.036238689122923856	49.0	0.0	0.0	7.0
0.4056744030812382	0.06606053129084484	0.030196812224242628	3.0	0.0	0.0	7.0
0.6407259790261678	0.6721614843478905	0.03531819011058762	50.0	0.0	0.00020617690057633808	7.0
0.06342497593943197	0.050760764021753155	0.031960057766910764	2.0	0.0	0.0	7.0
0.4348670117419419	0.48746126440556287	0.03432374335611335	54.0	0.0	0.0	8.0
0.34698692144816445	0.5018059027012544	0.03428600554558611	20.0	0.0	0.0	8.0
0.08123827620933968	0.1315178614450448	0.03417018761692912	32.0	0.0	0.0	8.0
0.3457145886025882	0.04205373859835575	0.02982749829404983	30.0	0.0	0.0	8.0
0.2410144172378969	0.3802039146758905	0.03368684459692539	34.0	0.0	0.0	8.0
0.1276401567820812	0.009714742841901098	0.020222135813571317	10.0	0.0	0.0	8.0
0.895355670175392	0.5334474375632936	0.03533693758238504	4.0	0.0	0.0	8.0
0.26762253471363207	0.4366778412813988	0.01926738939049285	57.0	8.0	0.0	8.0
0.5083977926342428	0.3844311193096482	0.03349862313773828	25.0	0.0	0.0	8.0
0.819929081598426	0.6794000714024592	0.031601742775811	37.0	0.0	0.0	8.0
0.2729296410863771	0.48298653178600975	0.01926738939049285	56.0	8.0	0.0	8.0
0.5245511483772167	0.12475086889985904	0.03264791090839685	17.0	0.0	0.0	8.0
0.5535906158981289	0.5101526538991096	0.03300050836707872	48.0	0.0	0.0	8.0
0.9816637699727163	0.065423940071462	0.02957756303272196	33.0	0.0	0.0	8.0
0.36346067541873184	0.13523569928564388	0.035915010756457144	38.0	0.0	0.004902962509063968	8.0
0.2843181349895068	0.0192571537941296	0.01822448558944583	21.0	0.0	0.0	8.0
0.45664358362657687	0.8817173052646883	0.03321212456040026	35.0	0.0	0.0	8.0
0.6390698691945984	0.6734919630249797	0.03535350830069821	50.0	0.0	0.0002827345105202994	8.0
0.7594726040448345	0.0939453976430439	0.0176917790751298	58.0	18.0	0.0	8.0
0.5272540842349258	0.05824725005166002	0.032552041666928065	13.0	0.0	0.0	8.0
0.5817984660730043	0.320509818204408	0.03442879396825983	40.0	0.0	0.0	8.0
0.9710062465709992	0.5609932889030024	0.03459147598097277	49.0	0.0	0.0	8.0
0.12041518768433694	0.5015875186342882	0.03494195747202897	5.0	0.0	0.0	8.0
0.5263544626149892	0.9520359917151935	0.03367917572703864	39.0	0.0	0.0	8.0
0.039143394784936635	0.2507045280772617	0.031241250318999655	27.0	0.0	0.0	8.0
0.35939849267619284	0.8761362493699798	0.03390316970829236	22.0	0.0	0.0	8.0
0.26463570761802846	0.6424548218974429	0.03112848925069266	43.0	0.0	0.0	8.0
0.6845341671206785	0.28853952906036645	0.03204368598427773	11.0	0.0	0.0	8.0
0.43104211654622004	0.5799131203826905	0.03277599031745191	12.0	0.0	0.0	8.0
0.20499816361327938	0.5475311741901945	0.036479276794990745	23.0	0.0	0.020717068781422654	8.0
0.6964925918916156	0.9296871194696684	0.032303121351089266	51.0	0.0	0.0	8.0
0.7752943585522096	0.13870030914906578	0.0176917790751298	59.0	18.0	0.0	8.0
0.5010350977323584	0.4648813895358678	0.033074117774896876	9.0	0.0	0.0	8.0
0.08706565206092495	0.4434551284911344	0.03182285829799382	7.0	0.0	0.0	8.0
0.5531062124248497	0.028056112224448895	0.043486973947895795	-2.0	-1.0	3.912357937830592	8.0
0.5583255984109543	0.8588057464745029	0.03465546109698198	26.0	0.0	0.0	8.0
0.6798354524186679	0.6169459718283669	0.03035691801956862	19.0	0.0	0.0	8.0
0.40395997652365545	0.0654480507036434	0.030227009036466867	3.0	0.0	0.0	8.0
0.7124812409511034	0.7704271130459954	0.033807337703026324	44.0	0.0	0.0	8.0
0.262275934180823	0.26247855875609166	0.03061219974043674	55.0	0.0	0.0	8.0
0.8075043766082437	0.2731153449209033	0.032968454767107205	36.0	0.0	0.0	8.0
0.06415709132170554	0.0497946387568263	0.03199201782467767	2.0	0.0	0.0	8.0
0.17212223981782362	0.04520083203651412	0.034190405226201565	47.0	0.0	0.0	8.0
0.15477623650548689	0.34377803287696457	0.03286716113005526	16.0	0.0	0.0	8.0
0.9594571558054599	0.2534941843719531	0.03204935628170676	45.0	0.0	0.0	8.0
0.9633492164631758	0.3320519256477444	0.03274769355136492	52.0	0.0	0.0	8.0
0.5006864598161027	0.7822219691868859	0.03233982505883874	24.0	0.0	0.0	8.0
0.817977610240291	0.43368867273919376	0.030723534716384213	6.0	0.0	0.0	8.0
0.41311438284178065	0.8216290293334595	0.03477134705920007	53.0	0.0	0.0	8.0
0.7351462114744102	0.34962141683315373	0.03405810521566719	41.0	0.0	0.0	8.0
0.9140972807900041	0.11896664927673321	0.030760310295351413	1.0	0.0	0.0	8.0
0.4193380332601517	0.6874050805817227	0.03493106036757035	28.0	0.0	0.0	8.0
0.3517078380053374	0.949227691960618	0.03323614433871385	31.0	0.0	0.0	8.0
0.4428439183121071	0.9619681699908638	0.03329409216633412	14.0	0.0	0.0	8.0
0.9033941735985069	0.2851877216488549	0.030889231174105844	15.0	0.0	0.0	8.0
0.24675574406448783	0.051394138351205175	0.029090151323706497	42.0	0.0	0.0	8.0
0.6774179371389448	0.20083528674155604	0.03473001253499487	29.0	0.0	0.0	8.0
0.7887892427245403	0.5677968283219199	0.03211403329436702	46.0	0.0	0.0	8.0
0.42082835238348987	0.6856761833582284	0.034965991427937916	28.0	0.0	0.0	9.0
0.9043549187475837	0.2837267246051211	0.030920120405279947	15.0	0.0	0.0	9.0
0.6693098036939384	0.6157144559850983	0.030387274937588186	19.0	0.0	0.0	9.0
0.2677236569743224	0.4354450690374805	0.01928665677988334	57.0	0.0	0.0	9.0
0.4966514632787961	0.3916470927871232	0.03353212176087601	25.0	0.0	0.0	9.0
0.2080336630566793	0.5451854636498056	0.036515756071785734	23.0	0.0	0.022287837044160597	9.0
0.9658903942267183	0.33055619467924563	0.03278044124491628	52.0	0.0	0.0	9.0
0.2636589913151797	0.6437956030394313	0.03115961773994335	43.0	0.0	0.0	9.0
0.8752398532545045	0.5369646731687159	0.018940787196383396	60.0	4.0	0.0	9.0
0.6380751866804178	0.6745216985737448	0.0353888618089989	50.0	0.0	0.00037632740915682916	9.0
0.9785558646526799	0.062246785615062326	0.02960714059575468	33.0	0.0	0.0	9.0
0.5529228543256428	0.5093974344345769	0.033033508875445795	48.0	0.0	0.0	9.0
0.11105004568510754	0.01526873625819361	0.010645616099024651	62.0	10.0	0.0	9.0
0.3362184598126498	0.039905617950472344	0.02985732579234388	30.0	0.0	0.0	9.0
0.523875564781189	0.12565415088922982	0.03268055881930525	17.0	0.0	0.0	9.0
0.24089756077059313	0.3775540475603629	0.03372053144152231	34.0	0.0	0.0	9.0
0.4317589375167447	0.5789420148019857	0.032808766307769355	12.0	0.0	0.0	9.0
0.3572565892712126	0.5058435581422692	0.03432029155113169	20.0	0.0	0.0	9.0
0.1769097969117439	0.047589179112398156	0.03422459563142776	47.0	0.0	0.0	9.0
0.7586206355901316	0.09462984854172661	0.017709470854204927	58.0	0.0	0.0	9.0
0.4994152680993684	0.7817497030327955	0.032372164883897575	24.0	0.0	0.0	9.0
0.4374257163522424	0.964843733342466	0.03332738625850045	14.0	0.0	0.0	9.0
0.28859699775206454	0.011827954208317868	0.018242710075035275	21.0	0.0	0.0	9.0
0.43394418751481517	0.48687006535918015	0.03435806709946946	54.0	0.0	0.0	9.0
0.2723521583034149	0.48169967279143006	0.01928665677988334	56.0	0.0	0.0	9.0
0.6862065992916373	0.20481251590479485	0.03476474254752986	29.0	0.0	0.0	9.0
0.5699048627315476	0.30202476783810056	0.019113089419895743	65.0	40.0	0.0	9.0
0.24802912346761385	0.051486494277906664	0.0291192414750302	42.0	0.0	0.0	9.0
0.1662456879617869	0.33601608178228076	0.03290002829118531	16.0	0.0	0.0	9.0
0.8194245380380634	0.43353782241369826	0.030754258251100595	6.0	0.0	0.0	9.0
0.5249262117569976	0.9501997199642409	0.033712854902765675	39.0	0.0	0.0	9.0
0.4570193726042015	0.8782196012463054	0.03324533668496065	35.0	0.0	0.0	9.0
0.041568902014911334	0.2512558396067687	0.031272491569318654	27.0	0.0	0.0	9.0
0.1409971148744921	0.008057956941204904	0.010645616099024651	63.0	10.0	0.0	9.0
0.5280524190562291	0.057509393437232256	0.03258459370859499	13.0	0.0	0.0	9.0
0.698997623476589	0.9325564415521046	0.03233542447244035	51.0	0.0	0.0	9.0
0.7382270094611835	0.3478599166126889	0.03409216332088286	41.0	0.0	0.0	9.0
0.7817497926068572	0.14086993759981195	0.017709470854204927	59.0	0.0	0.0	9.0
0.4138717032656442	0.06254130637696477	0.03025723604550333	3.0	0.0	0.0	9.0
0.5562264187532867	0.8589579962141491	0.034690116558078965	26.0	0.0	0.0	9.0
0.8093127807720365	0.2741951540929044	0.033001423221874306	36.0	0.0	0.0	9.0
0.4221291035361595	0.8128498525380156	0.034806118406259266	53.0	0.0	0.0	9.0
0.08154001202049838	0.440160069792742	0.03185468115629181	7.0	0.0	0.0	9.0
0.5020571888264168	0.46540745054084764	0.03310719189267177	9.0	0.0	0.0	9.0
0.7895288394477149	0.5670595561099818	0.03214614732766138	46.0	0.0	0.0	9.0
0.12753589314647226	0.5114223464263986	0.03497689942950099	5.0	0.0	0.0	9.0
0.6823175031738337	0.2903203433876112	0.032075729670262	11.0	0.0	0.0	9.0
0.35990353103093675	0.8770866355204349	0.03393707287800065	22.0	0.0	0.0	9.0
0.8102596873704934	0.6790041541046238	0.031633344518586806	37.0	0.0	0.0	9.0
0.25561903207059794	0.26692277067488207	0.03064281194017717	55.0	0.0	0.0	9.0
0.7174880294339078	0.7671299136181164	0.03384114504072935	44.0	0.0	0.0	9.0
0.36244663114191156	0.14414554898532722	0.0359509257672136	38.0	0.0	0.005503257331852751	9.0
0.06667000485742283	0.05208801948011521	0.032024009842502345	2.0	0.0	0.0	9.0
0.922107981010802	0.12646455930934947	0.030791070605646762	1.0	0.0	0.0	9.0
0.5774942467529806	0.34839206439384734	0.019113089419895743	64.0	40.0	0.0	9.0
0.9701412245406124	0.24790574226658124	0.03208140563798847	45.0	0.0	0.0	9.0
0.07978164948051371	0.13107881361759166	0.03420435780454604	32.0	0.0	0.0	9.0
0.3448433093930352	0.9544636286366613	0.033269380483052564	31.0	0.0	0.0	9.0
0.9788080843409859	0.5372261938379171	0.01920340207676248	67.0	49.0	0.0	9.0
0.9214043531576195	0.5243066260264855	0.018940787196383396	61.0	4.0	0.0	9.0
0.9614332556242706	0.5803775087733071	0.01920340207676248	66.0	49.0	0.0	9.0
0.5546298310601007	0.5097854258380561	0.03306654238432124	48.0	0.0	0.0	10.0
0.2732472794445768	0.48217473399583627	0.019305943436663222	56.0	0.0	0.0	10.0
0.25682968286047514	0.26738123944474385	0.030673454752117343	55.0	0.0	0.0	10.0
0.961321801165521	0.5833266137522402	0.01922260547883924	66.0	0.0	0.0	10.0
0.5698388971455548	0.30377022908094403	0.019132202509315636	65.0	0.0	0.0	10.0
0.12898961332659448	0.5141407789801362	0.035011876328930484	5.0	0.0	1.0720782483986113e-08	10.0
0.7002720689779248	0.9384190114610095	0.03236775989691279	51.0	0.0	0.0	10.0
0.08108503539645524	0.44291469853801135	0.0318865358374481	7.0	0.0	0.0	10.0
0.043915252860084256	0.25054861638984594	0.031303764060887966	27.0	0.0	0.0	10.0
0.6835870112058454	0.20840853892085698	0.034799507290077386	29.0	0.0	0.0	10.0
0.4181496439433404	0.6848687828775467	0.03500095741936585	28.0	0.0	5.6132876125047915e-12	10.0
0.08055283936346709	0.1357479366172887	0.03423856216235058	32.0	0.0	0.0	10.0
0.63633673476464	0.6847647311943565	0.0354242506708079	50.0	0.0	0.0004887059054681231	10.0
0.9789828763396865	0.538480085001991	0.01922260547883924	67.0	0.0	0.0	10.0
0.5218478189068638	0.12912413848066104	0.03271323937812455	17.0	0.0	0.0	10.0
0.8200900912323629	0.4387955697768878	0.030785012509351693	6.0	0.0	0.0	10.0
0.5029051101045222	0.4672052601554921	0.03314029908456444	9.0	0.0	0.0	10.0
0.2462227076188914	0.05603892840229162	0.02914836071650523	42.0	0.0	0.0	10.0
0.8742317819445112	0.5369995933825847	0.01895972798357978	60.0	0.0	0.0	10.0
0.728039765903871	0.34679783942480935	0.034126255484203734	41.0	0.0	0.0	10.0
0.5244054756214712	0.951340837125517	0.03374656775766844	39.0	0.0	0.0	10.0
0.3565544457141316	0.5076801890160936	0.03435461184268282	20.0	0.0	0.0	10.0
0.555135631619825	0.8596280856341244	0.03472480667463704	26.0	0.0	0.0	10.0
0.7058721834774871	0.7612435492274916	0.03387498618577007	44.0	0.0	0.0	10.0
0.9740586999708185	0.054438558091578965	0.02963674773635043	33.0	0.0	0.0	10.0
0.4301691456306842	0.5785489410333086	0.03284157507407712	12.0	0.0	0.0	10.0
0.14290725491175857	0.008699942303409803	0.01192309003090761	63.0	0.0	0.0	10.0
0.8046852637988707	0.6808776807916163	0.03166497786310539	37.0	0.0	0.0	10.0
0.6689390091261791	0.605807208265519	0.030417662212525773	19.0	0.0	0.0	10.0
0.3405048072861009	0.03176742099368392	0.02988718311813622	30.0	0.0	0.0	10.0
0.2885769153547885	0.010764807188941766	0.018260952785110307	21.0	0.0	0.0	10.0
0.973312401469397	0.24906121254041366	0.03211348704362645	45.0	0.0	0.0	10.0
0.4981241961143275	0.7829581294278234	0.03240453704878147	24.0	0.0	0.0	10.0
0.5808733800845692	0.3587697317959206	0.019132202509315636	64.0	0.0	0.0	10.0
0.16668541841291765	0.3369484226178135	0.032932928319476494	16.0	0.0	0.0	10.0
0.1158343942473322	0.005900804439705504	0.01192309003090761	62.0	0.0	0.0	10.0
0.9199027055518458	0.5248324542650123	0.01895972798357978	61.0	0.0	0.0	10.0
0.9704273182147909	0.3184609907734058	0.032813221686161194	52.0	0.0	0.0	10.0
0.682044184387736	0.2892851109579379	0.032107805399932264	11.0	0.0	0.0	10.0
0.5253836185878563	0.06027224356847079	0.03261717830230358	13.0	0.0	0.0	10.0
0.2382423159470819	0.373860437530804	0.03375425197296383	34.0	0.0	0.0	10.0
0.768610512381609	0.0938420460777037	0.01772718032505913	58.0	0.0	0.0	10.0
0.17784526438619366	0.04665665176002799	0.034258820227059186	47.0	0.0	0.0	10.0
0.0657100242891085	0.048939006348296815	0.032056033852344845	2.0	0.0	0.0	10.0
0.9029124209808167	0.2899818556235705	0.030951040525685224	15.0	0.0	0.0	10.0
0.7888640474575083	0.5620606345772765	0.03217829347498904	46.0	0.0	0.0	10.0
0.20738677117971138	0.5437912032081481	0.036552271827857516	23.0	0.0	0.023937748547822935	10.0
0.9305497044907524	0.12426420462498876	0.030821861676252407	1.0	0.0	0.0	10.0
0.34373024200322333	0.9536897494781881	0.033302649863535615	31.0	0.0	0.0	10.0
0.42107147019053665	0.8118473553696685	0.03484092452466552	53.0	0.0	0.0	10.0
0.4598747136400869	0.88931721275682	0.03327858202164561	35.0	0.0	0.0	10.0
0.3501561058831519	0.8802266495231329	0.03397100995087865	22.0	0.0	0.0	10.0
0.3589961784896564	0.1422299331828764	0.03598687669298081	38.0	0.0	0.006151324687309057	10.0
0.43334539489073015	0.4849910094730744	0.03439242516656892	54.0	0.0	0.0	10.0
0.26748365162390403	0.43000264637745744	0.019305943436663222	57.0	0.0	0.0	10.0
0.5011186227401822	0.39266246659626836	0.03356565388263689	25.0	0.0	0.0	10.0
0.41651325147341783	0.063943236255923	0.03028749328154883	3.0	0.0	0.0	10.0
0.8121490585166639	0.27404322817853083	0.03303442464509618	36.0	0.0	0.0	10.0
0.43825399335632825	0.9654431249019008	0.03336071364475895	14.0	0.0	0.0	10.0
0.7823599732759885	0.15054903332356187	0.01772718032505913	59.0	0.0	0.0	10.0
0.26425764987943895	0.6423662474320524	0.03119077735768329	43.0	0.0	0.0	10.0
0.501102020084626	0.4661439658137731	0.033173439383649	9.0	0.0	0.0	11.0
0.4563563733243175	0.8898869585136562	0.033311860603667254	35.0	0.0	0.0	11.0
0.4146367612408592	0.06299231926496694	0.030317780774830376	3.0	0.0	0.0	11.0
0.8749885112147677	0.5362260029653403	0.018978687711563358	60.0	0.0	0.0	11.0
0.16462083299366098	0.3349415157718452	0.03296586124779597	16.0	0.0	0.0	11.0
0.5541233193003958	0.5116561105850608	0.033099608926705555	48.0	0.0	0.0	11.0
0.2578850913548318	0.059924272633332505	0.02917750907722173	42.0	0.0	0.0	11.0
0.1059634911990169	0.011935013120938517	0.011935013120938517	62.0	0.0	0.0	11.0
0.7000082041624045	0.9397109747141863	0.0324001276568097	51.0	0.0	0.0	11.0
0.7319099781941111	0.3430357497247717	0.03416038173968793	41.0	0.0	0.0	11.0
0.974482234162159	0.2492355641847844	0.032145600530670074	45.0	0.0	0.0	11.0
0.35277670051495985	0.8801193482050885	0.034004980960829524	22.0	0.0	0.0	11.0
0.9699078205677899	0.31755901005607545	0.03284603490784735	52.0	0.0	0.0	11.0
0.27580592823702194	0.4313503220887266	0.01932524938009988	57.0	0.0	0.0	11.0
0.5061803499016817	0.781705546025422	0.03243694158583025	24.0	0.0	0.0	11.0
0.4365602649092165	0.5694180785693628	0.03287441664915119	12.0	0.0	0.0	11.0
0.9777989418104089	0.5367886217571316	0.019241828084318076	67.0	0.0	0.0	11.0
0.5751503006012023	0.39679358717434865	0.08096192384769538	-2.0	-1.0	621.4047526493017	11.0
0.9171137759243058	0.5259289587556417	0.018978687711563358	61.0	0.0	0.0	11.0
0.5260179587877379	0.9476229598522088	0.0337803143254261	39.0	0.0	0.0	11.0
0.8040322235862709	0.6782716857928859	0.03169664284096849	37.0	0.0	0.0	11.0
0.17923070535980412	0.049614008855827146	0.03429307904728624	47.0	0.0	0.0	11.0
0.1318349960163663	0.020493179046335967	0.011935013120938517	63.0	0.0	0.0	11.0
0.43026291388198423	0.4815920321981556	0.034426817591735485	54.0	0.0	0.0	11.0
0.23720199158579877	0.37360321882128505	0.03378800622493679	34.0	0.0	0.0	11.0
0.768565843217338	0.14875876419764011	0.017744907505384187	59.0	0.0	0.0	11.0
0.27271639448393026	0.4834650113250659	0.01932524938009988	56.0	0.0	0.0	11.0
0.5555030677149903	0.8605892060057808	0.034759531481311674	26.0	0.0	0.0	11.0
0.5014719019831972	0.3915538499995945	0.03359921953651952	25.0	0.0	0.0	11.0
0.26561570136284335	0.6424132911756599	0.031221968135040967	43.0	0.0	0.0	11.0
0.6370152134764349	0.6836202836727346	0.0354596749214787	50.0	0.0	0.0006216306301070063	11.0
0.4205178735798955	0.6849508198173735	0.035035958376785206	28.0	0.0	2.9756387220913894e-07	11.0
0.8151133980131685	0.2820998930843342	0.03306745906974127	36.0	0.0	0.0	11.0
0.07935035975304333	0.1356683299194627	0.03427280072451292	32.0	0.0	0.0	11.0
0.7879273918481973	0.5608871885165035	0.032210471768464026	46.0	0.0	0.0	11.0
0.7073073645185113	0.7603988052039686	0.03390886117195584	44.0	0.0	0.0	11.0
0.8249220427259693	0.441130550755824	0.030815797521861043	6.0	0.0	0.0	11.0
0.06526245399683983	0.049919791253628734	0.032088089886197185	2.0	0.0	0.0	11.0
0.20263728548623997	0.5355448819062552	0.03658882409968537	23.0	0.0	0.02566891016508066	11.0
0.520351871482533	0.13052432559189947	0.03274595261750267	17.0	0.0	0.0	11.0
0.4402745647552465	0.9675883101537163	0.033394074358403705	14.0	0.0	0.0	11.0
0.07988805903947604	0.4410068660335531	0.03191842237328554	7.0	0.0	0.0	11.0
0.9737247569174022	0.05646039632592335	0.029666384484086778	33.0	0.0	0.0	11.0
0.5801761125163147	0.3549932397028602	0.01915133471182495	64.0	0.0	0.0	11.0
0.769962903797382	0.09279697298253065	0.017744907505384187	58.0	0.0	0.0	11.0
0.29163625965506773	0.009628216423196924	0.018279213737895414	21.0	0.0	0.0	11.0
0.34084256941881486	0.02895726995536307	0.029917070301254355	30.0	0.0	0.0	11.0
0.9240964825199517	0.12408132948938362	0.030852683537928655	1.0	0.0	0.0	11.0
0.95955427944992	0.5812761378919268	0.019241828084318076	66.0	0.0	0.0	11.0
0.6698694623655138	0.6063010210202354	0.030448079874738295	19.0	0.0	0.0	11.0
0.9074376241936701	0.2779178986962082	0.030981991566210905	15.0	0.0	0.0	11.0
0.5244509696591831	0.059912323071805336	0.032649795480605884	13.0	0.0	0.0	11.0
0.35532399399059195	0.5079436194124539	0.0343889664545255	20.0	0.0	0.0	11.0
0.35997782036691567	0.14263022143804535	0.03602286356967379	38.0	0.0	0.006849093691158714	11.0
0.341252825805584	0.9500537057156954	0.033335952513399145	31.0	0.0	0.0	11.0
0.044088176352705406	0.28456913827655306	0.07294589178356713	-2.0	-1.0	349.6827955564543	11.0
0.2545526273146759	0.2666318579322979	0.030704128206869456	55.0	0.0	0.0	11.0
0.6829191286049238	0.2074543485974871	0.03483430679736746	29.0	0.0	0.0	11.0
0.5780239052868492	0.3013031522581687	0.01915133471182495	65.0	0.0	0.0	11.0
0.04350801452903505	0.2519152638087484	0.03133506782494885	27.0	0.0	0.0	11.0
0.1276197165669332	0.5124682025084258	0.03504688820525941	5.0	0.0	6.597369406335929e-07	11.0
0.42496948079080066	0.8156844912677943	0.03487576544919018	53.0	0.0	0.0	11.0
0.6807888153454845	0.29143336585241725	0.032139913205332195	11.0	0.0	0.0	11.0
