# x	y	r	id	split_id	s_prob	t
2.0	0.5	0.0	-1.0	0.0	0.0	0.0
0.6025892102636685	0.5608051550194996	0.03361735934196379	1.0	0.0	0.0	0.0
0.07424135464110874	0.4200880637302792	0.032195310327383375	2.0	0.0	0.0	0.0
0.9222575492412646	0.659564653142708	0.03245479609763938	3.0	0.0	0.0	0.0
0.3270935044579577	0.6335220325283127	0.03482993494181294	4.0	0.0	0.0	0.0
0.30060100745287255	0.33554328622980395	0.03350605773936946	5.0	0.0	0.0	0.0
0.8133804143312672	0.10928790133624092	0.034038875249881966	6.0	0.0	0.0	0.0
0.5236833895979838	0.1721953825482053	0.031659448953562576	7.0	0.0	0.0	0.0
0.051468379457167306	0.5652449907584928	0.03172362836539344	8.0	0.0	0.0	0.0
0.134844339167055	0.2338519102767863	0.02996690784662616	9.0	0.0	0.0	0.0
0.6227183538372584	0.7228999290151434	0.03340827634060574	10.0	0.0	0.0	0.0
0.6288080648105454	0.8842063379983202	0.031843143378251865	11.0	0.0	0.0	0.0
0.6616256572478884	0.8198422897364902	0.03146708579492206	12.0	0.0	0.0	0.0
0.2791710266056621	0.49925692525383236	0.032967262034081755	13.0	0.0	0.0	0.0
0.5093023665191193	0.7593832910370446	0.03371888255993148	14.0	0.0	0.0	0.0
0.8881625857160854	0.7192018569836024	0.034834580002645936	15.0	0.0	0.0	0.0
0.7772540244960131	0.7662579414809273	0.036468277835043146	16.0	0.0	0.020258379491423284	0.0
0.4951032182868012	0.970375347862873	0.030256669424783604	17.0	0.0	0.0	0.0
0.9656054998332333	0.32271938684935375	0.030354079248792007	18.0	0.0	0.0	0.0
0.3502957736102799	0.7043265632848562	0.03153909798846245	19.0	0.0	0.0	0.0
0.5562340691720575	0.857079650401628	0.031174930814724965	20.0	0.0	0.0	0.0
0.7622177651315633	0.16949311814104442	0.03291550383991147	21.0	0.0	0.0	0.0
0.7474055728118081	0.40154733059494413	0.030496618708255825	22.0	0.0	0.0	0.0
0.7082113598692955	0.11766651861904509	0.034163600970870935	23.0	0.0	0.0	0.0
0.13657344712199201	0.36360539398672975	0.030859934865891843	24.0	0.0	0.0	0.0
0.3475441701471606	0.3987184984844702	0.028217643384657334	25.0	0.0	0.0	0.0
0.05235446630812533	0.6481733385443286	0.03086840792000668	26.0	0.0	0.0	0.0
0.11988982580117931	0.932496153907928	0.03466797226073573	27.0	0.0	0.0	0.0
0.7111202259512849	0.46010416224003065	0.03595533959319825	28.0	0.0	0.005580245490563129	0.0
0.6026360973620347	0.1225028423803274	0.03202494438082704	29.0	0.0	0.0	0.0
0.49444183999910674	0.8277961783255919	0.03334071808710802	30.0	0.0	0.0	0.0
0.7154635708583477	0.7058452971412572	0.02967025693227944	31.0	0.0	0.0	0.0
0.709771360765982	0.028843070623040867	0.028843070623040867	32.0	0.0	0.0	0.0
0.5959885694148171	0.7861705045203897	0.03148885169380286	33.0	0.0	0.0	0.0
0.815204364715155	0.8779865923210095	0.03313011649174029	34.0	0.0	0.0	0.0
0.9815501012965884	0.8622269217910383	0.034624233338421406	35.0	0.0	0.0	0.0
0.11760660057682207	0.5521353796849292	0.03186663798472996	36.0	0.0	0.0	0.0
0.42615220312161906	0.6363234932071103	0.03124802156336784	37.0	0.0	0.0	0.0
0.8496913485496513	0.6628241924474934	0.0320544599731552	38.0	0.0	0.0	0.0
0.044387980973694945	0.18532203847686377	0.031431192762212755	39.0	0.0	0.0	0.0
0.2692941416642563	0.053584758555539	0.03281501769522484	40.0	0.0	0.0	0.0
0.2683167683103168	0.8177459126403595	0.031017651488361758	41.0	0.0	0.0	0.0
0.3571989439189705	0.8988411768933748	0.03409163764239826	42.0	0.0	0.0	0.0
0.366661255498434	0.3411729220244746	0.031864949818220994	43.0	0.0	0.0	0.0
0.4978172508454538	0.6842863929052526	0.03382097721865189	44.0	0.0	0.0	0.0
0.2423734118519214	0.6134750675847074	0.03161437579950455	45.0	0.0	0.0	0.0
0.6694493100899289	0.6611578639162942	0.030449129554245977	46.0	0.0	0.0	0.0
0.5096977609785839	0.2532767944198419	0.03223708516685918	47.0	0.0	0.0	0.0
0.21970543183173724	0.3027721138199479	0.033405869808207124	48.0	0.0	0.0	0.0
0.033827144850502935	0.08746040979077951	0.03285794597244896	49.0	0.0	0.0	0.0
0.9044652217274892	0.27247638648375216	0.03256923372708738	50.0	0.0	0.0	0.0
0.20184106803677504	0.5265243074692452	0.030712528038494682	51.0	0.0	0.0	0.0
0.6239596259968863	0.2907761832552305	0.03437588923299494	52.0	0.0	0.0	0.0
0.5112181781584297	0.5349750254114942	0.032972706969994506	53.0	0.0	0.0	0.0
0.43108749097790033	0.081847626250518	0.030702100274392533	54.0	0.0	0.0	0.0
0.4011214258683896	0.5137509424881699	0.03162110477450415	55.0	0.0	0.0	0.0
0.5840820988543325	0.22967366199214195	0.03137627609398348	56.0	0.0	0.0	0.0
0.8434082543973708	0.5882982904182003	0.03203052426143727	57.0	0.0	0.0	0.0
0.720923362749446	0.5571504185243652	0.034937059631937016	58.0	0.0	0.0	0.0
0.3207027480194242	0.11614797010767164	0.03285089036644982	59.0	0.0	0.0	0.0
0.49246889844464936	0.3273993337462843	0.03548654652303449	60.0	0.0	0.0007371452884115115	0.0
0.41942603264666023	0.948257049117371	0.03364458813254986	61.0	0.0	0.0	0.0
0.5888690727208071	0.38618522265580835	0.03263077470266452	62.0	0.0	0.0	0.0
0.8481970803965587	0.7927677144988521	0.03452025498768533	63.0	0.0	0.0	0.0
0.12358902963729278	0.6195096130191673	0.028881935957891985	64.0	0.0	0.0	0.0
0.254080133889956	0.13365969125424165	0.030871719926762155	65.0	0.0	0.0	0.0
0.9782140680643497	0.716991079024874	0.03331607960586157	66.0	0.0	0.0	0.0
0.12113711103234853	0.10492240302714863	0.0310326011925063	67.0	0.0	0.0	0.0
0.6099730226006103	0.01340137865720221	0.01340137865720221	68.0	0.0	0.0	0.0
0.6463788819434358	0.052778153514004944	0.032427633420524266	69.0	0.0	0.0	0.0
0.8970195997876819	0.8770834318569348	0.03299596809573529	70.0	0.0	0.0	0.0
0.7270856383929752	0.8239489076838323	0.0289796135996743	71.0	0.0	0.0	0.0
0.25096791906333016	0.3821206248025626	0.031642462795038136	72.0	0.0	0.0	0.0
0.5302466668558536	0.04131085623751827	0.031530521779478994	73.0	0.0	0.0	0.0
0.5096664605415614	0.46164597914154637	0.03275142770116046	74.0	0.0	0.0	0.0
0.8943972539831015	0.35640011534467314	0.035320618692208074	75.0	0.0	0.00021093395169202722	0.0
0.8255142131344857	0.4000993719745847	0.03100940333744002	76.0	0.0	0.0	0.0
0.939129400437102	0.9399167547086434	0.029369673097643458	77.0	0.0	0.0	0.0
0.41820205776188746	0.8559034904465105	0.03356824508623041	78.0	0.0	0.0	0.0
0.42778079873012326	0.7860445794745794	0.03123379517949906	79.0	0.0	0.0	0.0
0.7811933953172643	0.5010041499378945	0.03276930412848668	80.0	0.0	0.0	0.0
0.14746343563983833	0.687608224530357	0.029070334235797697	81.0	0.0	0.0	0.0
0.5633901901411965	0.928817151483757	0.028516584851187375	82.0	0.0	0.0	0.0
0.5736959433108123	0.48571656064173246	0.03255832676395561	83.0	0.0	0.0	0.0
0.4179909960506235	0.4105072846636082	0.03669480432079674	84.0	0.0	0.03115578237421346	0.0
0.9309676251640482	0.4870933241014321	0.033224125030052565	85.0	0.0	0.0	0.0
0.42589870338510627	0.7068836441132677	0.03330818207697558	86.0	0.0	0.0	0.0
0.3915202774341405	0.5825877298017708	0.02976019080781764	87.0	0.0	0.0	0.0
0.061363270094651236	0.24929717867232437	0.03149694264964534	88.0	0.0	0.0	0.0
0.49575387100200874	0.9084364451654925	0.03144912440831753	89.0	0.0	0.0	0.0
0.08305917923052533	0.7853943500676838	0.029415136340785786	90.0	0.0	0.0	0.0
0.7772091426273597	0.6524806195104375	0.030916273461309283	91.0	0.0	0.0	0.0
0.05814920685830278	0.33754109864020865	0.03148458518109696	92.0	0.0	0.0	0.0
0.5399164324918924	0.10439941304862635	0.031043608426714855	93.0	0.0	0.0	0.0
0.8555914355768979	0.4593455751464994	0.03483824450670362	94.0	0.0	0.0	0.0
0.07084043826999765	0.719112012741805	0.03270258630612539	95.0	0.0	0.0	0.0
0.32990528240089834	0.5436748669937138	0.03424177357434615	96.0	0.0	0.0	0.0
0.047742781918874704	0.6483912565419158	0.030899276327926682	26.0	0.0	0.0	1.0
0.5020138990051832	0.6802069870142077	0.03385479819587054	44.0	0.0	0.0	1.0
0.25085274556010617	0.13273107543808282	0.030902591646688914	65.0	0.0	0.0	1.0
0.3223824793598625	0.11542572633441103	0.03288374125681627	59.0	0.0	0.0	1.0
0.5109608347860124	0.4624411356483366	0.03278417912886162	74.0	0.0	0.0	1.0
0.5897078868727602	0.7851939741666268	0.03152034054549666	33.0	0.0	0.0	1.0
0.7867962899002017	0.49834000065635803	0.03280207343261516	80.0	0.0	0.0	1.0
0.5899773910827357	0.38752117757154725	0.03266340547736718	62.0	0.0	0.0	1.0
0.05969808637259097	0.3360354903607875	0.031516069766278056	92.0	0.0	0.0	1.0
0.4280525273340034	0.7837838215494695	0.03126502897467855	79.0	0.0	0.0	1.0
0.6058837943992642	0.5570790734819245	0.03365097670130575	1.0	0.0	0.0	1.0
0.14828524087811132	0.6867246565777015	0.02909940457003349	81.0	0.0	0.0	1.0
0.8165545262307515	0.10113939970111231	0.034072914125131845	6.0	0.0	0.0	1.0
0.26696369357192434	0.8178098500898223	0.031048669139850115	41.0	0.0	0.0	1.0
0.0591359937364841	0.24677819206409696	0.03152843959229498	88.0	0.0	0.0	1.0
0.06895641502345312	0.7107007910992144	0.03273528889243151	95.0	0.0	0.0	1.0
0.11713246988016675	0.5471296921011568	0.031898504622714687	36.0	0.0	0.0	1.0
0.2773177950810518	0.4993444968369723	0.03300022929611583	13.0	0.0	0.0	1.0
0.8505492007700782	0.7892203867567577	0.03455477524267301	63.0	0.0	0.0	1.0
0.6210575068713264	0.29005863845465885	0.03441026512222793	52.0	0.0	0.0	1.0
0.8823052940643134	0.7265720445189088	0.03486941458264858	15.0	0.0	0.0	1.0
0.9098678434255837	0.27039144945643995	0.03260180296081446	50.0	0.0	0.0	1.0
0.07677162904594168	0.42857938863962847	0.032227505637710756	2.0	0.0	0.0	1.0
0.35672034923220775	0.9008033475966274	0.03412572928004066	42.0	0.0	0.0	1.0
0.4899656423864376	0.32704234405975646	0.03552203306955752	60.0	0.0	0.0009104875679213364	1.0
0.7003422814697577	0.46407325779475245	0.03599129493279144	28.0	0.0	0.00623431342916092	1.0
0.3757547671406842	0.32254553409366704	0.03189681476803921	43.0	0.0	0.0	1.0
0.5209180348622928	0.04069328103557399	0.03156205230125847	73.0	0.0	0.0	1.0
0.1985413915152021	0.5335204642220926	0.030743240566533173	51.0	0.0	0.0	1.0
0.6635098286350336	0.8213173396397879	0.03149855288071698	12.0	0.0	0.0	1.0
0.11412957688006711	0.9305197247182526	0.03470264023299646	27.0	0.0	0.0	1.0
0.1380004993395843	0.36450700111226697	0.03089079480075773	24.0	0.0	0.0	1.0
0.043323062556729346	0.5665640103318157	0.03175535199375883	8.0	0.0	0.0	1.0
0.2183484512781582	0.303209248537581	0.03343927567801533	48.0	0.0	0.0	1.0
0.6238852250950551	0.7212328437201058	0.03344168461694634	10.0	0.0	0.0	1.0
0.30106409918177	0.3273791534375566	0.033539563797108825	5.0	0.0	0.0	1.0
0.7080749663549165	0.1190159536813974	0.0341977645718418	23.0	0.0	0.0	1.0
0.5604792958494501	0.9223305329868554	0.02854510143603856	82.0	0.0	0.0	1.0
0.42445223971131696	0.7039611431617435	0.03334149025905255	86.0	0.0	0.0	1.0
0.6304462986108714	0.884688894936716	0.031874986521630115	11.0	0.0	0.0	1.0
0.34532674417230624	0.39637964810020876	0.02824586102804199	25.0	0.0	0.0	1.0
0.9374649581228623	0.9390467831928319	0.0293990427707411	77.0	0.0	0.0	1.0
0.9812957307991709	0.8644619355392847	0.03465885757175982	35.0	0.0	0.0	1.0
0.4008023626528086	0.5092781097222817	0.031652725879278656	55.0	0.0	0.0	1.0
0.5075085204081546	0.7574546285488682	0.03375260144249141	14.0	0.0	0.0	1.0
0.2412284146126569	0.3879361423993179	0.03167410525783317	72.0	0.0	0.0	1.0
0.8192368604754742	0.39367028630395284	0.031040412740777457	76.0	0.0	0.0	1.0
0.539192807281024	0.10351590230703285	0.031074652035141564	93.0	0.0	0.0	1.0
0.5784357212550946	0.4794617825930954	0.032590885090719564	83.0	0.0	0.0	1.0
0.4178425755111807	0.9480717823846043	0.03367823272068241	61.0	0.0	0.0	1.0
0.32639092891609656	0.6342312744856756	0.03486476487675475	4.0	0.0	0.0	1.0
0.965652325511305	0.3152818520651319	0.030384433328040795	18.0	0.0	0.0	1.0
0.6414734007024607	0.05294808241919875	0.032460061053944785	69.0	0.0	0.0	1.0
0.6091001265185566	0.012872683923103818	0.01341478003585941	68.0	0.0	0.0	1.0
0.6037295425108411	0.12329412571871118	0.032056969325207865	29.0	0.0	0.0	1.0
0.4902368674646807	0.901156012827695	0.03148057353272584	89.0	0.0	0.0	1.0
0.13321626474214654	0.23456412095905446	0.029996874754472783	9.0	0.0	0.0	1.0
0.7539338823651263	0.3962807671821125	0.030527115326964078	22.0	0.0	0.0	1.0
0.035085849196758605	0.08714919694249972	0.032890803918421405	49.0	0.0	0.0	1.0
0.7623511284380002	0.17100226775642569	0.03294841934375138	21.0	0.0	0.0	1.0
0.4163191199100095	0.40346040746322426	0.036731499125117535	84.0	0.0	0.03322360871644037	1.0
0.07936632194847666	0.7898456801263956	0.02944455147712657	90.0	0.0	0.0	1.0
0.5217787510662469	0.1720451826048331	0.031691108402516134	7.0	0.0	0.0	1.0
0.9053663342661117	0.8794282386392707	0.03302896406383102	70.0	0.0	0.0	1.0
0.7187235018548005	0.5545324477901488	0.034971996691568946	58.0	0.0	0.0	1.0
0.6703160398204729	0.6616606987215561	0.03047957868380022	46.0	0.0	0.0	1.0
0.5681865775790864	0.8541244098032261	0.031206105745539687	20.0	0.0	0.0	1.0
0.12355396996755191	0.617653580451293	0.028910817893849874	64.0	0.0	0.0	1.0
0.8902155389131079	0.36072919583115043	0.03535593931090028	75.0	0.0	0.0002886076508872293	1.0
0.3908725798824543	0.5827246248800892	0.029789950998625456	87.0	0.0	0.0	1.0
0.4231703753468668	0.6377183888942317	0.031279269584931206	37.0	0.0	0.0	1.0
0.24735459611199995	0.6119736684381367	0.031645990175304055	45.0	0.0	0.0	1.0
0.0465993037928279	0.18492094798234765	0.03146262395497496	39.0	0.0	0.0	1.0
0.9296678782056007	0.6542135058232418	0.03248725089373701	3.0	0.0	0.0	1.0
0.7293643050196839	0.8254290310518916	0.02900859321327397	71.0	0.0	0.0	1.0
0.5115004325497607	0.536017467120934	0.033005679676964494	53.0	0.0	0.0	1.0
0.27027504690383386	0.048272047840226054	0.03284783271292006	40.0	0.0	0.0	1.0
0.4977670641053677	0.9668600430222691	0.030286926094208383	17.0	0.0	0.0	1.0
0.4971193429293556	0.8279903728160651	0.033374058805195124	30.0	0.0	0.0	1.0
0.8648939450105922	0.4644312281471759	0.03487308275121032	94.0	0.0	0.0	1.0
0.5831490954729993	0.23000036948507155	0.03140765237007746	56.0	0.0	0.0	1.0
0.11797827805560201	0.10499201987148857	0.0310636337936988	67.0	0.0	0.0	1.0
0.9294879322565014	0.49229756617265863	0.03325734915508261	85.0	0.0	0.0	1.0
0.8335537786386789	0.5840611046349035	0.03206255478569871	57.0	0.0	0.0	1.0
0.8133650580285479	0.8764508890280295	0.03316324660823203	34.0	0.0	0.0	1.0
0.43079414048463927	0.07667596752243648	0.030732802374666923	54.0	0.0	0.0	1.0
0.9792912344205923	0.717750101536396	0.03334939568546742	66.0	0.0	0.0	1.0
0.7089770013113974	0.03150885430674244	0.028871913693663907	32.0	0.0	0.0	1.0
0.3504008936983149	0.7033481446078189	0.031570637086450914	19.0	0.0	0.0	1.0
0.5181078794544848	0.2613496040989836	0.032269322252026035	47.0	0.0	0.0	1.0
0.7783493056450047	0.7687403826206864	0.036504746112878184	16.0	0.0	0.021805681497468754	1.0
0.7784834299332306	0.653868090347641	0.030947189734770588	91.0	0.0	0.0	1.0
0.7124385556455501	0.7104704054345359	0.029699927189211717	31.0	0.0	0.0	1.0
0.3263747438019143	0.5516767889401428	0.03427601534792049	96.0	0.0	0.0	1.0
0.420191730159441	0.856896069367125	0.033601813331316635	78.0	0.0	0.0	1.0
0.8452892866211938	0.6593330548524493	0.032086514433128356	38.0	0.0	0.0	1.0
0.27138806194596593	0.8179073577981012	0.03107971780898996	41.0	0.0	0.0	2.0
0.08373097761332125	0.42579251546966984	0.032259733143348464	2.0	0.0	0.0	2.0
0.7293643050196839	0.831078147466025	0.02903760180648724	71.0	0.0	0.0	2.0
0.5134602371112469	0.5353724932602416	0.03303868535664146	53.0	0.0	0.0	2.0
0.4273797256813842	0.7850809656782082	0.031296294003653226	79.0	0.0	0.0	2.0
0.7543182363252051	0.3978565641999339	0.03055764244229104	22.0	0.0	0.0	2.0
0.04922907398181023	0.25431925975019387	0.03155996803188727	88.0	0.0	0.0	2.0
0.503792692037821	0.4650354822250945	0.03281696330799048	74.0	0.0	0.0	2.0
0.9613496852119205	0.31815433614018246	0.030414817761368833	18.0	0.0	0.0	2.0
0.3485563055324655	0.7016432940329119	0.03160220772353736	19.0	0.0	0.0	2.0
0.49009417179290116	0.3258460401545442	0.03555755510262707	60.0	0.0	0.001109285556324835	2.0
0.14921702002098192	0.6873467213014812	0.029128503974603523	81.0	0.0	0.0	2.0
0.5896498155233103	0.47631624463959776	0.03262347597581028	83.0	0.0	0.0	2.0
0.4301394353393145	0.8548317528609933	0.03363541514464795	78.0	0.0	0.0	2.0
0.5413995887776576	0.10202246296350487	0.0311057266871767	93.0	0.0	0.0	2.0
0.3280775288689379	0.6349945299621764	0.0348996296416315	4.0	0.0	0.0	2.0
0.5057734593376276	0.6728456285337847	0.033888652994066404	44.0	0.0	0.0	2.0
0.24768114318099876	0.6107970567424075	0.031677636165479355	45.0	0.0	0.0	2.0
0.7029439880704731	0.46113080116528776	0.03602728622772423	28.0	0.0	0.006938320726291636	2.0
0.04499185805986961	0.5673446709956299	0.03178710734575259	8.0	0.0	0.0	2.0
0.7654659911382932	0.17043729288708473	0.032981367763095126	21.0	0.0	0.0	2.0
0.6090497744951291	0.014205007498628582	0.013428194815895269	68.0	0.0	0.0	2.0
0.2791213430765387	0.49087484880144044	0.03303322952541195	13.0	0.0	0.0	2.0
0.3961620376720348	0.575908597489606	0.029819740949624078	87.0	0.0	0.0	2.0
0.9127292446622777	0.2673916443258483	0.03263440476377527	50.0	0.0	0.0	2.0
0.04494568006393436	0.638861114461044	0.030930175604254605	26.0	0.0	0.0	2.0
0.6198126288825289	0.28812886387053616	0.03444467538735015	52.0	0.0	0.0	2.0
0.05683594078841873	0.7203971386878463	0.03276802418132394	95.0	0.0	0.0	2.0
0.11263129962850511	0.9306473753007093	0.03473734287322945	27.0	0.0	0.0	2.0
0.981241711247602	0.7170808632122398	0.03338274508115289	66.0	0.0	0.0	2.0
0.48640964649480856	0.8995814726933955	0.03151205410625856	89.0	0.0	0.0	2.0
0.6441321679097568	0.05690357980198814	0.03249252111499873	69.0	0.0	0.0	2.0
0.07702650254803485	0.7892671631281521	0.029473996028603695	90.0	0.0	0.0	2.0
0.8495248657653846	0.7982515095186252	0.03458933001791568	63.0	0.0	0.0	2.0
0.5091209758843352	0.7483465040588161	0.0337863540439339	14.0	0.0	0.0	2.0
0.5879121819039297	0.22843283244360305	0.031439060022447535	56.0	0.0	0.0	2.0
0.8636522453057699	0.47014316429333325	0.03490795583396153	94.0	0.0	0.0	2.0
0.046035294175476305	0.18297819806105317	0.031494086578929936	39.0	0.0	0.0	2.0
0.8323790317976194	0.5730353805406517	0.0320946173404844	57.0	0.0	0.0	2.0
0.8483857858338707	0.6522320903759846	0.03211860094756148	38.0	0.0	0.0	2.0
0.9049629355961344	0.8702806673093788	0.033061993027894844	70.0	0.0	0.0	2.0
0.6066406959048979	0.5563616305048704	0.03368462767800705	1.0	0.0	0.0	2.0
0.6435552594966618	0.8889396394384583	0.031906861508151745	11.0	0.0	0.0	2.0
0.8162384649919969	0.39284829321797377	0.03107145315351823	76.0	0.0	0.0	2.0
0.4971909184047699	0.8298415054013272	0.033407432864000317	30.0	0.0	0.0	2.0
0.13101730186283309	0.23600111624794362	0.030026871629227254	9.0	0.0	0.0	2.0
0.18725655857360707	0.5398788287840259	0.0307739838070997	51.0	0.0	0.0	2.0
0.7122004366860576	0.02714193953989001	0.02890078560735757	32.0	0.0	0.0	2.0
0.708832249609908	0.11614763937630117	0.03423196233641364	23.0	0.0	0.0	2.0
0.2412284146126569	0.39412682335625154	0.031705779363091005	72.0	0.0	0.0	2.0
0.42308644231152887	0.7166202667799768	0.0333748317493116	86.0	0.0	0.0	2.0
0.5569763579706157	0.9233145959779112	0.028573646537474594	82.0	0.0	0.0	2.0
0.9307509873325766	0.49890517114681726	0.033290606504237694	85.0	0.0	0.0	2.0
0.9808819269310223	0.8659902250006155	0.03469351642933158	35.0	0.0	0.0	2.0
0.059931331310530155	0.3349290282361038	0.03154758583604433	92.0	0.0	0.0	2.0
0.7767437148896522	0.6524523314316285	0.030978136924505354	91.0	0.0	0.0	2.0
0.5005796398484492	0.971842572314911	0.03031721302030259	17.0	0.0	0.0	2.0
0.35471898078108477	0.8966282682223152	0.03415985500932069	42.0	0.0	0.0	2.0
0.8175141800603006	0.875535236925053	0.03319640985484026	34.0	0.0	0.0	2.0
0.6045724753920269	0.1221817617759921	0.03208902629453307	29.0	0.0	0.0	2.0
0.5186644333588546	0.26018857014467933	0.03230159157427806	47.0	0.0	0.0	2.0
0.5915071413853292	0.78353102297408	0.03155186088604216	33.0	0.0	0.0	2.0
0.24806092915339314	0.13449493630768086	0.0309334942383356	65.0	0.0	0.0	2.0
0.34522711879127144	0.39494338862991324	0.02827410688907003	25.0	0.0	0.0	2.0
0.1275699579114948	0.09934638074847624	0.031094697427492497	67.0	0.0	0.0	2.0
0.3027969092106339	0.32706485575773975	0.03357310336090593	5.0	0.0	0.0	2.0
0.1250601384536149	0.6182239606292798	0.02893972871174372	64.0	0.0	0.0	2.0
0.5221092892729452	0.039592270628773484	0.03159361435355972	73.0	0.0	0.0	2.0
0.42988645402751635	0.07771565293437857	0.030763535177041584	54.0	0.0	0.0	2.0
0.8131719688961232	0.1007436356909975	0.03410698703925697	6.0	0.0	0.0	2.0
0.6706142878043154	0.6603291706201085	0.030510058262484017	46.0	0.0	0.0	2.0
0.4017265599873393	0.5084865037334635	0.03168437860515793	55.0	0.0	0.0	2.0
0.2723803902148825	0.04401831652203409	0.03288068054563297	40.0	0.0	0.0	2.0
0.42572327709767394	0.6339856480724014	0.03131054885451613	37.0	0.0	0.0	2.0
0.8881783912166928	0.36005876825873934	0.035391295250211174	75.0	0.0	0.0003834367214210488	2.0
0.03216934526145271	0.0871032890065356	0.03292369472233982	49.0	0.0	0.0	2.0
0.11463746576682839	0.5524197378864913	0.0319304031273374	36.0	0.0	0.0	2.0
0.13985024718705902	0.3625182355965389	0.030921685595558485	24.0	0.0	0.0	2.0
0.9320795682281101	0.6549904023190889	0.032519738144630744	3.0	0.0	0.0	2.0
0.22742103319334864	0.2998386528104744	0.03347271495369334	48.0	0.0	0.0	2.0
0.7184992247999478	0.551798306699129	0.03500696868826051	58.0	0.0	2.1658763671439374e-09	2.0
0.9367077663786114	0.9367701554644535	0.029428441813511837	77.0	0.0	0.0	2.0
0.7938448062006681	0.49760515336140465	0.03283487550604777	80.0	0.0	0.0	2.0
0.6670010632563251	0.8224907203758409	0.03153005143359769	12.0	0.0	0.0	2.0
0.5913775865890181	0.38540948617185955	0.03269606888284454	62.0	0.0	0.0	2.0
0.37307718487267266	0.3365531623024148	0.031928711582807245	43.0	0.0	0.0	2.0
0.5165163890030029	0.17426872041340477	0.031722799510918644	7.0	0.0	0.0	2.0
0.712305711398615	0.7081284113867317	0.029729627116400925	31.0	0.0	0.0	2.0
0.5642944528869985	0.8596547941173507	0.031237311851285223	20.0	0.0	0.0	2.0
0.6231809410440133	0.7202787223976402	0.03347512630156328	10.0	0.0	0.0	2.0
0.4163014003408702	0.9480669309210917	0.03371191095340309	61.0	0.0	0.0	2.0
0.8800995386302088	0.7219807770809288	0.03490428399723122	15.0	0.0	0.0	2.0
0.777112472645898	0.7697340244076399	0.036541250858991056	16.0	0.0	0.023431493389963975	2.0
0.3337278120738262	0.5543816364096776	0.03431029136326841	96.0	0.0	0.0	2.0
0.3342673329207826	0.10921374531281847	0.03291662499807308	59.0	0.0	0.0	2.0
0.41987366957549943	0.4011195737803808	0.03676823062424265	84.0	0.0	0.03538316663357932	2.0
0.12798621388129858	0.09823666393482984	0.031125792124919987	67.0	0.0	0.0	3.0
0.9114536807392379	0.2678564169413612	0.032667039168539046	50.0	0.0	0.0	3.0
0.9727635248085894	0.8629741209014076	0.0347282099457609	35.0	0.0	0.0	3.0
0.7120441336262654	0.7101948274968478	0.02975935674351732	31.0	0.0	0.0	3.0
0.7809842741940664	0.768619991701565	0.036577792109850044	16.0	0.0	0.025137918494579026	3.0
0.708115394118297	0.11777238345710252	0.034266194298750045	23.0	0.0	0.0	3.0
0.5182889333042056	0.03162520796791328	0.03162520796791328	73.0	0.0	0.0	3.0
0.7832598300697784	0.49960296169743	0.03286771038155382	80.0	0.0	0.0	3.0
0.866016928189908	0.4685079676476734	0.034942863789795484	94.0	0.0	0.0	3.0
0.5597675568313564	0.8569129487182994	0.031268549163136504	20.0	0.0	0.0	3.0
0.9392291372135007	0.9309566700769935	0.029457870255325345	77.0	0.0	0.0	3.0
0.5945114996140981	0.783559395971074	0.0315834127469282	33.0	0.0	0.0	3.0
0.5888111109561677	0.22896958847138668	0.03147049908246998	56.0	0.0	0.0	3.0
0.5148508540763672	0.5351383085033972	0.033071724041998096	53.0	0.0	0.0	3.0
0.397661210921378	0.576476328598513	0.0298495606905737	87.0	0.0	0.0	3.0
0.48771197858032433	0.8992940665617488	0.031543566160364814	89.0	0.0	0.0	3.0
0.6185087785938319	0.2908054788405882	0.0344791200627375	52.0	0.0	0.0	3.0
0.5860654502439409	0.47193991117504425	0.03265609945178609	83.0	0.0	0.0	3.0
0.827288781562981	0.39178050556515176	0.031102524606671747	76.0	0.0	0.0	3.0
0.1518355529618961	0.6877033445275996	0.029157632478578124	81.0	0.0	0.0	3.0
0.18895437234610646	0.5382284470408307	0.030804757790906797	51.0	0.0	0.0	3.0
0.49275710438714165	0.8272317733983658	0.03344084029686431	30.0	0.0	0.0	3.0
0.5266557384262336	0.17135132737678466	0.03175452231042956	7.0	0.0	0.0	3.0
0.7193628551559502	0.5509796988233712	0.03504197565694877	58.0	0.0	4.733392131583969e-07	3.0
0.24707299834806892	0.13375118109359435	0.03096442773257393	65.0	0.0	0.0	3.0
0.5896446140993581	0.3903089671706238	0.032728764951727385	62.0	0.0	0.0	3.0
0.7450211406181457	0.39607275166287703	0.030588200084733327	22.0	0.0	0.0	3.0
0.7762499424139551	0.6539687576931144	0.031009115061429855	91.0	0.0	0.0	3.0
0.2783362936108786	0.8100491041734007	0.031110797526798947	41.0	0.0	0.0	3.0
0.5354514292443567	0.1077983654611179	0.031136832413863873	93.0	0.0	0.0	3.0
0.5190652300324512	0.2581611240612773	0.032333893165852334	47.0	0.0	0.0	3.0
0.669336989946328	0.6610488556590713	0.030540568320746496	46.0	0.0	0.0	3.0
0.8891162592379264	0.3582781019166971	0.03542668654546138	75.0	0.0	0.0004971721809567953	3.0
0.122778874999008	0.61929113311354	0.02896866844045546	64.0	0.0	0.0	3.0
0.4148234102461727	0.9459553564550842	0.03374562286435649	61.0	0.0	0.0	3.0
0.6693048998940038	0.8223673148002023	0.031561581485031284	12.0	0.0	0.0	3.0
0.40009433366602704	0.5081262946453226	0.03171606298376308	55.0	0.0	0.0	3.0
0.5443576470205155	0.9211895609541343	0.028602220184012064	82.0	0.0	0.0	3.0
0.11202692977694494	0.919992562407558	0.034772080216102674	27.0	0.0	0.0	3.0
0.9799253213664253	0.719469664444501	0.033416127826234036	66.0	0.0	0.0	3.0
0.04412539263353018	0.5667259181979821	0.03181889445309834	8.0	0.0	0.0	3.0
0.646080081148216	0.8922282644817221	0.03193876836965989	11.0	0.0	0.0	3.0
0.11866303445174503	0.5550345733391345	0.03196233353046474	36.0	0.0	0.0	3.0
0.06127120613654044	0.3381854966617705	0.031579133421880366	92.0	0.0	0.0	3.0
0.818127419563019	0.8770806908362166	0.033229606264695094	34.0	0.0	0.0	3.0
0.27817970808688264	0.03656225687847579	0.032913561226178605	40.0	0.0	0.0	3.0
0.8312435857936356	0.5726931411107593	0.032126711957824884	57.0	0.0	0.0	3.0
0.34453672732311985	0.7079840187499905	0.031633809931260894	19.0	0.0	0.0	3.0
0.8777685913950309	0.7195978925869472	0.03493918828122845	15.0	0.0	0.0	3.0
0.24734538874920348	0.6092980811068935	0.03170931380164483	45.0	0.0	0.0	3.0
0.3461365068511387	0.3935336810273781	0.028302380995959095	25.0	0.0	0.0	3.0
0.24002424777933504	0.3935542478497242	0.03173748514245409	72.0	0.0	0.0	3.0
0.3749671447326278	0.3306558418457469	0.03196064029439005	43.0	0.0	0.0	3.0
0.3315131772243373	0.10702951059492256	0.03294954162307115	59.0	0.0	0.0	3.0
0.42562411212519224	0.7115363249579185	0.03340820658106091	86.0	0.0	0.0	3.0
0.037300784376404286	0.6488187268712808	0.030961105779858857	26.0	0.0	0.0	3.0
0.4282355249773181	0.7831739079199171	0.031327590297656874	79.0	0.0	0.0	3.0
0.4239204483103542	0.0762405665587616	0.030794298712218622	54.0	0.0	0.0	3.0
0.613690673250107	0.5655443512081824	0.033718312305685054	1.0	0.0	0.0	3.0
0.9049422425239013	0.866993892811637	0.033095055020922734	70.0	0.0	0.0	3.0
0.060657164019796816	0.7214706160067798	0.03280079220550526	95.0	0.0	0.0	3.0
0.6105713989895288	0.12394770398879593	0.0321211153208276	29.0	0.0	0.0	3.0
0.8461747754345686	0.8010130124763866	0.03462391934793359	63.0	0.0	0.0	3.0
0.5041212283444134	0.4666440969796415	0.032849780271298465	74.0	0.0	0.0	3.0
0.3039575110127722	0.3263213266451691	0.033606676464266835	5.0	0.0	0.0	3.0
0.624874709798773	0.7196736218309754	0.03350860142786484	10.0	0.0	0.0	3.0
0.042322405273793204	0.19200210480340316	0.03152558066550886	39.0	0.0	0.0	3.0
0.04789223269838401	0.2588055532795129	0.031591527999919156	88.0	0.0	0.0	3.0
0.13640444669972676	0.361573588970749	0.03095260728115404	24.0	0.0	0.0	3.0
0.3217034079800465	0.6263325994829853	0.03493452927127313	4.0	0.0	0.0	3.0
0.4290541974673372	0.8556381103973186	0.03366905055979259	78.0	0.0	0.0	3.0
0.5041602115281665	0.7502968940363112	0.03382014039797783	14.0	0.0	0.0	3.0
0.9559127447472091	0.327733193500079	0.030445232579130198	18.0	0.0	0.0	3.0
0.5086195962366873	0.6738422532721619	0.03392254164706047	44.0	0.0	0.0	3.0
0.813318690807722	0.0929762879560925	0.034141094026296226	6.0	0.0	0.0	3.0
0.42308659421662914	0.6406304774627873	0.03134185940337064	37.0	0.0	0.0	3.0
0.3195612916411079	0.5518121080546274	0.03434460165463167	96.0	0.0	0.0	3.0
0.9326131233930431	0.49722708055636905	0.03332389711074193	85.0	0.0	0.0	3.0
0.35652732320320535	0.8965085521227525	0.03419401486433001	42.0	0.0	0.0	3.0
0.9289502865182866	0.6549017229245756	0.032552257882775375	3.0	0.0	0.0	3.0
0.7073104282183138	0.4626597867426923	0.03606331351395195	28.0	0.0	0.007694208919176049	3.0
0.7258454563946627	0.026755259081533457	0.028929686392964924	32.0	0.0	0.0	3.0
0.22098461885953496	0.3026542999172114	0.033506187668647026	48.0	0.0	0.0	3.0
0.42821220472127297	0.3988181994456066	0.03680499885486689	84.0	0.0	0.037636633167295486	3.0
0.8559728124808805	0.643866059544255	0.03215071954850904	38.0	0.0	0.0	3.0
0.6081054503255704	0.01723415903954674	0.013441623010711163	68.0	0.0	0.0	3.0
0.7302399366356461	0.8298600896469196	0.029066639408293727	71.0	0.0	0.0	3.0
0.6438247975129141	0.05544548298170838	0.03252501363611372	69.0	0.0	0.0	3.0
0.4925437299182809	0.323004343919532	0.03559311265772969	60.0	0.0	0.0013353390560837397	3.0
0.08289874583139659	0.4252293026241948	0.03229199287649181	2.0	0.0	0.0	3.0
0.032462319294706825	0.09175063995666768	0.03295661841706216	49.0	0.0	0.0	3.0
0.7630671379611247	0.17076399748784013	0.03301434913085822	21.0	0.0	0.0	3.0
0.5018832073693523	0.9731920781093256	0.030347530233322886	17.0	0.0	0.0	3.0
0.2773612549857409	0.4873186868228631	0.033066262754937355	13.0	0.0	0.0	3.0
0.13240137657446244	0.23481560987418412	0.030056898500856476	9.0	0.0	0.0	3.0
0.0758234427969258	0.7895888456120569	0.029503470024632297	90.0	0.0	0.0	3.0
0.5204908352615736	0.2587847634092975	0.032366227059018184	47.0	0.0	0.0	4.0
0.39685162521035366	0.5782504174034697	0.02987941025126427	87.0	0.0	0.0	4.0
0.03710716207815771	0.0964395555124968	0.032989575035479224	49.0	0.0	0.0	4.0
0.8221417756166075	0.38686617105938415	0.031133627131278416	76.0	0.0	0.0	4.0
0.7199408167296543	0.5526815853158107	0.03507701763260571	58.0	0.0	2.923818897215824e-06	4.0
0.03588608148329774	0.6487071632906368	0.030992066885638714	26.0	0.0	0.0	4.0
0.5057016583047792	0.7489425757659555	0.033853960538375805	14.0	0.0	0.0	4.0
0.895490981290952	0.35889889720935714	0.03546211323200684	75.0	0.0	0.0006315753718411088	4.0
0.30820600240511997	0.3248636045024428	0.0336402831407311	5.0	0.0	0.0	4.0
0.7057193588702224	0.46277518415192365	0.0360993768274659	28.0	0.0	0.008503930655962222	4.0
0.24674505682114392	0.6076976273412683	0.03174102311544647	45.0	0.0	0.0	4.0
0.32347612613538135	0.6268066011931626	0.034969463800544394	4.0	0.0	0.0	4.0
0.7114848929743193	0.7076980976482683	0.029789116100260835	31.0	0.0	0.0	4.0
0.11814148305857948	0.911486840024696	0.034806852296318774	27.0	0.0	0.0	4.0
0.18887556370530692	0.53572573419707	0.0308355625486977	51.0	0.0	0.0	4.0
0.5157140271925378	0.032869499596512294	0.03165683317588119	73.0	0.0	0.0	4.0
0.12366328968764931	0.3605688203336442	0.03098355988843519	24.0	0.0	0.0	4.0
0.8952205243292626	0.8708311306840975	0.033128150075943656	70.0	0.0	0.0	4.0
0.24802950296407203	0.13815119284272842	0.0309953921603065	65.0	0.0	0.0	4.0
0.5017475803497728	0.4633422055826542	0.03288263005156976	74.0	0.0	0.0	4.0
0.5021400595439051	0.8270840787221214	0.03347428113716117	30.0	0.0	0.0	4.0
0.41944583786038925	0.6369085991908465	0.03137320126277401	37.0	0.0	0.0	4.0
0.8655158352206116	0.46752680904059435	0.034977806653585276	94.0	0.0	0.0	4.0
0.6441556964592677	0.05269243304623093	0.032557538649749834	69.0	0.0	0.0	4.0
0.07810255021545719	0.7919482697447405	0.029532973494656927	90.0	0.0	0.0	4.0
0.42691270536052695	0.3976471369782298	0.03684180385372175	84.0	0.0	0.039986197432412496	4.0
0.5888863895097817	0.22788432752266824	0.03150196958155245	56.0	0.0	0.0	4.0
0.04880658557276297	0.2561677752797863	0.031623119527919075	88.0	0.0	0.0	4.0
0.357967103977283	0.896034718668817	0.03422820887919434	42.0	0.0	0.0	4.0
0.6049739778730455	0.12393008387342253	0.032153236436148425	29.0	0.0	0.0	4.0
0.825692245214425	0.56307021579614	0.032158838669782704	57.0	0.0	0.0	4.0
0.42528693231090503	0.7101151283225879	0.03344161478764197	86.0	0.0	0.0	4.0
0.6127791233007502	0.5636427556323758	0.03375203061799074	1.0	0.0	0.0	4.0
0.2751138761628461	0.034254171669748354	0.03294647478740478	40.0	0.0	0.0	4.0
0.5107474715682179	0.6729588959198741	0.03395646418870753	44.0	0.0	0.0	4.0
0.13425775169788576	0.232365871825584	0.03008695539935733	9.0	0.0	0.0	4.0
0.12152950250573485	0.5534900657358742	0.0319942958639952	36.0	0.0	0.0	4.0
0.5847043754593866	0.3982943322980355	0.03276149371667911	62.0	0.0	0.0	4.0
0.9331453035765519	0.4943447232711516	0.03335722100785267	85.0	0.0	0.0	4.0
0.5935379006888055	0.7831261665992086	0.03161499615967512	33.0	0.0	0.0	4.0
0.9549287450180024	0.32691161674214225	0.030475677811709324	18.0	0.0	0.0	4.0
0.33039547375429007	0.10649804799954098	0.03298249116469422	59.0	0.0	0.0	4.0
0.6242375279769109	0.7174850570535691	0.0335421100292927	10.0	0.0	0.0	4.0
0.15023045054844011	0.6880049284486321	0.0291867901110567	81.0	0.0	0.0	4.0
0.7612837248762186	0.17149122737537878	0.03304736347998907	21.0	0.0	0.0	4.0
0.7226179686854206	0.022914348781975312	0.028958616079357884	32.0	0.0	0.0	4.0
0.06287319556866322	0.7218869878706784	0.03283359299771076	95.0	0.0	0.0	4.0
0.7748463093898569	0.6537865873890443	0.031040124176491282	91.0	0.0	0.0	4.0
0.3196447165504108	0.5473956560520093	0.0343789462562863	96.0	0.0	0.0	4.0
0.7088778791012734	0.11884726150770031	0.034300460493048794	23.0	0.0	0.0	4.0
0.5824588546200703	0.4691528807282991	0.03268875555123787	83.0	0.0	0.0	4.0
0.6175231109731809	0.291463520030789	0.03451359918280023	52.0	0.0	0.0	4.0
0.5053305775868565	0.9692931998315347	0.030377877763556205	17.0	0.0	0.0	4.0
0.7458537304934196	0.3950023085684164	0.03061878828481806	22.0	0.0	0.0	4.0
0.5373193275774715	0.10019379922159642	0.031167969246277735	93.0	0.0	0.0	4.0
0.04186822841377662	0.19299736703673276	0.03155710624617437	39.0	0.0	0.0	4.0
0.135678385678871	0.10082195171544396	0.031156917917044905	67.0	0.0	0.0	4.0
0.27433129737002787	0.4831038280876386	0.03309932901769229	13.0	0.0	0.0	4.0
0.5588256188268168	0.8618406469335547	0.03129981771229964	20.0	0.0	0.0	4.0
0.3749882750620296	0.3272996158091057	0.03199260093468444	43.0	0.0	0.0	4.0
0.41393951870423457	0.9465616782691988	0.033779368487220844	61.0	0.0	0.0	4.0
0.6602223695477021	0.8195089829953323	0.03159314306651631	12.0	0.0	0.0	4.0
0.7798757697087023	0.5018621929647037	0.03290057809193537	80.0	0.0	0.0	4.0
0.06030777066483259	0.3419299994886098	0.03161071255530224	92.0	0.0	0.0	4.0
0.9133822927882013	0.26853175426591647	0.03269970620770758	50.0	0.0	0.0	4.0
0.9788114111226199	0.7252970262176759	0.03344954395406027	66.0	0.0	0.0	4.0
0.4248106581213928	0.8583945301717564	0.03370271961035238	78.0	0.0	0.0	4.0
0.9401980253738946	0.9311641016951858	0.029487328125580668	77.0	0.0	0.0	4.0
0.4912158730212801	0.3233415395311823	0.03562870577038742	60.0	0.0	0.0015904583964072572	4.0
0.24088229618726797	0.3914309311697022	0.031769222627596544	72.0	0.0	0.0	4.0
0.4835214781211153	0.9028378774250977	0.03157510972652518	89.0	0.0	0.0	4.0
0.5267760148167678	0.18092953911061763	0.03178627683273998	7.0	0.0	0.0	4.0
0.0854757961651483	0.41948661989959085	0.032324284869368294	2.0	0.0	0.0	4.0
0.929173595831659	0.6502359653761111	0.032584810140658144	3.0	0.0	0.0	4.0
0.42305959653240566	0.07470141686416858	0.030825093010930837	54.0	0.0	0.0	4.0
0.8217542238850237	0.8754118248343494	0.03326283587095979	34.0	0.0	0.0	4.0
0.5027391947985487	0.5293792730824061	0.03310479576604009	53.0	0.0	0.0	4.0
0.6662392385270172	0.6657851742466134	0.03057110888906724	46.0	0.0	0.0	4.0
0.34113407492417475	0.7130462079561893	0.03166544374119215	19.0	0.0	0.0	4.0
0.2780038296081966	0.8041878890033516	0.031141908324325743	41.0	0.0	0.0	4.0
0.8132864025076202	0.09554043487475666	0.03417523512032252	6.0	0.0	0.0	4.0
0.848191238537101	0.8003493922268257	0.034658543267281516	63.0	0.0	0.0	4.0
0.7768841197046994	0.7736908719127527	0.03661436990195989	16.0	0.0	0.026927071910066047	4.0
0.04777879170565612	0.5668064346787167	0.031850713347551435	8.0	0.0	0.0	4.0
0.5433025149178665	0.9217326278662058	0.028630822404196073	82.0	0.0	0.0	4.0
0.6479413047293674	0.8892617039264693	0.03197070713802955	11.0	0.0	0.0	4.0
0.3472240709096454	0.3926256346867995	0.02833068337695505	25.0	0.0	0.0	4.0
0.8485982316709543	0.6451180455805503	0.032182870268057544	38.0	0.0	0.0	4.0
0.4008848652294913	0.5095190612452272	0.03174777904674684	55.0	0.0	0.0	4.0
0.12378163011260365	0.6175500938963481	0.028997637108895913	64.0	0.0	0.0	4.0
0.8787700528623595	0.7295060412534092	0.034974127469509675	15.0	0.0	0.0	4.0
0.2217864561354404	0.3035964288234005	0.03353969385631567	48.0	0.0	0.0	4.0
0.41656919856183844	0.7849126550133175	0.03135891788795453	79.0	0.0	0.0	4.0
0.739584589991215	0.8331527591885611	0.02909570604770202	71.0	0.0	0.0	4.0
0.6089769944047421	0.009122150946107228	0.013455064633721873	68.0	0.0	0.0	4.0
0.9768538788652679	0.8555790856086741	0.03476293815570666	35.0	0.0	0.0	4.0
0.24999124409178686	0.6078510208890706	0.031772764138561914	45.0	0.0	0.0	5.0
0.2512496884614625	0.13875623596060896	0.031026387552466804	65.0	0.0	0.0	5.0
0.35281874031389077	0.8910301854655766	0.03426243708807353	42.0	0.0	0.0	5.0
0.9783324393981083	0.7279859036552677	0.03348299349801432	66.0	0.0	0.0	5.0
0.4225583218470919	0.6405656518398545	0.03140457446403678	37.0	0.0	0.0	5.0
0.5259960261227515	0.25869810762033535	0.0323985932860772	47.0	0.0	0.0	5.0
0.4260519346141221	0.39920914398626633	0.03687864565757547	84.0	0.0	0.04243406066593991	5.0
0.6401851845236833	0.05631607365512225	0.03259009618839958	69.0	0.0	0.0	5.0
0.4077737265452753	0.9596347319965969	0.03381314785570806	61.0	0.0	0.0	5.0
0.34752614612647964	0.3901123956288365	0.028359014060332	25.0	0.0	0.0	5.0
0.03562607056750581	0.18759209116712455	0.03158866335242054	39.0	0.0	0.0	5.0
0.5929523518655596	0.7839740412938345	0.031646611155834795	33.0	0.0	0.0	5.0
0.42449841591740295	0.07541919421981566	0.030855918103941764	54.0	0.0	0.0	5.0
0.8474227633689252	0.6451735905131573	0.032215053138325594	38.0	0.0	0.0	5.0
0.8874973501398233	0.7185724467607998	0.03500910159697918	15.0	0.0	4.825395194529847e-09	5.0
0.778269143655854	0.5049597263066891	0.0329334786700273	80.0	0.0	0.0	5.0
0.826752190225658	0.5635180808003262	0.03219099750845248	57.0	0.0	0.0	5.0
0.8968902554497459	0.3578728128766573	0.03549757534523884	75.0	0.0	0.0007884180038502109	5.0
0.5894885151805465	0.46489516369046	0.0327214443067891	83.0	0.0	0.0	5.0
0.1352091914624553	0.10185012229128125	0.031188074834961946	67.0	0.0	0.0	5.0
0.6492335137682864	0.8895213842450477	0.032002677845167575	11.0	0.0	0.0	5.0
0.5152349556589925	0.18060248190290729	0.03181806310957272	7.0	0.0	0.0	5.0
0.9128106353774459	0.26492979027265995	0.03273240591391528	50.0	0.0	0.0	5.0
0.7036305286073707	0.12091032660753423	0.03433476095354184	23.0	0.0	0.0	5.0
0.6574410421402367	0.662343538962595	0.030601679997956304	46.0	0.0	0.0	5.0
0.929173595831659	0.6522607296294033	0.032617394950798795	3.0	0.0	0.0	5.0
0.23104256618262903	0.3041506967269815	0.03357323355017198	48.0	0.0	0.0	5.0
0.1366392862747483	0.2299918222790234	0.030117042354756686	9.0	0.0	0.0	5.0
0.8207317058638837	0.876815479996129	0.03329609870683074	34.0	0.0	0.0	5.0
0.4992808426906541	0.974235760180162	0.03040825564131976	17.0	0.0	0.0	5.0
0.750919536458982	0.39498636192375364	0.030649407073102874	22.0	0.0	0.0	5.0
0.9480001044648555	0.4915865173668542	0.03339057822886052	85.0	0.0	0.0	5.0
0.12889995411198366	0.9118595201182195	0.03484165914861509	27.0	0.0	0.0	5.0
0.4264841985892233	0.7179784739318495	0.03347505640242961	86.0	0.0	0.0	5.0
0.7819915035938466	0.7654226573295958	0.03665098427186184	16.0	0.0	0.028801080556164038	5.0
0.5217637786551671	0.04016180430166407	0.03168849000905707	73.0	0.0	0.0	5.0
0.1309177007657288	0.36270567430345385	0.031014543448323623	24.0	0.0	0.0	5.0
0.7115044687323369	0.7047833472796541	0.029818905216361092	31.0	0.0	0.0	5.0
0.04860426139278999	0.5660040262383603	0.03188256406089898	8.0	0.0	0.0	5.0
0.19557084826276236	0.5314364603253244	0.030866398111246394	51.0	0.0	0.0	5.0
0.5070260049836163	0.7496814540647039	0.033887814498914176	14.0	0.0	0.0	5.0
0.037830152332777096	0.6477827670022132	0.03102305895252435	26.0	0.0	0.0	5.0
0.04976277875614723	0.26963100587434236	0.03165474264744699	88.0	0.0	0.0	5.0
0.12611607957682602	0.6263136266874001	0.029026634746004806	64.0	0.0	0.0	5.0
0.48248813903340193	0.9032592464701649	0.031606684836251696	89.0	0.0	0.0	5.0
0.5403274524330108	0.10254875180581616	0.03119913721552401	93.0	0.0	0.0	5.0
0.422577056927468	0.859653038007047	0.033736422329962726	78.0	0.0	0.0	5.0
0.08010443118925707	0.793109664576537	0.029562506468151582	90.0	0.0	0.0	5.0
0.23935158013806362	0.3929002540304257	0.031800991850224135	72.0	0.0	0.0	5.0
0.9454410443531511	0.9320131349177694	0.029516815453706245	77.0	0.0	0.0	5.0
0.5583189033251349	0.9198481573471345	0.028659453226600264	82.0	0.0	0.0	5.0
0.581223861562321	0.39872378653993645	0.032794255210395785	62.0	0.0	0.0	5.0
0.6070179263218504	0.0038993771041181463	0.013468519698355594	68.0	0.0	0.0	5.0
0.32251921460371913	0.09493825316833769	0.03301547365585891	59.0	0.0	0.0	5.0
0.5110814550986709	0.6622950694962351	0.03399042065289623	44.0	0.0	0.0	5.0
0.6579802664802082	0.8135316525726624	0.031624736209582824	12.0	0.0	0.0	5.0
0.1508435405048272	0.68708030272149	0.029215976901167753	81.0	0.0	0.0	5.0
0.7229806763909687	0.025516275589319418	0.028987574695437238	32.0	0.0	0.0	5.0
0.7218118846775289	0.5520658147733423	0.03511209465023832	58.0	0.0	9.014354489522702e-06	5.0
0.3417105947495261	0.7114483354523782	0.03169710918493334	19.0	0.0	0.0	5.0
0.062630104950837	0.7230052277167224	0.03286642659070847	95.0	0.0	0.0	5.0
0.6047149134127182	0.12198204158626047	0.032185389672584566	29.0	0.0	0.0	5.0
0.979142360230666	0.857417596317045	0.03479770109386236	35.0	0.0	0.0	5.0
0.7726016275299806	0.6546691136869772	0.03107116430066777	91.0	0.0	0.0	5.0
0.4929493195629099	0.8273240698513189	0.033507755418298334	30.0	0.0	0.0	5.0
0.2767241888347588	0.4811059169568366	0.03313242834670998	13.0	0.0	0.0	5.0
0.32126907473643096	0.5468836540352895	0.03441332520254258	96.0	0.0	0.0	5.0
0.5881738744362529	0.22299818034586072	0.031533471551134	56.0	0.0	0.0	5.0
0.8940289057987	0.8703539466948924	0.033161278226019594	70.0	0.0	0.0	5.0
0.0608382657706602	0.33257757054342973	0.03164232326785754	92.0	0.0	0.0	5.0
0.8280660237058952	0.38440680324356175	0.031164760758409692	76.0	0.0	0.0	5.0
0.2749099545016508	0.03586511514598748	0.03297942126219218	40.0	0.0	0.0	5.0
0.7376023797317633	0.8398955970954073	0.029124801753749718	71.0	0.0	0.0	5.0
0.48316500597896506	0.3127173315955523	0.0356643344761578	60.0	0.0	0.001876464476737283	5.0
0.4969390024070563	0.5304690756703935	0.03313790056180613	53.0	0.0	0.0	5.0
0.40163181658012936	0.5719423083740108	0.02990928966151553	87.0	0.0	0.0	5.0
0.3805494481634628	0.32636309482367676	0.032024593535619116	43.0	0.0	0.0	5.0
0.6130496296006416	0.5657797054617227	0.03378578264860872	1.0	0.0	0.0	5.0
0.3958849404103257	0.5030907642475756	0.03177952682579358	55.0	0.0	0.0	5.0
0.704239775234633	0.4568708194892953	0.03613547620429336	28.0	0.0	0.009369449741370772	5.0
0.6249206631169032	0.718887434119497	0.03357565213932199	10.0	0.0	0.0	5.0
0.5006706951166751	0.4642073491939032	0.03291551268162132	74.0	0.0	0.0	5.0
0.4156519145388748	0.7826427545644974	0.03139027680584248	79.0	0.0	0.0	5.0
0.7626295523596385	0.17393344787310147	0.033080410843469056	21.0	0.0	0.0	5.0
0.08624449523632284	0.41884480540312374	0.03235660915423766	2.0	0.0	0.0	5.0
0.3248853819225098	0.6258002356367537	0.035004433264344936	4.0	0.0	5.576339390245266e-10	5.0
0.27892301633466243	0.8035488086953053	0.031173050232650067	41.0	0.0	0.0	5.0
0.8121006440205428	0.09822794177912511	0.03420941035544284	6.0	0.0	0.0	5.0
0.31075229507487423	0.3245331342855578	0.03367392342387183	5.0	0.0	0.0	5.0
0.5684734415040503	0.8562792816222888	0.031331117530011936	20.0	0.0	0.0	5.0
0.8463179161538203	0.7972783206229057	0.034693201810548795	63.0	0.0	0.0	5.0
0.6121027219958063	0.28619456111775904	0.034548112781983026	52.0	0.0	0.0	5.0
0.8656916568938868	0.4602199328164959	0.03501278446023886	94.0	0.0	1.3372954299484263e-08	5.0
0.12411055865424084	0.5451960899592371	0.032026290159859194	36.0	0.0	0.0	5.0
0.9559417421165664	0.3266611546592226	0.03050615348952103	18.0	0.0	0.0	5.0
0.03319419797727325	0.096328667673243	0.0330225646105147	49.0	0.0	0.0	5.0
0.4339095978509361	0.6345312616734996	0.03143597903850081	37.0	0.0	0.0	6.0
0.03395491716639764	0.18054826027885765	0.031620252015772954	39.0	0.0	0.0	6.0
0.7053176120586941	0.1117728625918124	0.03436909571449538	23.0	0.0	0.0	6.0
0.887732976880688	0.7195384831598974	0.03504411069857616	15.0	0.0	5.493027543934659e-07	6.0
0.8658778709226348	0.4582539574890108	0.03504779724469909	94.0	0.0	6.988573915123197e-07	6.0
0.7516876751005546	0.3933839384433385	0.030680056480175973	22.0	0.0	0.0	6.0
0.04643004699197995	0.5669227102563053	0.031914446624959875	8.0	0.0	0.0	6.0
0.8170675796958917	0.8776969889277311	0.03332939480553757	34.0	0.0	0.0	6.0
0.27352261845049225	0.038239199070220574	0.03301240068345437	40.0	0.0	0.0	6.0
0.39625770909359803	0.5016032091084766	0.03181130635261937	55.0	0.0	0.0	6.0
0.6148474679911128	0.2835264954242563	0.034582660894765006	52.0	0.0	0.0	6.0
0.7209900117325518	0.5579616179643296	0.035147206744888554	58.0	0.0	2.0415644854665516e-05	6.0
0.9293221230726496	0.6561907870791157	0.03265001234574959	3.0	0.0	0.0	6.0
0.029143862738461045	0.09527293845667736	0.03305558717512521	49.0	0.0	0.0	6.0
0.5061958394002025	0.7510618783019734	0.033921702313413085	14.0	0.0	0.0	6.0
0.6506131219793794	0.8873827546879569	0.03203468052301274	11.0	0.0	0.0	6.0
0.15211680359541957	0.6870442202557997	0.029245192878068916	81.0	0.0	0.0	6.0
0.7612896090812237	0.17731030238293638	0.033113491254312524	21.0	0.0	0.0	6.0
0.48260562084446235	0.3135495392553373	0.03569999881063395	60.0	0.0	0.0021951888104609907	6.0
0.9156911952911992	0.26132101277748127	0.0327651383198292	50.0	0.0	0.0	6.0
0.3415734723198272	0.39077090463969516	0.02838737307439233	25.0	0.0	0.0	6.0
0.48768605014309196	0.9072177619189442	0.03163829152108794	89.0	0.0	0.0	6.0
0.3317617787058981	0.5544768120777351	0.03444773852774512	96.0	0.0	0.0	6.0
0.901207785528694	0.36733404925203045	0.03553307292058407	75.0	0.0	0.0009694821971919509	6.0
0.5822146274180182	0.3957945436493007	0.032827049465606176	62.0	0.0	0.0	6.0
0.06006725207476445	0.3305220880423848	0.0316739655911254	92.0	0.0	0.0	6.0
0.847776394013559	0.6432582808183921	0.03224726819146392	38.0	0.0	0.0	6.0
0.4991142367343217	0.975329986451233	0.030438663896961076	17.0	0.0	0.0	6.0
0.2407136859731775	0.3930857619419907	0.03183279284207435	72.0	0.0	0.0	6.0
0.5217257623928777	0.03172017849906612	0.03172017849906612	73.0	0.0	0.0	6.0
0.7716802877629263	0.6543001629076967	0.031102235464968434	91.0	0.0	0.0	6.0
0.13696932172744233	0.36120941968114556	0.031045557991771944	24.0	0.0	0.0	6.0
0.6119205009948294	0.12342873918229967	0.03221757506225715	29.0	0.0	0.0	6.0
0.6235019767715462	0.7190835293544404	0.033609227791461305	10.0	0.0	0.0	6.0
0.612168251253359	0.566692143956589	0.03381956843125733	1.0	0.0	0.0	6.0
0.4271765294487841	0.7069050971648622	0.03350853145883203	86.0	0.0	0.0	6.0
0.6066001286968105	0.0021383802893738943	0.013481988218053948	68.0	0.0	0.0	6.0
0.2388555106485434	0.1436291705428674	0.031057413940019266	65.0	0.0	0.0	6.0
0.6594151597172329	0.8139740229753899	0.031656360945792404	12.0	0.0	0.0	6.0
0.3420476554226524	0.7101716718736695	0.03172880629411827	19.0	0.0	0.0	6.0
0.5182001130035896	0.2551108354096061	0.032430991879363276	47.0	0.0	0.0	6.0
0.2761262817940443	0.4773385563113718	0.03316556077505668	13.0	0.0	0.0	6.0
0.4286838233581417	0.8598538374228453	0.03377015875229269	78.0	0.0	0.0	6.0
0.7789907688454117	0.5058076090017768	0.032966412148697326	80.0	0.0	0.0	6.0
0.5623891867473436	0.9233791587683975	0.02868811267982686	82.0	0.0	0.0	6.0
0.08460946530769185	0.42012481143366326	0.03238896576339189	2.0	0.0	0.0	6.0
0.04014613270696833	0.6506470637206517	0.031054082011476872	26.0	0.0	0.0	6.0
0.5935240632504031	0.7831349543383254	0.031678257766990625	33.0	0.0	0.0	6.0
0.19597657280478192	0.5305009875802102	0.030897264509357637	51.0	0.0	0.0	6.0
0.9750803714428784	0.7193160592546204	0.03351647649151233	66.0	0.0	0.0	6.0
0.40232901625550815	0.5734205497061822	0.02993919895117704	87.0	0.0	0.0	6.0
0.07974390881937471	0.7921104469321258	0.02959206897461973	90.0	0.0	0.0	6.0
0.5102607945316169	0.6611534798113615	0.03402441107354912	44.0	0.0	0.0	6.0
0.5384964969955344	0.10715968333593257	0.03123033635273953	93.0	0.0	0.0	6.0
0.5171924947214436	0.18290251732299542	0.03184988117268229	7.0	0.0	0.0	6.0
0.8952222810304157	0.8719495365814852	0.03319443950424561	70.0	0.0	0.0	6.0
0.9420042314968409	0.9224877230891362	0.029546332269159946	77.0	0.0	0.0	6.0
0.8290856833128013	0.3801089872382322	0.0311959255191681	76.0	0.0	0.0	6.0
0.7814239219764276	0.7686089777885454	0.0366876352561337	16.0	0.0	0.030762083221858916	6.0
0.9545301864436959	0.32776621074540035	0.03053665964301055	18.0	0.0	0.0	6.0
0.49988155034918585	0.45364508379511975	0.032948428194302944	74.0	0.0	0.0	6.0
0.7102123913285895	0.701466358096362	0.02984872412157745	31.0	0.0	0.0	6.0
0.8119413807259545	0.10455081618412947	0.034243619765798275	6.0	0.0	0.0	6.0
0.7043725957798526	0.458184904704682	0.03617161168049765	28.0	0.0	0.010292741182468035	6.0
0.27536608811224966	0.8044520540602703	0.031204223282882713	41.0	0.0	0.0	6.0
0.22991624388271684	0.3042039193414359	0.033606806783722146	48.0	0.0	0.0	6.0
0.32385048245869436	0.09621612720257036	0.03304848912951477	59.0	0.0	0.0	6.0
0.3529903205447009	0.8912500159593272	0.034296699525161595	42.0	0.0	0.0	6.0
0.9512472767701409	0.48655284286911543	0.03342396880708937	85.0	0.0	0.0	6.0
0.13598462052140198	0.22706906707241492	0.03014715939711144	9.0	0.0	0.0	6.0
0.9802974281786624	0.8571626892818771	0.03483249879495622	35.0	0.0	0.0	6.0
0.3237909342500907	0.6257967904262082	0.035039437697609276	4.0	0.0	3.9256775608009775e-07	6.0
0.8263821968438728	0.5684061349257765	0.03222318850596093	57.0	0.0	0.0	6.0
0.5878447005684257	0.21825261169528276	0.03156500502268513	56.0	0.0	0.0	6.0
0.6420472464036349	0.05793142631305109	0.032622686284587976	69.0	0.0	0.0	6.0
0.6678688471990606	0.6507449625410633	0.030632281677954256	46.0	0.0	0.0	6.0
0.12830677997888038	0.5494321272940005	0.03205831645001905	36.0	0.0	0.0	6.0
0.4281846136464805	0.40238197021478106	0.03691552430323304	84.0	0.0	0.04498243627635645	6.0
0.5895074967743652	0.4760658100860606	0.03275416575109589	83.0	0.0	0.0	6.0
0.8470545579435377	0.8014137202437872	0.03472789501235934	63.0	0.0	0.0	6.0
0.06208541267561595	0.724123401720722	0.03289929301729918	95.0	0.0	0.0	6.0
0.7223095471790657	0.03311082628751398	0.029016562270132672	32.0	0.0	0.0	6.0
0.7294017871042611	0.8408027800378954	0.029153926555503463	71.0	0.0	0.0	6.0
0.5573751894484873	0.8565238736255651	0.031362448647541945	20.0	0.0	0.0	6.0
0.057152621043630454	0.26699097739161437	0.031686397390094434	88.0	0.0	0.0	6.0
0.3096720320333477	0.325254328289178	0.0337075973472957	5.0	0.0	0.0	6.0
0.41240205405791425	0.7925132044918322	0.03142166708264832	79.0	0.0	0.0	6.0
0.49750697786242604	0.8272523289279389	0.033541263173716626	30.0	0.0	0.0	6.0
0.24987329603342998	0.6051764005758637	0.03180453690270047	45.0	0.0	0.0	6.0
0.13468222530106463	0.10300489164403	0.031219262909796906	67.0	0.0	0.0	6.0
0.13172384464625056	0.9147102052482434	0.0348765008077637	27.0	0.0	0.0	6.0
0.41131460602591013	0.9599813681046572	0.03384696100356377	61.0	0.0	0.0	6.0
0.4215677064694771	0.0837049317826943	0.030886774022045704	54.0	0.0	0.0	6.0
0.3823142611967492	0.32724349916452194	0.03205661812915473	43.0	0.0	0.0	6.0
0.1249929253979098	0.6238928675199096	0.029055661380750806	64.0	0.0	0.0	6.0
0.49717399200145046	0.5426122317300192	0.03317103846236793	53.0	0.0	0.0	6.0
0.6259578855048767	0.7194812292510993	0.03364283701925276	10.0	0.0	0.0	7.0
0.15629793774695444	0.6852464338875788	0.02927443807094698	81.0	0.0	0.0	7.0
0.4968340318800398	0.5471035106440688	0.03320420950083029	53.0	0.0	0.0	7.0
0.3223012900036395	0.6234875861250198	0.035074477135306883	4.0	0.0	2.643923380674096e-06	7.0
0.8450816161375674	0.6443969216836457	0.03227951545965538	38.0	0.0	0.0	7.0
0.7137105582739963	0.698763116923407	0.029878572845699024	31.0	0.0	0.0	7.0
0.2753325438420978	0.48149095388991414	0.033198726335831735	13.0	0.0	0.0	7.0
0.5121994442846802	0.6609266550380972	0.034058435484622666	44.0	0.0	0.0	7.0
0.7219068965793584	0.04376503341112027	0.029045578832402802	32.0	0.0	0.0	7.0
0.7716138149128986	0.6507811401832165	0.0311333377004334	91.0	0.0	0.0	7.0
0.9022982771713401	0.3684629702836715	0.03556860599350466	75.0	0.0	0.0011765605255931177	7.0
0.6575290597644209	0.8182488451257292	0.031688017306738196	12.0	0.0	0.0	7.0
0.23015133075094837	0.3029306582011234	0.03364041359050587	48.0	0.0	0.0	7.0
0.6097290247702776	0.006608570637216859	0.013495470206272	68.0	0.0	0.0	7.0
0.06317708849157505	0.7251712931527884	0.03293219231031647	95.0	0.0	0.0	7.0
0.14047255720311733	0.367034704728013	0.03107660354976371	24.0	0.0	0.0	7.0
0.8182534775092131	0.8770960316934975	0.03336272420034311	34.0	0.0	0.0	7.0
0.090330707224049	0.7853281096926964	0.029621661043594347	90.0	0.0	0.0	7.0
0.8288514554600122	0.38152710575716225	0.031227121444687266	76.0	0.0	0.0	7.0
0.5807778535841462	0.7770741932759836	0.031709936024757614	33.0	0.0	0.0	7.0
0.12482198018810146	0.6252433031181724	0.029084717042131555	64.0	0.0	0.0	7.0
0.6495227699318715	0.06239510707253917	0.032655308970872564	69.0	0.0	0.0	7.0
0.34064864495619446	0.7095491440443228	0.031760535100412386	19.0	0.0	0.0	7.0
0.4996435090895001	0.9733252947356247	0.030469102560858035	17.0	0.0	0.0	7.0
0.23987486321513105	0.3937255761363236	0.031864625634916426	72.0	0.0	0.0	7.0
0.06040521646715097	0.34393953248208475	0.03170563955671652	92.0	0.0	0.0	7.0
0.43988582574969737	0.8587193925969745	0.03380392891104498	78.0	0.0	0.0	7.0
0.32428847941493266	0.09768599721256675	0.033081537618644276	59.0	0.0	0.0	7.0
0.5047160892904535	0.7500873951113962	0.03395562401572649	14.0	0.0	0.0	7.0
0.49859379513911906	0.825056473903839	0.033574804436890336	30.0	0.0	0.0	7.0
0.7190367692513417	0.5571507569702616	0.03518235395163344	58.0	0.0	3.880837971337314e-05	7.0
0.6147599011591305	0.28700296551800303	0.03461724355565977	52.0	0.0	0.0	7.0
0.9509803848550564	0.4853613039342813	0.03345739277589646	85.0	0.0	0.0	7.0
0.7071849134077736	0.11123558433798338	0.03440346481020987	23.0	0.0	0.0	7.0
0.5607214840971589	0.9233949084622348	0.028716800792506682	82.0	0.0	0.0	7.0
0.5812547971292501	0.3974370567640241	0.03285987651507178	62.0	0.0	0.0	7.0
0.9341400765091733	0.6496637159383826	0.03268266235809533	3.0	0.0	0.0	7.0
0.8257481421396992	0.5692538911441385	0.03225541169446689	57.0	0.0	0.0	7.0
0.9551107942550655	0.3286299917759461	0.030567196302653556	18.0	0.0	0.0	7.0
0.3072519653869154	0.3243675495366319	0.03374130494464299	5.0	0.0	0.0	7.0
0.1332383575583137	0.9126034239705398	0.03491137730857146	27.0	0.0	0.0	7.0
0.42723683406159235	0.7085007680413865	0.03354203999029086	86.0	0.0	0.0	7.0
0.19233714128638188	0.522908724667218	0.03092816177386699	51.0	0.0	0.0	7.0
0.0867191584119516	0.4209850899030414	0.03242135472915528	2.0	0.0	0.0	7.0
0.03120034155679563	0.17787063958218632	0.031651872267788726	39.0	0.0	0.0	7.0
0.41627554189962473	0.9604670213196298	0.03388080796456733	61.0	0.0	0.0	7.0
0.3277346649647169	0.5499222602608281	0.034482186266272856	96.0	0.0	0.0	7.0
0.5882780720024247	0.47542321375017615	0.03278691991684698	83.0	0.0	0.0	7.0
0.48714922292904267	0.9082216198789274	0.03166992981260903	89.0	0.0	0.0	7.0
0.7603902771664973	0.17928105688135465	0.033146604745566834	21.0	0.0	0.0	7.0
0.2771646894604346	0.040056102655099825	0.03304541308413782	40.0	0.0	0.0	7.0
0.40628321274921625	0.5788486479932867	0.029969138150128215	87.0	0.0	0.0	7.0
0.12115458614056582	0.5409205735863428	0.03209037476646907	36.0	0.0	0.0	7.0
0.7297851038807386	0.8429546645416662	0.029183080482058962	71.0	0.0	0.0	7.0
0.4251610238094754	0.41629076959201433	0.03695243982753627	84.0	0.0	0.04763354989299273	7.0
0.612782524900719	0.12184088999251247	0.032249792637319405	29.0	0.0	0.0	7.0
0.04252151204285021	0.6564202506304422	0.031085136093488345	26.0	0.0	0.0	7.0
0.7773186436245267	0.768233167463684	0.036724322891389834	16.0	0.0	0.03281223061362937	7.0
0.9754765856317787	0.7209404815375586	0.03354999296800384	66.0	0.0	0.0	7.0
0.9051427463545547	0.2672644666371219	0.03279790345814902	50.0	0.0	0.0	7.0
0.5856849459995332	0.21794460880281125	0.03159657002770781	56.0	0.0	0.0	7.0
0.6515241938730663	0.8842534440456966	0.032066715203535746	11.0	0.0	0.0	7.0
0.5070287840652071	0.1785323680271121	0.031881731053854966	7.0	0.0	0.0	7.0
0.48087252603742386	0.32261547250571665	0.035735698809444584	60.0	0.0	0.0025484735687371085	7.0
0.843534543369035	0.8036376544371141	0.03476262290737169	63.0	0.0	0.0	7.0
0.04282181913858514	0.564798916234828	0.03194636107158483	8.0	0.0	0.0	7.0
0.5003699896490971	0.4502955598412146	0.03298137662249724	74.0	0.0	0.0	7.0
0.6090673088878922	0.5543176528611833	0.03385338799968858	1.0	0.0	0.0	7.0
0.7807579272906584	0.504706628981489	0.03299937856084602	80.0	0.0	0.0	7.0
0.34579590264326465	0.3987205723640127	0.028415760447466718	25.0	0.0	0.0	7.0
0.1310078025893202	0.09840155951870068	0.0312504821727067	67.0	0.0	0.0	7.0
0.05095201178266118	0.25590467183381593	0.03171808378748452	88.0	0.0	0.0	7.0
0.41338672254649367	0.08946964113140081	0.030917660796067746	54.0	0.0	0.0	7.0
0.8868094467929036	0.7205698116574439	0.03507915480927473	15.0	0.0	3.174036336872632e-06	7.0
0.9802543448726249	0.8583026812908974	0.03486733129375118	35.0	0.0	0.0	7.0
0.40651548811814425	0.7844131398332964	0.03145308874973096	79.0	0.0	0.0	7.0
0.7545012109058891	0.3912097523769617	0.030710736536656146	22.0	0.0	0.0	7.0
0.9430753169223085	0.9219106018541469	0.0295758786014291	77.0	0.0	0.0	7.0
0.8922092220209934	0.8707867606839174	0.03322763394374985	70.0	0.0	0.0	7.0
0.3952114288167871	0.5033429953414201	0.031843117658971985	55.0	0.0	0.0	7.0
0.24874436615837223	0.6043040094729628	0.03183634143960317	45.0	0.0	0.0	7.0
0.3443962061365632	0.8947544742967817	0.03433099622468675	42.0	0.0	0.0	7.0
0.5359107293782407	0.10853200918334992	0.03126156668909227	93.0	0.0	0.0	7.0
0.3840309840785304	0.3260175678652481	0.032088674747283885	43.0	0.0	0.0	7.0
0.2809003098256598	0.8126854185470517	0.03123542750616559	41.0	0.0	0.0	7.0
0.0273334054334612	0.09429742956549739	0.03308864276230033	49.0	0.0	0.0	7.0
0.6671224081454511	0.651498484210821	0.030662913959632207	46.0	0.0	0.0	7.0
0.4348643998792863	0.6341901577023796	0.03146741501753931	37.0	0.0	0.0	7.0
0.13475708580550377	0.22734808254323333	0.03017730655650855	9.0	0.0	0.0	7.0
0.2307849612274965	0.15198412955585872	0.03108847135395928	65.0	0.0	0.0	7.0
0.8645624001722149	0.46229390400352	0.03508284504194379	94.0	0.0	3.6389789244140047e-06	7.0
0.8080751474620756	0.10742351940433685	0.03427786338556407	6.0	0.0	0.0	7.0
0.5226129990292346	0.031086592744536044	0.031751898677565185	73.0	0.0	0.0	7.0
0.7039388421176238	0.4592780278495569	0.03620778329217814	28.0	0.0	0.011275791234638177	7.0
0.5198429755000661	0.2459418006941414	0.03246342287124263	47.0	0.0	0.0	7.0
0.557751016231397	0.8607767589208627	0.03139381109618948	20.0	0.0	0.0	7.0
0.3519282257492924	0.9072789424712453	0.034365327220911436	42.0	0.0	0.0	8.0
0.03351922362568871	0.10103267859953997	0.033121731405062624	49.0	0.0	0.0	8.0
0.5841383845968126	0.3957397842876604	0.032892736391586845	62.0	0.0	0.0	8.0
0.6573998010028596	0.8133904709638607	0.03171970532404493	12.0	0.0	0.0	8.0
0.34652916290103264	0.4007936547248228	0.02844417620791418	25.0	0.0	0.0	8.0
0.5027346928538476	0.17662159513090045	0.03191361278490882	7.0	0.0	0.0	8.0
0.8981587068356348	0.3773603861468639	0.035604174599498155	75.0	0.0	0.0014114560596141246	8.0
0.564858540854618	0.9320081045685583	0.028745517593299186	82.0	0.0	0.0	8.0
0.9834252154925304	0.8603623418163133	0.03490219862504493	35.0	0.0	0.0	8.0
0.40669488607916515	0.5777076612213627	0.02999910728827834	87.0	0.0	0.0	8.0
0.06719080741529457	0.3389636751661737	0.031737345196273234	92.0	0.0	0.0	8.0
0.5121426102893858	0.6624304927524062	0.034092493920107284	44.0	0.0	0.0	8.0
0.6975738801838655	0.12143935478513233	0.03443786827502008	23.0	0.0	0.0	8.0
0.3244725216654465	0.0944414016414989	0.03311461915626292	59.0	0.0	0.0	8.0
0.9336062536622719	0.6479885400556793	0.032715345020453424	3.0	0.0	0.0	8.0
0.4987678061039708	0.45183348381552235	0.03301435799911973	74.0	0.0	0.0	8.0
0.9441985661912389	0.9206720220451129	0.029605454480030526	77.0	0.0	0.0	8.0
0.49222445484714294	0.9070082253081085	0.031701599742421635	89.0	0.0	0.0	8.0
0.5029324680318831	0.7501942006712621	0.033989579639742216	14.0	0.0	0.0	8.0
0.039018837600423434	0.5714990480337339	0.03197830743265641	8.0	0.0	0.0	8.0
0.4125291241930253	0.09134894262760994	0.03094857845686381	54.0	0.0	0.0	8.0
0.9532183645802035	0.48605126188150966	0.033490850168672356	85.0	0.0	0.0	8.0
0.745911644480994	0.39769781930761133	0.0307414472731928	22.0	0.0	0.0	8.0
0.7188980030321056	0.558146212926287	0.035217536305585065	58.0	0.0	6.588328113821262e-05	8.0
0.43422435063989545	0.6373240355401123	0.03149888243255684	37.0	0.0	0.0	8.0
0.7302976741694103	0.8441163987436914	0.02921226356254102	71.0	0.0	0.0	8.0
0.7581765552505315	0.17774192882037435	0.0331797513503124	21.0	0.0	0.0	8.0
0.19475790039381283	0.5231457060499904	0.030959089935640855	51.0	0.0	0.0	8.0
0.6647620963138307	0.6515505026184372	0.030693576873591834	46.0	0.0	0.0	8.0
0.0343971547428688	0.17720724695969667	0.03168352414005651	39.0	0.0	0.0	8.0
0.8288246610424532	0.5661870415686474	0.03228766710616136	57.0	0.0	0.0	8.0
0.7040847138274255	0.4650692461130177	0.03624399107547032	28.0	0.0	0.012320597447711634	8.0
0.09216903379727064	0.7899609635450452	0.02965128270463794	90.0	0.0	0.0	8.0
0.47307606200973024	0.3162708050262229	0.03577143450825403	60.0	0.0	0.0029381716245353573	8.0
0.1451914560487539	0.9157995265824161	0.034946288685880025	27.0	0.0	0.0	8.0
0.08574012362898364	0.4207947492819457	0.03245377608388443	2.0	0.0	0.0	8.0
0.5573308254440124	0.851391135953863	0.03142520490728567	20.0	0.0	0.0	8.0
0.7751902549046771	0.7633257748062986	0.03676104721428122	16.0	0.0	0.03495368540399113	8.0
0.5813917031493389	0.7759087187794994	0.03174164596078237	33.0	0.0	0.0	8.0
0.8915489520604504	0.870000998530687	0.0332608615776936	70.0	0.0	0.0	8.0
0.6481561483953399	0.8912367598177818	0.03209878191873928	11.0	0.0	0.0	8.0
0.9746256946743882	0.7224845600788778	0.03358354296097184	66.0	0.0	0.0	8.0
0.23195342180991912	0.3011342310138068	0.03367405400409637	48.0	0.0	0.0	8.0
0.3962158628819674	0.5060729082588419	0.031874960776630955	55.0	0.0	0.0	8.0
0.4265910307906825	0.41643076081656055	0.03698939226736381	84.0	0.0	0.05038963941562713	8.0
0.32744909499102015	0.5486473331347229	0.034516668452539125	96.0	0.0	0.0	8.0
0.4044756704562858	0.9581729303450831	0.03391468877253189	61.0	0.0	0.0	8.0
0.05020998620580049	0.2539264701537628	0.03174980187127201	88.0	0.0	0.0	8.0
0.542059688503155	0.1107724831913934	0.031292828255781356	93.0	0.0	0.0	8.0
0.5874417084228111	0.21529516443316038	0.03162816659773552	56.0	0.0	0.0	8.0
0.2744410549065335	0.8107385080702034	0.03126666293367175	41.0	0.0	0.0	8.0
0.30902774295315516	0.32429483959855204	0.033775046249587624	5.0	0.0	0.0	8.0
0.8884695144518777	0.7218694188251058	0.035114233964084	15.0	0.0	9.54038095812848e-06	8.0
0.27819368133933564	0.03990935798346164	0.03307845849722195	40.0	0.0	0.0	8.0
0.42958936801053166	0.8598425419764303	0.033837732839956024	78.0	0.0	0.0	8.0
0.5904003054850825	0.477217938304824	0.03281970683676382	83.0	0.0	0.0	8.0
0.613732560965983	0.5635961419513185	0.03388724138768827	1.0	0.0	0.0	8.0
0.7697264146304768	0.6487518924664639	0.03116447103813383	91.0	0.0	0.0	8.0
0.12359263851131175	0.09391035113648966	0.0312817326548794	67.0	0.0	0.0	8.0
0.40779037609047436	0.7841652804388171	0.03148454183848069	79.0	0.0	0.0	8.0
0.4278177823101591	0.7057448787212589	0.033575582030281145	86.0	0.0	0.0	8.0
0.49959479493444303	0.9823663742944221	0.03049957166341889	17.0	0.0	0.0	8.0
0.9559830063374465	0.33046892384627113	0.030597763498956206	18.0	0.0	0.0	8.0
0.6091056893665909	0.010107884724565693	0.01350896567647827	68.0	0.0	0.0	8.0
0.14002323064482167	0.36441689817397743	0.03110768015331347	24.0	0.0	0.0	8.0
0.8543650154929399	0.6466303053260749	0.03231179497511503	38.0	0.0	0.0	8.0
0.6246514980695138	0.7220794386004781	0.03367647985627201	10.0	0.0	0.0	8.0
0.12162096348317095	0.6268401799255081	0.029113801759173684	64.0	0.0	0.0	8.0
0.8242893736335102	0.8720564449722277	0.03339608692454345	34.0	0.0	0.0	8.0
0.12314062103477355	0.5358220738814322	0.03212246514123553	36.0	0.0	0.0	8.0
0.8070941296772004	0.10746987587915888	0.034312141248949636	6.0	0.0	0.0	8.0
0.6470313077394418	0.05991147540677395	0.03268796427984343	69.0	0.0	0.0	8.0
0.8444361332091511	0.8023495713220573	0.03479738553027906	63.0	0.0	0.0	8.0
0.7219138800171064	0.04265582232643916	0.029074624411235202	32.0	0.0	0.0	8.0
0.23239193728554	0.15002209093774413	0.031119559825313236	65.0	0.0	0.0	8.0
0.24201122967994315	0.39567530564298664	0.03189649026055134	72.0	0.0	0.0	8.0
0.5209307604833053	0.03167565806717693	0.031783650576242745	73.0	0.0	0.0	8.0
0.31899084448039694	0.626829442940058	0.03510955161244219	4.0	0.0	8.414654644184338e-06	8.0
0.24823340518642467	0.6058086035772874	0.03186817778104277	45.0	0.0	0.0	8.0
0.6111188501342351	0.12127005782611879	0.03228204242995672	29.0	0.0	0.0	8.0
0.8659360788055726	0.46423038412383344	0.03511792788698573	94.0	0.0	1.0496137832660679e-05	8.0
0.5185866667052063	0.24369559833102264	0.032495886294113874	47.0	0.0	0.0	8.0
0.339076742612763	0.7066536978213246	0.03179229563551279	19.0	0.0	0.0	8.0
0.7726910943875386	0.4960335338238071	0.03303237793940686	80.0	0.0	0.0	8.0
0.38343447026042543	0.3274170107195175	0.032120763422031164	43.0	0.0	0.0	8.0
0.9071337141929494	0.2704826522967942	0.032830701361607165	50.0	0.0	0.0	8.0
0.27732342792123776	0.4806937037779339	0.033231925062167565	13.0	0.0	0.0	8.0
0.7120921101688931	0.6985323098192727	0.02990845141854472	31.0	0.0	0.0	8.0
0.49415619852759457	0.8259482464167189	0.03360837924132722	30.0	0.0	0.0	8.0
0.03329563847051017	0.6582742678337526	0.03111622122958183	26.0	0.0	0.0	8.0
0.13328035323169038	0.23136163750774663	0.030207483863065054	9.0	0.0	0.0	8.0
0.8254520200674568	0.3713417743653759	0.03125834856613195	76.0	0.0	0.0	8.0
0.49865996596209095	0.549420822063337	0.03323741371033112	53.0	0.0	0.0	8.0
0.6158956018285011	0.28721635318605254	0.03465186079921542	52.0	0.0	0.0	8.0
0.06513153233377823	0.7226585062735229	0.032965124502626786	95.0	0.0	0.0	8.0
0.15376565030579645	0.6901286183676398	0.029303712509017924	81.0	0.0	0.0	8.0
0.9060442766737384	0.27245961195409313	0.03286353206296877	50.0	0.0	0.0	9.0
0.8912863760131228	0.871475062182422	0.03329412243927129	70.0	0.0	0.0	9.0
0.19577362846991958	0.5252993089235605	0.03099004902557649	51.0	0.0	0.0	9.0
0.5769329529625028	0.4019905503160748	0.03292562912797843	62.0	0.0	0.0	9.0
0.6149774638974159	0.5623551516803421	0.03392112862907595	1.0	0.0	0.0	9.0
0.8314780327015611	0.5624960372268074	0.03231995477326752	57.0	0.0	0.0	9.0
0.504594754156579	0.7497159114080528	0.034023569219381954	14.0	0.0	0.0	9.0
0.5210497939193314	0.02957714341491143	0.031815434226818984	73.0	0.0	0.0	9.0
0.3384796659568517	0.707919652787186	0.031824087931148305	19.0	0.0	0.0	9.0
0.030321343992633486	0.18083398480289228	0.03171520766419657	39.0	0.0	0.0	9.0
0.042424157584445926	0.5726435534316181	0.03201028574008906	8.0	0.0	0.0	9.0
0.8038427963050373	0.1076235125980119	0.03434645339019858	6.0	0.0	0.0	9.0
0.8251656494488943	0.3736040493834183	0.03128960691469808	76.0	0.0	0.0	9.0
0.712659478042013	0.6996607197171129	0.02993835986996326	31.0	0.0	0.0	9.0
0.6446354365375974	0.8937845608074545	0.03213088070065801	11.0	0.0	0.0	9.0
0.7167568886727237	0.5554638159110923	0.035252753841890645	58.0	0.0	0.00010334114541876716	9.0
0.38349336961429037	0.3263786372908329	0.032152884185453194	43.0	0.0	0.0	9.0
0.041160627247911856	0.09281698583018	0.03315485313646768	49.0	0.0	0.0	9.0
0.32128483054020407	0.6301092217812103	0.03514466116405463	4.0	0.0	1.937473808766299e-05	9.0
0.4305575715921068	0.8602660882976907	0.033871570572795974	78.0	0.0	0.0	9.0
0.6528939568455482	0.8251766255308307	0.03175142502936897	12.0	0.0	0.0	9.0
0.6118609586132073	0.010064514742236401	0.013522474642154747	68.0	0.0	0.0	9.0
0.12153106564863397	0.6292188927594559	0.029142915560932854	64.0	0.0	0.0	9.0
0.7312804880078286	0.843451279493826	0.029241475826103557	71.0	0.0	0.0	9.0
0.8975300101483787	0.378944794440766	0.03563977877409765	75.0	0.0	0.0016759824100347487	9.0
0.8545310653343308	0.46491333115825617	0.03515304581487271	94.0	0.0	2.2942690591776227e-05	9.0
0.6645775358970519	0.6501626955222153	0.030724270450465423	46.0	0.0	0.0	9.0
0.40369927513126913	0.9625315005179214	0.03394860346130442	61.0	0.0	0.0	9.0
0.5750016599450762	0.7688625726474024	0.03177338760674315	33.0	0.0	0.0	9.0
0.3998663405135989	0.5026989741719851	0.03190683573740758	55.0	0.0	0.0	9.0
0.40779425010218284	0.5785245148237071	0.030029106395566614	87.0	0.0	0.0	9.0
0.9537976474485069	0.4875111400702453	0.033524341018841025	85.0	0.0	0.0	9.0
0.9528658436463069	0.3392818042967228	0.030628361262455158	18.0	0.0	0.0	9.0
0.6267969864151229	0.722399201779734	0.033710156336128276	10.0	0.0	0.0	9.0
0.41763842077589325	0.08851237297720396	0.030979527035320673	54.0	0.0	0.0	9.0
0.5417864437545511	0.1180025882730201	0.031324121084037135	93.0	0.0	0.0	9.0
0.12458514406208882	0.09499101206838587	0.031313014387534276	67.0	0.0	0.0	9.0
0.7696738597950953	0.6497944641266676	0.031195635509171957	91.0	0.0	0.0	9.0
0.5925493736246757	0.22032306392126222	0.031659794764333254	56.0	0.0	0.0	9.0
0.37675350701402804	0.5150300601202404	0.053106212424849704	-2.0	-1.0	37.98943266189492	9.0
0.2378133597377227	0.14032892316451617	0.031150679385138547	65.0	0.0	0.0	9.0
0.14859907248871088	0.9146303214505921	0.0349812349745659	27.0	0.0	0.0	9.0
0.9755998033248077	0.7335076498206927	0.03361712650393281	66.0	0.0	0.0	9.0
0.4262035859581937	0.7042148330975097	0.033609157612311424	86.0	0.0	0.0	9.0
0.5024951968065963	0.1754854791335439	0.03194552639769373	7.0	0.0	0.0	9.0
0.13502719543035493	0.23095300214262277	0.030237691346928115	9.0	0.0	0.0	9.0
0.7447526100741253	0.3984098342091488	0.030772188720465988	22.0	0.0	0.0	9.0
0.24083225455091828	0.3939909277926626	0.03192838675081189	72.0	0.0	0.0	9.0
0.8639706631497786	0.6456288627676692	0.03234410677009014	38.0	0.0	0.0	9.0
0.6127323355533749	0.11869836130917744	0.03231432447238667	29.0	0.0	0.0	9.0
0.1021021492523718	0.7818775151543161	0.029680933987342575	90.0	0.0	0.0	9.0
0.9840910698192187	0.8594360972013144	0.03493710082366997	35.0	0.0	0.0	9.0
0.30603063185533086	0.32900572232186404	0.03380882129583721	5.0	0.0	0.0	9.0
0.35708113602836755	0.9109099274894872	0.03439969254813234	42.0	0.0	0.0	9.0
0.8864819987801734	0.7214569758211057	0.03514934819804808	15.0	0.0	2.1319643337847083e-05	9.0
0.06655350472799106	0.7195936975644188	0.03299808962712941	95.0	0.0	0.0	9.0
0.34556762006096053	0.4010900935694887	0.028472620384122092	25.0	0.0	0.0	9.0
0.9352517447351217	0.6521354200316882	0.032748060365473876	3.0	0.0	0.0	9.0
0.6497025440194646	0.05800391525353715	0.03272065224412327	69.0	0.0	0.0	9.0
0.14140716548744345	0.36369354243943514	0.031138787833466783	24.0	0.0	0.0	9.0
0.5083270074103511	0.6627555753961053	0.03412658641402739	44.0	0.0	0.0	9.0
0.9409694927861809	0.917611285582564	0.029635059934510554	77.0	0.0	0.0	9.0
0.8455441057399382	0.7912588646203337	0.034832182915809334	63.0	0.0	0.0	9.0
0.5266208537435103	0.2461724979804298	0.03252838218040798	47.0	0.0	0.0	9.0
0.27355656815601614	0.04222265378227071	0.03311153695571917	40.0	0.0	0.0	9.0
0.22106408223073043	0.30082564261235323	0.03370772805810046	48.0	0.0	0.0	9.0
0.43855449600683355	0.6397638273377981	0.0315303813149894	37.0	0.0	0.0	9.0
0.7223737110113859	0.039198110602213385	0.029103699035646434	32.0	0.0	0.0	9.0
0.6965225598965058	0.12212224701096151	0.0344723061432951	23.0	0.0	0.0	9.0
0.4974142506954622	0.45134992480405794	0.03304737235711885	74.0	0.0	0.0	9.0
0.7741607402646508	0.4970970588640459	0.033065410317346264	80.0	0.0	0.0	9.0
0.46551028631592856	0.31255580163286023	0.03580720594276228	60.0	0.0	0.003366146596761155	9.0
0.7072751134834838	0.4653006400840997	0.036280235066545784	28.0	0.0	0.013429168712207229	9.0
0.8225769071789639	0.8730969504770778	0.03342948301146799	34.0	0.0	0.0	9.0
0.5589986180643196	0.851837081944695	0.03145663011219295	20.0	0.0	0.0	9.0
0.32640438523910836	0.09358176630213613	0.03314773377541918	59.0	0.0	0.0	9.0
0.08469146240740473	0.42069875147605545	0.03248622985996831	2.0	0.0	0.0	9.0
0.3253348797687718	0.5513305050659917	0.03455118512099166	96.0	0.0	0.0	9.0
0.27288888389962845	0.8115373963929172	0.03129792959660542	41.0	0.0	0.0	9.0
0.12288246189801286	0.5341954354479106	0.03215458760637677	36.0	0.0	0.0	9.0
0.49938334293367614	0.9907611801848266	0.030530071235082303	17.0	0.0	0.0	9.0
0.6167658751586972	0.2876923669525269	0.034686512660014636	52.0	0.0	0.0	9.0
0.4924727182626087	0.8242272554998856	0.033641987620568546	30.0	0.0	0.0	9.0
0.5662229287950491	0.931952239146812	0.02877426311089248	82.0	0.0	0.0	9.0
0.5830273393818141	0.483946788340594	0.03285252654360058	83.0	0.0	0.0	9.0
0.5024517868644632	0.5478467012381947	0.03327065112404145	53.0	0.0	0.0	9.0
0.15691494694293864	0.6881665347272172	0.02933301622152694	81.0	0.0	0.0	9.0
0.406771147310543	0.7837719477308596	0.03151602638031917	79.0	0.0	0.0	9.0
0.7753411206463933	0.7585347566432399	0.0367978082614955	16.0	0.0	0.0371886222802118	9.0
0.06738739928190998	0.340516714618429	0.031769082541469505	92.0	0.0	0.0	9.0
0.7594764669901523	0.16796720698025894	0.03321293110166271	21.0	0.0	0.0	9.0
0.49906884268257806	0.9008403071479587	0.03173330134216405	89.0	0.0	0.0	9.0
0.27239095182827167	0.48323240443347126	0.033265156987229726	13.0	0.0	0.0	9.0
0.4219483196553795	0.4207762773682285	0.037026381659631166	84.0	0.0	0.053252955064237995	9.0
0.051150973263023584	0.2541908169877934	0.031781551673143275	88.0	0.0	0.0	9.0
0.24009062186050267	0.60340870145494	0.03190004595882381	45.0	0.0	0.0	9.0
0.03187132933910543	0.6562393862710375	0.031147337450811406	26.0	0.0	0.0	9.0
0.2726699163881881	0.48172149599210234	0.03329842214421695	13.0	0.0	0.0	10.0
0.7031344620271307	0.6924898932916718	0.02996829822983322	31.0	0.0	0.0	10.0
0.7340585731895247	0.3983761704629713	0.03080296090918645	22.0	0.0	0.0	10.0
0.07414162523430949	0.34109216277127846	0.03180085162401097	92.0	0.0	0.0	10.0
0.9548510598949864	0.4881401390763209	0.03355786535985986	85.0	0.0	0.0	10.0
0.8429173284551565	0.7927389049262991	0.03486701509872514	63.0	0.0	0.0	10.0
0.5034582343006022	0.6634812164240959	0.03416071300044141	44.0	0.0	0.0	10.0
0.5088985643147019	0.5569347485218283	0.03330392177516549	53.0	0.0	0.0	10.0
0.7586204564529758	0.16660283188841873	0.033246144032764366	21.0	0.0	0.0	10.0
0.32605907572805004	0.5478950804566942	0.03458573630611265	96.0	0.0	0.0	10.0
0.4181123944575124	0.8617109231249843	0.03390544214336877	78.0	0.0	0.0	10.0
0.09554534319445479	0.7858618729195812	0.029710614921329915	90.0	0.0	0.0	10.0
0.8556786745632314	0.46207347061502385	0.03518819886068758	94.0	0.0	4.266099141148061e-05	10.0
0.42785788274027337	0.7064266933278537	0.03364276676992373	86.0	0.0	0.0	10.0
0.7760889726564784	0.49643545294460073	0.033098475727663605	80.0	0.0	0.0	10.0
0.8621614733532957	0.6456915342215596	0.03237645087686023	38.0	0.0	0.0	10.0
0.6120596448499596	0.020582814798286903	0.013535997116796901	68.0	0.0	0.0	10.0
0.4404715127488679	0.6376674803258505	0.03156191169630439	37.0	0.0	0.0	10.0
0.6534393370458145	0.6455388297812623	0.030754994720915887	46.0	0.0	0.0	10.0
0.2717680972240097	0.8166931211625502	0.03132922752620202	41.0	0.0	0.0	10.0
0.7708621726068905	0.6473935429102489	0.031226831144681125	91.0	0.0	0.0	10.0
0.6946426798693636	0.12397276920703468	0.03450677844943839	23.0	0.0	0.0	10.0
0.33169445044545276	0.634820000639936	0.03517980582521868	4.0	0.0	3.7204138010338283e-05	10.0
0.9846608282923573	0.7235162766817215	0.03365074363043674	66.0	0.0	0.0	10.0
0.7211964660026863	0.5556736012563631	0.03528800659573253	58.0	0.0	0.00015289288491260322	10.0
0.6283894526635178	0.7214618800708061	0.0337438664924644	10.0	0.0	0.0	10.0
0.47078994793484985	0.3118705815318839	0.03584301314870504	60.0	0.0	0.0038342728945934823	10.0
0.031178484788262215	0.6573888886045791	0.031178484788262215	26.0	0.0	0.0	10.0
0.1406209100485934	0.36151437029050704	0.031169926621300244	24.0	0.0	0.0	10.0
0.129661155535137	0.24040694615349126	0.03026792903827504	9.0	0.0	0.0	10.0
0.4975719743822021	0.9007412112951556	0.03176503464350621	89.0	0.0	0.0	10.0
0.12617172661645534	0.09506598356774958	0.03134432740192181	67.0	0.0	0.0	10.0
0.31482926799462074	0.3353729499648064	0.033842630117133045	5.0	0.0	0.0	10.0
0.40306923832961994	0.5664429633909323	0.030059135501962177	87.0	0.0	0.0	10.0
0.5708457659644558	0.7607251781935973	0.031805160994349886	33.0	0.0	0.0	10.0
0.772509370841488	0.7566699197585387	0.03683460606975699	16.0	0.0	0.03951922799311092	10.0
0.39863171278795256	0.5036655197419623	0.03193874257314498	55.0	0.0	0.0	10.0
0.5409614706461846	0.11919714933191418	0.031355445205121166	93.0	0.0	0.0	10.0
0.15634312098945363	0.6811954567568851	0.029362349237748463	81.0	0.0	0.0	10.0
0.6417001626649526	0.8183967806448982	0.031783176454398335	12.0	0.0	0.0	10.0
0.7083124919044511	0.46431734191765284	0.036316515301612326	28.0	0.0	0.014603525305858511	10.0
0.591789856751372	0.21844357223881833	0.03169145455909758	56.0	0.0	0.0	10.0
0.22607919364546783	0.6031881511784686	0.03193194600478263	45.0	0.0	0.0	10.0
0.6616399047890151	0.054302506417357094	0.03275337289636739	69.0	0.0	0.0	10.0
0.22063685544932016	0.29976843215343996	0.033741435786158555	48.0	0.0	0.0	10.0
0.5672527716500717	0.9341357689556987	0.02880303737400337	82.0	0.0	0.0	10.0
0.9845760172756001	0.857500886135298	0.03497203792449364	35.0	0.0	0.0	10.0
0.6154810135295067	0.2877693061373435	0.03472119917267465	52.0	0.0	0.0	10.0
0.49710900101405947	0.4533547284015987	0.03308041972947596	74.0	0.0	0.0	10.0
0.5808690261442933	0.4743109990539063	0.03288537907014418	83.0	0.0	0.0	10.0
0.34716039022676853	0.4009846488100129	0.028501093004506213	25.0	0.0	0.0	10.0
0.13355105890258506	0.5429896347900264	0.03218674219398314	36.0	0.0	0.0	10.0
0.9684376323363099	0.3487198896736736	0.03065898962371761	18.0	0.0	0.0	10.0
0.5758326983143774	0.40226994867585564	0.032958554757106406	62.0	0.0	0.0	10.0
0.030632605774507857	0.182878274373355	0.03174692287186076	39.0	0.0	0.0	10.0
0.1433635390379498	0.9156824461095859	0.035016216209540464	27.0	0.0	2.7291534365758707e-08	10.0
0.3392513940569964	0.7060770768128849	0.03185591201907945	19.0	0.0	0.0	10.0
0.42578663765280916	0.4261871692005456	0.037063408041290796	84.0	0.0	0.0562257594289548	10.0
0.798923319727135	0.10653785422507725	0.03438079984358878	6.0	0.0	0.0	10.0
0.9417897661701427	0.9207993724811925	0.029664694994445063	77.0	0.0	0.0	10.0
0.38582828410779835	0.32681734616219493	0.03218503706963864	43.0	0.0	0.0	10.0
0.7269223756125849	0.051096272676026934	0.02913280273468208	32.0	0.0	0.0	10.0
0.11948208751013631	0.6303063321880602	0.029172058476493783	64.0	0.0	0.0	10.0
0.524099687058255	0.24921148491979878	0.032560910562588384	47.0	0.0	0.0	10.0
0.5018993274163123	0.1710048229739459	0.031977471924091415	7.0	0.0	0.0	10.0
0.2435117272304582	0.3952857499258284	0.03196031513756269	72.0	0.0	0.0	10.0
0.8332797583160783	0.5670366512698625	0.03235227472804078	57.0	0.0	0.0	10.0
0.35490513985684935	0.911671890702102	0.03443409224068047	42.0	0.0	0.0	10.0
0.24022806798249238	0.13966694461872559	0.031181830064523682	65.0	0.0	0.0	10.0
0.7311654182165728	0.8444623345024679	0.029270717301929657	71.0	0.0	0.0	10.0
0.40733081137114263	0.9693224128747411	0.03398255206476572	61.0	0.0	0.0	10.0
0.0498897686171728	0.2531644640060965	0.031813333224816415	88.0	0.0	0.0	10.0
0.08343665735573444	0.42221127985657947	0.03251871608982827	2.0	0.0	0.0	10.0
0.04145232620507804	0.09158748881141442	0.03318800798960415	49.0	0.0	0.0	10.0
0.9072990461295612	0.27264662255764566	0.032896395595031734	50.0	0.0	0.0	10.0
0.5201831486696477	0.03130077128316131	0.0318472496610458	73.0	0.0	0.0	10.0
0.08263273320937695	0.7190471127458856	0.03303108771675654	95.0	0.0	0.0	10.0
0.8151228718569585	0.371563389159413	0.031320896521612775	76.0	0.0	0.0	10.0
0.4891055081128848	0.8225168027829372	0.03367562960818911	30.0	0.0	0.0	10.0
0.5608044996312358	0.8566921848950837	0.03148808674230514	20.0	0.0	0.0	10.0
0.6071150819030507	0.12166883958157013	0.032346638796859055	29.0	0.0	0.0	10.0
0.5058423006926932	0.73643075904311	0.034057592788601335	14.0	0.0	0.0	10.0
0.9402487985721436	0.6531396201984327	0.032780808425839345	3.0	0.0	0.0	10.0
0.4052887165854678	0.7835030639353948	0.031547542406699484	79.0	0.0	0.0	10.0
0.2747489770461926	0.04339644098475567	0.033144648492674886	40.0	0.0	0.0	10.0
0.6167520928018798	0.560910980289526	0.033955049757705025	1.0	0.0	0.0	10.0
0.8923493557316187	0.8684085168757116	0.03332741656171056	70.0	0.0	0.0	10.0
0.6362976338090532	0.8933379443553809	0.03216301158135867	11.0	0.0	0.0	10.0
0.32833059555555194	0.08314915999602274	0.03318088150919459	59.0	0.0	0.0	10.0
0.8209735284655872	0.8736811677827052	0.033462912494479455	34.0	0.0	0.0	10.0
0.4158588846688871	0.08828141614721248	0.031010506562355992	54.0	0.0	0.0	10.0
0.19805270612815618	0.5253782575837003	0.031021039074602064	51.0	0.0	0.0	10.0
0.5006429695101611	0.9902750750609335	0.03056060130631738	17.0	0.0	0.0	10.0
0.03771316652526271	0.5796521823758176	0.03204229602582914	8.0	0.0	0.0	10.0
0.8975708642298907	0.3832999424486412	0.03567541855287174	75.0	0.0	0.001971963771410401	10.0
0.8897549196303569	0.720777789575421	0.03518449754624613	15.0	0.0	4.019312351033477e-05	10.0
0.7649909452667333	0.764453297846217	0.03687144067582675	16.0	0.0	0.0419477014061016	11.0
0.8352339270413381	0.5626819939965707	0.03238462700276882	57.0	0.0	0.0	11.0
0.3309507858687187	0.6338883345511086	0.035214985631043895	4.0	0.0	6.359284812162969e-05	11.0
0.11945178409069536	0.10359433062301465	0.03137567172932373	67.0	0.0	0.0	11.0
0.263764483378645	0.040268495972138135	0.033177793141167554	40.0	0.0	0.0	11.0
0.6418572223649232	0.8172157659400444	0.03181495963085273	12.0	0.0	0.0	11.0
0.6341701720730368	0.9037546510316852	0.032195174592940023	11.0	0.0	0.0	11.0
0.415200794584966	0.09021925194043963	0.031041517068918344	54.0	0.0	0.0	11.0
0.5789911077240975	0.47399475102900956	0.03291826444921432	83.0	0.0	0.0	11.0
0.38848949215564593	0.32429487129565365	0.03221722210670828	43.0	0.0	0.0	11.0
0.0321425484601806	0.6581436193237366	0.031209663273050473	26.0	0.0	0.0	11.0
0.5026345628739527	0.6640162377878606	0.03419487371344185	44.0	0.0	0.0	11.0
0.4209729217122199	0.863518195293335	0.033939347585512133	78.0	0.0	0.0	11.0
0.4715385573903079	0.314382833208763	0.03587885616185374	60.0	0.0	0.00434443576196486	11.0
0.5178797551163975	0.2546073225676203	0.03259347147315097	47.0	0.0	0.0	11.0
0.49589953109162327	0.45399662167349686	0.03311350014920543	74.0	0.0	0.0	11.0
0.34290026730227247	0.7058355136734153	0.03188776793109853	19.0	0.0	0.0	11.0
0.7048883523829683	0.12045732282597221	0.034541285227887825	23.0	0.0	0.0	11.0
0.5177456871409484	0.036642112109331264	0.031879096910706846	73.0	0.0	0.0	11.0
0.048010243183888274	0.2552633757436234	0.03184514655804123	88.0	0.0	0.0	11.0
0.9080271476433555	0.2715179402220069	0.03292929199062676	50.0	0.0	0.0	11.0
0.8934543894984998	0.861766991318817	0.03336074397827227	70.0	0.0	0.0	11.0
0.7255526686137026	0.044598687221150075	0.029161935537416757	32.0	0.0	0.0	11.0
0.7385835950422099	0.4006335477637864	0.03083376387009563	22.0	0.0	0.0	11.0
0.7800972855465647	0.5023609695583756	0.033131574203391266	80.0	0.0	0.0	11.0
0.5774191734235214	0.40212471766469265	0.03299151331186351	62.0	0.0	0.0	11.0
0.6130850038105523	0.02089892783348264	0.013549533113913697	68.0	0.0	0.0	11.0
0.9477732917474265	0.9265448544021828	0.029694359689439506	77.0	0.0	0.0	11.0
0.4293054973694331	0.7073412917206752	0.03367640953669365	86.0	0.0	0.0	11.0
0.4943049642353176	0.7343779736090583	0.034091650381389935	14.0	0.0	0.0	11.0
0.6316697787670733	0.715202139565688	0.033777610358956864	10.0	0.0	0.0	11.0
0.03144383562029552	0.1838561220184921	0.031778669794732615	39.0	0.0	0.0	11.0
0.9703858990401316	0.34717478030324095	0.030689648613341326	18.0	0.0	0.0	11.0
0.39884383858599437	0.7866174717601107	0.03157908994910618	79.0	0.0	0.0	11.0
0.4836624060331769	0.8224996684482788	0.03370930523779729	30.0	0.0	0.0	11.0
0.13379143322110268	0.5413412425784973	0.032218928936177116	36.0	0.0	0.0	11.0
0.5901374148009082	0.21573460575419837	0.031723146013656674	56.0	0.0	0.0	11.0
0.5034015697359394	0.8962363370487787	0.03179679967814971	89.0	0.0	0.0	11.0
0.8051635245904611	0.09928267167365967	0.034415180643432366	6.0	0.0	0.0	11.0
0.6472342718003505	0.0557127528210105	0.032786126269263756	69.0	0.0	0.0	11.0
0.09157506527425774	0.7855487764927008	0.029740325536251243	90.0	0.0	0.0	11.0
0.04988453174527872	0.08648027988059778	0.033221195997593746	49.0	0.0	0.0	11.0
0.5012989235701706	0.17346639404776626	0.0320094493960155	7.0	0.0	0.0	11.0
0.8463097695319924	0.7953264979947711	0.03490188211382386	63.0	0.0	0.0	11.0
0.6150481273084457	0.5602779324024973	0.033989004807462725	1.0	0.0	0.0	11.0
0.11772265485102591	0.6315461119008523	0.029201230534970275	64.0	0.0	0.0	11.0
0.7701138525593834	0.6484484525961391	0.0312580579758258	91.0	0.0	0.0	11.0
0.3127622134982429	0.3409909182977141	0.033876472747250176	5.0	0.0	0.0	11.0
0.4388278446430858	0.6382430395325932	0.03159347360800069	37.0	0.0	0.0	11.0
0.5659260575035985	0.934114885490622	0.02883184041137737	82.0	0.0	0.0	11.0
0.7002921369328935	0.4591577369686663	0.036352831816913934	28.0	0.0	0.015845698940111674	11.0
0.571920294448048	0.7697904653054257	0.03183696615534423	33.0	0.0	0.0	11.0
0.08311223230788371	0.7172309440739093	0.03306411880447329	95.0	0.0	0.0	11.0
0.5435939256727552	0.1196917633217751	0.031386800650326285	93.0	0.0	0.0	11.0
0.3943816567870861	0.5007105955464283	0.031970681315718126	55.0	0.0	0.0	11.0
0.2134007091917142	0.30372639009070806	0.03377517722194471	48.0	0.0	0.0	11.0
0.22557077267389505	0.604110762830812	0.03196387795078741	45.0	0.0	0.0	11.0
0.4099515168758275	0.9715386838732875	0.034016534616830484	61.0	0.0	0.0	11.0
0.349605392685549	0.9085524725791144	0.03446852633292114	42.0	0.0	0.0	11.0
0.7275636478299282	0.8422183493951753	0.029299988019231584	71.0	0.0	0.0	11.0
0.08231153102089163	0.422826690677324	0.032551234805918094	2.0	0.0	0.0	11.0
0.8612555958534294	0.4566523524513811	0.035223387059548264	94.0	0.0	7.134343383086161e-05	11.0
0.13987946223357087	0.36885002465099176	0.031201096547921543	24.0	0.0	0.0	11.0
0.9834125433972772	0.723322191392101	0.03368439437406717	66.0	0.0	0.0	11.0
0.6539768410244198	0.636062837048369	0.0307857497156368	46.0	0.0	0.0	11.0
0.6143141454556693	0.2868197231091094	0.03475592037184732	52.0	0.0	0.0	11.0
0.33772829543586713	0.08705237029495741	0.033214062390703784	59.0	0.0	0.0	11.0
0.045658228813225635	0.5800276139791888	0.03207433832185497	8.0	0.0	0.0	11.0
0.5084234791545144	0.5546810501548188	0.03333722569694065	53.0	0.0	0.0	11.0
0.9884082310873823	0.8671586296393946	0.03500700996241813	35.0	0.0	2.2045867353881476e-09	11.0
0.2711517683406992	0.8146713846700381	0.031360556753728216	41.0	0.0	0.0	11.0
0.24335306188298053	0.14244762663101024	0.0312130118945882	65.0	0.0	0.0	11.0
0.8914513103229014	0.38452971848352635	0.03571109397142461	75.0	0.0	0.002301234965898402	11.0
0.34856407440969805	0.4000853911551134	0.028529594097510717	25.0	0.0	0.0	11.0
0.8618925174814023	0.6428520026788497	0.03240882732773709	38.0	0.0	0.0	11.0
0.33404086481532747	0.5468591651425849	0.03462032204241876	96.0	0.0	0.0	11.0
0.8908056148500861	0.7167981371677107	0.03521968204379237	15.0	0.0	6.785215647653331e-05	11.0
0.4281572055559725	0.4221885314917298	0.03710047144933208	84.0	0.0	0.05931032752022247	11.0
0.4943501020480554	0.9982614168315505	0.030591161907623694	17.0	0.0	0.0	11.0
0.7015638020360516	0.6911445703731992	0.02999826652806305	31.0	0.0	0.0	11.0
0.9409865841782575	0.6509213403753489	0.03281358923426518	3.0	0.0	0.0	11.0
0.6104266315603013	0.12004277786471884	0.03237898543565591	29.0	0.0	0.0	11.0
0.9542519340772678	0.4873067179508193	0.03359142322521972	85.0	0.0	0.0	11.0
0.7263579750772162	0.5513640717253618	0.035323294602328255	58.0	0.0	0.00021625957008097885	11.0
0.8144376141383992	0.372640482614414	0.03135221741813438	76.0	0.0	0.0	11.0
0.1981340029611931	0.5210744643393024	0.031052060113676665	51.0	0.0	0.0	11.0
0.4020177129557242	0.5659591063115889	0.030089194637464137	87.0	0.0	0.0	11.0
0.8124486141002162	0.8664173550518453	0.03349637540697393	34.0	0.0	0.0	11.0
0.2708129896625118	0.4803954435362146	0.03333172056636117	13.0	0.0	0.0	11.0
0.1430643774111655	0.9172474941353299	0.03505123242575	27.0	0.0	8.606265282651293e-07	11.0
0.07292321595583744	0.34214914196601726	0.03183265247563498	92.0	0.0	0.0	11.0
0.12191993852905211	0.24862558399100945	0.03029819696731331	9.0	0.0	0.0	11.0
0.7585053106884677	0.17186834473381657	0.033279390176797125	21.0	0.0	0.0	11.0
0.2447617670497664	0.39495992416541525	0.03199227545270025	72.0	0.0	0.0	11.0
0.15664197709313654	0.6795768131200576	0.029391711586986207	81.0	0.0	0.0	11.0
0.5573703826598375	0.8577037358540991	0.03151957482904744	20.0	0.0	0.0	11.0
