# x	y	r	id	split_id	s_prob	t
2.0	0.5	0.0	-1.0	0.0	0.0	0.0
0.6231120472172497	0.4976422697805727	0.10692093883556938	1.0	0.0	2380.926658693235	0.0
0.7516342363610586	0.682842889253919	0.10418372481878795	2.0	0.0	2119.2968642164196	0.0
0.5527406621739234	0.9193410901919004	0.10706024407008591	3.0	0.0	2394.788479589035	0.0
0.8073194656544573	0.901264684024518	0.10376952496212336	4.0	0.0	2081.4598935762056	0.0
0.5126047924193052	0.7004077292180165	0.10411173422078573	5.0	0.0	2112.6879076441874	0.0
0.39571618160782907	0.45157558507364437	0.1073521321712744	6.0	0.0	2424.007593966603	0.0
0.2069363427291558	0.2485425407445374	0.10687837537741843	7.0	0.0	2376.7019984705157	0.0
0.9196904225376115	0.5263460869853105	0.10933667316866699	8.0	0.0	2628.9924378557685	0.0
0.5175883265924132	0.7021528010882797	0.1042158459550065	5.0	0.0	2122.2501238598443	1.0
0.631417765854224	0.4778485307589849	0.10702785977440495	1.0	0.0	2391.5612344655883	1.0
0.7952028659084304	0.8868451797683521	0.10387329448708546	4.0	0.0	2090.8965527186224	1.0
0.9227619242940218	0.5322678626739225	0.10944600984183565	8.0	0.0	2640.609918112171	1.0
0.5503912315662128	0.9198132281125563	0.10716730431415598	3.0	0.0	2405.4781912010762	1.0
0.4308617234468938	0.2004008016032064	0.06412825651302605	-2.0	-1.0	158.16975628116964	1.0
0.7438851180863727	0.6707695296861118	0.10428790854360673	2.0	0.0	2128.885632631422	1.0
0.40224670558418696	0.44043367752968826	0.10745948430344567	6.0	0.0	2434.8134404762513	1.0
0.21473022193950775	0.24930552631660888	0.10698525375279583	7.0	0.0	2387.3197653111324	1.0
0.634801495759563	0.462741868850928	0.10713488763417933	1.0	0.0	2402.238111939496	2.0
0.543817942311368	0.9231964404030544	0.10727447161847013	3.0	0.0	2416.2104036880314	2.0
0.9359068167289003	0.5392441568812049	0.10955545585167747	8.0	0.0	2652.2732418171013	2.0
0.5144831279010612	0.7009544673735493	0.1043200618009615	5.0	0.0	2131.8507550611466	2.0
0.21786023648902159	0.2504908507158196	0.10709223900654861	7.0	0.0	2397.9797731202043	2.0
0.7427760376348257	0.6817424271519595	0.10439219645215032	2.0	0.0	2138.512912580959	2.0
0.7920563404888566	0.8847157687395888	0.10397716778157254	4.0	0.0	2100.371170070458	2.0
0.4049536704223026	0.4374487728562601	0.1075669437877491	6.0	0.0	2445.6622071869224	2.0
0.6347835157749525	0.4541936650593668	0.1072420225218135	1.0	0.0	2412.9574439316416	3.0
0.5425615360474363	0.9172363284429046	0.10738174609008859	3.0	0.0	2426.9852705385056	3.0
0.23879576327401494	0.2695974108414139	0.10719933124555515	7.0	0.0	2408.6821745095017	3.0
0.40165090263300557	0.4381974086999995	0.10767451073153683	6.0	0.0	2456.5540490014387	3.0
0.7866898417327959	0.8866711404916037	0.1040811449493541	4.0	0.0	2109.8838837632297	3.0
0.9445755833045298	0.5415620719821533	0.10966501130752913	8.0	0.0	2663.982573717791	3.0
0.5176266269972312	0.6965816654056431	0.10442438186276244	5.0	0.0	2141.4899409269847	3.0
0.7575762172457949	0.6742423922372656	0.10449658864860246	2.0	0.0	2148.1788440708956	3.0
0.7617454717291159	0.6670035006439963	0.10460108523725106	2.0	0.0	2157.8835675811833	4.0
0.5126103118418498	0.6920611411326429	0.1045288062446252	5.0	0.0	2151.167821609278	4.0
0.40257870637220855	0.4504548033407817	0.10778218524226836	6.0	0.0	2467.4891213449127	4.0
0.23800352043454073	0.27374198681914425	0.1073065305768007	7.0	0.0	2419.42712260568	4.0
0.7693188267330638	0.8888145182508619	0.10418522609430343	4.0	0.0	2119.434832396467	4.0
0.9378156187843552	0.5264982096429078	0.10977467631883665	8.0	0.0	2675.738079115551	4.0
0.6243155235909078	0.45482050204088204	0.1073492645443353	1.0	0.0	2423.7193837742534	4.0
0.5388579878360468	0.9119451442429196	0.10748912783617867	3.0	0.0	2437.802945758821	4.0
0.2421085361363162	0.2648943552300831	0.1074138371073775	7.0	0.0	2430.214771051943	5.0
0.9559719782762381	0.5197990191165581	0.10988445099515548	8.0	0.0	2687.5399238675527	5.0
0.7821503725333864	0.8839806231880067	0.10428941132039772	4.0	0.0	2129.02415503923	5.0
0.5147805271523336	0.6944241172369142	0.10463333505086982	5.0	0.0	2160.8845377345037	5.0
0.7690426036379063	0.660119151065709	0.1047056863224883	2.0	0.0	2167.627224067393	5.0
0.55125062388867	0.9089579507079941	0.10759661696401483	3.0	0.0	2448.6635838746893	5.0
0.6197669552989493	0.44780195823767055	0.10745661380887962	1.0	0.0	2434.5240853167734	5.0
0.3928006664269405	0.44831460873077805	0.10788996742751061	6.0	0.0	2478.467580166429	5.0
0.7517060900493027	0.6704708892215392	0.10481039200881079	2.0	0.0	2177.4099549622624	6.0
0.9600459579180609	0.49186127454832285	0.10999433544615063	8.0	0.0	2699.3882743886315	6.0
0.3899818449662496	0.44899275576509606	0.10799785739493811	6.0	0.0	2489.489581940746	6.0
0.24095990026195332	0.28768074970381224	0.10752125094448486	7.0	0.0	2441.045274009711	6.0
0.532540762170251	0.901737588881368	0.10770421358097884	3.0	0.0	2459.5673399328966	6.0
0.5292175340042304	0.6796654306189969	0.10473796838592067	5.0	0.0	2170.6402304052353	6.0
0.6159396801428667	0.4490348682010786	0.10756407042268849	1.0	0.0	2445.3717029275263	6.0
0.7778382243382197	0.8824401039706661	0.10439370073171811	4.0	0.0	2138.6519912316303	6.0
0.615498018839122	0.45252391096291295	0.10767163449311117	1.0	0.0	2456.2623914953974	7.0
0.5454678702956328	0.9215025390693447	0.10781191779455981	3.0	0.0	2470.5143695029788	7.0
0.529514535341112	0.675383680543304	0.10484270635430658	5.0	0.0	2180.4350412016884	7.0
0.3902469205126854	0.4542512681459459	0.10810585525233304	6.0	0.0	2500.5552836699894	7.0
0.7730786426884103	0.8871253558802703	0.10449809443244981	4.0	0.0	2148.3184809863546	7.0
0.7529485698273117	0.6626421314051674	0.10491520240081958	2.0	0.0	2187.231902177237	7.0
0.9760854279156114	0.5144721778821684	0.11010432978159677	8.0	0.0	2711.283297653077	7.0
0.245022788429466	0.29003784154976736	0.10762877219542934	7.0	0.0	2451.918786160298	7.0
0.24446645779837128	0.28781777176799744	0.10773640096762475	7.0	0.0	2462.83546270659	8.0
0.7639114614554198	0.6574293294467777	0.10502011760322039	2.0	0.0	2197.0932081040205	8.0
0.5988622039490762	0.4558670184481167	0.10777930612760427	1.0	0.0	2467.196306431518	8.0
0.3806292029697323	0.4593556101947367	0.10821396110758537	6.0	0.0	2511.6648428853537	8.0
0.9728757897558205	0.5175530854909196	0.11021443411137836	8.0	0.0	2723.2251611964443	8.0
0.5362974004563834	0.6760476924019154	0.10494754906066087	5.0	0.0	2190.2691121832636	8.0
0.7719478494410971	0.8846881320588611	0.10460259252688225	4.0	0.0	2158.0237647902018	8.0
0.5476194338297283	0.9229389435926401	0.10791972971235436	3.0	0.0	2481.504828678915	8.0
0.7685251887428817	0.6565323442397769	0.10512513772082359	2.0	0.0	2206.994015616134	9.0
0.24329765559433192	0.2829902948057272	0.10784413736859237	7.0	0.0	2473.7954593747327	9.0
0.38138062986223215	0.4671875964059578	0.10832217506869295	6.0	0.0	2522.8184176488176	9.0
0.5304588814553375	0.9272966894967428	0.1080276494420667	3.0	0.0	2492.5388740808257	9.0
0.09018036072144288	0.6933867735470941	0.007615230460921843	-2.0	-1.0	0.0	9.0
0.969085557337221	0.5124183084612018	0.11032464854548973	8.0	0.0	2735.214033117361	9.0
0.603746015544694	0.4352819884042697	0.10788708543373186	1.0	0.0	2478.173603670951	9.0
0.7715910428367195	0.8887257835249801	0.10470719511940912	4.0	0.0	2167.7679836056113	9.0
0.5343729065779886	0.6739785633226161	0.10505249660972152	5.0	0.0	2200.142585890101	9.0
0.625250501002004	0.5851703406813626	0.0036072144288577146	-2.0	-1.0	0.0	10.0
0.7754276976012819	0.8679459609119149	0.10481190231452853	4.0	0.0	2177.5512788722112	10.0
0.527633418433154	0.9283666814109279	0.10813567709150876	3.0	0.0	2503.616662856664	10.0
0.9638087206932829	0.49887174382105104	0.11043497319403521	8.0	0.0	2747.2500820793425	10.0
0.7813347861568744	0.6494207360821517	0.10523026285854441	2.0	0.0	2216.934468070474	10.0
0.6187079896632973	0.4398946901340306	0.10799497251916558	1.0	0.0	2489.1944396743784	10.0
0.2445362555124382	0.27577412891572195	0.10795198150596096	7.0	0.0	2484.798932415819	10.0
0.547765818585495	0.6893191196660088	0.10515754910633122	5.0	0.0	2210.0556053446353	10.0
0.3840935788161706	0.46554442048236966	0.10843049724376162	6.0	0.0	2534.016166554851	10.0
0.9454151595018071	0.4928184023773762	0.11054540816722923	8.0	0.0	2759.333477312618	11.0
0.5509997983755288	0.6882094919149552	0.10526270665543755	5.0	0.0	2220.00831405316	11.0
0.3791734670167446	0.4670612663228936	0.10853892774100538	6.0	0.0	2545.258248732146	11.0
0.6215173692411535	0.43729813634651643	0.10810296749168473	1.0	0.0	2500.2589714298106	11.0
0.7793613561446758	0.6494642280840986	0.10533549312140295	2.0	0.0	2226.914709308873	11.0
0.7664692849160887	0.8799237130057553	0.10491671421684304	4.0	0.0	2187.373792508359	11.0
0.5400934957899777	0.9249508219972806	0.10824381276860026	3.0	0.0	2514.7383526839308	11.0
0.23138034462518672	0.30037546342218036	0.10805993348746691	7.0	0.0	2495.8460386075876	11.0
