# x	y	r	id	split_id	s_prob	t
2.0	0.5	0.0	-1.0	0.0	0.0	0.0
0.7457670601143184	0.2581438803687218	0.027548869828806565	1.0	0.0	0.0	0.0
0.1027975241541376	0.1520392601433869	0.030352123001795916	2.0	0.0	0.0	0.0
0.7180039005635352	0.7037832853151285	0.028522803552740346	3.0	0.0	0.0	0.0
0.08849617165693982	0.3863444988540641	0.027342602413026072	4.0	0.0	0.0	0.0
0.4315385724713644	0.4516287760737443	0.02452418007892401	5.0	0.0	0.0	0.0
0.1632121128212556	0.40539158881970216	0.029364654526638546	6.0	0.0	0.0	0.0
0.21129577774960534	0.4437779823987388	0.025999055375154713	7.0	0.0	0.0	0.0
0.32111691516711355	0.6070408374626173	0.02998371252362552	8.0	0.0	0.0	0.0
0.706015263484788	0.47534627941823093	0.029230231417536844	9.0	0.0	0.0	0.0
0.7210803240185635	0.7124809872994344	0.028551326356293084	3.0	0.0	0.0	1.0
0.43777125941096384	0.45184468020547663	0.02454870425900293	5.0	0.0	0.0	1.0
0.20417513402984241	0.4506130349259226	0.026025054430529864	7.0	0.0	0.0	1.0
0.1612049191953694	0.4070890267857638	0.02939401918116518	6.0	0.0	0.0	1.0
0.6889666336262844	0.48495221727153026	0.029259461648954377	9.0	0.0	0.0	1.0
0.08734324720790265	0.3851049264498495	0.027369945015439094	4.0	0.0	0.0	1.0
0.323995117783858	0.5889055312534128	0.03001369623614914	8.0	0.0	0.0	1.0
0.1363804902080472	0.10886235495691848	0.03038247512479771	2.0	0.0	0.0	1.0
0.7595087887809863	0.24858970825491394	0.02757641869863537	1.0	0.0	0.0	1.0
0.36426433130686525	0.5954265643192118	0.03004370993238529	8.0	0.0	0.0	2.0
0.08665517079845397	0.3860011581937428	0.02739731496045453	4.0	0.0	0.0	2.0
0.18792778449311215	0.46400583911055937	0.026051079484960393	7.0	0.0	0.0	2.0
0.657810928237258	0.44489598949700543	0.02928872111060333	9.0	0.0	0.0	2.0
0.4336114547470081	0.4496704314868391	0.024573252963261932	5.0	0.0	0.0	2.0
0.1280222858960882	0.1120275745901921	0.030412857599922506	2.0	0.0	0.0	2.0
0.735837441228879	0.22313934225680493	0.027603995117334003	1.0	0.0	0.0	2.0
0.1600557778576189	0.4135401387357066	0.029423413200346343	6.0	0.0	0.0	2.0
0.7187192698422828	0.7005374998461982	0.028579877682649375	3.0	0.0	0.0	2.0
0.7421139754839053	0.20961138846101862	0.027631599112451333	1.0	0.0	0.0	3.0
0.1885721201057076	0.4616841743653235	0.02607713056444535	7.0	0.0	0.0	3.0
0.43684224214800615	0.46291620408317924	0.02459782621622519	5.0	0.0	0.0	3.0
0.35564540245250936	0.6023508037878001	0.03007375364231767	8.0	0.0	0.0	3.0
0.15875904607412625	0.40698056888680334	0.029452836613546685	6.0	0.0	0.0	3.0
0.1263138466239888	0.11803634268703733	0.030443270457522424	2.0	0.0	0.0	3.0
0.6289599268260839	0.46020787394308993	0.02931800983171393	9.0	0.0	0.0	3.0
0.07482438936984859	0.40267905685790717	0.027424712275414983	4.0	0.0	0.0	3.0
0.7211311313295751	0.70991147705829	0.02860845756033202	3.0	0.0	0.0	3.0
0.20623662067189158	0.46706171183729756	0.026103207695009793	7.0	0.0	0.0	4.0
0.6302578161182433	0.46249450858241037	0.02934732784154564	9.0	0.0	0.0	4.0
0.43743605919203343	0.46284672664603044	0.024622424042441412	5.0	0.0	0.0	4.0
0.12447842308077953	0.11408041352623499	0.030473713727979943	2.0	0.0	0.0	4.0
0.3554597005133989	0.6036829587052618	0.030103827395959983	8.0	0.0	0.0	4.0
0.06546536280914549	0.4053082418418443	0.027452136987690393	4.0	0.0	0.0	4.0
0.7173146800198806	0.7011119448300861	0.02863706601789235	3.0	0.0	0.0	4.0
0.7409162046610542	0.20653650080186042	0.02765923071156378	1.0	0.0	0.0	4.0
0.15817265476975456	0.408660821741872	0.02948228945016023	6.0	0.0	0.0	4.0
0.16171630325377206	0.41015814106156234	0.029511771739610386	6.0	0.0	0.0	5.0
0.21198246983433575	0.46948954038681556	0.0261293109027048	7.0	0.0	0.0	5.0
0.352699839158188	0.6086911711660755	0.03013393122335594	8.0	0.0	0.0	5.0
0.7421705051055543	0.20667525662350553	0.02768688994227534	1.0	0.0	0.0	5.0
0.6151517984026607	0.4702694387299272	0.029376675169387183	9.0	0.0	0.0	5.0
0.7209401739274633	0.7069721663151401	0.02866570308391024	3.0	0.0	0.0	5.0
0.052961395047621686	0.41484567508690273	0.02747958912467808	4.0	0.0	0.0	5.0
0.4432831308102891	0.4641757509248125	0.02464704646648385	5.0	0.0	0.0	5.0
0.12315320085646439	0.12454942444108201	0.03050418744170792	2.0	0.0	0.0	5.0
0.12096999948241687	0.13125426130555767	0.030534691629149624	2.0	0.0	0.0	6.0
0.18173861062313357	0.3924774726499745	0.02954128351134999	6.0	0.0	0.0	6.0
0.7415623652093066	0.2035989565141671	0.027714576832217612	1.0	0.0	0.0	6.0
0.7286034888283762	0.709985099706855	0.02869436878699415	3.0	0.0	0.0	6.0
0.17362141801029937	0.45157206815403034	0.026155440213607502	7.0	0.0	0.0	6.0
0.3570169607817163	0.6137636281287021	0.030164065154579294	8.0	0.0	0.0	6.0
0.04568803331543581	0.4203934502660217	0.027507068713802756	4.0	0.0	0.0	6.0
0.6193541540368775	0.47687473426562366	0.029406051844556566	9.0	0.0	0.0	6.0
0.43366213418107924	0.46882497891423663	0.024671693512950333	5.0	0.0	0.0	6.0
0.18564015767550787	0.38378328978382875	0.02957082479486134	6.0	0.0	0.0	7.0
0.7347278385322745	0.20305998520661406	0.027742291409049828	1.0	0.0	0.0	7.0
0.45184837650586174	0.45243618608178315	0.024696365206463282	5.0	0.0	0.0	7.0
0.6211170231530787	0.48307493808751695	0.029435457896401118	9.0	0.0	0.0	7.0
0.0532094629050671	0.4107233082143371	0.027534575782516554	4.0	0.0	0.0	7.0
0.3584643902272213	0.6101818359403108	0.03019422921973387	8.0	0.0	0.0	7.0
0.7341262497576414	0.7200070379653902	0.028723063155781138	3.0	0.0	0.0	7.0
0.11629921344858916	0.1289607772442265	0.03056522632077877	2.0	0.0	0.0	7.0
0.17124456566658303	0.46187885903023157	0.026181595653821107	7.0	0.0	0.0	7.0
0.17329214706042914	0.46192398523861866	0.026207777249474925	7.0	0.0	0.0	8.0
0.7314095029054392	0.2073821762958926	0.027770033700458874	1.0	0.0	0.0	8.0
0.12926255877741766	0.14380929781273996	0.030595791547099543	2.0	0.0	0.0	8.0
0.3587243382020121	0.6019267115197104	0.0302244234489536	8.0	0.0	0.0	8.0
0.18503154117261644	0.38233015862846376	0.029600395619656196	6.0	0.0	0.0	8.0
0.04380286867487131	0.4063948846462696	0.02756211035829907	4.0	0.0	0.0	8.0
0.7293547505667602	0.7360196687919447	0.028751786218936915	3.0	0.0	0.0	8.0
0.44734364325068837	0.4549001419096312	0.024721061571669742	5.0	0.0	0.0	8.0
0.6292475334151376	0.49087935393825555	0.029464893354297517	9.0	0.0	0.0	8.0
0.7299692190924351	0.2149169439139279	0.02779780373415933	1.0	0.0	0.0	9.0
0.6445416891433916	0.5163109349115824	0.02949435824765181	9.0	0.0	0.0	9.0
0.4482057409705625	0.4510513067040505	0.024745782633241408	5.0	0.0	0.0	9.0
0.047163415537924004	0.4081245276011259	0.027589672468657366	4.0	0.0	0.0	9.0
0.7271588840837251	0.7353878525560552	0.02878053800515585	3.0	0.0	0.0	9.0
0.17097262675546546	0.45523249905008556	0.0262339850267244	7.0	0.0	0.0	9.0
0.35818989400661855	0.6021605072597651	0.030254647872402552	8.0	0.0	0.0	9.0
0.12985018306816687	0.1462184745121864	0.03062638733864664	2.0	0.0	0.0	9.0
0.18938883555701364	0.38248109800178415	0.02962999601527585	6.0	0.0	0.0	9.0
0.44183656030946733	0.4377644804854771	0.024770528415874647	5.0	0.0	0.0	10.0
0.03784401486004087	0.4095134893242783	0.02761726214112602	4.0	0.0	0.0	10.0
0.7256441917091703	0.7415978776231847	0.028809318543161003	3.0	0.0	0.0	10.0
0.37509289909198923	0.6131399688993198	0.03028490252027495	8.0	0.0	0.0	10.0
0.12811736459930242	0.14100845656836192	0.030657013725985283	2.0	0.0	0.0	10.0
0.6380894249315731	0.5198401325592495	0.02952385260589946	9.0	0.0	0.0	10.0
0.1961926296373314	0.37836018352397965	0.029659626011291122	6.0	0.0	0.0	10.0
0.18093384617604708	0.4574966584995601	0.02626021901175112	7.0	0.0	0.0	10.0
0.7326404223504105	0.18235254897441094	0.027825601537893485	1.0	0.0	0.0	10.0
0.44428885434316107	0.43852051046129675	0.024795298944290518	5.0	0.0	0.0	11.0
0.7356020281678924	0.732394401462063	0.02883812786170416	3.0	0.0	0.0	11.0
0.03841207490302245	0.4013239937564389	0.027644879403267143	4.0	0.0	0.0	11.0
0.7270137912855265	0.19826022907547494	0.027853427139431376	1.0	0.0	0.0	11.0
0.6468269846160434	0.5197025968866172	0.029553376458505354	9.0	0.0	0.0	11.0
0.18895400286312866	0.37861093403395457	0.02968928563730241	6.0	0.0	0.0	11.0
0.13402931220936767	0.14039210292399634	0.030687670739711265	2.0	0.0	0.0	11.0
0.3812534660470729	0.6090829535271954	0.030315187422795223	8.0	0.0	0.0	11.0
0.16351075962402195	0.4594240712663502	0.02628647923076287	7.0	0.0	0.0	11.0
