# x	y	r	id	split_id	s_prob	t
2.0	0.5	0.0	-1.0	0.0	0.0	0.0
0.29843936473521443	0.20958064624750672	0.030917656225139045	1.0	0.0	0.0	0.0
0.5608051550194996	0.9561945733001432	0.030593515055004086	2.0	0.0	0.0	0.0
0.5619494808726286	0.3765496072554062	0.028331224168786025	3.0	0.0	0.0	0.0
0.3699705146506085	0.9611837142248201	0.03213058870882939	4.0	0.0	0.0	0.0
0.6985893458980467	0.04475686099150197	0.033799792742598526	5.0	0.0	0.0	0.0
0.2860790027821107	0.5498955218224238	0.034343275644512845	6.0	0.0	0.0	0.0
0.6467201236354985	0.09796399629128347	0.03291427750425957	7.0	0.0	0.0	0.0
0.621475980913085	0.4141972740855812	0.030911545460637214	8.0	0.0	0.0	0.0
0.3182406908209031	0.11646371842825533	0.031855299501718504	9.0	0.0	0.0	0.0
0.1361045338063792	0.39553986188957757	0.030450345139901712	10.0	0.0	0.0	0.0
0.7397905856922831	0.9200233015962357	0.031089866396596718	11.0	0.0	0.0	0.0
0.06434294414455946	0.7209555133734634	0.030785882655751478	12.0	0.0	0.0	0.0
0.3443077793949256	0.4590490549003904	0.031603790606010956	13.0	0.0	0.0	0.0
0.7840692113987905	0.6992538156792834	0.0343955138738317	14.0	0.0	0.0	0.0
0.8815371121524795	0.4171438211581794	0.03224895442071041	15.0	0.0	0.0	0.0
0.30822989570773196	0.3419065969493009	0.0324184600737091	16.0	0.0	0.0	0.0
0.6150620625753608	0.5109137457727306	0.03071428479828924	17.0	0.0	0.0	0.0
0.3013698269363012	0.789681994939052	0.029709427856861176	18.0	0.0	0.0	0.0
0.1697812350479482	0.22403814260380941	0.03687432634071273	19.0	0.0	0.04214204433355917	0.0
0.1697812350479482	0.789681994939052	0.029893965839160912	20.0	0.0	0.0	0.0
0.7687603119281212	0.09197439327646968	0.03235591524227909	21.0	0.0	0.0	0.0
0.5620524402506688	0.8320896927988055	0.03187108476936532	22.0	0.0	0.0	0.0
0.2901390111669576	0.6297348402781217	0.03178964909891456	23.0	0.0	0.0	0.0
0.8695082497338822	0.9300015834455895	0.034215284372025055	24.0	0.0	0.0	0.0
0.8688846071182976	0.18849051351548657	0.03341802736060515	25.0	0.0	0.0	0.0
0.44257761376087373	0.3427548717308694	0.03314096819900272	26.0	0.0	0.0	0.0
0.3628799609857013	0.6631733919602439	0.0314091825784234	27.0	0.0	0.0	0.0
0.940764419298975	0.37243911316406064	0.03215878938280035	28.0	0.0	0.0	0.0
0.5414722339363767	0.033203502234918324	0.03269239624494016	29.0	0.0	0.0	0.0
0.9512054323754663	0.5838799317961302	0.02849992154946881	30.0	0.0	0.0	0.0
0.9455653503112497	0.4461999097156198	0.02961805537653409	31.0	0.0	0.0	0.0
0.5318319521749435	0.22804870945766895	0.03238977330536608	32.0	0.0	0.0	0.0
0.6287822001182222	0.7871874244767135	0.03342753641096745	33.0	0.0	0.0	0.0
0.3935677446797955	0.4058041882686905	0.032086600296883566	34.0	0.0	0.0	0.0
0.47723704453116167	0.07935305578817956	0.03126107175488065	35.0	0.0	0.0	0.0
0.8957012395884358	0.789681994939052	0.029830293285775855	36.0	0.0	0.0	0.0
0.3657473283427844	0.1723551090126646	0.031676881074209615	37.0	0.0	0.0	0.0
0.3645920439119174	0.5271388589767982	0.03357689755906906	38.0	0.0	0.0	0.0
0.10909434212098967	0.9553268262973253	0.0355140533675849	39.0	0.0	0.00086936990015829	0.0
0.11490068487650242	0.672437183209145	0.03098134100574605	40.0	0.0	0.0	0.0
0.902405392222836	0.2948260473677628	0.03346781084805167	41.0	0.0	0.0	0.0
0.6795984144842425	0.3670174682600139	0.03415367179515658	42.0	0.0	0.0	0.0
0.0409984287991763	0.793212471327906	0.029587084554637003	43.0	0.0	0.0	0.0
0.5339662661557102	0.3039881004648255	0.033445248161470806	44.0	0.0	0.0	0.0
0.1595154837761628	0.8835500436857976	0.031783032179085104	45.0	0.0	0.0	0.0
0.3730376630561712	0.5988757765910301	0.03286074107016913	46.0	0.0	0.0	0.0
0.19784515274925574	0.08309491148168724	0.031961687282323355	47.0	0.0	0.0	0.0
0.426628653810299	0.7063190604473798	0.03546737909895042	48.0	0.0	0.0006534130965292206	0.0
0.7851508511916033	0.8313755342206406	0.030849542294734602	49.0	0.0	0.0	0.0
0.7648847872202806	0.7651620087517272	0.032727577277492634	50.0	0.0	0.0	0.0
0.42322601535503657	0.22450911506181248	0.03586295876295547	51.0	0.0	0.004112918497185092	0.0
0.22002195976371403	0.5790192675133066	0.03274417237258754	52.0	0.0	0.0	0.0
0.4703815283446365	0.14877012379239457	0.03323965404426936	53.0	0.0	0.0	0.0
0.2982516138583782	0.9044322362066205	0.032917417590027746	54.0	0.0	0.0	0.0
0.7073204884314541	0.720141878367125	0.033970833657489465	55.0	0.0	0.0	0.0
0.4706153281553506	0.2794548049902977	0.03238554226121374	56.0	0.0	0.0	0.0
0.8347195781343213	0.061074628750622875	0.03021273008887755	57.0	0.0	0.0	0.0
0.8286572600944857	0.4686782302633175	0.03402606000483073	58.0	0.0	0.0	0.0
0.5344976316955379	0.22879756560441428	0.03242216307867145	32.0	0.0	0.0	1.0
0.3753476103739189	0.5929457369163778	0.0328936018112393	46.0	0.0	0.0	1.0
0.543377637168153	0.03110246016329188	0.03272508864118509	29.0	0.0	0.0	1.0
0.4382005788001045	0.3403248377081596	0.03317410916720172	26.0	0.0	0.0	1.0
0.11483663813722678	0.6723077802660453	0.031012322346751792	40.0	0.0	0.0	1.0
0.7839700263355508	0.8327280787774778	0.030880391837029335	49.0	0.0	0.0	1.0
0.78496410126294	0.6981326939185496	0.03442990938770552	14.0	0.0	0.0	1.0
0.7643033999898711	0.7678364450291891	0.03276030485477012	50.0	0.0	0.0	1.0
0.6189161954080379	0.5155594756285148	0.03074499908308753	17.0	0.0	0.0	1.0
0.29318740605580046	0.5470891292143291	0.03437761892015735	6.0	0.0	0.0	1.0
0.16587039893730526	0.7929893000279267	0.02992385980500007	20.0	0.0	0.0	1.0
0.7380177163473609	0.919207519681137	0.031120956262993313	11.0	0.0	0.0	1.0
0.17598987010593953	0.21885432993521303	0.03691120066705344	19.0	0.0	0.04467852622425994	1.0
0.47085389047110476	0.2788852142350825	0.03241792780347495	56.0	0.0	0.0	1.0
0.5576622125139707	0.957913669873552	0.030624108570059087	2.0	0.0	0.0	1.0
0.8678255526297074	0.19073597944632634	0.03345144538796575	25.0	0.0	0.0	1.0
0.6450286279454941	0.09691015589337973	0.03294719178176383	7.0	0.0	0.0	1.0
0.698741542871592	0.04626265056970189	0.03383359253534112	5.0	0.0	0.0	1.0
0.42577331579331307	0.22655555476808203	0.03589882172171842	51.0	0.0	0.004647299396211224	1.0
0.8346182080205733	0.06111596487013699	0.030242942818966424	57.0	0.0	0.0	1.0
0.2922604732735013	0.794083977773769	0.029739137284718033	18.0	0.0	0.0	1.0
0.10901860465977614	0.9559922897405629	0.03554956742095248	39.0	0.0	0.0010622895564154078	1.0
0.7067876059839406	0.7204510310733033	0.03400480449114695	55.0	0.0	0.0	1.0
0.3095480794076572	0.341752367585083	0.032450878533782805	16.0	0.0	0.0	1.0
0.9031213047845877	0.2946774834435764	0.03350127865889972	41.0	0.0	0.0	1.0
0.47159792181248	0.14870496737737485	0.03327289369831363	53.0	0.0	0.0	1.0
0.2012859635280939	0.0838315630137464	0.03199364896960567	47.0	0.0	0.0	1.0
0.2920968651172199	0.6326475759831863	0.03182143874801347	23.0	0.0	0.0	1.0
0.39378021907369504	0.4020583447165326	0.03211868689718045	34.0	0.0	0.0	1.0
0.16701241456209312	0.8807648251989673	0.03181481521126418	45.0	0.0	0.0	1.0
0.531665230006663	0.30676174444674337	0.033478693409632276	44.0	0.0	0.0	1.0
0.13491871948140374	0.39341969927519643	0.03048079548504161	10.0	0.0	0.0	1.0
0.5588701600208378	0.8360253888526377	0.03190295585413468	22.0	0.0	0.0	1.0
0.8717544473122429	0.9315843608108695	0.03424949965639708	24.0	0.0	0.0	1.0
0.5614014798458925	0.3770013283455117	0.02835955539295481	3.0	0.0	0.0	1.0
0.21236485284130258	0.5792000042779905	0.03277691654496012	52.0	0.0	0.0	1.0
0.3455053897629429	0.46069306697657264	0.031635394396616966	13.0	0.0	0.0	1.0
0.9451017345290942	0.4481006690229667	0.02964767343191062	31.0	0.0	0.0	1.0
0.8810031728149845	0.4141519342407683	0.032281203375131115	15.0	0.0	0.0	1.0
0.9405990613302126	0.37235791786566247	0.03219094817218315	28.0	0.0	0.0	1.0
0.6258238962603003	0.7887100366094099	0.033460963947378415	33.0	0.0	0.0	1.0
0.4775972914571276	0.08002671154691532	0.03129233282663553	35.0	0.0	0.0	1.0
0.896492996523684	0.789959242512319	0.029860123579061627	36.0	0.0	0.0	1.0
0.3654904271515631	0.6629344215290726	0.03144059176100182	27.0	0.0	0.0	1.0
0.31744155881720737	0.11599335130046341	0.031887154801220216	9.0	0.0	0.0	1.0
0.036586297252434674	0.7921803500596222	0.029616671639191638	43.0	0.0	0.0	1.0
0.2983421327553915	0.20649286650332663	0.03094857388136418	1.0	0.0	0.0	1.0
0.36963304822850634	0.9580427022980813	0.032162719297538216	4.0	0.0	0.0	1.0
0.6190253332668343	0.4170043035257837	0.030942457006097848	8.0	0.0	0.0	1.0
0.3678841705215666	0.17398499082490598	0.03170855795528382	37.0	0.0	0.0	1.0
0.3641105026346347	0.5264126271261245	0.033610474456628125	38.0	0.0	0.0	1.0
0.9499420403111727	0.5938604958616448	0.028528421471018278	30.0	0.0	0.0	1.0
0.6804458815847763	0.36410662463170973	0.03418782546695174	42.0	0.0	0.0	1.0
0.8250196106052516	0.4809348967788232	0.03406008606483556	58.0	0.0	0.0	1.0
0.06194632417746985	0.7212819138288822	0.030816668538407227	12.0	0.0	0.0	1.0
0.7674551725002742	0.09029640327282282	0.03238827115752137	21.0	0.0	0.0	1.0
0.4263938187110423	0.7072317740839754	0.03550284647804936	48.0	0.0	0.0008137410256381372	1.0
0.297781820701457	0.9037039761665365	0.03295033500761777	54.0	0.0	0.0	1.0
0.6259724742085577	0.7883552922924428	0.03349442491132579	33.0	0.0	0.0	2.0
0.9401925722661423	0.3723207065552162	0.03222313912035533	28.0	0.0	0.0	2.0
0.7876609231539455	0.6851092488607483	0.03446433929709322	14.0	0.0	0.0	2.0
0.4258282965888889	0.2262599437123217	0.035934720543440136	51.0	0.0	0.0052266730899503955	2.0
0.7363041649495575	0.9166925817883314	0.031152077219256304	11.0	0.0	0.0	2.0
0.42870583982053106	0.7046823643104885	0.03553834932452741	48.0	0.0	0.0009985561514298524	2.0
0.899457225120029	0.791255961654087	0.029889983702640687	36.0	0.0	0.0	2.0
0.03845181729509895	0.790622760293054	0.029646288310830826	43.0	0.0	0.0	2.0
0.29712590637786895	0.6370103070259563	0.03185326018676148	23.0	0.0	0.0	2.0
0.6190140964066814	0.41640943259406454	0.030973399463103943	8.0	0.0	0.0	2.0
0.29846144529152946	0.9048025163174892	0.03298328534262539	54.0	0.0	0.0	2.0
0.681234168275236	0.360784034296563	0.03422201329241869	42.0	0.0	0.0	2.0
0.4747988695254284	0.2753496102512898	0.032450345731278425	56.0	0.0	0.0	2.0
0.8343064929203307	0.061095328670090265	0.030273185761785386	57.0	0.0	0.0	2.0
0.5426023498150826	0.3121887660419874	0.03351217210304191	44.0	0.0	0.0	2.0
0.9038236818536673	0.2949953378011794	0.033534779937558615	41.0	0.0	0.0	2.0
0.3948500266582515	0.4026789955024593	0.032150805584077624	34.0	0.0	0.0	2.0
0.9509613329361837	0.5935532666973751	0.028556949892489292	30.0	0.0	0.0	2.0
0.5567536700216911	0.959008817125833	0.030654732678629143	2.0	0.0	0.0	2.0
0.2918424761283269	0.794230346803168	0.02976887642200275	18.0	0.0	0.0	2.0
0.8228598969313025	0.48010143716257847	0.03409414615090039	58.0	0.0	0.0	2.0
0.8677737234365684	0.19075053956488638	0.03348489683335371	25.0	0.0	0.0	2.0
0.7005363022624601	0.044802097234201456	0.03386742612787646	5.0	0.0	0.0	2.0
0.36817465072662453	0.16536779940202523	0.0317402665132391	37.0	0.0	0.0	2.0
0.13513070625097776	0.3886126331146142	0.030511276280526647	10.0	0.0	0.0	2.0
0.3813223587342473	0.6029035748957781	0.03292649541305054	46.0	0.0	0.0	2.0
0.11009997546731337	0.9556364094052052	0.035585116988373425	39.0	0.0	0.001282059251579426	2.0
0.30423806491689936	0.20526936119632797	0.03097952245524554	1.0	0.0	0.0	2.0
0.11221737563352417	0.6666624255703788	0.03104333466909854	40.0	0.0	0.0	2.0
0.20063780957401936	0.08343898984329748	0.032025642618575274	47.0	0.0	0.0	2.0
0.4715994894216786	0.14870323881261582	0.03330616659201194	53.0	0.0	0.0	2.0
0.31710300307448513	0.11448186921252654	0.03191904195602143	9.0	0.0	0.0	2.0
0.17479816149081387	0.22089364568944378	0.036948111867720485	19.0	0.0	0.04731748467068542	2.0
0.364442186123681	0.6733861296813933	0.031472032352762816	27.0	0.0	0.0	2.0
0.1648768230625755	0.7917445440208193	0.029953783664805066	20.0	0.0	0.0	2.0
0.8753129023532883	0.41622527751874067	0.03231348457850624	15.0	0.0	0.0	2.0
0.7852188442362388	0.8394509018855798	0.03091127222886636	49.0	0.0	0.0	2.0
0.5581103170627204	0.3773654101714803	0.02838791494834776	3.0	0.0	0.0	2.0
0.8714929924816299	0.9312732133667149	0.03428374915605347	24.0	0.0	0.0	2.0
0.4772882652053809	0.07982873665638965	0.03132362515946216	35.0	0.0	0.0	2.0
0.530372971178907	0.22894044639662536	0.032454585241750114	32.0	0.0	0.0	2.0
0.2919038370251622	0.5456737686805414	0.034411996539077505	6.0	0.0	0.0	2.0
0.06208117799456095	0.7213310500267232	0.03084748520694563	12.0	0.0	0.0	2.0
0.5445612985687031	0.028922154277336156	0.03275781372982627	29.0	0.0	0.0	2.0
0.9448894697481237	0.44650453820331226	0.02967732110534253	31.0	0.0	0.0	2.0
0.31016740824460276	0.3418931394303056	0.03248332941231658	16.0	0.0	0.0	2.0
0.36376046516372135	0.5175263618068638	0.03364408493108475	38.0	0.0	0.0	2.0
0.21371350510879641	0.5790422100481131	0.03280969346150508	52.0	0.0	0.0	2.0
0.7614576873882536	0.7690170222000887	0.032793065159624886	50.0	0.0	0.0	2.0
0.625480766175484	0.517951384548324	0.03077574408217061	17.0	0.0	0.0	2.0
0.34432996252915254	0.4517151573681483	0.03166702979101358	13.0	0.0	0.0	2.0
0.1655498136608576	0.8819704573807725	0.03184663002647544	45.0	0.0	0.0	2.0
0.6439742968706751	0.09782479601484025	0.03298013897354559	7.0	0.0	0.0	2.0
0.37343908585287733	0.9541518600251406	0.03219488201683575	4.0	0.0	0.0	2.0
0.704507625955229	0.7214828153089752	0.034038809295638094	55.0	0.0	0.0	2.0
0.7683497137317553	0.08748926621273063	0.03242065942867888	21.0	0.0	0.0	2.0
0.5620161023678457	0.8426955899014958	0.031934858809988816	22.0	0.0	0.0	2.0
0.4330477597198692	0.3460614420761439	0.03320728327636892	26.0	0.0	0.0	2.0
0.5308753276889698	0.2298798447135847	0.03248703982699186	32.0	0.0	0.0	3.0
0.47511199028855455	0.2743224838411576	0.04060349509626213	56.0	0.0	0.0	3.0
0.043467566274768055	0.7878381262247381	0.029675934599141654	43.0	0.0	0.0	3.0
0.3039441906823754	0.20600996757136097	0.031010501977700784	1.0	0.0	0.0	3.0
0.42563979253116485	0.22623306112304148	0.035970655263983575	51.0	0.0	0.005852952725746263	3.0
0.8226430080199103	0.47967676063500486	0.034128240297051284	58.0	0.0	0.0	3.0
0.4777074906692895	0.08058948870948586	0.03135494878462162	35.0	0.0	0.0	3.0
0.3653711782507013	0.6750719353606375	0.039379380481394465	27.0	0.0	0.0	3.0
0.3457422072652913	0.4489499298294141	0.03169869682080459	13.0	0.0	0.0	3.0
0.31012787203400366	0.34503287277841294	0.04064476592716111	16.0	0.0	0.0	3.0
0.3173788238028697	0.10961925363796785	0.03195096099797745	9.0	0.0	0.0	3.0
0.4297030982471463	0.700478968198367	0.03557388767385193	48.0	0.0	0.0012096526042597588	3.0
0.7370101468027268	0.9166814691101296	0.038979036620594446	11.0	0.0	0.0	3.0
0.38480566476876404	0.605849327529777	0.032959421908463585	46.0	0.0	0.0	3.0
0.29306889716104767	0.5468498835350836	0.03444640853561658	6.0	0.0	0.0	3.0
0.552338795119893	0.8433974676581688	0.0319667936687988	22.0	0.0	0.0	3.0
0.1747518900326201	0.22032955456887826	0.0369850599795882	19.0	0.0	0.05006115613211648	3.0
0.8363665592909324	0.06116669064372476	0.030303458947547168	57.0	0.0	0.0	3.0
0.9494612839920736	0.5937383549921381	0.02858550684238178	30.0	0.0	0.0	3.0
0.16531618582389432	0.7910819232937443	0.02998373744846987	20.0	0.0	0.0	3.0
0.6811760182192365	0.3614420648822664	0.034256235305711105	42.0	0.0	0.0	3.0
0.5427190607160793	0.3120127496180103	0.03354568427514495	44.0	0.0	0.0	3.0
0.21933070318742168	0.5803935855329807	0.032842503154966576	52.0	0.0	0.0	3.0
0.7856362848158823	0.8412610575601638	0.030942183501095222	49.0	0.0	0.0	3.0
0.8735661433469052	0.4147668456119371	0.03234579806308474	15.0	0.0	0.0	3.0
0.20029132538541225	0.08264010665658768	0.03205766826119385	47.0	0.0	0.0	3.0
0.16453441953906478	0.880519784397101	0.03187847665650191	45.0	0.0	0.0	3.0
0.470662295847374	0.14766981811927724	0.033339472758603945	53.0	0.0	0.0	3.0
0.3742560872469479	0.16345091445032112	0.03177200677975234	37.0	0.0	0.0	3.0
0.6959180846289239	0.7213476095551288	0.03407284810493373	55.0	0.0	0.0	3.0
0.2973301339457434	0.9045677501435373	0.03301626862796801	54.0	0.0	0.0	3.0
0.6415217106833819	0.09566994880670482	0.03301311911251913	7.0	0.0	0.0	3.0
0.7513589265738805	0.7742147626891149	0.03282585822478451	50.0	0.0	0.0	3.0
0.11010526289687898	0.6627719110791824	0.031074378003767635	40.0	0.0	0.0	3.0
0.36990441525679985	0.9582005548425238	0.03222707689885258	4.0	0.0	0.0	3.0
0.13622357680281633	0.3885678850832931	0.03054178755680717	10.0	0.0	0.0	3.0
0.794436101110088	0.6819916656818035	0.03449880363639031	14.0	0.0	0.0	3.0
0.9461268393665574	0.369769115500767	0.03225536225947568	28.0	0.0	0.0	3.0
0.6276067485113401	0.5202661988588962	0.03080651982625278	17.0	0.0	0.0	3.0
0.6213846595482682	0.41727318611645037	0.031004372862567044	8.0	0.0	0.0	3.0
0.8649270083930105	0.18645729362325092	0.03351838173018706	25.0	0.0	0.0	3.0
0.29601823287801016	0.638530858833845	0.03188511344694824	23.0	0.0	0.0	3.0
0.5571447594616218	0.9592291738868299	0.030685387411307767	2.0	0.0	0.0	3.0
0.7687997178664486	0.08711354157880459	0.03245308008810756	21.0	0.0	0.0	3.0
0.9043098070464404	0.29561228420219154	0.03356831471749617	41.0	0.0	0.0	3.0
0.8712029391929732	0.9324005388505728	0.034318032905209524	24.0	0.0	0.0	3.0
0.42783318463542586	0.34243591947519253	0.033240490559645286	26.0	0.0	0.0	3.0
0.6261400323746527	0.7880955483711894	0.03352791933623711	33.0	0.0	0.0	3.0
0.5580773696938705	0.3773392806440181	0.028416302863296106	3.0	0.0	0.0	3.0
0.39641968639457914	0.40384528999930364	0.0321829563896617	34.0	0.0	0.0	3.0
0.11044363336864081	0.9553267171637015	0.03562070210536179	39.0	0.0	0.0015304869449010994	3.0
0.9044457741190788	0.79206378704046	0.029919873686343326	36.0	0.0	0.0	3.0
0.36137459326211396	0.5154827825675614	0.03367772901601583	38.0	0.0	0.0	3.0
0.9434356502054578	0.4528087640579829	0.02970699842644787	31.0	0.0	0.0	3.0
0.5446037128456519	0.029594958034338346	0.032790571543556093	29.0	0.0	0.0	3.0
0.06339315505891352	0.7190531224548521	0.030878332692152573	12.0	0.0	0.0	3.0
0.7022013369749616	0.044586000950731224	0.033901293554004334	5.0	0.0	0.0	3.0
0.2886142007890574	0.7951372502071673	0.02979864529842475	18.0	0.0	0.0	3.0
0.9053113849582414	0.7942452539078086	0.029949793560029664	36.0	0.0	0.0	4.0
0.13575123452785615	0.384171498889043	0.030572329344363974	10.0	0.0	0.0	4.0
0.4780042550421944	0.07150858214023553	0.031386303733406236	35.0	0.0	0.0	4.0
0.10927408996458529	0.6625552639384144	0.031105452381771398	40.0	0.0	0.0	4.0
0.2992180487755948	0.20727367626617685	0.03104151247967848	1.0	0.0	0.0	4.0
0.699865499236789	0.046511448382246585	0.03393519484755834	5.0	0.0	0.0	4.0
0.5549409538595869	0.8468766568168005	0.0319987604624676	22.0	0.0	0.0	4.0
0.17488039832304977	0.22044390381339085	0.03702204503956779	19.0	0.0	0.05291178938215069	4.0
0.21978097918359626	0.580403509069352	0.03287534565812154	52.0	0.0	0.0	4.0
0.16616343737023273	0.7887336953748159	0.030013721185918336	20.0	0.0	0.0	4.0
0.29743916932931663	0.9011051316777882	0.033049284896595976	54.0	0.0	0.0	4.0
0.3803854727327799	0.6031721105034039	0.03299238133037204	46.0	0.0	0.0	4.0
0.3761806198770635	0.16256534500936798	0.03180377878653209	37.0	0.0	0.0	4.0
0.5485222801562704	0.315993575739467	0.03357922995942009	44.0	0.0	0.0	4.0
0.9043429931506913	0.2982477294467317	0.03360188303221366	41.0	0.0	0.0	4.0
0.0430139946043804	0.7876224550887028	0.02970561053374079	43.0	0.0	0.0	4.0
0.30994645942157234	0.34791056151889416	0.03901897529007467	16.0	0.0	0.0	4.0
0.29074609408747315	0.7938824230660978	0.02982844394372317	18.0	0.0	0.0	4.0
0.8694457084307787	0.932918147446178	0.03435235093811473	24.0	0.0	0.0	4.0
0.5573368561415943	0.387122348402393	0.0284447191661594	3.0	0.0	0.0	4.0
0.5322935868900466	0.229205469321428	0.032519526866818846	32.0	0.0	0.0	4.0
0.06420350035955476	0.7129597088277669	0.030909211024844722	12.0	0.0	0.0	4.0
0.39612529831912063	0.4043490626770541	0.03221513934605136	34.0	0.0	0.0	4.0
0.8299328963345306	0.4747433288314543	0.03416236853734833	58.0	0.0	0.0	4.0
0.6288175794776409	0.7910109180084129	0.03356144725557334	33.0	0.0	0.0	4.0
0.5574168424708774	0.9623080865183484	0.03071607279871907	2.0	0.0	0.0	4.0
0.8649384779998645	0.18463552395647603	0.03355190011191725	25.0	0.0	0.0	4.0
0.7416122522643163	0.7770857358758657	0.03285868408300929	50.0	0.0	0.0	4.0
0.29235500566193534	0.5539129042659721	0.03448085494415219	6.0	0.0	0.0	4.0
0.36722373191819624	0.960709639185313	0.032259303975751434	4.0	0.0	0.0	4.0
0.7360335221023232	0.9165170020974807	0.037419875155770665	11.0	0.0	0.0	4.0
0.6818011399856524	0.3602905897508458	0.034290491541016814	42.0	0.0	0.0	4.0
0.6990683053235947	0.7204411971676247	0.03410692095303866	55.0	0.0	0.0	4.0
0.32063190240000145	0.10443424806039044	0.03198291195897542	9.0	0.0	0.0	4.0
0.3603287412052814	0.5189925479924947	0.0421392584312898	38.0	0.0	0.0	4.0
0.16412495115035114	0.8777118117859442	0.03191035513315841	45.0	0.0	0.0	4.0
0.7934122609135112	0.6852758843951335	0.0345333024400267	14.0	0.0	0.0	4.0
0.200849686556895	0.08088792768235457	0.03208972592945504	47.0	0.0	0.0	4.0
0.9493046288335436	0.5936996222283808	0.028614092349224157	30.0	0.0	0.0	4.0
0.6215555963696447	0.4171782857340221	0.03879422154428701	8.0	0.0	0.0	4.0
0.2975590889835855	0.6350972247977933	0.031916998560395184	23.0	0.0	0.0	4.0
0.42476127708235156	0.22609646816578388	0.036006625919247554	51.0	0.0	0.006528062445156024	4.0
0.628617060010677	0.5291432506945216	0.030837326346079028	17.0	0.0	0.0	4.0
0.7678040759894688	0.08659313899980783	0.03248553316819566	21.0	0.0	0.0	4.0
0.7859988597558264	0.8414714060608495	0.030973125684596314	49.0	0.0	0.0	4.0
0.46976302155596605	0.15618751449626508	0.03337281223136255	53.0	0.0	0.0	4.0
0.9434327006555806	0.4523402736759284	0.02973670542487431	31.0	0.0	0.0	4.0
0.11121761923779648	0.9614410626398466	0.03565632280746715	39.0	0.0	0.0018093911560441711	4.0
0.42855298871116354	0.7029174940793356	0.03560946156152578	48.0	0.0	0.0014488350177401799	4.0
0.9444567610206333	0.3720020763061822	0.032287617621735154	28.0	0.0	0.0	4.0
0.6438402253207737	0.10000553260940945	0.03304613223163165	7.0	0.0	0.0	4.0
0.34638566400269166	0.4470152660385051	0.03173039551762539	13.0	0.0	0.0	4.0
0.36545917206199713	0.6735206376036564	0.037804205262138686	27.0	0.0	0.0	4.0
0.8385057115479001	0.06244399152238236	0.030333762406494713	57.0	0.0	0.0	4.0
0.5441048416627235	0.031640259511586354	0.03282336211509965	29.0	0.0	0.0	4.0
0.4275179414472107	0.340599291595116	0.033273731050204924	26.0	0.0	0.0	4.0
0.8717103324623815	0.41336971434091657	0.032378143861147825	15.0	0.0	0.0	4.0
0.47806367975207226	0.2743503594371747	0.03897935529241164	56.0	0.0	0.0	4.0
0.31221226166020394	0.3480462407027341	0.03739318465298822	16.0	0.0	0.0	5.0
0.42498292700425533	0.22576218896568245	0.0360426325451668	51.0	0.0	0.007253937429240409	5.0
0.5540241922989644	0.8466377008027651	0.03203075922293006	22.0	0.0	0.0	5.0
0.4703622473038097	0.15894400964201047	0.03340618504359391	53.0	0.0	0.0	5.0
0.9468987155547584	0.4535051782311151	0.029766442130299182	31.0	0.0	0.0	5.0
0.20137769644537076	0.08081262812042912	0.032121815655384495	47.0	0.0	0.0	5.0
0.32045383555279233	0.10399360589691524	0.032014894870934396	9.0	0.0	0.0	5.0
0.8746040298879499	0.931148248742614	0.03438670328905284	24.0	0.0	0.0	5.0
0.10835580599556441	0.6643256916035266	0.031136557834153165	40.0	0.0	0.0	5.0
0.8385507147244239	0.06601787915504996	0.030364096168901206	57.0	0.0	0.0	5.0
0.5550395003609265	0.38143733832144877	0.028473163885325555	3.0	0.0	0.0	5.0
0.290278077995005	0.5548527990011818	0.03451533579909634	6.0	0.0	0.0	5.0
0.11097247934896692	0.9612201513168119	0.035691979130274616	39.0	0.0	0.002120601008797962	5.0
0.48119398068811425	0.2767380044458504	0.03735521548856115	56.0	0.0	0.0	5.0
0.36435806256320524	0.9605923031825839	0.03229156327972718	4.0	0.0	0.0	5.0
0.13306988474950085	0.38409551324860786	0.030602901673708334	10.0	0.0	0.0	5.0
0.7385572451426741	0.9148550149387762	0.035860713690946885	11.0	0.0	0.0	5.0
0.21992380341343454	0.5822903875927102	0.03290822100377965	52.0	0.0	0.0	5.0
0.29671952077298563	0.6376756254692054	0.03194891555895558	23.0	0.0	0.0	5.0
0.3825780384687114	0.6009864358792505	0.03302537371170241	46.0	0.0	0.0	5.0
0.36473920057690756	0.6733426256843194	0.03622903004288291	27.0	0.0	0.0	5.0
0.29278410722158993	0.7914570611925116	0.02985827238766689	18.0	0.0	0.0	5.0
0.5404908444216491	0.03477542924572479	0.03285618547721474	29.0	0.0	0.0	5.0
0.6215826242423609	0.4171568507737497	0.03724245268251553	8.0	0.0	0.0	5.0
0.5307956157099604	0.2290683402433082	0.03255204639368566	32.0	0.0	0.0	5.0
0.06774779530227494	0.7118425376433936	0.030940120235869565	12.0	0.0	0.0	5.0
0.834451176484387	0.4758303286030156	0.034196530905885675	58.0	0.0	0.0	5.0
0.9053575532836718	0.7951611313402741	0.029979743353589692	36.0	0.0	0.0	5.0
0.8719337851499079	0.4141949854747525	0.03241052200500897	15.0	0.0	0.0	5.0
0.47790123232043297	0.06823690677144655	0.03141769003713964	35.0	0.0	0.0	5.0
0.6996677203473334	0.04720705840514769	0.03396913004240589	5.0	0.0	0.0	5.0
0.6280078962459474	0.5255942218949805	0.030868163672425102	17.0	0.0	0.0	5.0
0.6280952354901199	0.10094836307067767	0.03307917836386328	7.0	0.0	0.0	5.0
0.9431696605969938	0.3741423055039352	0.032319905239356884	28.0	0.0	0.0	5.0
0.042882995185919905	0.787610462982495	0.029735316144274528	43.0	0.0	0.0	5.0
0.8000360052771922	0.6760618456751283	0.03456783574246672	14.0	0.0	0.0	5.0
0.9057439536305099	0.2916018844273557	0.03363548491524587	41.0	0.0	0.0	5.0
0.29846927975444726	0.20683295266578547	0.031072553992158157	1.0	0.0	0.0	5.0
0.2966505396151931	0.8997358688921728	0.03308233418149257	54.0	0.0	0.0	5.0
0.9533929289706311	0.595739134131048	0.02864270644157338	30.0	0.0	0.0	5.0
0.7886492575275378	0.8404485855192417	0.031004098810280906	49.0	0.0	0.0	5.0
0.39605160853399496	0.4048330387639187	0.03224735448539741	34.0	0.0	0.0	5.0
0.4268966212071323	0.3374563181867257	0.033307004781255124	26.0	0.0	0.0	5.0
0.5570649926073663	0.9644383404629004	0.030746788871517786	2.0	0.0	0.0	5.0
0.34648179154011266	0.44694098258632387	0.03176212591314301	13.0	0.0	0.0	5.0
0.8639044746926899	0.18557919480658117	0.033585452012029164	25.0	0.0	0.0	5.0
0.16565701730531945	0.8781214662904543	0.031942265488291564	45.0	0.0	0.0	5.0
0.5487035962813568	0.3160957371121894	0.033612809189379506	44.0	0.0	0.0	5.0
0.7411135796048193	0.7770017576572488	0.032891542767092295	50.0	0.0	0.0	5.0
0.6290916573081018	0.7918179774718113	0.03359500870282891	33.0	0.0	0.0	5.0
0.36054526720965496	0.5188420045810302	0.04045368809403821	38.0	0.0	0.0	5.0
0.7687879609608619	0.08726805316340212	0.03251801870136385	21.0	0.0	0.0	5.0
0.39019326783771024	0.1602055661214941	0.03183558256531861	37.0	0.0	0.0	5.0
0.6823561662070692	0.36016810337349703	0.03432478203255783	42.0	0.0	0.0	5.0
0.1693369756436117	0.7912832394468151	0.030043734907104252	20.0	0.0	0.0	5.0
0.4292486428453359	0.7029679486273418	0.0356450710230873	48.0	0.0	0.0017179185721687418	5.0
0.701170899353991	0.7208362551693512	0.034141027873991696	55.0	0.0	0.0	5.0
0.16944394986675065	0.21733551916907776	0.03705906708460736	19.0	0.0	0.05587164555873869	5.0
0.4249423689141918	0.22542474924741518	0.03607867517771196	51.0	0.0	0.008032523943825254	6.0
0.6303605125589788	0.10004123220568316	0.03311225754222714	7.0	0.0	0.0	6.0
0.16845641737432046	0.7918090261678918	0.030073778642011353	20.0	0.0	0.0	6.0
0.2088720429350757	0.5804292325045418	0.03294112922478343	52.0	0.0	0.0	6.0
0.2998359385434299	0.9056925118978658	0.03311541651567406	54.0	0.0	0.0	6.0
0.551424755692109	0.31364352532206446	0.03364642199856888	44.0	0.0	0.0	6.0
0.8549193834692318	0.1896453161601425	0.03361903746404119	25.0	0.0	0.0	6.0
0.7671585347161817	0.08913443629949	0.032550536720065214	21.0	0.0	0.0	6.0
0.8719569856833878	0.92945244366569	0.03442108999234189	24.0	0.0	0.0	6.0
0.7408842548216901	0.9101534188155121	0.03430155222612311	11.0	0.0	0.0	6.0
0.6982284033394439	0.04714812498211629	0.034003099172448294	5.0	0.0	0.0	6.0
0.1098945721200362	0.9614367658769769	0.035727671109404883	39.0	0.0	0.002465956274861014	6.0
0.9533929289706311	0.5963360742621499	0.02867134914801495	30.0	0.0	0.0	6.0
0.28918859896286414	0.6355087548021544	0.03198086447451453	23.0	0.0	0.0	6.0
0.799697464909274	0.6773776217721222	0.03460240357820918	14.0	0.0	0.0	6.0
0.28962842917825155	0.7923865953865035	0.029888130660054555	18.0	0.0	0.0	6.0
0.6277447659189068	0.5116643001303891	0.030899031836097525	17.0	0.0	0.0	6.0
0.6287847825155748	0.7921125442846921	0.033628603711531736	33.0	0.0	0.0	6.0
0.4300592951673061	0.7059619066249155	0.03568071609411039	48.0	0.0	0.002018729038141487	6.0
0.164759867118951	0.20943447997860695	0.03709612615169196	19.0	0.0	0.05894299821417803	6.0
0.3824532155804469	0.6059419998552805	0.03305839908541411	46.0	0.0	0.0	6.0
0.9438458554931662	0.4583036876127937	0.029796208572429476	31.0	0.0	0.0	6.0
0.5313099277905182	0.22363843322823032	0.03258459844007934	32.0	0.0	0.0	6.0
0.4815004747985108	0.27619001194761145	0.03573107568471067	56.0	0.0	0.0	6.0
0.47363274435151964	0.1616399032982275	0.0334395912286375	53.0	0.0	0.0	6.0
0.5404580757925368	0.034741930478776224	0.03288904166269195	29.0	0.0	0.0	6.0
0.7912081431682317	0.8349333624184855	0.031035102909091183	49.0	0.0	0.0	6.0
0.202431857280985	0.0800396145470906	0.032153937471039874	47.0	0.0	0.0	6.0
0.7417690142168302	0.7778554728802445	0.032924434309859384	50.0	0.0	0.0	6.0
0.36361157504933306	0.6773086082076267	0.03465385482362714	27.0	0.0	0.0	6.0
0.5568068387522904	0.9662902378052132	0.0307775356603893	2.0	0.0	0.0	6.0
0.13395847297885874	0.38486637020752634	0.03063350457538204	10.0	0.0	0.0	6.0
0.3077201143522041	0.3501476621727797	0.03576739401590178	16.0	0.0	0.0	6.0
0.6995900036385272	0.7158752865802657	0.034175168901865685	55.0	0.0	0.0	6.0
0.0427317566011076	0.7870069366022941	0.029765051460418798	43.0	0.0	0.0	6.0
0.9428564130601071	0.3735094059426102	0.032352225144596236	28.0	0.0	0.0	6.0
0.06770718756711443	0.7116962201882303	0.03097106035610543	12.0	0.0	0.0	6.0
0.3211785581201325	0.10596330163575299	0.03204690976580533	9.0	0.0	0.0	6.0
0.5544836873845778	0.8474017630160872	0.03206278998215299	22.0	0.0	0.0	6.0
0.39314561811536225	0.40258740753177424	0.0322796018398828	34.0	0.0	0.0	6.0
0.8425522832815926	0.06585403329532893	0.030394460265070103	57.0	0.0	0.0	6.0
0.903871504841882	0.7947737893883794	0.03000972309694328	36.0	0.0	0.0	6.0
0.8343164791457578	0.47939444435448153	0.03423072743679156	58.0	0.0	0.0	6.0
0.42694784070713127	0.33744636026529984	0.03334031178603637	26.0	0.0	0.0	6.0
0.162729287717722	0.8761401253375783	0.031974207753779856	45.0	0.0	0.0	6.0
0.2917229676693576	0.5563113985677091	0.034549851134895435	6.0	0.0	0.0	6.0
0.553619041695727	0.3787404098857651	0.028501637049210878	3.0	0.0	0.0	6.0
0.34051760019032734	0.45092273413438233	0.031793888039056147	13.0	0.0	0.0	6.0
0.10830921361560725	0.6569252126167573	0.031167694391987317	40.0	0.0	0.0	6.0
0.29730939032492903	0.20441329304191808	0.03110362654615031	1.0	0.0	0.0	6.0
0.6830152159326428	0.3565986041010832	0.03435910681459038	42.0	0.0	0.0	6.0
0.9053806609233532	0.2911348067205606	0.033669120400161116	41.0	0.0	0.0	6.0
0.8694892956509214	0.411210384195486	0.032442932527013975	15.0	0.0	0.0	6.0
0.3604916741329401	0.5186488984506762	0.03876811775678662	38.0	0.0	0.0	6.0
0.4763585287091344	0.06768577437703348	0.031449107727176774	35.0	0.0	0.0	6.0
0.6222266679424802	0.41994962995072	0.03569068382074405	8.0	0.0	0.0	6.0
0.3656186677069444	0.9603141055923337	0.032323854843006906	4.0	0.0	0.0	6.0
0.3922471338799025	0.16017323674603795	0.03186741814788393	37.0	0.0	0.0	6.0
0.5411596583567035	0.03605387820272213	0.03292193070435464	29.0	0.0	0.0	7.0
0.4842493515356999	0.27452507532397785	0.03410693588086019	56.0	0.0	0.0	7.0
0.4757850855068359	0.1626139257220546	0.033473030819866134	53.0	0.0	0.0	7.0
0.13371094263981007	0.38682181418794676	0.03066413807995742	10.0	0.0	0.0	7.0
0.9063449460188363	0.29206041675501776	0.03370278952056127	41.0	0.0	0.0	7.0
0.43017425879050303	0.7050054194589329	0.03571639681020449	48.0	0.0	0.0023531028203507276	7.0
0.2951250170765595	0.20784670804094124	0.031134730172696457	1.0	0.0	0.0	7.0
0.869391462945961	0.4114049588230599	0.03247537545954098	15.0	0.0	0.0	7.0
0.6274995601077439	0.7927336121658491	0.03366223231524326	33.0	0.0	0.0	7.0
0.6232356135814784	0.4186524500017126	0.034138914958972574	8.0	0.0	0.0	7.0
0.1632146098737038	0.8774591638575312	0.03200618196153363	45.0	0.0	0.0	7.0
0.7490105201804593	0.7750608881840038	0.03295735874416924	50.0	0.0	0.0	7.0
0.6269677368549716	0.10321682563551174	0.03314536979976936	7.0	0.0	0.0	7.0
0.10716989462668794	0.9615999231076573	0.03576339878051429	39.0	0.0	0.002847307417809475	7.0
0.38555854337454415	0.16745591485593225	0.03189928556603181	37.0	0.0	0.0	7.0
0.7919207030465382	0.8354090742513449	0.03106613801200027	49.0	0.0	0.0	7.0
0.30858257440725473	0.35113554420030396	0.03414160337881534	16.0	0.0	0.0	7.0
0.06838586787530627	0.7118061229239343	0.031002031416461535	12.0	0.0	0.0	7.0
0.04261683215104768	0.7892867834294658	0.029794816511879214	43.0	0.0	0.0	7.0
0.8427598675017111	0.06613899322371085	0.030424854725335168	57.0	0.0	0.0	7.0
0.28887334232228484	0.7942217791345356	0.029918018790714606	18.0	0.0	0.0	7.0
0.16470790830102222	0.21046522797119455	0.037133222277843644	19.0	0.0	0.06212813336543377	7.0
0.6259525009936018	0.5095313938480729	0.03092993086793362	17.0	0.0	0.0	7.0
0.5558708639525753	0.38739314149870696	0.028530138686260087	3.0	0.0	0.0	7.0
0.10931218872906194	0.6578639841296535	0.0311988620863793	40.0	0.0	0.0	7.0
0.5321247399811829	0.2244405206075767	0.03261718303851942	32.0	0.0	0.0	7.0
0.798490387732464	0.6790346293503423	0.034637005981787386	14.0	0.0	0.0	7.0
0.5510145461570616	0.3031606580828454	0.03368006842056745	44.0	0.0	0.0	7.0
0.1619913143491667	0.7935377103815515	0.03010385242065336	20.0	0.0	0.0	7.0
0.7013346788609618	0.04448749590012303	0.03403710227162074	5.0	0.0	0.0	7.0
0.9582880953728583	0.5955749661267704	0.02870002049716296	30.0	0.0	0.0	7.0
0.39227702764692585	0.39973818028535046	0.03231188144172268	34.0	0.0	0.0	7.0
0.34336636737043214	0.4487213226941611	0.0318256819270952	13.0	0.0	0.0	7.0
0.36675818240592556	0.6759084395209225	0.03307867960437135	27.0	0.0	0.0	7.0
0.8721483081454365	0.931133488980963	0.03445551108233423	24.0	0.0	0.0	7.0
0.31873791542687757	0.10645376939525004	0.03207895667557113	9.0	0.0	0.0	7.0
0.20980161228075261	0.5799283628296967	0.032974070354008206	52.0	0.0	0.0	7.0
0.36147973640394643	0.5139617507279569	0.037082547419535025	38.0	0.0	0.0	7.0
0.36681243032555283	0.9572495076960633	0.03235617869784991	4.0	0.0	0.0	7.0
0.7680553033764431	0.08427742027154059	0.03258308725678528	21.0	0.0	0.0	7.0
0.3035120480059125	0.9048812469279917	0.03314853193218973	54.0	0.0	0.0	7.0
0.37767105254086525	0.6078221703680261	0.03309145748449952	46.0	0.0	0.0	7.0
0.740731425294847	0.9125777034488407	0.03274239076129933	11.0	0.0	0.0	7.0
0.42663872254886476	0.33770777445627453	0.03337365209782241	26.0	0.0	0.0	7.0
0.8354302877204789	0.4781347583377179	0.034264958164228344	58.0	0.0	0.0	7.0
0.2021952487671515	0.0802397089820742	0.03218609140851091	47.0	0.0	0.0	7.0
0.4737328389494917	0.0662280488833602	0.031480556834903944	35.0	0.0	0.0	7.0
0.29025845415944784	0.5620033988509042	0.03458440098603033	6.0	0.0	0.0	7.0
0.9433268947290725	0.37424891271884303	0.032384577369740826	28.0	0.0	0.0	7.0
0.4282853853258157	0.2289739381088591	0.03611475385288967	51.0	0.0	0.008865779385146766	7.0
0.7011500846733224	0.7161684114000015	0.03420934407076755	55.0	0.0	0.0	7.0
0.5514140164844455	0.9733144845883427	0.030808313196049687	2.0	0.0	0.0	7.0
0.5543837752481438	0.8476282126341359	0.03209485277213514	22.0	0.0	0.0	7.0
0.9043011591016752	0.7975956511566665	0.03003973282004022	36.0	0.0	0.0	7.0
0.9471489257749902	0.4590108499474881	0.029826004781001902	31.0	0.0	0.0	7.0
0.2899144329831354	0.6343518650034203	0.03201284533898904	23.0	0.0	0.0	7.0
0.8591059109521081	0.1916037690189312	0.03365265650150523	25.0	0.0	0.0	7.0
0.6829253477034678	0.3571031112388091	0.03439346592140497	42.0	0.0	0.0	7.0
0.32041838527794203	0.10505068468793911	0.0321110356322467	9.0	0.0	0.0	8.0
0.5560234310808398	0.3904197357797606	0.028558668824946343	3.0	0.0	0.0	8.0
0.7616761011112755	0.9117999534330075	0.01817688540059869	59.0	11.0	0.0	8.0
0.4262350967156702	0.33919847368524003	0.03340702574992022	26.0	0.0	0.0	8.0
0.11112263467711883	0.6578582850289751	0.031230060948465675	40.0	0.0	0.0	8.0
0.8722915000000053	0.9310922884165104	0.03448996659341656	24.0	0.0	0.0	8.0
0.20903813287568196	0.5751177450104972	0.03300704442436221	52.0	0.0	0.0	8.0
0.3404559362898078	0.4514454479013427	0.03185750760902229	13.0	0.0	0.0	8.0
0.9048610177438774	0.2895573492202255	0.03373649231008183	41.0	0.0	0.0	8.0
0.5512271672928266	0.975428884667342	0.030839121509245733	2.0	0.0	0.0	8.0
0.2902356841857731	0.6407247781187483	0.03204485818432803	23.0	0.0	0.0	8.0
0.2900531516046865	0.55983589428616	0.034618985387016354	6.0	0.0	0.0	8.0
0.38468398569538004	0.6583425451745296	0.018046962236648218	63.0	27.0	0.0	8.0
0.9440239329200442	0.3701879216399717	0.032416961947110565	28.0	0.0	0.0	8.0
0.6261215768279969	0.10366590205997567	0.03317851516956913	7.0	0.0	0.0	8.0
0.48922253641718355	0.29830657669990196	0.017955044365690245	65.0	56.0	0.0	8.0
0.16185873980394083	0.7928670767156956	0.03013395627307401	20.0	0.0	0.0	8.0
0.5358952060041895	0.2282467628448792	0.03264980022155793	32.0	0.0	0.0	8.0
0.6968997114382935	0.7059613061489486	0.03424355341483831	55.0	0.0	0.0	8.0
0.7435946414931359	0.7824886861840425	0.032990316102913406	50.0	0.0	0.0	8.0
0.6834207947336052	0.35734252990701637	0.03442785938732637	42.0	0.0	0.0	8.0
0.3921054564501986	0.39997370356310197	0.0323441933231644	34.0	0.0	0.0	8.0
0.37000878177633023	0.9573199514020277	0.032388534876547755	4.0	0.0	0.0	8.0
0.7903471916755149	0.8341931286459334	0.031097204150012266	49.0	0.0	0.0	8.0
0.8429312885899202	0.06703577346439978	0.0304552795800605	57.0	0.0	0.0	8.0
0.8347319455945412	0.48183606150233305	0.03429922312239257	58.0	0.0	0.0	8.0
0.8694076224964806	0.40901888404832853	0.03250785083500052	15.0	0.0	0.0	8.0
0.47486731669219867	0.1639077079950193	0.033506503850685994	53.0	0.0	0.0	8.0
0.3859103719132488	0.16125331020798164	0.03193118485159784	37.0	0.0	0.0	8.0
0.3063394065945062	0.3203294638921457	0.018626868854664837	61.0	16.0	0.0	8.0
0.35969331857822967	0.709336879139581	0.018046962236648218	64.0	27.0	0.0	8.0
0.4301273456465593	0.7043290913328002	0.03575211320701469	48.0	0.0	0.0027228870014255335	8.0
0.20341417653369814	0.07932204969148618	0.03221827749991942	47.0	0.0	0.0	8.0
0.13416262200359105	0.3852704052928163	0.030694802218037373	10.0	0.0	0.0	8.0
0.4278038044340314	0.22714988435900862	0.036150868606742555	51.0	0.0	0.009755672325468367	8.0
0.9609968095826252	0.5976410447866249	0.02872872051766012	30.0	0.0	0.0	8.0
0.7969178342698048	0.6806221040480235	0.03467164298776917	14.0	0.0	0.0	8.0
0.06733082065712373	0.7133338312932784	0.031033033447877993	12.0	0.0	0.0	8.0
0.04619565131555668	0.7789623991335739	0.02982461132839109	43.0	0.0	0.0	8.0
0.5511303591497198	0.30381081534057536	0.03371374848898801	44.0	0.0	0.0	8.0
0.10720781982612332	0.9603955388832095	0.0357991621792948	39.0	0.0	0.0032665156372644333	8.0
0.4764178395829815	0.06666284699290546	0.03151203739173884	35.0	0.0	0.0	8.0
0.16426225155307742	0.2105606397061743	0.03717035550012148	19.0	0.0	0.06542934954461543	8.0
0.2974311872590748	0.21077349195458342	0.03116586490286915	1.0	0.0	0.0	8.0
0.9471692981396543	0.4588413536772763	0.0298558307857829	31.0	0.0	0.0	8.0
0.8584941622509543	0.19765622063618138	0.03368630915800673	25.0	0.0	0.0	8.0
0.6265574490671044	0.5094451221211287	0.03096086079880155	17.0	0.0	0.0	8.0
0.38071873521035826	0.5956411800938851	0.033124548941984015	46.0	0.0	0.0	8.0
0.6219934875869101	0.7915185004279297	0.0336958945475585	33.0	0.0	0.0	8.0
0.7010909563970257	0.044218749032273484	0.034071139373892355	5.0	0.0	0.0	8.0
0.9048456263904617	0.7981182812256111	0.030069772552860256	36.0	0.0	0.0	8.0
0.549706765353566	0.8485680972679984	0.032126947624907275	22.0	0.0	0.0	8.0
0.36289523950738056	0.5136117696113595	0.03539697708228343	38.0	0.0	0.0	8.0
0.3244304514886308	0.36533094456730136	0.018626868854664837	62.0	16.0	0.0	8.0
0.6245723007658093	0.41886890770140595	0.03258714609720109	8.0	0.0	0.0	8.0
0.5408391668983262	0.03886986049210284	0.03295485263505899	29.0	0.0	0.0	8.0
0.2903418207631646	0.794346890910816	0.02994793680950532	18.0	0.0	0.0	8.0
0.48124930051911813	0.25209708175720763	0.017955044365690245	66.0	56.0	0.0	8.0
0.304291082380095	0.9033072504695435	0.03318168046412192	54.0	0.0	0.0	8.0
0.16182035123957983	0.877419652550166	0.03203818814349516	45.0	0.0	0.0	8.0
0.7122174455560747	0.9115847810625501	0.01817688540059869	60.0	11.0	0.0	8.0
0.7677433349383457	0.08325407381984436	0.03261567034404206	21.0	0.0	0.0	8.0
0.16000435746196548	0.8787689790953511	0.032070226331638654	45.0	0.0	0.0	9.0
0.21090959266029535	0.5775553546180321	0.03304005146878657	52.0	0.0	0.0	9.0
0.4802945957356295	0.2520700267810216	0.017972999410055934	66.0	0.0	0.0	9.0
0.11027997290584504	0.6546665878707835	0.03126129100941414	40.0	0.0	0.0	9.0
0.4254717575139921	0.3371634509875067	0.03344043277567014	26.0	0.0	0.0	9.0
0.13424594685436922	0.3859286562308621	0.030725497020255406	10.0	0.0	0.0	9.0
0.3590271627001157	0.7096485061118695	0.018065009198884863	64.0	0.0	0.0	9.0
0.6970254996115016	0.6993021747922291	0.034277796968253144	55.0	0.0	0.0	9.0
0.7614583035479175	0.9120763625244523	0.018195062285999288	59.0	0.0	0.0	9.0
0.7418126362651879	0.7795673173356097	0.03302330641901632	50.0	0.0	0.0	9.0
0.9609730744802598	0.5980175469267784	0.028757449238177777	30.0	0.0	0.0	9.0
0.867246478039879	0.4124157878503186	0.03254035868583551	15.0	0.0	0.0	9.0
0.29007839495897225	0.6390641796061179	0.03207690304251235	23.0	0.0	0.0	9.0
0.32419676954307847	0.36700728975992963	0.0186454957235195	62.0	0.0	0.0	9.0
0.3751651187371705	0.5953436992627615	0.03315767349092599	46.0	0.0	0.0	9.0
0.43013069592158787	0.7043310350008575	0.035787865320221705	48.0	0.0	0.0031299393860848568	9.0
0.5534614813572734	0.3128709900509988	0.033747462237476995	44.0	0.0	0.0	9.0
0.16434809687404484	0.7929533095847616	0.03016409022934708	20.0	0.0	0.0	9.0
0.9419730433444198	0.37155711525964547	0.03244937890905767	28.0	0.0	0.0	9.0
0.31882434486057476	0.10629860150672313	0.032143146667878944	9.0	0.0	0.0	9.0
0.9017027131409984	0.2895474071968671	0.03377022880239191	41.0	0.0	0.0	9.0
0.8436670053252913	0.06841155152066529	0.030485734859640557	57.0	0.0	0.0	9.0
0.38101705207244274	0.5022504806254324	0.019989377725763185	70.0	38.0	0.0	9.0
0.6784889898563541	0.35732700508422244	0.03446228724671369	42.0	0.0	0.0	9.0
0.30515945148097234	0.3198221117859128	0.0186454957235195	61.0	0.0	0.0	9.0
0.10703625363527555	0.9610291791692862	0.03583496134147409	39.0	0.0	0.00372545291310189	9.0
0.06269034362719869	0.7114074028781523	0.03106406648132587	12.0	0.0	0.0	9.0
0.47519136213281	0.0676230120058204	0.031543549429130575	35.0	0.0	0.0	9.0
0.8993982619610008	0.8033471655056573	0.03009984232541311	36.0	0.0	0.0	9.0
0.28807035863265196	0.5569257970545561	0.03465360437240337	6.0	0.0	0.0	9.0
0.2915159316639732	0.7896615329857947	0.02997788474631482	18.0	0.0	0.0	9.0
0.34963290888703435	0.5348833244221408	0.019989377725763185	69.0	38.0	0.0	9.0
0.8730583604111463	0.9330982022966723	0.03452445656000998	24.0	0.0	0.0	9.0
0.7673736167464583	0.08743783382095043	0.032648286014386095	21.0	0.0	0.0	9.0
0.04718779963557316	0.7781125908485069	0.029854435939719478	43.0	0.0	0.0	9.0
0.6317341434749825	0.10841232193236765	0.0332116936847387	7.0	0.0	0.0	9.0
0.5532634509842672	0.9763814558932848	0.030869960630754974	2.0	0.0	0.0	9.0
0.20278686916990105	0.07726430061667715	0.032250495777419334	47.0	0.0	0.0	9.0
0.9475788626622668	0.4586713287576182	0.02988568661656868	31.0	0.0	0.0	9.0
0.5364000683465893	0.22939102708227826	0.03268245002177948	32.0	0.0	0.0	9.0
0.5542428783581077	0.38658207091801094	0.028587227493771288	3.0	0.0	0.0	9.0
0.36557318378843956	0.956399490051857	0.0324209234114243	4.0	0.0	0.0	9.0
0.5417003043383742	0.03385281622248757	0.032987807487694046	29.0	0.0	0.0	9.0
0.1644083985694762	0.21200657288770916	0.0372075258556216	19.0	0.0	0.0688489578495819	9.0
0.3009963831707284	0.20794604661575047	0.031197030767772013	1.0	0.0	0.0	9.0
0.834293717945992	0.4838519501558234	0.03433352234551496	58.0	0.0	0.0	9.0
0.6274109766916083	0.5133714299644934	0.030991821659600346	17.0	0.0	0.0	9.0
0.47505767823043843	0.16260228369285493	0.03354001035453667	53.0	0.0	0.0	9.0
0.4280087206411053	0.22419568895247727	0.036187019475349295	51.0	0.0	0.010704182558981756	9.0
0.7210875865870944	0.9109975589337013	0.018195062285999288	60.0	0.0	0.0	9.0
0.3826891283054084	0.6608742388731322	0.018065009198884863	63.0	0.0	0.0	9.0
0.5470262691959987	0.8484245158326172	0.03215907457253218	22.0	0.0	0.0	9.0
0.39074628114564264	0.3969449258791912	0.03237653751648756	34.0	0.0	0.0	9.0
0.7001214586632003	0.04685370983132399	0.034105210513266246	5.0	0.0	0.0	9.0
0.4896400053501932	0.29860868258179646	0.017972999410055934	65.0	0.0	0.0	9.0
0.3360471451050787	0.4451518932473913	0.03188936511663131	13.0	0.0	0.0	9.0
0.8557089890067113	0.19754218057959969	0.03371999546716473	25.0	0.0	0.0	9.0
0.6443220943594625	0.4074111795427553	0.01715497563223844	67.0	8.0	0.0	9.0
0.79665761513914	0.6805023647895344	0.034706314630756935	14.0	0.0	0.0	9.0
0.38520489184044293	0.16161641439531968	0.031963116036449433	37.0	0.0	0.0	9.0
0.304750162044189	0.9024356270772745	0.033214862144586035	54.0	0.0	0.0	9.0
0.6240768472145112	0.7884608039511786	0.03372959044210606	33.0	0.0	0.0	9.0
0.7998383466541874	0.8336847325971587	0.031128301354162276	49.0	0.0	0.0	9.0
0.602624507798591	0.42992796197668626	0.01715497563223844	68.0	8.0	0.0	9.0
0.6215989368786589	0.7915253681083967	0.03376332003254816	33.0	0.0	0.0	10.0
0.8540451262914646	0.19383443938967504	0.033753715462631895	25.0	0.0	0.0	10.0
0.2844438191833124	0.6398315637239679	0.03210897994555486	23.0	0.0	0.0	10.0
0.7945466320046659	0.8353161417363377	0.031159429655516435	49.0	0.0	0.0	10.0
0.20544596368959067	0.0763891896530566	0.03228274627319675	47.0	0.0	0.0	10.0
0.38726435612384974	0.1658441949764501	0.03199507915248588	37.0	0.0	0.0	10.0
0.8643643190002258	0.4133043430558195	0.03257289904452134	15.0	0.0	0.0	10.0
0.7964991490163951	0.6791839406790747	0.03474102094538769	14.0	0.0	0.0	10.0
0.5365906116328054	0.22957392815432245	0.03271513247180126	32.0	0.0	0.0	10.0
0.5540874713899667	0.9794247858350436	0.030900830591385726	2.0	0.0	0.0	10.0
0.5552904607446095	0.38690503532417686	0.028615814721265054	3.0	0.0	0.0	10.0
0.3849664430441148	0.6602806515369707	0.018083074208083746	63.0	0.0	0.0	10.0
0.763485623015755	0.9131198054454067	0.018213257348285286	59.0	0.0	0.0	10.0
0.6976467652625858	0.6998411274079095	0.03431207476522139	55.0	0.0	0.0	10.0
0.4945383988643896	0.3003239409575152	0.017990972409465986	65.0	0.0	0.0	10.0
0.8444110157792635	0.06922164576134805	0.030516220594500196	57.0	0.0	0.0	10.0
0.8742019050001474	0.9320142725802949	0.034558981016569984	24.0	0.0	0.0	10.0
0.3595610571470027	0.7094501565837831	0.018083074208083746	64.0	0.0	0.0	10.0
0.04292455706013996	0.7823092549436494	0.029884290375659196	43.0	0.0	0.0	10.0
0.6456373716128142	0.4106078653550347	0.017172130607870678	67.0	0.0	0.0	10.0
0.16022706548737012	0.8737187949977113	0.03210229655797029	45.0	0.0	0.0	10.0
0.16576312853662134	0.21226111413816567	0.03724473338147722	19.0	0.0	0.07238928199475936	10.0
0.10958376722335973	0.6555276226506647	0.03129255230042355	40.0	0.0	0.0	10.0
0.2126886623353784	0.5738440154582009	0.03307309152025536	52.0	0.0	0.0	10.0
0.29463653135370405	0.7861322229389088	0.03000786263106113	18.0	0.0	0.0	10.0
0.6311276439448923	0.11076955214818432	0.03324490537842343	7.0	0.0	0.0	10.0
0.48341208562815424	0.2589015504141354	0.017990972409465986	66.0	0.0	0.0	10.0
0.9467986890929556	0.4588694458171383	0.029915572303185246	31.0	0.0	0.0	10.0
0.33457736002850114	0.44091177234007084	0.031921254481747936	13.0	0.0	0.0	10.0
0.7207084739959062	0.9095616179415035	0.018213257348285286	60.0	0.0	0.0	10.0
0.9031284285907054	0.2869983162206917	0.0338039990311943	41.0	0.0	0.0	10.0
0.388029443492638	0.3970733058313172	0.03240891405400404	34.0	0.0	0.0	10.0
0.3805130254495342	0.5029803111741694	0.020009367103488947	70.0	0.0	0.0	10.0
0.9001246639548001	0.8045213163053442	0.03012994216773852	36.0	0.0	0.0	10.0
0.4248155314448004	0.33782590368341636	0.033473873208445803	26.0	0.0	0.0	10.0
0.34950341114524214	0.5342690159282839	0.020009367103488947	69.0	0.0	0.0	10.0
0.6026115091018037	0.4295151645337719	0.017172130607870678	68.0	0.0	0.0	10.0
0.5547603982488409	0.31143870580207084	0.033781209699714466	44.0	0.0	0.0	10.0
0.13564905218599704	0.3860838734549317	0.03075622251727566	10.0	0.0	0.0	10.0
0.9410125864966905	0.3713578042740117	0.032481828287966724	28.0	0.0	0.0	10.0
0.6969292047627315	0.0441883822583453	0.034139315723779505	5.0	0.0	0.0	10.0
0.47801838589598367	0.16510608678045557	0.03357355036489121	53.0	0.0	0.0	10.0
0.10675979890159569	0.9641575625766099	0.03587079630281556	39.0	0.0	0.004226002049946942	10.0
0.6853031252637339	0.3538739217560361	0.034496749533960404	42.0	0.0	0.0	10.0
0.9587280426260851	0.5993580691596448	0.028786206687415952	30.0	0.0	0.0	10.0
0.738617982596118	0.7814207013825117	0.03305632972543533	50.0	0.0	0.0	10.0
0.4294295996541355	0.7069203728959327	0.035823653185541926	48.0	0.0	0.003576128545347501	10.0
0.2880594754209019	0.556835249696408	0.03468825797677577	6.0	0.0	0.0	10.0
0.5504657793485055	0.8521695268743835	0.0321912336471047	22.0	0.0	0.0	10.0
0.3009453416655906	0.20816737888355105	0.03122822779853978	1.0	0.0	0.0	10.0
0.16862897082761621	0.7916039667388206	0.030194254319576425	20.0	0.0	0.0	10.0
0.4680770430510879	0.07011421557227406	0.031575092978559705	35.0	0.0	0.0	10.0
0.37502764255794696	0.5951574548721151	0.033190831164416915	46.0	0.0	0.0	10.0
0.32447795681757596	0.36681699627628633	0.018664141219243018	62.0	0.0	0.0	10.0
0.364528054691037	0.9581879710668351	0.032453344334835724	4.0	0.0	0.0	10.0
0.3198915743432247	0.10625490335945756	0.03217528981454682	9.0	0.0	0.0	10.0
0.6270124289686857	0.5113553602884726	0.03102281348125994	17.0	0.0	0.0	10.0
0.43297641927488	0.22290084685236825	0.03622320649482464	51.0	0.0	0.011713301147821653	10.0
0.8335205121655858	0.4864467444163497	0.034367855867860474	58.0	0.0	0.0	10.0
0.0606682330618878	0.7088076183321765	0.03109513054780719	12.0	0.0	0.0	10.0
0.7659673437286628	0.09041949169119144	0.03268093430040048	21.0	0.0	0.0	10.0
0.5428804769596542	0.03330976239627503	0.03302079529518174	29.0	0.0	0.0	10.0
0.3046909741985987	0.9024660905239427	0.03324807700673062	54.0	0.0	0.0	10.0
0.30323419007772656	0.32028528773696363	0.018664141219243018	61.0	0.0	0.0	10.0
0.1644918593826186	0.7963427114707586	0.030224448573895998	20.0	0.0	0.0	11.0
0.6240080808671561	0.7912434948416612	0.0337970833525807	33.0	0.0	0.0	11.0
0.20547838391931467	0.07636070517333891	0.03231502901946994	47.0	0.0	0.0	11.0
0.2850213313045147	0.6396002988260652	0.03214108892550041	23.0	0.0	0.0	11.0
0.8336321461710835	0.48771000356132255	0.03440222372372833	58.0	0.0	0.0	11.0
0.842742338757354	0.06962309310004013	0.03054673681509469	57.0	0.0	0.0	11.0
0.5553904342300249	0.38678606068371113	0.028644430535986316	3.0	0.0	0.0	11.0
0.1076120490340032	0.963739084384548	0.03590666709911837	39.0	0.0	0.004770056721795868	11.0
0.1366403926473162	0.3887781997673634	0.03078697873979293	10.0	0.0	0.0	11.0
0.38696302444973296	0.16610560246561223	0.032027074231638364	37.0	0.0	0.0	11.0
0.2974675136959742	0.7876346898334187	0.03003787049369219	18.0	0.0	0.0	11.0
0.8800818172517613	0.932440732081358	0.03459353999758655	24.0	0.0	0.0	11.0
0.6026075755136443	0.4288903748891249	0.017189302738478546	68.0	0.0	0.0	11.0
0.7667913900579484	0.09001486234008711	0.03271361523470087	21.0	0.0	0.0	11.0
0.11024800016222826	0.6519300504190081	0.03132384485272397	40.0	0.0	0.0	11.0
0.551088150463512	0.8520566409871984	0.032223424880751805	22.0	0.0	0.0	11.0
0.696541288448815	0.6995079211143678	0.03434638683998661	55.0	0.0	0.0	11.0
0.044941654321672526	0.77731776935724	0.02991417466603485	43.0	0.0	0.0	11.0
0.49907271371924694	0.3026577116393142	0.01800896338187545	65.0	0.0	0.0	11.0
0.8652851986467966	0.4142108414500186	0.03260547194356586	15.0	0.0	0.0	11.0
0.9426818989517742	0.371162492346969	0.032514310116254684	28.0	0.0	0.0	11.0
0.1600304371778633	0.8723703956514083	0.032134398854528255	45.0	0.0	0.0	11.0
0.21284923428290023	0.5730822978415642	0.03310616461177561	52.0	0.0	0.0	11.0
0.47226489555212126	0.06885193780001675	0.03160666807153826	35.0	0.0	0.0	11.0
0.39128651824296906	0.39277515518151385	0.032441322968058045	34.0	0.0	0.0	11.0
0.378084033185871	0.5956919710609697	0.033224021995581325	46.0	0.0	0.0	11.0
0.6240094871826611	0.5109271103524192	0.031053836294741198	17.0	0.0	0.0	11.0
0.3244936340080171	0.3643269170286054	0.018682805360462258	62.0	0.0	0.0	11.0
0.43294091373939	0.22330263027136313	0.036259429701319464	51.0	0.0	0.012785030468279501	11.0
0.5544795874274591	0.31390603614429496	0.03381499090941418	44.0	0.0	0.0	11.0
0.3604060848977143	0.709734164790527	0.01810115728229183	64.0	0.0	0.0	11.0
0.060128336079682314	0.7085992655597565	0.031126225678354994	12.0	0.0	0.0	11.0
0.43132075318942514	0.33854553779669194	0.033507347081654246	26.0	0.0	0.0	11.0
0.6305013515033695	0.10909988900090219	0.03327815028380185	7.0	0.0	0.0	11.0
0.4762183772712437	0.16477960059617547	0.033607123915256096	53.0	0.0	0.0	11.0
0.9595212218710674	0.5995701549429755	0.028814992894103365	30.0	0.0	0.0	11.0
0.33533646202398737	0.44000839394314334	0.03195317573622968	13.0	0.0	0.0	11.0
0.9003889873137385	0.8037587810079131	0.030160072109906257	36.0	0.0	0.0	11.0
0.32100840269964537	0.10615266531578224	0.032207465104361364	9.0	0.0	0.0	11.0
0.43001882738415936	0.7081299717100172	0.035859476838727464	48.0	0.0	0.00406333386089841	11.0
0.3860470061974709	0.6623639492587444	0.01810115728229183	63.0	0.0	0.0	11.0
0.6798234491902948	0.3503634165331835	0.03453124628349436	42.0	0.0	0.0	11.0
0.5606012491087397	0.9833142022973214	0.030931731421977107	2.0	0.0	0.0	11.0
0.30327055697823035	0.2091155417542991	0.03125945602633832	1.0	0.0	0.0	11.0
0.28515280885639954	0.5571938979658401	0.03472294623475254	6.0	0.0	0.0	11.0
0.5493644842819747	0.03361615411191678	0.03305381609047692	29.0	0.0	0.0	11.0
0.7197695891481906	0.9118435093559627	0.01823147060563357	60.0	0.0	0.0	11.0
0.3795267797929028	0.5031400197946077	0.020029376470592435	70.0	0.0	0.0	11.0
0.7001225629223131	0.043356026092928907	0.03417345503950328	5.0	0.0	0.0	11.0
0.5387387875595223	0.23185458763448993	0.03274784760427306	32.0	0.0	0.0	11.0
0.6455730822502884	0.41032084550087067	0.017189302738478546	67.0	0.0	0.0	11.0
0.7375173072958198	0.7811485609896895	0.03308938605516076	50.0	0.0	0.0	11.0
0.9496496118021949	0.4592943468011894	0.029945487875488428	31.0	0.0	0.0	11.0
0.7918962806551302	0.8360606918158957	0.031190589085171947	49.0	0.0	0.0	11.0
0.35149744955491574	0.535392543695582	0.020029376470592435	69.0	0.0	0.0	11.0
0.8568051842717118	0.1936167810017818	0.033787469178094526	25.0	0.0	0.0	11.0
0.9047116788340376	0.2866279496004205	0.03383780303022549	41.0	0.0	0.0	11.0
0.7634545166612917	0.908179042110889	0.01823147060563357	59.0	0.0	0.0	11.0
0.30425020224256727	0.9053609705417895	0.033281325083737344	54.0	0.0	0.0	11.0
0.30695078966664235	0.3138323207551256	0.018682805360462258	61.0	0.0	0.0	11.0
0.3646431701855652	0.9583379110429677	0.03248579767917056	4.0	0.0	0.0	11.0
0.16266229802675866	0.21805961560832124	0.03728197811485869	19.0	0.0	0.07605265836212993	11.0
0.4791430904913945	0.25767323327410135	0.01800896338187545	66.0	0.0	0.0	11.0
0.7951210836634128	0.6791101242697986	0.03477576196633307	14.0	0.0	0.0	11.0
