# x	y	r	id	split_id	s_prob	t
2.0	0.5	0.0	-1.0	0.0	0.0	0.0
0.7625312623233014	0.43753412023260024	0.1038554010497734	1.0	0.0	2089.267317144263	0.0
0.5900702654168929	0.6103509830983993	0.10722096531901396	2.0	0.0	2410.848062561806	0.0
0.2992137238815177	0.43039291110097194	0.12714491998637212	3.0	0.0	5007.191090144118	0.0
0.6324360516206614	0.18627771758924505	0.08862622249224346	4.0	0.0	986.9873606472298	0.0
0.838830475087764	0.22461897688569296	0.1090603426022643	5.0	0.0	2599.7831477932878	0.0
0.8809567505783379	0.6594037461464308	0.109032814531765	6.0	0.0	2596.885223752486	0.0
0.5432866882424187	0.3775902331195652	0.11707397339097934	7.0	0.0	3538.3138417600994	0.0
0.3705454219790193	0.6859455520964526	0.1136660261165201	8.0	0.0	3115.5993879432986	0.0
0.7622477420683208	0.44203150900023447	0.10395925645082316	1.0	0.0	2098.73538206137	1.0
0.6256806212845848	0.17094024412136616	0.08871484871473569	4.0	0.0	991.8889330808825	1.0
0.3675000575742132	0.6869690788182228	0.11377969214263661	8.0	0.0	3129.1242766057594	1.0
0.5392019353463217	0.36334013192069553	0.1171910473643703	7.0	0.0	3553.4770763815077	1.0
0.30187970499586425	0.43011496764070856	0.12727206490635848	3.0	0.0	5027.947018052962	1.0
0.5887728021159809	0.6014092016232011	0.10732818628433295	2.0	0.0	2421.6016191289373	1.0
0.9000459917204868	0.6581399979396774	0.10914184734629676	6.0	0.0	2608.375922225213	1.0
0.8470265361473007	0.22072178948372206	0.10916940294486654	5.0	0.0	2611.285294419844	1.0
0.750038550028241	0.4679181135748241	0.10406321570727396	1.0	0.0	2108.2415194772934	2.0
0.62038356933181	0.1774913913999911	0.08880356356345041	4.0	0.0	996.8116327132265	2.0
0.541773422008743	0.36885576334587994	0.11730823841173466	7.0	0.0	3568.698798166205	2.0
0.8640001827449055	0.22973009084654894	0.1092785723478114	5.0	0.0	2622.832869852988	2.0
0.577639902794259	0.6017948521435967	0.10743551447061728	2.0	0.0	2432.397907128333	2.0
0.8934929901694691	0.6505379575379336	0.10925098919364304	6.0	0.0	2619.9120083334333	2.0
0.2880480313444286	0.4040373209166421	0.12739933697126482	3.0	0.0	5048.781067399788	2.0
0.3585369926736619	0.695149113655213	0.11389347183477924	8.0	0.0	3142.7018335290254	2.0
0.28563335167023984	0.40466076436597387	0.12752673630823608	3.0	0.0	5069.693510377738	3.0
0.7451479284798944	0.47495189303395763	0.10416727892298122	1.0	0.0	2117.7858679107894	3.0
0.3451986680079867	0.7028873665954637	0.11400736530661401	8.0	0.0	3156.332246354231	3.0
0.8923687091754663	0.6464869575675904	0.10936024018283667	6.0	0.0	2631.4936452909938	3.0
0.8812061624385898	0.24185424032876246	0.1093878509201592	5.0	0.0	2634.4260374450923	3.0
0.5577657643050863	0.607648963700007	0.10754294998508789	2.0	0.0	2443.2370808262385	3.0
0.5391864417542342	0.36859669946958146	0.11742554665014637	7.0	0.0	3583.9792141890052	3.0
0.6204793305552917	0.1659688629854543	0.08889236712701386	4.0	0.0	1001.7555399906204	3.0
0.552702855520721	0.6073496196680856	0.10765049293507296	2.0	0.0	2454.1192950091345	4.0
0.29893795592506034	0.4130736212435892	0.1276542630445443	3.0	0.0	5090.684620078568	4.0
0.540862695533842	0.3575512874516295	0.1175429721967965	7.0	0.0	3599.3185322149875	4.0
0.3260857961669238	0.7074855071790606	0.11412137267192062	8.0	0.0	3170.0157033503433	4.0
0.8843383252104356	0.6722463850459794	0.1094696004230195	6.0	0.0	2643.1209968608664	4.0
0.7519984499196841	0.4800900348260312	0.10427144620190419	1.0	0.0	2127.3685663498786	4.0
0.6191754195490643	0.15007300300325432	0.08898125949414086	4.0	0.0	1006.7207356392014	4.0
0.8845609693247948	0.2509721416142615	0.10949723877107934	5.0	0.0	2646.0649610981022	4.0
0.5608668319038526	0.6110441529650604	0.10775814342800802	2.0	0.0	2465.044704985412	5.0
0.8864492098159803	0.25200495330345357	0.10960673600985041	5.0	0.0	2657.749805265318	5.0
0.8901388179258757	0.6490991810684003	0.1095790700234425	6.0	0.0	2654.7942273569297	5.0
0.5398139758179797	0.35567624151256	0.11766051516899328	7.0	0.0	3614.7169607017277	5.0
0.2930964403667641	0.38845191524309053	0.12778191730758884	3.0	0.0	5111.754670495522	5.0
0.32444188501975146	0.718282304629408	0.11423549404459252	8.0	0.0	3183.75239341618	5.0
0.6031320759971318	0.14501609848292515	0.089070240753635	4.0	0.0	1011.7073006658087	5.0
0.7397298085208859	0.4789669241099073	0.10437571764810609	1.0	0.0	2136.9897542533718	5.0
0.30339655780919267	0.3759619134454493	0.12790969922489642	3.0	0.0	5132.903936526209	6.0
0.5609714221497581	0.6151964655902553	0.10786590157143601	2.0	0.0	2476.0134665870632	6.0
0.7478339587197093	0.4771962472118775	0.10448009336575419	1.0	0.0	2146.6495715523924	6.0
0.6044829724043653	0.1321385990889522	0.08915931099438862	4.0	0.0	1016.715316358904	6.0
0.3298979587945639	0.7433807603102942	0.11434972953863709	8.0	0.0	3197.5425060824386	6.0
0.890868459011391	0.6430286318401989	0.10968864909346593	6.0	0.0	2666.5135016457384	6.0
0.554327304810131	0.3542796381033469	0.11777817568416227	7.0	0.0	3630.1747088015086	6.0
0.8921801376516372	0.2659335570687485	0.10971634274586024	5.0	0.0	2669.480734953165	6.0
0.8828191783993644	0.25869978839389307	0.10982605908860608	5.0	0.0	2681.2579157229866	7.0
0.8999119909331728	0.6458187479787156	0.10979833774255938	6.0	0.0	2678.2789851483108	7.0
0.5601006007417065	0.5954494968008007	0.10797376747300744	2.0	0.0	2487.025736171371	7.0
0.3021150855298119	0.3574874375833303	0.1280376089241213	3.0	0.0	5154.132693975479	7.0
0.3303749998995635	0.7412510103328791	0.11446407926817571	8.0	0.0	3211.3862315137276	7.0
0.7573538062660643	0.4758300513478328	0.10458457345911992	1.0	0.0	2156.348158651908	7.0
0.5530960481070052	0.35237097885030805	0.11789595385984641	7.0	0.0	3645.6919863635535	7.0
0.5788323194330361	0.14148483478577947	0.089248470305383	4.0	0.0	1021.7448642895015	7.0
0.5599749703616285	0.6054263228013114	0.10808174124048044	2.0	0.0	2498.0816706226065	8.0
0.7530087886892497	0.48215038351976897	0.10468915803257903	1.0	0.0	2166.085656432268	8.0
0.9063998875797785	0.6392592131962391	0.10990813608030194	6.0	0.0	2690.0908438419174	8.0
0.301630372590822	0.35555316237262163	0.1281656465330454	3.0	0.0	5175.4412195583245	8.0
0.874512855108984	0.24019002991540825	0.10993588514769467	5.0	0.0	2693.0815136928277	8.0
0.571045676059961	0.1134280658448645	0.08933771877568837	4.0	0.0	1026.796026312095	8.0
0.3180512915947955	0.7322140650474858	0.11457854334744388	8.0	0.0	3225.283760510603	8.0
0.5511928934356479	0.3501631571994527	0.11801384981370625	7.0	0.0	3661.2690039362656	8.0
0.316573188171309	0.7284195144630763	0.11469312189079131	8.0	0.0	3239.2352845116143	9.0
0.9107088073064118	0.6436605029487418	0.11001804421638223	6.0	0.0	2701.949244261875	9.0
0.3025648668952481	0.35138111262075006	0.12829381217957844	3.0	0.0	5196.829790902787	9.0
0.5691825832639463	0.10065171072820278	0.08942705649446404	4.0	0.0	1031.8688845655904	9.0
0.7641513985356995	0.48219938235157134	0.10479384719061159	1.0	0.0	2175.86220625074	9.0
0.5551557580156297	0.6263239666829474	0.1081898229817209	2.0	0.0	2509.18142735373	9.0
0.5627389045950787	0.3446730847235782	0.11813186366351994	7.0	0.0	3676.905972769466	9.0
0.879409576189565	0.2390445495690995	0.11004582103284236	5.0	0.0	2704.9516955392364	9.0
0.7616011314278229	0.4909256093750789	0.10489864103780219	1.0	0.0	2185.6779499430577	10.0
0.9211243487673769	0.6568077051170688	0.1101280622605986	6.0	0.0	2713.8543535033464	10.0
0.5757751294804652	0.07800791589938902	0.0895164835509585	4.0	0.0	1036.9635214742439	10.0
0.8826003606888798	0.23676597413420505	0.11015586685387518	5.0	0.0	2716.868628499061	10.0
0.2983356745806924	0.34903315759981346	0.12842210599175802	3.0	0.0	5218.298686552856	10.0
0.5589896287731912	0.3461471619949126	0.11824999552718345	7.0	0.0	3692.603104816648	10.0
0.5588737917159838	0.6212870000983626	0.10829801280470261	2.0	0.0	2520.3251643081035	10.0
0.3150961747252742	0.7255274673896895	0.11480781501268209	8.0	0.0	3253.2409955953567	10.0
0.9160660893345246	0.6571745716112737	0.11023819032285918	6.0	0.0	2725.8063392231493	11.0
0.542629696818571	0.6214404084540248	0.1084063108175073	2.0	0.0	2531.513039961201	11.0
0.30494315053256305	0.33648799157754683	0.12855052809774975	3.0	0.0	5239.848185971399	11.0
0.5716375355150974	0.0820808936217446	0.08960600003450944	4.0	0.0	1042.0800197485978	11.0
0.7647021375780872	0.48999092241221526	0.10500353967883998	1.0	0.0	2195.5330298249646	11.0
0.30850064306971275	0.7368140952129647	0.11492262282769475	8.0	0.0	3267.301086482529	11.0
0.5659516867773182	0.34858504867535367	0.11836824552271062	7.0	0.0	3708.3606127372313	11.0
0.8815770989458577	0.24211911313117568	0.11026602272072905	5.0	0.0	2728.832480371262	11.0
0.3102935165913119	0.3401581745140242	0.1286790786258475	3.0	0.0	5261.478569543098	12.0
0.7647916651148475	0.48714781137963004	0.1051085432185188	1.0	0.0	2205.4275886937776	12.0
0.9314182836568725	0.6612795481084499	0.11034842851318204	6.0	0.0	2737.8053696415645	12.0
0.8841221974948503	0.2470259970947258	0.11037628874344976	5.0	0.0	2740.8434195187187	12.0
0.3039814227337451	0.743017826414423	0.11503754545052243	8.0	0.0	3281.4157505379994	12.0
0.5652202682355855	0.35194964318259864	0.11848661376823331	7.0	0.0	3724.178709898826	12.0
0.564521679417654	0.6103465813410549	0.1085147171283248	2.0	0.0	2542.745213322325	12.0
0.5712927638276909	0.09120361433954341	0.08969560603454395	4.0	0.0	1047.2184623864232	12.0
0.5428152656341596	0.6269032037186918	0.10862323184545312	2.0	0.0	2554.021843936336	13.0
0.5588307577459461	0.3499356524971062	0.11860510038200153	7.0	0.0	3740.05761037951	13.0
0.31291492074446536	0.7559535315120646	0.11515258299597295	8.0	0.0	3295.58518177287	13.0
0.7686429261189086	0.4857170120762337	0.1052136517617373	1.0	0.0	2215.3617698299404	13.0
0.28772811814760074	0.3336654368106159	0.1288077577044733	3.0	0.0	5283.190118577372	13.0
0.5693160329838105	0.0910977302661321	0.08978530164057848	4.0	0.0	1052.3789326736633	13.0
0.9319613471847277	0.6593227861005792	0.1104587769416952	6.0	0.0	2749.8516135441523	13.0
0.8996387478258624	0.267772238616245	0.1104866650321932	5.0	0.0	2752.9016148700566	13.0
0.8976772428196392	0.2667782401365835	0.11059715169722538	5.0	0.0	2765.007235921464	14.0
0.9309497536413148	0.6565190707087148	0.11056923571863689	6.0	0.0	2761.9452402835827	14.0
0.5543679582310382	0.3679842259535178	0.11872370548238352	7.0	0.0	3755.9975289701015	14.0
0.29202747436862203	0.3373951606043226	0.12893656546217777	3.0	0.0	5304.983115311346	14.0
0.5338573196510376	0.6188306223519716	0.10873185507729857	2.0	0.0	2565.3430918853765	14.0
0.30194402037707757	0.7698768121775099	0.11526773557896891	8.0	0.0	3309.8095748465616	14.0
0.5745571202570378	0.11520722769521952	0.08987508694221905	4.0	0.0	1057.5615141853834	14.0
0.7565014314727022	0.47898320492439356	0.10531886541349902	1.0	0.0	2225.3357169985893	14.0
0.2966601780971516	0.33497373677332853	0.12906550202763994	3.0	0.0	5326.857842912792	15.0
0.550582045092749	0.3666710446013837	0.11884242918786589	7.0	0.0	3771.9986811764466	15.0
0.8742551727037093	0.2678850137551137	0.1107077488489226	5.0	0.0	2777.160452738528	15.0
0.9348841831312241	0.652973503203758	0.11067980495435552	6.0	0.0	2774.0864197814544	15.0
0.5721257082464534	0.11419786138312199	0.08996496202916125	4.0	0.0	1062.7662907867189	15.0
0.5362756198137277	0.6205346713621003	0.10884058693237586	2.0	0.0	2576.7091177906095	15.0
0.7643791903654873	0.48450206834528114	0.10542418427891251	1.0	0.0	2235.3495744511238	15.0
0.3008989885530508	0.7681636166332699	0.11538300331454787	8.0	0.0	3324.0891250688906	15.0
0.8841625986230152	0.27692690847126566	0.11081845659777151	5.0	0.0	2789.3614359580656	16.0
0.5442564700032061	0.37814981831784117	0.11896127161705373	7.0	0.0	3788.0612832217103	16.0
0.2987917792207059	0.3363968141992164	0.12919456752966757	3.0	0.0	5348.814585483098	16.0
0.7628671604356071	0.4914575491084743	0.10552960846319141	1.0	0.0	2245.403486926779	16.0
0.5333334829807501	0.621242485388517	0.10894942751930822	2.0	0.0	2588.1200828139586	16.0
0.3063089389962814	0.7652486322568696	0.11549838631786241	8.0	0.0	3338.4240284021657	16.0
0.5700312935839568	0.11481479061939133	0.0900549269911904	4.0	0.0	1067.9933466338296	16.0
0.9404542077618604	0.6540200593949844	0.11079048475930986	6.0	0.0	2786.2753225301362	16.0
0.5463063608846206	0.12414256102557691	0.09014498191818159	4.0	0.0	1073.2427661748577	17.0
0.5312451330466363	0.6099317097655138	0.10905837694682752	2.0	0.0	2599.576148659853	17.0
0.9332265793128433	0.6564492172458218	0.11090127524406916	6.0	0.0	2798.5121195946044	17.0
0.29696090496386457	0.3326976326333756	0.12932376209719723	3.0	0.0	5370.853628060258	17.0
0.31418732221249224	0.7405256784996495	0.11561388470418026	8.0	0.0	3352.814481463282	17.0
0.5462901470709227	0.37778094927089834	0.11908023288867077	7.0	0.0	3804.185552048682	17.0
0.9056470496854617	0.2950958197527017	0.11092927505436927	5.0	0.0	2801.6103567899677	17.0
0.7622951487922013	0.49793047764258636	0.10563513807165459	1.0	0.0	2255.4975996542044	17.0
0.28705022490283655	0.3277837039277854	0.1294530858592944	3.0	0.0	5392.97525662184	18.0
0.7539080689677807	0.49907273077905184	0.10574077320972623	1.0	0.0	2265.632058353053	18.0
0.9231384864855858	0.6471253523448751	0.11101217651931322	6.0	0.0	2810.796982614291	18.0
0.9128155613726828	0.28334396492970015	0.11104020432942363	5.0	0.0	2813.9073870190496	18.0
0.5554674851900404	0.3736754268672846	0.11919931312155943	7.0	0.0	3820.3717053220794	18.0
0.548468982262599	0.11051607042479655	0.09023512690009976	4.0	0.0	1078.5146341508846	18.0
0.5328741982493134	0.6081802122830977	0.10916743532377433	2.0	0.0	2611.0774775769787	18.0
0.32319446586602063	0.7378107984453562	0.11572949858888443	8.0	0.0	3367.260681525824	18.0
0.9150497624510303	0.6622511317310339	0.11112318869583253	6.0	0.0	2823.1300838049333	19.0
0.5471813823749961	0.1309408449161608	0.09032536202699985	4.0	0.0	1083.8090355968966	19.0
0.7577060214794926	0.4980315436765808	0.10584651398293594	1.0	0.0	2275.807009235564	19.0
0.9371933489808462	0.2835741874404198	0.11115124453375304	5.0	0.0	2826.2526990068964	19.0
0.27699356378464535	0.3313052201483074	0.1295825389451537	3.0	0.0	5415.179758088	19.0
0.537402947033594	0.6113713835041219	0.10927660275909809	2.0	0.0	2622.624232360036	19.0
0.32840443602230485	0.7442542470117196	0.1158452280874733	8.0	0.0	3381.7628265221756	19.0
0.5576280997006783	0.3741665289657712	0.11931851243468097	7.0	0.0	3836.6199614308593	19.0
0.7600623573924622	0.5014435180727892	0.10595236049691886	1.0	0.0	2286.0225990081617	20.0
0.553289174075298	0.38434580441145105	0.11943783094711564	7.0	0.0	3852.9305394905473	20.0
0.5458273060958717	0.13854243175185288	0.09041568738902685	4.0	0.0	1089.126055842748	20.0
0.27299383371615554	0.33052760619761257	0.12971212148409883	3.0	0.0	5437.467420324461	20.0
0.9132144778037784	0.663763969738744	0.11123431188452834	6.0	0.0	2835.5115959604286	20.0
0.32865142131013214	0.7507895220489553	0.11596107331556076	8.0	0.0	3396.3211150456355	20.0
0.950297564000709	0.277139658419684	0.11126239577828678	5.0	0.0	2838.6464656937324	20.0
0.5383168102608016	0.6153341863249112	0.10938587936185717	2.0	0.0	2634.2165763515027	20.0
0.54171167029041	0.6421529538132968	0.10949526524121903	2.0	0.0	2645.8546734434017	21.0
0.2738582830041766	0.33248686978741754	0.1298418336055829	3.0	0.0	5459.838532145554	21.0
0.7603741522641555	0.5049718132483149	0.10605831285741577	1.0	0.0	2296.278974873054	21.0
0.950703000527943	0.2740909673764816	0.11137365817406505	5.0	0.0	2851.0888606002763	21.0
0.9208036368480084	0.6870710608458671	0.11134554619641286	6.0	0.0	2847.941692454709	21.0
0.3180968036024658	0.7664918229515889	0.1160770343888763	8.0	0.0	3410.935746352546	21.0
0.5469448519053937	0.1448161710122717	0.09050610307641586	4.0	0.0	1094.4657805141312	21.0
0.5559038557999011	0.3848712467839901	0.11955726877806275	7.0	0.0	3869.303659345559	21.0
0.9500107778337797	0.27117328214694286	0.11148503183223911	5.0	0.0	2863.5800578296207	22.0
0.5416227969206113	0.15273389111412938	0.09059660917949228	4.0	0.0	1099.8282955335496	22.0
0.9200871751092181	0.682556697282805	0.11145689174260927	6.0	0.0	2860.4205472435983	22.0
0.5427099182174341	0.6316138402543543	0.10960476050646023	2.0	0.0	2657.53868807907	22.0
0.29213875163756875	0.33737482863693563	0.12997167543918847	3.0	0.0	5482.293383317225	22.0
0.5415047168547721	0.37517298389097653	0.1196768260468408	7.0	0.0	3885.739541571541	22.0
0.3120414167845163	0.767394316663333	0.11619311142326516	8.0	0.0	3425.6069203644165	22.0
0.7459691309528748	0.5135452701499483	0.10616437117027316	1.0	0.0	2306.576284529833	22.0
0.544545535032069	0.3712131285423438	0.11979650287288762	7.0	0.0	3902.238407477715	23.0
0.29327757546377303	0.3083650818200791	0.13010164711462766	3.0	0.0	5504.83226456007	23.0
0.5282368570273327	0.13552387289608175	0.09068720578867176	4.0	0.0	1105.21368712129	23.0
0.7457790084095471	0.5068461038778105	0.10627053554144343	1.0	0.0	2316.914676177093	23.0
0.3119475190133236	0.7524801078752275	0.1163093045346884	8.0	0.0	3440.3348376700633	23.0
0.5484321083418426	0.6283420778054816	0.10971436526696668	2.0	0.0	2669.268785254947	23.0
0.9464732582754125	0.2690306812111263	0.11159651686407134	5.0	0.0	2876.1202320691004	23.0
0.9222843505929439	0.6786282835170778	0.11156834863435186	6.0	0.0	2872.948334866691	23.0
0.5195493571194132	0.15128873920359073	0.09077789299446042	4.0	0.0	1110.6220417964025	24.0
0.9559963842405929	0.26912061709886326	0.11170811338093539	5.0	0.0	2888.7095585921825	24.0
0.75152730188515	0.5053450570208593	0.10637680607698487	1.0	0.0	2327.294298514033	24.0
0.5496094316854812	0.611369075701628	0.10982407963223363	2.0	0.0	2681.045130522351	24.0
0.9162953359337335	0.6970211659814718	0.1116799169829862	6.0	0.0	2885.5252304492387	24.0
0.5486731624028046	0.36919972754649644	0.1199162993757605	7.0	0.0	3918.8004791092267	24.0
0.3327366354066151	0.772944563461267	0.11642561383922308	8.0	0.0	3455.119699527753	24.0
0.2976895420434625	0.33059831310943505	0.13023174876174226	3.0	0.0	5527.455467552372	24.0
0.9030623522768082	0.7005594931911607	0.11179159689996918	6.0	0.0	2898.1514097040317	25.0
0.5240050061535447	0.13941021010714585	0.09086867088745487	4.0	0.0	1116.0534463776826	25.0
0.3456677289138568	0.7916687868280801	0.11654203945306228	8.0	0.0	3469.9617078673514	25.0
0.7492519448205005	0.5111886916259987	0.10648318288306184	1.0	0.0	2337.7153007420848	25.0
0.29215281755738154	0.3217734579807729	0.130361980510504	3.0	0.0	5550.163284933171	25.0
0.5573003528585003	0.6226161875395134	0.10993390371186586	2.0	0.0	2692.867889989274	25.0
0.5537872429634337	0.37876297312053947	0.12003621567513624	7.0	0.0	3935.4259792495027	25.0
0.969539412339794	0.272741846147983	0.11181982149431631	5.0	0.0	2901.3482132603503	25.0
0.9737544916943125	0.2691314894246808	0.11193164131581061	5.0	0.0	2914.036372525	26.0
0.754183720619878	0.5067999885121758	0.10658966606594489	1.0	0.0	2348.1778325665364	26.0
0.9096098797039027	0.7005388822372455	0.11190338849686914	6.0	0.0	2910.827048933292	26.0
0.5585729109849641	0.6243630836782081	0.1100438376155777	2.0	0.0	2704.737230322174	26.0
0.3431960527207459	0.7922634182737133	0.11665858149251533	8.0	0.0	3484.8610652924804	26.0
0.29439506996002923	0.33151901155697006	0.1304923424910145	3.0	0.0	5572.956010305304	26.0
0.5169780699448466	0.14832816595174714	0.09095953955834232	4.0	0.0	1121.5079879846526	26.0
0.5621858839887924	0.3706327845482886	0.12015625189081136	7.0	0.0	3952.115131422622	26.0
0.754183720619878	0.5163600714348654	0.10669625573201082	1.0	0.0	2358.6820441981604	27.0
0.5495106258481351	0.6255972943734429	0.11015388145319327	2.0	0.0	2716.6533187477826	27.0
0.3015065916441851	0.3101757074559036	0.13062283483350548	3.0	0.0	5595.83393823848	27.0
0.902707437290785	0.6933025737115641	0.11201529188536599	6.0	0.0	2923.5523250305732	27.0
0.9762588698837842	0.2701896795538145	0.11204357295712641	5.0	0.0	2926.7742134293403	27.0
0.5286303661757105	0.1358001422242821	0.09105049909790065	4.0	0.0	1126.98575403855	27.0
0.5640832383602785	0.38140301187342074	0.12027640814270216	7.0	0.0	3968.868159895682	27.0
0.34393818959326433	0.7791798246805195	0.11677524007400783	8.0	0.0	3499.817975082683	27.0
0.9732812406313902	0.27059520882311694	0.11215561653008353	5.0	0.0	2939.561913610297	28.0
0.5273459823949487	0.13423197288801778	0.09114154959699855	4.0	0.0	1132.486832263321	28.0
0.3050658123650403	0.3104789467913706	0.13075345766833898	3.0	0.0	5618.797364272377	28.0
0.3306102854114467	0.7779597456576264	0.11689201531408183	8.0	0.0	3514.8326411955927	28.0
0.559282841910438	0.3866062920312276	0.12039668455084485	7.0	0.0	3985.6852896811843	28.0
0.9151212591491888	0.6898993949800013	0.11212730717725135	6.0	0.0	2936.3274154826686	28.0
0.5486134421095803	0.6433954347923697	0.11026403533464645	2.0	0.0	2728.616323054905	28.0
0.7675143773287199	0.5227768911210793	0.10680295198774281	1.0	0.0	2369.228086354849	28.0
0.5254661300083636	0.13559234827927488	0.09123269114659553	4.0	0.0	1138.0113106866095	29.0
0.7860600922520765	0.5181851343143502	0.10690975493973054	1.0	0.0	2379.816110263254	29.0
0.29667426418870363	0.2954753780660431	0.13088421112600732	3.0	0.0	5641.846584919705	29.0
0.9211782179071422	0.7049949437736052	0.1122394344844286	6.0	0.0	2949.1524983715176	29.0
0.9729402854699063	0.27283451708775436	0.1122677721466136	5.0	0.0	2952.3996513004286	29.0
0.5340559180878691	0.6360183663172406	0.11037429936998108	2.0	0.0	2740.6264115962394	29.0
0.327448577250728	0.7786783937574545	0.1170089073293959	8.0	0.0	3529.9052682691085	29.0
0.5391162049329584	0.36888784380153955	0.12051708123539567	7.0	0.0	4002.5667465394195	29.0
