# x	y	r	id	split_id	s_prob	t
2.0	0.5	0.0	-1.0	0.0	0.0	0.0
0.7932659485881363	0.3803275341882728	0.04190345376383437	1.0	0.0	2.1056163075154757	0.0
0.30933016730873913	0.5851150133133788	0.044288399107881106	2.0	0.0	5.128644286477609	0.0
0.38315752652679536	0.729108870961819	0.041876948015586196	3.0	0.0	2.0814558251007327	0.0
0.6394177816638499	0.763887048444705	0.04376170237143657	4.0	0.0	4.304725503111854	0.0
0.07625536382694191	0.37278508762839074	0.04238901368322012	5.0	0.0	2.5818998148776586	0.0
0.49786449787385784	0.6351467774115657	0.04039839584889526	6.0	0.0	1.0068717474860875	0.0
0.4777297635416607	0.4844413416523931	0.04154011749714111	7.0	0.0	1.790344581715388	0.0
0.640027925128462	0.5954874522117835	0.04327096845618106	8.0	0.0	3.6211712822440063	0.0
0.08174665500845021	0.9219142057792219	0.04267992332439703	9.0	0.0	2.899016093454094	0.0
0.7773751766683141	0.28903362133230126	0.043202916259518	10.0	0.0	3.5325214534859697	0.0
0.21105860061082785	0.5882791365044449	0.0429727495629383	11.0	0.0	3.2434285946882113	0.0
0.4075632651112767	0.0884582331191826	0.041401202762098244	12.0	0.0	1.678667668376292	0.0
0.3863092652621061	0.2180440907614937	0.04299517344937673	13.0	0.0	3.270872712077292	0.0
0.08917747261312112	0.68921556731192	0.03933568732452053	14.0	0.0	0.5216195237772467	0.0
0.6125193593708018	0.24886524121384174	0.041927896592558536	15.0	0.0	2.1280614475280544	0.0
0.7407015967894477	0.500305071732306	0.04327258722005662	16.0	0.0	3.6232978658306223	0.0
0.8846954544378879	0.5509469792951048	0.04272439211534613	17.0	0.0	2.949666457590695	0.0
0.20011448714318494	0.41000383896972487	0.04193127007309534	18.0	0.0	2.1311716860050467	0.0
0.9316765012130145	0.4215965647973535	0.04142542977865819	19.0	0.0	1.6977999601934357	0.0
0.824575355372253	0.21607877877077844	0.04174627489751189	20.0	0.0	1.96504307839254	0.0
0.11105250373220582	0.6019119635812862	0.0434980879205634	21.0	0.0	3.9277481600278037	0.0
0.6028091737871278	0.939608366252971	0.04379599649684075	22.0	0.0	4.355470907021228	0.0
0.8707662931727794	0.30080794620554374	0.04328242868543598	23.0	0.0	3.636244600935484	0.0
0.5616321498810762	0.08305484292313982	0.04343953342006476	24.0	0.0	3.8471160384419676	0.0
0.17525036463198626	0.5052798658436657	0.04115989737685399	25.0	0.0	1.495892568986065	0.0
0.8749424504879791	0.05957286144158546	0.043775054874186405	26.0	0.0	4.324436227162991	0.0
0.33136507379835994	0.3115591161904595	0.04036333343206014	27.0	0.0	0.9873800910299906	0.0
0.3898691046375277	0.4746790462186005	0.041065946108535464	28.0	0.0	1.4284847777299774	0.0
0.8084558990257938	0.1282066548364011	0.04361092517470122	29.0	0.0	4.086292214658172	0.0
0.29346803174716196	0.19572372090607065	0.04069081018104616	30.0	0.0	1.1795117549623768	0.0
0.2989577284103346	0.056120629494744764	0.04297085548633712	31.0	0.0	3.2411175314274487	0.0
0.7589896528336979	0.04284343954344757	0.04284343954344757	32.0	0.0	3.0881588678290086	0.0
0.6166709001154607	0.15566789168761547	0.04296966790155632	33.0	0.0	3.239669056389687	0.0
0.6943306934789331	0.8859157413671119	0.0436209089036974	34.0	0.0	4.100521958371388	0.0
0.49054277629851345	0.8822548805794397	0.04272539027341867	35.0	0.0	2.9508100869469445	0.0
0.1799797528109878	0.21780864761693394	0.04450786467586753	36.0	0.0	5.500839195466838	0.0
0.6154004590191534	0.25370370143778576	0.04196982448915109	15.0	0.0	2.1669330830022915	1.0
0.8886782230922844	0.5509344419423248	0.04276711650746147	17.0	0.0	2.9988823831530453	1.0
0.37145516986156984	0.7272893702280008	0.041918824963601775	3.0	0.0	2.11971271598712	1.0
0.4909362192881694	0.884064755563979	0.04276811566369208	35.0	0.0	3.0000398541965865	1.0
0.9322617521692265	0.4238712099856413	0.04146685520843685	19.0	0.0	1.730849814481985	1.0
0.8005950433789837	0.39134835726460127	0.0419453572175982	1.0	0.0	2.1441923221741774	1.0
0.21109161092243273	0.5880044936346643	0.04301572231250123	11.0	0.0	3.296157571029127	1.0
0.682434980701249	0.8796980844448361	0.04366452981260109	34.0	0.0	4.16308209423066	1.0
0.55562349835233	0.07478242201019328	0.04348297295348482	24.0	0.0	3.906827364475717	1.0
0.38631795123259755	0.21810640060251352	0.0430381686228261	13.0	0.0	3.3239257308081562	1.0
0.6386335079715738	0.7643160229533493	0.043805464073808004	4.0	0.0	4.369550092744447	1.0
0.38625827751037606	0.47378627437886733	0.041107012054643996	28.0	0.0	1.4576937970927588	1.0
0.8740308230239736	0.04675544734928129	0.04381882992906059	26.0	0.0	4.389477992603162	1.0
0.8280576502991126	0.21736104664980754	0.0417880211724094	20.0	0.0	2.0017486243897338	1.0
0.47712419221804114	0.4850526589631965	0.041581657614638244	7.0	0.0	1.8246763038921756	1.0
0.6034528314281711	0.941585105334885	0.04383979249333759	22.0	0.0	4.4208541308416045	1.0
0.29264467923267923	0.1938253298620241	0.0407315009912272	30.0	0.0	1.2049945690662867	1.0
0.31674973126648387	0.603147724497718	0.04433268750698898	2.0	0.0	5.202356945689658	1.0
0.07699114932073466	0.3755025422065577	0.04243140269690334	5.0	0.0	2.626590451753458	1.0
0.881195329910718	0.30835503077135956	0.04332571111412141	23.0	0.0	3.6935500376364274	1.0
0.7626643727032495	0.049317598621788916	0.04288628298299101	32.0	0.0	3.1390414056629083	1.0
0.0891568256800997	0.6891662707491525	0.03937502301184505	14.0	0.0	0.5359459568975353	1.0
0.19285558802948066	0.3984340501472803	0.04197320134316843	18.0	0.0	2.1700842222591348	1.0
0.6354738890056304	0.5935293270320384	0.04331423942463723	8.0	0.0	3.6783034465997275	1.0
0.821751854031903	0.1271985710930233	0.043654536099875914	29.0	0.0	4.148693542685919	1.0
0.08267101341517949	0.9323743178689667	0.042722603247721425	9.0	0.0	2.9476176202727515	1.0
0.18254793853427131	0.22537101991189573	0.044552372540543395	36.0	0.0	5.578452359484544	1.0
0.7405275811614556	0.5009171037611336	0.043315859807276674	16.0	0.0	3.680454486674975	1.0
0.7616624164477537	0.29809851648770697	0.04324611917577751	10.0	0.0	3.5886309241621746	1.0
0.610800969278535	0.15340770243318166	0.04301263756945787	33.0	0.0	3.2923535894407507	1.0
0.3269162985406974	0.30923382818179596	0.04040369676549219	27.0	0.0	1.0098407327116377	1.0
0.40802041134740463	0.08833907689895211	0.04144260396486034	12.0	0.0	1.711450255427721	1.0
0.1715494346723047	0.4936660717769277	0.041201057274230846	25.0	0.0	1.526079652205425	1.0
0.11088854412450884	0.6026661932924451	0.04354158600848396	21.0	0.0	3.988370808692281	1.0
0.29185459527646196	0.05821292314502692	0.04301382634182345	31.0	0.0	3.293819189111872	1.0
0.4990532476022126	0.6406151386552337	0.040438794244744156	6.0	0.0	1.02964582277626	1.0
0.16619937903209672	0.49774684033767563	0.04124225833150507	25.0	0.0	1.5567009376710246	2.0
0.31703333477917894	0.6027635156572818	0.044377020194495964	2.0	0.0	5.276847312878147	2.0
0.4988518404852664	0.6392339681334905	0.0404792330389889	6.0	0.0	1.0527840334860343	2.0
0.76047200575397	0.2975688108114453	0.04328936529495328	10.0	0.0	3.645388418683723	2.0
0.6453689422843262	0.7698680887007653	0.043849269537881805	4.0	0.0	4.4350880275729025	2.0
0.1149623724544052	0.6024479776768578	0.043585127594492436	21.0	0.0	4.049675609844954	2.0
0.8013661511159685	0.3951239377960943	0.04198730257481579	1.0	0.0	2.183275917872095	2.0
0.6105268582330844	0.15312748375213392	0.04305565020702732	33.0	0.0	3.345659768242683	2.0
0.9310537696580853	0.42503074334252783	0.041508322063645284	19.0	0.0	1.764359504959316	2.0
0.4752470189525802	0.48961499221240123	0.04162323927225288	7.0	0.0	1.8594791290331898	2.0
0.7502223830480695	0.4979949538227365	0.04335917566708394	16.0	0.0	3.7382671113511066	2.0
0.09160923771296957	0.935253657697567	0.04276532585096914	9.0	0.0	2.9968087447742278	2.0
0.19376677118566785	0.4039507540428205	0.0420151745445116	18.0	0.0	2.2095071816974183	2.0
0.29152936439175375	0.05821189935110606	0.043056840168165265	31.0	0.0	3.3471426255387087	2.0
0.8133750308558001	0.12377885953285636	0.043698190635975784	29.0	0.0	4.211790292167876	2.0
0.8763854171321017	0.043862648758989646	0.043862648758989646	26.0	0.0	4.455234701218558	2.0
0.3902626829865169	0.46937071328559704	0.04114811906669864	28.0	0.0	1.4873280989978497	2.0
0.19486575045518686	0.22043834852424576	0.04459692491308393	36.0	0.0	5.6568708625776765	2.0
0.8402940292933805	0.2079850152275684	0.041829809193581806	20.0	0.0	2.0389458241114227	2.0
0.36885193308409425	0.7163168529172048	0.041960743788565374	3.0	0.0	2.158474486247556	2.0
0.0877894701519525	0.6903226121985513	0.03941439803485689	14.0	0.0	0.550547054427085	2.0
0.4075383462688706	0.0888508721750013	0.04148404656882519	12.0	0.0	1.744690313738218	2.0
0.06812404734569072	0.3819193158876711	0.04247383409960024	5.0	0.0	2.671839303140331	2.0
0.49020344024012935	0.8937456412909964	0.04281088377935577	35.0	0.0	3.0498641957308905	2.0
0.6365892509306085	0.5928915993117587	0.04335755366406187	8.0	0.0	3.7360914288484253	2.0
0.5548411437126678	0.07394126956308852	0.0435264559264383	24.0	0.0	3.9672140059618783	2.0
0.21425178364279313	0.5869644772779518	0.04305873803481373	11.0	0.0	3.349508538248145	2.0
0.29465493257688286	0.2097059601562768	0.040772232492218424	30.0	0.0	1.2308678253124867	2.0
0.33298143082689263	0.30101715476817376	0.04044410046225768	27.0	0.0	1.032662405053543	2.0
0.6104374559370999	0.9365973056788993	0.04388363228583092	22.0	0.0	4.486954807566391	2.0
0.7594888581942629	0.04926761366721132	0.042929169265973996	32.0	0.0	3.1905315298489683	2.0
0.691853868113363	0.8791935594260231	0.043708194342413687	34.0	0.0	4.226338831521701	2.0
0.888959686050981	0.5621087363213171	0.042809883623968925	17.0	0.0	3.048692773537482	2.0
0.8804477759522089	0.30843772823367155	0.043369036825235525	23.0	0.0	3.7515126091476674	2.0
0.6155123476872434	0.2559233250671219	0.04201179431364024	15.0	0.0	2.20631479659707	2.0
0.38530629137601763	0.21789646412945096	0.04308120679144892	13.0	0.0	3.37760325447249	2.0
0.6987973153035266	0.8755643550821383	0.04375190253675609	34.0	0.0	4.290297337176071	3.0
0.6120407722867859	0.9417403363751279	0.04392751591811675	22.0	0.0	4.553778199760728	3.0
0.31753286694140087	0.6025921185596705	0.05552674651836307	2.0	0.0	5.352120925293605	3.0
0.9314300690111563	0.42518974339399496	0.041549830385708926	19.0	0.0	1.7983330875772054	3.0
0.2842728015269348	0.22018660246266517	0.04081300472471064	30.0	0.0	1.2571352432322698	3.0
0.21520631239185084	0.5885073704742775	0.04310179677284854	11.0	0.0	3.403486318435327	3.0
0.6133448682767947	0.1533318689718116	0.04309870585723434	33.0	0.0	3.39959241328026	3.0
0.5609244812521125	0.0556506648007688	0.04356998238236473	24.0	0.0	4.02828103188223	3.0
0.636110553413563	0.5892920202541537	0.04340091121772593	8.0	0.0	3.794540207955123	3.0
0.08941803487281906	0.9379636353702699	0.04280809117682011	9.0	0.0	3.046594137945874	3.0
0.325677911071992	0.2988157709697763	0.04048454456271993	27.0	0.0	1.055848683129085	3.0
0.11118795832098477	0.6041560544813555	0.043628712722086925	21.0	0.0	4.11166766396525	3.0
0.3721273134669202	0.7107919913462679	0.042002704532353934	3.0	0.0	2.1977454072333416	3.0
0.7496413264191072	0.4972281710133787	0.04340253484275102	16.0	0.0	3.7967407196838536	3.0
0.813654813572711	0.12561640247414607	0.04374188882661176	29.0	0.0	4.275587624614431	3.0
0.6142985546573285	0.2515497960699969	0.042053806107953874	15.0	0.0	2.2462108843868833	3.0
0.8751592783790196	0.04272939668852266	0.04390651140774863	26.0	0.0	4.521711604079897	3.0
0.8791754448476857	0.3077727055950697	0.04341240586206076	23.0	0.0	3.810137300523323	3.0
0.09086156009011048	0.6870196395590292	0.03945381243289174	14.0	0.0	0.5654259596795725	3.0
0.7606674314845767	0.29793425367671167	0.04333265466024823	10.0	0.0	3.7027988799504357	3.0
0.18462079460037184	0.22105182980039512	0.04464152183799701	36.0	0.0	5.736100367174146	3.0
0.3891577312182275	0.22242176235993916	0.04312428799824036	13.0	0.0	3.4319101168510002	3.0
0.4973466314849133	0.4734094001662297	0.041664862511525125	7.0	0.0	1.8947571671748307	3.0
0.49949164017398734	0.637899274123214	0.05064964034003486	6.0	0.0	1.0762899699950736	3.0
0.16596917471585249	0.4977961253385513	0.04128350058983657	25.0	0.0	1.5877603577428658	3.0
0.5005741790510714	0.8919991726316506	0.04285369466313512	35.0	0.0	3.1002878058091596	3.0
0.7593342013027827	0.04997905000344268	0.04297209843523996	32.0	0.0	3.2426339953943284	3.0
0.8881419336099889	0.5610296013750679	0.04285269350759289	17.0	0.0	3.0991023224916603	3.0
0.19355613017616785	0.40673357315841524	0.04205718971905611	18.0	0.0	2.249444862034437	3.0
0.7977125203984234	0.3958581657422891	0.0420292898773906	1.0	0.0	2.2228713788120444	3.0
0.6473487983532706	0.7725152345745536	0.04389311880741968	4.0	0.0	4.501344551347017	3.0
0.8403274302084981	0.20931105706192063	0.041871639002775386	20.0	0.0	2.0766388858875757	3.0
0.38870338775729324	0.46966369045972267	0.04118926718576533	28.0	0.0	1.5173915726176972	3.0
0.411819126589275	0.09105415093414616	0.04152553061539401	12.0	0.0	1.7783918878889438	3.0
0.06575569443080852	0.38079317552875314	0.042516307933699836	5.0	0.0	2.717650892766116	3.0
0.29191584606268606	0.0582058158428393	0.04309989700833343	31.0	0.0	3.4010926618113615	3.0
0.6121136500158653	0.9417090007175916	0.04397144343403486	22.0	0.0	4.62132959407775	4.0
0.7659262020205274	0.29691186134967096	0.04337598731490847	10.0	0.0	3.7608672737397484	4.0
0.8795447231985278	0.3085307803299904	0.043455818267922816	23.0	0.0	3.869429119855127	4.0
0.32296391102260047	0.6003374974131039	0.053305676657628545	2.0	0.0	5.428183345310245	4.0
0.79786954840636	0.39596588201982036	0.04207131916726799	1.0	0.0	2.2629830095609975	4.0
0.326720765154753	0.29979186867336877	0.040525029107282645	27.0	0.0	1.0794031596353761	4.0
0.49604567639441244	0.6293719319543151	0.048623654726433464	6.0	0.0	1.1001672403663036	4.0
0.3922716289396948	0.2214831896958062	0.0431674122862386	13.0	0.0	3.486851174187521	4.0
0.697371618542885	0.873015297520855	0.04379565443929284	34.0	0.0	4.354962801851869	4.0
0.6382264193184827	0.5858233296772964	0.043444312128943646	8.0	0.0	3.853654785899323	4.0
0.2821040102751713	0.22746482933960113	0.040853817729435346	30.0	0.0	1.2838005605421756	4.0
0.10999922187543672	0.6028779786325728	0.043672341434809005	21.0	0.0	4.174352095007649	4.0
0.06963055207391944	0.3801406359598287	0.04255882424163353	5.0	0.0	2.7640297656400605	4.0
0.8445096045249063	0.22012642508849847	0.04191351064177816	20.0	0.0	2.114832038120994	4.0
0.18497104999927833	0.2204436968901148	0.044686163359835	36.0	0.0	5.816146561296293	4.0
0.3905576545564288	0.47512383134521985	0.04123045645295109	28.0	0.0	1.5478881259672335	4.0
0.612811662392161	0.2529770528089455	0.042095859914061826	15.0	0.0	2.286625662855954	4.0
0.0907508966191442	0.6845102064110856	0.03949326624532463	14.0	0.0	0.58058583190234	4.0
0.4997789923525453	0.8876923377576181	0.04289654835779825	35.0	0.0	3.1513154006227637	4.0
0.09013776164742272	0.9330280331936227	0.04285089926799692	9.0	0.0	3.096978492618433	4.0
0.21559276742448677	0.5890240761384383	0.043144898569621386	11.0	0.0	3.4580957560994534	4.0
0.16463698096839077	0.5029738496384727	0.0413247840904264	25.0	0.0	1.6192618637903422	4.0
0.8148967554212065	0.12730919218730366	0.04378563071543837	29.0	0.0	4.340090725242035	4.0
0.37466607960833986	0.7165460733182716	0.04204470723688628	3.0	0.0	2.2375297706107062	4.0
0.49780555287002676	0.4806891195033117	0.04170652737403664	7.0	0.0	1.9305145480481372	4.0
0.19459712336862442	0.405721662319047	0.04209924690877516	18.0	0.0	2.2899015814006987	4.0
0.7433272571628932	0.4855976469823856	0.043445937377593766	16.0	0.0	3.8558803145158294	4.0
0.41332540240902416	0.09093536590535493	0.041567056146009404	12.0	0.0	1.8125590419035973	4.0
0.9361617788835299	0.4255928767397057	0.04159138021609463	19.0	0.0	1.8327746377737384	4.0
0.7539626602683347	0.0430150705336752	0.0430150705336752	32.0	0.0	3.2953535794695483	4.0
0.291861295582879	0.05724411142612221	0.043142996905341756	31.0	0.0	3.455674141448114	4.0
0.8869594390073388	0.5565507407081713	0.042895546201100476	17.0	0.0	3.1501157456933697	4.0
0.8740373071242702	0.04341864305406981	0.043950417919156375	26.0	0.0	4.588913976302521	4.0
0.6131102386536117	0.15362204796780854	0.04314180456309157	33.0	0.0	3.454156367450892	4.0
0.5637198954196619	0.05343370928022929	0.043613552364747094	24.0	0.0	4.090033534574275	4.0
0.6447252016804728	0.7682141845716928	0.04393701192622709	4.0	0.0	4.568324931833459	4.0
0.1863981520129846	0.21781497306850733	0.04473084952319483	36.0	0.0	5.897015158656956	5.0
0.8850728958265993	0.3103116136473328	0.04349927408619073	23.0	0.0	3.9293930983597107	5.0
0.7990533975078722	0.3930363427063854	0.042113390486435254	1.0	0.0	2.303615135128254	5.0
0.07637751831234253	0.3821280173524149	0.04260138306587516	5.0	0.0	2.8109804881341205	5.0
0.8752742817564496	0.03671902710974035	0.043994368337075526	26.0	0.0	4.656847117137133	5.0
0.3242264713354569	0.6010699740395237	0.05108460679689402	2.0	0.0	5.505040160520537	5.0
0.8444465496769527	0.22014586458250643	0.041955424152419936	20.0	0.0	2.153529529364363	5.0
0.7536734896405106	0.2976455696968524	0.043419363302223374	10.0	0.0	3.8195985887935393	5.0
0.49903400990562613	0.8918745606121418	0.04293944490615604	35.0	0.0	3.2029517183787704	5.0
0.16680457471446802	0.5026647287998779	0.04136610887451682	25.0	0.0	1.6512094262657087	5.0
0.28753774962618317	0.22337408538008285	0.04089467154716478	30.0	0.0	1.3108675332145907	5.0
0.6456015208774228	0.7685210431035799	0.04398094893815332	4.0	0.0	4.636034460906615	5.0
0.886985225899467	0.5585985840379293	0.04293844174730157	17.0	0.0	3.201737780834094	5.0
0.39527328161261	0.2352910760422779	0.043210579698524834	13.0	0.0	3.5424313052744196	5.0
0.32772922263502824	0.2989058358818799	0.040565554136389924	27.0	0.0	1.1033294449617728	5.0
0.9348192305159506	0.3951489068650568	0.04163297159631072	19.0	0.0	1.8676882505484969	5.0
0.1946976735266713	0.40971358037133204	0.04214134615568393	18.0	0.0	2.3308816784210364	5.0
0.6098475606847835	0.9416447829678241	0.04401541487746889	22.0	0.0	4.689614301349621	5.0
0.4123235003553629	0.09208296807702131	0.04160862320215541	12.0	0.0	1.8471958593233353	5.0
0.38580923637409753	0.47450755859495225	0.04127168690940404	28.0	0.0	1.578821685976692	5.0
0.30111067362675775	0.0572149953198165	0.043186139902247095	31.0	0.0	3.510891930467494	5.0
0.21621126854079342	0.5884806598007752	0.043188043468191	11.0	0.0	3.513341718253187	5.0
0.3726802274576667	0.7177318377670979	0.04208675194412316	3.0	0.0	2.2778318884386266	5.0
0.8087520092609721	0.1279889490238754	0.0438294163461538	29.0	0.0	4.405304803062791	5.0
0.11210080159075811	0.5940796205002092	0.04371601377624381	21.0	0.0	4.237734050490516	5.0
0.09198816590184579	0.9307098390125325	0.04289375016726491	9.0	0.0	3.147966523549357	5.0
0.08923368527120275	0.6951414149579154	0.03953275951156995	14.0	0.0	0.5960298463391211	5.0
0.6072363908583467	0.15871765502067275	0.04318494636765466	33.0	0.0	3.509356496149735	5.0
0.6286204242906841	0.5856721241879881	0.043487756441072584	8.0	0.0	3.913440187762319	5.0
0.7449632810718402	0.48633801472998717	0.043489383314971354	16.0	0.0	3.9156909217946634	5.0
0.5637198954196619	0.06525998525593975	0.043657165917111836	24.0	0.0	4.152476629819674	5.0
0.4851581489513915	0.5029714451781864	0.04174823390141067	7.0	0.0	1.9667554211547014	5.0
0.7537021749022258	0.04530381227212792	0.043058085604208866	32.0	0.0	3.348695081493034	5.0
0.5020601876529444	0.6359206583936348	0.046597669112832064	6.0	0.0	1.1244194704147645	5.0
0.7018391842904614	0.8712912098890375	0.04383945009373213	34.0	0.0	4.420340440023423	5.0
0.6105201720373125	0.24750589648796295	0.04213795577397588	15.0	0.0	2.327563468976521	5.0
0.8088733776713471	0.12650935781836356	0.04387324576249995	29.0	0.0	4.471235090974432	6.0
0.5039200041969324	0.8848940396847046	0.04298238435106219	35.0	0.0	3.2552015193837462	6.0
0.08741563729121689	0.6927422547587962	0.03957229227108151	14.0	0.0	0.6117611942928818	6.0
0.5041680958169567	0.63467994884356	0.04457168349923068	6.0	0.0	1.1490503037765905	6.0
0.6461887658448763	0.7681753921630922	0.04402492988709147	4.0	0.0	4.70447845463957	6.0
0.8753582221658908	0.03694716553711029	0.044038362705412594	26.0	0.0	4.725516350061071	6.0
0.21717272156533926	0.5890065461627061	0.04323123151165919	11.0	0.0	3.569229094498695	6.0
0.3007038003996902	0.05967838492651992	0.04322932604214934	31.0	0.0	3.566750917473641	6.0
0.07587051602617904	0.3823651924529751	0.04264398444894103	5.0	0.0	2.8585076480645313	6.0
0.18843275005360804	0.21971933007109806	0.04477558037271802	36.0	0.0	5.978711898756018	6.0
0.3857305716894862	0.4749838292207753	0.04131295859631344	28.0	0.0	1.6101961985647648	6.0
0.8413939348601083	0.22364240137497027	0.041997379576572354	20.0	0.0	2.192735628397699	6.0
0.3938629467038322	0.241778750084842	0.043253790278223354	13.0	0.0	3.5986554115382745	6.0
0.18958468846716722	0.41060776361568163	0.0421834875018396	18.0	0.0	2.372389512293225	6.0
0.9275112649602791	0.3953099655548565	0.041674604567907024	19.0	0.0	1.903078040537821	6.0
0.3763354809682344	0.71866005182843	0.04212883869606728	3.0	0.0	2.3186560932471707	6.0
0.7463352926164138	0.4826803031535067	0.04353287269828632	16.0	0.0	3.9761775906606687	6.0
0.0958829973229349	0.5979812708958602	0.04375972979002005	21.0	0.0	4.301818701585276	6.0
0.3295986098995286	0.29943099358851843	0.04060611969052631	27.0	0.0	1.1276311672587838	6.0
0.6277852677737161	0.5828035644238131	0.04353124419751365	8.0	0.0	3.9739014618147905	6.0
0.8844969433388911	0.3107509228737006	0.04354277336027692	23.0	0.0	3.9900342904663972	6.0
0.32728148558948744	0.6032226820018465	0.0488635369361595	2.0	0.0	5.5826969838300045	6.0
0.7537035447855625	0.296691113475058	0.04346278266552559	10.0	0.0	3.878997836905299	6.0
0.6106712685008536	0.9399805262568786	0.04405943029234636	22.0	0.0	4.758637656678815	6.0
0.28738975562119334	0.2234756046155614	0.04093556621871194	30.0	0.0	1.338339935548504	6.0
0.09246703879983635	0.930941248435747	0.04293664391743217	9.0	0.0	3.199562967506253	6.0
0.7980129691540017	0.39111987228434997	0.042155503876921685	1.0	0.0	2.344772101043816	6.0
0.7537446144607858	0.04524780753469179	0.04310114368981307	32.0	0.0	3.4026633232156343	6.0
0.42581488947347673	0.08998530577677888	0.041650231825357556	12.0	0.0	1.8823064432819763	6.0
0.8884315326570138	0.5603419464947677	0.042981380189048866	17.0	0.0	3.253973187702911	6.0
0.6989816024120942	0.865865713171764	0.04388328954382586	34.0	0.0	4.486435490071344	6.0
0.5553069709150208	0.07621796884104555	0.043700823083028945	24.0	0.0	4.2156154569330795	6.0
0.6139060523188716	0.2532999965829722	0.04218009372974985	15.0	0.0	2.369028660287384	6.0
0.16463364857368126	0.5033340144626796	0.04140747498339133	25.0	0.0	1.6836070347777792	6.0
0.605830494532037	0.15880184192051117	0.04322813131402231	33.0	0.0	3.565197687355294	6.0
0.48548334372716345	0.501326434333747	0.04178998213531208	7.0	0.0	2.003483955842725	6.0
0.7558916658714447	0.04540352932681467	0.043144244833502876	32.0	0.0	3.457263148805623	7.0
0.7515674571381606	0.2923752649022994	0.043506245448191115	10.0	0.0	3.939070053007498	7.0
0.22380188410295368	0.5984427217372915	0.043274462743170844	11.0	0.0	3.6257627971133957	7.0
0.5544947003037781	0.08540968666278036	0.04374452390611197	24.0	0.0	4.279455178851137	7.0
0.8457857168073197	0.22951438754734738	0.04203937695614892	20.0	0.0	2.232454624305973	7.0
0.28735045640335266	0.223681196368608	0.04097650178493065	30.0	0.0	1.3662215602406178	7.0
0.5032691873741415	0.6363608926780007	0.04254569788562928	6.0	0.0	1.1740634019783869	7.0
0.0889033524328636	0.6856848649131926	0.03961186456335259	14.0	0.0	0.6277830831890441	7.0
0.2982451435792924	0.060828541828244174	0.04327255536819148	31.0	0.0	3.6232560137421927	7.0
0.385726497991712	0.4750196225640445	0.04135427155490975	28.0	0.0	1.6420156287119312	7.0
0.07216046799786005	0.38149730820342	0.04268662843338997	5.0	0.0	2.906615854773662	7.0
0.6061957392209155	0.1591705522479023	0.043271359445336326	33.0	0.0	3.621684851715159	7.0
0.37690915366130684	0.7205002477889073	0.04217096753476334	3.0	0.0	2.360006738115885	7.0
0.4774350838246465	0.5031557830249785	0.04183177211744738	7.0	0.0	2.0407043413832895	7.0
0.7467605929830018	0.48134567890288027	0.0435764055709846	16.0	0.0	4.037345393534665	7.0
0.8088023036882617	0.12697615397135728	0.043917119008262444	29.0	0.0	4.537886845850622	7.0
0.6197088404484696	0.9331766679071883	0.0441034897226387	22.0	0.0	4.828405019529669	7.0
0.0913709196429175	0.9375776362814724	0.042979580561349595	9.0	0.0	3.2517725833507853	7.0
0.9309385662359276	0.39459874276860807	0.041716279172474925	19.0	0.0	1.9389481420904957	7.0
0.39391248538501533	0.24175205769954355	0.04329704406850157	13.0	0.0	3.6555284171258506	7.0
0.6442751967602487	0.7680002179221042	0.044068954816978555	4.0	0.0	4.773662253395486	7.0
0.5018576818318248	0.8843841334313215	0.04302536673541325	35.0	0.0	3.3080695861278855	7.0
0.8765666078432055	0.03844164069273393	0.044082401068118005	26.0	0.0	4.794927022869658	7.0
0.8016312677236686	0.3949613206649763	0.0421976593807986	1.0	0.0	2.386458273437043	7.0
0.42469754201217397	0.08969406658535366	0.04169188205718291	12.0	0.0	1.91789491658146	7.0
0.1844967961306211	0.21548756981025083	0.04482035595309073	36.0	0.0	6.061242546977169	7.0
0.8880671066429024	0.5644658197978855	0.04302436156923791	17.0	0.0	3.3068267482705096	7.0
0.3297325457383404	0.29988046765432913	0.04064672581021683	27.0	0.0	1.1523119725071496	7.0
0.3330253719495059	0.6038580940953486	0.04664246707542498	2.0	0.0	5.661159453552486	7.0
0.09652890902733749	0.5975441501599507	0.043803489519810064	21.0	0.0	4.366611243205924	7.0
0.698840802983628	0.8435019014782854	0.04392717283336968	34.0	0.0	4.553253214372901	7.0
0.6292731817588563	0.5800628248693345	0.04357477544171116	8.0	0.0	4.035043679604641	7.0
0.8694588024651112	0.33252615082209985	0.04358631613363719	23.0	0.0	4.051357773905053	7.0
0.19128238506596967	0.40728361074947295	0.042225670989341435	18.0	0.0	2.4144294628668064	7.0
0.17491234397748806	0.5104930646136683	0.04144888245837472	25.0	0.0	1.716458698165809	7.0
0.6126847059295004	0.2562683902542171	0.042222273823479595	15.0	0.0	2.411025614972772	7.0
0.22201239398749326	0.5965666752882086	0.04331773720591401	11.0	0.0	3.6829477611361057	8.0
0.6463673928650168	0.7647569548036987	0.04411302377179553	4.0	0.0	4.843591221919269	8.0
0.7509018480974442	0.48075509394842186	0.04361998197655558	16.0	0.0	4.099199426206269	8.0
0.8765872450749357	0.040080528276897905	0.044126483469186115	26.0	0.0	4.865084507768017	8.0
0.6218171054351819	0.5801332396517973	0.043618350217152865	8.0	0.0	4.096871936045247	8.0
0.5289617315801017	0.6590369135788963	0.023619175532828083	39.0	6.0	0.0	8.0
0.5046225176102138	0.6059029675865157	0.023619175532828083	40.0	6.0	0.0	8.0
0.2974234857654976	0.06092992468260448	0.04331582792355967	31.0	0.0	3.6804121533064063	8.0
0.6126519755939117	0.2562798513551058	0.04226449609730307	15.0	0.0	2.4535587319414134	8.0
0.08735135384152928	0.6899029825071468	0.03965147642791594	14.0	0.0	0.64409873663881	8.0
0.17485996421744568	0.5105385044486798	0.04149033134083309	25.0	0.0	1.7497684445737889	8.0
0.5558200596362977	0.08085739930454729	0.043788268430018075	24.0	0.0	4.3440009822218855	8.0
0.8714538678116943	0.32361918173223314	0.04362990244977082	23.0	0.0	4.113368649794424	8.0
0.18674407614389674	0.21441899903060196	0.04486517630904382	36.0	0.0	6.14461289468511	8.0
0.8046426479509299	0.12670077594875176	0.0439610361272707	29.0	0.0	4.605265348631576	8.0
0.47827763473502544	0.5033140905604301	0.04187360388956483	7.0	0.0	2.0784207870470794	8.0
0.8018522969022003	0.3922667741375366	0.04223985704017939	1.0	0.0	2.4286780391156526	8.0
0.3588484007200815	0.5939087331399414	0.02678636931550329	37.0	2.0	0.0	8.0
0.9307290895246195	0.4029151281592116	0.04175799545164739	19.0	0.0	1.9753027093435662	8.0
0.09224903956396578	0.9344136018513793	0.04302256014191094	9.0	0.0	3.3046001521227737	8.0
0.501900937199532	0.8844146132152877	0.043068392102148655	35.0	0.0	3.3615607233694647	8.0
0.07028050521588926	0.3860664211698497	0.04272931506182335	5.0	0.0	2.955309739212254	8.0
0.4023576634307818	0.2354586854253443	0.04334034111257007	13.0	0.0	3.713055268990388	8.0
0.609998430994844	0.1617092658755551	0.04331463080478166	33.0	0.0	3.6788229226321363	8.0
0.18938692571850485	0.4015845849198642	0.04226789666033077	18.0	0.0	2.457005930722218	8.0
0.2902497789199724	0.613540609110654	0.02678636931550329	38.0	2.0	0.0	8.0
0.8455879351144083	0.22826818217505807	0.04208141633310507	20.0	0.0	2.2726908265570813	8.0
0.34237443078232876	0.3211475779748798	0.04068737253602704	27.0	0.0	1.1773755245871627	8.0
0.2877940280493041	0.22409637359440515	0.04101747828671557	30.0	0.0	1.39451621845663	8.0
0.883484935645355	0.566135408879852	0.043067385930807146	17.0	0.0	3.3603032667737267	8.0
0.42456914359693004	0.08974831954769724	0.04173357393924009	12.0	0.0	1.9539654217675775	8.0
0.7493516865828664	0.2909557514123129	0.0435497516936393	10.0	0.0	3.9998202952592834	8.0
0.755710462751894	0.0453228980610813	0.04318738907833637	32.0	0.0	3.5124994249339068	8.0
0.6086565192460451	0.9313154183911276	0.044147593212361336	22.0	0.0	4.898921773820334	8.0
0.3827904805081177	0.4808589225062511	0.04139562582646465	28.0	0.0	1.6742839605340833	8.0
0.37694447428938654	0.7205962443726441	0.0422131385022981	3.0	0.0	2.401888196752722	8.0
0.7029595256379723	0.8407895340543096	0.043971100006203044	34.0	0.0	4.620798899392668	8.0
0.09692630525254493	0.5977486863884953	0.04384729300932987	21.0	0.0	4.432116894098755	8.0
0.5318112057526357	0.6546197394576144	0.02364279470836091	39.0	0.0	0.0	9.0
0.17699577943980702	0.5056139886203456	0.04153182167217392	25.0	0.0	1.783540321524839	9.0
0.41082689802955685	0.2398177235681689	0.04338368145368263	13.0	0.0	3.771240936978117	9.0
0.5932636985457898	0.16144584876977053	0.04335794543558644	33.0	0.0	3.736616856350622	9.0
0.6479936898512068	0.769545807556925	0.04415713679556732	4.0	0.0	4.914270749429562	9.0
0.2974234857654976	0.061961239272732345	0.043359143751483226	31.0	0.0	3.7382242930435154	9.0
0.18514151347548496	0.3870026251371933	0.042310164556991096	18.0	0.0	2.500123337250187	9.0
0.8789715169744053	0.04242756532593211	0.044170609952655294	26.0	0.0	4.935994201463146	9.0
0.07285591374918585	0.3889424424801955	0.042772044376885164	5.0	0.0	3.0045939540217574	9.0
0.344317644321775	0.3232633897733802	0.04072805990856306	27.0	0.0	1.2028255053482297	9.0
0.9328451894506462	0.3980360695819748	0.04179975344709903	19.0	0.0	2.012145916298522	9.0
0.7147919332803205	0.8309102314276472	0.044015071106209246	34.0	0.0	4.689077855773533	9.0
0.7438841114856044	0.4751895465945037	0.04366360195853213	16.0	0.0	4.161744807922332	9.0
0.49987128999376024	0.8875178498813816	0.0431114604942508	35.0	0.0	3.4156797582195253	9.0
0.8824173183789584	0.5647978935079131	0.04311045331673795	17.0	0.0	3.4144075698001473	9.0
0.8045106542838204	0.12681239998887517	0.044004997163397966	29.0	0.0	4.673375904414897	9.0
0.38108422072510406	0.4887078789741314	0.04143702145229111	28.0	0.0	1.707005197356409	9.0
0.7501503720510456	0.291969371221488	0.04359330144533294	10.0	0.0	4.06125364513457	9.0
0.07174581575167295	0.9398958964405827	0.04306558270205285	9.0	0.0	3.358050477124536	9.0
0.4260610087538403	0.08862518168906774	0.04177530751317933	12.0	0.0	1.9905221212059558	9.0
0.2900788591584872	0.22157694557680957	0.041058495765002284	30.0	0.0	1.4232277399027993	9.0
0.49966045352280636	0.6033884268929067	0.02364279470836091	40.0	0.0	0.0	9.0
0.760401662499906	0.040404788397797584	0.043230576467414704	32.0	0.0	3.568377040859531	9.0
0.8694551011824035	0.3386572963844454	0.04367353235222059	23.0	0.0	4.176072042730681	9.0
0.7956548507725103	0.4031854981620592	0.04228209689721957	1.0	0.0	2.471435805644944	9.0
0.09206083293647149	0.6927960970464618	0.03969112790434385	14.0	0.0	0.660711394502755	9.0
0.47496921366896466	0.5020373308744793	0.04191547749345439	7.0	0.0	2.1166375221811364	9.0
0.6100115394044935	0.25413109653969546	0.04230676059340036	15.0	0.0	2.4966324309059758	9.0
0.0932093963745438	0.5980653604771665	0.0438911403023392	21.0	0.0	4.498340896932518	9.0
0.8510339471118311	0.24219070134558893	0.04212349774943817	20.0	0.0	2.3134485650800087	9.0
0.6014233450381118	0.9276499859079058	0.04419174080557369	22.0	0.0	4.970193328015043	9.0
0.3591026286680922	0.5942231504317877	0.02681315568481879	37.0	0.0	0.0	9.0
0.5542733437452577	0.07876200241283209	0.043832056698448085	24.0	0.0	4.409258077494471	9.0
0.4004061452083573	0.7246993334245457	0.042255351640800395	3.0	0.0	2.4443048635729383	9.0
0.6254135184735988	0.5845811158855002	0.043661968567370014	8.0	0.0	4.159391349503878	9.0
0.29932224407560587	0.6131178891547336	0.02681315568481879	38.0	0.0	0.0	9.0
0.1837484306962075	0.2165298729157332	0.04491004148535286	36.0	0.0	6.228828759322965	9.0
0.21237115569059917	0.612689330032046	0.04336105494311992	11.0	0.0	3.740788944453456	9.0
0.09465990659615728	0.5949390435543219	0.043935031442641534	21.0	0.0	4.56528851838884	10.0
0.9437210573581555	0.40148459312795437	0.041841553200546125	19.0	0.0	2.0494819568976794	10.0
0.4736748767842103	0.5134099576596525	0.04195739297094784	7.0	0.0	2.1553587962860803	10.0
0.30376396123200894	0.6256755661747256	0.026839968840503606	38.0	0.0	0.0	10.0
0.38196671044529557	0.4877098080437283	0.0414784584737434	28.0	0.0	1.7401833617874871	10.0
0.399861782232242	0.7247388150959139	0.04229760699244119	3.0	0.0	2.487261153778533	10.0
0.18608096910105068	0.21755025548750873	0.044954951526838205	36.0	0.0	6.313895984510054	10.0
0.36265573936447865	0.5965310975923687	0.026839968840503606	37.0	0.0	0.0	10.0
0.7493336743665531	0.29410564686881513	0.04363689474677827	10.0	0.0	4.123375207510293	10.0
0.49794132069737845	0.8770648844496457	0.04315457195474504	35.0	0.0	3.4704315402269117	10.0
0.5342603601869267	0.6563920963966878	0.02366643750306927	39.0	0.0	0.0	10.0
0.7632024574543652	0.03539714038079919	0.04327380704388211	32.0	0.0	3.6249009085155137	10.0
0.7364671861897658	0.4804158639903196	0.043707265560490656	16.0	0.0	4.224986681475755	10.0
0.6251064451429149	0.5837928048188397	0.04370563053593738	8.0	0.0	4.222607061890599	10.0
0.19366715982155702	0.6095395117611094	0.04340441599806304	11.0	0.0	3.7992913278865927	10.0
0.7979010209086108	0.397197325145547	0.042324378994116785	1.0	0.0	2.5147360014272238	10.0
0.4930395222984032	0.6050697443292584	0.02366643750306927	40.0	0.0	0.0	10.0
0.6002689731991356	0.9276463520621466	0.04423593254637926	22.0	0.0	5.042225115216624	10.0
0.3000707909193706	0.062389933129238954	0.0434025028952347	31.0	0.0	3.796697412761418	10.0
0.06811112252225761	0.9414859142586581	0.0431086482847549	9.0	0.0	3.412128384005669	10.0
0.8859044661620583	0.03773569207100576	0.04421478056260794	26.0	0.0	5.007661525256324	10.0
0.17704110920602295	0.5048148419119612	0.04157335349384609	25.0	0.0	1.8177783959959442	10.0
0.3466533839128531	0.3287431187938287	0.04076878796847162	27.0	0.0	1.228665614678718	10.0
0.8779772559957838	0.3374587476517135	0.043717205884572806	23.0	0.0	4.239473100876339	10.0
0.08439930379043357	0.3966489207722167	0.042814816421262045	5.0	0.0	3.054473173617126	10.0
0.4098291850894045	0.24130203964996724	0.04342706513513631	13.0	0.0	3.8300904139152294	10.0
0.6100462595808896	0.25416442417674073	0.042349067353993755	15.0	0.0	2.540251152462659	10.0
0.09218587021871469	0.6930040127905247	0.03973081903224819	14.0	0.0	0.6776243129545918	10.0
0.8385823841608041	0.23973016634605404	0.042165621247187604	20.0	0.0	2.354732190343327	10.0
0.4247669694215977	0.08691752177239427	0.041817082820692505	12.0	0.0	2.027569197158286	10.0
0.7140795851788844	0.8349092498240174	0.04405908617731545	34.0	0.0	4.758095418427914	10.0
0.5542460198709513	0.07789428269994222	0.04387588875514653	24.0	0.0	4.4752316990091145	10.0
0.2823661787843197	0.21860052897936433	0.04109955426076728	30.0	0.0	1.4523599728977246	10.0
0.8807117558402285	0.5622946806701189	0.04315356377005468	17.0	0.0	3.469144506373155	10.0
0.5927134932253948	0.16313558612477033	0.04340130338102202	33.0	0.0	3.7950716320433173	10.0
0.6450285861766787	0.773839277670379	0.044201293932362884	4.0	0.0	4.985706249711058	10.0
0.8044968025693932	0.12682673984360646	0.04404900216056136	29.0	0.0	4.742223842546849	10.0
0.18221194120040204	0.3857864546360807	0.042352474721548086	18.0	0.0	2.5437861247314544	10.0
0.5986458399390331	0.16179817552887357	0.04344470468440304	33.0	0.0	3.8541922518981835	11.0
0.06986899564563225	0.9400182027759216	0.04315175693303965	9.0	0.0	3.4668387208479743	11.0
0.09919084593880363	0.5944666677552731	0.04397896647408417	21.0	0.0	4.632965049252888	11.0
0.387499624636775	0.7242326415016598	0.04233990459943363	3.0	0.0	2.530761503437745	11.0
0.5562511102648385	0.07657383888205843	0.043919764643901675	24.0	0.0	4.541927105087382	11.0
0.4146631003330835	0.23885243876300277	0.043470492200271445	13.0	0.0	3.8896087156949477	11.0
0.5371920806664827	0.6630368045023874	0.023690103940572336	39.0	0.0	0.0	11.0
0.30062197770856924	0.060190390148111346	0.04344590539812993	31.0	0.0	3.855836515285745	11.0
0.8847555280191106	0.03613744794279666	0.04425899534317054	26.0	0.0	5.080091925135832	11.0
0.1851167859388459	0.21267289620617466	0.04499990647836504	36.0	0.0	6.399820440140161	11.0
0.7386393320546135	0.48153384774271435	0.04375097282605114	16.0	0.0	4.288930213294677	11.0
0.9439259905599258	0.4015933558519913	0.04188339475374667	19.0	0.0	2.087315045100837	11.0
0.8055255345884317	0.12684941184854123	0.044093051162721913	29.0	0.0	4.811814516713852	11.0
0.2033914198025053	0.6184142422568368	0.043447820414061096	11.0	0.0	3.858459915278189	11.0
0.48446002329173876	0.518621746723231	0.04199935036391878	7.0	0.0	2.194588879093473	11.0
0.27769941819680016	0.21935624525586908	0.041140653815028044	30.0	0.0	1.4819167844444507	11.0
0.493856164932417	0.8890941814344641	0.04319772652669978	35.0	0.0	3.525820941463536	11.0
0.644587177308097	0.775139066142937	0.04424549522629524	4.0	0.0	5.0579031612070935	11.0
0.8793872878095235	0.5674423780828391	0.04319671733382473	17.0	0.0	3.5245189480372545	11.0
0.35806815169498807	0.5946939967678945	0.026866808809344108	37.0	0.0	0.0	11.0
0.29861227953888586	0.6258540236159054	0.026866808809344108	38.0	0.0	0.0	11.0
0.7579378171242944	0.024414509350057425	0.04331708085092599	32.0	0.0	3.6820759625949933	11.0
0.4254456060018844	0.08669418171910719	0.04185889990351319	12.0	0.0	2.0651108518588472	11.0
0.09228378861423339	0.687820286519856	0.03977054985128044	14.0	0.0	0.6948407645452619	11.0
0.6045473730486554	0.26977084719515043	0.04239141642134774	15.0	0.0	2.584419358171175	11.0
0.35024296937968674	0.3340834117989464	0.04080955675644009	27.0	0.0	1.2548995705759864	11.0
0.08231650294935523	0.39397110802949536	0.042857631237683304	5.0	0.0	3.1049520942697626	11.0
0.6255488138531972	0.5858277427481772	0.043749336166473314	8.0	0.0	4.28652423874729	11.0
0.18238267696052002	0.5048652873895979	0.04161492684733993	25.0	0.0	1.8524867544929293	11.0
0.714087569658905	0.8344865574522626	0.04410314526349276	34.0	0.0	4.827856946629453	11.0
0.6000258822408552	0.9275894862716527	0.04428016847892564	22.0	0.0	5.1150225932593685	11.0
0.18474993774731335	0.3869737265728409	0.04239482719626963	18.0	0.0	2.587998756416681	11.0
0.3844095413024674	0.486973504391288	0.04151993693221714	28.0	0.0	1.7738224957937234	11.0
0.805552487409139	0.38655366127058555	0.042366703373110895	1.0	0.0	2.558583075781641	11.0
0.7407970029485823	0.29934987190916207	0.04368053164152504	10.0	0.0	4.186190110755035	11.0
0.4940512034724929	0.6047786535018916	0.023690103940572336	40.0	0.0	0.0	11.0
0.8387529007038227	0.23586348964065723	0.042207786868434786	20.0	0.0	2.3965460734339104	11.0
0.8815001231861087	0.32590272723823266	0.04376092309045737	23.0	0.0	4.303576996049372	11.0
