# x	y	r	id	split_id	s_prob	t
2.0	0.5	0.0	-1.0	0.0	0.0	0.0
0.880544835305707	0.410293260802334	0.032964907657489724	1.0	0.0	0.0	0.0
0.7102761788826544	0.7897925204346002	0.03128350281136908	2.0	0.0	0.0	0.0
0.33284596101161423	0.17036881641046003	0.03433351174366053	3.0	0.0	0.0	0.0
0.5770198630246994	0.8963248822040205	0.030813880805700692	4.0	0.0	0.0	0.0
0.7608144070192167	0.03956381774934878	0.03235379806583279	5.0	0.0	0.0	0.0
0.865935900573642	0.32649165372057953	0.03419353581557557	6.0	0.0	0.0	0.0
0.554303899942214	0.6879009277356962	0.0310601668283711	7.0	0.0	0.0	0.0
0.253334109952321	0.8703268603501833	0.03327223388878776	8.0	0.0	0.0	0.0
0.28202296165518154	0.4337098139439308	0.032759986134622186	9.0	0.0	0.0	0.0
0.9098722097004115	0.20247084504350496	0.031415064580626345	10.0	0.0	0.0	0.0
0.2608835300753601	0.5006490526872677	0.03356783925418173	11.0	0.0	0.0	0.0
0.8882175282014205	0.4897098968428538	0.033345583098979184	12.0	0.0	0.0	0.0
0.6768026815182373	0.5003118213077923	0.03359109732186786	13.0	0.0	0.0	0.0
0.6498995935786421	0.7441047975531622	0.031072771950853523	14.0	0.0	0.0	0.0
0.8423943704921751	0.056677930452764806	0.0319090522382648	15.0	0.0	0.0	0.0
0.7678670918550643	0.8289433488508445	0.03225440643258328	16.0	0.0	0.0	0.0
0.1953505822869173	0.7048665992195448	0.031139617576431432	17.0	0.0	0.0	0.0
0.26956405354148605	0.6730608258247296	0.028862373556569138	18.0	0.0	0.0	0.0
0.3487666657207317	0.319455462788255	0.0310743443835257	19.0	0.0	0.0	0.0
0.9643895189349745	0.1660582406688669	0.034026842145223266	20.0	0.0	0.0	0.0
0.47786068714674623	0.8464334729572516	0.030323736166603967	21.0	0.0	0.0	0.0
0.5501411008057728	0.4755994938054916	0.03245390055508593	22.0	0.0	0.0	0.0
0.2676931256947322	0.792800208016975	0.03505027141288673	23.0	0.0	8.130986657306494e-07	0.0
0.19752547316643929	0.4352605673261807	0.03190395592015648	24.0	0.0	0.0	0.0
0.5327412373181921	0.2782950501596706	0.029719795591410244	25.0	0.0	0.0	0.0
0.8495516860351746	0.1510719565804099	0.033984370003624996	26.0	0.0	0.0	0.0
0.4855943185725042	0.6413808981237912	0.03655505698518875	27.0	0.0	0.024066830495883096	0.0
0.39258776018864294	0.21895171027893479	0.031842540617001466	28.0	0.0	0.0	0.0
0.7541343658507291	0.3911743635804853	0.032190794652044746	29.0	0.0	0.0	0.0
0.8916046400044261	0.09875330445936434	0.03259903548794879	30.0	0.0	0.0	0.0
0.7803273557052828	0.5233865980844229	0.03294313176278574	31.0	0.0	0.0	0.0
0.8398951271654878	0.8183613374210312	0.03538240943430182	32.0	0.0	0.00035790335394381145	0.0
0.179759516897302	0.2015870084427634	0.03386062258690755	33.0	0.0	0.0	0.0
0.5416089907998515	0.09103573486329958	0.035328410210230705	34.0	0.0	0.00022668872846054455	0.0
0.047547282393364386	0.6587170456662835	0.033197600755193735	35.0	0.0	0.0	0.0
0.16292116627651748	0.1255026093414408	0.03334088770816714	36.0	0.0	0.0	0.0
0.6075080986015078	0.05361563222970852	0.037612660013528386	37.0	0.0	0.11413758243713801	0.0
0.7984129915572366	0.30074618432071665	0.03185047105696236	38.0	0.0	0.0	0.0
0.32565851814983277	0.8398904954705095	0.032142834197161796	39.0	0.0	0.0	0.0
0.6735326778305355	0.022547337233044643	0.022547337233044643	40.0	0.0	0.0	0.0
0.25896212907654764	0.19347965444016343	0.03152226504226235	41.0	0.0	0.0	0.0
0.5190969201433232	0.4130083644186223	0.033518749756995106	42.0	0.0	0.0	0.0
0.17472095694877376	0.524893662557974	0.03349471502049611	43.0	0.0	0.0	0.0
0.4357224940749509	0.43063989515931805	0.0326493235236843	44.0	0.0	0.0	0.0
0.9349907243702664	0.6150620625753608	0.032742613727878525	45.0	0.0	0.0	0.0
0.7772091426273597	0.7553816510818984	0.03428045531805928	46.0	0.0	0.0	0.0
0.4647641922194694	0.12113711103234853	0.03262375365881667	47.0	0.0	0.0	0.0
0.6749317536714835	0.22715635568173245	0.033452735591944456	48.0	0.0	0.0	0.0
0.09868597687130252	0.9100450197468819	0.034313187331117094	49.0	0.0	0.0	0.0
0.3376323098565092	0.9048717748560788	0.02939665076514419	50.0	0.0	0.0	0.0
0.32818645940643953	0.6393841245831606	0.031605920459607154	51.0	0.0	0.0	0.0
0.36685230157268545	0.10242783256481018	0.030910863342355193	52.0	0.0	0.0	0.0
0.22739641704002933	0.36824382743700934	0.034164544581561554	53.0	0.0	0.0	0.0
0.43046384836231577	0.3175845349415011	0.03523140067715022	54.0	0.0	7.930012108658957e-05	0.0
0.17165216289470206	0.6287822001182222	0.03360778708940336	55.0	0.0	0.0	0.0
0.8769336709586992	0.4122097880801632	0.03299787256514721	1.0	0.0	0.0	1.0
0.5765037739555622	0.8941495916987471	0.03084469468650639	4.0	0.0	0.0	1.0
0.3424090328852548	0.3171841921554818	0.031105418727909222	19.0	0.0	0.0	1.0
0.2596682569118543	0.19439939848683924	0.031553787307304605	41.0	0.0	0.0	1.0
0.1892669610152124	0.43321820673805034	0.03193585987607664	24.0	0.0	0.0	1.0
0.5368193149269164	0.2823094409842412	0.02974951538700165	25.0	0.0	0.0	1.0
0.9370536604941097	0.6038889314634623	0.0327753563416064	45.0	0.0	0.0	1.0
0.8860597758262175	0.48573531407627535	0.03337892868207816	12.0	0.0	0.0	1.0
0.7780681991284939	0.7548002846081154	0.03431473577337734	46.0	0.0	0.0	1.0
0.9029080215468483	0.09914486058936188	0.03263163452343674	30.0	0.0	0.0	1.0
0.7996689096517439	0.301433134364808	0.031882321528019314	38.0	0.0	0.0	1.0
0.5147527317284544	0.40576372981482217	0.033552268506752095	42.0	0.0	0.0	1.0
0.6089190368731322	0.05419097648914097	0.03765027267354191	37.0	0.0	0.1191383689020995	1.0
0.260629372074146	0.49936338422225085	0.03360140709343591	11.0	0.0	0.0	1.0
0.6733246077053096	0.23120660033854967	0.033486188327536394	48.0	0.0	0.0	1.0
0.4424712383611666	0.31525009891340555	0.03526663207782737	54.0	0.0	0.00012131574379736776	1.0
0.8663453821358044	0.32216850656735874	0.034227729351391144	6.0	0.0	0.0	1.0
0.901721898112531	0.20749458584100522	0.03144647964520697	10.0	0.0	0.0	1.0
0.3264666756426661	0.8378906382727651	0.03217497703135896	39.0	0.0	0.0	1.0
0.9732335532619492	0.16027518169169258	0.03406086898736849	20.0	0.0	0.0	1.0
0.8446126844159008	0.05551846105556249	0.031940961290503056	15.0	0.0	0.0	1.0
0.7821229975029087	0.5280835452123855	0.03297607489454852	31.0	0.0	0.0	1.0
0.18615006937157902	0.5325238480120469	0.0335282097355166	43.0	0.0	0.0	1.0
0.8504756217380457	0.15147613765914084	0.034018354373628615	26.0	0.0	0.0	1.0
0.47639247337860924	0.8487412228699812	0.03035405990277057	21.0	0.0	0.0	1.0
0.048084419162397696	0.6573878532214318	0.03323079835594892	35.0	0.0	0.0	1.0
0.280954230160497	0.4324049454273958	0.032792746120756805	9.0	0.0	0.0	1.0
0.1727314099741853	0.6290132587452938	0.03364139487649276	55.0	0.0	0.0	1.0
0.3314432601918293	0.15982116927381665	0.03436784525540419	3.0	0.0	0.0	1.0
0.6743822056565698	0.5010915480544558	0.033624688419189724	13.0	0.0	0.0	1.0
0.6741575713125654	0.021678071690299252	0.022569884570277685	40.0	0.0	0.0	1.0
0.6925458392088915	0.7917783864515567	0.03131478631418045	2.0	0.0	0.0	1.0
0.5400343322325464	0.0909314891300165	0.03536373862044093	34.0	0.0	0.00030799822943095023	1.0
0.7567159128800626	0.3913615985613812	0.032222985446696786	29.0	0.0	0.0	1.0
0.4296674895121841	0.4236155737150865	0.03268197284720798	44.0	0.0	0.0	1.0
0.25664301393109856	0.7833354169789819	0.03508532168429961	23.0	0.0	3.975193138217037e-06	1.0
0.20103013444761356	0.700124536887394	0.03117075719400786	17.0	0.0	0.0	1.0
0.8466175262637825	0.8127854057483794	0.03541779184373612	32.0	0.0	0.00046672369049360896	1.0
0.47375547766939635	0.6455264758441203	0.03659161204217394	27.0	0.0	0.02580427271266217	1.0
0.2300768768342252	0.3562274994926224	0.03419870912614311	53.0	0.0	0.0	1.0
0.5558549717605453	0.6872798005722361	0.031091226995199468	7.0	0.0	0.0	1.0
0.7592560813090841	0.040752434652231544	0.032386151863898614	5.0	0.0	0.0	1.0
0.09192948621136035	0.9166959952098167	0.034347500518448204	49.0	0.0	0.0	1.0
0.3680606563647362	0.10337381000153598	0.030941774205697544	52.0	0.0	0.0	1.0
0.17686431531584754	0.20490324041389024	0.03389448320949445	33.0	0.0	0.0	1.0
0.4643086284021879	0.12564431792541714	0.032656377412475485	47.0	0.0	0.0	1.0
0.2755288792174078	0.6751495141203259	0.028891235930125703	18.0	0.0	0.0	1.0
0.252778641631728	0.87172672236948	0.03330550612267654	8.0	0.0	0.0	1.0
0.5582702354005485	0.4812355091565936	0.03248635445564101	22.0	0.0	0.0	1.0
0.39355134237417366	0.218207093147133	0.031874383157618466	28.0	0.0	0.0	1.0
0.6458090481134833	0.7372839283483396	0.031103844722804374	14.0	0.0	0.0	1.0
0.160918831370348	0.12557197146142907	0.033374228595875306	36.0	0.0	0.0	1.0
0.3377919494173141	0.9020573895151659	0.02942604741590933	50.0	0.0	0.0	1.0
0.3293489572992547	0.6391121837339818	0.031637526380066755	51.0	0.0	0.0	1.0
0.7669996469454374	0.8336943277920326	0.03228666083901586	16.0	0.0	0.0	1.0
0.5575746065511367	0.6869229473665422	0.031122318222194665	7.0	0.0	0.0	2.0
0.4310352855698954	0.4203498274591059	0.032714654820055186	44.0	0.0	0.0	2.0
0.32637056911152573	0.8255621988645767	0.03220715200839031	39.0	0.0	0.0	2.0
0.6746633158267156	0.020773831803205856	0.02259245445484796	40.0	0.0	0.0	2.0
0.8553206487512662	0.14894373659075955	0.03405237272800224	26.0	0.0	0.0	2.0
0.3723505801556266	0.09142536976150427	0.03097271597990324	52.0	0.0	0.0	2.0
0.32700413682984253	0.6473591742237989	0.03166916390644682	51.0	0.0	0.0	2.0
0.25664301393109856	0.7913898079360953	0.03512040700598391	23.0	0.0	1.1172111115342886e-05	2.0
0.8787963668194704	0.41265791212470937	0.033030870437712356	1.0	0.0	0.0	2.0
0.9051947776444114	0.09129040888039858	0.03266426615796017	30.0	0.0	0.0	2.0
0.7568389441492261	0.3924426067004401	0.03225520843214348	29.0	0.0	0.0	2.0
0.8428586235609243	0.8139962903607569	0.03545320963557985	32.0	0.0	0.0005957682819541787	2.0
0.5756615744872272	0.8929463584030699	0.03087553938119289	4.0	0.0	0.0	2.0
0.47746545868474627	0.8485044303041062	0.030384413962673336	21.0	0.0	0.0	2.0
0.6939754245534586	0.7918098927771954	0.03134610110049463	2.0	0.0	0.0	2.0
0.9733000087762748	0.15910359599953866	0.03409492985635585	20.0	0.0	0.0	2.0
0.46540456465755126	0.12576555485573188	0.03268903378988796	47.0	0.0	0.0	2.0
0.33961494058636066	0.9061325238715766	0.02945547346332524	50.0	0.0	0.0	2.0
0.7647410808349371	0.8322069586105811	0.03231894749985487	16.0	0.0	0.0	2.0
0.16920639093295178	0.6311787389680444	0.033675036271369245	55.0	0.0	0.0	2.0
0.6114349312766467	0.05095634456457136	0.037687922946215445	37.0	0.0	0.12428834879729322	2.0
0.2506514867194758	0.4989548356291735	0.03363500850052934	11.0	0.0	0.0	2.0
0.9377871937061621	0.6030159815026701	0.032808131697948	45.0	0.0	0.0	2.0
0.17784537158035552	0.21348630242519426	0.033928377692703945	33.0	0.0	0.0	2.0
0.20068410752647614	0.70118722129412	0.031201927951201865	17.0	0.0	0.0	2.0
0.672649504963338	0.23003444939813536	0.03351967451586393	48.0	0.0	0.0	2.0
0.8974059671725908	0.4889227434226155	0.033412307610760236	12.0	0.0	0.0	2.0
0.47525571035931413	0.6449036754586165	0.03662820365421611	27.0	0.0	0.027625245697279865	2.0
0.6447018548004767	0.7312872249558017	0.031134948567527174	14.0	0.0	0.0	2.0
0.5389942853621942	0.2817131851968179	0.02977926490238865	25.0	0.0	0.0	2.0
0.0917918827660088	0.9188787535088816	0.03438184801896665	49.0	0.0	0.0	2.0
0.2609907358206269	0.18606657305395385	0.031585341094611905	41.0	0.0	0.0	2.0
0.7909086208493618	0.7614091330699719	0.034349050509150714	46.0	0.0	0.0	2.0
0.18691187699791384	0.4284598879456789	0.03196779573595271	24.0	0.0	0.0	2.0
0.8649821742984465	0.32746677069656666	0.03426195708074253	6.0	0.0	0.0	2.0
0.8985007849076296	0.20629789558166578	0.031477926124852174	10.0	0.0	0.0	2.0
0.6718820022703337	0.5004398642785272	0.03365831310760891	13.0	0.0	0.0	2.0
0.1651018040124731	0.1267278476928922	0.03340760282447118	36.0	0.0	0.0	2.0
0.345605809295083	0.31668715235487316	0.03113652414663713	19.0	0.0	0.0	2.0
0.8441934075821963	0.05920241614140964	0.031972902251793556	15.0	0.0	0.0	2.0
0.2538995011387995	0.8717938408940034	0.03333881162879922	8.0	0.0	0.0	2.0
0.3953382300708776	0.21815645529036556	0.031906257540776084	28.0	0.0	0.0	2.0
0.8013207989525559	0.2980955821393941	0.03191420384954733	38.0	0.0	0.0	2.0
0.5662658020414271	0.48951284296437236	0.03251884081009665	22.0	0.0	0.0	2.0
0.2786485472838541	0.43416361091179695	0.03282553886687756	9.0	0.0	0.0	2.0
0.3264721393322398	0.16234658681856023	0.03440221310065959	3.0	0.0	0.0	2.0
0.7788677848915437	0.5334964103997321	0.033009050969443066	31.0	0.0	0.0	2.0
0.7574271910029666	0.04237981778916122	0.032418538015762506	5.0	0.0	0.0	2.0
0.18588214295984629	0.5292575815980843	0.033561737945252114	43.0	0.0	0.0	2.0
0.22906408395639877	0.3560569416324952	0.03423290783526925	53.0	0.0	0.0	2.0
0.5112480519250646	0.40714164093337	0.033585820775258846	42.0	0.0	0.0	2.0
0.44439197784687345	0.3020784255493743	0.035301898709905195	54.0	0.0	0.00017610177989979547	2.0
0.04945307800958576	0.6588047441881364	0.03326402915430487	35.0	0.0	0.0	2.0
0.5410492000984907	0.09043316117021637	0.03539910235906137	34.0	0.0	0.00040684863063233934	2.0
0.2708571146441516	0.6702517796970465	0.028920127166055826	18.0	0.0	0.0	2.0
0.4323187331825365	0.41975925187361895	0.032747369474875235	44.0	0.0	0.0	3.0
0.7901533209945315	0.7592828695815503	0.03438339955965986	46.0	0.0	0.0	3.0
0.8937075384799479	0.4897145489991973	0.033445719918370996	12.0	0.0	0.0	3.0
0.6121760481246137	0.0502359323878822	0.03772561086916166	37.0	0.0	0.12959001236336576	3.0
0.5410492000984907	0.0914822002989185	0.03543450146142043	34.0	0.0	0.0005249932245305899	3.0
0.19238476953907813	0.2224448897795591	0.02044088176352705	-2.0	-1.0	0.0	3.0
0.7572708169337835	0.3934557957732804	0.03228746364057562	29.0	0.0	0.0	3.0
0.4641283752888218	0.12470001846079871	0.03272172282367784	47.0	0.0	0.0	3.0
0.33512381376021494	0.6484181486678966	0.03170083307035326	51.0	0.0	0.0	3.0
0.5750494924113062	0.8890896820845177	0.03090641492057408	4.0	0.0	0.0	3.0
0.26287627998401736	0.8795243600314818	0.03337215044042801	8.0	0.0	0.0	3.0
0.7791152625511656	0.5374220673045619	0.0330420600204125	31.0	0.0	0.0	3.0
0.8703767716592872	0.3311450927897281	0.034296219037823275	6.0	0.0	0.0	3.0
0.1766836501643325	0.20267343162001636	0.033962306070396645	33.0	0.0	0.0	3.0
0.6943373476016064	0.7932937262202928	0.03137744720159512	2.0	0.0	0.0	3.0
0.2528885816632379	0.5007061766711706	0.033668643509029865	11.0	0.0	0.0	3.0
0.2278426950507765	0.3556205992352031	0.03426714074310452	53.0	0.0	0.0	3.0
0.3253813503280859	0.8247148998257626	0.032239359160398696	39.0	0.0	0.0	3.0
0.43847012814736813	0.2960246275003747	0.035337200608615095	54.0	0.0	0.00024538331170731453	3.0
0.3946928352498861	0.21899709350724672	0.031938163798316856	28.0	0.0	0.0	3.0
0.3278933120098376	0.16119005380073684	0.03443661531376025	3.0	0.0	0.0	3.0
0.9024471916907246	0.09283851803267444	0.03269693042411813	30.0	0.0	0.0	3.0
0.18666543552524573	0.5344020513509221	0.03359529968319736	43.0	0.0	0.0	3.0
0.17022924914254145	0.6274931847348805	0.03370871130764061	55.0	0.0	0.0	3.0
0.1342685370741483	0.7735470941883766	0.04849699398797595	-2.0	-1.0	15.735883704710886	3.0
0.6723675729673683	0.5019311020307969	0.03369197142071652	13.0	0.0	0.0	3.0
0.56747003923695	0.49066878122087343	0.03255135965090674	22.0	0.0	0.0	3.0
0.2584838876238265	0.6758003606573517	0.02894904729322188	18.0	0.0	0.0	3.0
0.7933933649882626	0.2925185504024819	0.03194611805339687	38.0	0.0	0.0	3.0
0.639043359440312	0.7356032566982306	0.0311660835160947	14.0	0.0	0.0	3.0
0.09487407625809324	0.9194981463190528	0.03441622986698561	49.0	0.0	0.0	3.0
0.5434396076666371	0.2842921468921528	0.029809044167291035	25.0	0.0	0.0	3.0
0.4845666223373042	0.8540636755142125	0.030414798376636007	21.0	0.0	0.0	3.0
0.28065505328532186	0.43206005167635037	0.03285836440574443	9.0	0.0	0.0	3.0
0.18376022741798542	0.42796986453522706	0.03199976353168866	24.0	0.0	0.0	3.0
0.5549305719124341	0.6857860765419554	0.031153440540416855	7.0	0.0	0.0	3.0
0.3370519903784078	0.3176334106275151	0.03116766067078376	19.0	0.0	0.0	3.0
0.37991959578681456	0.09063625749660528	0.03100368869588314	52.0	0.0	0.0	3.0
0.6744486004027846	0.019159273306858106	0.022615046909302806	40.0	0.0	0.0	3.0
0.843590878500236	0.060479931642697174	0.03200487515404535	15.0	0.0	0.0	3.0
0.24904627026510795	0.7941086436456853	0.035155527412989884	23.0	0.0	2.407691381733912e-05	3.0
0.8539665111553882	0.8214829308420155	0.03548866284521543	32.0	0.0	0.0007468062294577749	3.0
0.25931369420231054	0.19483992644840165	0.031616926435706516	41.0	0.0	0.0	3.0
0.8989854186202071	0.21270048528926108	0.03150940405097702	10.0	0.0	0.0	3.0
0.7644991382980542	0.8309830825628841	0.032351266447354726	16.0	0.0	0.0	3.0
0.34211939484605425	0.9145371991902073	0.02948492893678856	50.0	0.0	0.0	3.0
0.20163173320376965	0.7016451497179794	0.031233129879153065	17.0	0.0	0.0	3.0
0.9709348675756428	0.16051583625680713	0.0341290247862122	20.0	0.0	0.0	3.0
0.5087324780411012	0.4049314526069408	0.0336194065960341	42.0	0.0	0.0	3.0
0.8654919774899598	0.4141296978368147	0.03306390130815007	1.0	0.0	0.0	3.0
0.05872034715217958	0.6594768826156586	0.03329729318345917	35.0	0.0	0.0	3.0
0.4769322072706522	0.6466835662612094	0.036664831857870325	27.0	0.0	0.02953188084970293	3.0
0.15841468828595012	0.12525209655060737	0.03344101042729565	36.0	0.0	0.0	3.0
0.8607739362421695	0.14872044950608562	0.03408642510073024	26.0	0.0	0.0	3.0
0.751251167383698	0.04517472113447664	0.03245095655377826	5.0	0.0	0.0	3.0
0.6732732299081002	0.2330883984710093	0.03355319419037979	48.0	0.0	0.0	3.0
0.9367180550910927	0.6040166811827522	0.03284093982964595	45.0	0.0	0.0	3.0
0.2494650165594124	0.7971125699256082	0.03519068294040287	23.0	0.0	4.4372663140279656e-05	4.0
0.250981909181042	0.19386509577290204	0.03164854336214222	41.0	0.0	0.0	4.0
0.16488240872487417	0.12155406408370022	0.033474451437722944	36.0	0.0	0.0	4.0
0.5421132581683311	0.09219257570747477	0.035469935962881845	34.0	0.0	0.0006641956376540747	4.0
0.9038076152304608	0.655310621242485	0.04569138276553106	-2.0	-1.0	7.821347977459794	4.0
0.7572708169337835	0.39829907811197784	0.03231975110421619	29.0	0.0	0.0	4.0
0.9117916434474551	0.08881760015130934	0.03272962735454224	30.0	0.0	0.0	4.0
0.33483174866324267	0.31903615239556704	0.031198828331454542	19.0	0.0	0.0	4.0
0.09523878535727273	0.9176532506813792	0.03445064609685259	49.0	0.0	0.0	4.0
0.43473009614458735	0.4203715927145154	0.03278011684435011	44.0	0.0	0.0	4.0
0.7913107588405816	0.75908795300327	0.03441778295921952	46.0	0.0	0.0	4.0
0.8494445529578957	0.1491112432771815	0.03412051152583097	26.0	0.0	0.0	4.0
0.4583423513154473	0.13132746637638448	0.03275444454650152	47.0	0.0	0.0	4.0
0.6744613709170345	0.5036132087806399	0.03372566339213723	13.0	0.0	0.0	4.0
0.6711359359653601	0.23747595202077837	0.03358674738457017	48.0	0.0	0.0	4.0
0.48851861287389764	0.8606351639391359	0.03044521317501264	21.0	0.0	0.0	4.0
0.9361921175434731	0.6028831162957337	0.03287378076947559	45.0	0.0	0.0	4.0
0.3281774189000815	0.8263370440148351	0.03227159851955909	39.0	0.0	0.0	4.0
0.8629266645155091	0.41747106354729746	0.033096965209458214	1.0	0.0	0.0	4.0
0.1684036018331423	0.6220040608526208	0.03374242001894825	55.0	0.0	0.0	4.0
0.6943875606476216	0.7942898419605106	0.03140882464879671	2.0	0.0	0.0	4.0
0.058058360876792676	0.6623474665294494	0.03333059047664263	35.0	0.0	0.0	4.0
0.8551302393108534	0.8243112875815893	0.03552415150806064	32.0	0.0	0.000921617033725397	4.0
0.8463270491144231	0.06036789801882691	0.03203688002919939	15.0	0.0	0.0	4.0
0.7526486322001362	0.044066435508852086	0.03248340751033204	5.0	0.0	0.0	4.0
0.33403315840013315	0.647152895478626	0.031732533903423614	51.0	0.0	0.0	4.0
0.7660883638229102	0.8311184817780103	0.032383617713802076	16.0	0.0	0.0	4.0
0.6459554128727483	0.7371743485930631	0.03119724959961079	14.0	0.0	0.0	4.0
0.7772996538016903	0.529769364098452	0.03307510208043291	31.0	0.0	0.0	4.0
0.9000219658029391	0.2218080556546619	0.03154091345502799	10.0	0.0	0.0	4.0
0.1725610900244768	0.19571956018267392	0.033996268376467034	33.0	0.0	0.0	4.0
0.574536228038942	0.8908948891154469	0.03093732133549465	4.0	0.0	0.0	4.0
0.19961694616217407	0.7011199908312316	0.031264363009032216	17.0	0.0	0.0	4.0
0.18585012873396523	0.4303037081346283	0.032031763295220346	24.0	0.0	0.0	4.0
0.2823775415301915	0.43297421547223747	0.03289122277015017	9.0	0.0	0.0	4.0
0.554685529605258	0.688558994471984	0.031184593980957267	7.0	0.0	0.0	4.0
0.3414541436707959	0.9134466052742618	0.029514413865725345	50.0	0.0	0.0	4.0
0.3254208645037301	0.15937701406617444	0.03447105192907401	3.0	0.0	0.0	4.0
0.25864269343246843	0.8791904990653676	0.03340552259086844	8.0	0.0	0.0	4.0
0.26138848096381906	0.6785884580303261	0.028977996340515098	18.0	0.0	0.0	4.0
0.18565883757001816	0.5353682771822527	0.033628894982880554	43.0	0.0	0.0	4.0
0.9626047371115303	0.16493682647719857	0.03416315381099841	20.0	0.0	0.0	4.0
0.26496735956620077	0.5071166595817725	0.03370231215253889	11.0	0.0	0.0	4.0
0.6112906437663791	0.051795846848672555	0.037763336480030815	37.0	0.0	0.13504586317932876	4.0
0.4362306985364575	0.2963296198875353	0.035372537809223704	54.0	0.0	0.00033089563852684023	4.0
0.8703527911291495	0.32733615644566555	0.034330515256861094	6.0	0.0	0.0	4.0
0.7918597570793198	0.2860544671218336	0.031978064171450264	38.0	0.0	0.0	4.0
0.37796219162315997	0.09595621138528249	0.03103469238457902	52.0	0.0	0.0	4.0
0.542424985709892	0.2838709409352048	0.02983885321145832	25.0	0.0	0.0	4.0
0.47858294325389056	0.6468242060590325	0.03670149668972819	27.0	0.0	0.031526321457306494	4.0
0.6787141755559647	0.02035758021066431	0.022637661956212106	40.0	0.0	0.0	4.0
0.23243906171631956	0.346333891109023	0.03430140788384762	53.0	0.0	0.0	4.0
0.5675758332430013	0.48826976930374466	0.032583911010557645	22.0	0.0	0.0	4.0
0.8905634907071622	0.4887668886846272	0.033479165638289364	12.0	0.0	0.0	4.0
0.5058515720618969	0.4061062118082711	0.033653026002630135	42.0	0.0	0.0	4.0
0.3822213976828482	0.21306698524943027	0.031970101962115166	28.0	0.0	0.0	4.0
0.3828603647986751	0.21195757499355866	0.03200207206407728	28.0	0.0	0.0	5.0
0.9015181345575174	0.21238082549822054	0.031572454368483015	10.0	0.0	0.0	5.0
0.25970420559270196	0.6797752783528056	0.02900697433685561	18.0	0.0	0.0	5.0
0.2536597971477864	0.19233396641484213	0.03168019190550436	41.0	0.0	0.0	5.0
0.9113472745975988	0.08997995725162208	0.03276235698189678	30.0	0.0	0.0	5.0
0.3302156785516457	0.16072399743178242	0.03450552298100308	3.0	0.0	0.0	5.0
0.7952127366410703	0.756985493018684	0.03445220074217873	46.0	0.0	0.0	5.0
0.19668437334490996	0.7061383668593724	0.031295627372041245	17.0	0.0	0.0	5.0
0.48782864509341994	0.8620980718075517	0.030475658388187648	21.0	0.0	0.0	5.0
0.6490034844007716	0.7419653313201324	0.0312284468492104	14.0	0.0	0.0	5.0
0.18557039944976708	0.43474096197674733	0.03206379505851556	24.0	0.0	0.0	5.0
0.23558844342689014	0.344371754465914	0.034335709291731464	53.0	0.0	0.0	5.0
0.8473796888275585	0.060377839091476176	0.032068916909228584	15.0	0.0	0.0	5.0
0.2637768580550475	0.5064944076747083	0.033736014464691426	11.0	0.0	0.0	5.0
0.17139864251750206	0.6243487703105705	0.033776162438967194	55.0	0.0	0.0	5.0
0.4616868575047034	0.13274064089258805	0.03278719899104802	47.0	0.0	0.0	5.0
0.6768320099235969	0.017182771987799283	0.022660299618168317	40.0	0.0	0.0	5.0
0.08905725548234593	0.9092788888732404	0.03448509674294944	49.0	0.0	0.0	5.0
0.8533389061590759	0.4247841506439879	0.03313006217466767	1.0	0.0	0.0	5.0
0.9451666331210677	0.6126547577337158	0.032906654550245065	45.0	0.0	0.0	5.0
0.891904841535204	0.48790756433325855	0.03351264480392765	12.0	0.0	0.0	5.0
0.47865876343457114	0.6457311366884476	0.036738198186417916	27.0	0.0	0.0336107227433331	5.0
0.6714818155089056	0.24433743693129586	0.033620334131954734	48.0	0.0	0.0	5.0
0.5531505546981745	0.6965891334765083	0.03121577857493822	7.0	0.0	0.0	5.0
0.5797087147415456	0.8867927517351006	0.03096825865683014	4.0	0.0	0.0	5.0
0.33455373957966705	0.645364825583633	0.031764266437327035	51.0	0.0	0.0	5.0
0.3771789625242991	0.0971537324375249	0.031065727076963597	52.0	0.0	0.0	5.0
0.2641645195106323	0.881281593236052	0.033438928113459304	8.0	0.0	0.0	5.0
0.7746206945422622	0.5342240179244574	0.03310817718251334	31.0	0.0	0.0	5.0
0.7639612022746477	0.8311653618363994	0.03241600133151588	16.0	0.0	0.0	5.0
0.5401577389781047	0.2834891286620143	0.029868692064669775	25.0	0.0	0.0	5.0
0.25119057645573195	0.8050503087410954	0.035225873623343264	23.0	0.0	7.375246325125318e-05	5.0
0.342520253086831	0.31489343972050193	0.031230027159785994	19.0	0.0	0.0	5.0
0.17158130813993946	0.1972595890310645	0.034030264644843496	33.0	0.0	0.0	5.0
0.6963388161172271	0.7927423622934396	0.0314402334734455	2.0	0.0	0.0	5.0
0.7938574624350301	0.2853122906169622	0.03201004223562171	38.0	0.0	0.0	5.0
0.6712767014899477	0.5069101073119651	0.03375938905552936	13.0	0.0	0.0	5.0
0.43762824366756364	0.29453282583656565	0.035407910347032924	54.0	0.0	0.0004343843191207952	5.0
0.27039053490228326	0.4267088410360626	0.03292411399292032	9.0	0.0	0.0	5.0
0.8462057507235657	0.15698291681588045	0.034154632037356795	26.0	0.0	0.0	5.0
0.3405961199592065	0.9147231030948493	0.029543928279591066	50.0	0.0	0.0	5.0
0.4285628457854988	0.4236446931349349	0.03281289696119446	44.0	0.0	0.0	5.0
0.18304428816982976	0.5373109495376649	0.033662523877863434	43.0	0.0	0.0	5.0
0.7561555521600145	0.3976981522023599	0.0323520708553204	29.0	0.0	0.0	5.0
0.8575315109161494	0.8235875104734486	0.0355596756595687	32.0	0.0	0.0011219906381967348	5.0
0.7503340577061115	0.05035712897357334	0.03251589091784237	5.0	0.0	0.0	5.0
0.16586958553182596	0.12255060775638639	0.03350792588916066	36.0	0.0	0.0	5.0
0.04990772151968612	0.6627326123585734	0.033363921067119266	35.0	0.0	0.0	5.0
0.9598091728318621	0.16972074614105953	0.034197316964809404	20.0	0.0	0.0	5.0
0.5416450135663995	0.09369458519022547	0.035505405898844725	34.0	0.0	0.0008262298734535989	5.0
0.8687201083406704	0.3281764834512657	0.03436484577211795	6.0	0.0	0.0	5.0
0.5050408662072847	0.40675751332969906	0.03368667902863276	42.0	0.0	0.0	5.0
0.6034176550498955	0.051075128253354335	0.03780109981651084	37.0	0.0	0.14065841821616232	5.0
0.5678652034333178	0.4897835939540917	0.0326164949215682	22.0	0.0	0.0	5.0
0.32665595652778534	0.8275911961200995	0.03230387011807864	39.0	0.0	0.0	5.0
0.34300561449090994	0.9142860681468566	0.029573472207870655	50.0	0.0	0.0	6.0
0.8702400279558417	0.32295592878363355	0.034399210617890065	6.0	0.0	0.0	6.0
0.17174615540467203	0.11751712872410158	0.03354143381504982	36.0	0.0	0.0	6.0
0.5670729585541299	0.4909004246463022	0.03264911141648976	22.0	0.0	0.0	6.0
0.7563098120959847	0.3895317471222505	0.032384422926175715	29.0	0.0	0.0	6.0
0.34307491563687864	0.31587064987835956	0.03126125718694578	19.0	0.0	0.0	6.0
0.2645354264795718	0.8910958581931703	0.03347236704157276	8.0	0.0	0.0	6.0
0.650406680930613	0.7408525000519268	0.03125967529605961	14.0	0.0	0.0	6.0
0.5413602960204863	0.2847340643257103	0.02989856075673444	25.0	0.0	0.0	6.0
0.39060567607701296	0.20726640341998948	0.03203407413614135	28.0	0.0	0.0	6.0
0.1945949444796606	0.7034520326069444	0.03132692299941328	17.0	0.0	0.0	6.0
0.795541088734977	0.7556751848660866	0.03448665294292091	46.0	0.0	0.0	6.0
0.04679988070077974	0.6657919184495006	0.03339728498818638	35.0	0.0	0.0	6.0
0.9105383955551336	0.09144779841404738	0.03279511933887867	30.0	0.0	0.0	6.0
0.23670721005909287	0.3447635102182436	0.03437004500102319	53.0	0.0	0.0	6.0
0.6955508585239374	0.7918735005078869	0.031471673706918946	2.0	0.0	0.0	6.0
0.8531933434716172	0.4262243026565039	0.03316319223684234	1.0	0.0	0.0	6.0
0.8484482910813578	0.15806659679215296	0.03418878666939415	26.0	0.0	0.0	6.0
0.3767574093626913	0.09537690621749588	0.031096792804040558	52.0	0.0	0.0	6.0
0.5519961737164181	0.6963947316848582	0.031246994353513156	7.0	0.0	0.0	6.0
0.3291304565831509	0.1640568261607298	0.03454002850398408	3.0	0.0	0.0	6.0
0.8459909488025048	0.061465033628892864	0.03210098582613781	15.0	0.0	0.0	6.0
0.45879120759030007	0.12999594600212558	0.03281998619003906	47.0	0.0	0.0	6.0
0.17312351321053246	0.19370375086624608	0.034064294909488334	33.0	0.0	0.0	6.0
0.2688524942007643	0.43123781115073934	0.032957038106913236	9.0	0.0	0.0	6.0
0.1649694603231983	0.6282983282356118	0.03380993860140616	55.0	0.0	0.0	6.0
0.25478062031818877	0.19139815084576473	0.03171187209740986	41.0	0.0	0.0	6.0
0.4294450000634805	0.42690272717009115	0.03284570985815565	44.0	0.0	0.0	6.0
0.24653457061921033	0.817229248477596	0.035261099496966604	23.0	0.0	0.00011391950241090854	6.0
0.7747148546991514	0.5330761200520849	0.03314128535969585	31.0	0.0	0.0	6.0
0.8909312297763408	0.49027385698242837	0.03354615744873157	12.0	0.0	0.0	6.0
0.3247039514142573	0.6437060868336093	0.031796030703764355	51.0	0.0	0.0	6.0
0.5016139099893885	0.40350921001295076	0.03372036570766139	42.0	0.0	0.0	6.0
0.8556312502484661	0.8257641137262283	0.035595235335228265	32.0	0.0	0.001349727472216955	6.0
0.6698388250167414	0.02389547775595955	0.02268295991778648	40.0	0.0	0.0	6.0
0.7702424658422158	0.8337266992161148	0.03244841733284739	16.0	0.0	0.0	6.0
0.580471934243862	0.8885225792711274	0.03099922691548697	4.0	0.0	0.0	6.0
0.2617541746214693	0.5070902078131606	0.03376975047915611	11.0	0.0	0.0	6.0
0.666881346744883	0.2500270825478616	0.03365395446608668	48.0	0.0	0.0	6.0
0.09146069439389334	0.9037373172810761	0.034519581839692386	49.0	0.0	0.0	6.0
0.3214512510394154	0.8259506591194473	0.032336173988196715	39.0	0.0	0.0	6.0
0.4357904679626754	0.2913419774118292	0.03544331825737995	54.0	0.0	0.000557605214211776	6.0
0.4832513807696459	0.6582132356359233	0.03677493638460433	27.0	0.0	0.03578725191540855	6.0
0.9542052967064668	0.6185258829926569	0.032939561204795305	45.0	0.0	0.0	6.0
0.18594586742467747	0.4332426351571712	0.03209585885357407	24.0	0.0	0.0	6.0
0.26405022521785493	0.6783449984609402	0.029035981311192463	18.0	0.0	0.0	6.0
0.542050103999802	0.09464494190477561	0.035540911304743565	34.0	0.0	0.0010128803553186572	6.0
0.4875857982445582	0.8607827816000254	0.03050613404657583	21.0	0.0	0.0	6.0
0.6104726707205138	0.05024968140441463	0.03783890091632735	37.0	0.0	0.14643020789051775	6.0
0.901951890667158	0.21089097862724426	0.031604026822851496	10.0	0.0	0.0	6.0
0.18286415653931207	0.5387339561635712	0.033696186401741296	43.0	0.0	0.0	6.0
0.7503340577061115	0.05256987195740257	0.03254840680876021	5.0	0.0	0.0	6.0
0.7914708154339063	0.28432150786549265	0.03204205227785733	38.0	0.0	0.0	6.0
0.6824662688397396	0.5025919179974303	0.033793148444584885	13.0	0.0	0.0	6.0
0.9608797375305209	0.1697848529470664	0.03423151428177421	20.0	0.0	0.0	6.0
0.8573155254217364	0.8270487989027852	0.03563083057056349	32.0	0.0	0.001606638494422441	7.0
0.8450250932630303	0.06107825649552233	0.032133086811963946	15.0	0.0	0.0	7.0
0.34178691912678993	0.3160792228078041	0.03129251844413272	19.0	0.0	0.0	7.0
0.4381729806227241	0.2896854946963288	0.03547876157563733	54.0	0.0	0.0007023245292856473	7.0
0.7745067557883617	0.5294074146194615	0.033174426645055544	31.0	0.0	0.0	7.0
0.8924973994686484	0.49100650940709145	0.0335797036061803	12.0	0.0	0.0	7.0
0.5409670145546245	0.09556088599764968	0.035576452216048306	34.0	0.0	0.0012259419696789564	7.0
0.26506129169002673	0.678521818593958	0.029065017292503652	18.0	0.0	0.0	7.0
0.17551666547191053	0.19212775054305617	0.03409835920439782	33.0	0.0	0.0	7.0
0.9113071867807365	0.09073724730718334	0.03282791445821755	30.0	0.0	0.0	7.0
0.8473497908256874	0.16130128025923077	0.034222975456063544	26.0	0.0	0.0	7.0
0.19041576020753676	0.4326051831401746	0.03212795471242764	24.0	0.0	0.0	7.0
0.701350330855648	0.800165092610251	0.03150314538062586	2.0	0.0	0.0	7.0
0.7624253111010818	0.04663273487982272	0.03258095521556896	5.0	0.0	0.0	7.0
0.267876148207321	0.432328120453947	0.03298999514502014	9.0	0.0	0.0	7.0
0.4864038085236785	0.8615088983483662	0.030536640180622403	21.0	0.0	0.0	7.0
0.17485105334005765	0.11683192199788188	0.033574975248864866	36.0	0.0	0.0	7.0
0.4277126243958644	0.429783373401894	0.032878555568013806	44.0	0.0	0.0	7.0
0.25583798522876156	0.19154215548275097	0.031743583969507265	41.0	0.0	0.0	7.0
0.1736574065133461	0.6277231677912332	0.03384374854000756	55.0	0.0	0.0	7.0
0.45888138610058327	0.12522196343911107	0.0328528061762291	47.0	0.0	0.0	7.0
0.6814321381373198	0.502084131456545	0.033826941593029465	13.0	0.0	0.0	7.0
0.3194555200130094	0.825032327893626	0.03236851016218491	39.0	0.0	0.0	7.0
0.26422072770693683	0.8901496619921324	0.03350583940861433	8.0	0.0	0.0	7.0
0.047875889596972726	0.6714210013528504	0.03343068227317456	35.0	0.0	0.0	7.0
0.3915141166042867	0.2065271255819882	0.032066108210277486	28.0	0.0	0.0	7.0
0.9559026357979585	0.15651615801770197	0.034265745796055985	20.0	0.0	0.0	7.0
0.7938615968454356	0.7599077519103714	0.03452113959586382	46.0	0.0	0.0	7.0
0.6521779211048854	0.7338037365634236	0.03129093497135566	14.0	0.0	0.0	7.0
0.32345800621871335	0.6472286383152354	0.031827826734468115	51.0	0.0	0.0	7.0
0.550956506995896	0.6964701368494138	0.031278241347866664	7.0	0.0	0.0	7.0
0.5684701949919427	0.48910402747573417	0.032681760527906244	22.0	0.0	0.0	7.0
0.34634382282039117	0.9165759741298752	0.029603045680078523	50.0	0.0	0.0	7.0
0.6671774621341671	0.24870507541465947	0.03368760842055277	48.0	0.0	0.0	7.0
0.2586725636652955	0.5145798393699009	0.033803520229635266	11.0	0.0	0.0	7.0
0.1828523601534002	0.536860282697207	0.03372988258814304	43.0	0.0	0.0	7.0
0.9552225776029217	0.6206827782418564	0.0329725007660001	45.0	0.0	0.0	7.0
0.5025342836081839	0.40832409529929536	0.03375408607336905	42.0	0.0	0.0	7.0
0.612454695270564	0.04567975832929114	0.037876739817243675	37.0	0.0	0.15236377611869045	7.0
0.3210512934382864	0.15943742309634523	0.03457456853248806	3.0	0.0	0.0	7.0
0.8717096971757354	0.3181349898754623	0.034433609828507954	6.0	0.0	0.0	7.0
0.8993255385752559	0.2100266432330216	0.03163563084967434	10.0	0.0	0.0	7.0
0.37950389514342187	0.08776479312413689	0.031127889596844593	52.0	0.0	0.0	7.0
0.8529127796971392	0.42868946233337135	0.03319635542907918	1.0	0.0	0.0	7.0
0.7772093366327447	0.8344087243992353	0.032480865750180235	16.0	0.0	0.0	7.0
0.087840815271433	0.9072120121145505	0.03455410142153208	49.0	0.0	0.0	7.0
0.5827041033544679	0.8888840476809934	0.031030226142402452	4.0	0.0	0.0	7.0
0.48462777567617177	0.6532538209030769	0.03681171132098893	27.0	0.0	0.03805808821434198	7.0
0.24754830805955158	0.8131838701860541	0.035296360596463565	23.0	0.0	0.00016658709486705447	7.0
0.5457183080176826	0.2861987631728782	0.02992845931749117	25.0	0.0	0.0	7.0
0.6701679806511698	0.02550712492998282	0.022705642877704265	40.0	0.0	0.0	7.0
0.7943994514645654	0.27124661252673804	0.03207409433013518	38.0	0.0	0.0	7.0
0.755609004740234	0.38875898379636653	0.032416807349101885	29.0	0.0	0.0	7.0
0.19707687057272805	0.7024581445768189	0.03135824992241269	17.0	0.0	0.0	7.0
0.2426177365245493	0.34780560451928294	0.03440441504602421	53.0	0.0	0.0	7.0
0.6515490252759192	0.7329951785719748	0.031322225906327016	14.0	0.0	0.0	8.0
0.5017864115156765	0.41123078624720494	0.03378784015944242	42.0	0.0	0.0	8.0
0.3172734015724263	0.16306379317767744	0.03460914310102055	3.0	0.0	0.0	8.0
0.48403782768492404	0.6542348041215066	0.03684852303230991	27.0	0.0	0.04042542296305385	8.0
0.5504487069359114	0.6953385583956158	0.031309519589214525	7.0	0.0	0.0	8.0
0.1740057161972308	0.11589978917047405	0.03360855022411373	36.0	0.0	0.0	8.0
0.24927856261013445	0.8130693236690268	0.035331656957060024	23.0	0.0	0.00023347872301826555	8.0
0.08511840934723339	0.901145419908142	0.03458865552295361	49.0	0.0	0.0	8.0
0.3924654841639251	0.20751201973880232	0.03209817431848776	28.0	0.0	0.0	8.0
0.3232060076166569	0.6460332129777673	0.03185965456120258	51.0	0.0	0.0	8.0
0.5409444388803983	0.2915298588783263	0.02995838777680866	25.0	0.0	0.0	8.0
0.8915338771595116	0.49572421083524776	0.03361328330978648	12.0	0.0	0.0	8.0
0.05046613912344831	0.6797298624382898	0.03346411295544773	35.0	0.0	0.0	8.0
0.7003637550152305	0.8007711632287859	0.03153464852600648	2.0	0.0	0.0	8.0
0.4779183404740301	0.8587163213765007	0.03056717682080302	21.0	0.0	0.0	8.0
0.2637264751593134	0.888368775304156	0.03353934524802294	8.0	0.0	0.0	8.0
0.842953226999456	0.42015877168228827	0.03322955178450825	1.0	0.0	0.0	8.0
0.5374660999220865	0.095240401062747	0.03561202866826435	34.0	0.0	0.0014672201093617332	8.0
0.8495281698074388	0.1611845948537617	0.0342571984315196	26.0	0.0	0.0	8.0
0.9000157611223693	0.2084885556584301	0.031667266480524016	10.0	0.0	0.0	8.0
0.4611580746804454	0.12752025446758863	0.03288565898240532	47.0	0.0	0.0	8.0
0.0060120240480961915	0.7014028056112224	0.09238476953907815	-2.0	-1.0	1209.3998195257186	8.0
0.7769769626714869	0.8364504666744542	0.03251334661593041	16.0	0.0	0.0	8.0
0.18302247148822168	0.43342305883766497	0.032160082667140065	24.0	0.0	0.0	8.0
0.8578201058639695	0.8286673645112688	0.035666461401134046	32.0	0.0	0.0018945452363396953	8.0
0.42900759822911555	0.4306479103965745	0.032911434123581815	44.0	0.0	0.0	8.0
0.25459782506915546	0.19905063096008632	0.03177532755347677	41.0	0.0	0.0	8.0
0.7771667578972549	0.5268860828242805	0.03320760107170059	31.0	0.0	0.0	8.0
0.32037041813425554	0.8231237476552055	0.03240087867234709	39.0	0.0	0.0	8.0
0.37931042826691874	0.08893612675120777	0.031159017486441433	52.0	0.0	0.0	8.0
0.7972655628869072	0.7580179444569095	0.03455566073545968	46.0	0.0	0.0	8.0
0.6656654360485267	0.24521882046449675	0.033721296028973315	48.0	0.0	0.0	8.0
0.834077735443041	0.0571673020622539	0.0321652198987759	15.0	0.0	0.0	8.0
0.5819205899740761	0.8879024588444518	0.03106125636854485	4.0	0.0	0.0	8.0
0.26411043805997114	0.42735875660524875	0.03302298514016516	9.0	0.0	0.0	8.0
0.9107489574539374	0.09219743476590739	0.032860742372675764	30.0	0.0	0.0	8.0
0.5654085879779424	0.49093213172420425	0.03271444228843415	22.0	0.0	0.0	8.0
0.7540682655591637	0.3937012828658408	0.03244922415645098	29.0	0.0	0.0	8.0
0.18733978711690003	0.5463747736627134	0.033763612470731175	43.0	0.0	0.0	8.0
0.6799047395858417	0.5009933988108778	0.03386076853462249	13.0	0.0	0.0	8.0
0.3517453345465873	0.9103097600822594	0.029632648725758597	50.0	0.0	0.0	8.0
0.43649072975329284	0.29166207675253625	0.03551424033721296	54.0	0.0	0.0008703188574372689	8.0
0.7595010636283378	0.04209964930728629	0.032613536170784524	5.0	0.0	0.0	8.0
0.26705614100986186	0.680702314414269	0.02909408230979615	18.0	0.0	0.0	8.0
0.24399443515444455	0.34834687175493384	0.03443881946107023	53.0	0.0	0.0	8.0
0.174107698300941	0.6134233266974061	0.033877592288547566	55.0	0.0	0.0	8.0
0.8738287819849347	0.31906199592300755	0.03446804343833646	6.0	0.0	0.0	8.0
0.6009316507449886	0.04769083254767504	0.037914616557060916	37.0	0.0	0.1584616803707064	8.0
0.6771111627683497	0.022728348520581965	0.022728348520581965	40.0	0.0	0.0	8.0
0.19336875334519404	0.6974956034011012	0.031389608172335104	17.0	0.0	0.0	8.0
0.9564524664495656	0.6188279331945921	0.033005473266766096	45.0	0.0	0.0	8.0
0.957116267530032	0.15878562916753508	0.03430001154185204	20.0	0.0	0.0	8.0
0.17659431415061902	0.19240140834924147	0.03413245756360221	33.0	0.0	0.0	8.0
0.7930218145909765	0.26960713930994895	0.032106168424465314	38.0	0.0	0.0	8.0
0.3374034576383084	0.326732907506748	0.03132381096257685	19.0	0.0	0.0	8.0
0.2598823721314821	0.5154097299493956	0.033837323749864895	11.0	0.0	0.0	8.0
0.2602782642079775	0.5131032362569874	0.03387116107361476	11.0	0.0	0.0	9.0
0.32294715682110087	0.15794183731844327	0.03464375224412156	3.0	0.0	0.0	9.0
0.43579485447559485	0.2962324116133545	0.03554975457755017	54.0	0.0	0.0010633752223725423	9.0
0.42687579832363176	0.428774906667517	0.032944345557705396	44.0	0.0	0.0	9.0
0.8533009659785931	0.8342564263565658	0.035702127862535175	32.0	0.0	0.0022152798460126633	9.0
0.8656280426979949	0.31565757497974567	0.03450251148177479	6.0	0.0	0.0	9.0
0.5993622136994007	0.04670817908349373	0.03795253117361797	37.0	0.0	0.16472649172467868	9.0
0.8318669694701802	0.0581344145712259	0.032197385118674676	15.0	0.0	0.0	9.0
0.3385336499775163	0.326048373860026	0.03135513477353943	19.0	0.0	0.0	9.0
0.3791388174572139	0.08997513412967723	0.03119017650392787	52.0	0.0	0.0	9.0
0.25792003095154836	0.8923518135148033	0.03357288459327096	8.0	0.0	0.0	9.0
0.4829629326601012	0.6543950062737146	0.03688537155534222	27.0	0.0	0.042891459615589156	9.0
0.2617078445956716	0.42200483246920245	0.033056008125305326	9.0	0.0	0.0	9.0
0.33075730727248953	0.6438604789971349	0.03189151421576378	51.0	0.0	0.0	9.0
0.5426017500900719	0.29100746998098315	0.029988346164585462	25.0	0.0	0.0	9.0
0.1767124428467405	0.4412270085310469	0.0321922427498072	24.0	0.0	0.0	9.0
0.3265291708993427	0.8242008197499882	0.032433279551019434	39.0	0.0	0.0	9.0
0.7003942101094888	0.8019802537256577	0.03156618317453248	2.0	0.0	0.0	9.0
0.24941963589379115	0.8158679055023594	0.03536698861401708	23.0	0.0	0.0003163280796343315	9.0
0.5308119252650383	0.09279787903841741	0.03564764069693261	34.0	0.0	0.0017385307170343367	9.0
0.4939543849814819	0.4146569520760642	0.03382162799960185	42.0	0.0	0.0	9.0
0.19110850116245065	0.6978908870966904	0.031420997780507436	17.0	0.0	0.0	9.0
0.6673012004430823	0.24294337086368126	0.03375501732500229	48.0	0.0	0.0	9.0
0.17881413716210814	0.6150051294961713	0.03391146988083611	55.0	0.0	0.0	9.0
0.9119918886675202	0.08912169154032605	0.032893603115048436	30.0	0.0	0.0	9.0
0.9018584944949075	0.21088874860404144	0.03169893374700453	10.0	0.0	0.0	9.0
0.17560756510936226	0.19078375994667876	0.03416659002116581	33.0	0.0	0.0	9.0
0.7940262226293623	0.26855414878624384	0.03213827459288977	38.0	0.0	0.0	9.0
0.6694155972468344	0.5010924577051219	0.03389462930315711	13.0	0.0	0.0	9.0
0.24575572148994407	0.34879413231782397	0.0344732582805313	53.0	0.0	0.0	9.0
0.8420539701651342	0.4205933264591933	0.033262781336292756	1.0	0.0	0.0	9.0
0.4610570337383224	0.12606358741643828	0.03291854464138772	47.0	0.0	0.0	9.0
0.08407745417602104	0.9009156959365812	0.03462324417847656	49.0	0.0	0.0	9.0
0.891028533926333	0.49278004739013476	0.03364689659309626	12.0	0.0	0.0	9.0
0.39187762228462913	0.2092430590281137	0.03213027249280624	28.0	0.0	0.0	9.0
0.7955258188691541	0.7478820795543468	0.03459021639619514	46.0	0.0	0.0	9.0
0.960335077906353	0.1579466388231548	0.034334311553393886	20.0	0.0	0.0	9.0
0.5494600639869238	0.6953977596207451	0.03134082910880374	7.0	0.0	0.0	9.0
0.6525982909415329	0.7346444225722697	0.03135354813223334	14.0	0.0	0.0	9.0
0.7540682655591637	0.40069355956558866	0.03248167338060743	29.0	0.0	0.0	9.0
0.479587417920438	0.8560560180328728	0.03059774399762382	21.0	0.0	0.0	9.0
0.6791840890385386	0.027803415936765646	0.022751076869102545	40.0	0.0	0.0	9.0
0.25794690695808337	0.6856847959637227	0.029123176392105942	18.0	0.0	0.0	9.0
0.5630283054619801	0.49086467790193455	0.03274715673072258	22.0	0.0	0.0	9.0
0.7633381242039413	0.04179705841060531	0.032646149706955306	5.0	0.0	0.0	9.0
0.05196592186179745	0.6788723353834184	0.03349757706840318	35.0	0.0	0.0	9.0
0.953972131682322	0.615720559435136	0.03303847874003286	45.0	0.0	0.0	9.0
0.175448016858023	0.11594975135771096	0.033642158774337835	36.0	0.0	0.0	9.0
0.3507725799837995	0.9096691566697314	0.029662281374484352	50.0	0.0	0.0	9.0
0.7839768808704305	0.5275527631040652	0.03324080867277229	31.0	0.0	0.0	9.0
0.8481279072383648	0.1596009374658648	0.03429145562995112	26.0	0.0	0.0	9.0
0.77525375375411	0.8488121105220833	0.03254585996254634	16.0	0.0	0.0	9.0
0.2563896516130545	0.21035709657253432	0.031807102881030246	41.0	0.0	0.0	9.0
0.18667223330957744	0.5451451386550825	0.0337973760832019	43.0	0.0	0.0	9.0
0.5705824931872897	0.891242200260835	0.03109231762491339	4.0	0.0	0.0	9.0
0.5329377636022187	0.0921862119873085	0.035683288337629536	34.0	0.0	0.00204170032878892	10.0
0.8525801790925401	0.8331075810665307	0.03573782999039771	32.0	0.0	0.0025706851318858526	10.0
0.05178369277176773	0.6692252643069053	0.03353107464547158	35.0	0.0	0.0	10.0
0.3246581247330949	0.823861448751964	0.032465712830570446	39.0	0.0	0.0	10.0
0.1943887775551102	0.30861723446893785	0.039679358717434866	-2.0	-1.0	0.6557510457077029	10.0
0.24077240575754977	0.3496656383710106	0.03450773153881183	53.0	0.0	0.0	10.0
0.9625281811201024	0.16065896678946298	0.03436864586494728	20.0	0.0	0.0	10.0
0.18882432073367644	0.6910231042130944	0.03145241877828794	17.0	0.0	0.0	10.0
0.5426017500900719	0.29611962118885116	0.030018334510750044	25.0	0.0	0.0	10.0
0.6636304739312422	0.5053909418481417	0.033928523932460264	13.0	0.0	0.0	10.0
0.7822558785641792	0.5264805394111934	0.033274049481445064	31.0	0.0	0.0	10.0
0.4785380396960516	0.856468594931209	0.03062834174162144	21.0	0.0	0.0	10.0
0.502706093678335	0.41333047629535963	0.03385544962760145	42.0	0.0	0.0	10.0
0.4325556915642946	0.29359642028304	0.03558530433212772	54.0	0.0	0.0012832911216662524	10.0
0.6528005389969844	0.735634691226143	0.03138490168036557	14.0	0.0	0.0	10.0
0.32483815188420256	0.16000079254091298	0.03467839599636568	3.0	0.0	0.0	10.0
0.18776422094682363	0.5445743780273965	0.0338311734592851	43.0	0.0	0.0	10.0
0.8965181385642607	0.21268360671368333	0.03173063268075153	10.0	0.0	0.0	10.0
0.1757362544369968	0.4433661828095351	0.032224434992557005	24.0	0.0	0.0	10.0
0.5689800165529701	0.8932240687672376	0.0311234099425383	4.0	0.0	0.0	10.0
0.7582292765729338	0.3964398345243855	0.03251415505398803	29.0	0.0	0.0	10.0
0.46068559687265515	0.12351641998101251	0.03295146318602911	47.0	0.0	0.0	10.0
0.5618810757279132	0.4932197736571084	0.0327799038874533	22.0	0.0	0.0	10.0
0.3917316919136568	0.21117097338273813	0.032162402765299046	28.0	0.0	0.0	10.0
0.7007268326703034	0.8043663611738113	0.03159774935770701	2.0	0.0	0.0	10.0
0.7809355482871875	0.2705051804265815	0.03217041286748266	38.0	0.0	0.0	10.0
0.2521147571803763	0.8945502482301106	0.03360645747786423	8.0	0.0	0.0	10.0
0.8939532894684702	0.49317837568333567	0.03368054348968935	12.0	0.0	0.0	10.0
0.8388445513133611	0.43088832511928615	0.03329604411762904	1.0	0.0	0.0	10.0
0.41467092838735037	0.4289636149563824	0.032977289903263096	44.0	0.0	0.0	10.0
0.17683138980295512	0.18888662158422895	0.03420075661118697	33.0	0.0	0.0	10.0
0.32403670182561317	0.6454773102566442	0.03192340572997954	51.0	0.0	0.0	10.0
0.5977080828798585	0.04625470851749898	0.037990483704791585	37.0	0.0	0.17116079492127767	10.0
0.5459939999097946	0.6910554600634021	0.03137216993791254	7.0	0.0	0.0	10.0
0.7523071510356717	0.04061404518304654	0.03267879585666226	5.0	0.0	0.0	10.0
0.8406402828212959	0.15439503840181537	0.03432574708558107	26.0	0.0	0.0	10.0
0.17985547395583873	0.6174481430369197	0.033945381350716945	55.0	0.0	0.0	10.0
0.7776592871284985	0.8517117143244565	0.03257840582250888	16.0	0.0	0.0	10.0
0.9134781536556549	0.08791218719288954	0.03292649671816348	30.0	0.0	0.0	10.0
0.2517070759917917	0.8126859346297762	0.035402355602631094	23.0	0.0	0.00041687911020460433	10.0
0.6658012198889844	0.2438135872682149	0.033788772342327286	48.0	0.0	0.0	10.0
0.16621213978172628	0.11756496564689528	0.03367580093311217	36.0	0.0	0.0	10.0
0.25917043758247144	0.6884579129488299	0.029152299568498043	18.0	0.0	0.0	10.0
0.48580885715397315	0.652018841576095	0.03692225692689755	27.0	0.0	0.045458413806485964	10.0
0.9529266725344182	0.6139570949225794	0.03307151721877288	45.0	0.0	0.0	10.0
0.26519817709725474	0.5017594698844989	0.03390503223468837	11.0	0.0	0.0	10.0
0.867051025181083	0.3152090471197155	0.034537013993256566	6.0	0.0	0.0	10.0
0.6718337474730632	0.021009902741969174	0.022773827945971645	40.0	0.0	0.0	10.0
0.9238476953907815	0.17034068136272543	0.07094188376753506	-2.0	-1.0	297.15461543365353	10.0
0.26136286456015856	0.4311330661152874	0.03308906413343063	9.0	0.0	0.0	10.0
0.2641000407990085	0.21294850709621985	0.03183890998391127	41.0	0.0	0.0	10.0
0.8365387235657511	0.05635402002151878	0.03222958250379335	15.0	0.0	0.0	10.0
0.08312208179437852	0.9013773678597965	0.03465786742265503	49.0	0.0	0.0	10.0
0.35044861093282914	0.9085564016764213	0.029691943655858834	50.0	0.0	0.0	10.0
0.3389483727905338	0.3301515125436461	0.03138648990831296	19.0	0.0	0.0	10.0
0.7949244740421024	0.7450294334009689	0.03462480661259133	46.0	0.0	0.0	10.0
0.37823249645419554	0.08883969139040832	0.031221366680431795	52.0	0.0	0.0	10.0
0.8374575968509617	0.054929608691424124	0.03226181208629714	15.0	0.0	0.0	11.0
0.16554847544595308	0.11257452354250988	0.03370947673404528	36.0	0.0	0.0	11.0
0.7027785751067539	0.7981974432507366	0.03162934710706471	2.0	0.0	0.0	11.0
0.3954429124883628	0.21958240878619875	0.03219456516806434	28.0	0.0	0.0	11.0
0.2562248521350802	0.816042749697365	0.03543775795823372	23.0	0.0	0.0005368860555705623	11.0
0.6584307707126676	0.5072855389131236	0.03396245245639272	13.0	0.0	0.0	11.0
0.32536225118273615	0.1588328929666411	0.03471307439236204	3.0	0.0	0.0	11.0
0.46117997856103654	0.11829693029887917	0.03298441464921514	47.0	0.0	0.0	11.0
0.32172786197047853	0.6437842436140725	0.03195532913570951	51.0	0.0	0.0	11.0
0.2501606027060996	0.8960800853712414	0.033640063935342086	8.0	0.0	0.0	11.0
0.5303875706238762	0.09608533905407297	0.03571897162596716	34.0	0.0	0.002378566117954506	11.0
0.07994252028937257	0.908118850107801	0.03469252529007768	49.0	0.0	0.0	11.0
0.8964836774929221	0.21085926349536796	0.03176236331343228	10.0	0.0	0.0	11.0
0.41193078639796016	0.4423801925012028	0.033010267193166354	44.0	0.0	0.0	11.0
0.37689629677042813	0.08783374494506328	0.03125258804711222	52.0	0.0	0.0	11.0
0.17463815821470297	0.44326565956539543	0.03225665942754956	24.0	0.0	0.0	11.0
0.7633949416790864	0.3949535187085332	0.03254666920904202	29.0	0.0	0.0	11.0
0.5486160244539567	0.6941362411520626	0.03140354210785044	7.0	0.0	0.0	11.0
0.18735118646694818	0.5500310564240933	0.03386500463274438	43.0	0.0	0.0	11.0
0.6578992016031332	0.24953196776130443	0.03382256111466961	48.0	0.0	0.0	11.0
0.9149191441174113	0.08794394487346649	0.03295942321488164	30.0	0.0	0.0	11.0
0.9539165608749909	0.6141690225203233	0.033104588735991654	45.0	0.0	0.0	11.0
0.26487727425408114	0.5001361699536225	0.033938937266923055	11.0	0.0	0.0	11.0
0.5971383159444947	0.045172930717594435	0.03802847418849637	37.0	0.0	0.17776718841844286	11.0
0.7830431079929243	0.515131366032016	0.033307323530926504	31.0	0.0	0.0	11.0
0.5676436128620475	0.8922697277197953	0.031154533352480834	4.0	0.0	0.0	11.0
0.7744149762771134	0.8447191790313432	0.032610984228331384	16.0	0.0	0.0	11.0
0.8542628352645264	0.8320296025143578	0.035773567820388104	32.0	0.0	0.002962614606857983	11.0
0.25776344806879026	0.42585028969099326	0.03312215319756406	9.0	0.0	0.0	11.0
0.46930571461609333	0.8502206190769238	0.03065897008336306	21.0	0.0	0.0	11.0
0.3280637654325323	0.8115902723770075	0.032498178543401014	39.0	0.0	0.0	11.0
0.627254509018036	0.3507014028056112	0.018637274549098196	-2.0	-1.0	0.0	11.0
0.5680596476556821	0.5002968552302957	0.032812683791340745	22.0	0.0	0.0	11.0
0.3418819731669239	0.32934728266813224	0.03141787639822127	19.0	0.0	0.0	11.0
0.1858524689226986	0.17966453829164955	0.03423495736779815	33.0	0.0	0.0	11.0
0.34014074256559745	0.9108993535362494	0.02972163559951469	50.0	0.0	0.0	11.0
0.48468485663864996	0.6516489317564963	0.036959179183824444	27.0	0.0	0.0481285134001439	11.0
0.8651557055305532	0.31551596749461436	0.03457155100724982	6.0	0.0	0.0	11.0
0.8369075302582945	0.43229007123215324	0.03332934016174667	1.0	0.0	0.0	11.0
0.19243495677744382	0.7016551133147051	0.03148387119706622	17.0	0.0	0.0	11.0
0.2589180393260014	0.6873940664857286	0.02918145186806654	18.0	0.0	0.0	11.0
0.5070229692397733	0.4136982664885539	0.03388930507722905	42.0	0.0	0.0	11.0
0.05303479357301892	0.6667755625655407	0.03356460572011705	35.0	0.0	0.0	11.0
0.23915878237317376	0.3520021650276347	0.03454223927035063	53.0	0.0	0.0	11.0
0.8439201070679477	0.1405707375798001	0.03436007283266664	26.0	0.0	0.0	11.0
0.17953363610865763	0.6190239600749718	0.03397932673206766	55.0	0.0	0.0	11.0
0.9634813895135238	0.15664123944014574	0.03440301451081222	20.0	0.0	0.0	11.0
0.4270672677775163	0.29194213199350044	0.035620889636459846	54.0	0.0	0.0015318745700625414	11.0
0.7455574530629907	0.04524412582681887	0.03271147465251892	5.0	0.0	0.0	11.0
0.6481941870767741	0.7472433768371124	0.031416286582045934	14.0	0.0	0.0	11.0
0.26278576708860946	0.2137558881894449	0.03187074889389518	41.0	0.0	0.0	11.0
0.8926849440486458	0.4923658215905387	0.03371422403317904	12.0	0.0	0.0	11.0
0.7939619029445014	0.7462198965270156	0.03465943141920392	46.0	0.0	0.0	11.0
0.6779832211251852	0.02407766300615953	0.022796601773917614	40.0	0.0	0.0	11.0
0.7835353039610475	0.2681023703916613	0.03220258328035014	38.0	0.0	0.0	11.0
0.5348898415940557	0.29531561154261526	0.03004835284526079	25.0	0.0	0.0	11.0
