# x	y	r	id	split_id	s_prob	t
2.0	0.5	0.0	-1.0	0.0	0.0	0.0
0.9171414065291165	0.666773803141986	0.034324647390258145	1.0	0.0	0.0	0.0
0.5660475278026761	0.1779117171909082	0.029622166320175503	2.0	0.0	0.0	0.0
0.9618073568404047	0.8464334729572516	0.03194300802767217	3.0	0.0	0.0	0.0
0.6699426127468066	0.03257985961933371	0.034328516326947264	4.0	0.0	0.0	0.0
0.8238155356061119	0.5562293761552998	0.03172312743937608	5.0	0.0	0.0	0.0
0.661211616128622	0.2514784176895323	0.031496546488419666	6.0	0.0	0.0	0.0
0.7454033692325446	0.4922044673051923	0.034859191535066045	7.0	0.0	0.0	0.0
0.5833461418285215	0.8003586227071939	0.030823745665677995	8.0	0.0	0.0	0.0
0.43974650666402265	0.26794676021552943	0.029973324430637435	9.0	0.0	0.0	0.0
0.7778927227173784	0.9027088182096872	0.03290056743253336	10.0	0.0	0.0	0.0
0.8632718235780361	0.43108749097790033	0.02931832560272321	11.0	0.0	0.0	0.0
0.7810658885512155	0.6178474790624123	0.03146460347322307	12.0	0.0	0.0	0.0
0.4494042264057223	0.7404305544956613	0.03211380390194791	13.0	0.0	0.0	0.0
0.5845035744117149	0.4416894154428388	0.03320700030369291	14.0	0.0	0.0	0.0
0.5954804024915628	0.6779374202901439	0.03236398007287127	15.0	0.0	0.0	0.0
0.10579480359974129	0.11011332979729575	0.032696655271887726	16.0	0.0	0.0	0.0
0.2676931256947322	0.5115373883883153	0.033477858052927224	17.0	0.0	0.0	0.0
0.5220989211818595	0.6462282898622888	0.03337666732871355	18.0	0.0	0.0	0.0
0.5769062395256351	0.9242337194812431	0.03384263533352946	19.0	0.0	0.0	0.0
0.6916427320413177	0.7174833147282318	0.031590369979687095	20.0	0.0	0.0	0.0
0.3263155315596856	0.5464613748610535	0.03456820321247386	21.0	0.0	0.0	0.0
0.575299416630522	0.10561185790052165	0.03369295754380308	22.0	0.0	0.0	0.0
0.4934172064915378	0.9267648444869492	0.03060680982295149	23.0	0.0	0.0	0.0
0.2234144999882248	0.6075783511883455	0.03352409384845984	24.0	0.0	0.0	0.0
0.3329353896076206	0.8942337075685879	0.029729510454836218	25.0	0.0	0.0	0.0
0.41680366194053575	0.8994934216557194	0.03373899884813647	26.0	0.0	0.0	0.0
0.3069826104765627	0.37246508511294696	0.03332589364925701	27.0	0.0	0.0	0.0
0.17967959083581345	0.13243186396673104	0.033956451634681924	28.0	0.0	0.0	0.0
0.2346400670687478	0.17788858905054816	0.030219663310835667	29.0	0.0	0.0	0.0
0.15007436760354648	0.34764062634731957	0.03244987180259566	30.0	0.0	0.0	0.0
0.8262672153225037	0.04136892533263615	0.029387614814901312	31.0	0.0	0.0	0.0
0.6298631684254651	0.7588297399525165	0.031412483017275346	32.0	0.0	0.0	0.0
0.12714426774161977	0.6617169907155115	0.032415542004218596	33.0	0.0	0.0	0.0
0.37183540439448964	0.9616115279703473	0.0316109368390647	34.0	0.0	0.0	0.0
0.9106797038710402	0.750322808148248	0.031408934598371484	35.0	0.0	0.0	0.0
0.6437496228922529	0.5028063917701306	0.03025453450586765	36.0	0.0	0.0	0.0
0.2371076797649247	0.3570466514799351	0.032003521409284356	37.0	0.0	0.0	0.0
0.38369065219346987	0.6493624064325144	0.0313420940746359	38.0	0.0	0.0	0.0
0.412555501293939	0.8220280581447098	0.03312611773104284	39.0	0.0	0.0	0.0
0.6443530719417566	0.8320424690891526	0.035561225861320815	40.0	0.0	0.0011313396273209264	0.0
0.6974155855700607	0.7865800485300076	0.031212821043308366	41.0	0.0	0.0	0.0
0.5042503579561207	0.10753043085373766	0.03281649874742167	42.0	0.0	0.0	0.0
0.9612267908655405	0.09169877593465219	0.032090799010010794	43.0	0.0	0.0	0.0
0.4980964946978255	0.8017108840671423	0.03464297373561041	44.0	0.0	0.0	0.0
0.6044601381104224	0.6038364954948378	0.02941446325225973	45.0	0.0	0.0	0.0
0.7066108501844702	0.9703056812682179	0.03445130080819011	46.0	0.0	0.0	0.0
0.831466050183221	0.21593078860120946	0.03338886530784836	47.0	0.0	0.0	0.0
0.060159022582433164	0.705578915600907	0.03530292154868137	48.0	0.0	0.00017789775988319434	0.0
0.21417567470050172	0.2828428164518249	0.03239949076365859	49.0	0.0	0.0	0.0
0.8551591611804896	0.10491428933762854	0.032555081600256025	50.0	0.0	0.0	0.0
0.15169559919599448	0.2196726442947171	0.03380243055047054	51.0	0.0	0.0	0.0
0.7177522327018914	0.6447180834787041	0.03314688912948026	52.0	0.0	0.0	0.0
0.8040257750974981	0.3132190366324088	0.033363890823125006	53.0	0.0	0.0	0.0
0.7580612297579981	0.8296380030834427	0.03240301038315539	54.0	0.0	0.0	0.0
0.5391931390936864	0.8622428648748073	0.034138048500112886	55.0	0.0	0.0	0.0
0.06757315240767593	0.7935230072740087	0.033372331401762975	56.0	0.0	0.0	0.0
0.7006811989273014	0.8805382643028549	0.033535871084414685	57.0	0.0	0.0	0.0
0.13563735497778623	0.7463459611584519	0.03314666365696637	58.0	0.0	0.0	0.0
0.5564396567104073	0.5096664605415614	0.03318222580765204	59.0	0.0	0.0	0.0
0.9903624587652298	0.6999902805327274	0.03168202259694609	60.0	0.0	0.0	0.0
0.5556004785017324	0.03380357841070886	0.03380357841070886	61.0	0.0	0.0	0.0
0.932260421849545	0.02219736600379682	0.02219736600379682	62.0	0.0	0.0	0.0
0.5178430527681084	0.2614061595722232	0.03086390217617409	63.0	0.0	0.0	0.0
0.45603319560128486	0.20096336582717877	0.031100032394728902	64.0	0.0	0.0	0.0
0.938732580063774	0.9512054323754663	0.030204980132851035	65.0	0.0	0.0	0.0
0.14920102873365604	0.8707555349650514	0.03238481041701797	66.0	0.0	0.0	0.0
0.6879312518722638	0.7201691672574784	0.03162196034966678	20.0	0.0	0.0	1.0
0.21720860128800404	0.28252661687114566	0.032431890254422245	49.0	0.0	0.0	1.0
0.5647039693974937	0.1761387101600758	0.029651788486495675	2.0	0.0	0.0	1.0
0.8559772060497924	0.10616504209195529	0.032587636681856276	50.0	0.0	0.0	1.0
0.41240384796201773	0.8211445156989868	0.03315924384877388	39.0	0.0	0.0	1.0
0.6967014803598977	0.7870699022574744	0.03124403386435167	41.0	0.0	0.0	1.0
0.604889538619602	0.605003546710436	0.029443877715511987	45.0	0.0	0.0	1.0
0.5410221524146516	0.861005080138288	0.034172186548612996	55.0	0.0	0.0	1.0
0.06117183219156318	0.7117109107746415	0.03533822447023005	48.0	0.0	0.0002476253199006351	1.0
0.44890867943145085	0.7410594581749075	0.032145917705849854	13.0	0.0	0.0	1.0
0.5836618125509809	0.4371303234155712	0.0332402073039966	14.0	0.0	0.0	1.0
0.44163137960042387	0.2685019669957057	0.03000329775506807	9.0	0.0	0.0	1.0
0.23494983811955403	0.35624498202159915	0.032035524930693636	37.0	0.0	0.0	1.0
0.6600083301451231	0.25252227731236293	0.03152804303490808	6.0	0.0	0.0	1.0
0.8267915785204853	0.04351874047559768	0.02941700242971621	31.0	0.0	0.0	1.0
0.3714457930529893	0.9615808031895265	0.03164254777590376	34.0	0.0	0.0	1.0
0.518124978282407	0.2611646809213107	0.03089476607835026	63.0	0.0	0.0	1.0
0.10602877521961551	0.10993718627459974	0.03272935192715961	16.0	0.0	0.0	1.0
0.7776299359619611	0.8943635431068431	0.03293346799996589	10.0	0.0	0.0	1.0
0.7449959227324615	0.493874940479505	0.03489405072660111	7.0	0.0	0.0	1.0
0.5805914485065066	0.7997142227079802	0.03085456941134367	8.0	0.0	0.0	1.0
0.06783164362449849	0.7944776851611053	0.03340570373316473	56.0	0.0	0.0	1.0
0.7815915290287944	0.6188013382788357	0.03149606807669629	12.0	0.0	0.0	1.0
0.6293235319392242	0.7543400121670462	0.03144389550029262	32.0	0.0	0.0	1.0
0.863804095487106	0.430643078020849	0.02934764392832593	11.0	0.0	0.0	1.0
0.5573767915220854	0.031124648995921673	0.033837381989119564	61.0	0.0	0.0	1.0
0.705932571480782	0.9690929609296266	0.0344857521089983	46.0	0.0	0.0	1.0
0.5183361664871153	0.6534827832797327	0.033410043996042256	18.0	0.0	0.0	1.0
0.5761548029939132	0.9248068796089627	0.033876477968862985	19.0	0.0	0.0	1.0
0.6725663294818123	0.03491449519389306	0.03436284484327421	4.0	0.0	0.0	1.0
0.8432487531692978	0.21693465413912547	0.0334222541731562	47.0	0.0	0.0	1.0
0.704633734906523	0.8831056608659893	0.0335694069554991	57.0	0.0	0.0	1.0
0.4969559400826004	0.9360212811544082	0.030637416632774438	23.0	0.0	0.0	1.0
0.22562800016825324	0.6039496017489391	0.0335576179423083	24.0	0.0	0.0	1.0
0.9594129812588108	0.09610710841454072	0.0321228898090208	43.0	0.0	0.0	1.0
0.4988392200180107	0.8019501439609277	0.03467761670934602	44.0	0.0	0.0	1.0
0.2599702799881886	0.5024313987362057	0.03351133591098015	17.0	0.0	0.0	1.0
0.556795806236191	0.5103324542301179	0.03321540803345969	59.0	0.0	0.0	1.0
0.3056751842653534	0.37425984619497044	0.033359219542906264	27.0	0.0	0.0	1.0
0.991534117519734	0.6979559814171203	0.03171370461954303	60.0	0.0	0.0	1.0
0.1874052823165068	0.1307269139563173	0.0339904080863166	28.0	0.0	0.0	1.0
0.9196129657742389	0.6684238398817929	0.0343589720376484	1.0	0.0	0.0	1.0
0.33348113755293424	0.8924434969089353	0.029759239965291052	25.0	0.0	0.0	1.0
0.5720119297002423	0.10279601517414913	0.03372665050134688	22.0	0.0	0.0	1.0
0.8233339260780541	0.5563388447572719	0.03175485056681546	5.0	0.0	0.0	1.0
0.3323417624607609	0.5496239983016941	0.03460277141568633	21.0	0.0	0.0	1.0
0.6469077743759756	0.5047464989010297	0.030284789040373513	36.0	0.0	0.0	1.0
0.9619401587187895	0.8472375139833015	0.03197495103569984	3.0	0.0	0.0	1.0
0.13521548611139386	0.7519193523440413	0.03317981032062333	58.0	0.0	0.0	1.0
0.9103823096994675	0.750862477720066	0.03144034353296985	35.0	0.0	0.0	1.0
0.5982993460267627	0.6809302153483383	0.03239634405294414	15.0	0.0	0.0	1.0
0.15036660191948856	0.8705136588817627	0.03241719522743498	66.0	0.0	0.0	1.0
0.38416122216045784	0.6492397512858917	0.031373436168710536	38.0	0.0	0.0	1.0
0.9307285771632543	0.021269560007471253	0.022219563369800615	62.0	0.0	0.0	1.0
0.80614696169411	0.31437926295006546	0.033397254713948124	53.0	0.0	0.0	1.0
0.4551315646935755	0.20019108873918137	0.031131132427123627	64.0	0.0	0.0	1.0
0.7143611490731034	0.6441030075622219	0.033180036018609735	52.0	0.0	0.0	1.0
0.23387302210144892	0.17864365518076852	0.0302498829741465	29.0	0.0	0.0	1.0
0.643742373561309	0.8335267271369398	0.035596787087182134	40.0	0.0	0.001360311053090868	1.0
0.4179537944186597	0.8997245504896242	0.033772737846984605	26.0	0.0	0.0	1.0
0.14785386040156603	0.35391847144216965	0.032482321674398254	30.0	0.0	0.0	1.0
0.7592951668224207	0.8294141911537286	0.032435413393538545	54.0	0.0	0.0	1.0
0.1498089033643824	0.22354575637714383	0.03383623298102101	51.0	0.0	0.0	1.0
0.1267242758918108	0.6601262139184667	0.03244795754622281	33.0	0.0	0.0	1.0
0.49846612271751967	0.1117162548748085	0.03284931524616909	42.0	0.0	0.0	1.0
0.9376289444988407	0.9518644199123354	0.030235185112983884	65.0	0.0	0.0	1.0
0.5599554871813198	0.18408827861064264	0.02968144027498217	2.0	0.0	0.0	2.0
0.2264552401061714	0.6051157651117572	0.033591175560250604	24.0	0.0	0.0	2.0
0.44472841443774713	0.27552135804294253	0.030033301052823133	9.0	0.0	0.0	2.0
0.23326775595124621	0.35881680782720293	0.032067560455624325	37.0	0.0	0.0	2.0
0.4975294855767262	0.9362140459803391	0.030668054049407208	23.0	0.0	0.0	2.0
0.9623764773185914	0.8487017516121668	0.03200692598673554	3.0	0.0	0.0	2.0
0.24155769729057344	0.18546796341675287	0.030280132857120643	29.0	0.0	0.0	2.0
0.7794843455845827	0.6173753019157353	0.031527564144772986	12.0	0.0	0.0	2.0
0.6617326139367108	0.24880589012866472	0.03155957107794299	6.0	0.0	0.0	2.0
0.9212230191358755	0.6674486645414339	0.03439333100968604	1.0	0.0	0.0	2.0
0.21253273260763805	0.28774827308422707	0.03246432214467666	49.0	0.0	0.0	2.0
0.41403821047406364	0.901677900242117	0.033806510584831584	26.0	0.0	0.0	2.0
0.3839785873161463	0.6434398470375813	0.03140480960487924	38.0	0.0	0.0	2.0
0.45609936235634596	0.20081972827751027	0.03116226355955075	64.0	0.0	0.0	2.0
0.8279984221992952	0.04243117600351218	0.029446419432145925	31.0	0.0	0.0	2.0
0.6043371931971925	0.6063459821329256	0.029473321593227495	45.0	0.0	0.0	2.0
0.8218965283200146	0.5573517034025873	0.03178660541738227	5.0	0.0	0.0	2.0
0.1795575065518514	0.12976650908470025	0.03402439849440291	28.0	0.0	0.0	2.0
0.581357132787791	0.9350130494395853	0.033910354446831846	19.0	0.0	0.0	2.0
0.5971337694228477	0.6771067879238503	0.032428740396997086	15.0	0.0	0.0	2.0
0.5578081111261933	0.5109028307320808	0.033248623441493146	59.0	0.0	0.0	2.0
0.577150729865904	0.7970042003571767	0.03088542398075501	8.0	0.0	0.0	2.0
0.9596711011477427	0.09608019797068706	0.032155012698829824	43.0	0.0	0.0	2.0
0.1454762930050547	0.3532343744378012	0.03251480399607265	30.0	0.0	0.0	2.0
0.8436126466512548	0.2154008606845281	0.033455676427329356	47.0	0.0	0.0	2.0
0.334289331345235	0.8950359768540926	0.02978899920525634	25.0	0.0	0.0	2.0
0.9425334615572716	0.9547097842664944	0.030265420298096864	65.0	0.0	0.0	2.0
0.8592370255541742	0.4311483058901632	0.029376991572254253	11.0	0.0	0.0	2.0
0.5040405224354229	0.7999877639098623	0.03471229432605536	44.0	0.0	0.0	2.0
0.5768402274214922	0.10309127481806064	0.03376037715184822	22.0	0.0	0.0	2.0
0.4127258178661252	0.8208315407071448	0.033192403092622655	39.0	0.0	0.0	2.0
0.3032110091906343	0.3720392195211779	0.033392578762449165	27.0	0.0	0.0	2.0
0.6447526257775623	0.832593007023384	0.03563238387426931	40.0	0.0	0.0016185358927316429	2.0
0.10653971587235588	0.10840095497464645	0.032762081279086766	16.0	0.0	0.0	2.0
0.9298623517197206	0.023929827793939054	0.022241782933170414	62.0	0.0	0.0	2.0
0.5171075713316068	0.6512861311883753	0.033443454040038297	18.0	0.0	0.0	2.0
0.44620940502231105	0.7331487179483493	0.0321780636235557	13.0	0.0	0.0	2.0
0.6965518376989633	0.787224818389385	0.03127527789821602	41.0	0.0	0.0	2.0
0.8559103887265925	0.10498707784559454	0.03262022431853813	50.0	0.0	0.0	2.0
0.32942046501699723	0.542394989387626	0.03463737418710201	21.0	0.0	0.0	2.0
0.7783812463433679	0.8944370929997385	0.03296640146796585	10.0	0.0	0.0	2.0
0.742835688382032	0.4949188470925933	0.034928944777327706	7.0	0.0	0.0	2.0
0.5415329999681073	0.8767222072717689	0.034206358735161604	55.0	0.0	0.0	2.0
0.5024118334356169	0.11338345999257401	0.03288216456141525	42.0	0.0	0.0	2.0
0.2572459541158718	0.5026980979341401	0.03354484724689113	17.0	0.0	0.0	2.0
0.9885473828928004	0.6959890799318721	0.03174541832416257	60.0	0.0	0.0	2.0
0.6719830742298544	0.036965867816564815	0.03439720768811748	4.0	0.0	0.0	2.0
0.7630657007184277	0.8261013924104731	0.03246784880693208	54.0	0.0	0.0	2.0
0.5190672381867436	0.26070200546228167	0.030925660844428608	63.0	0.0	0.0	2.0
0.14750977957576986	0.8666434092167219	0.032449612422662415	66.0	0.0	0.0	2.0
0.1406859165933035	0.7475809250736277	0.03321299013094395	58.0	0.0	0.0	2.0
0.6532019014277808	0.5043298143552395	0.030315073829413883	36.0	0.0	0.0	2.0
0.7156812683212361	0.6441653877510743	0.03321321605462834	52.0	0.0	0.0	2.0
0.12686787654560952	0.6603084589612277	0.03248040550376903	33.0	0.0	0.0	2.0
0.9113934608095455	0.7510923097560915	0.03147178387650282	35.0	0.0	0.0	2.0
0.806091383195039	0.3143854112699024	0.033430651968662066	53.0	0.0	0.0	2.0
0.6297904906073979	0.7548795785666279	0.03147533939579291	32.0	0.0	0.0	2.0
0.05582916218109392	0.7139683815879814	0.035373562694700274	48.0	0.0	0.0003336341307829116	2.0
0.5556682313482018	0.03387121937110868	0.03387121937110868	61.0	0.0	0.0	2.0
0.7093436627874335	0.8837471153420552	0.033602976362454594	57.0	0.0	0.0	2.0
0.7060061187073495	0.9705519751868167	0.03452023786110729	46.0	0.0	0.0	2.0
0.6959471985027182	0.7200511547102382	0.03165358231001644	20.0	0.0	0.0	2.0
0.5852260974538305	0.43489546130772044	0.03327344751130059	14.0	0.0	0.0	2.0
0.15149461707088976	0.22446779190643118	0.03387006921400203	51.0	0.0	0.0	2.0
0.07074859169297495	0.7944685029036986	0.033439109436897894	56.0	0.0	0.0	2.0
0.3729130390176579	0.9645928457129863	0.03167419032367966	34.0	0.0	0.0	2.0
0.4976473598722192	0.9361579973228102	0.030698722103456613	23.0	0.0	0.0	3.0
0.8094650689753761	0.31484488026801766	0.033464082620630727	53.0	0.0	0.0	3.0
0.9421309728355008	0.9551592532055077	0.030295685718394957	65.0	0.0	0.0	3.0
0.6049714292273041	0.6065770764224732	0.029502794914820718	45.0	0.0	0.0	3.0
0.14707399169297003	0.8644389586950946	0.03248206203508507	66.0	0.0	0.0	3.0
0.4440670872570805	0.733495636195872	0.03221024168717925	13.0	0.0	0.0	3.0
0.06706390601135317	0.7964839169681371	0.03347254854633479	56.0	0.0	0.0	3.0
0.7760004492991008	0.615718726078278	0.031559091708917755	12.0	0.0	0.0	3.0
0.23220052229785113	0.35969653601344415	0.03209962801607995	37.0	0.0	0.0	3.0
0.6701812913722416	0.034459476249565954	0.034431604895805594	4.0	0.0	0.0	3.0
0.63077743038548	0.7519121737024291	0.0315068147351887	32.0	0.0	0.0	3.0
0.4096237819922129	0.8258456485057233	0.03322559549571527	39.0	0.0	0.0	3.0
0.5774677877704377	0.7946200747819039	0.03091630940473576	8.0	0.0	0.0	3.0
0.5523395704520714	0.5096235857511815	0.03328187206493464	59.0	0.0	0.0	3.0
0.8587301366714983	0.43104975827323116	0.029406368563826505	11.0	0.0	0.0	3.0
0.7120597784769689	0.6443822472712819	0.03324642927068296	52.0	0.0	0.0	3.0
0.8223891932980351	0.5572877629514082	0.03181839202279965	5.0	0.0	0.0	3.0
0.0567738908560583	0.713138341054344	0.03540893625739497	48.0	0.0	0.0004376700493082808	3.0
0.14473537717462637	0.7445323234859809	0.03324620312107489	58.0	0.0	0.0	3.0
0.6917151229332009	0.7161396818940722	0.031685235892326455	20.0	0.0	0.0	3.0
0.7439342963701786	0.49053478793752553	0.03496387372210503	7.0	0.0	0.0	3.0
0.497517334772691	0.11255920931247868	0.032915046725976664	42.0	0.0	0.0	3.0
0.6447914737402605	0.8305364250733462	0.03566801625814358	40.0	0.0	0.0019078361398499055	3.0
0.6529122655618044	0.5046789382822781	0.030345388903243294	36.0	0.0	0.0	3.0
0.5901647018158622	0.43907192661498207	0.03330672095881189	14.0	0.0	0.0	3.0
0.10679673762782278	0.11065926387013149	0.03279484336036585	16.0	0.0	0.0	3.0
0.9618243222238021	0.8484392045345259	0.03203893291272227	3.0	0.0	0.0	3.0
0.12822108126851886	0.6601154782518613	0.032512885909272794	33.0	0.0	0.0	3.0
0.9137074920894719	0.752283320643232	0.031503255660379315	35.0	0.0	0.0	3.0
0.9608628952613435	0.09518296601746613	0.03218716771152865	43.0	0.0	0.0	3.0
0.334911349455964	0.8963548140726257	0.03727348525557699	25.0	0.0	0.0	3.0
0.6551484522169848	0.24536447728866775	0.03159113064902093	6.0	0.0	0.0	3.0
0.15107617008703672	0.22431830130664465	0.03390393928321603	51.0	0.0	0.0	3.0
0.5164518803314491	0.2627494749111124	0.030956586505273033	63.0	0.0	0.0	3.0
0.9845158901468167	0.6940721246253345	0.03177716374248673	60.0	0.0	0.0	3.0
0.8420948031387303	0.21298160555639561	0.03348913210375668	47.0	0.0	0.0	3.0
0.5594553754585341	0.18198033184871976	0.02971112171525715	2.0	0.0	0.0	3.0
0.7638790037226707	0.8254891042352508	0.032500316655739006	54.0	0.0	0.0	3.0
0.7787284027391135	0.8944272550810624	0.03299936786943382	10.0	0.0	0.0	3.0
0.917570423946273	0.6617865149762449	0.03442772434069573	1.0	0.0	0.0	3.0
0.8263369068224333	0.0413667411117134	0.02947586585157807	31.0	0.0	0.0	3.0
0.541887764666142	0.8686774723181744	0.03424056509389676	55.0	0.0	0.0	3.0
0.7038499966021252	0.8813025588734006	0.033636579338817044	57.0	0.0	0.0	3.0
0.9293840936781567	0.024536789913747945	0.022264024716103583	62.0	0.0	0.0	3.0
0.24206682496770038	0.18504287441120298	0.03031041298997776	29.0	0.0	0.0	3.0
0.5169698233281897	0.6515087860403003	0.03347689749407833	18.0	0.0	0.0	3.0
0.8605110116535043	0.10300892146898308	0.03265284454285666	50.0	0.0	0.0	3.0
0.21557851742303713	0.2880852102004244	0.04062098308352667	49.0	0.0	0.0	3.0
0.597984100733398	0.6780095613608721	0.03246116913739408	15.0	0.0	0.0	3.0
0.4468952013819305	0.2719691889579969	0.030063334353875953	9.0	0.0	0.0	3.0
0.575223094582428	0.9367362544156406	0.03394426480127868	19.0	0.0	0.0	3.0
0.37357390261902845	0.9636486832918887	0.03170586451400333	34.0	0.0	0.0	3.0
0.5020290464015793	0.7996750164672457	0.03474700662038141	44.0	0.0	0.0	3.0
0.6980326425311052	0.787661003167173	0.031306553176114235	41.0	0.0	0.0	3.0
0.3853646039025982	0.6446422268300921	0.03143621441448412	38.0	0.0	0.0	3.0
0.32780732757099246	0.5420602361760829	0.03467201156128911	21.0	0.0	0.0	3.0
0.2578934069772753	0.5006663425963797	0.033578392094138015	17.0	0.0	0.0	3.0
0.5764332169515862	0.11055283618462891	0.03379413752900007	22.0	0.0	0.0	3.0
0.5517303669713207	0.03390509059047978	0.03390509059047978	61.0	0.0	0.0	3.0
0.4594127010330018	0.20139918076818672	0.031193425823110296	64.0	0.0	0.0	3.0
0.7071630846585831	0.968355322479178	0.034554758098968394	46.0	0.0	0.0	3.0
0.22692454217523192	0.5993945464522675	0.03362476673581085	24.0	0.0	0.0	3.0
0.14414636816963103	0.35147935874619485	0.03254731880006872	30.0	0.0	0.0	3.0
0.30379126529660777	0.3741822620586963	0.03342597134121161	27.0	0.0	0.0	3.0
0.4122204310964751	0.9018789903973607	0.03384031709541641	26.0	0.0	0.0	3.0
0.1772212218169678	0.1268396018076384	0.03405842289289731	28.0	0.0	0.0	3.0
0.6528042638564158	0.24308577880267393	0.031622721779669946	6.0	0.0	0.0	4.0
0.5699441339667847	0.7917166058232227	0.030947225714140495	8.0	0.0	0.0	4.0
0.49472075840959256	0.1099744888265353	0.0411849522158783	42.0	0.0	0.0	4.0
0.8227541831561963	0.5568953423063497	0.03185021041482245	5.0	0.0	0.0	4.0
0.9560492924459884	0.8495997455362797	0.03207097184563499	3.0	0.0	0.0	4.0
0.14979544929224006	0.22929597005285224	0.033937843222499244	51.0	0.0	0.0	4.0
0.14707399169297003	0.8655682014691347	0.03251454409712015	66.0	0.0	0.0	4.0
0.9857223575228722	0.6932556478473514	0.03180894090622921	60.0	0.0	0.0	4.0
0.8440619982497818	0.2075293611766545	0.03352262123586044	47.0	0.0	0.0	4.0
0.5915082212331936	0.4418299765354056	0.0333400276797707	14.0	0.0	0.0	4.0
0.6765768106417398	0.03755003207663877	0.034466036500701396	4.0	0.0	0.0	4.0
0.06634098653895958	0.7941125326016681	0.03350602109488112	56.0	0.0	0.0	4.0
0.7473320833267025	0.49069534509350077	0.03499883759582713	7.0	0.0	0.0	4.0
0.17826045633860227	0.12615521829874168	0.0340924813157902	28.0	0.0	0.0	4.0
0.4435971117366295	0.27110953428940754	0.030093397688229825	9.0	0.0	0.0	4.0
0.9195093046521521	0.6644481012315635	0.034462152065036424	1.0	0.0	0.0	4.0
0.14356881659272513	0.3493983296854906	0.03257986611886878	30.0	0.0	0.0	4.0
0.3814669744323931	0.9634250048588917	0.039671962973146666	34.0	0.0	0.0	4.0
0.9297933707484548	0.02232009191971792	0.022286288740819685	62.0	0.0	0.0	4.0
0.687673093366358	0.7132532226925488	0.03171692112821878	20.0	0.0	0.0	4.0
0.9166747980730073	0.7538581376032587	0.03153475891603969	35.0	0.0	0.0	4.0
0.9440660231458895	0.9590077790500426	0.03032598140411335	65.0	0.0	0.0	4.0
0.777613553193808	0.6171909062087129	0.03159065080062667	12.0	0.0	0.0	4.0
0.6047738323146477	0.6071357248284641	0.029532297709735537	45.0	0.0	0.0	4.0
0.23366791254434316	0.36280777801396724	0.032131727644096025	37.0	0.0	0.0	4.0
0.5013368688793375	0.7985717709702996	0.03478175362700179	44.0	0.0	0.0	4.0
0.4608788012452461	0.20169380598648878	0.031224619248933404	64.0	0.0	0.0	4.0
0.05496208760915577	0.715161625780195	0.03544434519365236	48.0	0.0	0.0005614892355083612	4.0
0.32727830285082965	0.5424743905718252	0.04338335446606299	21.0	0.0	0.0	4.0
0.7822957138045223	0.8938726039721488	0.033032367237303246	10.0	0.0	0.0	4.0
0.44474520353163155	0.7292228840925683	0.03224245192886643	13.0	0.0	0.0	4.0
0.5126991193953164	0.2664436294893846	0.030987543091778303	63.0	0.0	0.0	4.0
0.6534317751824551	0.505118275744521	0.030375734292146534	36.0	0.0	0.0	4.0
0.1446544502174821	0.7456014651685171	0.03327944932419596	58.0	0.0	0.0	4.0
0.4127430599433669	0.9019368057281165	0.033874157412511825	26.0	0.0	0.0	4.0
0.3038349734065301	0.37429659147653443	0.03345939731255282	27.0	0.0	0.0	4.0
0.7068312583385331	0.7820348693959258	0.031337859729290346	41.0	0.0	0.0	4.0
0.24293407950002627	0.18523999912671804	0.030340723402967736	29.0	0.0	0.0	4.0
0.12902102797193687	0.6576051858715477	0.03254539879518206	33.0	0.0	0.0	4.0
0.5980652563747009	0.676839572777859	0.03249363030653147	15.0	0.0	0.0	4.0
0.537842935492669	0.8730815674494751	0.03427480565899065	55.0	0.0	0.0	4.0
0.71258149693657	0.6450984329948335	0.033279675699953645	52.0	0.0	0.0	4.0
0.9576776852130774	0.09097965056168068	0.03221935487924018	43.0	0.0	0.0	4.0
0.49955230825700064	0.9359351156574782	0.030729420825560065	23.0	0.0	0.0	4.0
0.22778589835579788	0.6024240305096348	0.03365839150254666	24.0	0.0	0.0	4.0
0.5580081140904213	0.1796735759429468	0.029740832836972403	2.0	0.0	0.0	4.0
0.10647982964791751	0.10915592287643922	0.032827638203726216	16.0	0.0	0.0	4.0
0.8604050663788163	0.1035276621031772	0.032685497387399516	50.0	0.0	0.0	4.0
0.5476253596468634	0.03277972615567074	0.033938995681070255	61.0	0.0	0.0	4.0
0.5533772717699152	0.5090302618435425	0.03331515393699957	59.0	0.0	0.0	4.0
0.6278720785957247	0.7497816863110098	0.03942290193740486	32.0	0.0	0.0	4.0
0.7043875652240292	0.9643899941668046	0.03458931285706736	46.0	0.0	0.0	4.0
0.3853646039025982	0.6451941275019485	0.0314676506288986	38.0	0.0	0.0	4.0
0.33490044576371325	0.896787698980793	0.03578254584535391	25.0	0.0	0.0	4.0
0.5141631409718546	0.6506628124174675	0.03351037439157241	18.0	0.0	0.0	4.0
0.41072503370172253	0.827730169547253	0.033258821091210984	39.0	0.0	0.0	4.0
0.7086775568963468	0.8828576984813379	0.03367021591815586	57.0	0.0	0.0	4.0
0.859838978553549	0.42544063704300267	0.02943577493239033	11.0	0.0	0.0	4.0
0.826536694141545	0.04214323751769903	0.029505341717429644	31.0	0.0	0.0	4.0
0.8131057458245549	0.3176950350209012	0.033497546703251356	53.0	0.0	0.0	4.0
0.576136438134624	0.9363705057229396	0.03397820906607995	19.0	0.0	0.0	4.0
0.7644937191194628	0.8235600815015669	0.03253281697239474	54.0	0.0	0.0	4.0
0.576473136581259	0.11372301842082366	0.04228491458316133	22.0	0.0	0.0	4.0
0.22531134235781497	0.2875638690410633	0.038996143760185606	49.0	0.0	0.0	4.0
0.6371621175447051	0.8349236150400494	0.035703684274401716	40.0	0.0	0.002230044406559273	4.0
0.2568478796949732	0.5008087350431515	0.04201496310779019	17.0	0.0	0.0	4.0
0.2244255401726454	0.28912448439741967	0.037371304436844534	49.0	0.0	0.0	5.0
0.6283298029378566	0.751249949478448	0.037845985859908664	32.0	0.0	0.0	5.0
0.1289304012678367	0.65788350983826	0.03257794419397724	33.0	0.0	0.0	5.0
0.6548759842388459	0.5034849161215944	0.030406110026438678	36.0	0.0	0.0	5.0
0.8193996565683206	0.5534660714630361	0.03188206062523727	5.0	0.0	0.0	5.0
0.1433564394605515	0.35092184226880974	0.032612445984987644	30.0	0.0	0.0	5.0
0.5558875595389757	0.5083759495499849	0.03334846909093656	59.0	0.0	0.0	5.0
0.372908232204353	0.9708397044656698	0.0380850844542208	34.0	0.0	0.0	5.0
0.7825085679449719	0.8931743810022665	0.033065399604540545	10.0	0.0	0.0	5.0
0.10795803453583146	0.1092818633288727	0.03286046584192994	16.0	0.0	0.0	5.0
0.42750567368428805	0.9089910137092441	0.033908031569924335	26.0	0.0	0.0	5.0
0.7769380479536216	0.6173355267653438	0.03162224145142729	12.0	0.0	0.0	5.0
0.23923790876248027	0.18541465594576312	0.0303710641263707	29.0	0.0	0.0	5.0
0.5710125802747894	0.7907038593901241	0.030978172939854633	8.0	0.0	0.0	5.0
0.8139168111373799	0.3194723661570337	0.0335310442499546	53.0	0.0	0.0	5.0
0.91930943900947	0.7558677166853107	0.031566293674955725	35.0	0.0	0.0	5.0
0.957462777132281	0.09286792974525611	0.032251574234119416	43.0	0.0	0.0	5.0
0.7630374303994323	0.8185580835018774	0.032565349789367135	54.0	0.0	0.0	5.0
0.865078297330429	0.10682064231301994	0.03271818288478691	50.0	0.0	0.0	5.0
0.510289954716719	0.26613095640851503	0.03101853063487008	63.0	0.0	0.0	5.0
0.9308926274862319	0.02481154368215158	0.0223085750295605	62.0	0.0	0.0	5.0
0.3344569319153213	0.8967863028440693	0.03429160643513083	25.0	0.0	0.0	5.0
0.7115263542290116	0.645055229745513	0.0333129553756536	52.0	0.0	0.0	5.0
0.3856493989292407	0.646301016145401	0.0314991182795275	38.0	0.0	0.0	5.0
0.5033121070907387	0.7990207375147035	0.03481653538062879	44.0	0.0	0.0	5.0
0.4893304365850289	0.11098728051998166	0.03953755412724316	42.0	0.0	0.0	5.0
0.15157975987752612	0.8638942432583226	0.03254705864121727	66.0	0.0	0.0	5.0
0.9577137356408805	0.8467921881934183	0.03210304281748062	3.0	0.0	0.0	5.0
0.5123939317240036	0.6492230514772018	0.033543884765963976	18.0	0.0	0.0	5.0
0.5757616973050481	0.9351412477230249	0.03401218727514602	19.0	0.0	0.0	5.0
0.9858001499587804	0.6923072873664858	0.03184074984713544	60.0	0.0	0.0	5.0
0.7062965380636217	0.9652830095191083	0.03462390216992442	46.0	0.0	0.0	5.0
0.5999355242336194	0.676035402918719	0.032526123936838	15.0	0.0	0.0	5.0
0.6711393792493615	0.043938811251808686	0.03450050253720209	4.0	0.0	0.0	5.0
0.7442579195193065	0.4895532486659903	0.03503383643342295	7.0	0.0	2.4793264685740724e-07	5.0
0.30268249062293207	0.3729931660226383	0.03349285670986537	27.0	0.0	0.0	5.0
0.2229134501249757	0.6034671847790265	0.033692049894049204	24.0	0.0	0.0	5.0
0.05029357055347858	0.7096058012943368	0.03547978953884601	48.0	0.0	0.0007068581953575404	5.0
0.5027853523237088	0.935092415268888	0.03076015024638562	23.0	0.0	0.0	5.0
0.6902768079737645	0.715344984181035	0.031748638049346994	20.0	0.0	0.0	5.0
0.6543898561748962	0.2419534893273356	0.03165434450144961	6.0	0.0	0.0	5.0
0.9170987262144005	0.6661467091480094	0.03449661421710146	1.0	0.0	0.0	5.0
0.5995616170488088	0.6075797963872361	0.029561830007445267	45.0	0.0	0.0	5.0
0.46073478255374434	0.20397832723007292	0.03125584386818234	64.0	0.0	0.0	5.0
0.7079242521920783	0.7801912240683831	0.03136919758901963	41.0	0.0	0.0	5.0
0.22775315257883008	0.3626401621260187	0.03216385937174012	37.0	0.0	0.0	5.0
0.8606477680345336	0.42553010862811136	0.029465210707322716	11.0	0.0	0.0	5.0
0.9364590187871592	0.9686619052532768	0.030356307385517457	65.0	0.0	0.0	5.0
0.8255118640214852	0.04543063165355917	0.029534847059147072	31.0	0.0	0.0	5.0
0.32714213060896374	0.5420815530209931	0.04164802028742047	21.0	0.0	0.0	5.0
0.25709287414381155	0.4989664925917788	0.040334364583478576	17.0	0.0	0.0	5.0
0.7098772350171123	0.8850347074466757	0.03370388613407401	57.0	0.0	0.0	5.0
0.06853281169797025	0.7950713593408077	0.033539527115976	56.0	0.0	0.0	5.0
0.8438422841837435	0.20570135960095962	0.03355614385709629	47.0	0.0	0.0	5.0
0.4496889838534894	0.7248792686553683	0.03227469438079529	13.0	0.0	0.0	5.0
0.5359044498203639	0.8726022796411647	0.03430908046464964	55.0	0.0	0.0	5.0
0.5963426356233497	0.43561447277612503	0.03337336770745047	14.0	0.0	0.0	5.0
0.5468993431377772	0.032600219612801476	0.033972934676751325	61.0	0.0	0.0	5.0
0.15070682017802514	0.22821138224422774	0.03397178106572174	51.0	0.0	0.0	5.0
0.6353041329368052	0.8275092192609146	0.035739387958676115	40.0	0.0	0.002587003967249757	5.0
0.5750885200730264	0.1143287270130851	0.04059351799983488	22.0	0.0	0.0	5.0
0.56308849038174	0.18455019106029175	0.029770573669809373	2.0	0.0	0.0	5.0
0.40950498379903194	0.8277109650565174	0.033292079912302194	39.0	0.0	0.0	5.0
0.4452195111701429	0.27234702358792995	0.030123491085918053	9.0	0.0	0.0	5.0
0.1777525642964693	0.12616641162282655	0.034126573797105986	28.0	0.0	0.0	5.0
0.14656715110923316	0.7421816743650387	0.03331272877352015	58.0	0.0	0.0	5.0
0.38601814977727517	0.6465608554851454	0.03153061739780702	38.0	0.0	0.0	6.0
0.6076833204458456	0.6747306469596378	0.03255865006077483	15.0	0.0	0.0	6.0
0.5751935284897721	0.11438277389165172	0.03890212141650842	22.0	0.0	0.0	6.0
0.6713821148799475	0.04310507332474507	0.03453500303973929	4.0	0.0	0.0	6.0
0.15101800748881242	0.22887117880050561	0.03400575284678746	51.0	0.0	0.0	6.0
0.572137449875522	0.7883572550623833	0.031009151112794484	8.0	0.0	0.0	6.0
0.5750768561330013	0.9350259180762742	0.03404619946242116	19.0	0.0	0.0	6.0
0.3311086464695308	0.8954454809576683	0.032800667024907755	25.0	0.0	0.0	6.0
0.3028714082321387	0.3724695652027478	0.03352634956657523	27.0	0.0	0.0	6.0
0.146963676121886	0.741327035191239	0.033346041502293665	58.0	0.0	0.0	6.0
0.4616845599127792	0.20666354938530784	0.031287099712050515	64.0	0.0	0.0	6.0
0.7041142455123626	0.966270586174894	0.03465852607209434	46.0	0.0	0.0	6.0
0.8242948992703714	0.03626250005814654	0.029564381906206215	31.0	0.0	0.0	6.0
0.5977224459694511	0.4390917981711686	0.03340674107515791	14.0	0.0	0.0	6.0
0.6347448751424066	0.8277538698550265	0.03577512734663479	40.0	0.0	0.002980568802712469	6.0
0.4577118291965686	0.7302353974230662	0.032306969075176085	13.0	0.0	0.0	6.0
0.26045261954026844	0.5037027387643283	0.03865376605916697	17.0	0.0	0.0	6.0
0.5367339244032824	0.8732686595060283	0.03434338954511428	55.0	0.0	0.0	6.0
0.10885827571324888	0.11193274596448717	0.032893326307771864	16.0	0.0	0.0	6.0
0.9576008267730844	0.8467960994264551	0.0321351458602981	3.0	0.0	0.0	6.0
0.9207776807468048	0.663981285577584	0.03453111083131855	1.0	0.0	0.0	6.0
0.06789102666278884	0.7949715735988524	0.033573066643091974	56.0	0.0	0.0	6.0
0.5665744967938622	0.18255700582391518	0.029800344243479177	2.0	0.0	0.0	6.0
0.9203983234003507	0.7550041565411235	0.031597859968630675	35.0	0.0	0.0	6.0
0.8176255365275839	0.5515586175564963	0.0319139426858625	5.0	0.0	0.0	6.0
0.6911253668606127	0.7110525149441073	0.031780386687396335	20.0	0.0	0.0	6.0
0.8611495681928046	0.42561786583614464	0.029494675918030035	11.0	0.0	0.0	6.0
0.23319833355946368	0.2823452263873886	0.035746465113503476	49.0	0.0	0.0	6.0
0.5036797269549154	0.799246572761564	0.03485135191600941	44.0	0.0	0.0	6.0
0.9586085093204096	0.09353262832590636	0.03228382580835353	43.0	0.0	0.0	6.0
0.40661022066382774	0.8252940232210422	0.03332537199221449	39.0	0.0	0.0	6.0
0.9322756546297492	0.027248175059412755	0.022330883604590058	62.0	0.0	0.0	6.0
0.5053123911640213	0.9346995073140314	0.030790910396632003	23.0	0.0	0.0	6.0
0.48930977289736155	0.11076912133830212	0.03789015603860803	42.0	0.0	0.0	6.0
0.8439425011873141	0.204479623263905	0.03358970000095338	47.0	0.0	0.0	6.0
0.14719868894656912	0.3498685114025124	0.03264505843097263	30.0	0.0	0.0	6.0
0.9350770232317164	0.9707749125127814	0.030386663692902972	65.0	0.0	0.0	6.0
0.7052419768209099	0.7775173789390539	0.03140056678660865	41.0	0.0	0.0	6.0
0.04725096750575415	0.7156570839927576	0.03551526932838485	48.0	0.0	0.0008755538237039673	6.0
0.7109021308153347	0.886069328008756	0.03373759002020808	57.0	0.0	0.0	6.0
0.32954916202842055	0.5441171247088443	0.03991268610877795	21.0	0.0	0.0	6.0
0.5116438901251902	0.6487154608368692	0.033577428650729935	18.0	0.0	0.0	6.0
0.656248261952791	0.24101173668741832	0.03168599884595106	6.0	0.0	0.0	6.0
0.859190500919761	0.1114050890220286	0.032750901067671694	50.0	0.0	0.0	6.0
0.22358513913678757	0.6023341900195665	0.03372574194394325	24.0	0.0	0.0	6.0
0.979779030473324	0.6972705383914433	0.031872590596982574	60.0	0.0	0.0	6.0
0.5483045481881476	0.03405494468642224	0.03400690761142807	61.0	0.0	0.0	6.0
0.7111986778324716	0.6447285832176053	0.033346268331029244	52.0	0.0	0.0	6.0
0.5113994081877588	0.26474102846460384	0.031049549165504946	63.0	0.0	0.0	6.0
0.8151832794004363	0.31854366806422835	0.033564575294204556	53.0	0.0	0.0	6.0
0.6320254568080639	0.7539243491363739	0.03626906978241246	32.0	0.0	0.0	6.0
0.24218225660086223	0.18373117348806806	0.030401435190497067	29.0	0.0	0.0	6.0
0.7834935400997424	0.8902128921373166	0.03309846500414508	10.0	0.0	0.0	6.0
0.7435334551076302	0.49010583574047434	0.03506887026985637	7.0	0.0	2.090621094907874e-06	6.0
0.7680566054194016	0.8164744439715862	0.0325979151391565	54.0	0.0	0.0	6.0
0.15180830810131152	0.8637855696830516	0.03257960569985848	66.0	0.0	0.0	6.0
0.42750567368428805	0.9101920376785777	0.033941939601494255	26.0	0.0	0.0	6.0
0.5566710066790846	0.5076876113006169	0.0333818175600275	59.0	0.0	0.0	6.0
0.7779165394939359	0.6169293198398346	0.03165386369287871	12.0	0.0	0.0	6.0
0.4430662215688055	0.27592757813624474	0.030153614577003968	9.0	0.0	0.0	6.0
0.22899505180616975	0.3613705913835949	0.032196023231111856	37.0	0.0	0.0	6.0
0.1740687869064415	0.12961437880288695	0.03416070037090309	28.0	0.0	0.0	6.0
0.3722247825394739	0.971271505825287	0.03649820593529493	34.0	0.0	0.0	6.0
0.13067878184338852	0.6588686233219861	0.032610522138171213	33.0	0.0	0.0	6.0
0.6523549883944129	0.5019580021451908	0.030436516136465114	36.0	0.0	0.0	6.0
0.6025388756448814	0.606299647335639	0.02959139183745271	45.0	0.0	0.0	6.0
0.9813927662921645	0.6991666178174909	0.03190446318757955	60.0	0.0	0.0	7.0
0.7048260817723064	0.7762122692772994	0.031431967353395256	41.0	0.0	0.0	7.0
0.4426289543722547	0.2802537639474163	0.03018376819158097	9.0	0.0	0.0	7.0
0.2218762766036664	0.5985261715190542	0.03375946768588719	24.0	0.0	0.0	7.0
0.862277021051072	0.42893780418092103	0.029524170593948063	11.0	0.0	0.0	7.0
0.15480538445268027	0.7396997485305646	0.033379387543795956	58.0	0.0	0.0	7.0
0.32847246314526635	0.5425368798303672	0.03817735193013544	21.0	0.0	0.0	7.0
0.5354161498506196	0.8696163380569977	0.03437773293465939	55.0	0.0	0.0	7.0
0.9583737765582243	0.0943203658719913	0.032316109634161885	43.0	0.0	0.0	7.0
0.8596984229936365	0.1066775392943877	0.032783651968739363	50.0	0.0	0.0	7.0
0.6343541536808381	0.7550137109204278	0.034692153704916275	32.0	0.0	0.0	7.0
0.5747720046481325	0.9354920218911972	0.03408024566188358	19.0	0.0	0.0	7.0
0.5762948872475195	0.11412513520027562	0.037210724833181975	22.0	0.0	0.0	7.0
0.9575603419861144	0.8468156632005609	0.03216728100615839	3.0	0.0	0.0	7.0
0.5493380642502491	0.032407647707112415	0.0340409145190395	61.0	0.0	0.0	7.0
0.6711006246724822	0.044577674266901963	0.03456953804277903	4.0	0.0	0.0	7.0
0.25801092884198773	0.5022655656372415	0.03697316753485537	17.0	0.0	0.0	7.0
0.1503659213667423	0.22713275103946282	0.03403975859963424	51.0	0.0	0.0	7.0
0.3989049238927132	0.8239964243163709	0.0333586973642067	39.0	0.0	0.0	7.0
0.5987103127140017	0.6074273860051828	0.02962098322929016	45.0	0.0	0.0	7.0
0.9185773666824962	0.7549066165470525	0.0316294578285993	35.0	0.0	0.0	7.0
0.8232681222215432	0.031068507085368582	0.02959394628811242	31.0	0.0	0.0	7.0
0.17536078886868145	0.1310571887991924	0.03419486107127399	28.0	0.0	0.0	7.0
0.690047545062834	0.7131961414029571	0.03181216707408373	20.0	0.0	0.0	7.0
0.9357876392617498	0.9674039080683889	0.030417050356595872	65.0	0.0	0.0	7.0
0.30812252920056915	0.3735248223050479	0.0335598759161418	27.0	0.0	0.0	7.0
0.22884664406255464	0.3610398805029055	0.032228219254342966	37.0	0.0	0.0	7.0
0.7815742921014339	0.6137156109658496	0.031685517556571584	12.0	0.0	0.0	7.0
0.7064149292208821	0.9683702778644441	0.03469318459816643	46.0	0.0	0.0	7.0
0.781685588184999	0.8951266554765254	0.03313156346914922	10.0	0.0	0.0	7.0
0.49508144772274343	0.8045696749698777	0.034886203267925416	44.0	0.0	0.0	7.0
0.5946075530403725	0.43761068164537503	0.033440147816233064	14.0	0.0	0.0	7.0
0.5116716271486693	0.6443098636211574	0.03361100607938066	18.0	0.0	0.0	7.0
0.6068604324211271	0.6738459148437983	0.0325912087108356	15.0	0.0	0.0	7.0
0.7120311484223412	0.6445227560556088	0.03337961459936027	52.0	0.0	0.0	7.0
0.5785844570709292	0.7874399344751478	0.031040160263907275	8.0	0.0	0.0	7.0
0.4881506477063363	0.1115014530068526	0.0362427579499729	42.0	0.0	0.0	7.0
0.047753555228709485	0.7149194481619681	0.03555078459771323	48.0	0.0	0.0010693634472715985	7.0
0.5145557342911204	0.26167288102644864	0.03108059871467045	63.0	0.0	0.0	7.0
0.7103523569135005	0.8842659110505909	0.03377132761022829	57.0	0.0	0.0	7.0
0.4281071353702034	0.9102432811546782	0.033975881541095744	26.0	0.0	0.0	7.0
0.7454258045466279	0.4902670605791	0.035103939140126224	7.0	0.0	7.186498393707552e-06	7.0
0.6351581749120874	0.8266083752705133	0.035810902473981415	40.0	0.0	0.00341260364422169	7.0
0.5566208712769951	0.5090142030366676	0.03341519937758752	59.0	0.0	0.0	7.0
0.24732150319287824	0.18410391383582922	0.03043183662568756	29.0	0.0	0.0	7.0
0.9343347694752218	0.02673906186066912	0.022353214488194644	62.0	0.0	0.0	7.0
0.07483067088328639	0.7954748935609857	0.03360663970973506	56.0	0.0	0.0	7.0
0.6530753841149839	0.23682469525125513	0.031717684844797006	6.0	0.0	0.0	7.0
0.8137555086022329	0.3179083425415677	0.03359813986949876	53.0	0.0	0.0	7.0
0.13314952063790053	0.661627757390793	0.03264313266030938	33.0	0.0	0.0	7.0
0.39135466197955154	0.6468804127738672	0.03156214801520482	38.0	0.0	0.0	7.0
0.14773000477806447	0.34868453055166304	0.032677703489403596	30.0	0.0	0.0	7.0
0.46034960575827655	0.2061289666035592	0.031318386811762564	64.0	0.0	0.0	7.0
0.5021445358010626	0.9355894372332975	0.03082170130702863	23.0	0.0	0.0	7.0
0.8428544143645724	0.1989754923354403	0.03362328970095433	47.0	0.0	0.0	7.0
0.45747062961350066	0.7225756625471725	0.032339276044251256	13.0	0.0	0.0	7.0
0.768108859508364	0.8159227656133491	0.03263051305429565	54.0	0.0	0.0	7.0
0.33041254327980024	0.8953010278120886	0.031309727614684674	25.0	0.0	0.0	7.0
0.15227032411595018	0.8638784157027406	0.03261218530555834	66.0	0.0	0.0	7.0
0.23490699448506985	0.29020522833841844	0.0341216257901624	49.0	0.0	0.0	7.0
0.8192380541930505	0.5509128843855732	0.03194585662854836	5.0	0.0	0.0	7.0
0.5673947095256932	0.18303285370907388	0.029830144587722655	2.0	0.0	0.0	7.0
0.6553568578268882	0.501986351638127	0.030466952652601575	36.0	0.0	0.0	7.0
0.3704916244909314	0.9733606357127261	0.03491132741636907	34.0	0.0	0.0	7.0
0.10369440236463713	0.10691313637198444	0.032926219634079636	16.0	0.0	0.0	7.0
0.920364539147952	0.6638846401746826	0.034565641942149866	1.0	0.0	0.0	7.0
0.6705863652937732	0.04485060344776071	0.0346041075808218	4.0	0.0	0.0	8.0
0.8126514463268023	0.31796051329306885	0.03363173800936825	53.0	0.0	0.0	8.0
0.704329682406148	0.9659512138050507	0.034727877782764593	46.0	0.0	0.0	8.0
0.307951570614354	0.37210246200461405	0.03359343579205794	27.0	0.0	0.0	8.0
0.7057970593096322	0.7861597582135181	0.031463399320748646	41.0	0.0	0.0	8.0
0.6343222047040434	0.7548710747159292	0.03311523762742008	32.0	0.0	0.0	8.0
0.5699782708958416	0.7818249689436362	0.031071200424171178	8.0	0.0	0.0	8.0
0.07558941714530726	0.8000686774023511	0.03364024634944479	56.0	0.0	0.0	8.0
0.17336615518622034	0.13097551770800345	0.03422905593234526	28.0	0.0	0.0	8.0
0.0473541251712046	0.7140585476804249	0.03558633538231094	48.0	0.0	0.0012900848679180399	8.0
0.6543878361749459	0.23461087117518717	0.0317494025296418	6.0	0.0	0.0	8.0
0.8618449849396844	0.1076816985640926	0.0328164356207081	50.0	0.0	0.0	8.0
0.22130983694536593	0.5993463761428859	0.03379322715357307	24.0	0.0	0.0	8.0
0.4278420845175509	0.9082502240268768	0.03400985742263683	26.0	0.0	0.0	8.0
0.39598718479620754	0.8193459084934097	0.033392056061570904	39.0	0.0	0.0	8.0
0.6573419607477935	0.49756276079818884	0.030497419605254174	36.0	0.0	0.0	8.0
0.9158706808731734	0.7543092895621056	0.03166108728642789	35.0	0.0	0.0	8.0
0.7202656958350903	0.6375697442148693	0.03341299421395963	52.0	0.0	0.0	8.0
0.31124870334211135	0.8792794051645061	0.017381544766387702	68.0	25.0	0.0	8.0
0.9525430554084537	0.8463563647225903	0.03219944828716455	3.0	0.0	0.0	8.0
0.7146782091610979	0.8931462564280684	0.033805098937838514	57.0	0.0	0.0	8.0
0.3269571438853246	0.5427238523014626	0.03644201775149292	21.0	0.0	0.0	8.0
0.8627442896442183	0.4286466851889903	0.029553694764542008	11.0	0.0	0.0	8.0
0.5949589297766984	0.4369824417900867	0.03347358796404929	14.0	0.0	0.0	8.0
0.9130006692941552	0.6548692223522568	0.03460020758409201	1.0	0.0	0.0	8.0
0.7674919677706239	0.816561396878134	0.03266314356734994	54.0	0.0	0.0	8.0
0.9821556820384401	0.7082076616168042	0.03193636765076713	60.0	0.0	0.0	8.0
0.5008712299544418	0.8046972747421207	0.03492108947119334	44.0	0.0	0.0	8.0
0.8186560252236972	0.03181537136193169	0.029623540234400527	31.0	0.0	0.0	8.0
0.48820807009198053	0.11122905397695022	0.03459535986133777	42.0	0.0	0.0	8.0
0.5503123198739038	0.5067604667942684	0.03344861457696511	59.0	0.0	0.0	8.0
0.5982951274158975	0.6068935910978991	0.029650604212519447	45.0	0.0	0.0	8.0
0.6842475868685174	0.7142870003745249	0.03184397924115781	20.0	0.0	0.0	8.0
0.4609225105421323	0.206543555310126	0.03134970519857432	64.0	0.0	0.0	8.0
0.15412417747729606	0.7398818943896484	0.03341276693133975	58.0	0.0	0.0	8.0
0.10183991425073063	0.10496894801860783	0.03295914585371371	16.0	0.0	0.0	8.0
0.9354486990938878	0.9669900788173265	0.030447467406952464	65.0	0.0	0.0	8.0
0.9556413257756293	0.09451854563174966	0.032348425743796046	43.0	0.0	0.0	8.0
0.9344204819757863	0.026642123445151808	0.022375567702682838	62.0	0.0	0.0	8.0
0.5715480500732324	0.9355224687442345	0.034114325907545456	19.0	0.0	0.0	8.0
0.5124821165077866	0.26153560313595176	0.031111679313385116	63.0	0.0	0.0	8.0
0.24838478971601435	0.18556353370148848	0.030462268462313244	29.0	0.0	0.0	8.0
0.3705382323382083	0.9733687867156344	0.0333244488974432	34.0	0.0	0.0	8.0
0.15233118768640078	0.8687118425520277	0.032644797490863894	66.0	0.0	0.0	8.0
0.6039863500023563	0.6742373418632172	0.032623799919546434	15.0	0.0	0.0	8.0
0.5159765535852381	0.6451749749420315	0.03364461708546004	18.0	0.0	0.0	8.0
0.8192165569055156	0.5509543305981399	0.031977802485176905	5.0	0.0	0.0	8.0
0.7872287957609284	0.8933794217183563	0.03316469503261837	10.0	0.0	0.0	8.0
0.3914179806277484	0.6519088074603699	0.031593710163220025	38.0	0.0	0.0	8.0
0.22997521811409818	0.30654496003611326	0.019595757415290283	69.0	49.0	0.0	8.0
0.5359344911882741	0.8674315543486829	0.034412110667594045	55.0	0.0	0.0	8.0
0.7413141838794987	0.49015054309520434	0.035139043079266345	7.0	0.0	1.720394737958486e-05	8.0
0.7812150370178068	0.6128872821257849	0.031717203074128154	12.0	0.0	0.0	8.0
0.1518695638305937	0.2293100253234367	0.03407379835823387	51.0	0.0	0.0	8.0
0.4584290718100075	0.7309969673283486	0.032371615320295505	13.0	0.0	0.0	8.0
0.8464338741839825	0.1985566904550783	0.03365691299065528	47.0	0.0	0.0	8.0
0.2402295986322053	0.26145404422661916	0.019595757415290283	70.0	49.0	0.0	8.0
0.1513914921396156	0.3501240926312071	0.032710381192893	30.0	0.0	0.0	8.0
0.2553734560731413	0.49768623867836725	0.035292569010543756	17.0	0.0	0.0	8.0
0.5727466265468548	0.11512193050722055	0.03551932824985552	22.0	0.0	0.0	8.0
0.12725707695535737	0.6595226760440458	0.03267577579296969	33.0	0.0	0.0	8.0
0.4436186984595555	0.2804787302224482	0.030213951959772545	9.0	0.0	0.0	8.0
0.6419202747778168	0.831874548717633	0.03584671337645539	40.0	0.0	0.00388498401788695	8.0
0.3458894960676034	0.9054462076178318	0.017381544766387702	67.0	25.0	0.0	8.0
0.49815881383309957	0.9452764449225202	0.03085252300833566	23.0	0.0	0.0	8.0
0.5502087375299872	0.03220397281659203	0.03407495543355853	61.0	0.0	0.0	8.0
0.5676039688997219	0.1842998020674187	0.029859974732310373	2.0	0.0	0.0	8.0
0.22803670330652598	0.3612239779450809	0.032260447473597305	37.0	0.0	0.0	8.0
0.6041255288504604	0.6741577639185833	0.03265642371946598	15.0	0.0	0.0	9.0
0.39485451649800907	0.8233296269934882	0.03342544811763247	39.0	0.0	0.0	9.0
0.15428796375547868	0.7369944039829107	0.033446179698271086	58.0	0.0	0.0	9.0
0.5359969552289453	0.8672711982069764	0.034446522778261636	55.0	0.0	0.0	9.0
0.7071272123035918	0.6414541627599338	0.03344640720817359	52.0	0.0	0.0	9.0
0.7037620789992363	0.9662616760773196	0.034762605660547355	46.0	0.0	0.0	9.0
0.3429038746360685	0.5646384412061541	0.020230727354778644	73.0	21.0	0.0	9.0
0.5710661358483295	0.7829196341914968	0.031102271624595345	8.0	0.0	0.0	9.0
0.8129055060955283	0.31798861841900666	0.03366536974737761	53.0	0.0	0.0	9.0
0.3082410551928039	0.8790802924849119	0.017398926311154087	68.0	0.0	0.0	9.0
0.8595393798836707	0.10894279632342316	0.032849252056328805	50.0	0.0	0.0	9.0
0.46160176596796737	0.2067718485410288	0.031381054903772895	64.0	0.0	0.0	9.0
0.7148241058352076	0.8926451367929161	0.03383890403677635	57.0	0.0	0.0	9.0
0.31080043685080355	0.5207342491612429	0.020230727354778644	74.0	21.0	0.0	9.0
0.6450444204670079	0.8424052658023882	0.035882560089831844	40.0	0.0	0.004399596289246688	9.0
0.4829254396788352	0.13950808886953545	0.019536688520588673	82.0	42.0	0.0	9.0
0.4281666072368928	0.9084850683819161	0.03404386728005947	26.0	0.0	0.0	9.0
0.5982951274158975	0.608082313394906	0.029680254816731963	45.0	0.0	0.0	9.0
0.6433502855861599	0.7410705074015458	0.018383870736729358	77.0	32.0	0.0	9.0
0.37818303695142313	0.996339869462389	0.019137945554188858	80.0	34.0	0.0	9.0
0.6211729617953953	0.7731633071703219	0.018383870736729358	78.0	32.0	0.0	9.0
0.9506269252009912	0.8426045107543028	0.03223164773545171	3.0	0.0	0.0	9.0
0.5897108049876832	0.4399394630280423	0.033507061552013336	14.0	0.0	0.0	9.0
0.9821081085048318	0.7066968768554314	0.03196830401841789	60.0	0.0	0.0	9.0
0.24447404865521347	0.182381020251667	0.030492730730775554	29.0	0.0	0.0	9.0
0.7051653336730914	0.7877517999059507	0.03149486272006939	41.0	0.0	0.0	9.0
0.4594558657352297	0.729105611542154	0.032403986935615796	13.0	0.0	0.0	9.0
0.5745867553249225	0.9448546463591816	0.034148440233452995	19.0	0.0	0.0	9.0
0.12137125642868989	0.6578291500491774	0.032708451568762655	33.0	0.0	0.0	9.0
0.22912015785933762	0.36256394410143467	0.0322927079210709	37.0	0.0	0.0	9.0
0.823090902858409	0.5522024038440418	0.032009780287662076	5.0	0.0	0.0	9.0
0.744181523597929	0.4866496625247348	0.03517418212234561	7.0	0.0	3.382133202478599e-05	9.0
0.4913119543890914	0.8068413795397306	0.034956010560664524	44.0	0.0	0.0	9.0
0.9352303913203825	0.02562746563437036	0.02239794327038552	62.0	0.0	0.0	9.0
0.39179148370844397	0.656135397559512	0.03162530387338324	38.0	0.0	0.0	9.0
0.9155245548596718	0.7545597673732368	0.031692748373714316	35.0	0.0	0.0	9.0
0.6567369172896715	0.24479723713297113	0.03178115193217144	6.0	0.0	0.0	9.0
0.5119695398881808	0.26325575436132687	0.031142790992698496	63.0	0.0	0.0	9.0
0.516577042774165	0.6488106008041745	0.033678261702545495	18.0	0.0	0.0	9.0
0.7891112215508124	0.8938827578189099	0.033197859727650984	10.0	0.0	0.0	9.0
0.5486984736789947	0.031006229805629146	0.03410903038899209	61.0	0.0	0.0	9.0
0.8630792302144314	0.4271513430384489	0.029583248459306547	11.0	0.0	0.0	9.0
0.15497776740378175	0.23044255022333718	0.0341078721565921	51.0	0.0	0.0	9.0
0.6936496047174318	0.712389699653153	0.03187582322039897	20.0	0.0	0.0	9.0
0.8411417771227263	0.2068748501102407	0.033690569903645926	47.0	0.0	0.0	9.0
0.15311027867417223	0.8712109681089075	0.03267744228835476	66.0	0.0	0.0	9.0
0.818276475264193	0.03337147265506809	0.029653163774634925	31.0	0.0	0.0	9.0
0.3642491468722257	0.9503421934944135	0.019137945554188858	79.0	34.0	0.0	9.0
0.6561170227825588	0.5013246717806719	0.030527917024859425	36.0	0.0	0.0	9.0
0.30870889959118203	0.3728113119648968	0.03362702922784999	27.0	0.0	0.0	9.0
0.07977857275489912	0.8052496300560509	0.033673886595794233	56.0	0.0	0.0	9.0
0.7867328044314049	0.6133362299268452	0.03174892027720228	12.0	0.0	0.0	9.0
0.6683059204071844	0.05129790509694227	0.03463871168840262	4.0	0.0	0.0	9.0
0.22300192439878724	0.5996422964773315	0.033827020380726644	24.0	0.0	0.0	9.0
0.243214207893838	0.4775957300166128	0.02026822007679357	71.0	17.0	0.0	9.0
0.9362553787407446	0.9660542616625576	0.030477914874359413	65.0	0.0	0.0	9.0
0.5696002603822568	0.1297402028789994	0.01971849776672358	75.0	22.0	0.0	9.0
0.4451574734052959	0.28421861093946377	0.030244165911732315	9.0	0.0	0.0	9.0
0.23986993945879956	0.2611903070307136	0.01961535317270557	70.0	0.0	0.0	9.0
0.552522665824116	0.506272674942853	0.03348206319154207	59.0	0.0	0.0	9.0
0.9148541530934243	0.6544356405269238	0.0346348077916761	1.0	0.0	0.0	9.0
0.2662268346149967	0.5223696339263062	0.02026822007679357	72.0	17.0	0.0	9.0
0.14928590768003927	0.34676805101063585	0.032743091574085885	30.0	0.0	0.0	9.0
0.22987755467325252	0.30661195408664615	0.01961535317270557	69.0	0.0	0.0	9.0
0.4976448743977748	0.9453797253920693	0.03088337553134399	23.0	0.0	0.0	9.0
0.3527432831418499	0.9095386457430528	0.017398926311154087	67.0	0.0	0.0	9.0
0.17233802080662186	0.12950664297645192	0.0342632849882776	28.0	0.0	0.0	9.0
0.9566193616120486	0.0948472569714646	0.03238077416953984	43.0	0.0	0.0	9.0
0.7662460653748379	0.8155986141675505	0.03269580671091729	54.0	0.0	0.0	9.0
0.10323926214933223	0.10370790561077305	0.03299210499956742	16.0	0.0	0.0	9.0
0.5771518382041271	0.08978030423693625	0.01971849776672358	76.0	22.0	0.0	9.0
0.04686965495392556	0.7151565934191549	0.035621921717693246	48.0	0.0	0.0015395264058781777	9.0
0.4971369100621242	0.08956665296114238	0.019536688520588673	81.0	42.0	0.0	9.0
0.563868472895408	0.19624445350835695	0.02988983470704268	2.0	0.0	0.0	9.0
0.35212983468603926	0.9097448216890118	0.01741632523746524	67.0	0.0	0.0	10.0
0.15802256326301797	0.23109441795994987	0.034141980028748686	51.0	0.0	0.0	10.0
0.34141031689025064	0.5651826434428316	0.02025095808213342	73.0	0.0	0.0	10.0
0.8394671208386493	0.20818587818695264	0.03372426047354957	47.0	0.0	0.0	10.0
0.8126821898400879	0.31855140828963113	0.033699035117124986	53.0	0.0	0.0	10.0
0.7027969159577224	0.9652995464893959	0.0347973682662079	46.0	0.0	0.0	10.0
0.43015067196278306	0.9070301585506269	0.034077911147339525	26.0	0.0	0.0	10.0
0.9385833844492759	0.9668366888976546	0.030508392789233767	65.0	0.0	0.0	10.0
0.981594838484342	0.7072847884062788	0.0320002723224363	60.0	0.0	0.0	10.0
0.36291677974208203	0.9502032867600407	0.019157083499743044	79.0	0.0	0.0	10.0
0.5631304665415213	0.7875776148313303	0.031133373896219937	8.0	0.0	0.0	10.0
0.9121977673828143	0.751852468238574	0.031724441122088026	35.0	0.0	0.0	10.0
0.1485364952667477	0.3470736420762452	0.03277583466565997	30.0	0.0	0.0	10.0
0.6513223419693603	0.7422667633627094	0.018402254607466084	77.0	0.0	0.0	10.0
0.7053794931332847	0.7846643481977493	0.03152635758278946	41.0	0.0	0.0	10.0
0.48544957578157266	0.13626286076756594	0.019556225209109258	82.0	0.0	0.0	10.0
0.6012973759888882	0.6003184482319782	0.02970993507154869	45.0	0.0	0.0	10.0
0.7086208562591675	0.6393202239404415	0.033479853615381756	52.0	0.0	0.0	10.0
0.3120334170418786	0.37284270852830664	0.033660656257077835	27.0	0.0	0.0	10.0
0.5385345362049168	0.8621441542644084	0.034480969301039895	55.0	0.0	0.0	10.0
0.7670073695052022	0.8111632054313261	0.032728502517628204	54.0	0.0	0.0	10.0
0.7932512607767188	0.8888279738343697	0.03323105758737863	10.0	0.0	0.0	10.0
0.24320264309477999	0.47851413834954093	0.020288488296870362	71.0	0.0	0.0	10.0
0.3803292907661522	0.9997133680367292	0.019157083499743044	80.0	0.0	0.0	10.0
0.6692040198314856	0.05169078394445698	0.03467335040009102	4.0	0.0	0.0	10.0
0.08356841656409315	0.805572518072377	0.03370756048239002	56.0	0.0	0.0	10.0
0.2668037189946965	0.5205593277440385	0.020288488296870362	72.0	0.0	0.0	10.0
0.7448612436339782	0.4861512254777636	0.035209356304467955	7.0	0.0	5.87270390468575e-05	10.0
0.5659395207979317	0.19559165370598477	0.029919724541749716	2.0	0.0	0.0	10.0
0.5464032161638492	0.030678902819584485	0.034143139419381074	61.0	0.0	0.0	10.0
0.44594317961259944	0.29042554492321504	0.030274410077644042	9.0	0.0	0.0	10.0
0.5898864984922019	0.44092578075006067	0.033540568613565344	14.0	0.0	0.0	10.0
0.22266763382395244	0.5955669906124645	0.03386084740110737	24.0	0.0	0.0	10.0
0.23976236621030717	0.2534023671247574	0.019634968525878274	70.0	0.0	0.0	10.0
0.6584780349630358	0.2501443893015867	0.03181293308410361	6.0	0.0	0.0	10.0
0.1188645489984767	0.6590796599112215	0.032741160020331415	33.0	0.0	0.0	10.0
0.6444495741584674	0.8427503669535025	0.035918442649921674	40.0	0.0	0.00495833770777665	10.0
0.5761872556692699	0.08881875333116908	0.0197382162644903	76.0	0.0	0.0	10.0
0.957702103011214	0.09279152938189023	0.03241315494370938	43.0	0.0	0.0	10.0
0.5165474326385255	0.6478702766719652	0.03371193996424804	18.0	0.0	0.0	10.0
0.4989164923136849	0.08885401872783848	0.019556225209109258	81.0	0.0	0.0	10.0
0.17109830090227263	0.12987181395594954	0.03429754827326587	28.0	0.0	0.0	10.0
0.48547542976410385	0.8090516488324616	0.034990966571225184	44.0	0.0	0.0	10.0
0.6578634893565143	0.5031326845790204	0.030558444941884283	36.0	0.0	0.0	10.0
0.6953757422705307	0.7137410305608125	0.03190769904361936	20.0	0.0	0.0	10.0
0.7838004308838062	0.6119869047127247	0.03178066919747948	12.0	0.0	0.0	10.0
0.2255896097698158	0.30072455688193767	0.019634968525878274	69.0	0.0	0.0	10.0
0.3898980514315014	0.6546722300866292	0.03165692917725662	38.0	0.0	0.0	10.0
0.8571572189469213	0.11517392994094254	0.03288210130838513	50.0	0.0	0.0	10.0
0.23226457695041167	0.37253582167416077	0.03232500062899196	37.0	0.0	0.0	10.0
0.24443869796518028	0.18242363158948008	0.030523223461506325	29.0	0.0	0.0	10.0
0.862247502387467	0.42842301640193153	0.029612831707765852	11.0	0.0	0.0	10.0
0.3128021534003324	0.8758231604742583	0.01741632523746524	68.0	0.0	0.0	10.0
0.9144298043886532	0.6509050968755649	0.034669442599467776	1.0	0.0	0.0	10.0
0.4658793149345574	0.7285990578365995	0.032436390922551406	13.0	0.0	0.0	10.0
0.30930533519469394	0.5202836044483963	0.02025095808213342	74.0	0.0	0.0	10.0
0.4961661707825472	0.9444841058209242	0.030914258906875332	23.0	0.0	0.0	10.0
0.6240572413309032	0.7793821170537313	0.018402254607466084	78.0	0.0	0.0	10.0
0.04828081606967393	0.7150274112122783	0.035657543639410934	48.0	0.0	0.0018195069433772915	10.0
0.5696722495120927	0.12997112568136082	0.0197382162644903	75.0	0.0	0.0	10.0
0.6067933924354862	0.6833701730340068	0.03268908014318544	15.0	0.0	0.0	10.0
0.5742255443998541	0.9462585341853237	0.03418258867368645	19.0	0.0	0.0	10.0
0.39486557761448476	0.8233104220676704	0.0334588735657501	39.0	0.0	0.0	10.0
0.5584946339341688	0.5065548710391927	0.03351554525473361	59.0	0.0	0.0	10.0
0.15583946079881567	0.7304549188646297	0.033479625877969356	58.0	0.0	0.0	10.0
0.935688641966534	0.025402451997386926	0.022420341213655902	62.0	0.0	0.0	10.0
0.15439377273922733	0.8670007374033355	0.03271011973064311	66.0	0.0	0.0	10.0
0.8249817963636484	0.5524842222562031	0.03204179006794974	5.0	0.0	0.0	10.0
0.5175077978335068	0.26316857807192473	0.031173933783691193	63.0	0.0	0.0	10.0
0.10374373021642072	0.10676217733647973	0.03302509710456699	16.0	0.0	0.0	10.0
0.9501062369710568	0.8406323325916772	0.03226387938318716	3.0	0.0	0.0	10.0
0.7162282610549544	0.8913141825094286	0.03387274294081312	57.0	0.0	0.0	10.0
0.4626601543526354	0.20702647372897645	0.03141243595867666	64.0	0.0	0.0	10.0
0.8185127131543684	0.03544716514990906	0.029682816938409556	31.0	0.0	0.0	10.0
0.7812346469605199	0.6117845667921369	0.03181244986667696	12.0	0.0	0.0	11.0
0.04745153684723866	0.71499345603565	0.03569320118305034	48.0	0.0	0.0021318559682015348	11.0
0.5676893337362082	0.12827269186764564	0.019757954480754788	75.0	0.0	0.0	11.0
0.24385234582014217	0.47984788353168606	0.02030877678516723	71.0	0.0	0.0	11.0
0.8619540294541606	0.42919066775257997	0.029642444539473616	11.0	0.0	0.0	11.0
0.5393621683405965	0.8614352596045085	0.03451545027034093	55.0	0.0	0.0	11.0
0.3149491739288253	0.37882833325860726	0.03369431691333491	27.0	0.0	0.0	11.0
0.5101566871385469	0.6464599302150856	0.03374565190421228	18.0	0.0	0.0	11.0
0.5627397507675159	0.7869185614351873	0.031164507270116153	8.0	0.0	0.0	11.0
0.42929100997641884	0.9087949195525872	0.03411198905848686	26.0	0.0	0.0	11.0
0.7038856998156379	0.6419102144357518	0.03351333346899713	52.0	0.0	0.0	11.0
0.2231904310064567	0.30188393043627154	0.01965460349440415	69.0	0.0	0.0	11.0
0.4621866648789262	0.20576417536408478	0.031443848394635335	64.0	0.0	0.0	11.0
0.6518171533858043	0.7434693665634181	0.01842065686207355	77.0	0.0	0.0	11.0
0.2429168077891469	0.2585011831164217	0.01965460349440415	70.0	0.0	0.0	11.0
0.9136368458809713	0.6513132254189827	0.03470411204206724	1.0	0.0	0.0	11.0
0.1720822017697152	0.130662256171525	0.034331845821539135	28.0	0.0	0.0	11.0
0.6529436791117924	0.5032411112247184	0.030589003386826165	36.0	0.0	0.0	11.0
0.7937274406889897	0.8869277501637115	0.03326428864496601	10.0	0.0	0.0	11.0
0.3765924084817025	0.9960808834859375	0.019176240583242785	80.0	0.0	0.0	11.0
0.912733578961385	0.7526496050811258	0.03175616556321011	35.0	0.0	0.0	11.0
0.11871872765925483	0.6513599878011519	0.03277390118035174	33.0	0.0	0.0	11.0
0.4905438616893106	0.1365679132308501	0.019575781434318366	82.0	0.0	0.0	11.0
0.9335167963965739	0.025340904981815945	0.022442761554869555	62.0	0.0	0.0	11.0
0.3166348140558987	0.879892191203851	0.017433741562702703	68.0	0.0	0.0	11.0
0.23101423844224292	0.37429842873955044	0.03235732562962095	37.0	0.0	0.0	11.0
0.5006590182380736	0.9425522902854011	0.030945173165782203	23.0	0.0	0.0	11.0
0.818459845311861	0.034955090937541004	0.02971249975534796	31.0	0.0	0.0	11.0
0.8399875871931662	0.2086040082974242	0.03375798473402311	47.0	0.0	0.0	11.0
0.5200799342987501	0.25743684538094047	0.03120510771747488	63.0	0.0	0.0	11.0
0.7442486698264211	0.4851748584721641	0.03524456566077242	7.0	0.0	9.361951961750492e-05	11.0
0.5753432015035674	0.08829288833305382	0.019757954480754788	76.0	0.0	0.0	11.0
0.2658081060210141	0.51729343004588	0.02030877678516723	72.0	0.0	0.0	11.0
0.1510804828228938	0.3467434710281883	0.03280861050032562	30.0	0.0	0.0	11.0
0.44517481085304916	0.2902660954537691	0.030304684487721684	9.0	0.0	0.0	11.0
0.08368492665560813	0.8086553960015122	0.033741268042872405	56.0	0.0	0.0	11.0
0.3082033882068683	0.5192124426872338	0.02027120904021555	74.0	0.0	0.0	11.0
0.15760005743920552	0.23134669876802968	0.03417612200877743	51.0	0.0	0.0	11.0
0.8222060624890573	0.5517607208233498	0.03207383185801768	5.0	0.0	0.0	11.0
0.7175079486715251	0.8923690379877016	0.03390661568375393	57.0	0.0	0.0	11.0
0.6580179789160333	0.248635272782773	0.03184474601718771	6.0	0.0	0.0	11.0
0.15991516634446432	0.7302366026955193	0.03351310550384732	58.0	0.0	0.0	11.0
0.9475678852247643	0.8397255039140551	0.03229614326257034	3.0	0.0	0.0	11.0
0.95756660557246	0.09230330613227378	0.03244556809865309	43.0	0.0	0.0	11.0
0.35266600610771365	0.9089578958768436	0.017433741562702703	67.0	0.0	0.0	11.0
0.5678923074881315	0.19326771657998104	0.029949644266291462	2.0	0.0	0.0	11.0
0.4860068810653093	0.8098869881547003	0.03502595753779641	44.0	0.0	1.1193617410754086e-07	11.0
0.987645089836351	0.7094033900001812	0.032032272594758736	60.0	0.0	0.0	11.0
0.7034886522951563	0.9664497864235391	0.0348321656344741	46.0	0.0	0.0	11.0
0.6668644077798369	0.055078542189513705	0.03470802375049111	4.0	0.0	0.0	11.0
0.694830951388559	0.713022105309522	0.03193960674266298	20.0	0.0	0.0	11.0
0.6453313742542985	0.8443993184636857	0.03595436109257159	40.0	0.0	0.005563116451824612	11.0
0.4689998941440863	0.7291043917736072	0.032468827313473954	13.0	0.0	0.0	11.0
0.937797362016945	0.9671457239906435	0.030538901182022998	65.0	0.0	0.0	11.0
0.24221212881087759	0.18193225950811984	0.03055374668496783	29.0	0.0	0.0	11.0
0.7775976465356164	0.8140347739207359	0.03276123102014583	54.0	0.0	0.0	11.0
0.39757351640257815	0.8253759092726692	0.03349233243931585	39.0	0.0	0.0	11.0
0.222710999237506	0.5941898424168547	0.03389470824850847	24.0	0.0	0.0	11.0
0.1553028687792865	0.8662020037751361	0.03274282985037375	66.0	0.0	0.0	11.0
0.38980891058729006	0.6582111896677489	0.03168858610643387	38.0	0.0	0.0	11.0
0.5799718162319442	0.9486017157250272	0.03421677126236013	19.0	0.0	0.0	11.0
0.6000858091513375	0.6052857013574877	0.029739645006620234	45.0	0.0	0.0	11.0
0.8132440876388345	0.31883171971741264	0.03373273415224211	53.0	0.0	0.0	11.0
0.5477752898390299	0.028665143511368483	0.034177282558800454	61.0	0.0	0.0	11.0
0.4974765609168539	0.09445047779979943	0.019575781434318366	81.0	0.0	0.0	11.0
0.10551640322736278	0.10926112138507044	0.03305812220167156	16.0	0.0	0.0	11.0
0.3645602460441785	0.947082948863697	0.019176240583242785	79.0	0.0	0.0	11.0
0.7015969130787665	0.7811393318944486	0.03155788394037225	41.0	0.0	0.0	11.0
0.6091355390134277	0.6768787195709669	0.03272176922332862	15.0	0.0	0.0	11.0
0.5563596562760857	0.5084546168177473	0.03354906079998834	59.0	0.0	0.0	11.0
0.34516416987939674	0.56328036730678	0.02027120904021555	73.0	0.0	0.0	11.0
0.5888834578619287	0.44118049260914655	0.03357410918217891	14.0	0.0	0.0	11.0
0.624541925816373	0.7787078909104955	0.01842065686207355	78.0	0.0	0.0	11.0
0.8587020617998852	0.11648036838136058	0.03291498340969351	50.0	0.0	0.0	11.0
