# x	y	r	id	split_id	s_prob	t
2.0	0.5	0.0	-1.0	0.0	0.0	0.0
0.13360541872704568	0.5257438350220174	0.10935149848067519	1.0	0.0	2630.5656885182107	0.0
0.7863026500933447	0.8653544263225698	0.114807484514494	2.0	0.0	3253.200579034583	0.0
0.40336620592562883	0.6483488649121386	0.11425832563719379	3.0	0.0	3186.505367422438	0.0
0.8325895453854567	0.4477322137431769	0.11197788028710311	4.0	0.0	2919.293885951698	0.0
0.600114913974512	0.32395377464741654	0.10606475176238996	5.0	0.0	2296.9032591266564	0.0
0.22877959668723113	0.27142594965299727	0.09830483628402019	6.0	0.0	1623.6433716226522	0.0
0.225540807868302	0.8112184029754322	0.11875115682276857	7.0	0.0	3759.6932914741437	0.0
0.6016959632148275	0.3208580216327027	0.10617081651415233	5.0	0.0	2307.203059850363	1.0
0.13360541872704568	0.5319608065749482	0.10946084997915585	1.0	0.0	2642.1893778833078	1.0
0.8346583145475841	0.44727566587127093	0.1120898581673902	4.0	0.0	2932.052308199524	1.0
0.21620220339560886	0.8140730338454659	0.11886990797959132	7.0	0.0	3775.7086383464434	1.0
0.4126131059577919	0.6535881348457998	0.11437258396283097	3.0	0.0	3200.306184419613	1.0
0.24115948033195442	0.252235004815858	0.0984031411203042	6.0	0.0	1631.2190953040333	1.0
0.7861162459062332	0.880157550689633	0.11492229199900848	2.0	0.0	3267.2605130223424	1.0
0.14669635593020433	0.5372989533400485	0.109570310829135	1.0	0.0	2653.858933012776	2.0
0.8341159603691818	0.44154970128811494	0.11220194802555758	4.0	0.0	2944.8606633011286	2.0
0.40896763866254404	0.6527836321655507	0.11448695654679379	3.0	0.0	3214.1606522803527	2.0
0.21977847509034026	0.8186117164397997	0.1189887778875709	7.0	0.0	3791.7854851744723	2.0
0.6071322696825293	0.3283206770349979	0.10627698733066647	5.0	0.0	2317.5439515821663	2.0
0.24808221626552243	0.2531778260359466	0.09850154426142449	6.0	0.0	1638.8259583915783	2.0
0.784157938830505	0.8687483228062405	0.11503721429100748	2.0	0.0	3281.3750196205524	2.0
0.2264078337149478	0.8213149980114277	0.11910776666545846	7.0	0.0	3807.9240490678017	3.0
0.7857294757131161	0.8723101916593973	0.11515225150529848	2.0	0.0	3295.5442928384514	3.0
0.4119680533882225	0.6522003017135938	0.11460144350334057	3.0	0.0	3228.0689619326113	3.0
0.8406198790913443	0.4467747926512636	0.11231414997358312	4.0	0.0	2957.719129735758	3.0
0.13145913674702112	0.5288395827025076	0.10967988113996413	1.0	0.0	2665.5745187289053	3.0
0.2596263171761064	0.2613123471483394	0.0986000458056859	6.0	0.0	1646.464075820174	3.0
0.5926026071868649	0.31188803942609267	0.10638326431799712	5.0	0.0	2327.926083051727	3.0
0.41068993635892126	0.6547422854507599	0.1147160449468439	3.0	0.0	3242.0313049427464	4.0
0.8406198790913443	0.4500616396810762	0.1124264641235567	4.0	0.0	2970.627886581003	4.0
0.7840001577104735	0.8699046031945223	0.11526740375680376	2.0	0.0	3309.768527333588	4.0
0.2138746280088844	0.8190417208440134	0.1192268744321239	7.0	0.0	3824.1245478584665	4.0
0.5886447352876352	0.309422194953781	0.1064896475823151	5.0	0.0	2338.349603491035	4.0
0.27166967731192254	0.2707406599466937	0.09869864585149157	6.0	0.0	1654.1335629173614	4.0
0.12467638662488637	0.5237332475806586	0.10978956102110408	1.0	0.0	2677.3363004083008	4.0
0.12989149302500336	0.528032096365866	0.10989935058212517	1.0	0.0	2689.1444439836787	5.0
0.4168535746436169	0.6775062665515196	0.11483076099179072	3.0	0.0	3256.0478735175748	5.0
0.573541154273336	0.31186800758803934	0.10659613722989741	5.0	0.0	2348.814662636035	5.0
0.2765302501098976	0.2665774164572306	0.09879734449734305	6.0	0.0	1661.834535404613	5.0
0.1988193318952617	0.8104335915420704	0.11934610130655601	7.0	0.0	3840.3872001032796	5.0
0.7622101990020154	0.850759901193192	0.11538267116056056	2.0	0.0	3324.0479184139053	5.0
0.8549735619299901	0.4708457723962779	0.11253889058768024	4.0	0.0	2983.587113514723	5.0
0.8575446639285239	0.4690097192702441	0.11265142947826791	4.0	0.0	2996.596990816985	6.0
0.7714798612141203	0.8397284289549104	0.1154980538317211	2.0	0.0	3338.382662039829	6.0
0.4247057929674481	0.6795697138224163	0.1149455917527825	3.0	0.0	3270.118860506429	6.0
0.581056884786863	0.333999098691228	0.1067027333671273	5.0	0.0	2359.3214107282524	6.0
0.297225281663526	0.2686033665730612	0.09889614184184038	6.0	0.0	1669.5671093986182	6.0
0.1443391937097911	0.5177148292868344	0.11000924993270729	1.0	0.0	2700.9991159456613	6.0
0.21335705008893627	0.8065404419568487	0.11946544740786255	7.0	0.0	3856.7122250861557	6.0
0.27397801424873847	0.25371021365983737	0.09899503798368221	6.0	0.0	1677.3314014125654	7.0
0.5705858393507348	0.35418700259478375	0.10680943610049441	5.0	0.0	2369.869998516436	7.0
0.8522458161047802	0.47757473762478825	0.11276408090774616	4.0	0.0	3009.657699371995	7.0
0.7680021691782402	0.8377399976088071	0.1156135518855528	2.0	0.0	3352.7729548263655	7.0
0.43095305551996127	0.6731832521979086	0.11506053734453527	3.0	0.0	3284.244459403218	7.0
0.1513291888822521	0.5249511548602355	0.11011925918263998	1.0	0.0	2712.9004833445674	7.0
0.20393828363536626	0.8106607364467021	0.1195849128552704	7.0	0.0	3873.0998428204466	7.0
0.8510251656306326	0.46988352436749603	0.1128768449886539	4.0	0.0	3022.7694206700517	8.0
0.1560215517032174	0.5211325671406727	0.11022937844182261	1.0	0.0	2724.8487137922284	8.0
0.766160750768853	0.8396463083856267	0.11572916543743834	2.0	0.0	3367.2189940452035	8.0
0.19721628249835196	0.7956814714712671	0.11970449776812565	7.0	0.0	3889.550274051271	8.0
0.44427590383814525	0.68503818883154	0.11517559788187978	3.0	0.0	3298.4248643485075	8.0
0.5714967116893375	0.3492535992054202	0.1069162455365949	5.0	0.0	2380.460577258193	8.0
0.28356580075489796	0.2308184399124965	0.09909403302166589	6.0	0.0	1685.1275283574373	8.0
0.1818229150608645	0.8112208994776126	0.11982420226589377	7.0	0.0	3906.06374025787	9.0
0.15408004930950617	0.49746388878904835	0.11033960782026442	1.0	0.0	2736.8439754637934	9.0
0.5444070384013182	0.3587395232881002	0.10702316178213149	5.0	0.0	2391.0932987216347	9.0
0.4467294071512957	0.6988117987633463	0.11529077347976165	3.0	0.0	3312.6602701315937	9.0
0.7668451602714241	0.8339520819226641	0.11584489460287577	2.0	0.0	3381.720977626829	9.0
0.8754680412047732	0.4644893300654304	0.11298972183364255	4.0	0.0	3035.9323368094897	9.0
0.28341287506172796	0.23324425000071225	0.09919312705468754	6.0	0.0	1692.9556075433045	9.0
0.7571733515708647	0.8361504590628801	0.11596073949747863	2.0	0.0	3396.279104162635	10.0
0.14110195200699227	0.5066088717828471	0.11044994742808467	1.0	0.0	2748.8864370995475	10.0
0.2840010282647133	0.2352180279962861	0.09929232018174221	6.0	0.0	1700.815756680625	10.0
0.4447379272973269	0.6777865286244007	0.11540606425324139	3.0	0.0	3326.9508721925904	10.0
0.5394943713336661	0.38443987790246487	0.1071301849439136	5.0	0.0	2401.768315187026	10.0
0.17834555804195135	0.812057475820785	0.11994402646815965	7.0	0.0	3922.640463655945	10.0
0.8877168522225856	0.45196759580925844	0.11310271155547617	4.0	0.0	3049.1466304986416	10.0
0.2824943756996266	0.23752163005567137	0.09939161250192394	6.0	0.0	1708.7080938815473	11.0
0.1738806829503886	0.8111309389780992	0.12006397049462779	7.0	0.0	3939.2806672000374	11.0
0.14420125367855513	0.5064036914458991	0.11056039737551275	1.0	0.0	2760.9762680067356	11.0
0.5347264721768596	0.38412423287684405	0.10723731512885751	5.0	0.0	2412.4857794484496	11.0
0.7618324684268749	0.8463602329542382	0.1160767002369761	2.0	0.0	3410.893572907047	11.0
0.8938739209147484	0.4424230823856499	0.11321581426703163	4.0	0.0	3062.412485057799	11.0
0.4409806886462972	0.6719621637304211	0.11552147031749462	3.0	0.0	3341.296866624517	11.0
0.4220677571156226	0.6747809434864038	0.1156369917878121	3.0	0.0	3355.6984501754023	12.0
0.2865027319113635	0.23998403266987642	0.09949100411442585	6.0	0.0	1716.6327376612178	12.0
0.891926818537597	0.43836120813657936	0.11332903008129865	4.0	0.0	3075.7300844211877	12.0
0.14802449244317556	0.507477734978605	0.11067095777288825	1.0	0.0	2773.113638061387	12.0
0.7421475234108473	0.8257231414840744	0.11619277693721305	2.0	0.0	3425.564583779659	12.0
0.537049929369167	0.40247911574867024	0.10734455244398636	5.0	0.0	2423.245844815456	12.0
0.16089200921666105	0.7997190638409427	0.12018403446512241	7.0	0.0	3955.9845745858793	12.0
0.5395693272575607	0.4040268254877494	0.10745189699643033	5.0	0.0	2434.0486651147367	13.0
0.8935628879331725	0.4372837815399518	0.11344235911137993	4.0	0.0	3089.099613138934	13.0
0.7199038471027666	0.8325807555508541	0.11630896971415025	2.0	0.0	3440.2923373673602	13.0
0.1744083391328064	0.8040731844993021	0.12030421849958751	7.0	0.0	3972.7524102527746	13.0
0.14394758990020212	0.5080329764707888	0.11078162873066114	1.0	0.0	2785.298717710155	13.0
0.283169197177354	0.23173490611860564	0.09959049511854026	6.0	0.0	1724.5898069390912	13.0
0.42276743073966727	0.6826985049868628	0.1157526287795999	3.0	0.0	3370.1558202503825	13.0
0.5360677459085883	0.4103810082119522	0.10755934889342675	5.0	0.0	2444.8943946917925	14.0
0.13941937722119482	0.5105843679868273	0.11089241035939179	1.0	0.0	2797.5316779721516	14.0
0.44973102806505366	0.6895456334033075	0.11586838140837948	3.0	0.0	3384.6691749138195	14.0
0.7198132832969201	0.818196095596915	0.11642527868386439	2.0	0.0	3455.0770349264867	14.0
0.2870771812412146	0.23277985007884036	0.09969008561365879	6.0	0.0	1732.5794210402482	14.0
0.17930196406745758	0.8003890610350721	0.1204245227180871	7.0	0.0	3989.584399385985	14.0
0.9041072071195961	0.4611823501980812	0.1135558014704913	4.0	0.0	3102.5212563790574	14.0
0.45081404665674085	0.700260682923488	0.11598424978978784	3.0	0.0	3399.238712891416	15.0
0.16796019490312925	0.5163198863162242	0.11100330276975116	1.0	0.0	2809.812690440794	15.0
0.8875582523772884	0.44998284533358546	0.11366935727196177	4.0	0.0	3115.9951999294476	15.0
0.5189937314454083	0.3997435077429764	0.10766690824232017	5.0	0.0	2455.7831884126144	15.0
0.7174782508075914	0.8034832574679872	0.11654170396254825	2.0	0.0	3469.9188783849677	15.0
0.1651049851219026	0.8215101704381663	0.12054494724080517	7.0	0.0	4006.4807679191113	15.0
0.29393709572772564	0.22747878710148983	0.09978977569927244	6.0	0.0	1740.6016996967157	15.0
0.16851038903043764	0.513709887709314	0.1111143060725209	1.0	0.0	2822.141927285662	16.0
0.7202912143525967	0.8010117819810314	0.11665824566651078	2.0	0.0	3484.818070344481	16.0
0.44886952608625663	0.6991488692218717	0.11610023403957762	3.0	0.0	3413.864633572338	16.0
0.16961697800708028	0.8207503350678222	0.12066549218804595	7.0	0.0	4023.441742536497	16.0
0.5055322371385126	0.40089040334405485	0.10777457515056248	5.0	0.0	2466.71520166536	16.0
0.868692645953963	0.4484951021375671	0.11378302662923372	4.0	0.0	3129.5216301998707	16.0
0.29941200192219597	0.24032311378613722	0.0998895654749717	6.0	0.0	1748.6567630487862	16.0
0.30170022717964234	0.23916354885012706	0.09998945504044666	6.0	0.0	1756.7447316463524	17.0
0.7169086355250938	0.8000844672140808	0.11677490391217728	2.0	0.0	3499.774814082617	17.0
0.17188647670951362	0.8151342597909345	0.12078615768023399	7.0	0.0	4040.467550675634	17.0
0.17756137820410736	0.5007789230839098	0.11122542037859341	1.0	0.0	2834.519561254346	17.0
0.8813700080235072	0.4606640069531484	0.11389680965586294	4.0	0.0	3143.1007342239604	17.0
0.44576390419605233	0.697047139655973	0.11621633427361718	3.0	0.0	3428.5471370113464	17.0
0.5038448292607219	0.3994815258287431	0.10788234972571303	5.0	0.0	2477.690590362046	17.0
0.6978612465867328	0.8012250496273985	0.11689167881608944	2.0	0.0	3514.7893135550567	18.0
0.5089675058647707	0.39175581032714674	0.10799023207543873	5.0	0.0	2488.7095109402358	18.0
0.4435967102982939	0.6973980862434748	0.11633255060789079	3.0	0.0	3443.2864239309424	18.0
0.8699232834384172	0.4541191416400692	0.11401070646551878	4.0	0.0	3156.732699661231	18.0
0.1802714660063964	0.4974700393578845	0.111336645798972	1.0	0.0	2846.945765674318	18.0
0.29865613196727436	0.21383694621102325	0.1000894444954871	6.0	0.0	1764.8657264502344	18.0
0.17258534726588384	0.8185561448792394	0.1209069438379142	7.0	0.0	4057.5584205295704	18.0
0.5152474694128321	0.3934349906597191	0.10809822230751416	5.0	0.0	2499.772120364746	19.0
0.6850420308471985	0.798226275663539	0.11700857049490553	2.0	0.0	3529.8617733977358	19.0
0.296555225089272	0.20245816054213958	0.10018953393998258	6.0	0.0	1773.0198688335215	19.0
0.17051359515973283	0.4877428369548705	0.11144798244477096	1.0	0.0	2859.420714454792	19.0
0.4502517111110784	0.7115083872296979	0.11644888315849866	3.0	0.0	3458.082695723499	19.0
0.8735421643185913	0.4509395855447034	0.11412471717198429	4.0	0.0	3170.417714799088	19.0
0.1801709283933423	0.8161651495503295	0.1210278507817521	7.0	0.0	4074.714581049333	19.0
0.3013640722180399	0.2038090861516568	0.10028972347392255	6.0	0.0	1781.2072805829062	20.0
0.45122975330428494	0.7053458278059335	0.11656533204165714	3.0	0.0	3472.936154453424	20.0
0.1770121774887818	0.8171827025882832	0.12114887863253383	7.0	0.0	4091.93626194635	20.0
0.5183442122616421	0.3867605119627239	0.10820632052982167	5.0	0.0	2510.8785761293398	20.0
0.6738021810950032	0.778711023187042	0.11712557906540041	2.0	0.0	3544.992398929038	20.0
0.876405911103541	0.4547685282664822	0.11423884188915626	4.0	0.0	3184.155968554849	20.0
0.1793521708859707	0.5037818546411801	0.11155943042721572	1.0	0.0	2871.944582088608	20.0
0.1716220839272103	0.8132301601072001	0.12127002751116635	7.0	0.0	4109.223693694897	21.0
0.6862231628471686	0.7772577506889011	0.1172427046444658	2.0	0.0	3560.1813961519815	21.0
0.29110166038080726	0.21226846421128676	0.10039001319739646	6.0	0.0	1789.4280839000344	21.0
0.18139018316779823	0.5015906756908911	0.11167098985764293	1.0	0.0	2884.5175436541062	21.0
0.4489022578561726	0.696530119225473	0.11668189737369879	3.0	0.0	3487.847002859313	21.0
0.5110848116858925	0.37692591629440514	0.10831452685035148	5.0	0.0	2522.029036258442	21.0
0.8707725809526781	0.456274807263776	0.1143530807310454	4.0	0.0	3197.947650477768	21.0
0.1692697286253654	0.48380177805649915	0.11178266084750056	1.0	0.0	2897.1397748170175	22.0
0.8618408042745758	0.4547706648564749	0.11446743381177643	4.0	0.0	3211.7929507510703	22.0
0.44758213529183233	0.6902677513032005	0.11679857927107247	3.0	0.0	3502.8154443561148	22.0
0.7003850194512767	0.7779269472714941	0.11735994734911026	2.0	0.0	3575.4289717564234	22.0
0.17370634564770465	0.8093909472250748	0.1213912975386775	7.0	0.0	4126.577107534526	22.0
0.5135945898488076	0.37933503353860776	0.10842284137720182	5.0	0.0	2533.22365930885	22.0
0.2862601244935808	0.19884974601594957	0.10049040321059384	6.0	0.0	1797.6824014028543	22.0
0.8728662619972504	0.4806367848971856	0.11458190124558819	4.0	0.0	3225.6920601939887	23.0
0.692241366937708	0.7770779258937269	0.11747730729645936	2.0	0.0	3590.735333121251	23.0
0.2856213545247525	0.20898234441921834	0.10059089361380442	6.0	0.0	1805.9703561269696	23.0
0.4488144045252956	0.6930606742373944	0.11691537785034353	3.0	0.0	3517.8416830373044	23.0
0.18588206854459954	0.4884686004423978	0.11189444350834805	1.0	0.0	2909.811451832353	23.0
0.1747689491498056	0.8067614408715859	0.12151268883621616	7.0	0.0	4143.996735472524	23.0
0.5159250423454418	0.3777578998477526	0.108531264218579	5.0	0.0	2544.462604371458	23.0
0.44973187775014667	0.6909452705402258	0.11703229322819386	3.0	0.0	3532.925923677058	24.0
0.18411385672564978	0.4875725538586882	0.1120063379518564	1.0	0.0	2922.5327515463036	24.0
0.689287695822218	0.7874663108115709	0.1175947846037558	2.0	0.0	3606.1006883166074	24.0
0.517834362393324	0.3769933120759533	0.10863979548279758	5.0	0.0	2555.7460310729766	24.0
0.8674393868822381	0.5056009239798762	0.11469648314683377	4.0	0.0	3239.6451702638124	24.0
0.1910686188239188	0.8027313708711202	0.12163420152505236	7.0	0.0	4161.482810286372	24.0
0.26471103119134876	0.20491703029572467	0.10069148450741822	6.0	0.0	1814.2920715269947	24.0
0.26264838354630876	0.20572798743965498	0.10079217599192562	6.0	0.0	1822.6476714779196	25.0
0.6859994507628593	0.7801388062419752	0.11771237938835954	2.0	0.0	3621.5252461061027	25.0
0.449416128967015	0.6972090278262584	0.11714932552142204	3.0	0.0	3548.0683717324437	25.0
0.5174534985681005	0.37382455877222825	0.10874843527828036	5.0	0.0	2567.074099577664	25.0
0.18481976009889992	0.7977755965145618	0.1217558357265774	7.0	0.0	4179.035565526206	25.0
0.18237012279191891	0.48128954618399633	0.11211834428980824	1.0	0.0	2935.3038513981437	25.0
0.8840088295474039	0.5133520906660758	0.1148111796299806	4.0	0.0	3253.6524730579345	25.0
0.19961129607276987	0.811973881012146	0.12187759156230396	7.0	0.0	4196.655235517288	26.0
0.6766107029832269	0.7822179961831053	0.11783009176774789	2.0	0.0	3637.009215949038	26.0
0.2580476720248592	0.20760403901214744	0.10089296816791754	6.0	0.0	1831.037280276477	26.0
0.16472104077716576	0.4653848230610337	0.11223046263409804	1.0	0.0	2948.1249294221448	26.0
0.438651803461733	0.6870459378084804	0.11726647484694346	3.0	0.0	3563.2692333456107	26.0
0.5415427095765257	0.37866548914847975	0.10885718371355863	5.0	0.0	2578.4469705890656	26.0
0.8696234827064393	0.5162429475924809	0.11492599080961056	4.0	0.0	3267.71416131591	26.0
0.2577120134094276	0.21025568010610168	0.10099386113608545	6.0	0.0	1839.4610226425102	27.0
0.5494440169567099	0.3731719699220748	0.10896604089727217	5.0	0.0	2589.864805351752	27.0
0.44974214856433764	0.6907733290357027	0.11738374132179039	3.0	0.0	3578.5287153459853	27.0
0.6805325385860661	0.7831094192875002	0.11794792185951562	2.0	0.0	3652.5528080026447	27.0
0.19918726501690673	0.80749712596034	0.12199946915386625	7.0	0.0	4214.342055362498	27.0
0.8680786096649851	0.5315274415694372	0.11504091680042017	4.0	0.0	3281.830428421525	27.0
0.16845698641183038	0.47079447233087734	0.11234269309673213	1.0	0.0	2960.9961642494877	27.0
0.20907136396743486	0.7908247789128207	0.1221214686230201	7.0	0.0	4232.096260944811	28.0
0.6819147548232247	0.7815059306270719	0.11806586978137512	2.0	0.0	3668.1562331243135	28.0
0.2538035983885221	0.21508942586812493	0.10109485499722153	6.0	0.0	1847.9190237203497	28.0
0.45764583835402195	0.701623069324901	0.11750112506311217	3.0	0.0	3593.847025252484	28.0
0.19057853705540978	0.48362832955067514	0.11245503578982885	1.0	0.0	2973.917735110187	28.0
0.8750553369604351	0.534270433982661	0.11515595771722058	4.0	0.0	3296.0014684048624	28.0
0.5541901045688699	0.37904171015149246	0.10907500693816943	5.0	0.0	2601.327765653065	28.0
0.19972277070318256	0.4812448639716908	0.11256749082561866	1.0	0.0	2986.8898218350187	29.0
0.46039087717709004	0.7233271664140463	0.11761862618817527	3.0	0.0	3609.2243712757195	29.0
0.8707966714211631	0.5411541094009823	0.11527111367493778	4.0	0.0	3310.2274759443817	29.0
0.5557556760140178	0.3775577545376672	0.10918408194510759	5.0	0.0	2612.836013824875	29.0
0.7101469417328601	0.7674714558967928	0.11818393565115648	2.0	0.0	3683.8197028738527	29.0
0.2583737872601988	0.22390063142780808	0.10119594985221873	6.0	0.0	1856.411409080194	29.0
0.2119371385549305	0.8058169251603112	0.12224359009164311	7.0	0.0	4249.9180889298	29.0
