# x	y	r	id	split_id	s_prob	t
2.0	0.5	0.0	-1.0	0.0	0.0	0.0
0.3462045005205411	0.3574494770602719	0.11404973177016348	1.0	0.0	3161.4125709809564	0.0
0.3984794526610502	0.12983285848834755	0.10627619184141664	2.0	0.0	2317.466357363053	0.0
0.8845972929046838	0.7358551349996945	0.11168771809428556	3.0	0.0	2886.4060058029095	0.0
0.10600417153522146	0.2662151863659108	0.10600417153522146	4.0	0.0	2291.034174936258	0.0
0.7649794736104616	0.17469153926723502	0.10381257137328742	5.0	0.0	2085.37102172701	0.0
0.19322544515278803	0.08554890491804415	0.08554890491804415	6.0	0.0	826.6377392632297	0.0
0.24542207589338377	0.775381023114307	0.09247674258381101	7.0	0.0	1215.2242163015892	0.0
0.9579158316633266	0.6993987975951903	0.08917835671342685	-2.0	-1.0	1017.7883110641586	1.0
0.4085487526657991	0.1407965242513803	0.10638246803325804	2.0	0.0	2327.8481794414047	1.0
0.346241542018577	0.36039109500708555	0.11416378150193363	1.0	0.0	3175.1157941260144	1.0
0.24223838289562294	0.774926996223393	0.09256921932639481	7.0	0.0	1221.0993345740349	1.0
0.8816663453896942	0.7333446802309023	0.11179940581237983	3.0	0.0	2899.0356358257823	1.0
0.7669625680962026	0.1652841799584835	0.1039163839446607	5.0	0.0	2094.8234148315537	1.0
0.10616549301248471	0.26941544756273617	0.10611017570675667	4.0	0.0	2301.3105541815307	1.0
0.1880938682899704	0.08393141825449431	0.08563445382296218	6.0	0.0	830.8418483710944	1.0
0.259877445394884	0.7710343065053323	0.0926617885457212	7.0	0.0	1226.9992617747653	2.0
0.6653306613226453	0.3627254509018036	0.02444889779559118	-2.0	-1.0	0.0	2.0
0.765237547575202	0.17036373759249135	0.10402030032860535	5.0	0.0	2104.313823406258	2.0
0.8888701964373263	0.7429765140168257	0.1119112052181922	3.0	0.0	2911.7147381660675	2.0
0.3501356016471232	0.37003415687191277	0.11427794528343554	1.0	0.0	3188.8723207208363	2.0
0.1895405422601072	0.08771555335210461	0.08572008827678514	6.0	0.0	835.064412992947	2.0
0.39945297029583643	0.1325318188483132	0.1064888505012913	2.0	0.0	2338.27138937006	2.0
0.10545530775213759	0.2724950376689998	0.10621628588246342	4.0	0.0	2311.627939644331	2.0
0.8932985375088703	0.7418222567086041	0.11202311642341038	3.0	0.0	2924.443489758717	3.0
0.13258104951800634	0.282767451120486	0.10632250216834586	4.0	0.0	2321.9864797679106	3.0
0.2587151468944747	0.7940917372522525	0.09275445033426691	7.0	0.0	1232.9240911050551	3.0
0.755409160500657	0.1717022852392668	0.10412432062893394	5.0	0.0	2113.8423857766593	3.0
0.36896168788500494	0.37068630414683573	0.11439222322871896	1.0	0.0	3202.6823405315226	3.0
0.20446323787533333	0.08461884247080347	0.08580580836506191	6.0	0.0	839.3055042519734	3.0
0.3970614382367397	0.1268218032184092	0.10659533935179258	2.0	0.0	2348.736136881183	3.0
0.4308617234468938	0.3226452905811623	0.0012024048096192384	-2.0	-1.0	0.0	4.0
0.19640761814850044	0.09117478171429447	0.08589161417342696	6.0	0.0	843.5651935203966	4.0
0.27336640819877256	0.7892699908632761	0.09284720478460116	7.0	0.0	1238.8739160878456	4.0
0.39748867588722303	0.11472488991567537	0.10670193469114436	2.0	0.0	2359.242572212509	4.0
0.367818667675061	0.36724961651280763	0.11450661545194767	1.0	0.0	3216.546043958843	4.0
0.11265429313545272	0.2867719010893426	0.1064288246705142	4.0	0.0	2332.3863234969244	4.0
0.7592256835296606	0.1778712847805411	0.10422844494956286	5.0	0.0	2123.409240736933	4.0
0.8913179109305438	0.7427185712615982	0.11213513953983378	3.0	0.0	2937.2220681320528	4.0
0.39850357023344146	0.11238486385924801	0.10680863662583549	2.0	0.0	2369.79084610898	5.0
0.7755511022044087	0.4448897795591182	0.0655310621242485	-2.0	-1.0	182.14015960000626	5.0
0.27410691343757293	0.7863149615838921	0.09294005198938575	7.0	0.0	1244.8488305687936	5.0
0.8954998940397376	0.7471584680620711	0.11224727467937361	3.0	0.0	2950.0506514096764	5.0
0.18474474229326346	0.10429129325346759	0.08597750578760037	6.0	0.0	847.8435524202969	5.0
0.11400083557305184	0.29821052890948224	0.10653525349518471	4.0	0.0	2342.8276202790494	5.0
0.35204563841079617	0.3515261609994948	0.1146211220673996	1.0	0.0	3230.4636220402763	5.0
0.7680428911341728	0.17222261998142105	0.10433267339451241	5.0	0.0	2133.014527551416	5.0
0.7647865018806499	0.17364714651196506	0.10443700606790692	5.0	0.0	2142.658385956129	6.0
0.2623786945530021	0.7712362400090207	0.09303299204137512	7.0	0.0	1250.848928717331	6.0
0.35762908090277634	0.3694364231461406	0.114735743189467	1.0	0.0	3244.4352664520543	6.0
0.8908240905238289	0.738798420795121	0.11235952195405297	3.0	0.0	2962.9294183123893	6.0
0.4024468812119425	0.10949324352267957	0.10691544526246131	2.0	0.0	2380.3811098243864	6.0
0.783567134268537	0.10420841683366733	0.020240480961923844	-2.0	-1.0	0.0	6.0
0.12392152914072417	0.3016844337081825	0.10664178874867988	4.0	0.0	2353.3105200666173	6.0
0.1946749024046266	0.09792962543451122	0.08606348329338796	6.0	0.0	852.1406528244396	6.0
0.4009619599535271	0.10793649770444345	0.10702236070772377	2.0	0.0	2391.0135151230115	7.0
0.8995932105418497	0.7422461160627528	0.11247188147600701	3.0	0.0	2975.8585481601153	7.0
0.7758905628261578	0.17248948597732683	0.10454144307397481	5.0	0.0	2152.340956160305	7.0
0.3423983350030722	0.3798842360802688	0.11485047893265646	1.0	0.0	3258.4611695112203	7.0
0.10236977948721153	0.28863099380086676	0.10674843053742855	4.0	0.0	2363.835173318241	7.0
0.26417386496797	0.7692059530092918	0.09312602503341648	7.0	0.0	1256.8743050277249	7.0
0.20555850688441613	0.08356723732467262	0.08614954677668134	6.0	0.0	856.4565668571001	7.0
0.9135444259693448	0.7647967572925803	0.112584353357483	3.0	0.0	2988.8382208738303	8.0
0.2529863622679198	0.7676105017294201	0.09321915105844988	7.0	0.0	1262.9250543201413	8.0
0.7334669338677354	0.3787575150300601	0.05851703406813627	-2.0	-1.0	83.23914658285126	8.0
0.7880094886480737	0.16070912805610232	0.10464598451704878	5.0	0.0	2162.062378847921	8.0
0.20421533791059748	0.07935227297011789	0.08623569632345801	6.0	0.0	860.7913668948985	8.0
0.3980004489696639	0.1072437172557375	0.10712938306843148	2.0	0.0	2401.68821428128	8.0
0.35026656391353145	0.37297119417025715	0.1149653294115891	1.0	0.0	3272.541524177685	8.0
0.1097828511409677	0.2855535619366274	0.10685517896796597	4.0	0.0	2374.4017310004565	8.0
0.11095016686997988	0.29061541575234123	0.10696203414693392	4.0	0.0	2385.0103445893637	9.0
0.9191264754781292	0.7597664134015116	0.11269693771084047	3.0	0.0	3001.868616977495	9.0
0.3528351333290311	0.34585323677596735	0.11508029474100068	1.0	0.0	3286.6765240563004	9.0
0.3946607246789268	0.1017686679392163	0.1072365124514999	2.0	0.0	2412.4053600894176	9.0
0.7767781820029622	0.1619515809217805	0.10475063050156581	5.0	0.0	2171.822795179239	9.0
0.27159675237114694	0.7584722897094771	0.09331237020950832	7.0	0.0	1269.0012717417123	9.0
0.19446613765400672	0.08659616051131026	0.08632193201978146	6.0	0.0	865.1451255676291	9.0
0.8376753507014028	0.12625250501002003	0.007214428857715429	-2.0	-1.0	0.0	9.0
0.25250501002004005	0.4989979959919839	0.09238476953907815	-2.0	-1.0	1209.3998195257186	10.0
0.9171322633154162	0.7617294822237224	0.11280963464855129	3.0	0.0	3014.949917600001	10.0
0.11153180761926297	0.2924811712087276	0.10706899618108084	4.0	0.0	2395.6611660722733	10.0
0.2833450670206135	0.7425563854752272	0.09340568257971782	7.0	0.0	1275.1030527676082	10.0
0.7960061326544335	0.16237534161357187	0.10485538113206737	5.0	0.0	2181.6223467923473	10.0
0.33846912771872045	0.3496945192760711	0.11519537503574166	1.0	0.0	3300.866363398922	10.0
0.1776019375311268	0.08781929073204761	0.08640825395180123	6.0	0.0	869.5179157590985	10.0
0.3840096647350253	0.08771315379594342	0.1073437489639514	2.0	0.0	2423.16510585311	10.0
0.7923655772293404	0.15941270194373736	0.10496023651319943	5.0	0.0	2191.461175804708	11.0
0.9194650986778776	0.762137459612403	0.11292244428319982	3.0	0.0	3028.082304477114	11.0
0.17353246535826913	0.08535449732469504	0.08649466220575301	6.0	0.0	873.9098106079653	11.0
0.9318637274549098	0.16032064128256512	0.04529058116232464	-2.0	-1.0	6.974284844643989	11.0
0.2872190433466785	0.7643043238270021	0.09349908826229753	7.0	0.0	1281.230493202109	11.0
0.39264595445682354	0.1009176411804902	0.10745109271291534	2.0	0.0	2433.9676053951694	11.0
0.11326744827554534	0.29391187197576246	0.10717606517726191	4.0	0.0	2406.354347949361	11.0
0.34718094756022394	0.36504309264164464	0.11531057041077739	1.0	0.0	3315.1112371064974	11.0
