# x	y	r	id	split_id	s_prob	t
2.0	0.5	0.0	-1.0	0.0	0.0	0.0
0.29955248730608525	0.9335091349955635	0.09708649531268099	1.0	0.0	1531.6918792999822	0.0
0.47867420761541307	0.5116048320447335	0.11127357771589995	2.0	0.0	2839.8952943601157	0.0
0.3598404574497196	0.7141480934336446	0.11422518760758435	3.0	0.0	3182.5101896808583	0.0
0.6517338853647541	0.9261936278358557	0.11391127242665805	4.0	0.0	3144.829559985933	0.0
0.860485684383772	0.739165116958391	0.11875234308612428	5.0	0.0	3759.8530522364463	0.0
0.7841912935170621	0.2748311534744524	0.09565484050300069	6.0	0.0	1428.158368855901	0.0
0.5722238427618448	0.18542570181835308	0.1140053478558326	7.0	0.0	3156.090461971221	0.0
0.14622240083479549	0.3306848828808257	0.10612355526428799	8.0	0.0	2302.6097906266887	0.0
0.11644286204570077	0.761859008759308	0.11284134638807526	9.0	0.0	3018.637697845323	0.0
0.6216043142500386	0.6984882952295111	0.11335796943630032	10.0	0.0	3079.140411377723	0.0
0.37662117331045475	0.30702644606115653	0.11156610717490406	11.0	0.0	2872.6960344530467	0.0
0.6238072312305674	0.6843858857095931	0.11347132740573661	10.0	0.0	3092.5232352200865	1.0
0.7823019373982308	0.28147622594253136	0.09575049534350367	6.0	0.0	1434.9257997324535	1.0
0.11462070634225849	0.7512430078689135	0.11295418773446332	9.0	0.0	3031.7844834814414	1.0
0.6417432788646499	0.9341131027358519	0.1140251836990847	4.0	0.0	3158.468254232107	1.0
0.5762771275684252	0.18744774578056816	0.11411935320368842	7.0	0.0	3169.7729781903417	1.0
0.2988037857986267	0.9309375271878799	0.09718358180799366	1.0	0.0	1538.888577414596	1.0
0.13937617761695895	0.32934460820245137	0.10622967881955227	8.0	0.0	2312.9323594041666	1.0
0.8622453819466338	0.7325000208283353	0.1188710954292104	5.0	0.0	3775.8690126941888	1.0
0.35360703117869313	0.7158992190067972	0.11433941279519193	3.0	0.0	3196.2954720824355	1.0
0.4641723875588885	0.5077260069795935	0.11138485129361583	2.0	0.0	2852.3425882524734	1.0
0.3748174701949335	0.2942962136729013	0.11167767328207895	11.0	0.0	2885.2719412024567	1.0
0.6100838190539465	0.6854049738398621	0.11358479873314233	10.0	0.0	3105.958220985683	2.0
0.13716250122682175	0.32888523303714795	0.10633590849837181	8.0	0.0	2323.2961016035665	2.0
0.3425236737936984	0.7153626874147629	0.1144537522079871	3.0	0.0	3210.1343500567727	2.0
0.6266101877392869	0.9428925926516489	0.11413920888278377	4.0	0.0	3172.1600221433428	2.0
0.4491187396465845	0.4975469689584021	0.11149623614490943	2.0	0.0	2864.838702005257	2.0
0.5741576335811043	0.18693939596593276	0.11423347255689209	7.0	0.0	3183.5087241292845	2.0
0.779572405920018	0.28578386887468915	0.09584624583884717	6.0	0.0	1441.7213750198348	2.0
0.08726868499080322	0.7525354852415551	0.11306714192219777	9.0	0.0	3044.982589103731	2.0
0.29564288448144815	0.9279718911155566	0.09728076538980164	1.0	0.0	1546.115013373884	2.0
0.3632053570983966	0.2882577850237546	0.11178935095536102	11.0	0.0	2897.897128086362	2.0
0.8490756522525625	0.7168272266982427	0.1189899665246396	5.0	0.0	3791.94647527398	2.0
0.3571160408882819	0.27965468021117046	0.11190114030631637	11.0	0.0	2910.5717713951185	3.0
0.6418667802139053	0.938294040635706	0.11425334809166654	4.0	0.0	3185.9050527171225	3.0
0.3431439719662128	0.7274562197128193	0.11456820596019508	3.0	0.0	3224.0270143469365	3.0
0.4416402368256538	0.5011979700207273	0.11160773238105433	2.0	0.0	2877.3838103646517	3.0
0.07939015826051093	0.7677250803496006	0.11318020906411996	9.0	0.0	3058.23219783969	3.0
0.7784126798753784	0.2883252390651395	0.095942092084686	6.0	0.0	1448.5451993980405	3.0
0.5785975720440106	0.17556864504150663	0.11434770602944896	7.0	0.0	3197.297889307541	3.0
0.2927499709356153	0.9335493533680901	0.09737804615519143	1.0	0.0	1553.3712973194315	3.0
0.6088717039861941	0.680295967360441	0.11369838353187546	10.0	0.0	3119.4455546210766	3.0
0.34669338677354705	0.8577154308617234	0.08436873747494988	-2.0	-1.0	770.0803415369656	3.0
0.8625322503940335	0.6981082651098518	0.11910895649116422	5.0	0.0	3808.0856570926017	3.0
0.140984071910829	0.3250756733365834	0.10644224440687017	8.0	0.0	2333.7011662329073	3.0
0.5862212287379034	0.18631574357919892	0.1144620537354784	7.0	0.0	3211.1406638784765	4.0
0.44530984936366863	0.5052003054182517	0.11171934011343537	2.0	0.0	2889.97808866316	4.0
0.13847525519287618	0.32913090608759143	0.10654868665127702	8.0	0.0	2344.147702803437	4.0
0.2790181736070528	0.9480189418734677	0.09747542420134661	1.0	0.0	1560.6575397698564	4.0
0.7771627071777866	0.2907351539924482	0.09603803417677068	6.0	0.0	1455.397377906276	4.0
0.866339819586088	0.6948469544972209	0.11922806544765538	5.0	0.0	3824.28677598932	4.0
0.0787250192786304	0.7615342141235284	0.11329338927318407	9.0	0.0	3071.533493430126	4.0
0.3558093836337125	0.28225342619062227	0.11201304144662268	11.0	0.0	2923.2960480103748	4.0
0.6084890067678784	0.6873600938583488	0.11381208191540733	10.0	0.0	3132.985422695206	4.0
0.6393333203344531	0.9549331717797929	0.11436760143975819	4.0	0.0	3199.703535583127	4.0
0.33526129033269403	0.731219575158245	0.11468277416615527	3.0	0.0	3237.973656333802	4.0
0.6237001572891178	0.6914273570829813	0.11392589399732272	10.0	0.0	3146.5780124013995	5.0
0.6273513326327538	0.9438588848468265	0.11448196904119794	4.0	0.0	3213.5556610052654	5.0
0.7920703804327476	0.2889909350583105	0.09613407221094744	6.0	0.0	1462.2780159441297	5.0
0.4511309332135914	0.5033654843201057	0.11183105945354879	2.0	0.0	2902.621712821493	5.0
0.12950461475917674	0.32592613590008807	0.10665523533792828	8.0	0.0	2354.635861331263	5.0
0.8579461344117214	0.6919669531961035	0.11934729351310303	5.0	0.0	3840.550050528205	5.0
0.27835870923631134	0.9742001809439584	0.09757289962554795	1.0	0.0	1567.973851622036	5.0
0.3332684835500194	0.7443078319215287	0.11479745694032141	3.0	0.0	3251.9744680381004	5.0
0.06432212889877673	0.754461999878633	0.11340668266245724	9.0	0.0	3084.8866602311323	5.0
0.5746321174174274	0.19405274583728183	0.11457651578921386	7.0	0.0	3225.0372386313743	5.0
0.35999591234644907	0.2824512541157178	0.11212505448806928	11.0	0.0	2936.0701354069797	5.0
0.33784798708663116	0.7447561446335148	0.11491225439726171	3.0	0.0	3266.0296421224843	6.0
0.5679436437715827	0.20921208840053773	0.11469109230500307	7.0	0.0	3238.9878049934664	6.0
0.6322862698031496	0.6879016823844127	0.11403981989132003	10.0	0.0	3160.223511559373	6.0
0.7861513346858582	0.29081574723475073	0.09623020628315838	6.0	0.0	1469.1872192727492	6.0
0.34285531277255216	0.28869671241970873	0.11223717954255734	11.0	0.0	2948.894211654892	6.0
0.8840423726639092	0.6972850749128067	0.11946664080661612	5.0	0.0	3856.8757000004503	6.0
0.4472849212789177	0.5016540965079791	0.11194289051300232	2.0	0.0	2915.314859350464	6.0
0.6320734327392025	0.9462893068924294	0.11459645101023912	4.0	0.0	3227.4616198837116	6.0
0.2802783147092604	0.9630164311845195	0.09767047252517348	1.0	0.0	1575.3203441523428	6.0
0.051905549948626895	0.7555198705320474	0.11352008934511969	9.0	0.0	3098.291883216066	6.0
0.10933947418430026	0.33356259661258786	0.1067618905732662	8.0	0.0	2365.1657923389816	6.0
0.44080611121478963	0.5081943810147418	0.11205483340351531	2.0	0.0	2928.057705352892	7.0
0.06025000158534955	0.7835229400419893	0.1136336094344648	9.0	0.0	3111.7493479775285	7.0
0.6238864696624009	0.9477210820922761	0.11471104746124934	4.0	0.0	3241.4216037569586	7.0
0.7822489441120326	0.2924070415244215	0.09632643648944153	6.0	0.0	1476.125094016021	7.0
0.2745398939839788	0.9589185597981806	0.09776814299769865	1.0	0.0	1582.697129017884	7.0
0.34449496563721954	0.2922897721187752	0.11234941672209989	11.0	0.0	2961.768455421095	7.0
0.881847330378651	0.6970282518492943	0.11958610744742272	5.0	0.0	3873.2639444267056	7.0
0.721442885771543	0.3807615230460922	0.09819639278557113	-2.0	-1.0	1615.3135758498972	7.0
0.6324425412105215	0.6630803861219915	0.11415385971121134	10.0	0.0	3173.922108617254	7.0
0.1014961797844959	0.3466046618413193	0.10686865246383945	8.0	0.0	2375.7376468573166	7.0
0.5665714770602218	0.2106688801743	0.11480578339730807	7.0	0.0	3252.992555032002	7.0
0.33797549984149705	0.7245027155578277	0.11502716665165896	3.0	0.0	3280.139371893587	7.0
0.1008447722554134	0.3595271460263656	0.10697552111630328	8.0	0.0	2386.351576426764	8.0
0.18036072144288576	0.6112224448897795	0.08577154308617235	-2.0	-1.0	837.6084751331658	8.0
0.28416346845666746	0.957546140535272	0.09786591114069633	1.0	0.0	1590.104318257736	8.0
0.44363825495523973	0.5253414258208038	0.11216688823691881	2.0	0.0	2940.8504285255044	8.0
0.6398730935545809	0.6727588125205112	0.11426801357092253	10.0	0.0	3187.673992653595	8.0
0.5658646167410897	0.2135669077702067	0.11492058918070537	7.0	0.0	3267.0516814562916	8.0
0.3418075210046888	0.2887433254514249	0.11246176613882197	11.0	0.0	2974.69304597152	8.0
0.3353370873571214	0.7256175400117727	0.1151421938183106	3.0	0.0	3294.30385130409	8.0
0.7989014066730835	0.28232099640770525	0.09642276292593097	6.0	0.0	1483.0917466617575	8.0
0.07540660016923	0.7925730376334966	0.11374724304389924	9.0	0.0	3125.2592407293705	8.0
0.6220963845040506	0.9503131253971828	0.11482575850871057	4.0	0.0	3255.4358048038616	8.0
0.8841400501802945	0.6861520988856137	0.11970569355487012	5.0	0.0	3889.715004559419	8.0
0.7969774125730938	0.27772727317451806	0.09651918568885688	6.0	0.0	1490.0872840628813	9.0
0.6172820172940131	0.9531878134646317	0.11494058426721927	4.0	0.0	3269.504415845706	9.0
0.07291675831209546	0.7963798906283732	0.11386099028694313	9.0	0.0	3138.8217483086796	9.0
0.6301455979353543	0.6563506215788063	0.11438228158449344	10.0	0.0	3201.4793533794077	9.0
0.2836887006587007	0.9600298628391035	0.09796377705183701	1.0	0.0	1597.5420242941964	9.0
0.33965686744091467	0.28958888328378457	0.11257422790496079	11.0	0.0	2987.668163172978	9.0
0.569485930094916	0.23735078857955166	0.11503550976988607	7.0	0.0	3281.165377619778	9.0
0.884734321718103	0.6839012138412497	0.11982539924842497	5.0	0.0	3906.229101885176	9.0
0.44523411513251915	0.5128499285105749	0.11227905512515572	2.0	0.0	2953.6932071608567	9.0
0.09949602288580345	0.36427084532847404	0.10708249663741957	8.0	0.0	2397.0077330992412	9.0
0.3362794167952918	0.7334135969543343	0.1152573360121289	3.0	0.0	3308.523274954804	9.0
0.2619313113161993	0.9510482899001437	0.09806174082888884	1.0	0.0	1605.0103599340296	10.0
0.8862201576523909	0.6837372846285931	0.11994522464767339	5.0	0.0	3922.80645862706	10.0
0.5658189538002075	0.2339616056931239	0.11515054527965594	7.0	0.0	3295.333837522106	10.0
0.7942066352582635	0.28360202856191774	0.09661570487454572	6.0	0.0	1497.1118134386193	10.0
0.3419581788124133	0.2823671966690161	0.11268680213286573	11.0	0.0	3000.6939874950913	10.0
0.6325554128669647	0.664322603956784	0.11449666386607792	10.0	0.0	3215.33838114019	10.0
0.6108036043869958	0.9561195603332263	0.11505552485148648	4.0	0.0	3283.6276303482637	10.0
0.4440820463524055	0.5222090180490502	0.11239133418028087	2.0	0.0	2966.586220149242	10.0
0.07637626816575986	0.7973517535993822	0.11397485127723006	9.0	0.0	3152.437058177792	10.0
0.34784829977663256	0.7483221212343533	0.11537259334814101	3.0	0.0	3322.7978380967515	10.0
0.10129726715871903	0.3634693326062853	0.10718957913405698	8.0	0.0	2407.7062694397346	10.0
0.10086256651603139	0.3614072094109903	0.10729676871319102	8.0	0.0	2418.447338527966	11.0
0.3295476576627484	0.2885622802202292	0.11279948893499858	11.0	0.0	3013.7707000122346	11.0
0.1943887775551102	0.7094188376753506	0.03186372745490982	-2.0	-1.0	0.0	11.0
0.8942725775385315	0.708467097619109	0.12006516987232105	5.0	0.0	3939.4472977469995	11.0
0.6138295277828792	0.9577746509154148	0.11517058037633796	4.0	0.0	3297.805642423869	11.0
0.7880045477808363	0.2647051927224018	0.09671232057942027	6.0	0.0	1504.1654423756988	11.0
0.10296507445049556	0.7914839829712984	0.11408882612850728	9.0	0.0	3166.1053584263	11.0
0.2627366092900807	0.9538806111028555	0.09815980256971772	1.0	0.0	1612.5094383697192	11.0
0.35559152223635115	0.7506029591237536	0.11548796594148913	3.0	0.0	3337.127736633252	11.0
0.5607974970967575	0.22897969995631456	0.1152656958249356	7.0	0.0	3309.5572558112	11.0
0.004008016032064128	0.48096192384769537	0.05110220440881763	-2.0	-1.0	26.719970874556594	11.0
0.6276962093807309	0.6770330576168779	0.11461116052994398	10.0	0.0	3229.2512669179764	11.0
0.44779300252728954	0.520883275276915	0.11250372551446114	2.0	0.0	2979.5296469806244	11.0
0.10354909053129456	0.7960976021908905	0.11420291495463578	9.0	0.0	3179.826837773072	12.0
0.9014091450013023	0.7102793555786285	0.12018523504219336	5.0	0.0	3956.1518429481494	12.0
0.5709713893470085	0.23600683977966966	0.11538096152076052	7.0	0.0	3323.8358277853436	12.0
0.24251438029548372	0.9624252323589918	0.09825796237228743	1.0	0.0	1620.0393731807246	12.0
0.7941830409116374	0.26712331744179235	0.09680903289999968	6.0	0.0	1511.2482788295422	12.0
0.0934401551974733	0.3713312669238963	0.1074040654819042	8.0	0.0	2429.231093960055	12.0
0.4406803320779157	0.5394882315012027	0.1126162292399756	2.0	0.0	2992.5236677465664	12.0
0.648163874756639	0.6772263531442306	0.11472577169047392	10.0	0.0	3243.2182023333744	12.0
0.6221374343189632	0.9653567632443623	0.11528575095671428	4.0	0.0	3312.0386468335014	12.0
0.3322927406923488	0.29602303636309885	0.11291228842393357	11.0	0.0	3026.898482405486	12.0
0.34835878987464874	0.7502155360374383	0.11560345390743061	3.0	0.0	3351.5131671220265	12.0
0.3292843515731569	0.2753926910587127	0.11302520071235748	11.0	0.0	3040.0775169645744	13.0
0.34593331279477696	0.7458789331490486	0.11571905736133803	3.0	0.0	3365.954326777292	13.0
0.5693094114369929	0.22492237067918538	0.11549634248228127	7.0	0.0	3338.169749395275	13.0
0.620261023244916	0.9569795261453142	0.11540103670767099	4.0	0.0	3326.3268389888617	13.0
0.45893312778431994	0.5396606099189134	0.11272884546921555	2.0	0.0	3005.5684631421664	13.0
0.6447858508345579	0.6731019523139485	0.11484049746216438	10.0	0.0	3257.239379647622	13.0
0.9019035959177142	0.7081952688422198	0.12030542027723554	5.0	0.0	3972.9203186772575	13.0
0.781314086172613	0.27712754986545335	0.09690584193289967	6.0	0.0	1518.3604311254755	13.0
0.0975696283713886	0.3892379814680066	0.1075114695473861	8.0	0.0	2440.057689850182	13.0
0.1143171178695904	0.7863151781406579	0.1143171178695904	9.0	0.0	3193.601685568274	13.0
0.24033538755327857	0.9724982207419478	0.09835622033465971	1.0	0.0	1627.6002783347462	13.0
0.571237451514522	0.22643176379985167	0.11561183882476354	7.0	0.0	3352.5592172462816	14.0
0.9022944512731574	0.7059181194232309	0.12042572569751275	5.0	0.0	3989.7529501270506	14.0
0.6510414100181962	0.6800102229614894	0.11495533795962652	10.0	0.0	3271.3149917646483	14.0
0.3512091739500865	0.7513512813100051	0.11583477641869935	3.0	0.0	3380.4514134718756	14.0
0.10513086565566979	0.38685465938315616	0.10761898101693347	8.0	0.0	2450.9272808322717	14.0
0.4674560683245171	0.5325527660799171	0.11284157431468475	2.0	0.0	3018.664214468003	14.0
0.11443143498745997	0.7803110812350992	0.11443143498745997	9.0	0.0	3207.4300917954047	14.0
0.7967434266458293	0.2695513204693973	0.09700274777483256	6.0	0.0	1525.5020079599328	14.0
0.6390883512119037	0.9428055341336286	0.11551643774437864	4.0	0.0	3340.670414954467	14.0
0.32272261625563725	0.27866611444581435	0.11313822591306982	11.0	0.0	3053.3079865898426	14.0
0.24398125849086189	0.9807596678924483	0.09845457655499436	1.0	0.0	1635.192268188984	14.0
0.6531255283503195	0.6847338513125777	0.11507029329758614	10.0	0.0	3285.4452322331413	15.0
0.793844105264281	0.26182188012819235	0.09709975052260739	6.0	0.0	1532.6731184016658	15.0
0.6427290598026307	0.9374621542949961	0.115631954182123	4.0	0.0	3355.0695714497556	15.0
0.24227764044634661	0.9819282963205969	0.09855303113154934	1.0	0.0	1642.8154574914117	15.0
0.5804586259576854	0.23242144022478392	0.11572745066358829	7.0	0.0	3367.0044286003003	15.0
0.3283704890534962	0.27473933419155666	0.11325136413898287	11.0	0.0	3066.5900747942123	15.0
0.10102825185323952	0.786174382112837	0.11454586642244742	9.0	0.0	3221.3122470733283	15.0
0.4593647400982424	0.5447601076910644	0.11295441588899942	2.0	0.0	3031.811103632083	15.0
0.9082896245166711	0.7023893752281228	0.12054615142321025	5.0	0.0	4006.649963238624	15.0
0.10080887974119702	0.38549235793789016	0.1077265999979504	8.0	0.0	2461.8400220616654	15.0
0.3495493706528893	0.7645142960838106	0.11595061119511804	3.0	0.0	3395.0046257393305	15.0
0.5779634272746009	0.23222466866175145	0.11584317811425186	7.0	0.0	3381.5055813780364	16.0
0.1256001746376039	0.3813174172368967	0.10783432659794834	8.0	0.0	2472.7960692168103	16.0
0.6429577325541959	0.6776700934787266	0.11518536359088372	10.0	0.0	3299.6302952486126	16.0
0.4415219966197198	0.5415483759991975	0.1130673703048884	2.0	0.0	3045.009313151798	16.0
0.32213356962868567	0.2559869589708882	0.11336461550312184	11.0	0.0	3079.9239657051544	16.0
0.3589802757803142	0.764321105315973	0.11606656180631315	3.0	0.0	3409.6141627760567	16.0
0.23509960341863947	0.9966637621409481	0.09865158416268088	1.0	0.0	1650.4699613820474	16.0
0.6363684682826612	0.931730216116069	0.11574758613630512	4.0	0.0	3369.524505851178	16.0
0.11466041228886986	0.7931087943776602	0.11466041228886986	9.0	0.0	3235.2483426583176	16.0
0.79265030313816	0.257905864850353	0.09719685027312998	6.0	0.0	1539.873871892959	16.0
0.9051548706197228	0.7187886723249716	0.12066669757463344	5.0	0.0	4023.6115847038377	16.0
0.14167285039110128	0.399436579258822	0.10794216092454627	8.0	0.0	2483.795578500948	17.0
0.6312952125468821	0.6760072073438002	0.11530054895447459	10.0	0.0	3313.8703756554874	17.0
0.7927904836745368	0.2558849378452965	0.0972940471234031	6.0	0.0	1547.1043782508511	17.0
0.35777028160875424	0.7578811460871164	0.11618262836811945	3.0	0.0	3424.28022444343	17.0
0.3267359042593533	0.2442155743241384	0.11347798011862495	11.0	0.0	3093.3098440666686	17.0
0.1068954169295512	0.8119810514886953	0.11477507270115872	9.0	0.0	3249.2385704461058	17.0
0.23525123882943796	0.9990691049033109	0.09875023574684355	1.0	0.0	1658.1558953942288	17.0
0.6218983647821126	0.9291180091294283	0.11586333372244141	4.0	0.0	3384.0354161943183	17.0
0.44993046245206025	0.5235262448378113	0.11318043767519329	2.0	0.0	3058.259026155884	17.0
0.5727530189757366	0.2209945598373199	0.1159590212923661	7.0	0.0	3396.062874161069	17.0
0.9134366501692865	0.7285194545457397	0.12078736427220806	5.0	0.0	4040.63804196772	17.0
0.9220820977985281	0.7446862977926899	0.12090815163648025	5.0	0.0	4057.7295632308824	18.0
0.620047535928014	0.9333128897719902	0.11597919705616384	4.0	0.0	3398.6025011760075	18.0
0.2402250065415576	1.000420571954366	0.09884898598259038	1.0	0.0	1665.873375455898	18.0
0.5676797266016265	0.21737166415753736	0.11607498031365845	7.0	0.0	3410.676506193981	18.0
0.4574285763631972	0.5150460899347795	0.11329361811286846	2.0	0.0	3071.5604263863897	18.0
0.3622340081549923	0.7560937873638662	0.11629881099648755	3.0	0.0	3439.003011269942	18.0
0.32913277241259814	0.24359082511489064	0.11359145809874356	11.0	0.0	3106.747895241265	18.0
0.11613648935032753	0.8083170712139215	0.11488984777385987	9.0	0.0	3263.2831229739386	18.0
0.6401288039446362	0.7020189191315201	0.11541584950342905	10.0	0.0	3328.1656689491824	18.0
0.790661529277175	0.24128540879013877	0.09739134117052649	6.0	0.0	1554.3647476683514	18.0
0.1431656325472689	0.4063035184414907	0.1080501030854708	8.0	0.0	2494.8387066438127	18.0
0.9241383674719864	0.7430555346459583	0.12102905978811672	5.0	0.0	4074.8863774519414	19.0
0.4774200964510222	0.5357421196877953	0.11340691173098132	2.0	0.0	3084.9136982006544	19.0
0.3252170724766891	0.2501019684402692	0.1137050495568423	11.0	0.0	3120.2383052119567	19.0
0.6444996803840845	0.6948014001362984	0.11553126535293247	10.0	0.0	3342.5163712782	19.0
0.369182983104523	0.7424874368463538	0.11641510980748403	3.0	0.0	3453.782724453341	19.0
0.12009114436854126	0.7906615141823471	0.11500473762163371	9.0	0.0	3277.3821934226435	19.0
0.24379451556987228	0.9985548592447702	0.09894783496857297	1.0	0.0	1673.6225178908833	19.0
0.1452386275895659	0.40317715088583667	0.10815815318855626	8.0	0.0	2505.9256109033277	19.0
0.7912319528426396	0.24426954911777482	0.097488732511697	6.0	0.0	1561.6550907156716	19.0
0.6339222012757155	0.9426387655647632	0.11609517625322	4.0	0.0	3413.2259601564506	19.0
0.5738817243591257	0.22635215689520516	0.1161910552939721	7.0	0.0	3425.346677386487	19.0
0.6404300922733805	0.949548014995933	0.1162112714294732	4.0	0.0	3427.9059931613524	20.0
0.8047963009034974	0.2457700925230788	0.09758622124420868	6.0	0.0	1568.9755183414518	20.0
0.6540930096017208	0.7079777879833309	0.11564679661828539	10.0	0.0	3356.9226794462265	20.0
0.38204665812213534	0.7564936769336351	0.1165315249172915	3.0	0.0	3468.619565862779	20.0
0.12018554494831417	0.7876636507366739	0.11511974235925533	9.0	0.0	3291.535975618691	20.0
0.13763794686439615	0.4151053354703707	0.1082663113417448	8.0	0.0	2517.056449067316	20.0
0.2704243750852252	0.989417748612243	0.09904678280354154	1.0	0.0	1681.4034394201894	20.0
0.3151251194704561	0.2630763727082434	0.11381875460639913	11.0	0.0	3133.781260584254	20.0
0.5634581138012572	0.2176491096138475	0.11630724634926606	7.0	0.0	3440.073588315571	20.0
0.9277054207659068	0.7431790995789848	0.12115008884790482	5.0	0.0	4092.108714349937	20.0
0.4829288797673377	0.52958041350627	0.11352031864271228	2.0	0.0	3098.319026573283	20.0
0.9369044540970751	0.7332887135504041	0.1212712389367527	5.0	0.0	4109.396804406779	21.0
0.3992707341399572	0.7520965734553483	0.11664805644220878	3.0	0.0	3483.5137380409656	21.0
0.6371026553266698	0.9354202357009185	0.11632748270090267	4.0	0.0	3442.6428008840653	21.0
0.8164612794603843	0.23675587141564472	0.09768380746545288	6.0	0.0	1576.3261418739964	21.0
0.11153987628200435	0.4163385593430755	0.10837457765308654	8.0	0.0	2528.2313794552115	21.0
0.2491702503810875	0.9930131575788202	0.09914582958634507	1.0	0.0	1689.2162571632905	21.0
0.31016244812658256	0.25701719542495177	0.11393257336100553	11.0	0.0	3147.3769485881708	21.0
0.12176838802643243	0.796695326077073	0.11523486210161457	9.0	0.0	3305.7446640362755	21.0
0.6358711688233586	0.6989102064571018	0.11576244341490366	10.0	0.0	3371.3847909142387	21.0
0.5609737963168142	0.22115126164879012	0.11642355359561532	7.0	0.0	3454.857440227627	21.0
0.48031939503296955	0.5234988032621747	0.11363383896135498	2.0	0.0	3111.776597098133	21.0
0.120351976488207	0.8059979629688903	0.11535009696371618	9.0	0.0	3320.0084537993957	22.0
0.2894475231279136	0.2501998905707308	0.11404650593436652	11.0	0.0	3161.0255570802265	22.0
0.8133423123916809	0.2556394708996134	0.09778149127291832	6.0	0.0	1583.7070730225103	22.0
0.4799689171253529	0.51688541785386	0.11374747280031633	2.0	0.0	3125.286595990312	22.0
0.6268363879507804	0.946598363683012	0.11644381018360356	4.0	0.0	3457.4365846877195	22.0
0.9361352379317358	0.7350933223177121	0.12139251017568944	5.0	0.0	4126.750878869683	22.0
0.6392947818849812	0.6927889982152385	0.11587820585831855	10.0	0.0	3385.9029038026188	22.0
0.5600054341850084	0.22400273570328177	0.11653997714921092	7.0	0.0	3469.698435040612	22.0
0.39990454123654023	0.74718855552258	0.11676470449865098	3.0	0.0	3498.4654442063425	22.0
0.11127079656431445	0.4377072881647999	0.10848295223073962	8.0	0.0	2539.450560919771	22.0
0.25297544962453117	0.9824667323298417	0.09924497541593141	1.0	0.0	1697.061088639428	22.0
0.29058116232464926	0.0721442885771543	0.07434869739478957	-2.0	-1.0	389.91599760418165	22.0
0.10821643286573146	0.18036072144288576	0.01503006012024048	-2.0	-1.0	0.0	23.0
0.5618109469906181	0.2228460501530642	0.11665651712636012	7.0	0.0	3484.5967753462	23.0
0.6493206930099579	0.6790541275869303	0.11599408406417686	10.0	0.0	3400.4772168932627	23.0
0.9339276550907856	0.7382053604477627	0.12151390268586512	5.0	0.0	4144.171169753622	23.0
0.8121777704274391	0.2512286083156292	0.09787927276419123	6.0	0.0	1591.118423878341	23.0
0.2507059641358291	0.9886348801120428	0.09934422039134734	1.0	0.0	1704.9380517689112	23.0
0.10325457942650736	0.438390255743513	0.10859143518297035	8.0	0.0	2550.7141528488055	23.0
0.3975653759304476	0.7472106464735069	0.11688146920314961	3.0	0.0	3513.4748882552394	23.0
0.6206881473336097	0.9496655088286017	0.11656025399378715	4.0	0.0	3472.2875466073874	23.0
0.27435519665844055	0.22545795844460112	0.11416055244030088	11.0	0.0	3174.727274545473	23.0
0.4654610559822766	0.5129340157937907	0.11386122027311664	2.0	0.0	3138.8492100881676	23.0
0.1092216260647612	0.7842043242892207	0.11546544706067988	9.0	0.0	3334.327540683941	23.0
0.6318599133685382	0.9328169172216205	0.11667681424778092	4.0	0.0	3487.195889352232	24.0
0.5539061009557228	0.2256140705929952	0.11677317364348647	7.0	0.0	3499.5526644119486	24.0
0.8129099552235675	0.24911635931299617	0.09797715203695541	6.0	0.0	1598.5603069162262	24.0
0.2744828634755655	0.9876613252527013	0.09944356461173867	1.0	0.0	1712.8472648744214	24.0
0.6603481217538079	0.6758812076601919	0.11611007814824102	10.0	0.0	3415.1079296317184	24.0
0.2840211085006465	0.2100516885627733	0.11427471299274117	11.0	0.0	3188.482290099504	24.0
0.46869863301274534	0.5136271565193204	0.11397508149338974	2.0	0.0	3152.4646268553015	24.0
0.0908768182285149	0.7951581210990174	0.11558091250774054	9.0	0.0	3348.7021211197875	24.0
0.3936464382792773	0.7452863405911104	0.11699835067235274	3.0	0.0	3528.542274764061	24.0
0.10928500695806967	0.43657259988566666	0.10870002661815331	8.0	0.0	2562.022315166901	24.0
0.9286876540597155	0.743630021342404	0.12163541658855097	5.0	0.0	4161.657909843783	24.0
0.6452242602539393	0.6596207134222075	0.11622618822638925	10.0	0.0	3429.7952421293085	25.0
0.9368645987454705	0.7510926128924779	0.1217570520051395	5.0	0.0	4179.211332698039	25.0
0.5564200814861756	0.22638911820699864	0.11688994681712994	7.0	0.0	3514.5663061834666	25.0
0.6174909168166063	0.9452821295874616	0.11679349106202869	4.0	0.0	3502.1618163076773	25.0
0.08954226063101224	0.8127892196301536	0.11569649342024826	9.0	0.0	3363.132392192904	25.0
0.3925328816992608	0.7429633364952141	0.11711534902302509	3.0	0.0	3543.6678089914667	25.0
0.44687778722280885	0.5035863425030066	0.11408905657488312	2.0	0.0	3166.133034382577	25.0
0.2769127265128178	0.9774195698849979	0.0995430081763504	1.0	0.0	1720.7888466823244	25.0
0.2824629210944238	0.21151013147834774	0.1143889877057339	11.0	0.0	3202.290793490492	25.0
0.8108620464112881	0.2479109652334739	0.09807512918899235	6.0	0.0	1606.0328349955398	25.0
0.11918188697024555	0.4203479353836766	0.10880872664477145	8.0	0.0	2573.3752083371537	25.0
0.27056868279795604	0.19144711210377846	0.11450337669343962	11.0	0.0	3216.1529751012154	26.0
0.2765703345995486	0.9828508204493401	0.09964255118452674	1.0	0.0	1728.7629163239849	26.0
0.5590917565378625	0.22888977091173035	0.11700683676394706	7.0	0.0	3529.6379052865914	26.0
0.6205250011454784	0.9521588440880493	0.1169102845530907	4.0	0.0	3517.185531537578	26.0
0.3902894145217648	0.7490642258981881	0.1172324643720481	3.0	0.0	3558.8516968805534	26.0
0.4629988841886052	0.5148683854914736	0.11420314563145799	2.0	0.0	3179.854621390135	26.0
0.10914023126540974	0.42651669832598516	0.10891753537141621	8.0	0.0	2584.7729933629107	26.0
0.9310692662792185	0.7266655663948359	0.12187880905714463	5.0	0.0	4196.831672649413	26.0
0.6442837706330603	0.6617523214833305	0.11634241441461562	10.0	0.0	3444.53935516527	26.0
0.0938364718655679	0.8132642627593983	0.1158121899136685	9.0	0.0	3377.6185516474507	26.0
0.8049875867358163	0.258571117451518	0.09817320431818133	6.0	0.0	1613.5361213615492	26.0
0.6180374724910154	0.9431958014330458	0.11702719483764377	4.0	0.0	3532.2672397863967	27.0
0.27392196871195695	0.19109751326934776	0.11461788007013304	11.0	0.0	3230.069025951108	27.0
0.6670173645020319	0.6642672041895169	0.11645875682903023	10.0	0.0	3459.340470188905	27.0
0.11816242865984129	0.807573739457285	0.11592800210358216	9.0	0.0	3392.1607978879047	27.0
0.38507948822077825	0.7538190033223257	0.11734969683642013	3.0	0.0	3574.0941450610685	27.0
0.461567707852625	0.5337759328632137	0.11431734877708943	2.0	0.0	3193.6295772294216	27.0
0.8068159216687187	0.2569234872314563	0.0982713775224995	6.0	0.0	1621.0702796466694	27.0
0.927526758480238	0.7319358210786331	0.12200068786620176	5.0	0.0	4214.519164808567	27.0
0.5598519257065341	0.21548827472784607	0.117123843600711	7.0	0.0	3544.7676670295737	27.0
0.27021893776210104	0.9837974314386821	0.09974219373571125	1.0	0.0	1736.7695933370778	27.0
0.10993914788384526	0.42411461755846175	0.10902645290678761	8.0	0.0	2596.2158317895123	27.0
0.4659767337249944	0.5328861995982694	0.11443166612586651	2.0	0.0	3207.458091885215	28.0
0.11886989588410275	0.8022539203362021	0.11604393010568573	9.0	0.0	3406.7593299811724	28.0
0.6733147244687253	0.6709614950044919	0.11657521558585925	10.0	0.0	3474.198789321725	28.0
0.25869694903235574	0.9759999257450113	0.09984193592944694	1.0	0.0	1744.808997666917	28.0
0.5644792068166441	0.2106371754004286	0.1172409674443117	7.0	0.0	3559.955797405265	28.0
0.6004834995794456	0.9299804438284931	0.11714422203248141	4.0	0.0	3547.407146481392	28.0
0.9279749880714555	0.725473873444747	0.12212268855406795	5.0	0.0	4232.274045066289	28.0
0.37919460345779915	0.7527516008972563	0.11746704653325654	3.0	0.0	3589.3953608515985	28.0
0.10756314646603346	0.4221308085351882	0.10913547935969439	8.0	0.0	2607.703885706044	28.0
0.2822893603520629	0.1978196738095495	0.11473249795020317	11.0	0.0	3244.039137698298	28.0
0.8070223835726321	0.2589661571740064	0.09836964890002198	6.0	0.0	1628.6354238717256	28.0
0.2529839182860123	0.9801342218696869	0.09994177786537638	1.0	0.0	1752.8812496677795	29.0
0.671860387553029	0.6600255688339266	0.1166917908014451	10.0	0.0	3489.114515359617	29.0
0.5966571216566925	0.9277926452180523	0.11726136625451389	4.0	0.0	3562.6054577348036	29.0
0.2794172416764432	0.21188244978195578	0.11484723044815336	11.0	0.0	3258.0635026416653	29.0
0.11134755571386759	0.42038942097464527	0.10924461483905408	8.0	0.0	2619.237317747088	29.0
0.1234363395359458	0.8038529406473248	0.1161599740357914	9.0	0.0	3421.4143476587237	29.0
0.46274336116402615	0.5336640785961568	0.11454609779199236	2.0	0.0	3221.3403559776652	29.0
0.9441841373366865	0.7450122059173307	0.122244811242622	5.0	0.0	4250.096550095981	29.0
0.5708931115745062	0.211021248356107	0.117358208411756	7.0	0.0	3575.202503093323	29.0
0.8297034450876785	0.2753795512004963	0.098468018548922	6.0	0.0	1636.2316684472212	29.0
0.37617150767664165	0.7500272948209792	0.11758451357978979	3.0	0.0	3604.7555522617877	29.0
