# x	y	r	id	split_id	s_prob	t
2.0	0.5	0.0	-1.0	0.0	0.0	0.0
0.6048274284649221	0.3869759142115691	0.03422004113725621	1.0	0.0	0.0	0.0
0.40364721589217745	0.2015870084427634	0.03171106064774751	2.0	0.0	0.0	0.0
0.39990536019866985	0.815251342178021	0.032291367816442505	3.0	0.0	0.0	0.0
0.3967871471207468	0.13672817642196383	0.030913987429352086	4.0	0.0	0.0	0.0
0.8374549688886882	0.844983230921192	0.03114142242262708	5.0	0.0	0.0	0.0
0.44979676944543867	0.46226962175713093	0.03296802521298286	6.0	0.0	0.0	0.0
0.2627039847700553	0.951829074991051	0.03210187171013686	7.0	0.0	0.0	0.0
0.47398700113547804	0.38880580993716085	0.0340890748068435	8.0	0.0	0.0	0.0
0.33005738725319334	0.3169608923259165	0.030668584431087973	9.0	0.0	0.0	0.0
0.8519026674495221	0.9368843257657558	0.03217978988460328	10.0	0.0	0.0	0.0
0.2171780738323787	0.24399470630251696	0.03262080096996476	11.0	0.0	0.0	0.0
0.7733484474144708	0.8996496510022283	0.034348126362569925	12.0	0.0	0.0	0.0
0.03881628577517983	0.2065761493674403	0.03233117147054785	13.0	0.0	0.0	0.0
0.8601536105001131	0.14857738611807142	0.032918492068436646	14.0	0.0	0.0	0.0
0.7917180707658901	0.24690570253687838	0.035465711078861255	15.0	0.0	0.0006464421747125471	0.0
0.7503925101572214	0.423603779590885	0.03201991708121925	16.0	0.0	0.0	0.0
0.06688020347648733	0.7023720287572064	0.03004496844652562	17.0	0.0	0.0	0.0
0.623771467479189	0.3110822607250835	0.031441168167157	18.0	0.0	0.0	0.0
0.6803407097129932	0.34485591053281717	0.031574825981443434	19.0	0.0	0.0	0.0
0.5951054988766532	0.5589342271727458	0.033413277756621285	20.0	0.0	0.0	0.0
0.6282624564972235	0.2276278010315963	0.030211488331598587	21.0	0.0	0.0	0.0
0.5258811685467613	0.9169050885183126	0.03385292679768406	22.0	0.0	0.0	0.0
0.6038364954948378	0.9087977345157128	0.036061994642815225	23.0	0.0	0.007665614092061901	0.0
0.09109545436926117	0.33460348078640284	0.03323651848657262	24.0	0.0	0.0	0.0
0.5159028866974076	0.8339606206455593	0.031195848158142334	25.0	0.0	0.0	0.0
0.04629999716219516	0.6294058427338068	0.030906061084742247	26.0	0.0	0.0	0.0
0.2758004796973321	0.627534914887053	0.033819425131716284	27.0	0.0	0.0	0.0
0.7135524259808719	0.2061350144357807	0.03077062984828502	28.0	0.0	0.0	0.0
0.7349015598106203	0.5729220691265398	0.033930452140858415	29.0	0.0	0.0	0.0
0.7634890050844982	0.05565463639596434	0.03141802578418831	30.0	0.0	0.0	0.0
0.05677767161519227	0.12533357188408592	0.03188881992208197	31.0	0.0	0.0	0.0
0.11365339964533319	0.8501753286507593	0.03102608579296887	32.0	0.0	0.0	0.0
0.619427560884453	0.4510440546766079	0.03010857098309533	33.0	0.0	0.0	0.0
0.3893034357337314	0.5982237119545762	0.030207155870757497	34.0	0.0	0.0	0.0
0.7549271585622064	0.3217524812969531	0.03330223920568475	35.0	0.0	0.0	0.0
0.5345786579780247	0.36069699837199176	0.03161869465834588	36.0	0.0	0.0	0.0
0.7003503507603428	0.2770754747301892	0.03293611151984299	37.0	0.0	0.0	0.0
0.7943310955988117	0.6115099208111533	0.031091803382769012	38.0	0.0	0.0	0.0
0.033389785179463394	0.2725537304815614	0.031179666977437962	39.0	0.0	0.0	0.0
0.9262597277520819	0.5901163579519764	0.03363466690963766	40.0	0.0	0.0	0.0
0.8589234854968744	0.3236823520569502	0.034101228431126396	41.0	0.0	0.0	0.0
0.8989966185238971	0.8894415871181123	0.033736736800862144	42.0	0.0	0.0	0.0
0.3969377033540116	0.35307741954943445	0.032981002364827136	43.0	0.0	0.0	0.0
0.5437212315964727	0.29795913251213857	0.03173166367301171	44.0	0.0	0.0	0.0
0.32923110767165925	0.4006160954054052	0.032221571682551124	45.0	0.0	0.0	0.0
0.5258811685467613	0.5046773196168846	0.0323492020495433	46.0	0.0	0.0	0.0
0.12612625195702543	0.669318970131222	0.033937898085031205	47.0	0.0	0.0	0.0
0.3288101020220241	0.8214877683338672	0.0324027053706329	48.0	0.0	0.0	0.0
0.8898877188980612	0.25398234944321807	0.0357108796197366	49.0	0.0	0.0022991545449855266	0.0
0.2839078336999321	0.23089821137524014	0.034957888477143886	50.0	0.0	0.0	0.0
0.06725344104470209	0.045075852721748896	0.03434936879359334	51.0	0.0	0.0	0.0
0.7933556225976967	0.614505699128227	0.03112289518615178	38.0	0.0	0.0	1.0
0.5285596292141371	0.9143014563314938	0.033886779724481744	22.0	0.0	0.0	1.0
0.33047184850170297	0.3216509682582668	0.030699253015519058	9.0	0.0	0.0	1.0
0.9249574080903967	0.5922818941553325	0.033668301576547294	40.0	0.0	0.0	1.0
0.8328219777987307	0.8436501812963711	0.031172563845049704	5.0	0.0	0.0	1.0
0.7629528243209727	0.056688378995499014	0.03144944380997249	30.0	0.0	0.0	1.0
0.05188458610479384	0.6299525487673688	0.030936967145826985	26.0	0.0	0.0	1.0
0.33938193400987465	0.39955781491654746	0.03225379325423367	45.0	0.0	0.0	1.0
0.6298301974563659	0.22917105879310168	0.030241699819930183	21.0	0.0	0.0	1.0
0.3897814028006623	0.5965820111847895	0.03023736302662825	34.0	0.0	0.0	1.0
0.21773697492226823	0.25031927478673854	0.03265342177093472	11.0	0.0	0.0	1.0
0.7802423048941786	0.8945944021024053	0.03438247448893249	12.0	0.0	0.0	1.0
0.7692991934992324	0.31526665907795237	0.03333554144489043	35.0	0.0	0.0	1.0
0.6980641244608584	0.2677097788493806	0.03296904763136283	37.0	0.0	0.0	1.0
0.5467647255647481	0.2861627701209146	0.031763395336684715	44.0	0.0	0.0	1.0
0.40008210694420887	0.8165192559507207	0.032323659184258946	3.0	0.0	0.0	1.0
0.033974801601044	0.19423493851260937	0.03236350264201839	13.0	0.0	0.0	1.0
0.40132726043084155	0.20091948810929278	0.031742771708395255	2.0	0.0	0.0	1.0
0.28675914007224285	0.23433514510765405	0.03499284636562103	50.0	0.0	0.0	1.0
0.7358971477394549	0.5733878040424998	0.03396438259299927	29.0	0.0	0.0	1.0
0.09123260800226282	0.34549541577016235	0.033269755005059194	24.0	0.0	0.0	1.0
0.035838871464785815	0.2784404236563512	0.031210846644415396	39.0	0.0	0.0	1.0
0.4008016032064128	0.3947895791583166	0.08436873747494988	-2.0	-1.0	770.0803415369656	1.0
0.6795463867931554	0.3439575537616233	0.03160640080742488	19.0	0.0	0.0	1.0
0.12735071166510062	0.6687741134182337	0.03397183598311623	47.0	0.0	0.0	1.0
0.39742755866046076	0.13590481292613196	0.030944901416781433	4.0	0.0	0.0	1.0
0.7505353009969883	0.4248584042161564	0.032051936998300466	16.0	0.0	0.0	1.0
0.07247286003168693	0.04251297483152599	0.03438371816238693	51.0	0.0	0.0	1.0
0.32750067302956165	0.8222696363833079	0.032435108076003534	48.0	0.0	0.0	1.0
0.8607575288171372	0.14530648574505517	0.03295141056050508	14.0	0.0	0.0	1.0
0.6257396979349463	0.30873994456140774	0.031472609335324156	18.0	0.0	0.0	1.0
0.6054785437757353	0.9073179791811078	0.036098056637458034	23.0	0.0	0.008473331517464544	1.0
0.06796638598356199	0.7023549314386064	0.03007501341497214	17.0	0.0	0.0	1.0
0.5233485659937853	0.4986304844482649	0.03238155125159284	46.0	0.0	0.0	1.0
0.4666487635035944	0.39863356376298537	0.03412316388165034	8.0	0.0	0.0	1.0
0.27916828061890675	0.6296626809707676	0.033853244556847996	27.0	0.0	0.0	1.0
0.4503097478706472	0.4653754189368305	0.03300099323819584	6.0	0.0	0.0	1.0
0.8911813059288491	0.2547996336813721	0.035746590499356336	49.0	0.0	0.002663344534994394	1.0
0.8457070533168755	0.9458555750146528	0.03221196967448788	10.0	0.0	0.0	1.0
0.6113296626605798	0.3791388874639896	0.03425426117839347	1.0	0.0	0.0	1.0
0.7181577360853327	0.20629454522709068	0.0308014004781333	28.0	0.0	0.0	1.0
0.8946068427699814	0.8888155606014971	0.033770473537663	42.0	0.0	0.0	1.0
0.5323140743782291	0.36283661760280406	0.03165031335300422	36.0	0.0	0.0	1.0
0.11499567074532292	0.8523449657097197	0.031057111878761836	32.0	0.0	0.0	1.0
0.859183282364053	0.3278034245087068	0.03413532965955752	41.0	0.0	0.0	1.0
0.7918172702323768	0.24547558330711972	0.03550117678994011	15.0	0.0	0.0008056618965497364	1.0
0.3966953647607414	0.35581974204125455	0.03301398336719196	43.0	0.0	0.0	1.0
0.2523797970595835	0.952577869828709	0.032133973581847	7.0	0.0	0.0	1.0
0.5135000122490798	0.8322447007229601	0.031227044006300473	25.0	0.0	0.0	1.0
0.5952465665807136	0.5617326983192332	0.033446691034377904	20.0	0.0	0.0	1.0
0.6214957390267386	0.46162065634974414	0.03013867955407842	33.0	0.0	0.0	1.0
0.053852903961256575	0.12573190182681682	0.03192070874200405	31.0	0.0	0.0	1.0
0.13168596709598832	0.6676441190968241	0.03400580781909934	47.0	0.0	0.0	2.0
0.029836469446516606	0.19369784568706988	0.032395866144660404	13.0	0.0	0.0	2.0
0.5308359823656613	0.9140060201749881	0.03392066650420622	22.0	0.0	0.0	2.0
0.3343736640503121	0.32992381349636735	0.030729952268534574	9.0	0.0	0.0	2.0
0.09399550371718411	0.3517574846406983	0.03330302476006425	24.0	0.0	0.0	2.0
0.693159960637313	0.2754821280497886	0.03300201667899419	37.0	0.0	0.0	2.0
0.736477358142029	0.5722155205732822	0.033998346975592265	29.0	0.0	0.0	2.0
0.6273303809830618	0.22855298274756486	0.03027194151975011	21.0	0.0	0.0	2.0
0.5216445727100096	0.49768446466748706	0.03241393280284443	46.0	0.0	0.0	2.0
0.446018493754634	0.4792411918757483	0.03303399423143403	6.0	0.0	0.0	2.0
0.7779916731714215	0.8964977101263852	0.034416856963421415	12.0	0.0	0.0	2.0
0.3972082459952383	0.3573299906199307	0.03304699735055915	43.0	0.0	0.0	2.0
0.6225866439120344	0.4615622217614859	0.030168818233632495	33.0	0.0	0.0	2.0
0.32722559010086005	0.8272950076652623	0.03246754318407953	48.0	0.0	0.0	2.0
0.6150382765597796	0.3043810687028615	0.03150408194465948	18.0	0.0	0.0	2.0
0.6065651693369082	0.9075793976185645	0.03613415469409549	23.0	0.0	0.00933677423881818	2.0
0.28630247697247835	0.6339225531894239	0.03388709780140484	27.0	0.0	0.0	2.0
0.4560917417356122	0.3958984164734676	0.03415728704553199	8.0	0.0	0.0	2.0
0.4108406173247831	0.8098632302691322	0.0323559828434432	3.0	0.0	0.0	2.0
0.5448926721975594	0.2865882830167036	0.0317951587320214	44.0	0.0	0.0	2.0
0.5328866219098658	0.3607736190765882	0.03168196366635722	36.0	0.0	0.0	2.0
0.9017308868437506	0.8888828396893087	0.033804244011200656	42.0	0.0	0.0	2.0
0.03499555735541763	0.2770179343053411	0.031242057491059808	39.0	0.0	0.0	2.0
0.7502375346062136	0.42344586666525835	0.03208398893529876	16.0	0.0	0.0	2.0
0.3894402917123249	0.12385889302015356	0.030975846318198212	4.0	0.0	0.0	2.0
0.8425628224305991	0.9457664719817332	0.032244181644162366	10.0	0.0	0.0	2.0
0.038076152304609215	0.4308617234468938	0.005410821643286573	-2.0	-1.0	0.0	2.0
0.7615905006477104	0.05560796271112135	0.03148089325378246	30.0	0.0	0.0	2.0
0.06569471667916812	0.7090441707934997	0.03010508842838711	17.0	0.0	0.0	2.0
0.40502195006054525	0.20020117908584664	0.03177451448010365	2.0	0.0	0.0	2.0
0.685103093158267	0.3435069049977743	0.031638007208232295	19.0	0.0	0.0	2.0
0.7192429061640929	0.2066316281238134	0.03083220187861143	28.0	0.0	0.0	2.0
0.9240437754015682	0.5888213849024244	0.033701969878123836	40.0	0.0	0.0	2.0
0.38921713231526867	0.5956569621488687	0.030267600389654876	34.0	0.0	0.0	2.0
0.7681783917809996	0.3279497390583426	0.03336887698633532	35.0	0.0	0.0	2.0
0.8450003249731776	0.8460975230025274	0.03120373640889475	5.0	0.0	0.0	2.0
0.2866585712153387	0.2325621540320312	0.03502783921198664	50.0	0.0	1.3808636367684812e-07	2.0
0.2164537101984538	0.24886793865494422	0.03268607519270565	11.0	0.0	0.0	2.0
0.07593115253079506	0.041326381971515884	0.034418101880549314	51.0	0.0	0.0	2.0
0.3370524439641769	0.3999955045842585	0.0322860470474879	45.0	0.0	0.0	2.0
0.8975572882665503	0.25574990888904503	0.03578233708985569	49.0	0.0	0.0030645148814301137	2.0
0.7857416381033108	0.25010978718205346	0.035536677966730046	15.0	0.0	0.0009892846515242582	2.0
0.5156182822374732	0.8293749970008959	0.03125827105030677	25.0	0.0	0.0	2.0
0.614039675870091	0.385281098791899	0.03428851543957186	1.0	0.0	0.0	2.0
0.7946109624625685	0.6157729503344941	0.031154018081337928	38.0	0.0	0.0	2.0
0.5957147347556547	0.5635522878049675	0.03348013772541228	20.0	0.0	0.0	2.0
0.8560385915571109	0.3275155494433782	0.03416946498921707	41.0	0.0	0.0	2.0
0.8596113329118132	0.14527400418273412	0.03298436197106558	14.0	0.0	0.0	2.0
0.12019644845855848	0.8552753095506499	0.031088168990640593	32.0	0.0	0.0	2.0
0.05860677442630941	0.11747796744055439	0.03195262945074605	31.0	0.0	0.0	2.0
0.058279782655162135	0.634580501510604	0.03096790411297281	26.0	0.0	0.0	2.0
0.2423507822155731	0.9547250059616581	0.03216610755542884	7.0	0.0	0.0	2.0
0.39836542632528493	0.11296174324941016	0.031006822164516407	4.0	0.0	0.0	3.0
0.036362973696699025	0.26905127532600165	0.03127329954855086	39.0	0.0	0.0	3.0
0.40597841917410715	0.20154951732095414	0.03180628899458375	2.0	0.0	0.0	3.0
0.9251476066180868	0.588790103895151	0.033735671848001955	40.0	0.0	0.0	3.0
0.8415251098689458	0.9464220955309715	0.032276425825806525	10.0	0.0	0.0	3.0
0.6075845773703656	0.9073812077670763	0.03617028884878958	23.0	0.0	0.01025791685248123	3.0
0.10220440881763526	0.5150300601202404	0.06993987975951903	-2.0	-1.0	272.9883994590679	3.0
0.38827755299905015	0.5969132168580056	0.030297867990044528	34.0	0.0	0.0	3.0
0.7949860249891874	0.6144215281434987	0.03118517209941926	38.0	0.0	0.0	3.0
0.02684072449681217	0.1912599449295299	0.03242826201080506	13.0	0.0	0.0	3.0
0.33498739591911164	0.328793318571619	0.030760682220803106	9.0	0.0	0.0	3.0
0.055196610150005154	0.11535335731054078	0.03198458208019679	31.0	0.0	0.0	3.0
0.8967375669720221	0.25477438977121697	0.035818119426945544	49.0	0.0	0.0035045324883782314	3.0
0.9034550582096633	0.8874797300288878	0.033838048255211854	42.0	0.0	0.0	3.0
0.7718217649624128	0.9076940012429991	0.034451273820384834	12.0	0.0	0.0	3.0
0.6170653100610939	0.38857547297637207	0.03432280395501142	1.0	0.0	0.0	3.0
0.06672553614775119	0.7078783431101323	0.030135193516815494	17.0	0.0	0.0	3.0
0.8479551990900748	0.8487942538064797	0.031234940145303643	5.0	0.0	0.0	3.0
0.5137986067965088	0.8261215299454021	0.031289529321357076	25.0	0.0	0.0	3.0
0.5308729556084768	0.3685999648768895	0.031713645630023574	36.0	0.0	0.0	3.0
0.2850540191472142	0.23402652943940067	0.035062867051198626	50.0	0.0	1.5901908341220405e-06	3.0
0.6224682760551515	0.45887808198962216	0.030198987051866126	33.0	0.0	0.0	3.0
0.7564735972007472	0.048490033048049795	0.03151237414703624	30.0	0.0	0.0	3.0
0.5288584648322194	0.5011704890846912	0.03244634673564727	46.0	0.0	0.0	3.0
0.8588409588678676	0.14622676693954906	0.03301734633303664	14.0	0.0	0.0	3.0
0.7195340260846571	0.20533192326033575	0.038578792600612546	28.0	0.0	0.0	3.0
0.05848081326880304	0.6368553796713323	0.030998872017085777	26.0	0.0	0.0	3.0
0.12613155887030766	0.6647409383123707	0.034039813626918436	47.0	0.0	0.0	3.0
0.7841899472801424	0.25129334330801195	0.03557221464469677	15.0	0.0	0.001199104076803792	3.0
0.2423507822155731	0.9602359043268316	0.032198273662984264	7.0	0.0	0.0	3.0
0.5504626163494388	0.288460304200513	0.039783692363441765	44.0	0.0	0.0	3.0
0.7511663899245027	0.4246877829649954	0.03211607292423406	16.0	0.0	0.0	3.0
0.5241360819631421	0.917781034790476	0.033954587170710426	22.0	0.0	0.0	3.0
0.6867531957029692	0.3449023591638047	0.03166964521544052	19.0	0.0	0.0	3.0
0.6041450666138891	0.5632071044221734	0.03351361786313769	20.0	0.0	0.0	3.0
0.7728207860481365	0.32365903141866265	0.03340224586332165	35.0	0.0	0.0	3.0
0.3331730827733641	0.4038142823182276	0.032318333094535384	45.0	0.0	0.0	3.0
0.06740648570078484	0.04585061707802875	0.03445251998242986	51.0	0.0	0.0	3.0
0.12145243278754392	0.8694881265364734	0.03111925715963123	32.0	0.0	0.0	3.0
0.3282808655964757	0.8261886892624671	0.032500010727263606	48.0	0.0	0.0	3.0
0.614145302894752	0.3039701688423188	0.03153558602660413	18.0	0.0	0.0	3.0
0.21591687989800068	0.24748980117285374	0.032718761267898355	11.0	0.0	0.0	3.0
0.2881794511334998	0.6361279278538425	0.033920984899206245	27.0	0.0	0.0	3.0
0.6264127394393973	0.22756637591878498	0.030302213461269857	21.0	0.0	0.0	3.0
0.45809931197699877	0.4729267839498984	0.03306702822566546	6.0	0.0	0.0	3.0
0.8596871569077273	0.32995136678742304	0.03420363445420629	41.0	0.0	0.0	3.0
0.411959467311103	0.8113591769549202	0.03238833882628664	3.0	0.0	0.0	3.0
0.7357244707311793	0.573623407507053	0.03403234532256785	29.0	0.0	0.0	3.0
0.09415540471501321	0.3527255956638605	0.03333632778482431	24.0	0.0	0.0	3.0
0.45670261078636715	0.39685858523714684	0.034191444332577516	8.0	0.0	0.0	3.0
0.6928870379890884	0.278182339951368	0.03303501869567318	37.0	0.0	0.0	3.0
0.39803320535198117	0.3534165668573222	0.03308004434790971	43.0	0.0	0.0	3.0
0.8462521806762943	0.8495392491751417	0.03126617508544895	5.0	0.0	0.0	4.0
0.7370495729676176	0.5738723819805095	0.04258297208486302	29.0	0.0	0.0	4.0
0.6197163430957523	0.3865268624434865	0.03435712675896643	1.0	0.0	0.0	4.0
0.7808633636463912	0.910234012785494	0.034485725094205215	12.0	0.0	0.0	4.0
0.7557654152254836	0.047579538544626834	0.03154388652118327	30.0	0.0	0.0	4.0
0.4657555908539069	0.47396950784711694	0.03310009525389112	6.0	0.0	0.0	4.0
0.21712944777332074	0.24756241131369874	0.03275148002916625	11.0	0.0	0.0	4.0
0.4655609416081791	0.39383378763797783	0.03422563577691009	8.0	0.0	0.0	4.0
0.6063222927152214	0.8987249577687223	0.03620645913763837	23.0	0.0	0.011238745201467282	4.0
0.055851005092743676	0.6377762531143185	0.03102987088910286	26.0	0.0	0.0	4.0
0.059934375593049094	0.12874802566407564	0.032016566662276986	31.0	0.0	0.0	4.0
0.399082135067053	0.11217144584965542	0.03103782898668092	4.0	0.0	0.0	4.0
0.9219083052275228	0.5891484486027325	0.033769407519849956	40.0	0.0	0.0	4.0
0.6878468608690721	0.356986460101704	0.03170131486065596	19.0	0.0	0.0	4.0
0.4145851392314917	0.8134147209137577	0.03242072716511292	3.0	0.0	0.0	4.0
0.905063344423619	0.8876987657374638	0.03387188630346706	42.0	0.0	0.0	4.0
0.5223647246870338	0.919862313552586	0.03398854175788113	22.0	0.0	0.0	4.0
0.12076482822367633	0.87031695760951	0.031150376416790856	32.0	0.0	0.0	4.0
0.3348660234027321	0.3263583326078935	0.030791442903023904	9.0	0.0	0.0	4.0
0.5311731105087422	0.3668512423706546	0.03174535927565359	36.0	0.0	0.0	4.0
0.29046007478157443	0.23254449000252528	0.03509792991824982	50.0	0.0	6.010715182469539e-06	4.0
0.6211227505089227	0.4612486426689373	0.03022918603891799	33.0	0.0	0.0	4.0
0.5514673113833992	0.28893029941003173	0.038192344668904095	44.0	0.0	0.0	4.0
0.06548770157119951	0.7078276594675832	0.030165328710332305	17.0	0.0	0.0	4.0
0.3344306578702762	0.4035861829140395	0.03235065142762992	45.0	0.0	0.0	4.0
0.6281425123462049	0.2256100516523574	0.030332515674731123	21.0	0.0	0.0	4.0
0.37770113461280935	0.5905073034607645	0.030328165858034568	34.0	0.0	0.0	4.0
0.2880038675345016	0.6342741844712277	0.03395490588410545	27.0	0.0	0.0	4.0
0.5302656086465821	0.4894631771393749	0.03247879308238292	46.0	0.0	0.0	4.0
0.8953787629234166	0.2532760694022759	0.035853937546372484	49.0	0.0	0.003985275063698168	4.0
0.02688896019811092	0.19509054067055334	0.04057586284101983	13.0	0.0	0.0	4.0
0.7504810895734536	0.4206951773258717	0.03214818899715829	16.0	0.0	0.0	4.0
0.7963009752424723	0.6218034671738644	0.031216357271518676	38.0	0.0	0.0	4.0
0.39699176117734114	0.3500530544516635	0.033113124392257616	43.0	0.0	0.0	4.0
0.857670643157626	0.14608983834004122	0.03305036367936968	14.0	0.0	0.0	4.0
0.06618071601044452	0.04520993118196728	0.03448697250241229	51.0	0.0	0.0	4.0
0.13240156444009077	0.6675783723350418	0.03407385344054535	47.0	0.0	0.0	4.0
0.7675413799078097	0.3238419133137162	0.033435648109184965	35.0	0.0	0.0	4.0
0.24445919737100436	0.9607996670357712	0.03223047193664724	7.0	0.0	0.0	4.0
0.7821461534417057	0.25209688782904854	0.03560778685934147	15.0	0.0	0.0014369243108376395	4.0
0.6023903519987464	0.5607661876961088	0.03354713148100082	20.0	0.0	0.0	4.0
0.4043874408091891	0.20022115227348536	0.03183809528357833	2.0	0.0	0.0	4.0
0.03751800249206256	0.26916434742814804	0.031304572848099406	39.0	0.0	0.0	4.0
0.5151447261001735	0.8265365317888258	0.03132081885067843	25.0	0.0	0.0	4.0
0.3280533657048572	0.824863259691644	0.03253251073799086	48.0	0.0	0.0	4.0
0.8543625530987206	0.32408005491448366	0.03423783808866049	41.0	0.0	0.0	4.0
0.61426807091802	0.30640561480860173	0.031567121612630734	18.0	0.0	0.0	4.0
0.6856497530205363	0.2726008070769951	0.03306805371436885	37.0	0.0	0.0	4.0
0.8421962185272023	0.9476770575578082	0.03230870225163233	10.0	0.0	0.0	4.0
0.7219832241368113	0.20482367338014462	0.03703564089658805	28.0	0.0	0.0	4.0
0.0929596712781918	0.3510622563831225	0.03336966411260913	24.0	0.0	0.0	4.0
0.4034264342815699	0.19949766677041575	0.0318699333788619	2.0	0.0	0.0	5.0
0.5103593248434655	0.8277517352549466	0.03135213966952911	25.0	0.0	0.0	5.0
0.7217069703620685	0.20382827806593085	0.035492489192563544	28.0	0.0	0.0	5.0
0.6174548380841766	0.4629085230933358	0.0302594152249569	33.0	0.0	0.0	5.0
0.849798933858953	0.14171963760276068	0.03308341404304904	14.0	0.0	0.0	5.0
0.33582850764080624	0.32346445754762776	0.030822234345926926	9.0	0.0	0.0	5.0
0.5525012089291188	0.28985028210423114	0.036600996974366425	44.0	0.0	0.0	5.0
0.06696633215873109	0.04362263660796288	0.034521459474914695	51.0	0.0	0.0	5.0
0.687506300247787	0.2738743401174266	0.03310112176808321	37.0	0.0	0.0	5.0
0.5319420916653121	0.36555413670836734	0.03177710463492924	36.0	0.0	0.0	5.0
0.053488799570767014	0.627563028603733	0.031060900759991957	26.0	0.0	0.0	5.0
0.2842585353113365	0.6370570553442176	0.03398886078998955	27.0	0.0	0.0	5.0
0.9322428444807469	0.5837467866151563	0.0338031769273698	40.0	0.0	0.0	5.0
0.4664781588506906	0.47639436722919387	0.03313319534914501	6.0	0.0	0.0	5.0
0.532625096521543	0.48881633694422494	0.0325112718754653	46.0	0.0	0.0	5.0
0.8405365231046085	0.8439734281529824	0.031297441260534395	5.0	0.0	0.0	5.0
0.7963688673455593	0.6235999044047326	0.03124757362879019	38.0	0.0	0.0	5.0
0.3793150515599943	0.5898610099470679	0.0303584940238926	34.0	0.0	0.0	5.0
0.9088949692526924	0.894188383389671	0.03390575818977053	42.0	0.0	0.0	5.0
0.03659741617105263	0.26998350353056083	0.031335877420947504	39.0	0.0	0.0	5.0
0.7817862021506978	0.9092418184188635	0.034520210819299416	12.0	0.0	0.0	5.0
0.3313200876996073	0.4007112553600554	0.032383002079057546	45.0	0.0	0.0	5.0
0.06170149303985491	0.12908005071373285	0.03204858322893926	31.0	0.0	0.0	5.0
0.4139245147759099	0.8053611085149115	0.03245314789227803	3.0	0.0	0.0	5.0
0.29291275570671127	0.23163328347680842	0.03513302784816807	50.0	0.0	1.5066336814584247e-05	5.0
0.7572488722111023	0.3240687476894062	0.03346908375729415	35.0	0.0	0.0	5.0
0.24351622642162066	0.9630914894234883	0.032262702408583886	7.0	0.0	0.0	5.0
0.6894897593856169	0.35704337112277346	0.03173301617551661	19.0	0.0	0.0	5.0
0.5961204793585229	0.5617006483344391	0.03358067861248182	20.0	0.0	0.0	5.0
0.7511217264775053	0.4178350539158845	0.03218033718615544	16.0	0.0	0.0	5.0
0.6284459118445012	0.2244608843950778	0.03036284819040585	21.0	0.0	0.0	5.0
0.6178464061791652	0.30616872143312596	0.03159868873424336	18.0	0.0	0.0	5.0
0.3991671459958959	0.11351994631756926	0.0310688668156676	4.0	0.0	0.0	5.0
0.8468915752106738	0.9437567354206534	0.032341010953883954	10.0	0.0	0.0	5.0
0.4661755155202602	0.3970488981389973	0.034259861412687	8.0	0.0	0.0	5.0
0.40052954354402714	0.3566686486252476	0.03314623751664987	43.0	0.0	0.0	5.0
0.32730742410467006	0.8235295622822615	0.03256504324872885	48.0	0.0	0.0	5.0
0.02726915171633101	0.19604867931984107	0.03895282832737903	13.0	0.0	0.0	5.0
0.06496093898222223	0.7100022077101371	0.030195494039042634	17.0	0.0	0.0	5.0
0.2155928584370246	0.24536711729995475	0.03278423150919541	11.0	0.0	0.0	5.0
0.1316534422650581	0.6682110422313466	0.034107927293985894	47.0	0.0	0.0	5.0
0.09152340623765388	0.35024104668472117	0.033403033776721734	24.0	0.0	0.0	5.0
0.7395670846753714	0.5648013046361005	0.040879653201468504	29.0	0.0	0.0	5.0
0.6006226728755714	0.8860239608338591	0.036242665596776004	23.0	0.0	0.012281256421502462	5.0
0.8594268583960603	0.33415220121310524	0.03427207592674914	41.0	0.0	0.0	5.0
0.6240189222658947	0.3823444849495157	0.034391483885725396	1.0	0.0	0.0	5.0
0.7808439708702414	0.2517574709400898	0.0356433946462008	15.0	0.0	0.001704560036642988	5.0
0.12180713164936771	0.87109141383164	0.031181526793207643	32.0	0.0	0.0	5.0
0.5250497031518853	0.9208025058395294	0.03402253029963901	22.0	0.0	0.0	5.0
0.9054508611689729	0.25400658064269116	0.035889791483918854	49.0	0.0	0.004508631163616883	5.0
0.7596772080038506	0.05183878084906061	0.03157543040770445	30.0	0.0	0.0	5.0
0.7843081993794813	0.9098822536947286	0.03455473103011871	12.0	0.0	0.0	6.0
0.8465191472913597	0.33096078811469465	0.03430634800267589	41.0	0.0	0.0	6.0
0.12190795712860741	0.8790983804759139	0.031212708320000847	32.0	0.0	0.0	6.0
0.7674704533609131	0.04099789380211982	0.03160700583811215	30.0	0.0	0.0	6.0
0.32730742410467006	0.8248962058083872	0.032597608291977574	48.0	0.0	0.0	6.0
0.03890115322882825	0.26702163779307775	0.031367213298368446	39.0	0.0	0.0	6.0
0.3978912730233661	0.1148745056691103	0.031099935682483263	4.0	0.0	0.0	6.0
0.29525535799208796	0.23072924493441505	0.03516816087601623	50.0	0.0	3.0433707152610623e-05	6.0
0.4012819804007775	0.35781908976405635	0.033179383754166514	43.0	0.0	0.0	6.0
0.05922415541030972	0.127215008375649	0.0320806318121682	31.0	0.0	0.0	6.0
0.3974286567036063	0.19840978780768415	0.03190180331224076	2.0	0.0	0.0	6.0
0.6308662405127476	0.2271637242505502	0.03039321103859625	21.0	0.0	0.0	6.0
0.9102058524360637	0.8944346862343633	0.033939663947960295	42.0	0.0	0.0	6.0
0.2355962024050535	0.9543582704441199	0.03229496511099247	7.0	0.0	0.0	6.0
0.9043527936703253	0.254100134059212	0.03592568127540277	49.0	0.0	0.005076500237393589	6.0
0.714425569211716	0.2066910570262153	0.033949337488539046	28.0	0.0	0.0	6.0
0.9428243127012736	0.5749119382947813	0.03383698010429717	40.0	0.0	0.0	6.0
0.8424116620203184	0.8425983933530086	0.03132873870179492	5.0	0.0	0.0	6.0
0.8508733555092428	0.14079935945316263	0.03311649745709209	14.0	0.0	0.0	6.0
0.6908034414776884	0.3561052558270217	0.03176474919169212	19.0	0.0	0.0	6.0
0.6871843935540483	0.2722459621681167	0.033134222889851295	37.0	0.0	0.0	6.0
0.13222282584289763	0.6662553479529829	0.03414203522127988	47.0	0.0	0.0	6.0
0.7377745294292004	0.564405713239102	0.03917633431807398	29.0	0.0	0.0	6.0
0.7436708937103674	0.420549886916711	0.032212517523341595	16.0	0.0	0.0	6.0
0.2162906004722794	0.24663328248205665	0.03281701574070461	11.0	0.0	0.0	6.0
0.28554561996511585	0.640695916804869	0.034022849650779535	27.0	0.0	0.0	6.0
0.7802178959195946	0.24896235936998445	0.035679038040847	15.0	0.0	0.002003836525560132	6.0
0.6201517566355109	0.2974374920012317	0.0316302874229776	18.0	0.0	0.0	6.0
0.7952064426863349	0.6251139831686245	0.031278821202418976	38.0	0.0	0.0	6.0
0.6293221357161929	0.46608168367491526	0.030289674640181855	33.0	0.0	0.0	6.0
0.3299570322361598	0.4004993253627971	0.0324153850811366	45.0	0.0	0.0	6.0
0.5997646526266381	0.5602413380830178	0.033614259291094295	20.0	0.0	0.0	6.0
0.02162040477381166	0.1956747203046107	0.037329793813738237	13.0	0.0	0.0	6.0
0.5543305268049085	0.2911051366654696	0.03500964927982876	44.0	0.0	0.0	6.0
0.09428740891956897	0.347873585760129	0.03343643681049845	24.0	0.0	0.0	6.0
0.5325140621533884	0.9235222673454747	0.03405655282993864	22.0	0.0	0.0	6.0
0.05180222060271097	0.6260811968950474	0.031091961660751944	26.0	0.0	0.0	6.0
0.5057441451644918	0.8413417597707428	0.03138349180919863	25.0	0.0	0.0	6.0
0.3351198237307213	0.32047738908786577	0.03085305658027285	9.0	0.0	0.0	6.0
0.06673074194322608	0.045692638341464815	0.03455598093438961	51.0	0.0	0.0	6.0
0.41939492074361856	0.8126752576657067	0.03248560104017031	3.0	0.0	0.0	6.0
0.7599685125999192	0.32593433550877954	0.033502552841051435	35.0	0.0	0.0	6.0
0.5266911700554497	0.36453327034290894	0.031808881739564164	36.0	0.0	0.0	6.0
0.06612081343553756	0.7094860899661682	0.030225689533081673	17.0	0.0	0.0	6.0
0.8395720980312926	0.9485111514849404	0.032373351964837836	10.0	0.0	0.0	6.0
0.5999678777616636	0.889036080322115	0.036278908262372775	23.0	0.0	0.01338745898736704	6.0
0.4566094646019235	0.47692603807246925	0.03316632854449415	6.0	0.0	0.0	6.0
0.5413981762171627	0.48842584737112915	0.03254378314734076	46.0	0.0	0.0	6.0
0.4653484375758741	0.39514191742935867	0.034294121274099684	8.0	0.0	0.0	6.0
0.39021992888518076	0.5881655025494568	0.03038885251791649	34.0	0.0	0.0	6.0
0.620151954681434	0.38169395574466936	0.03442587536961112	1.0	0.0	0.0	6.0
0.07460071828106081	0.7025852466721463	0.03025591522261475	17.0	0.0	0.0	7.0
0.7818223226771155	0.9074041899641437	0.03458928576114883	12.0	0.0	0.0	7.0
0.039637340508488855	0.2658804211323063	0.03139858051166681	39.0	0.0	0.0	7.0
0.6247270415548276	0.4725594058133909	0.030319964314822034	33.0	0.0	0.0	7.0
0.4554030593014169	0.4756289654671871	0.033199494873038644	6.0	0.0	0.0	7.0
0.12444522785541294	0.8749388507814553	0.031243921028320847	32.0	0.0	0.0	7.0
0.5025020753399825	0.8385648183174851	0.031414875301007825	25.0	0.0	0.0	7.0
0.38019432311488577	0.5921072017733647	0.0304192413704344	34.0	0.0	0.0	7.0
0.7798876981500972	0.25332466596481684	0.03571471707888785	15.0	0.0	0.002336589680865586	7.0
0.8480683322451541	0.34457262480746764	0.03434065435067856	41.0	0.0	0.0	7.0
0.5359142394886177	0.4859024259923874	0.03257632693048809	46.0	0.0	0.0	7.0
0.28502637941121206	0.6391347304188693	0.03405687250043031	27.0	0.0	0.0	7.0
0.3362041537059987	0.3198753928151869	0.03088390963685312	9.0	0.0	0.0	7.0
0.9417586151312701	0.5739269731147294	0.03387081708440146	40.0	0.0	0.0	7.0
0.4653007268319386	0.39261614650121796	0.03432841539537378	8.0	0.0	0.0	7.0
0.5292556686179211	0.9251477674742137	0.034090609382768575	22.0	0.0	0.0	7.0
0.7237288878871732	0.20800886300125299	0.03240618578451454	28.0	0.0	0.0	7.0
0.7436386187830057	0.42183122617737345	0.032244730040864936	16.0	0.0	0.0	7.0
0.21793879885048334	0.24908533783816797	0.032849832756445305	11.0	0.0	0.0	7.0
0.6301666019533196	0.22922390518308045	0.030423604249634844	21.0	0.0	0.0	7.0
0.41902958194789586	0.8199227710872361	0.032518086641210475	3.0	0.0	0.0	7.0
0.9052739942374727	0.2529460501398341	0.03596160695667817	49.0	0.0	0.005690792672169209	7.0
0.694887613785774	0.2804148828039796	0.033167357112741144	37.0	0.0	0.0	7.0
0.6011948897211228	0.5616142119483395	0.033647873550385385	20.0	0.0	0.0	7.0
0.06145545963243806	0.13378538725365346	0.03211271244398036	31.0	0.0	0.0	7.0
0.28846143073026675	0.23282377870275697	0.03520332903689224	50.0	0.0	5.3799493201722726e-05	7.0
0.7373762429067832	0.5653401077339677	0.037473015434679464	29.0	0.0	0.0	7.0
0.40019557742836015	0.35659039870889253	0.033212563137920675	43.0	0.0	0.0	7.0
0.5277787715073294	0.36483880483276676	0.03184069062130372	36.0	0.0	0.0	7.0
0.8405845697698078	0.9482877134010563	0.03240572531680267	10.0	0.0	0.0	7.0
0.3946414451445522	0.19589805217776185	0.031933705115553	2.0	0.0	0.0	7.0
0.7683899526816814	0.04032362718964858	0.03163861284395026	30.0	0.0	0.0	7.0
0.5443809718481727	0.28884039929609073	0.033418301585291084	44.0	0.0	0.0	7.0
0.6927982471882871	0.35576932357392427	0.031796513940883814	19.0	0.0	0.0	7.0
0.09647962864602094	0.3521001285101389	0.03346987324730895	24.0	0.0	0.0	7.0
0.3263610139869429	0.3991115784470123	0.03244780046621774	45.0	0.0	0.0	7.0
0.6213047073805102	0.3877245197419737	0.03446030124498073	1.0	0.0	0.0	7.0
0.02288288041451854	0.1959953130181955	0.03570675930009745	13.0	0.0	0.0	7.0
0.23881408662246	0.9541045078434064	0.03232726007610345	7.0	0.0	0.0	7.0
0.600497917157584	0.8880597470445605	0.036315187170635144	23.0	0.0	0.014559372759265443	7.0
0.13121051388716123	0.6669311771577278	0.034176177256501156	47.0	0.0	0.0	7.0
0.6210058472292087	0.29966005082503094	0.03166191771040057	18.0	0.0	0.0	7.0
0.324538742480734	0.8210447981625557	0.03263020590026955	48.0	0.0	0.0	7.0
0.04793904268916497	0.6218213640202123	0.031123053622412692	26.0	0.0	0.0	7.0
0.9094685386020146	0.895237489054337	0.03397360361190825	42.0	0.0	0.0	7.0
0.8512081375904808	0.14522223027703013	0.03314961395454918	14.0	0.0	0.0	7.0
0.3884129965086714	0.12191709042988154	0.031131035618165742	4.0	0.0	0.0	7.0
0.7696368544118097	0.322062645201465	0.03353605539389248	35.0	0.0	0.0	7.0
0.8526465554036438	0.8438612581220815	0.031360067440496714	5.0	0.0	0.0	7.0
0.06835800118492487	0.04010339813106004	0.034590536915323995	51.0	0.0	0.0	7.0
0.7962340868828098	0.632485910873272	0.03131010002362139	38.0	0.0	0.0	7.0
0.6185885037131904	0.30242893293132933	0.031693579628110966	18.0	0.0	0.0	8.0
0.34788601906406524	0.31595198664028945	0.03091479354648997	9.0	0.0	0.0	8.0
0.7496341828635423	0.4114213942534338	0.0322769747709058	16.0	0.0	0.0	8.0
0.8523727218973295	0.8423781401362563	0.031391427507937206	5.0	0.0	0.0	8.0
0.37907821591877416	0.5911265877227836	0.030449660611804832	34.0	0.0	0.0	8.0
0.03541556352857027	0.26640133846980474	0.03142997909217847	39.0	0.0	0.0	8.0
0.10340331661387948	0.34136722360780786	0.03350334312055625	24.0	0.0	0.0	8.0
0.07349089698401239	0.6998388957086342	0.030286171137837364	17.0	0.0	0.0	8.0
0.9030083437964451	0.2552331982936652	0.03599756856363484	49.0	0.0	0.006353429837943736	8.0
0.46239783040512566	0.3999318732550131	0.034362743810769154	8.0	0.0	0.0	8.0
0.6252548504401224	0.234708977489258	0.030454027853884475	21.0	0.0	0.0	8.0
0.5382032737641204	0.3738821387892787	0.03187253131192502	36.0	0.0	0.0	8.0
0.7720669344105882	0.33570476006100436	0.033569591449286375	35.0	0.0	0.0	8.0
0.767226324179193	0.03870494786131902	0.03167025145679421	30.0	0.0	0.0	8.0
0.7800278560991554	0.2644551860625322	0.03575043179596673	15.0	0.0	0.0027046660817973134	8.0
0.6272000196766421	0.46082814745839734	0.030350284279136854	33.0	0.0	0.0	8.0
0.7955249930644125	0.6337351996203712	0.03134141012364501	38.0	0.0	0.0	8.0
0.5214754102477382	0.29288535158199286	0.01759252398649613	55.0	44.0	0.0	8.0
0.3932906957258046	0.20175533305681465	0.031965638820668545	2.0	0.0	0.0	8.0
0.7376932528386483	0.18933484535666772	0.017369888586410063	52.0	28.0	0.0	8.0
0.32046714320828656	0.8147331203407872	0.03266283610616982	48.0	0.0	0.0	8.0
0.07380167369289316	0.038235591133284605	0.034625127452239314	51.0	0.0	0.0	8.0
0.3925494250077328	0.12007647385373252	0.031162166653783904	4.0	0.0	0.0	8.0
0.5289090598361043	0.9264278873310565	0.03412469999215134	22.0	0.0	0.0	8.0
0.8406642757352565	0.9503967475500066	0.03243813104211947	10.0	0.0	0.0	8.0
0.024852509840079428	0.19676969882150752	0.03408372478645665	13.0	0.0	0.0	8.0
0.5331062131992115	0.4877263985210404	0.032608903257418574	46.0	0.0	0.0	8.0
0.4230153267203726	0.8195072348751349	0.032550604727851686	3.0	0.0	0.0	8.0
0.4985431428145437	0.8383027285967662	0.03144629017630883	25.0	0.0	0.0	8.0
0.8564970496468893	0.13259443781553673	0.03318276356850372	14.0	0.0	0.0	8.0
0.060612764016953175	0.1355153187643166	0.03214482515642434	31.0	0.0	0.0	8.0
0.7287251673679396	0.5763192752363309	0.03576969655128494	29.0	0.0	0.0	8.0
0.401850976276418	0.35733953440905947	0.03324577570105859	43.0	0.0	0.0	8.0
0.7135851607371532	0.22686341896306128	0.017369888586410063	53.0	28.0	0.0	8.0
0.23679592749888678	0.9402647690500098	0.03235958733617955	7.0	0.0	0.0	8.0
0.5681818895701721	0.28754517811702324	0.01759252398649613	54.0	44.0	0.0	8.0
0.21599137373205413	0.24968571925449384	0.032882682589201746	11.0	0.0	0.0	8.0
0.7779609697097997	0.9099123579832208	0.034623875046909974	12.0	0.0	0.0	8.0
0.849732553755224	0.34537683933153557	0.03437499500502923	41.0	0.0	0.0	8.0
0.6978918691977334	0.3617541395415799	0.0318283104548247	19.0	0.0	0.0	8.0
0.0485088937703706	0.6179135501997356	0.0311541766760351	26.0	0.0	0.0	8.0
0.6832860125036363	0.28259471654891133	0.03320052446985388	37.0	0.0	0.0	8.0
0.6046382530356407	0.5565604709928715	0.03368152142393577	20.0	0.0	0.0	8.0
0.9373317621608089	0.5703244540780971	0.03390468790148586	40.0	0.0	0.0	8.0
0.5969453463383626	0.8829842611820611	0.03635150235780577	23.0	0.0	0.015799029029523126	8.0
0.907599338859511	0.8953258151908623	0.034007577215520154	42.0	0.0	0.0	8.0
0.28150070850556497	0.6387671594837294	0.034090929372930734	27.0	0.0	0.0	8.0
0.32298366356792513	0.3963735541875781	0.03248024826668395	45.0	0.0	0.0	8.0
0.6195948841278098	0.38706467827815777	0.03449476154622571	1.0	0.0	0.0	8.0
0.13238771254534124	0.6677606871743689	0.034210353433757654	47.0	0.0	0.0	8.0
0.2875028520478558	0.2334637350570686	0.03523853236592912	50.0	0.0	8.686041930161537e-05	8.0
0.12540274500457052	0.8743254260264078	0.03127516494934916	32.0	0.0	0.0	8.0
0.4625026801437898	0.4728891359545337	0.03323269436791168	6.0	0.0	0.0	8.0
0.6326518326678773	0.23571638725844027	0.030484481881738357	21.0	0.0	0.0	9.0
0.6886695640949753	0.2828491079347196	0.033233724994323734	37.0	0.0	0.0	9.0
0.13766048957010213	0.6692594971537583	0.03424456378719141	47.0	0.0	0.0	9.0
0.49281633774353195	0.8398340015683565	0.031477736466485134	25.0	0.0	0.0	9.0
0.3291782459022008	0.3922941381310237	0.03251272851495063	45.0	0.0	0.0	9.0
0.3922454845782412	0.2019381245737234	0.03199760445948921	2.0	0.0	0.0	9.0
0.40116466044464205	0.3604966521823637	0.033279021476759645	43.0	0.0	0.0	9.0
0.6000739848064719	0.562994737694654	0.0337152029453597	20.0	0.0	0.0	9.0
0.050564860104395884	0.19765456868360037	0.018269058447277053	57.0	13.0	0.0	9.0
0.5330981603724803	0.48644733153491637	0.03264151216067599	46.0	0.0	0.0	9.0
0.2818914010098309	0.6346423798998023	0.03412502030230366	27.0	0.0	0.0	9.0
0.7812442904045822	0.26266985488848726	0.03578618222776269	15.0	0.0	0.003109923027565742	9.0
0.7208946056180267	0.5993662864362075	0.019515118819679184	58.0	29.0	0.0	9.0
0.8495211339179992	0.34723446923613077	0.03440937000003426	41.0	0.0	0.0	9.0
0.7158610078276401	0.2302492389721794	0.017387258474996472	53.0	0.0	0.0	9.0
0.05975873748661356	0.13480226130386985	0.03217696998158076	31.0	0.0	0.0	9.0
0.7319752581066002	0.5519543260036599	0.019515118819679184	59.0	29.0	0.0	9.0
0.28813612167640307	0.2267779204933604	0.035273770898295045	50.0	0.0	0.00013132330889220611	9.0
0.7976028738986609	0.635584139504242	0.03137275153376865	38.0	0.0	0.0	9.0
0.5255888983803921	0.9253352185036156	0.03415882469214349	22.0	0.0	0.0	9.0
0.5211755550674912	0.28856245878225106	0.017610116510482623	55.0	0.0	0.0	9.0
0.3898088886072263	0.12588711078116332	0.031193328820437682	4.0	0.0	0.0	9.0
0.9390278851639117	0.5749342818967854	0.03393859258938734	40.0	0.0	0.0	9.0
0.7465495367784075	0.40834644303884277	0.0323092517456767	16.0	0.0	0.0	9.0
0.2218268688632452	0.245518525932841	0.032915565271790945	11.0	0.0	0.0	9.0
0.23802491905653878	0.9409986074158103	0.03239194692351573	7.0	0.0	0.0	9.0
0.7395089796889123	0.18687500873102286	0.017387258474996472	52.0	0.0	0.0	9.0
0.7597875241837386	0.3370631584119057	0.03360316104073566	35.0	0.0	0.0	9.0
0.8401617947547201	0.9485862122406765	0.03247056917316159	10.0	0.0	0.0	9.0
0.34668169807354055	0.3164608557040113	0.030945708340036456	9.0	0.0	0.0	9.0
0.5390948887710586	0.37331093364928836	0.03190440384323694	36.0	0.0	0.0	9.0
0.13188341625386518	0.8759711258836337	0.031306440114298506	32.0	0.0	0.0	9.0
0.03795191584307455	0.2635327956908384	0.031461409071270645	39.0	0.0	0.0	9.0
0.5948394614795287	0.8822018944232579	0.03638785386016358	23.0	0.0	0.01710847056929765	9.0
0.0033835260446215785	0.19154691345093555	0.018269058447277053	56.0	13.0	0.0	9.0
0.626874541902008	0.3110100801212742	0.031725273207739074	18.0	0.0	0.0	9.0
0.9033618641315617	0.8928316480098977	0.03404158479273567	42.0	0.0	0.0	9.0
0.07221487133706947	0.7112453665004358	0.030316457308975198	17.0	0.0	0.0	9.0
0.38671781765199836	0.5918744702266695	0.030480110272416636	34.0	0.0	0.0	9.0
0.622215525220065	0.46749261369946277	0.030380634563415988	33.0	0.0	0.0	9.0
0.5657986048430796	0.27525809537490936	0.017610116510482623	54.0	0.0	0.0	9.0
0.697769182855062	0.362967960105017	0.031860138765279516	19.0	0.0	0.0	9.0
0.0856655811713093	0.033657165810800804	0.03465975257969155	51.0	0.0	0.0	9.0
0.7757288259006744	0.9106625666715039	0.03465849892195688	12.0	0.0	0.0	9.0
0.6176489438609393	0.3830052283216562	0.034529256307771934	1.0	0.0	0.0	9.0
0.8504855068732988	0.1306995835585349	0.03321594633207222	14.0	0.0	0.0	9.0
0.3216879621833921	0.8145902827875946	0.03269549894227598	48.0	0.0	0.0	9.0
0.42319801961161113	0.8207071161130676	0.032583155332579536	3.0	0.0	0.0	9.0
0.04907791694258002	0.6050102353314937	0.03118533085271113	26.0	0.0	0.0	9.0
0.4591311953652337	0.46935457491264726	0.03326592706227959	6.0	0.0	0.0	9.0
0.9055646857419977	0.255386275372889	0.03603356613219847	49.0	0.0	0.007066344132823588	9.0
0.7625411428643637	0.028931133418765555	0.031701921708251	30.0	0.0	0.0	9.0
0.4598996869185766	0.40091405133659264	0.03439710655457992	8.0	0.0	0.0	9.0
0.1023189694241415	0.34167184389391797	0.0335368464636768	24.0	0.0	0.0	9.0
0.8545238625175967	0.846794118900696	0.031422818935445136	5.0	0.0	0.0	9.0
0.7464060932585151	0.19199972806615592	0.017404645733471467	52.0	0.0	0.0	10.0
0.28192695831120196	0.2183661225083753	0.03530904466919334	50.0	0.0	0.00018890512657776526	10.0
0.39368081586493053	0.202341345084047	0.0320296020639487	2.0	0.0	0.0	10.0
0.9025218156496132	0.8956507590858372	0.0340756263775284	42.0	0.0	0.0	10.0
0.943849931584246	0.5744315565547318	0.033972531181976726	40.0	0.0	0.0	10.0
0.7712121409144955	0.9085842240466083	0.034693157420878834	12.0	0.0	0.0	10.0
0.32428561018164054	0.8136252188923033	0.03272819444121826	48.0	0.0	0.0	10.0
0.7144479817421233	0.2287678658439947	0.017404645733471467	53.0	0.0	0.0	10.0
0.2330616076634596	0.9346173835213547	0.03242433887043924	7.0	0.0	0.0	10.0
0.7474387115646324	0.40764126633410647	0.03234156099742237	16.0	0.0	0.0	10.0
0.4534397313278317	0.47502621487869895	0.03329919298934187	6.0	0.0	0.0	10.0
0.7616261538899165	0.3375054926639473	0.03363676420177639	35.0	0.0	0.0	10.0
0.5652169735710026	0.27335017705437215	0.017627726626993103	54.0	0.0	0.0	10.0
0.6010442415075851	0.5636603032932181	0.03374891814830506	20.0	0.0	0.0	10.0
0.8375726880984689	0.9479805476050095	0.03250303974233475	10.0	0.0	0.0	10.0
0.5242141815465878	0.9270354042909079	0.03419298351683563	22.0	0.0	0.0	10.0
0.5990883007166113	0.8817047742007604	0.03642424171402374	23.0	0.0	0.01848975167550293	10.0
0.06257718849348869	0.13414294659464274	0.03220914695156234	31.0	0.0	0.0	10.0
0.14127657002608437	0.8706004256586721	0.0313377465544128	32.0	0.0	0.0	10.0
0.8521076026339744	0.8403524954441992	0.03145424175438058	5.0	0.0	0.0	10.0
0.8527610717730976	0.12982141555367244	0.03324916227840429	14.0	0.0	0.0	10.0
0.08598520434564846	0.03646551896558358	0.03469441233227123	51.0	0.0	0.0	10.0
0.14518134761460866	0.6619672742411948	0.034278808350978594	47.0	0.0	0.0	10.0
0.6990400474177431	0.36480817198866644	0.031891998904044795	19.0	0.0	0.0	10.0
0.7788868395722842	0.26330020648882785	0.03582196840999045	15.0	0.0	0.0035542285815637342	10.0
0.6290743266599585	0.3139512793511434	0.03175699848094681	18.0	0.0	0.0	10.0
0.2855343258182592	0.6333409414007728	0.03415914532260596	27.0	0.0	0.0	10.0
0.04715909783117991	0.605125136714559	0.03121651618356384	26.0	0.0	0.0	10.0
0.38815891294524835	0.592399556909155	0.030510590382689048	34.0	0.0	0.0	10.0
0.32966250219105436	0.39105096735239253	0.03254524124346558	45.0	0.0	0.0	10.0
0.039185890851888075	0.263227697135851	0.03149287048034191	39.0	0.0	0.0	10.0
0.6406145170057588	0.23873182500788137	0.030514966363620093	21.0	0.0	0.0	10.0
0.765363339227212	0.022424039305938403	0.03173362362995925	30.0	0.0	0.0	10.0
0.720156816520529	0.6025655755964082	0.01953463393849886	58.0	0.0	0.0	10.0
0.42224802617220986	0.8210668749528427	0.03261573848791211	3.0	0.0	0.0	10.0
0.6901602368491945	0.28345696586095265	0.033266958719318056	37.0	0.0	0.0	10.0
0.3993168891916948	0.3630650410542844	0.0333123004982364	43.0	0.0	0.0	10.0
0.46002663018209244	0.39455056610392464	0.0344315036611345	8.0	0.0	0.0	10.0
0.9048388160623915	0.25820745141115975	0.036069599698330665	49.0	0.0	0.007831479028268973	10.0
0.3371311944827846	0.3105235123373595	0.03097665404837649	9.0	0.0	0.0	10.0
0.04984603355549042	0.20096123883224004	0.01828732750572433	57.0	0.0	0.0	10.0
0.3891657566930943	0.13225005815882362	0.031224522149258117	4.0	0.0	0.0	10.0
0.21666677307272636	0.24563224818028875	0.032948480837062734	11.0	0.0	0.0	10.0
0.6237996423854772	0.4655584846633767	0.0304110151979794	33.0	0.0	0.0	10.0
0.10158427357141463	0.3407023133492214	0.03357038331014047	24.0	0.0	0.0	10.0
0.008894796074298758	0.1889263312014261	0.01828732750572433	56.0	0.0	0.0	10.0
0.7985761598933636	0.6385732012987855	0.03140412428530242	38.0	0.0	0.0	10.0
0.4886713774573533	0.835025494304344	0.031509214202951615	25.0	0.0	0.0	10.0
0.5471651383910277	0.37870064705622825	0.03193630824708018	36.0	0.0	0.0	10.0
0.5336007464512195	0.48907658368450546	0.032674153672836666	46.0	0.0	0.0	10.0
0.7340897907493623	0.5430416730219171	0.01953463393849886	59.0	0.0	0.0	10.0
0.6164379169745742	0.38324859440112685	0.0345637855640797	1.0	0.0	0.0	10.0
0.5174355535231981	0.2820688600235031	0.017627726626993103	55.0	0.0	0.0	10.0
0.8523036277919945	0.34408754731044894	0.03444377937003429	41.0	0.0	0.0	10.0
0.07465045266602108	0.7104325350465615	0.03034677376628417	17.0	0.0	0.0	10.0
0.3925334417091955	0.2026950747931675	0.03206163166601264	2.0	0.0	0.0	11.0
0.8388576345479613	0.9479279349475715	0.03253554278207708	10.0	0.0	0.0	11.0
0.39991996775032257	0.36477007212453455	0.03334561279873463	43.0	0.0	0.0	11.0
0.6924144570472962	0.28142554303233025	0.03330022567803737	37.0	0.0	0.0	11.0
0.7693275918131974	0.9068859356232943	0.03472785057829971	12.0	0.0	0.0	11.0
0.856730987176997	0.13527109187556122	0.03328241144068269	14.0	0.0	0.0	11.0
0.04420762728041217	0.2624469096946433	0.03152436335082225	39.0	0.0	0.0	11.0
0.07508501884716545	0.7093169274845842	0.03037712054005045	17.0	0.0	0.0	11.0
0.7316644350653428	0.5406239400954944	0.019554168572437358	59.0	0.0	0.0	11.0
0.5250501002004008	0.09018036072144288	0.05991983967935871	-2.0	-1.0	99.04115718072738	11.0
0.8553232401551621	0.8349316285446093	0.03148569599613495	5.0	0.0	0.0	11.0
0.5494326361792398	0.37782559224725293	0.031968244555327256	36.0	0.0	0.0	11.0
0.28101689066653657	0.22209727147373295	0.03534435371386253	50.0	0.0	0.0002613330202336783	11.0
0.6020033479553459	0.5598329331590505	0.03378266706645336	20.0	0.0	0.0	11.0
0.050061709735749325	0.2025084175288522	0.018305614833230052	57.0	0.0	0.0	11.0
0.6414632968270088	0.2379473448767508	0.03054548132998371	21.0	0.0	0.0	11.0
0.7025720754878764	0.3636948673551298	0.03192389090294884	19.0	0.0	0.0	11.0
0.3907812518657492	0.5932080108724308	0.030541100973071732	34.0	0.0	0.0	11.0
0.7968657583413499	0.6385462783092526	0.031435528409587715	38.0	0.0	0.0	11.0
0.5631786323847776	0.2684834390200018	0.017645354353620094	54.0	0.0	0.0	11.0
0.775446123253417	0.021756537641659846	0.0317653572535892	30.0	0.0	0.0	11.0
0.7150797934337051	0.2250868887092069	0.017422050379204936	53.0	0.0	0.0	11.0
0.5988178985312953	0.8827034425118815	0.036460665955737756	23.0	0.0	0.019944938218017683	11.0
0.9063440871593039	0.9046861639653277	0.03410970200390593	42.0	0.0	0.0	11.0
0.524119375616822	0.9345643337146874	0.034227176500352466	22.0	0.0	0.0	11.0
0.7188008541827874	0.6025613071641542	0.019554168572437358	58.0	0.0	0.0	11.0
0.008152787465625744	0.19379965824713458	0.018305614833230052	56.0	0.0	0.0	11.0
0.9442699869316117	0.5705218376329283	0.0340065037131587	40.0	0.0	0.0	11.0
0.28421129873562284	0.633420165982561	0.03419330446792856	27.0	0.0	0.0	11.0
0.4838087263639568	0.8394633351306071	0.03154072341715456	25.0	0.0	0.0	11.0
0.5292134760286955	0.49526133588880394	0.0327068278265095	46.0	0.0	0.0	11.0
0.5168569809088175	0.28119629129406454	0.017645354353620094	55.0	0.0	0.0	11.0
0.1008145296314707	0.34369401174906655	0.03360395369345061	24.0	0.0	0.0	11.0
0.33206102031427864	0.3966779770653362	0.03257778648470904	45.0	0.0	0.0	11.0
0.7489646206926815	0.4179646509645373	0.03237390255841979	16.0	0.0	0.0	11.0
0.32826439075661346	0.8087673237780441	0.032760922635659474	48.0	0.0	0.0	11.0
0.6162731826157539	0.38171530826683525	0.03459834934964377	1.0	0.0	0.0	11.0
0.06517590784393283	0.1365753137226824	0.0322413560985139	31.0	0.0	0.0	11.0
0.39245905287092864	0.12653205411008026	0.031255746671407375	4.0	0.0	0.0	11.0
0.767652996597216	0.2554638939642537	0.035857790378400436	15.0	0.0	0.00403946161580393	11.0
0.21522686165562463	0.24720005403551532	0.032981429317899796	11.0	0.0	0.0	11.0
0.7390215006777231	0.19793233155684642	0.017422050379204936	52.0	0.0	0.0	11.0
0.045860321559046555	0.6048726330378738	0.031247732699747403	26.0	0.0	0.0	11.0
0.8544486565813226	0.34480847721997926	0.03447822314940432	41.0	0.0	0.0	11.0
0.46357363161080645	0.3888970838278515	0.034465935164795625	8.0	0.0	0.0	11.0
0.6274594733376806	0.31388515852199056	0.031788755479427756	18.0	0.0	0.0	11.0
0.13414282100736608	0.876633274841013	0.03136908430096721	32.0	0.0	0.0	11.0
0.34429521544397024	0.31323649935624387	0.031007630702424863	9.0	0.0	0.0	11.0
0.09422700014455436	0.030260753848596663	0.0347291067446035	51.0	0.0	0.0	11.0
0.9057604650058655	0.2591147070882568	0.03610566929802899	49.0	0.0	0.00865078911465389	11.0
0.6264765857482109	0.4665338728393865	0.030441426213177376	33.0	0.0	0.0	11.0
0.7643737670149476	0.33558331040269157	0.03367040096597816	35.0	0.0	0.0	11.0
0.42124447318829567	0.82085862079251	0.03264835422640002	3.0	0.0	0.0	11.0
0.1485089869411505	0.6603333120553851	0.03431308715932957	47.0	0.0	0.0	11.0
0.22931497984225038	0.9320818532016171	0.03245676320930967	7.0	0.0	0.0	11.0
0.45485238151560825	0.4718782741019883	0.03333249218233121	6.0	0.0	0.0	11.0
