# x	y	r	id	split_id	s_prob	t
2.0	0.5	0.0	-1.0	0.0	0.0	0.0
0.1382861160037761	0.8133466788033428	0.10722067797583926	1.0	0.0	2410.8192867910816	0.0
0.715572113467196	0.5262639124972096	0.11227709122999585	2.0	0.0	2953.4680259767447	0.0
0.861929920349	0.22537895000429548	0.10643973164558318	3.0	0.0	2333.4549326040096	0.0
0.1783320815935809	0.5132619756174028	0.09837199939416355	4.0	0.0	1628.8166576365552	0.0
0.418861269236075	0.5046964525677252	0.10688877784237198	5.0	0.0	2377.7340392209485	0.0
0.6384772396935288	0.1435005472202147	0.11177448576758903	6.0	0.0	2896.2144945263817	0.0
0.32070064497228756	0.3060224393857487	0.10384137952143495	7.0	0.0	2087.9912187400287	0.0
0.6096007580172625	0.139752817324204	0.1118862602533566	6.0	0.0	2908.882547453798	1.0
0.7118110313458442	0.5532444818274842	0.11238936832122584	2.0	0.0	2966.3601583178715	1.0
0.44351340882065016	0.49181126029707045	0.10699566662021434	5.0	0.0	2388.3559125349066	1.0
0.8605463321921147	0.22340224567181677	0.10654617137722876	3.0	0.0	2343.900487925756	1.0
0.30816364333259266	0.3047153867594894	0.10394522090095637	7.0	0.0	2097.4541511626744	1.0
0.16620756710923923	0.5220360108837578	0.0984703713935577	4.0	0.0	1636.4136471056484	1.0
0.14335463466634937	0.8074667650951138	0.10732789865381509	1.0	0.0	2421.5727289910683	1.0
0.43547422574839806	0.5015016042567348	0.10710266228683454	5.0	0.0	2399.0200416551334	2.0
0.32180542274299145	0.30003468434626474	0.10404916612185731	7.0	0.0	2106.955137407989	2.0
0.7161288673338194	0.5538880112905301	0.11250175768954705	2.0	0.0	2979.3027013557376	2.0
0.14587352327017275	0.8040543275675731	0.1074352265524689	1.0	0.0	2432.368902210387	2.0
0.8519360623950459	0.23771966060056768	0.10665271754860597	3.0	0.0	2354.3876616557513	2.0
0.18614180391637397	0.51995775506789	0.09856884176495125	4.0	0.0	1644.0418544758834	2.0
0.6098519724399507	0.13669028524226814	0.11199814651360994	6.0	0.0	2921.6002101193853	2.0
0.7089804323308866	0.55123226404001	0.11261425944723659	2.0	0.0	2992.2958351713605	3.0
0.13133040670432738	0.7947374106592142	0.10754266177902136	1.0	0.0	2443.207960713894	3.0
0.8402813147934767	0.23841756203939612	0.10675937026615456	3.0	0.0	2364.9166043046093	3.0
0.43350494529755396	0.4932011822499235	0.10720976494912136	5.0	0.0	2409.7265792434637	3.0
0.6170137105058418	0.14229695197843029	0.11211014466012353	6.0	0.0	2934.3676599189575	3.0
0.18535802020078151	0.522173677966031	0.09866741060671619	4.0	0.0	1651.7013949503191	3.0
0.32464149859149577	0.28871715851152446	0.10415321528797916	7.0	0.0	2116.494315931451	3.0
0.7212624783151802	0.5522786727217277	0.14090859213335477	2.0	0.0	3005.3397404492616	4.0
0.6302169915329531	0.15111158946839687	0.14027781850597956	6.0	0.0	2947.1850748431825	4.0
0.4354278340201685	0.4921336365118339	0.10731697471407048	5.0	0.0	2420.475678476779	4.0
0.3297607045729644	0.2865919925421663	0.10425736850326713	7.0	0.0	2126.071825657601	4.0
0.8486214066477246	0.24076050274221614	0.10686612963642071	3.0	0.0	2375.487466891037	4.0
0.19093626439665365	0.528727906935716	0.0987660780173229	4.0	0.0	1659.392384125539	4.0
0.12707272869339434	0.8007394759360936	0.10765020444080037	1.0	0.0	2454.0900592866715	4.0
0.7186844438940724	0.5518445227155171	0.13527224844802058	2.0	0.0	3018.434598479405	5.0
0.43883997900054306	0.498919882880609	0.10742429168878453	5.0	0.0	2431.2674930486687	5.0
0.8516510777279098	0.2392728511385766	0.10697299576605712	3.0	0.0	2386.100400943468	5.0
0.21220825428931778	0.5367835272022272	0.09886484409534022	4.0	0.0	1667.114937992935	5.0
0.6351847549361764	0.1663681038677874	0.13466670576574039	6.0	0.0	2960.052633479497	5.0
0.1106046341667433	0.8040488785979394	0.10775785464524115	1.0	0.0	2465.015353235709	5.0
0.31915759718013004	0.29784902093260146	0.10436162587177038	7.0	0.0	2135.6878059815635	5.0
0.6387900802203745	0.16492435030289182	0.12905559302550118	6.0	0.0	2972.970515014034	6.0
0.7087331362886133	0.556966370376869	0.12963590476268638	2.0	0.0	3031.580591159152	6.0
0.21739271466692314	0.5430328194316394	0.09896370893943554	4.0	0.0	1674.8691729399934	6.0
0.32611580532688356	0.2899794841889192	0.10446598749764213	7.0	0.0	2145.34239677057	6.0
0.11620736868528915	0.8136365786660791	0.10786561249988638	1.0	0.0	2475.9839983915926	6.0
0.4384312028746633	0.5018522869731035	0.10753171598047331	5.0	0.0	2442.1021771711053	6.0
0.8591317534677434	0.2444043595535499	0.10707996876182317	3.0	0.0	2396.755558501721	6.0
0.32091445395935214	0.2983869099941513	0.10457045348513977	7.0	0.0	2155.03573836549	7.0
0.21748044266231364	0.5465156878357522	0.09906267264837497	4.0	0.0	1682.6552057515855	7.0
0.7142517098152291	0.559056232818867	0.1239995610773522	2.0	0.0	3044.7779009952114	7.0
0.8680609072272073	0.24943543224430817	0.10718704873058499	3.0	0.0	2407.453092118649	7.0
0.10018982892792408	0.8246241074550114	0.10797347811238625	1.0	0.0	2486.996151110194	7.0
0.6328692808811798	0.15493723646723934	0.12344448028526203	6.0	0.0	2985.9388992335435	7.0
0.44015300938966456	0.4982604051967597	0.10763924769645378	5.0	0.0	2452.9798855761146	7.0
0.4511860459932841	0.47876213853146343	0.10774688694415022	5.0	0.0	2463.9007735174614	8.0
0.628003588756736	0.15418071103871037	0.11783336754502284	6.0	0.0	2998.9579665273327	8.0
0.7123189274739703	0.5595991997904742	0.11836321739201801	2.0	0.0	3058.0267111056046	8.0
0.10308021451423818	0.8257186852930336	0.10808145159049863	1.0	0.0	2498.05196827437	8.0
0.3134982485610973	0.2906099544688188	0.10467502393862489	7.0	0.0	2164.767971582362	8.0
0.8772466465647358	0.23144941414859516	0.10729423577931556	3.0	0.0	2418.1931548617945	8.0
0.20553569918167922	0.5336732380062067	0.09916173532102333	4.0	0.0	1690.4731536112572	8.0
0.0935150319425154	0.8242314757329224	0.10818953304208911	1.0	0.0	2509.151607295661	9.0
0.3098637747782511	0.29384398186020094	0.1047796989625635	7.0	0.0	2174.539237713941	9.0
0.6555646821662564	0.2365375885271404	0.0665428487602422	11.0	6.0	200.85503122725146	9.0
0.4464467400605381	0.4661273948638552	0.10785463383109435	5.0	0.0	2474.8649967723313	9.0
0.666036694092198	0.6366239696154957	0.06457623278891844	8.0	2.0	165.58025285736556	9.0
0.7722205322059068	0.4938009732978435	0.06457623278891844	9.0	2.0	165.58025285736556	9.0
0.86438211208963	0.21761804649764002	0.10740153001509486	3.0	0.0	2428.9759003150607	9.0
0.5898627213949321	0.08197927925652852	0.0665428487602422	10.0	6.0	200.85503122725146	9.0
0.20150058831221615	0.5414528270615507	0.09926089705634435	4.0	0.0	1698.323134102532	9.0
0.7747019777513774	0.4916755320296988	0.06464080902170735	9.0	0.0	166.66719776480616	10.0
0.855089023685733	0.21376015226605583	0.10750893154510995	3.0	0.0	2439.8014825803743	10.0
0.4470385530078611	0.4694497464764777	0.10796248846492544	5.0	0.0	2485.872711643027	10.0
0.0922233733806837	0.8280349401140177	0.10829772257513119	1.0	0.0	2520.2952261160044	10.0
0.6733291803408972	0.6427910592604018	0.06464080902170735	8.0	0.0	166.66719776480616	10.0
0.3117310479824539	0.29480505042256805	0.10488447866152606	7.0	0.0	2184.349678531233	10.0
0.20615125816026073	0.5238377764639024	0.09936015795340068	4.0	0.0	1706.20526521021	10.0
0.5891194605286111	0.08647930769624797	0.06660939160900244	10.0	0.0	202.12888715305405	10.0
0.6590832849972785	0.2437607682839158	0.06660939160900244	11.0	0.0	202.12888715305405	10.0
0.8527420424578719	0.21579617609821397	0.10761644047665504	3.0	0.0	2450.6700562793626	11.0
0.44574128466349555	0.4657073118055817	0.10807045095339035	5.0	0.0	2496.924074958657	11.0
0.6594987437551066	0.2403041882039963	0.06667600100061143	11.0	0.0	203.40939965263036	11.0
0.21269619990969046	0.5248976377779898	0.09945951811135408	4.0	0.0	1714.1196653216741	11.0
0.5819311100845296	0.10395007123278058	0.06667600100061143	10.0	0.0	203.40939965263036	11.0
0.2870825389823224	0.2866931986989097	0.10498936314018757	7.0	0.0	2194.199436285051	11.0
0.6751593308122893	0.6445040560275286	0.06470544983072905	8.0	0.0	167.75998316834304	11.0
0.7725258805871267	0.49028143494108345	0.06470544983072905	9.0	0.0	167.75998316834304	11.0
0.0900827131533289	0.8256139139015771	0.10840602029770631	1.0	0.0	2531.482983209444	11.0
