# x	y	r	id	split_id	s_prob	t
2.0	0.5	0.0	-1.0	0.0	0.0	0.0
0.6895682397075824	0.6391207246139322	0.10183663690291407	1.0	0.0	1910.8374335973785	0.0
0.39126802812766465	0.4243734098432007	0.10229399065527138	2.0	0.0	1950.3332486136542	0.0
0.8420629019505029	0.43917894541050373	0.10059803521725615	3.0	0.0	1806.56032804677	0.0
0.17202207183395174	0.3373930906166827	0.12332774707426326	4.0	0.0	4410.333527202974	0.0
0.40616518361920056	0.19919186104801428	0.10858259167848168	5.0	0.0	2549.7947031301983	0.0
0.27824366474848505	0.6117463176392836	0.10790923314443214	6.0	0.0	2480.4333682590477	0.0
0.8180213263700253	0.20533135123574925	0.11737085997407644	7.0	0.0	3576.8503842284454	0.0
0.613691399996035	0.3857916319888448	0.11831611327507363	8.0	0.0	3701.408170351715	0.0
0.07992634712324351	0.581732787360024	0.07992634712324351	9.0	0.0	580.3410605753635	0.0
0.15101045051780002	0.3430623880532355	0.12345107482133752	4.0	0.0	4428.833137352715	1.0
0.6171702896292082	0.3856052844107468	0.1184344293883487	8.0	0.0	3717.1995369782544	1.0
0.2701309128249386	0.6207556918558497	0.10801714237757656	6.0	0.0	2491.463165125997	1.0
0.6870745376407901	0.6436459482237653	0.10193847353981697	1.0	0.0	1919.585176411983	1.0
0.8120391110493128	0.20220456403144232	0.11748823083405051	7.0	0.0	3592.1622247883042	1.0
0.39216219079418246	0.20312565247674066	0.10869117427016015	5.0	0.0	2561.0992277505643	1.0
0.849217343478626	0.43969784423652475	0.10069863325247339	3.0	0.0	1814.8844461573547	1.0
0.08211116704453471	0.5836768837802655	0.08000627347036675	9.0	0.0	583.4439465333955	1.0
0.3823849516327147	0.42463496224437863	0.10239628464592664	2.0	0.0	1959.2409145950562	1.0
0.6119667187181806	0.3849964592270367	0.11855286381773703	8.0	0.0	3733.0516124830824	2.0
0.39581172635479944	0.20483290111685487	0.1087998654444303	5.0	0.0	2572.4484701279835	2.0
0.8216141483175117	0.1793432303309943	0.11760571906488454	7.0	0.0	3607.533078569927	2.0
0.3817482880944946	0.4296644866580335	0.10249868093057254	2.0	0.0	1968.18461006144	2.0
0.1508353843542446	0.339976037515085	0.12357452589615885	4.0	0.0	4447.402984835121	2.0
0.28697585109815277	0.6180961867114613	0.10812515951995413	6.0	0.0	2502.536690050619	2.0
0.6968120627893676	0.6539840116790306	0.10204041201335677	1.0	0.0	1928.368364218684	2.0
0.8488464055931957	0.4455819101899028	0.10079933188572585	3.0	0.0	1823.2424576336432	2.0
0.0937869475346849	0.5898950222269519	0.0800862797438371	9.0	0.0	586.5609923347848	2.0
0.8639190915132832	0.42809630967001516	0.10090013121761156	3.0	0.0	1831.6344868023748	3.0
0.09342372547980977	0.5846585944139192	0.08016636602358093	9.0	0.0	589.6922539592877	3.0
0.6827842210828747	0.6708930197120521	0.10214245242537012	1.0	0.0	1937.1871266214096	3.0
0.14257153790269256	0.3170721017959513	0.123698100422055	4.0	0.0	4466.043315769481	3.0
0.8383853549397282	0.17358877374965873	0.11772332478394941	7.0	0.0	3622.9631544015497	3.0
0.3924907526315461	0.1979049769323761	0.10890866530987471	5.0	0.0	2583.842591221717	3.0
0.3671106301516778	0.42422638449724726	0.1026011796115031	2.0	0.0	1977.1644666021234	3.0
0.29180235962537504	0.6239140076682285	0.10823328467947407	6.0	0.0	2513.6541006588036	3.0
0.6124147517127311	0.37953452991225545	0.11867141668155474	8.0	0.0	3748.9646113426006	3.0
0.28783238702758224	0.6277247546042228	0.10834151796415353	6.0	0.0	2524.815555107529	4.0
0.3898713195798379	0.41953330772708464	0.10270378079111459	2.0	0.0	1986.1806162532207	4.0
0.42084168336673344	0.3667334669338677	0.07575150300601202	-2.0	-1.0	433.1226218075647	4.0
0.1449420926777974	0.3042328679466553	0.12382179852247703	4.0	0.0	4484.754377090415	4.0
0.8682376859477225	0.43755987842494465	0.10100103134882917	3.0	0.0	1840.0606584135005	4.0
0.08837931813607487	0.5873357764377062	0.0802465323896045	9.0	0.0	592.8377875854637	4.0
0.3914712078596566	0.18617961142435036	0.10901757397518458	5.0	0.0	2595.2817525328774	4.0
0.6879398724432462	0.6684415324202126	0.10224459487779548	1.0	0.0	1946.041593664436	4.0
0.6295650102688549	0.3816506689378271	0.11879008809823628	8.0	0.0	3764.938748747231	4.0
0.8582782898566709	0.15697944704985858	0.11784104810873335	7.0	0.0	3638.452661807306	4.0
0.15740823512700036	0.3227789797295858	0.1239456203209995	4.0	0.0	4503.536416550502	5.0
0.8692314652107019	0.43337114681954453	0.10110203238017798	3.0	0.0	1848.5210976415533	5.0
0.306792478550207	0.642186612685277	0.10844985948211767	6.0	0.0	2536.0212120865735	5.0
0.6965521033348507	0.681254108360761	0.10234683947267327	1.0	0.0	1954.9318958338222	5.0
0.6455888936049965	0.38321933474134556	0.1189088781863345	8.0	0.0	3780.9742406037053	5.0
0.8456251380574497	0.15919229066183907	0.11795888915684206	7.0	0.0	3654.001811009463	5.0
0.3827064425892939	0.17491093913219455	0.10912659154915975	5.0	0.0	2606.766116106177	5.0
0.38518364075903916	0.416694079600559	0.10280648457190569	2.0	0.0	1995.233191499092	5.0
0.07752937509941776	0.5821766809883914	0.0803267789219941	9.0	0.0	595.997649591342	5.0
0.6395825261604657	0.39411885482887754	0.11902778706452082	8.0	0.0	3797.07130353736	6.0
0.692656660992502	0.675215504020555	0.10244918631214593	1.0	0.0	1963.8581640588427	6.0
0.9318637274549098	0.49098196392785565	0.08957915831663325	-2.0	-1.0	1040.5440637653792	6.0
0.3839211149139388	0.43346749476081964	0.10290929105647759	2.0	0.0	2004.3223252737955	6.0
0.07545311571630887	0.5800541592020428	0.08040710570091608	9.0	0.0	599.1718965550822	6.0
0.8680543567538189	0.43507559986222794	0.10120313441255815	3.0	0.0	1857.0159300870337	6.0
0.17350601226253787	0.3251218396086383	0.12406956594132049	4.0	0.0	4522.389682722875	6.0
0.32196861418556766	0.6454357084028569	0.10855830934159978	6.0	0.0	2547.2712308202404	6.0
0.8485227358163842	0.16306649347474908	0.1180768480459989	7.0	0.0	3669.6108129306635	6.0
0.38744493328899754	0.17670538722594675	0.1092357181407089	5.0	0.0	2618.295844531684	6.0
0.3200973931319062	0.6475253464378017	0.10866686765094137	6.0	0.0	2558.5657710690816	7.0
0.403230994552606	0.15531938873985734	0.1093449538588496	5.0	0.0	2629.871100946585	7.0
0.8697415147539532	0.41937216078315337	0.1013043375469707	3.0	0.0	1865.5452817777896	7.0
0.07087539975235344	0.5907936453634596	0.08048751280661699	9.0	0.0	602.360585255643	7.0
0.6286768831615518	0.39477189891018105	0.11914681485158532	8.0	0.0	3813.2301548944424	7.0
0.8486595714056719	0.15582252021317952	0.11819492489404489	7.0	0.0	3685.279879196172	7.0
0.6762221077513406	0.6809703509956703	0.10255163549845807	1.0	0.0	1972.8205297134252	7.0
0.39110993714290826	0.438477412285072	0.10301220034753406	2.0	0.0	2013.4481509625502	7.0
0.17240929069836697	0.3197035612905316	0.1241936355072618	4.0	0.0	4541.314425003854	7.0
0.8276553106212424	0.3366733466933867	0.005611222444889779	-2.0	-1.0	0.0	7.0
0.6521233753981702	0.6683744138850456	0.10265418713395652	1.0	0.0	1981.8191246175936	8.0
0.616861169890087	0.382692912515726	0.1192659616664369	8.0	0.0	3829.451012744423	8.0
0.08617322313497233	0.6066305705443454	0.0805680003194236	9.0	0.0	605.5637726734489	8.0
0.3128963357593067	0.6533629411852067	0.1087755345185923	6.0	0.0	2569.904993131629	8.0
0.38685018429339646	0.44574736819272315	0.10311521254788157	2.0	0.0	2022.610802403196	8.0
0.3855515767941433	0.14055820711238104	0.10945429881270843	5.0	0.0	2641.492049036947	8.0
0.17441612077740623	0.3193134001948045	0.12431782914276905	4.0	0.0	4560.310893615578	8.0
0.8585095593911599	0.15666172183773056	0.11831311981893892	7.0	0.0	3701.009222136123	8.0
0.858440151515738	0.43763960057128004	0.10140564188451766	3.0	0.0	1874.1092791704073	8.0
0.8585095593911599	0.1628928858153759	0.11843143293875785	7.0	0.0	3716.7990547877907	9.0
0.08585494449677604	0.6150522804258836	0.08064856831974301	9.0	0.0	608.7815159910633	9.0
0.661548723459679	0.6930287528328712	0.10275684132109046	1.0	0.0	1990.8540810389152	9.0
0.8625464727050939	0.4450911810319455	0.10150704752640216	3.0	0.0	1882.7080491516024	9.0
0.3817514876243566	0.4522181757266281	0.10321832776042944	2.0	0.0	2031.8104138876658	9.0
0.6345539058426872	0.39096955454134036	0.11938522762810332	8.0	0.0	3845.734095882311	9.0
0.18881565774197726	0.31854208545877677	0.1244421469719118	4.0	0.0	4579.37933960864	9.0
0.37215256584624035	0.12035061748932008	0.10956375311152113	5.0	0.0	2653.1588530394883	9.0
0.30517880885368015	0.6728122462086765	0.10888431005311087	6.0	0.0	2581.2890578461343	9.0
0.08464572723796439	0.5937342355125784	0.08072921688806274	9.0	0.0	612.0138725938594	10.0
0.38275254839545164	0.44535329603183904	0.10332154608818986	2.0	0.0	2041.0471201634557	10.0
0.18676935502360548	0.29693801682906773	0.1245665891188837	4.0	0.0	4598.52001486474	10.0
0.8594444745866752	0.4415829088364494	0.10160855457392855	3.0	0.0	1891.3417190396196	10.0
0.3566523379060152	0.11174523014558171	0.10967331686463264	5.0	0.0	2664.8716777433633	10.0
0.6386930969565303	0.4079396542172958	0.11950461285573141	8.0	0.0	3862.079623830983	10.0
0.6553941055595555	0.667087335580797	0.10285959816241154	1.0	0.0	1999.9255316939568	10.0
0.3096009911270922	0.6777506046446823	0.10899319436316397	6.0	0.0	2592.7181265923105	10.0
0.8391437759261602	0.17478962186161698	0.1185498643716966	7.0	0.0	3732.649590897853	10.0
0.3824400557754126	0.4354295200877585	0.10342486763427804	2.0	0.0	2050.321056435102	11.0
0.8596143039970866	0.44908391719837265	0.10171016312850246	3.0	0.0	1900.0104165856317	11.0
0.8499125567395629	0.17681297633122545	0.11866841423606828	7.0	0.0	3748.561044924667	11.0
0.07000215680687953	0.6174039942394276	0.08080994610495079	9.0	0.0	615.2609000706968	11.0
0.37555503521501804	0.11287714823601853	0.10978299018149726	5.0	0.0	2676.630688491935	11.0
0.6280113597971927	0.40243659863872694	0.11962411746858713	8.0	0.0	3878.487816843513	11.0
0.18034400851399784	0.2957725852662594	0.12469115570800257	4.0	0.0	4617.733172099339	11.0
0.32000587968374783	0.6870090823795666	0.10910218755752712	6.0	0.0	2604.1923612930773	11.0
0.6592032332692457	0.6703917824611545	0.10296245776057394	1.0	0.0	2009.0336097497363	11.0
0.38445968803281905	0.10685092458005244	0.10989277317167874	5.0	0.0	2688.4360511845675	12.0
0.8614474559929036	0.44607869978877557	0.10181187329163095	3.0	0.0	1908.714269975147	12.0
0.6253985591757404	0.40835847884149795	0.1197437415860557	8.0	0.0	3894.958895905517	12.0
0.08005212278031859	0.6216504674102654	0.08089075605105574	9.0	0.0	618.5226562145976	12.0
0.31130793057394357	0.6923523830980733	0.10921128974508464	6.0	0.0	2615.711924416319	12.0
0.8416273175120161	0.16108235507722865	0.11878708265030433	7.0	0.0	3764.5336320405513	12.0
0.3927942870368765	0.44887651691895775	0.1035282925019123	2.0	0.0	2059.632358365666	12.0
0.18780574736732258	0.3123696410458041	0.12481584686371056	4.0	0.0	4637.019064864317	12.0
0.664196685221295	0.6664316319402931	0.10306542021833451	1.0	0.0	2018.1784488251867	12.0
0.08317457414471581	0.6177386472950768	0.08097164680710678	9.0	0.0	621.799199023425	13.0
0.8395331728811898	0.13555282915474715	0.11890586973295461	7.0	0.0	3780.5675681340767	13.0
0.5711422845691382	0.27655310621242485	0.012625250501002003	-2.0	-1.0	0.0	13.0
0.4117195291825642	0.447910664891696	0.1036318207944142	2.0	0.0	2068.9811620782184	13.0
0.7775551102204408	0.7975951903807614	0.0847695390781563	-2.0	-1.0	788.9887851606522	13.0
0.6703405328377181	0.6598260438921105	0.10316848563855283	1.0	0.0	2027.3601829926222	13.0
0.3798212216954671	0.10736405061029068	0.1100026659448504	5.0	0.0	2700.2879322784233	13.0
0.8613398346543795	0.4489263797186931	0.10191368516492257	3.0	0.0	1917.4534078294193	13.0
0.20349513141541406	0.31060147919659414	0.12494066271057425	4.0	0.0	4656.377947550659	13.0
0.31552012811294144	0.693365746061591	0.10932050103482971	6.0	0.0	2627.2769789766417	13.0
0.6415504050526938	0.3861614322572013	0.11986348532764175	8.0	0.0	3911.493082737498	13.0
0.18793110758270248	0.30006852630985054	0.12506560337328482	4.0	0.0	4675.810075391128	14.0
0.6774368287162452	0.6748720030963464	0.10327165412419137	1.0	0.0	2036.5789467792088	14.0
0.08187207450486805	0.6214210901927036	0.08105261845391387	9.0	0.0	625.0905867005672	14.0
0.3585603742957618	0.1119158370398709	0.11011266861079524	5.0	0.0	2712.1864987902577	14.0
0.4145088451304326	0.44934630048158813	0.1037354526152086	2.0	0.0	2078.3676041573317	14.0
0.8555807442209041	0.1465609586651784	0.11902477560268755	7.0	0.0	3796.6630698123618	14.0
0.31234358383021493	0.6931955936864875	0.10942982153586453	6.0	0.0	2638.8876885371365	14.0
0.6376622814807358	0.38635609484386413	0.11998334881296938	8.0	0.0	3928.090599797199	14.0
0.8647540627170642	0.46540910261838725	0.10201559885008747	3.0	0.0	1926.2279592068649	14.0
0.8719274294230809	0.46210829376526985	0.10211761444893755	3.0	0.0	1935.0380536044786	15.0
0.08258842574220114	0.6182229401474727	0.08113367107236778	9.0	0.0	628.3968776556202	15.0
0.4082361700602318	0.45136696617085287	0.1038391880678238	2.0	0.0	2087.7918216505786	15.0
0.3409920995828476	0.12240596117863253	0.11022278127940603	5.0	0.0	2724.131918298226	15.0
0.8596286148643294	0.1482713300367588	0.11914380037829023	7.0	0.0	3812.8203544033768	15.0
0.32990439614252126	0.7028008385228963	0.10953925135740038	6.0	0.0	2650.5442172111507	15.0
0.6326441020276642	0.36911986741100966	0.12010333216178233	8.0	0.0	3944.751670281972	15.0
0.18469274523271728	0.29904778589167685	0.1251906689766581	4.0	0.0	4695.315704462949	15.0
0.6844950431551742	0.6618707626416152	0.10337492577831554	1.0	0.0	2045.8348751684375	15.0
0.6816868758997231	0.689653897145551	0.10347830070409385	1.0	0.0	2055.128103601609	16.0
0.0833949053759618	0.6235196967687302	0.08121480474344014	9.0	0.0	631.7181305050717	16.0
0.39090206677429545	0.4414832248925532	0.1039430272558916	2.0	0.0	2097.253952070027	16.0
0.8914797828953817	0.45026584592690255	0.10221973206338647	3.0	0.0	1943.88382095926	16.0
0.3279794114070332	0.6793335254340048	0.10964879060875776	6.0	0.0	2662.2467296640666	16.0
0.34819565228719257	0.12001592497388329	0.11033300406068543	5.0	0.0	2736.124358943693	16.0
0.6412825651302605	0.26452905811623245	0.07695390781563126	-2.0	-1.0	472.6038255876495	16.0
0.17702895284474437	0.30510891425590064	0.12531585964563474	4.0	0.0	4714.895091690519	16.0
0.8619866067841011	0.14579928376512255	0.1192629441786685	7.0	0.0	3829.039639958256	16.0
0.6227267659696067	0.3668563238361236	0.1202234354939441	8.0	0.0	3961.4765181311413	16.0
0.3395078418172607	0.6721510503248377	0.10975843939936651	6.0	0.0	2673.9953911150787	17.0
0.6393821825457753	0.37569573326878614	0.12034365892943803	8.0	0.0	3978.2653680283865	17.0
0.3218899711096168	0.10870511950488121	0.1104433370647461	5.0	0.0	2748.163989433053	17.0
0.8944864110227311	0.44748698624085287	0.10232195179544984	3.0	0.0	1952.7653916496415	17.0
0.18901782968000588	0.3089709845532958	0.12544117550528036	4.0	0.0	4734.5484948481035	17.0
0.059147560962117575	0.6079858535151667	0.08129601954818358	9.0	0.0	635.0544040729925	17.0
0.6820839355735393	0.7001601673667894	0.10358177900479792	1.0	0.0	2064.458767979312	17.0
0.39700259869422505	0.4568574642786991	0.10404697028314748	2.0	0.0	2106.7541333937543	17.0
0.8443892341371759	0.16545069754446198	0.11938220712284717	7.0	0.0	3845.321145253614	17.0
0.8479511049986247	0.15888972664465703	0.11950158932997	7.0	0.0	3861.665089793872	18.0
0.3945991648859931	0.45446656964998666	0.10415101725343062	2.0	0.0	2116.292504067351	18.0
0.06220404328944562	0.5951029280982667	0.08137731556773176	9.0	0.0	638.4057573917244	18.0
0.6372083988416969	0.3619989098149072	0.12046400258836745	8.0	0.0	3995.118445404119	18.0
0.6848210141842842	0.7041234571884439	0.10368536078380271	1.0	0.0	2073.8270046629186	18.0
0.32509916462683	0.11548675909307636	0.11055378040181084	5.0	0.0	2760.2509790395475	18.0
0.33681202434802193	0.6809716667168071	0.10986819783876586	6.0	0.0	2685.790367338982	18.0
0.15998114723240286	0.30112217215562015	0.12556661668078561	4.0	0.0	4754.27617256256	18.0
0.8930590303680556	0.4300859190517121	0.10242427374724528	3.0	0.0	1961.682896496922	18.0
0.05887724623053115	0.5885889361479465	0.08145869288329947	9.0	0.0	641.7722497025737	19.0
0.3969677865742719	0.4511716701565049	0.10425516827068404	2.0	0.0	2125.869203005438	19.0
0.6760540213712775	0.6973486816259915	0.1037890461445865	1.0	0.0	2083.232950476074	19.0
0.6397081244780978	0.35694835052101714	0.12058446659095581	8.0	0.0	4012.0359764378854	19.0
0.4749498997995992	0.5711422845691382	0.025250501002004006	-2.0	-1.0	0.0	19.0
0.891544771878309	0.4359712589233799	0.10252669802099251	3.0	0.0	1970.6364667667024	19.0
0.323247382403004	0.11364079691746327	0.11066433418221264	5.0	0.0	2772.3854976050966	19.0
0.3359369336602324	0.6774795663655342	0.10997806603660462	6.0	0.0	2697.6318246679652	19.0
0.1630576735641115	0.30312055070851485	0.1256921832974664	4.0	0.0	4774.078384316057	19.0
0.8563851309898906	0.16296536570922912	0.11962109091929995	7.0	0.0	3878.071693813594	19.0
0.3992604864058058	0.4532640754554507	0.10435942343895471	2.0	0.0	2135.4843695931872	20.0
0.3340290825625512	0.6738572590063377	0.11008804410264121	6.0	0.0	2709.5199299934075	20.0
0.1477129040278313	0.3087116689135707	0.12581787548076384	4.0	0.0	4793.955390448798	20.0
0.8938030193937005	0.43735853946724473	0.10262922471901349	3.0	0.0	1979.6262341703286	20.0
0.06072947689490887	0.5907652381262619	0.08154015157618276	9.0	0.0	645.1539404565065	20.0
0.8506865986008287	0.16778448485313074	0.11974071201021924	7.0	0.0	3894.5411782798233	20.0
0.6481902383169486	0.37189222549998835	0.12070505105754675	8.0	0.0	4029.0181880607547	20.0
0.6680392726551073	0.6913148469534424	0.10389283519073109	1.0	0.0	2092.6767427061977	20.0
0.3298163805565787	0.11201662152488584	0.11077499851639484	5.0	0.0	2784.567715542132	20.0
0.8894410438720274	0.4379526056172186	0.10273185394373249	3.0	0.0	1988.6523308663388	21.0
0.3233622790007755	0.11733678270743567	0.11088577351491123	5.0	0.0	2796.7978038354336	21.0
0.32248630809561957	0.6700585190925004	0.11019813214674384	6.0	0.0	2721.4548507676864	21.0
0.39566244268680195	0.4579505913025365	0.10446378286239366	2.0	0.0	2145.1381436878464	21.0
0.07049313319336581	0.590242245477329	0.08162169172775893	9.0	0.0	648.5508893148445	21.0
0.8498417506759123	0.17144801528123096	0.11986045272222945	7.0	0.0	3911.0737648944296	21.0
0.6315962646720165	0.38628762219520413	0.12082575610860428	8.0	0.0	4046.0653079577382	21.0
0.6561148661658944	0.6816109101693264	0.1039967280259218	1.0	0.0	2102.1585191059826	21.0
0.14732820406010222	0.29649481628850094	0.12594369335624458	4.0	0.0	4813.907452161777	21.0
0.903363530057025	0.4391387769142246	0.10283458579767621	3.0	0.0	1997.7148894619133	22.0
0.8459017771940412	0.1585237659339611	0.11998031317495167	7.0	0.0	3927.6696760964683	22.0
0.15031384403763406	0.28788166958276457	0.1260696370496008	4.0	0.0	4833.934831519516	22.0
0.39098945092167725	0.4561472272870864	0.10456824664525605	2.0	0.0	2154.8306656202676	22.0
0.32388186677704683	0.6724466740230477	0.11030833027889057	6.0	0.0	2733.4367550059796	22.0
0.6512739090984513	0.39673099687515595	0.12094658186471288	8.0	0.0	4063.1775645701955	22.0
0.06909073582410762	0.5939105641278017	0.08170331341948668	9.0	0.0	651.963156149965	22.0
0.6581526927325715	0.6869413517152376	0.10410072475394772	1.0	0.0	2111.6784178949115	22.0
0.33492806631659316	0.11033162943055483	0.11099665928842613	5.0	0.0	2809.0759340439777	22.0
0.6509768333367433	0.40262432272884885	0.12106752844657759	8.0	0.0	4080.3551870982574	23.0
0.3388369976803606	0.12233636129818992	0.11110765594771455	5.0	0.0	2821.40227830279	23.0
0.06461401104889297	0.5894479094487854	0.08178501673290615	9.0	0.0	655.3908010460017	23.0
0.32246903140437533	0.6758804677569517	0.11041863860916945	6.0	0.0	2745.4658112880898	23.0
0.858322908318839	0.1412452031081234	0.1201002934881266	7.0	0.0	3944.3291350645372	23.0
0.65180181977244	0.6947958157606325	0.10420482547870165	1.0	0.0	2121.236577760761	23.0
0.9067750064215078	0.43413183566317887	0.10293742038347388	3.0	0.0	2006.8140430143326	23.0
0.12878863436498567	0.28255959229593197	0.1261957066866504	4.0	0.0	4854.037791452829	23.0
0.4003404513580126	0.4546933191006777	0.10467281489190129	2.0	0.0	2164.562076196443	23.0
0.12749747633020475	0.2744241169860969	0.12632190239333704	4.0	0.0	4874.2165957615825	24.0
0.6456960981133207	0.7127749439432459	0.10430903030418034	1.0	0.0	2130.833137861126	24.0
0.6446511069074854	0.41917083140528044	0.12118859597502415	8.0	0.0	4097.5984055032595	24.0
0.34093280820485883	0.6834095200218464	0.1105290572477786	6.0	0.0	2757.542188760258	24.0
0.07211484382842137	0.605884888610852	0.08186680174963905	9.0	0.0	658.8338842995491	24.0
0.8996946267979523	0.43473507153425606	0.10304035780385734	3.0	0.0	2015.949925032434	24.0
0.4035163269425646	0.45464332846250277	0.10477748770679318	2.0	0.0	2174.332516699042	24.0
0.8676231224849166	0.12959385594376224	0.12022039378161471	7.0	0.0	3961.05236571915	24.0
0.33331950185024617	0.11302953365782181	0.11121876360366224	5.0	0.0	2833.777009324796	24.0
0.4103264866919264	0.45367213065548895	0.10488226519449996	2.0	0.0	2184.142128888959	25.0
0.8764085919486997	0.14706684158461192	0.12034061417539631	7.0	0.0	3977.8395927251127	25.0
0.13796878183742223	0.26344632205761076	0.12644822429573035	4.0	0.0	4894.471509117469	25.0
0.3385161221778522	0.694526504440835	0.11063958630502636	6.0	0.0	2769.6660571369925	25.0
0.9079881223776062	0.4581825435791358	0.10314339816166118	3.0	0.0	2025.1226694780787	25.0
0.6481692687038572	0.7103095463898897	0.10441333933448452	1.0	0.0	2140.4682378249377	25.0
0.6533052537703026	0.41771344282913203	0.12130978457099917	8.0	0.0	4114.90745051018	25.0
0.3346813798497221	0.11160178261134919	0.11132998236726589	5.0	0.0	2846.20030040269	25.0
0.06907787455934931	0.604248511704289	0.08194866855138867	9.0	0.0	662.2924664203684	25.0
0.32645138480614083	0.10572464971828346	0.11144131234963314	5.0	0.0	2858.672325410801	26.0
0.8746484616007274	0.15016785724727777	0.1204609547895717	7.0	0.0	3994.691041493911	26.0
0.4055284315160306	0.4520258448034042	0.10498714745969445	2.0	0.0	2193.99105500686	26.0
0.0645396872205133	0.6071963220816867	0.08203061721994005	9.0	0.0	665.7666081320954	26.0
0.6537946285319574	0.7218575917892356	0.10451775267381899	1.0	0.0	2150.142017753992	26.0
0.42685370741482964	0.156312625250501	0.004208416833667334	-2.0	-1.0	0.0	26.0
0.34234875004600973	0.6940780815393658	0.11075022589133138	6.0	0.0	2781.837586702906	26.0
0.6401717805764024	0.41357373717819523	0.12143109435557016	8.0	0.0	4132.282553610078	26.0
0.13683004366846865	0.26029021479260483	0.12657467252002608	4.0	0.0	4914.802797066806	26.0
0.9108957937317578	0.4459268492283239	0.10324654155982284	3.0	0.0	2034.3324107676228	26.0
0.9042007165500043	0.4439088585975676	0.10334978810138265	3.0	0.0	2043.5792837733882	27.0
0.3239778720584177	0.10631972299894632	0.11155275366198276	5.0	0.0	2871.1932588069667	27.0
0.6531729408565777	0.7240441354557441	0.1046222704264928	1.0	0.0	2159.8546182244845	27.0
0.06579475576750866	0.6161997053777382	0.08211264783715998	9.0	0.0	669.2563703729502	27.0
0.14274597746864062	0.2698526863464572	0.12670124719254608	4.0	0.0	4935.210726033304	27.0
0.41107372167564576	0.45278106893504877	0.10509213460715414	2.0	0.0	2203.879437774735	27.0
0.8728110160766459	0.14320828003912006	0.12058141574436125	7.0	0.0	4011.606938186091	27.0
0.6455368781780391	0.41872365414692053	0.12155252544992572	8.0	0.0	4149.723947062553	27.0
0.34598981826362774	0.7036021998407265	0.11086097611722269	6.0	0.0	2794.0569483145437	27.0
0.9028663709582458	0.4388548414599163	0.10345313788948401	3.0	0.0	2052.8634238251425	28.0
0.1446910166076385	0.26923960484119763	0.1268279484397386	4.0	0.0	4955.695563320887	28.0
0.34765342964117385	0.7001317196573467	0.1109718370933399	6.0	0.0	2806.324313402237	28.0
0.6527320628085485	0.4162374660535542	0.12167407797537563	8.0	0.0	4167.231863898207	28.0
0.06506957793485256	0.6305856291742342	0.08219476048499713	9.0	0.0	672.7618142964525	28.0
0.8744248732126431	0.12353389509830456	0.1207019971601056	7.0	0.0	4028.5875097136754	28.0
0.6578826036134988	0.72085687125824	0.10472689269691929	1.0	0.0	2169.606180288543	28.0
0.32719654790124475	0.10671686952238688	0.11166430641564473	5.0	0.0	2883.7632756344137	28.0
0.41378185821037183	0.4598490976559171	0.10519722674176128	2.0	0.0	2213.8074203974597	28.0
0.4111868968295332	0.46360660172901547	0.10530242396850303	2.0	0.0	2223.7751465643573	29.0
0.05993064242214714	0.6339236596040261	0.08227695524548212	9.0	0.0	676.2830012721332	29.0
0.6395536926442565	0.42180580285050806	0.121795752053351	8.0	0.0	4184.806537921104	29.0
0.8620057956889703	0.13325634350470716	0.12082269915726569	7.0	0.0	4045.6329837425556	29.0
0.6739616416556582	0.7129616225347593	0.10483161958961619	1.0	0.0	2179.3968454757714	29.0
0.9134227167187258	0.43707711594161053	0.10355659102737348	3.0	0.0	2062.184966711584	29.0
0.1374777533816092	0.28722492990279314	0.12695477638817831	4.0	0.0	4976.257577116494	29.0
0.34316887120091827	0.706803480586517	0.11108280893043322	6.0	0.0	2818.639853971949	29.0
0.3171982907854064	0.11177597072206036	0.11177597072206036	5.0	0.0	2896.382551523645	29.0
