# x	y	r	id	split_id	s_prob	t
2.0	0.5	0.0	-1.0	0.0	0.0	0.0
0.2152922118111786	0.933081743179513	0.029361731682643086	1.0	0.0	0.0	0.0
0.3188318201726703	0.2994988990895474	0.032387931402483125	2.0	0.0	0.0	0.0
0.7444590585035968	0.8837775590842363	0.03207331064289915	3.0	0.0	0.0	0.0
0.7730218862412706	0.5803847870001242	0.03317885879295432	4.0	0.0	0.0	0.0
0.6167721260915658	0.7052992689704803	0.03206850012679129	5.0	0.0	0.0	0.0
0.21929001673511317	0.4765962119593564	0.03361488306311905	6.0	0.0	0.0	0.0
0.9006903805131128	0.9505817897598817	0.03572139632420614	7.0	0.0	0.0024027121761633907	0.0
0.7009039937607174	0.8328789017419597	0.033459820980184886	8.0	0.0	0.0	0.0
0.6893746794047925	0.519798797412634	0.033758970477880124	9.0	0.0	0.0	0.0
0.6625318828929385	0.8877198270143203	0.03136768423740477	10.0	0.0	0.0	0.0
0.9381089374481895	0.5788907908714533	0.03349412329971881	11.0	0.0	0.0	0.0
0.1432323415817231	0.7119631004767293	0.03149833539612307	12.0	0.0	0.0	0.0
0.38906675670414803	0.5306629613111292	0.03193188493484421	13.0	0.0	0.0	0.0
0.532163711072393	0.1499933768229439	0.029169685489302252	14.0	0.0	0.0	0.0
0.8648548609293281	0.2883156101072568	0.031489467828250094	15.0	0.0	0.0	0.0
0.5009354639233768	0.35874494757008546	0.03382677736770418	16.0	0.0	0.0	0.0
0.09778882819918659	0.8507395599421088	0.034399621319099315	17.0	0.0	0.0	0.0
0.7747145721650213	0.22653271306614786	0.03332145720631124	18.0	0.0	0.0	0.0
0.15957568264649574	0.5339070526597316	0.03356394226770061	19.0	0.0	0.0	0.0
0.8219011652753284	0.35702958080160757	0.03212224820858467	20.0	0.0	0.0	0.0
0.3690924844599075	0.44099611218806345	0.03253925580167442	21.0	0.0	0.0	0.0
0.8813574594299898	0.8015312046351596	0.030407121635889073	22.0	0.0	0.0	0.0
0.7406283413942826	0.46976336260833834	0.03403666942349219	23.0	0.0	0.0	0.0
0.914953441190339	0.4148092099012181	0.03101521205521437	24.0	0.0	0.0	0.0
0.3325519577155318	0.773467286933852	0.031166412009152492	25.0	0.0	0.0	0.0
0.4105072846636082	0.9087977345157128	0.030061037088116225	26.0	0.0	0.0	0.0
0.7727442622842674	0.9572942483657223	0.034946714894317894	27.0	0.0	0.0	0.0
0.3581213049545009	0.6462441933545914	0.03209987109082569	28.0	0.0	0.0	0.0
0.5330387797712905	0.6882340154408011	0.033492899034760854	29.0	0.0	0.0	0.0
0.04142439547539674	0.1390319872011491	0.03229061491211747	30.0	0.0	0.0	0.0
0.28515511893110135	0.21468350337004025	0.03337543784708495	31.0	0.0	0.0	0.0
0.3011103936219904	0.8355657935487159	0.03001783252526605	32.0	0.0	0.0	0.0
0.8864826632734056	0.34653726507360794	0.02899483199874927	33.0	0.0	0.0	0.0
0.826476909258544	0.04255814146868749	0.03252761152792756	34.0	0.0	0.0	0.0
0.5553899499848993	0.06459216444165362	0.032693536541020765	35.0	0.0	0.0	0.0
0.5771886796525496	0.30134787200180263	0.03635556716088245	36.0	0.0	0.015942010543710694	0.0
0.31480733714924375	0.492211650952041	0.034093959167581914	37.0	0.0	0.0	0.0
0.8086646237380968	0.8921127950177086	0.03204972195257494	38.0	0.0	0.0	0.0
0.7033183629438667	0.7176809022028817	0.035149928577593754	39.0	0.0	2.156916021078814e-05	0.0
0.6025892102636685	0.958065501146897	0.033536539225886224	40.0	0.0	0.0	0.0
0.13418967180331687	0.4545714961673577	0.033897285370050864	41.0	0.0	0.0	0.0
0.30887338546848975	0.3873616541910681	0.03053128484687157	42.0	0.0	0.0	0.0
0.24203259558583018	0.8107550889172734	0.0307902187484786	43.0	0.0	0.0	0.0
0.18330399094961544	0.8693717826079895	0.03433381334481015	44.0	0.0	0.0	0.0
0.5844540500072873	0.5626724362707687	0.03154950788453169	45.0	0.0	0.0	0.0
0.6117945100401296	0.4988482249332676	0.03147759518212851	46.0	0.0	0.0	0.0
0.3537558066454086	0.21530714598562484	0.031775644369328525	47.0	0.0	0.0	0.0
0.19038289147070792	0.6537984007961005	0.032312331332534576	48.0	0.0	0.0	0.0
0.626715664692934	0.22410042536589111	0.03394344708546692	49.0	0.0	0.0	0.0
0.4123108496672888	0.13722703123341765	0.03176458043588907	50.0	0.0	0.0	0.0
0.5554180559132733	0.6213837820010069	0.030067614593283585	51.0	0.0	0.0	0.0
0.5090428179259768	0.789681994939052	0.03222514799291528	52.0	0.0	0.0	0.0
0.6009415326725248	0.42439557552851853	0.032552548681355944	53.0	0.0	0.0	0.0
0.9568182159157278	0.2514784176895323	0.030267349703593474	54.0	0.0	0.0	0.0
0.4397577753243622	0.4706534769114399	0.03512924187305267	55.0	0.0	1.3816234769592484e-05	0.0
0.49337768195717624	0.5161032125362258	0.031776960936343045	56.0	0.0	0.0	0.0
0.4155168973743114	0.3945717678411045	0.031194425964343762	57.0	0.0	0.0	0.0
0.42021647362416303	0.05211470170609846	0.03312717066682308	58.0	0.0	0.0	0.0
0.4785759020714888	0.09723492251006072	0.03382554046294554	59.0	0.0	0.0	0.0
0.946839934066374	0.7335541595364369	0.03243925032507592	60.0	0.0	0.0	0.0
0.04122352239246625	0.22288038566051122	0.034518677919103596	61.0	0.0	0.0	0.0
0.11801889795442547	0.3581213049545009	0.03361478854633967	62.0	0.0	0.0	0.0
0.6746552808816974	0.15480408064824522	0.033870137453240294	63.0	0.0	0.0	0.0
0.5504476714041099	0.47903451889742155	0.030972566683766613	64.0	0.0	0.0	0.0
0.2607492756163392	0.5392476848060729	0.031051142238475285	65.0	0.0	0.0	0.0
0.8554195235726224	0.47024912573487304	0.0336479121869122	66.0	0.0	0.0	0.0
0.5308920177516526	0.22579086092892328	0.03544959316961854	67.0	0.0	0.0005816196730563661	0.0
0.26582219784797834	0.7098557401442217	0.03137789538084789	68.0	0.0	0.0	0.0
0.7983376291993914	0.427379724569817	0.03060641079368207	69.0	0.0	0.0	0.0
0.5928943643034712	0.14902671520876606	0.030259380843005335	70.0	0.0	0.0	0.0
0.9493345045287125	0.4922044673051923	0.03172184041177623	71.0	0.0	0.0	0.0
0.8053578188662838	0.5164277990121202	0.02976321547467715	72.0	0.0	0.0	0.0
0.3076062530921473	0.9667964977650816	0.03357041838253346	73.0	0.0	0.0	0.0
0.15761905778897528	0.7906934990917566	0.03465107126348574	74.0	0.0	0.0	0.0
0.4607740919151411	0.20237929397325422	0.03737036993186527	75.0	0.0	0.08523704053718006	0.0
0.4444678535881671	0.4601575681886532	0.03516437111492572	55.0	0.0	2.8422120536220064e-05	1.0
0.5072670675777803	0.792119645025159	0.032257373140908194	52.0	0.0	0.0	1.0
0.23656306870735805	0.806501131063476	0.030821008967227073	43.0	0.0	0.0	1.0
0.8113335440461276	0.8912344503762176	0.03208177167452751	38.0	0.0	0.0	1.0
0.699888415802631	0.8366297054680043	0.033493280801165065	8.0	0.0	0.0	1.0
0.42093243131226793	0.3841053306896523	0.031225620390308104	57.0	0.0	0.0	1.0
0.5331056662398485	0.22216186835731197	0.03548504276278816	67.0	0.0	0.000730331547458718	1.0
0.6130587615132783	0.7006471503120434	0.03210056862691808	5.0	0.0	0.0	1.0
0.5454432694460014	0.4733746817297357	0.031003539250450376	64.0	0.0	0.0	1.0
0.7741228120800635	0.5808663934492996	0.03321203765174727	4.0	0.0	0.0	1.0
0.555363659960064	0.6235433428789369	0.030097682207876866	51.0	0.0	0.0	1.0
0.5306010323239813	0.14884746830265053	0.029198855174791552	14.0	0.0	0.0	1.0
0.7721533263974102	0.9557772123591799	0.034981661609212206	27.0	0.0	0.0	1.0
0.042881346249264186	0.21828558936651488	0.034553196597022696	61.0	0.0	0.0	1.0
0.4232343787820773	0.05048859690586205	0.0331602978374899	58.0	0.0	0.0	1.0
0.7014509798940471	0.7172191944162258	0.03518507850617134	39.0	0.0	4.05740098727847e-05	1.0
0.35490307045647757	0.21855070425122938	0.03180742001369785	47.0	0.0	0.0	1.0
0.04268649715282108	0.13797821312627123	0.03232290552702958	30.0	0.0	0.0	1.0
0.6014529625117241	0.9620618089779654	0.0335700757651121	40.0	0.0	0.0	1.0
0.14535925267661337	0.7130578023037828	0.031529833731519186	12.0	0.0	0.0	1.0
0.5933810080641666	0.15045970397590763	0.030289640223848335	70.0	0.0	0.0	1.0
0.2155815288623246	0.9407371242705644	0.029391093414325727	1.0	0.0	0.0	1.0
0.6659487724895492	0.8925366295884194	0.03139905192164217	10.0	0.0	0.0	1.0
0.8986122381078563	0.9503120783557134	0.03575711772053034	7.0	0.0	0.0027776032215740543	1.0
0.13321781195518367	0.4532195789164115	0.03393118265542091	41.0	0.0	0.0	1.0
0.9477598375696918	0.7408212273837311	0.032471689575400996	60.0	0.0	0.0	1.0
0.09841497078473788	0.8491321421686469	0.03443402094041841	17.0	0.0	0.0	1.0
0.6285223416315476	0.2235558674711947	0.03397739053255238	49.0	0.0	0.0	1.0
0.579407740586128	0.5612890192142923	0.03158105739241621	45.0	0.0	0.0	1.0
0.5991077080745364	0.4250119117791552	0.0325851012300373	53.0	0.0	0.0	1.0
0.3316960541048592	0.7729779090501449	0.03119757842116164	25.0	0.0	0.0	1.0
0.8204957243796639	0.04042135724158008	0.032560139139455484	34.0	0.0	0.0	1.0
0.8051744188109025	0.5237089212508863	0.029792978690151826	72.0	0.0	0.0	1.0
0.3559824461956857	0.6405421069009342	0.032131970961916514	28.0	0.0	0.0	1.0
0.5074397383570525	0.3505963653841555	0.03386060414507188	16.0	0.0	0.0	1.0
0.3198602529344515	0.2992446205609872	0.0324203193338856	2.0	0.0	0.0	1.0
0.2654629857349584	0.7086774208132437	0.031409273276228736	68.0	0.0	0.0	1.0
0.7453235756638807	0.884628575197442	0.032105383953542045	3.0	0.0	0.0	1.0
0.4113054113229972	0.13645006936408044	0.03179634501632495	50.0	0.0	0.0	1.0
0.30945694465386897	0.9656755729456912	0.03360398880091599	73.0	0.0	0.0	1.0
0.29997498281578533	0.3980876921008055	0.03056181613171844	42.0	0.0	0.0	1.0
0.6836316655024817	0.5285795999407074	0.033792729448358	9.0	0.0	0.0	1.0
0.18906633516833257	0.6538606126234738	0.032344643663867106	48.0	0.0	0.0	1.0
0.37098265735960256	0.440808178633416	0.03257179505747609	21.0	0.0	0.0	1.0
0.3135807970016865	0.49046037544420773	0.03412805312674949	37.0	0.0	0.0	1.0
0.8557765223797739	0.471997101641998	0.03368156009909911	66.0	0.0	0.0	1.0
0.5550130058097699	0.05262161122684651	0.032726230077561785	35.0	0.0	0.0	1.0
0.7417940172829889	0.4686013503739136	0.03407070609291568	23.0	0.0	0.0	1.0
0.7743100720900902	0.22777497456631038	0.03335477866351755	18.0	0.0	0.0	1.0
0.939540076052089	0.5760885684393354	0.033527617423018526	11.0	0.0	0.0	1.0
0.7969206635800586	0.42980451220165267	0.030637017204475748	69.0	0.0	0.0	1.0
0.46035145431873653	0.2014976244782806	0.03740774030179713	75.0	0.0	0.08933237918176928	1.0
0.15762659087844932	0.5371480609248656	0.033597506209968306	19.0	0.0	0.0	1.0
0.38985089816774987	0.5314545431316707	0.03196381681977905	13.0	0.0	0.0	1.0
0.8652650056338953	0.28490324247995547	0.03152095729607834	15.0	0.0	0.0	1.0
0.6653588139343782	0.1479870040773979	0.03390400759069353	63.0	0.0	0.0	1.0
0.40143418967709127	0.9170781870051804	0.030091098125204337	26.0	0.0	0.0	1.0
0.89752719149761	0.3489018149312371	0.029023826830748015	33.0	0.0	0.0	1.0
0.8832994580590152	0.800919081506723	0.030437528757524958	22.0	0.0	0.0	1.0
0.25404406027729065	0.5502929004556786	0.031082193380713757	65.0	0.0	0.0	1.0
0.6108371022973675	0.49748039591301413	0.03150907277731064	46.0	0.0	0.0	1.0
0.9506670359036217	0.4930700221009476	0.031753562252188006	71.0	0.0	0.0	1.0
0.5367767656827402	0.6890342899183807	0.03352639193379561	29.0	0.0	0.0	1.0
0.9123749752796305	0.40766277781065685	0.031046227267269584	24.0	0.0	0.0	1.0
0.28583375536483185	0.212113074698868	0.03340881328493203	31.0	0.0	0.0	1.0
0.3127644160098626	0.8365175735259781	0.030047850357791315	32.0	0.0	0.0	1.0
0.9568266217629279	0.2501432788615238	0.030297617053297064	54.0	0.0	0.0	1.0
0.8246537431659746	0.35929855006388906	0.03215437045679325	20.0	0.0	0.0	1.0
0.12269443212494921	0.3703513258990835	0.033648403334886	62.0	0.0	0.0	1.0
0.47898295881843084	0.09826076549447124	0.03385936600340848	59.0	0.0	0.0	1.0
0.49216353443960287	0.5129862830310495	0.031808737897279386	56.0	0.0	0.0	1.0
0.21037685735238917	0.4809033863273992	0.03364849794618217	6.0	0.0	0.0	1.0
0.15020493051848002	0.787505604024037	0.034685722334749224	74.0	0.0	0.0	1.0
0.18751164785220542	0.8671725224580615	0.034368147158154956	44.0	0.0	0.0	1.0
0.5742611654543097	0.31073859229735784	0.03639192272804333	36.0	0.0	0.01725938644267444	1.0
0.41954296368618	0.38561821228358617	0.03125684601069841	57.0	0.0	0.0	2.0
0.6129776038926156	0.4977994158679348	0.03154058185008794	46.0	0.0	0.0	2.0
0.9384026346236707	0.5767484571208932	0.03356114504044154	11.0	0.0	0.0	2.0
0.6881673066796616	0.8283662946055631	0.03352677408196623	8.0	0.0	0.0	2.0
0.6026052437338095	0.4187268159658275	0.03261768633126733	53.0	0.0	0.0	2.0
0.7032042343113671	0.7164124382667594	0.03522026358467751	39.0	0.0	6.839243755507596e-05	2.0
0.8062158177608363	0.5253458002857943	0.029822771668841973	72.0	0.0	0.0	2.0
0.8822240431792981	0.804890879147435	0.03046796628628248	22.0	0.0	0.0	2.0
0.6123307982511366	0.6985470798345587	0.032132669195545	5.0	0.0	0.0	2.0
0.5324759992928491	0.14136530342309078	0.029228054029966342	14.0	0.0	0.0	2.0
0.5460396147885462	0.4758274798289073	0.031034542789700824	64.0	0.0	0.0	2.0
0.8158422521779506	0.3593817653093023	0.03218652482725004	20.0	0.0	0.0	2.0
0.5919912073882662	0.14830527434867988	0.03031992986407218	70.0	0.0	0.0	2.0
0.10013048498297207	0.8466812218342951	0.03446845496135883	17.0	0.0	0.0	2.0
0.1508533716048598	0.7921572731775358	0.03472040805708397	74.0	0.0	0.0	2.0
0.9575886340154209	0.2547568364467719	0.030327914670350356	54.0	0.0	0.0	2.0
0.6644867822611997	0.1467071443069733	0.03393791159828422	63.0	0.0	0.0	2.0
0.30274402241355697	0.3936741849166761	0.030592377947850156	42.0	0.0	0.0	2.0
0.8166668938558264	0.04016788054900591	0.032592699278594935	34.0	0.0	0.0	2.0
0.17679153749060958	0.8627222202411361	0.03440251530531311	44.0	0.0	0.0	2.0
0.6874779852258806	0.5343018412702701	0.03382652217780635	9.0	0.0	0.0	2.0
0.3260554201728965	0.768387629848608	0.0312287759995828	25.0	0.0	0.0	2.0
0.8528233231701743	0.4765124065893048	0.0337152416591982	66.0	0.0	0.0	2.0
0.38985089816774987	0.5339622817261022	0.031995780636598824	13.0	0.0	0.0	2.0
0.8936186762368036	0.34772373334048695	0.02905285065757876	33.0	0.0	0.0	2.0
0.21742436926405745	0.9422561905396903	0.029420484507740048	1.0	0.0	0.0	2.0
0.5450272328715626	0.6228146582989746	0.03012777989008474	51.0	0.0	0.0	2.0
0.773878087630327	0.2292943112395822	0.03338813344218106	18.0	0.0	0.0	2.0
0.540062316354208	0.2244918911761612	0.03552052780555094	67.0	0.0	0.0009026341797948589	2.0
0.8655114290176434	0.2837342647385188	0.031552478253374414	15.0	0.0	0.0	2.0
0.45799524525200436	0.20568553261367759	0.037445148042098926	75.0	0.0	0.09356112821673435	2.0
0.8979683230748808	0.9513827995901523	0.03579287483825087	7.0	0.0	0.0031900234927633164	2.0
0.5546239846051428	0.051622925603155054	0.03275895630763934	35.0	0.0	0.0	2.0
0.5796848831614734	0.554610351239795	0.031612638449808626	45.0	0.0	0.0	2.0
0.18872930709779545	0.6559011289093747	0.03237698830753097	48.0	0.0	0.0	2.0
0.1563800404069747	0.5391629758692436	0.03363110371617827	19.0	0.0	0.0	2.0
0.31224625563481784	0.8356179146546182	0.030077898208149104	32.0	0.0	0.0	2.0
0.5059191436778602	0.7938303088855325	0.0322896305140491	52.0	0.0	0.0	2.0
0.4264694331982988	0.05035613628086025	0.03319345813532739	58.0	0.0	0.0	2.0
0.12304048338260469	0.45678334896182843	0.03396511383807633	41.0	0.0	0.0	2.0
0.3179393355213968	0.49613623039171595	0.03416218117987624	37.0	0.0	0.0	2.0
0.4172078391754782	0.13442485641627888	0.031828141361341274	50.0	0.0	0.0	2.0
0.2872783469354698	0.2119440554343249	0.03344222209821696	31.0	0.0	0.0	2.0
0.20836575122230588	0.48765243913570466	0.03368214644412835	6.0	0.0	0.0	2.0
0.8009329440171906	0.4253802675793116	0.030667654221680222	69.0	0.0	0.0	2.0
0.35674658420872357	0.6395596709098621	0.03216410293287843	28.0	0.0	0.0	2.0
0.045569973507769125	0.14006487179294927	0.0323552284325566	30.0	0.0	0.0	2.0
0.533356723726018	0.6979802591352796	0.0335599183257294	29.0	0.0	0.0	2.0
0.5041205153747772	0.3520310876541019	0.03389446474921695	16.0	0.0	0.0	2.0
0.26404636233778667	0.7093619866022606	0.03144068254950496	68.0	0.0	0.0	2.0
0.7435100836169066	0.8836534877934148	0.032137489337495585	3.0	0.0	0.0	2.0
0.7763965339200223	0.961921376841529	0.035016643270821414	27.0	0.0	2.9505031307053287e-08	2.0
0.32293321850407836	0.3012961619513272	0.03245273965321949	2.0	0.0	0.0	2.0
0.35657662016355435	0.21622269294007282	0.031839227433711544	47.0	0.0	0.0	2.0
0.9577733709639069	0.7387432504135047	0.03250416126497639	60.0	0.0	0.0	2.0
0.6582963399391815	0.8941157967128605	0.03143045097356381	10.0	0.0	0.0	2.0
0.4457438235992228	0.4610328435082504	0.03519953548604064	55.0	0.0	5.084408120126227e-05	2.0
0.9200902640908146	0.4054428592622645	0.03107727349453685	24.0	0.0	0.0	2.0
0.5837482097266458	0.30669692217832617	0.036428314650771364	36.0	0.0	0.01864883243919735	2.0
0.3104604467074533	0.9659169936781001	0.0336375927897169	73.0	0.0	0.0	2.0
0.7768229070397743	0.5847761309443472	0.03324524968939901	4.0	0.0	0.0	2.0
0.5964040222442725	0.9594228264309953	0.03360364584087721	40.0	0.0	0.0	2.0
0.12399450175638344	0.3676392346295698	0.033682051738220885	62.0	0.0	0.0	2.0
0.050665536301999686	0.22986627356340036	0.03458774979361971	61.0	0.0	0.0	2.0
0.23536426791115414	0.8084945329917188	0.030851829976194296	43.0	0.0	0.0	2.0
0.8230239038199341	0.9017079142494239	0.03211385344620204	38.0	0.0	0.0	2.0
0.4961759303210126	0.5153749679223545	0.031840546635176666	56.0	0.0	0.0	2.0
0.6308215251162046	0.2309310627906758	0.03401136792308493	49.0	0.0	0.0	2.0
0.3716309192014453	0.4393635960300368	0.03260436685253356	21.0	0.0	0.0	2.0
0.747729847077442	0.4787590609590502	0.03410477679900859	23.0	0.0	0.0	2.0
0.14498651486309191	0.7163328445990548	0.0315613635652507	12.0	0.0	0.0	2.0
0.3999445845541795	0.9172810592991565	0.03012118922332954	26.0	0.0	0.0	2.0
0.9526547555248887	0.4931639487106351	0.03178531581444019	71.0	0.0	0.0	2.0
0.47939248703582305	0.09925609407552118	0.03389322536941188	59.0	0.0	0.0	2.0
0.2554583422264118	0.5555515503683097	0.031113275574094466	65.0	0.0	0.0	2.0
0.86441233501025	0.2818259565740348	0.031584030731627785	15.0	0.0	0.0	3.0
0.8132742829398255	0.3530377236559179	0.04027338919009661	20.0	0.0	0.0	3.0
0.8927977474156654	0.34514759751084034	0.036352379385295425	33.0	0.0	0.0	3.0
0.46198120091174927	0.20675132516153644	0.03748259319014102	75.0	0.0	0.09792569291937525	3.0
0.31350238476187536	0.5073180001155291	0.03419634336105611	37.0	0.0	0.0	3.0
0.14213650301644695	0.705967541208927	0.03159292492881595	12.0	0.0	0.0	3.0
0.4124212229572318	0.38404654559713775	0.031288102856709105	57.0	0.0	0.0	3.0
0.5924067187270194	0.959006085155024	0.033637249486718084	40.0	0.0	0.0	3.0
0.40222444215945136	0.9143498948658705	0.030151310412552864	26.0	0.0	0.0	3.0
0.795270437688225	0.5175298371199487	0.02985259444051081	72.0	0.0	0.0	3.0
0.816454521717927	0.042571100286062195	0.032625291977873526	34.0	0.0	0.0	3.0
0.9000748890566184	0.9508337183110935	0.03582866771308912	7.0	0.0	0.003641843071989115	3.0
0.4932851734812197	0.5178196151886841	0.03187238718181184	56.0	0.0	0.0	3.0
0.6593285372882416	0.8926411172992599	0.031461881424537375	10.0	0.0	0.0	3.0
0.6850128515278253	0.5343251218598933	0.03386034869998415	9.0	0.0	0.0	3.0
0.8278017387991706	0.9010878236445283	0.032145967299648234	38.0	0.0	0.0	3.0
0.8693780851553953	0.479509102794618	0.0337489569008574	66.0	0.0	0.0	3.0
0.6928709207594494	0.8261297488548268	0.03356030085604819	8.0	0.0	0.0	3.0
0.5050483304829719	0.7927393504766436	0.03232192014456315	52.0	0.0	0.0	3.0
0.5871079430320013	0.5642790185584698	0.031644251088258434	45.0	0.0	0.0	3.0
0.7745864367954072	0.5928519572438543	0.0332784949390884	4.0	0.0	0.0	3.0
0.8000451206528653	0.42252975459107717	0.0306983218759019	69.0	0.0	0.0	3.0
0.3033385981679881	0.3851024228893721	0.030622970325798003	42.0	0.0	0.0	3.0
0.0463829878929223	0.14063776029521835	0.03238758366098916	30.0	0.0	0.0	3.0
0.12014632168163951	0.45783788419850197	0.033999078951914403	41.0	0.0	0.0	3.0
0.3246139466046573	0.2942119741671384	0.0324851923928727	2.0	0.0	0.0	3.0
0.18907724938654982	0.6526626115126323	0.032409365295838495	48.0	0.0	0.0	3.0
0.3283845618867257	0.7595656858107088	0.03126000477558238	25.0	0.0	0.0	3.0
0.7775283496451443	0.962270309964368	0.03505165991409223	27.0	0.0	8.823502497534719e-07	3.0
0.7430977925289796	0.885176190148757	0.032169626826833074	3.0	0.0	0.0	3.0
0.38964322133668494	0.5317697104751108	0.03202777641723542	13.0	0.0	0.0	3.0
0.12579912358616496	0.3684286770069949	0.0337157337899591	62.0	0.0	0.0	3.0
0.15109211561052308	0.788541196460367	0.034755128465141054	74.0	0.0	0.0	3.0
0.41430741621669975	0.136308845828431	0.03185996950270261	50.0	0.0	0.0	3.0
0.3056772794353585	0.8420843040449324	0.03010797610635725	32.0	0.0	0.0	3.0
0.9569659111720408	0.7371622142122344	0.03253666542624137	60.0	0.0	0.0	3.0
0.4788794286471775	0.10241874199139749	0.03392711859478129	59.0	0.0	0.0	3.0
0.6129629751724126	0.49896114280041887	0.03157212243193803	46.0	0.0	0.0	3.0
0.5326395168651114	0.6972653064155218	0.033593478244055126	29.0	0.0	0.0	3.0
0.047952325791113165	0.23425188692662147	0.03462233754341333	61.0	0.0	0.0	3.0
0.5851769481617856	0.3068549750406631	0.03646474296542213	36.0	0.0	0.020112415700708652	3.0
0.4442941445698992	0.4623897240103841	0.03523473502152668	55.0	0.0	8.277775471299265e-05	3.0
0.9198653741002778	0.40220070976854927	0.031108350768031385	24.0	0.0	0.0	3.0
0.37155620555029806	0.43540831148745385	0.03263697121938609	21.0	0.0	0.0	3.0
0.22645290581162322	0.7094188376753506	0.04488977955911823	-2.0	-1.0	6.190700704544398	3.0
0.21361724994142298	0.9429219977477931	0.029449904992247786	1.0	0.0	0.0	3.0
0.26031393915898465	0.7082880572072829	0.031472123232054464	68.0	0.0	0.0	3.0
0.6127044994830747	0.6994888620060355	0.03216480186474054	5.0	0.0	0.0	3.0
0.7750621470833261	0.22330469890334204	0.03342152157562324	18.0	0.0	0.0	3.0
0.6067616167949462	0.4215779572371194	0.032650304017598594	53.0	0.0	0.0	3.0
0.552796625041912	0.05097009958773571	0.03279171526394698	35.0	0.0	0.0	3.0
0.3629385254651087	0.2222361549295038	0.03187106666114525	47.0	0.0	0.0	3.0
0.08827991613154786	0.8392980471282818	0.034502923416320185	17.0	0.0	0.0	3.0
0.16785165215511674	0.8683062564397396	0.03443691782061842	44.0	0.0	0.0	3.0
0.735637704983006	0.46923880006894225	0.0341388815758076	23.0	0.0	0.0	3.0
0.6649708319743767	0.148022724503309	0.0339718495098825	63.0	0.0	0.0	3.0
0.5037154146316885	0.35469168806285156	0.03392835921396616	16.0	0.0	0.0	3.0
0.4243263730131473	0.04397192597506949	0.03322665159346271	58.0	0.0	0.0	3.0
0.28050361594038303	0.2067283917156973	0.03347566432031518	31.0	0.0	0.0	3.0
0.23416918601142436	0.8062931905309701	0.030882681806170487	43.0	0.0	0.0	3.0
0.3701747344074786	0.6379885582736686	0.0321962670358113	28.0	0.0	0.0	3.0
0.5396456092657381	0.2200924597250066	0.03555604833335649	67.0	0.0	0.0011003164456866443	3.0
0.9543974447786069	0.2519530510983883	0.030358242585020703	54.0	0.0	0.0	3.0
0.6346069321666477	0.23421493182108355	0.03404537929100801	49.0	0.0	0.0	3.0
0.1556858165912723	0.5383778283555753	0.033664734819894446	19.0	0.0	0.0	3.0
0.703521334355241	0.7140279958235669	0.03525548384826218	39.0	0.0	0.00010672602179795376	3.0
0.8800548837727565	0.806589035904663	0.03049843425256876	22.0	0.0	0.0	3.0
0.25050666113204545	0.5518237198233154	0.031144388849668556	65.0	0.0	0.0	3.0
0.5550651871895143	0.6174060172559752	0.03015790766997482	51.0	0.0	0.0	3.0
0.5306310140697001	0.1421448762367103	0.029257282083996305	14.0	0.0	0.0	3.0
0.5460086475622259	0.47484405879459674	0.03106557733249052	64.0	0.0	0.0	3.0
0.3108058244414871	0.9648331726055582	0.03367123038250661	73.0	0.0	0.0	3.0
0.5942832162008876	0.1522274828660043	0.03035024979393625	70.0	0.0	0.0	3.0
0.9376559622722725	0.5759656687716497	0.03359470618548198	11.0	0.0	0.0	3.0
0.9564963776427855	0.49286099809037265	0.03181710113025463	71.0	0.0	0.0	3.0
0.20731003511803248	0.4878784599591732	0.0421447857382156	6.0	0.0	0.0	3.0
0.12806865185271457	0.3626024001218118	0.03374944952374906	62.0	0.0	0.0	4.0
0.0427634371351123	0.14007498687715142	0.03241997124465014	30.0	0.0	0.0	4.0
0.3098333535671315	0.9662799355969915	0.03370490161288912	73.0	0.0	0.0	4.0
0.6355799144309238	0.2327869093126297	0.034079424670299015	49.0	0.0	0.0	4.0
0.4703213662815665	0.09772497820614186	0.03396104571337607	59.0	0.0	0.0	4.0
0.5931714182102953	0.14983119994363567	0.030380600043730183	70.0	0.0	0.0	4.0
0.664725418574897	0.14659292963865	0.04250727669924048	63.0	0.0	0.0	4.0
0.9559907544924006	0.4937518101319675	0.03184891823138488	71.0	0.0	0.0	4.0
0.5792460450127438	0.9649618284063733	0.042088608420255996	40.0	0.0	0.0	4.0
0.6149071781002328	0.502784366158219	0.03160369455436996	46.0	0.0	0.0	4.0
0.9006617411345194	0.9497195021109278	0.035864496380802205	7.0	0.0	0.0041349428583998815	4.0
0.6958729575928759	0.5322137368820072	0.033894209048684135	9.0	0.0	0.0	4.0
0.5040113611437149	0.7926968913433143	0.03235424206470771	52.0	0.0	0.0	4.0
0.5516667303832635	0.6195531516316996	0.03018806557764479	51.0	0.0	0.0	4.0
0.4193952835312249	0.3760972027259954	0.03131939095956581	57.0	0.0	0.0	4.0
0.869699469242434	0.4816198731349069	0.03378270585775825	66.0	0.0	0.0	4.0
0.2090160552867808	0.4854411035521534	0.04045899430868697	6.0	0.0	0.0	4.0
0.8903560873048886	0.34628980337087595	0.034898284209883605	33.0	0.0	0.0	4.0
0.815121891683558	0.04353547233853971	0.03265791726985139	34.0	0.0	0.0	4.0
0.9550139586127727	0.25345144318395785	0.03038860082760572	54.0	0.0	0.0	4.0
0.14996601751230065	0.7888728990845612	0.03478988359360619	74.0	0.0	0.0	4.0
0.5449142280690574	0.4759213868871784	0.03109664290982301	64.0	0.0	0.0	4.0
0.3250764747757204	0.7586587925246006	0.03911408097544745	25.0	0.0	0.0	4.0
0.9171868073774002	0.40192145418811903	0.031139459118799413	24.0	0.0	0.0	4.0
0.5810921355253345	0.30828534380699607	0.03650120770838755	36.0	0.0	0.02165221502012571	4.0
0.14256266919790914	0.7030450617249638	0.03162451785374476	12.0	0.0	0.0	4.0
0.4248851790507449	0.03932270921960641	0.04157484780632021	58.0	0.0	0.0	4.0
0.7411734557667135	0.8849264403871764	0.032201796453659906	3.0	0.0	0.0	4.0
0.7819239127923774	0.22004196248857671	0.03345494309719886	18.0	0.0	0.0	4.0
0.5427802756971813	0.22799228104309263	0.03559160438168984	67.0	0.0	0.0013251777022702527	4.0
0.6575000325334784	0.8939295684871817	0.03149334330596191	10.0	0.0	0.0	4.0
0.5533400353812966	0.04952139582353809	0.032824506979210924	35.0	0.0	0.0	4.0
0.26167133139251153	0.7072661561330322	0.03150359535528652	68.0	0.0	0.0	4.0
0.31153115622460636	0.5081509152835233	0.03423053970441717	37.0	0.0	0.0	4.0
0.7754861611071248	0.5883006656486318	0.03331177343402749	4.0	0.0	0.0	4.0
0.461705526927849	0.21404570824502803	0.03752007578333116	75.0	0.0	0.10242849156362865	4.0
0.32399124528115875	0.29676496175275113	0.032517677585265574	2.0	0.0	0.0	4.0
0.40252391716129265	0.9131548224308419	0.030181461722965413	26.0	0.0	0.0	4.0
0.3816963222597128	0.6361971637578797	0.03222846330284711	28.0	0.0	0.0	4.0
0.3116788620721392	0.8394137363107402	0.030138084082463604	32.0	0.0	0.0	4.0
0.11862081450913015	0.4569656487477412	0.03403307803086631	41.0	0.0	0.0	4.0
0.866342543262307	0.27857011079453065	0.03161561476235941	15.0	0.0	0.0	4.0
0.2785369053834242	0.2026256126012401	0.03350913998463549	31.0	0.0	0.0	4.0
0.783395080833091	0.516291764667591	0.02988244703495132	72.0	0.0	0.0	4.0
0.7794083528266914	0.9607403862701218	0.03508671157400632	27.0	0.0	4.172642562139117e-06	4.0
0.3620765936108441	0.22345122362193037	0.0319029377278064	47.0	0.0	0.0	4.0
0.21124375214741875	0.9419366737037081	0.02947935489724003	1.0	0.0	0.0	4.0
0.16812871980397678	0.86950771025445	0.034471354738439035	44.0	0.0	0.0	4.0
0.9384693493378647	0.575268975491662	0.033628300891667455	11.0	0.0	0.0	4.0
0.23847117519979644	0.8062254740291039	0.030913564487976653	43.0	0.0	0.0	4.0
0.18840826222604926	0.6508084581216101	0.03244177466113433	48.0	0.0	0.0	4.0
0.5024152495473726	0.35322123810101047	0.03396228757318012	16.0	0.0	0.0	4.0
0.6159273201009176	0.41751880328272317	0.03268295432161619	53.0	0.0	0.0	4.0
0.5286943062240443	0.1552542764522654	0.0292865393660803	14.0	0.0	0.0	4.0
0.8079687051033323	0.3568771621015482	0.038662453622492744	20.0	0.0	0.0	4.0
0.5851092988348323	0.5650940141458851	0.031675895339346685	45.0	0.0	0.0	4.0
0.24966539099065085	0.5523701725516493	0.03117553323851822	65.0	0.0	0.0	4.0
0.4928225408441742	0.5146470631439902	0.03190425956899365	56.0	0.0	0.0	4.0
0.9577474212063052	0.7377583129805849	0.0325692020916676	60.0	0.0	0.0	4.0
0.6949860022175887	0.8273214775280502	0.033593861156904235	8.0	0.0	0.0	4.0
0.6117011881005383	0.6993970156696151	0.03219696666660528	5.0	0.0	0.0	4.0
0.8276533174152333	0.898948091619815	0.03217811326694788	38.0	0.0	0.0	4.0
0.36129534555733045	0.4372259233747435	0.03266960819060548	21.0	0.0	0.0	4.0
0.7356649066036332	0.4713989928165948	0.0341730204573834	23.0	0.0	0.0	4.0
0.7013861126279777	0.7136960082068192	0.03529073933211044	39.0	0.0	0.00015728646046397898	4.0
0.0870610338705572	0.8395590005903207	0.0345374263397365	17.0	0.0	0.0	4.0
0.046545759050282465	0.24536350450444122	0.03465695988095674	61.0	0.0	0.0	4.0
0.41430741621669975	0.13795811385815432	0.03189182947220531	50.0	0.0	0.0	4.0
0.5335184416556369	0.6899527299793917	0.03362707172229918	29.0	0.0	0.0	4.0
0.8005007316909206	0.4216376512911728	0.0307290201977778	69.0	0.0	0.0	4.0
0.44067892771664874	0.4631637145622773	0.035269969756548204	55.0	0.0	0.00012592887358664484	4.0
0.30843993277101583	0.3866050682427276	0.030653593296123795	42.0	0.0	0.0	4.0
0.38854504685959834	0.5362720709182957	0.032059804193652654	13.0	0.0	0.0	4.0
0.15638318992201647	0.5390818187404377	0.033698399554714334	19.0	0.0	0.0	4.0
0.8808243035404884	0.8049306883764703	0.030528932686821324	22.0	0.0	0.0	4.0
0.637626357363554	0.23347470517141727	0.03411350409496931	49.0	0.0	0.0	5.0
0.14094421461628215	0.7064765986881777	0.0316561423715985	12.0	0.0	0.0	5.0
0.5422529725265008	0.46683331695557306	0.03112773955273283	64.0	0.0	0.0	5.0
0.7059029724668181	0.7121462047602292	0.03532603007144255	39.0	0.0	0.00022179561281632232	5.0
0.5558751060719854	0.6168570935733421	0.03021825364322243	51.0	0.0	0.0	5.0
0.9576644684090597	0.7245825440356802	0.03260177129375927	60.0	0.0	0.0	5.0
0.17804285185425148	0.6460388374227648	0.032474216435795455	48.0	0.0	0.0	5.0
0.7595190380761523	0.9679358717434869	0.029859719438877753	-2.0	-1.0	0.0	5.0
0.4766508316333557	0.09162508306287806	0.03399500675908944	59.0	0.0	0.0	5.0
0.8739776711287258	0.4859386689070875	0.03381648856361601	66.0	0.0	0.0	5.0
0.36129534555733045	0.4411193139636715	0.03270227779879608	21.0	0.0	0.0	5.0
0.9145183435527283	0.41419664030249265	0.031170598577918207	24.0	0.0	0.0	5.0
0.5034728907232161	0.35365251691121696	0.0339962498607533	16.0	0.0	0.0	5.0
0.6126810377208156	0.699232005569189	0.03222916363327188	5.0	0.0	0.0	5.0
0.818499257251849	0.044484258922253585	0.03269057518712124	34.0	0.0	0.0	5.0
0.9356739894463549	0.5733254536705463	0.03366192919255912	11.0	0.0	0.0	5.0
0.1679065171569621	0.8708530228845853	0.03450582609317747	44.0	0.0	0.0	5.0
0.8777010113198657	0.8047633884611596	0.030559461619508142	22.0	0.0	0.0	5.0
0.776204401226859	0.5890076891099636	0.03334508520746152	4.0	0.0	0.0	5.0
0.5343205727583521	0.6911142158141587	0.033660698794021476	29.0	0.0	0.0	5.0
0.15125179483614407	0.7885204105365587	0.034824673477199794	74.0	0.0	0.0	5.0
0.6859607169045332	0.8325575129643504	0.033627455018061136	8.0	0.0	0.0	5.0
0.7827817215579722	0.22115927364088317	0.033488398040296054	18.0	0.0	0.0	5.0
0.16471204165869577	0.5382134893065735	0.03373209795426904	19.0	0.0	0.0	5.0
0.5547863617890681	0.05192639076452402	0.03285733148619013	35.0	0.0	0.0	5.0
0.5826626432645485	0.30694015129734814	0.03653770891609594	36.0	0.0	0.023270320863332472	5.0
0.4189890782601526	0.3770178619348436	0.031350710350525376	57.0	0.0	0.0	5.0
0.2643562191695351	0.7023205892499227	0.0315350989506418	68.0	0.0	0.0	5.0
0.3610995271729309	0.22380723378784712	0.0319348406655342	47.0	0.0	0.0	5.0
0.4279425824729772	0.03506967166737369	0.0399118538940674	58.0	0.0	0.0	5.0
0.24306910713747876	0.8153700734219897	0.030944478052464627	43.0	0.0	0.0	5.0
0.9571070816596089	0.4938895516987261	0.03188076714961626	71.0	0.0	0.0	5.0
0.5376179026183785	0.2290775989383634	0.03562719598607152	67.0	0.0	0.0015790278315677142	5.0
0.04603406593983329	0.23798662857047706	0.03469161684083769	61.0	0.0	0.0	5.0
0.19756031145298975	0.47768842909078935	0.03877320287915834	6.0	0.0	0.0	5.0
0.8285406006095505	0.8984984582294426	0.03221029138021483	38.0	0.0	0.0	5.0
0.24862141218811978	0.5474177692361509	0.031206708771756735	65.0	0.0	0.0	5.0
0.2122530602847676	0.941946205555294	0.029508834252137267	1.0	0.0	0.0	5.0
0.31938322280883125	0.2979351216996282	0.032550195262850835	2.0	0.0	0.0	5.0
0.32347477434521255	0.7556177526532457	0.03754951773642955	25.0	0.0	0.0	5.0
0.7873784652465324	0.5167832671824687	0.029912329481986268	72.0	0.0	0.0	5.0
0.08987041342859053	0.8481868953190991	0.034571963766076234	17.0	0.0	0.0	5.0
0.04549265102212883	0.14013513543826292	0.032452391215894785	30.0	0.0	0.0	5.0
0.6632265398457151	0.14557856348198603	0.04080698563127086	63.0	0.0	0.0	5.0
0.7375980471188777	0.4669417808976766	0.03420719347784078	23.0	0.0	0.0	5.0
0.6589621033230839	0.8939433762048239	0.03152483664926787	10.0	0.0	0.0	5.0
0.4000692004828159	0.9043100076160813	0.030211643184688376	26.0	0.0	0.0	5.0
0.8999285313236035	0.9533095227459406	0.035900360877183006	7.0	0.0	0.004671214612670838	5.0
0.4045152014063379	0.13837095887704026	0.03192372130167751	50.0	0.0	0.0	5.0
0.7985855598921623	0.41706499216111204	0.030759749217975575	69.0	0.0	0.0	5.0
0.3123069372866293	0.8251713422408524	0.030168222166546063	32.0	0.0	0.0	5.0
0.6245198654988088	0.42407278916148516	0.032715637275937806	53.0	0.0	0.0	5.0
0.43845309632050294	0.45439586360655043	0.03530523972630475	55.0	0.0	0.00018201330698275342	5.0
0.5910287694973526	0.15277250744494406	0.03041098064377391	70.0	0.0	0.0	5.0
0.46074932019442644	0.2138346870459314	0.03755759585911449	75.0	0.0	0.10707195547240644	5.0
0.5051040029357393	0.7906223665499351	0.03238659630677242	52.0	0.0	0.0	5.0
0.5786266004372422	0.9678113320726843	0.040405064083445755	40.0	0.0	0.0	5.0
0.6146605018428192	0.5049517748486236	0.031635298248924325	46.0	0.0	0.0	5.0
0.31116391473032373	0.9657078265388803	0.033738606514502	73.0	0.0	0.0	5.0
0.1290227739046289	0.36366789140931016	0.0337831989732728	62.0	0.0	0.0	5.0
0.3070032626980325	0.3908355387489801	0.030684246889419915	42.0	0.0	0.0	5.0
0.6971089582670135	0.5325442273390256	0.033928103257732815	9.0	0.0	0.0	5.0
0.9536012054697959	0.25424744960829343	0.03041898942843332	54.0	0.0	0.0	5.0
0.7780862847246713	0.96480059393266	0.035121798285580326	27.0	0.0	1.156387796186209e-05	5.0
0.7444813622081919	0.8838378046985486	0.03223399825011356	3.0	0.0	0.0	5.0
0.8101053009325277	0.3519508464402181	0.03705151805488888	20.0	0.0	0.0	5.0
0.3094406969611035	0.508795393410829	0.034264770244121584	37.0	0.0	0.0	5.0
0.11762774520126124	0.4579188885318887	0.03406711110889717	41.0	0.0	0.0	5.0
0.5888383833874619	0.5637617949928299	0.03170757123468603	45.0	0.0	0.0	5.0
0.5255847611169934	0.14464825261430497	0.029315825905446374	14.0	0.0	0.0	5.0
0.8662909071089437	0.27036850640613713	0.03164723037712177	15.0	0.0	0.0	5.0
0.49508650883438227	0.5230012187363405	0.03193616382856264	56.0	0.0	0.0	5.0
0.38699709991674436	0.5272536285905751	0.032091863997846304	13.0	0.0	0.0	5.0
0.2802766883849038	0.20685402879493806	0.03354264912462012	31.0	0.0	0.0	5.0
0.8929356891314973	0.344447680421118	0.033444189034471786	33.0	0.0	0.0	5.0
0.380978328792995	0.6443220340321133	0.03226069176614995	28.0	0.0	0.0	5.0
0.8125222322293593	0.4200487281724452	0.030790508967193545	69.0	0.0	0.0	6.0
0.6220811052644727	0.49844045891368954	0.031666933547173245	46.0	0.0	0.0	6.0
0.6591435095152804	0.9011607443101091	0.03155636148591713	10.0	0.0	0.0	6.0
0.785127127871257	0.2233545430982625	0.03352188643833635	18.0	0.0	0.0	6.0
0.5902027974343498	0.15211745484267056	0.03044139162441768	70.0	0.0	0.0	6.0
0.427135203840025	0.03617799559147453	0.03824885998181459	58.0	0.0	0.0	6.0
0.17023877795579628	0.6465061555139539	0.032506690652231246	48.0	0.0	0.0	6.0
0.6875431971175043	0.8255419060869151	0.033661082473079196	8.0	0.0	0.0	6.0
0.742579282637423	0.88329051971376	0.03226623224836367	3.0	0.0	0.0	6.0
0.3131749291352312	0.8272809333711858	0.030198390388712606	32.0	0.0	0.0	6.0
0.16200818952791116	0.8736122539309442	0.03454033191927064	44.0	0.0	0.0	6.0
0.664666312467488	0.14689255488270908	0.039106694563301236	63.0	0.0	0.0	6.0
0.4193635630563572	0.37041583599892086	0.0313820610608759	57.0	0.0	0.0	6.0
0.9577164873018347	0.49253155600572346	0.031912647916765874	71.0	0.0	0.0	6.0
0.08959794245126669	0.8337624865482413	0.034606535729842305	17.0	0.0	0.0	6.0
0.32534855281503255	0.9693098695947359	0.0337723451210165	73.0	0.0	0.0	6.0
0.8996287232297381	0.956275730895068	0.03593626123806019	7.0	0.0	0.005252561001654499	6.0
0.8753033917666669	0.8024327514962456	0.030590021081127648	22.0	0.0	0.0	6.0
0.5819541633515847	0.3083945574952525	0.036574246625012026	36.0	0.0	0.02496883541677164	6.0
0.7776505601361229	0.5918838830299497	0.03337843029266897	4.0	0.0	0.0	6.0
0.04582607045924037	0.13425707631901262	0.032484843607110674	30.0	0.0	0.0	6.0
0.5913124486238339	0.5666009101444199	0.031739278805920715	45.0	0.0	0.0	6.0
0.7050911260312606	0.7103370912790343	0.03536135610151399	39.0	0.0	0.0003019855417250028	6.0
0.2778866461584432	0.20721024023857199	0.03357619177374474	31.0	0.0	0.0	6.0
0.5409446452387779	0.22877305826712638	0.035662823182057594	67.0	0.0	0.0018636872839721264	6.0
0.5792439607994142	0.9668273358900962	0.03872151974663551	40.0	0.0	0.0	6.0
0.30109762645146193	0.501649273925515	0.0342990350143657	37.0	0.0	0.0	6.0
0.9553845583077798	0.7233908795185289	0.03263437306505303	60.0	0.0	0.0	6.0
0.21449854540057725	0.9388225966618541	0.0295383430863894	1.0	0.0	0.0	6.0
0.3836225706495262	0.6419391375980029	0.032292952457916094	28.0	0.0	0.0	6.0
0.49659353417920293	0.5116691004835087	0.0319680999923912	56.0	0.0	0.0	6.0
0.12064198227894789	0.46163654476264804	0.034101178220006065	41.0	0.0	0.0	6.0
0.5580566722195267	0.046410081111754424	0.03289018881767632	35.0	0.0	0.0	6.0
0.8727236247054968	0.4859663065679843	0.03385030505217962	66.0	0.0	0.0	6.0
0.5248762044098227	0.14593404275856162	0.029345141731351818	14.0	0.0	0.0	6.0
0.32450563362910434	0.7554574730380227	0.035984954497411646	25.0	0.0	0.0	6.0
0.38962245120096783	0.5261637511316412	0.03212395586184415	13.0	0.0	0.0	6.0
0.8676211960490511	0.26846794958344894	0.031678877607498886	15.0	0.0	0.0	6.0
0.47835601708489817	0.09113445038470266	0.03402900176584853	59.0	0.0	0.0	6.0
0.82770440236314	0.902124480889026	0.032242501671595036	38.0	0.0	0.0	6.0
0.5419991758955346	0.4587735397334521	0.03115886729228556	64.0	0.0	0.0	6.0
0.04536190549079425	0.236381780057066	0.034726308457678524	61.0	0.0	0.0	6.0
0.9155222614867397	0.41450614317651474	0.03120176917649612	24.0	0.0	0.0	6.0
0.5067947695644032	0.7880013880307231	0.03241898290307919	52.0	0.0	0.0	6.0
0.8105065854212015	0.3482158396887676	0.03544058248728502	20.0	0.0	0.0	6.0
0.14140123637903565	0.7045502740270433	0.03168779851397009	12.0	0.0	0.0	6.0
0.4945830102147286	0.35767555152123814	0.03403024611061405	16.0	0.0	0.0	6.0
0.3618592307250589	0.22451830631937506	0.03196677550619973	47.0	0.0	0.0	6.0
0.15309509049069275	0.793000406713575	0.03485949815067699	74.0	0.0	0.0	6.0
0.4031030855804922	0.901048111099117	0.03024185482787306	26.0	0.0	0.0	6.0
0.7777641987123525	0.9661972617491934	0.0351569200838659	27.0	0.0	2.4729513270926873e-05	6.0
0.3090405567158916	0.3925584319314539	0.030714931136309333	42.0	0.0	0.0	6.0
0.24208884238554954	0.8154660369136408	0.030975422530517088	43.0	0.0	0.0	6.0
0.5342249293818563	0.6926313753101551	0.0336943594928155	29.0	0.0	0.0	6.0
0.24973609818024364	0.5600316431811508	0.031237915480528487	65.0	0.0	0.0	6.0
0.9549281484561105	0.25305165592453976	0.03044940841786175	54.0	0.0	0.0	6.0
0.632851916551338	0.23841739930720807	0.034147617599064276	49.0	0.0	0.0	6.0
0.5522375890839696	0.6197450474367588	0.03024847189686565	51.0	0.0	0.0	6.0
0.45508929223878164	0.21173190459426144	0.0375951534549736	75.0	0.0	0.1118585290701617	6.0
0.6277748521253587	0.4261870878097414	0.03274835291321374	53.0	0.0	0.0	6.0
0.3197835997941722	0.29686773743451045	0.03258274545811368	2.0	0.0	0.0	6.0
0.9370489716662844	0.5718839645620205	0.033695591121751675	11.0	0.0	0.0	6.0
0.12960514361678227	0.36562226064049436	0.033816982172246074	62.0	0.0	0.0	6.0
0.44019503115904346	0.46689184007386897	0.03534054496603105	55.0	0.0	0.0002527571027854947	6.0
0.7380979044285627	0.46800160602591245	0.03424140067131862	23.0	0.0	0.0	6.0
0.8921459914119356	0.3453295550599676	0.03199009385905997	33.0	0.0	0.0	6.0
0.2776848244469758	0.6995546789841458	0.03156663404959244	68.0	0.0	0.0	6.0
0.8298581242314995	0.046031245681151724	0.03272326576230836	34.0	0.0	0.0	6.0
0.40500614351693714	0.1374388404206657	0.031955645022979186	50.0	0.0	0.0	6.0
0.1631612507292243	0.5385455019011413	0.033765830052223306	19.0	0.0	0.0	6.0
0.2124248496993988	0.6833667334669338	0.009619238476953907	-2.0	-1.0	0.0	6.0
0.6172117407603569	0.6913655468831723	0.032261392796905146	5.0	0.0	0.0	6.0
0.6964769599542362	0.5308593526350889	0.03396203136099055	9.0	0.0	0.0	6.0
0.363616814623068	0.44227741479592064	0.03273498007659487	21.0	0.0	0.0	6.0
0.20729363348215085	0.4760312458032634	0.03708741144962973	6.0	0.0	0.0	6.0
0.7913783357192434	0.5192404568602836	0.02994224181146825	72.0	0.0	0.0	6.0
0.5484060576969847	0.4517088260873884	0.031190026159577843	64.0	0.0	0.0	7.0
0.8608123203747179	0.26501753164058417	0.03171055648510638	15.0	0.0	0.0	7.0
0.12990580593292603	0.3675969355698178	0.03385079915441832	62.0	0.0	0.0	7.0
0.9495811134216988	0.2594969138795013	0.030479857826279606	54.0	0.0	0.0	7.0
0.7775108977209918	0.9644602235168795	0.035192077003949766	27.0	0.0	4.535300759300753e-05	7.0
0.1403624218223568	0.7045339223151291	0.03171948631248406	12.0	0.0	0.0	7.0
0.42401021964168156	0.024341688872386098	0.03658586606956179	58.0	0.0	0.0	7.0
0.5325220375971736	0.6907054528330692	0.03372805385230831	29.0	0.0	0.0	7.0
0.9839679358717434	0.595190380761523	0.033466933867735464	-2.0	-1.0	0.0	7.0
0.5071540495083233	0.7863973827480958	0.032451401885982264	52.0	0.0	0.0	7.0
0.3633789688861564	0.4411491275038776	0.03276771505667146	21.0	0.0	0.0	7.0
0.8295408135572208	0.04431264968297975	0.03275598902807066	34.0	0.0	0.0	7.0
0.15485167896377514	0.7935662702435667	0.03489435764882766	74.0	0.0	0.0	7.0
0.6320605376163854	0.23676649396455027	0.034181765216663336	49.0	0.0	0.0	7.0
0.6161483268044659	0.6938603542397391	0.03229365418970205	5.0	0.0	0.0	7.0
0.8290518842236371	0.8928839820798437	0.03227474417326663	38.0	0.0	0.0	7.0
0.6219232499002807	0.502617340177237	0.031698600480720415	46.0	0.0	0.0	7.0
0.7841662458905138	0.22420955508384235	0.03355540832477468	18.0	0.0	0.0	7.0
0.6266872384995668	0.4327719794262146	0.032781101266126954	53.0	0.0	0.0	7.0
0.3846907968739409	0.6426522957066697	0.03232524541037401	28.0	0.0	0.0	7.0
0.08789272853964594	0.8332249985919502	0.03464114226557215	17.0	0.0	0.0	7.0
0.2753464070855363	0.7013383127801671	0.031598200683642025	68.0	0.0	0.0	7.0
0.6888831278698884	0.8263650487452106	0.03369474355555227	8.0	0.0	0.0	7.0
0.7040245551794039	0.7108860456114531	0.035396717457615495	39.0	0.0	0.0003995985560720783	7.0
0.16419165631980018	0.8644090468393546	0.03457487225118991	44.0	0.0	0.0	7.0
0.3605194706664477	0.2257723041108139	0.031998742281705926	47.0	0.0	0.0	7.0
0.9164830094026031	0.42294770704635776	0.031232970945672612	24.0	0.0	0.0	7.0
0.05053072347393392	0.2392089705856099	0.0347610347661362	61.0	0.0	0.0	7.0
0.5556377584435518	0.04083282936616814	0.032923079006493994	35.0	0.0	0.0	7.0
0.3020106571511835	0.5022926386674447	0.03433333404938006	37.0	0.0	0.0	7.0
0.3242649851130876	0.7543830977563536	0.03442039125839376	25.0	0.0	0.0	7.0
0.4978645889571994	0.5119079199386298	0.032000068092383586	56.0	0.0	0.0	7.0
0.6609159084263078	0.9003179771983041	0.031587917847403044	10.0	0.0	0.0	7.0
0.7407204075116233	0.8853145020725012	0.03229849848061203	3.0	0.0	0.0	7.0
0.9551551627950335	0.7243856117256285	0.032667007438118074	60.0	0.0	0.0	7.0
0.21594895731509828	0.9396398216722044	0.029567881429475786	1.0	0.0	0.0	7.0
0.3156383044300682	0.8245646289972122	0.030228588779101315	32.0	0.0	0.0	7.0
0.7369345292039626	0.4682353961015515	0.03427564207198993	23.0	0.0	0.0	7.0
0.8781286979920324	0.8074104049221859	0.03062061110220877	22.0	0.0	0.0	7.0
0.27901025119757394	0.2079004902661489	0.03360976796551848	31.0	0.0	0.0	7.0
0.4022688747640802	0.9004987450861426	0.03027209668270093	26.0	0.0	0.0	7.0
0.8824274300506645	0.4834369873361857	0.03388415535723179	66.0	0.0	0.0	7.0
0.20401879379452412	0.46774075657806347	0.0354016200201011	6.0	0.0	0.0	7.0
0.6925033663539657	0.5392843856702519	0.033995993392351535	9.0	0.0	0.0	7.0
0.24167279154616142	0.8176425845938785	0.0310063979530476	43.0	0.0	0.0	7.0
0.25685474191228075	0.5604579168228406	0.03126915339600901	65.0	0.0	0.0	7.0
0.4783435213840558	0.08914970155680527	0.03406303076761437	59.0	0.0	0.0	7.0
0.5783355550266347	0.9672247233100503	0.03703797540982528	40.0	0.0	0.0	7.0
0.41741059585731055	0.3734018324827067	0.03141344312193677	57.0	0.0	0.0	7.0
0.3893563411541571	0.5271465674158742	0.03215607981770599	13.0	0.0	0.0	7.0
0.448850878077897	0.22339763529714052	0.03763274860842857	75.0	0.0	0.11679066993559672	7.0
0.81642899929824	0.33877624329775463	0.033829646919681156	20.0	0.0	0.0	7.0
0.5456300114155973	0.62791699191576	0.030278720368762512	51.0	0.0	0.0	7.0
0.49499262736645677	0.3586039437152763	0.03406427635672466	16.0	0.0	0.0	7.0
0.9357872377602773	0.5744741207251305	0.033729286712873424	11.0	0.0	0.0	7.0
0.159674085223433	0.5447365148040568	0.033799595882275525	19.0	0.0	0.0	7.0
0.4394282502378912	0.4533737811835647	0.035375885510997074	55.0	0.0	0.00033989652986576857	7.0
0.17417348984382428	0.6329913759770652	0.03253919734288347	48.0	0.0	0.0	7.0
0.8985660774273124	0.9558345885177205	0.035972197499298246	7.0	0.0	0.005880895643386452	7.0
0.5930256808672338	0.15126659798700917	0.030471833016042095	70.0	0.0	0.0	7.0
0.30846162156492085	0.39131064013189243	0.030745646067445637	42.0	0.0	0.0	7.0
0.32654595018171273	0.9701536125795406	0.03380611746613751	73.0	0.0	0.0	7.0
0.12015672741988573	0.46039081047925223	0.03413527939822607	41.0	0.0	0.0	7.0
0.7895572351215597	0.5189573092885054	0.029972184053279716	72.0	0.0	0.0	7.0
0.4058688145998379	0.14062491775360816	0.03198760066800216	50.0	0.0	0.0	7.0
0.5490981963927856	0.3787575150300601	0.07314629258517034	-2.0	-1.0	355.25236725232605	7.0
0.7767989145826245	0.5839570830116568	0.033411808722961636	4.0	0.0	0.0	7.0
0.03576481282001015	0.1300802874925347	0.03251732845071778	30.0	0.0	0.0	7.0
0.31953301928367084	0.2945354272532774	0.03261532820357179	2.0	0.0	0.0	7.0
0.5906614126263774	0.565502752573927	0.031771018084726634	45.0	0.0	0.0	7.0
0.6687795562658375	0.13931595429427612	0.03740640349533162	63.0	0.0	0.0	7.0
0.8120064574328851	0.42195362381636053	0.030821299476160736	69.0	0.0	0.0	7.0
0.8953781862647682	0.35291240034052185	0.030535998683648157	33.0	0.0	0.0	7.0
0.5272345061335726	0.1370016511793483	0.029374486873083167	14.0	0.0	0.0	7.0
0.9589362123371502	0.4932808542110022	0.03194456056468264	71.0	0.0	0.0	7.0
0.5396362969037474	0.22762354076123156	0.03569848600523965	67.0	0.0	0.0021809871219886645	7.0
0.5886341693469882	0.30820525562282663	0.036610820871637036	36.0	0.0	0.026749872635292604	7.0
0.08707257025100801	0.8326235785163942	0.03467578340783772	17.0	0.0	0.0	8.0
0.7705613111363316	0.5893682508222224	0.0334452205316846	4.0	0.0	0.0	8.0
0.8832086269469518	0.48211927635084073	0.03391803951258902	66.0	0.0	0.0	8.0
0.6168289986402695	0.4990754747751652	0.03173029908120113	46.0	0.0	0.0	8.0
0.6910902668856704	0.5360262242779303	0.034029989385743885	9.0	0.0	0.0	8.0
0.16499733653256346	0.8653802050171201	0.03460944712344109	44.0	0.0	0.0	8.0
0.4202040964871686	0.375532582200351	0.03144485656505871	57.0	0.0	0.0	8.0
0.40036894807590245	0.9013015326507202	0.030302368779383627	26.0	0.0	0.0	8.0
0.9473906361235811	0.25780420209269816	0.03051033768410588	54.0	0.0	0.0	8.0
0.6148622275147692	0.6949479791376572	0.03232594784389175	5.0	0.0	0.0	8.0
0.2784370799637113	0.20648212735081972	0.033643377733484	31.0	0.0	0.0	8.0
0.27912381970712413	0.7060100408728462	0.03162979888432566	68.0	0.0	0.0	8.0
0.5882325422812519	0.15229277266201635	0.030502304849058134	70.0	0.0	0.0	8.0
0.35667323758926767	0.4511253685684376	0.03280048277172813	21.0	0.0	0.0	8.0
0.8673644904816274	0.3715582436982839	0.017244286440108468	80.0	33.0	0.0	8.0
0.7362283557133172	0.46915519961511687	0.034309917714061916	23.0	0.0	0.0	8.0
0.20546609771249327	0.491359370271765	0.020330847137482875	76.0	6.0	0.0	8.0
0.1545891829596676	0.7958726783529834	0.03492925200647648	74.0	0.0	0.0	8.0
0.20694750298145762	0.44236976715617904	0.03492287215730898	77.0	6.0	0.0	8.0
0.8170927039415533	0.42808453011488184	0.030852120775636892	69.0	0.0	0.0	8.0
0.43798566369266323	0.45450313022184996	0.03541126139650807	55.0	0.0	0.00044517812061428685	8.0
0.8283302135472153	0.0440133305629957	0.03278874501709873	34.0	0.0	0.0	8.0
0.45116322305959217	0.22759375729767514	0.03767038135703699	75.0	0.0	0.12187084885451327	8.0
0.5912282990218705	0.30806630042931404	0.03664743169250867	36.0	0.0	0.028615558290113086	8.0
0.9519038076152304	0.09819639278557113	0.04468937875751503	-2.0	-1.0	5.82194063026958	8.0
0.23582582182176065	0.8236956040165925	0.031037404351000646	43.0	0.0	0.0	8.0
0.15974323971706714	0.5458334898435403	0.0338333954781578	19.0	0.0	0.0	8.0
0.5331173476741974	0.6895026612952796	0.03376178190616061	29.0	0.0	0.0	8.0
0.05263508062068699	0.23917584644270398	0.034795795800902335	61.0	0.0	0.0	8.0
0.7998435575873243	0.3448185373271008	0.018780473902613663	79.0	20.0	0.0	8.0
0.3277915967860103	0.9709852182414169	0.03383992358360364	73.0	0.0	0.0	8.0
0.9196394083636455	0.4240085517439894	0.03126420391661828	24.0	0.0	0.0	8.0
0.41555928178098817	0.03078766324161928	0.03492287215730898	58.0	0.0	0.0	8.0
0.3214602325301054	0.7573608266696827	0.03285582801937586	25.0	0.0	0.0	8.0
0.39017162545979417	0.5276908590651008	0.03218823589752369	13.0	0.0	0.0	8.0
0.5496242993340873	0.45155071677701186	0.031221216185737418	64.0	0.0	0.0	8.0
0.847492105268396	0.3275617893601373	0.018780473902613663	78.0	20.0	0.0	8.0
0.7848268319850565	0.21871353726632256	0.033588963733099456	18.0	0.0	0.0	8.0
0.13033023934218002	0.36147804802109224	0.03388464995357273	62.0	0.0	0.0	8.0
0.48800602927368414	0.08378528863185752	0.03409709379838198	59.0	0.0	0.0	8.0
0.7677975603608812	0.9711232676233724	0.035227269080953715	27.0	0.0	7.51278639654629e-05	8.0
0.3000589090991996	0.5036679329288088	0.03436766738342944	37.0	0.0	0.0	8.0
0.874783900207477	0.8036275331669012	0.030651231713310977	22.0	0.0	0.0	8.0
0.5781965376901723	0.9661793786505202	0.03535443107301504	40.0	0.0	0.0	8.0
0.5468917155453218	0.6257887686728177	0.03030899908913127	51.0	0.0	0.0	8.0
0.6616967685581535	0.8995962714705185	0.031619505765250445	10.0	0.0	0.0	8.0
0.8249579089733617	0.8917060233776922	0.032307018917439895	38.0	0.0	0.0	8.0
0.7045583440641029	0.7127634396009327	0.03543211417507311	39.0	0.0	0.0005163872532705227	8.0
0.8993103577705942	0.9642569231449006	0.03600816969679754	7.0	0.0	0.006558143152048501	8.0
0.5554089465055617	0.04688723430551775	0.03295600208550049	35.0	0.0	0.0	8.0
0.5092901338318245	0.7834259571336267	0.03248385328786824	52.0	0.0	0.0	8.0
0.6672520884664824	0.13907846120965078	0.035706112427362005	63.0	0.0	0.0	8.0
0.49908190703062577	0.5101687623014587	0.03203206816047597	56.0	0.0	0.0	8.0
0.1403022978582452	0.6949841604566772	0.03175120579879654	12.0	0.0	0.0	8.0
0.6275734334743688	0.433347613384902	0.03281388236739308	53.0	0.0	0.0	8.0
0.2248322504104443	0.935552193966045	0.029597449310905258	1.0	0.0	0.0	8.0
0.25266205689553656	0.557217980324848	0.031300422549405016	65.0	0.0	0.0	8.0
0.12067957321342314	0.4593670590360329	0.03416941467762429	41.0	0.0	0.0	8.0
0.31569573488167085	0.8268446617784301	0.030258817367880414	32.0	0.0	0.0	8.0
0.5918886083679239	0.5656698868106559	0.031802789102811355	45.0	0.0	0.0	8.0
0.5413926808561629	0.2271420380798255	0.03573418449124489	67.0	0.0	0.0025327690640040146	8.0
0.17547850753227903	0.6393811437636653	0.032571736540226354	48.0	0.0	0.0	8.0
0.3590262805485347	0.2251743556912212	0.032030741023987626	47.0	0.0	0.0	8.0
0.306548483611492	0.39276989097669723	0.03077639171351308	42.0	0.0	0.0	8.0
0.5266757072019603	0.14141605957585507	0.029403861359956245	14.0	0.0	0.0	8.0
0.4948919366910967	0.3626014404121908	0.034098340633081384	16.0	0.0	0.0	8.0
0.688018476218952	0.8257475911851692	0.03372843829910782	8.0	0.0	0.0	8.0
0.4108518406559638	0.13877365132362782	0.03201958826867016	50.0	0.0	0.0	8.0
0.7904761740545694	0.51971479709657	0.030002156237332992	72.0	0.0	0.0	8.0
0.035385701170639085	0.1289866043028468	0.032549845779168494	30.0	0.0	0.0	8.0
0.7399735798091555	0.8868979674939367	0.03233079697909264	3.0	0.0	0.0	8.0
0.6306531197481299	0.2412811322018986	0.03421594698188	49.0	0.0	0.0	8.0
0.31982394495034433	0.2935811071607921	0.03264794353177536	2.0	0.0	0.0	8.0
0.8609089962826678	0.2661115237827792	0.031742267041591485	15.0	0.0	0.0	8.0
0.905209095739031	0.354571716428224	0.017244286440108468	81.0	33.0	0.0	8.0
0.382045554967214	0.6409102828112944	0.03235757065578438	28.0	0.0	0.0	8.0
0.9562029267096247	0.7250661938853961	0.03269967444555619	60.0	0.0	0.0	8.0
0.9604763251825709	0.48357673613191277	0.031976505125247315	71.0	0.0	0.0	8.0
0.938500303634928	0.5655744821816491	0.033763015999586296	11.0	0.0	0.0	8.0
0.5085933891611295	0.784333479441746	0.03251633714115611	52.0	0.0	0.0	9.0
0.22273122694040823	0.9283356887154923	0.02962704676021616	1.0	0.0	0.0	9.0
0.6652190850374043	0.8987723028935738	0.03165112527101569	10.0	0.0	0.0	9.0
0.4488503869905033	0.21411901980822784	0.037708051738394026	75.0	0.0	0.1271015498729895	9.0
0.5842565732951578	0.14995252711618678	0.030532807153907188	70.0	0.0	0.0	9.0
0.9215234353973368	0.42581701517015036	0.031295468120534894	24.0	0.0	0.0	9.0
0.8660919663115946	0.37281089503118053	0.017261530726548575	80.0	0.0	0.0	9.0
0.3030639460216756	0.7529276868777626	0.01761089922478694	84.0	25.0	0.0	9.0
0.25272049003105207	0.5558929356111716	0.03133172297195442	65.0	0.0	0.0	9.0
0.4945195060120694	0.07247622793693576	0.034131190892180356	59.0	0.0	0.0	9.0
0.7687156180101458	0.5997297029701133	0.03347866575221628	4.0	0.0	0.0	9.0
0.8768395032858393	0.8120552158166207	0.030681882945024285	22.0	0.0	0.0	9.0
0.4942301531506907	0.3611267261409393	0.034132438973714464	16.0	0.0	0.0	9.0
0.20375827467071647	0.4963882875882734	0.020351177984620356	76.0	0.0	0.0	9.0
0.23680085485261973	0.8245854563436857	0.031068441755351645	43.0	0.0	0.0	9.0
0.9485640169596776	0.2589592583996394	0.030540848021789985	54.0	0.0	0.0	9.0
0.15094728398420215	0.7936668570071974	0.034964181258482954	74.0	0.0	0.0	9.0
0.5539512033923817	0.4501868651197441	0.031252437401923155	64.0	0.0	0.0	9.0
0.8487133028217876	0.3244267611772169	0.018799254376516274	78.0	0.0	0.0	9.0
0.35534662511118736	0.46425046033124434	0.032833283254499857	21.0	0.0	0.0	9.0
0.4478683800731892	0.45509492012732794	0.03544667265790457	55.0	0.0	0.0005703587133893961	9.0
0.5917905762377768	0.5758769328315937	0.03183459189191416	45.0	0.0	0.0	9.0
0.3051637520103058	0.3936693527836076	0.030807168105226587	42.0	0.0	0.0	9.0
0.5590243814856127	0.04936730905667031	0.032988958087585986	35.0	0.0	0.0	9.0
0.8326033347901886	0.047272664670390485	0.03282153376211583	34.0	0.0	0.0	9.0
0.9349116549007463	0.5658802287320109	0.03379677901558588	11.0	0.0	0.0	9.0
0.12030066183572104	0.46269634504651347	0.03420358409230191	41.0	0.0	0.0	9.0
0.6696719581821344	0.11462033814127591	0.020505714518778716	91.0	63.0	0.0	9.0
0.5942780981227692	0.3170468488439936	0.03668407912420117	36.0	0.0	0.03056803001696551	9.0
0.5520743179085944	0.9448378494885781	0.019965351147221946	87.0	40.0	0.0	9.0
0.5243894762776962	0.13960292135554664	0.029433265221316198	14.0	0.0	0.0	9.0
0.965097260882713	0.7244773701192858	0.03273237412000174	60.0	0.0	0.0	9.0
0.6322981281817396	0.420718936334139	0.032846696249760464	53.0	0.0	0.0	9.0
0.9001433063275144	0.9622681773696437	0.03604417786649434	7.0	0.0	0.007286239183216026	9.0
0.4371967881673684	0.03526243714263878	0.0200559063406974	89.0	58.0	0.0	9.0
0.6310823334010096	0.2446718408199355	0.03425016292886188	49.0	0.0	0.0	9.0
0.35954100995530996	0.22616674063155015	0.03206277176501161	47.0	0.0	0.0	9.0
0.13932516939518666	0.6989902493175804	0.03178295700459533	12.0	0.0	0.0	9.0
0.679603533454543	0.8244392227109474	0.03376216673740692	8.0	0.0	0.0	9.0
0.33865811414269736	0.7670204094760246	0.01761089922478694	85.0	25.0	0.0	9.0
0.5451967474231432	0.6251100181923811	0.0303393080882204	51.0	0.0	0.0	9.0
0.5289787436520912	0.22505148767052166	0.03576991867573613	67.0	0.0	0.002920885528382655	9.0
0.16471813029455346	0.5413502959224166	0.033867228873635954	19.0	0.0	0.0	9.0
0.903704020645373	0.3543377049965352	0.017261530726548575	81.0	0.0	0.0	9.0
0.1208067683917397	0.3613281415219937	0.0339185346035263	62.0	0.0	0.0	9.0
0.42086234931649763	0.37196739902193565	0.03147630142162376	57.0	0.0	0.0	9.0
0.8800964103999284	0.48431229176227825	0.033951957552101605	66.0	0.0	0.0	9.0
0.7371116094105673	0.8993083851919942	0.03236312777607173	3.0	0.0	0.0	9.0
0.27360901759178924	0.6981481470335246	0.03166142868320999	68.0	0.0	0.0	9.0
0.5305555290905003	0.6938865827765083	0.03379554368806677	29.0	0.0	0.0	9.0
0.6902002028777989	0.5336533598233446	0.03406401937512962	9.0	0.0	0.0	9.0
0.7024533604435109	0.7124902446136089	0.03546754628924818	39.0	0.0	0.0006541145618825794	9.0
0.3917012754420326	0.023224036356933448	0.0200559063406974	88.0	58.0	0.0	9.0
0.05014524140254844	0.23199301441308615	0.034830591596703236	61.0	0.0	0.0	9.0
0.5830479322922514	0.9853033051740818	0.019965351147221946	86.0	40.0	0.0	9.0
0.7852277794700971	0.22045217361518007	0.03362255269683255	18.0	0.0	0.0	9.0
0.1923815328267967	0.4552558595890386	0.011600171451233604	83.0	77.0	0.0	9.0
0.17427954233054826	0.6380590738263199	0.03260430827676657	48.0	0.0	0.0	9.0
0.8637029873189862	0.26352919277104414	0.03177400930863307	15.0	0.0	0.0	9.0
0.4998142168181823	0.5108896357065211	0.03206410022863644	56.0	0.0	0.0	9.0
0.27395076839378607	0.2079899468310627	0.03367702111121748	31.0	0.0	0.0	9.0
0.6634103426482403	0.16571056704885037	0.020505714518778716	90.0	63.0	0.0	9.0
0.2990946919339185	0.5010973800047913	0.034402035050812865	37.0	0.0	0.0	9.0
0.6123961384672816	0.6933681013556131	0.032358273791735635	5.0	0.0	0.0	9.0
0.6101558303758534	0.4924330208372403	0.03176202938028233	46.0	0.0	0.0	9.0
0.22325007954193027	0.44913524875382416	0.011600171451233604	82.0	77.0	0.0	9.0
0.4096529530439887	0.13892157987261572	0.03205160785693882	50.0	0.0	0.0	9.0
0.8154041479851386	0.43155088985717016	0.030882972896412526	69.0	0.0	0.0	9.0
0.32712746264149356	0.9718280776042728	0.03387376350718724	73.0	0.0	0.0	9.0
0.7920159551782588	0.5212691884936618	0.030032158393570322	72.0	0.0	0.0	9.0
0.32262975511720576	0.2953047649209513	0.03268059147530713	2.0	0.0	0.0	9.0
0.7743002233236886	0.965553518877842	0.035262496350034665	27.0	0.0	0.0001157576711676711	9.0
0.08697768546116375	0.8336973022258964	0.03471045919124555	17.0	0.0	0.0	9.0
0.40846123695713105	0.8966746247166238	0.030332671148163008	26.0	0.0	0.0	9.0
0.31409513003927353	0.8296646237725692	0.03028907618524829	32.0	0.0	0.0	9.0
0.1650570236344611	0.8669595364441369	0.03464405657056453	44.0	0.0	0.0	9.0
0.9620003904156413	0.48392315222349513	0.03200848163037256	71.0	0.0	0.0	9.0
0.8366995626012909	0.8937594598366028	0.032339325936357334	38.0	0.0	0.0	9.0
0.3820969933051256	0.6422713504630072	0.032389928226440164	28.0	0.0	0.0	9.0
0.036272188335611424	0.13283069577447792	0.032582395624947656	30.0	0.0	0.0	9.0
0.7988685602650621	0.3445112155802158	0.018799254376516274	79.0	0.0	0.0	9.0
0.7378909009853571	0.4810816655974312	0.03434422763177598	23.0	0.0	0.0	9.0
0.3923173561380163	0.5276841045220133	0.03222042413342121	13.0	0.0	0.0	9.0
0.6903051369097591	0.5378193210174157	0.03409808339450475	9.0	0.0	0.0	10.0
0.9047660173673284	0.35100508012583864	0.017278792257275122	81.0	0.0	0.0	10.0
0.5980462900928558	0.5724986384576239	0.031866426483806075	45.0	0.0	0.0	10.0
0.3048401057349914	0.8322645919176498	0.030319365261433535	32.0	0.0	0.0	10.0
0.7401313423651793	0.4737323717064958	0.03437857185940775	23.0	0.0	0.0	10.0
0.5061363979987544	0.514557460439807	0.03209616432886508	56.0	0.0	0.0	10.0
0.5831300767663041	0.9838551290299896	0.019985316498369165	86.0	0.0	0.0	10.0
0.7372312239074641	0.902473406244615	0.0323954909038478	3.0	0.0	0.0	10.0
0.5511022044088176	0.9018036072144288	0.007815631262525049	-2.0	-1.0	0.0	10.0
0.6034653295721584	0.49177848272767677	0.03179379140966261	46.0	0.0	0.0	10.0
0.8343279080450374	0.04821595522304546	0.03285435529587794	34.0	0.0	0.0	10.0
0.15893272229804456	0.7894930242375787	0.03499914543974143	74.0	0.0	0.0	10.0
0.880914328851558	0.4836466796870479	0.0339859095096537	66.0	0.0	0.0	10.0
0.3518319678151458	0.23570092509634216	0.03209483453677662	47.0	0.0	0.0	10.0
0.39935299563424365	0.5384552787252055	0.032252644557554624	13.0	0.0	0.0	10.0
0.5932452523481295	0.3203599551592145	0.03672076320332537	36.0	0.0	0.03260943736442812	10.0
0.16690870427864285	0.8773546016452048	0.034678700627135094	44.0	0.0	0.0	10.0
0.3927574269173398	0.02340874117060376	0.020075962247038094	88.0	0.0	0.0	10.0
0.2489589713612853	0.5639161946601583	0.03136305469492637	65.0	0.0	0.0	10.0
0.7879134115996989	0.21999990377882736	0.03365617524952938	18.0	0.0	0.0	10.0
0.40517974471962814	0.8937174609715629	0.030363003819311167	26.0	0.0	0.0	10.0
0.18946897621322487	0.4603872316419619	0.011611771622684836	83.0	0.0	0.0	10.0
0.8599592819638411	0.2615120129956269	0.0318057833179417	15.0	0.0	0.0	10.0
0.9455770639669234	0.2605930333241708	0.030571388869811773	54.0	0.0	0.0	10.0
0.45255841022022997	0.45233437994207837	0.03548211933056247	55.0	0.0	0.0007172054953770157	10.0
0.9228107237888872	0.4269624701019017	0.031326763588655424	24.0	0.0	0.0	10.0
0.5315345389113341	0.6951290540462517	0.03382933923175483	29.0	0.0	0.0	10.0
0.9613718846955138	0.4826532906995627	0.032040490112002926	71.0	0.0	0.0	10.0
0.23682178683669597	0.8234773328375931	0.031099510197106994	43.0	0.0	0.0	10.0
0.7036297171472471	0.7121194538546012	0.035503013835537424	39.0	0.0	0.0008145537845507533	10.0
0.3806830194895099	0.6404054207744805	0.0324223181546666	28.0	0.0	0.0	10.0
0.749498997995992	0.5410821643286573	0.07635270541082165	-2.0	-1.0	452.57624703908033	10.0
0.5539309563111875	0.9394817117555022	0.019985316498369165	87.0	0.0	0.0	10.0
0.20663173563382803	0.49719551474669005	0.020371529162604974	76.0	0.0	0.0	10.0
0.5854645823846898	0.1513362091332799	0.03056333996106109	70.0	0.0	0.0	10.0
0.17976882374516334	0.6372877145084839	0.03263691258504334	48.0	0.0	0.0	10.0
0.33862460225998664	0.7616975651818361	0.017628510124011725	85.0	0.0	0.0	10.0
0.9115257825013078	0.9551766350789923	0.03608022204436083	7.0	0.0	0.008067130479247453	10.0
0.3024695866296651	0.7552377330499224	0.017628510124011725	84.0	0.0	0.0	10.0
0.29487911415437534	0.49966529222083145	0.03443643708586368	37.0	0.0	0.0	10.0
0.9341799292901394	0.5667183644526912	0.03383057579460146	11.0	0.0	0.0	10.0
0.6659546731337737	0.8980203247096223	0.0316827763962867	10.0	0.0	0.0	10.0
0.8477839522327463	0.32394100776074125	0.018818053630892787	78.0	0.0	0.0	10.0
0.40776243654592603	0.13599095476585343	0.03208365946479576	50.0	0.0	0.0	10.0
0.7926519908524368	0.5164865008649666	0.03006219055196389	72.0	0.0	0.0	10.0
0.5232544446883436	0.1380240221048346	0.02946269848653751	14.0	0.0	0.0	10.0
0.36038962106104044	0.46053409892283936	0.032866116537754356	21.0	0.0	0.0	10.0
0.12355458026153854	0.7021604039833965	0.031814739961599926	12.0	0.0	0.0	10.0
0.813444985740357	0.4261209092324205	0.030913855869308934	69.0	0.0	0.0	10.0
0.08829413534885938	0.8343131360061725	0.034745169650436794	17.0	0.0	0.0	10.0
0.27360901759178924	0.7046866703364038	0.031693090111893196	68.0	0.0	0.0	10.0
0.801859753113301	0.3426995132022924	0.018818053630892787	79.0	0.0	0.0	10.0
0.3035812996531362	0.3948145114460072	0.03083797527333181	42.0	0.0	0.0	10.0
0.48651764711976364	0.07720961313315687	0.03416532208307253	59.0	0.0	0.0	10.0
0.6699224897351499	0.11659949115796156	0.020526220233297494	91.0	0.0	0.0	10.0
0.609118652401519	0.6893664522960821	0.03239063206552737	5.0	0.0	0.0	10.0
0.12593543286704537	0.36650546953071966	0.03395245313812982	62.0	0.0	0.0	10.0
0.5571326302344614	0.4485239953954112	0.03128368983932508	64.0	0.0	0.0	10.0
0.5122431361079475	0.7853093741655067	0.03254885347829726	52.0	0.0	0.0	10.0
0.036260338741902876	0.1309485710724878	0.0326149780205726	30.0	0.0	0.0	10.0
0.7687321825606077	0.5970986803065013	0.033512144417968494	4.0	0.0	0.0	10.0
0.3254661234578963	0.2997629909182484	0.032713272066782435	2.0	0.0	0.0	10.0
0.8732601728871998	0.3847304039730351	0.017278792257275122	80.0	0.0	0.0	10.0
0.6793197711759965	0.8234645682141061	0.033795928904144325	8.0	0.0	0.0	10.0
0.880707722815441	0.8192887219879312	0.030712564827969305	22.0	0.0	0.0	10.0
0.8360754581569111	0.8966303993407242	0.03237166526229369	38.0	0.0	0.0	10.0
0.224345632875171	0.9161961191829161	0.029656673806976376	1.0	0.0	0.0	10.0
0.9665008415531228	0.7246685265714267	0.03276510649412174	60.0	0.0	0.0	10.0
0.49093981171909734	0.361240705603854	0.034166571412688175	16.0	0.0	0.0	10.0
0.4373847143692494	0.036496689456586864	0.020075962247038094	89.0	0.0	0.0	10.0
0.16665454549755376	0.5412710086106588	0.03390109610250959	19.0	0.0	0.0	10.0
0.634134953454194	0.2460998530554714	0.034284413091790734	49.0	0.0	0.0	10.0
0.44866637235435675	0.2129595594720867	0.037745759790132415	75.0	0.0	0.13248527035055702	10.0
0.33765393431893886	0.9735326917218443	0.03390763727069442	73.0	0.0	0.0	10.0
0.5222932966802807	0.23001893369191823	0.03580568859441186	67.0	0.0	0.003347199677506296	10.0
0.2699109142443065	0.21217216715788975	0.033710698132328694	31.0	0.0	0.0	10.0
0.050413257717512504	0.23375327856789338	0.03486542218829994	61.0	0.0	0.0	10.0
0.22465773849662904	0.45055626433555834	0.011611771622684836	82.0	0.0	0.0	10.0
0.6636804255033131	0.166952973740546	0.020526220233297494	90.0	0.0	0.0	10.0
0.5389301776692088	0.6297614661183586	0.030369647396308614	51.0	0.0	0.0	10.0
0.12012141708293848	0.4614671552717224	0.03423778767639421	41.0	0.0	0.0	10.0
0.6363146406238629	0.41246442344475914	0.03287954294601022	53.0	0.0	0.0	10.0
0.4181811182308813	0.37294434950003225	0.03150777772304538	57.0	0.0	0.0	10.0
0.5611350001569115	0.0484331824510118	0.033021947045673565	35.0	0.0	0.0	10.0
0.7744066885438737	0.9640186521685795	0.0352977588463847	27.0	0.0	0.00016895614565726191	10.0
0.5877981847060285	0.1500019311244122	0.030593903301022147	70.0	0.0	0.0	11.0
0.599848027837346	0.5751791171822175	0.03189829291028988	45.0	0.0	0.0	11.0
0.4230970415239868	0.3646522452210418	0.03153928550076842	57.0	0.0	0.0	11.0
0.3710505679928078	0.6392784102748964	0.03245474047282126	28.0	0.0	0.0	11.0
0.33545839752079	0.9702215139944864	0.03394154490796511	73.0	0.0	0.0	11.0
0.35093852730785535	0.23803794065828307	0.032126929371313395	47.0	0.0	0.0	11.0
0.667931033623432	0.899608085037837	0.031714459172682986	10.0	0.0	0.0	11.0
0.1653922763798026	0.5428729671202828	0.033934997198612094	19.0	0.0	0.0	11.0
0.12331982443010692	0.35409760467394835	0.03398640559126795	62.0	0.0	0.0	11.0
0.8569612644557626	0.258034057123938	0.03183758910125964	15.0	0.0	0.0	11.0
0.38631272407577977	0.02869043146032522	0.02009603820928513	88.0	0.0	0.0	11.0
0.35864409415595944	0.456892733748615	0.03289898265429211	21.0	0.0	0.0	11.0
0.7791624266747914	0.9667777021615175	0.035333056605231075	27.0	0.0	0.00023644717371951174	11.0
0.34082852061660107	0.7598574344943567	0.017646138634135736	85.0	0.0	0.0	11.0
0.8463418767489602	0.32475353566427284	0.01883687168452368	78.0	0.0	0.0	11.0
0.4472438239474488	0.03903559783923792	0.02009603820928513	89.0	0.0	0.0	11.0
0.5349384271609502	0.6233464623163609	0.03040001704370492	51.0	0.0	0.0	11.0
0.4631897384004024	0.4460768063777678	0.03551760144989303	55.0	0.0	0.0008874960454505754	11.0
0.5498399368179292	0.9392625752910249	0.02000530181486753	87.0	0.0	0.0	11.0
0.9497348921127965	0.49129985281422506	0.03207253060211492	71.0	0.0	0.0	11.0
0.6140215841343928	0.4991967533726356	0.03182558520107227	46.0	0.0	0.0	11.0
0.5307113162763151	0.2315239477313629	0.03584149428300627	67.0	0.0	0.0038135854621828003	11.0
0.6403683507901221	0.4127584317804249	0.032912422488956226	53.0	0.0	0.0	11.0
0.31837014447235046	0.29508996390068226	0.03274598533884921	2.0	0.0	0.0	11.0
0.7871047513403109	0.2149046052970948	0.0336898314247789	18.0	0.0	0.0	11.0
0.23522908067586373	0.8214819839048383	0.031130609707304097	43.0	0.0	0.0	11.0
0.5821072860876155	0.9841704502767297	0.02000530181486753	86.0	0.0	0.0	11.0
0.27362872080178213	0.7062513834068276	0.031724783202005086	68.0	0.0	0.0	11.0
0.6135537664790081	0.695296375240564	0.032423022697592896	5.0	0.0	0.0	11.0
0.930348220396179	0.564776634605957	0.03386440637039606	11.0	0.0	0.0	11.0
0.5473909431233127	0.4549525218083839	0.0313149735291644	64.0	0.0	0.0	11.0
0.18805952573153661	0.46084126890631744	0.01162338339430752	83.0	0.0	0.0	11.0
0.8366130517566609	0.898354862754417	0.03240403692755598	38.0	0.0	0.0	11.0
0.17836926247267285	0.6369603178884373	0.032669549497628375	48.0	0.0	0.0	11.0
0.8100011324462284	0.4275252238384899	0.03094476972517824	69.0	0.0	0.0	11.0
0.1656258365444456	0.881132180238232	0.03471337932776222	44.0	0.0	0.0	11.0
0.6302539927869188	0.24559616315027277	0.03431869750488252	49.0	0.0	0.0	11.0
0.6687267943514398	0.11493620481145857	0.02054674645353079	91.0	0.0	0.0	11.0
0.3993376797508718	0.5360225875177285	0.032284897202112174	13.0	0.0	0.0	11.0
0.4067285562150945	0.8928058343426148	0.030393366823130475	26.0	0.0	0.0	11.0
0.27096991026516454	0.21188184941561009	0.033744408830461016	31.0	0.0	0.0	11.0
0.231837165867226	0.9286532649899142	0.029686330480783348	1.0	0.0	0.0	11.0
0.5068970568332486	0.5135794975545905	0.032128260493193936	56.0	0.0	0.0	11.0
0.7677400337663478	0.5962045912056464	0.03354565656238646	4.0	0.0	0.0	11.0
0.7947480226314282	0.5233988226272498	0.03009225274251585	72.0	0.0	0.0	11.0
0.23234446687311003	0.4472511573979152	0.01162338339430752	82.0	0.0	0.0	11.0
0.3079750182166999	0.8328128403832766	0.030349684626694965	32.0	0.0	0.0	11.0
0.5211799306393674	0.137427122581184	0.029492161185024044	14.0	0.0	0.0	11.0
0.24753428721839243	0.5651521188481294	0.03139441774962129	65.0	0.0	0.0	11.0
0.6599016293795411	0.1656564112025137	0.02054674645353079	90.0	0.0	0.0	11.0
0.7384028192113015	0.9034897739649616	0.032427886394751644	3.0	0.0	0.0	11.0
0.5095246200842339	0.7837092623341486	0.032581402331775554	52.0	0.0	0.0	11.0
0.5672615468863931	0.04405814587880605	0.03305496899271924	35.0	0.0	0.0	11.0
0.8346246305661115	0.04936920144614642	0.03288720965117382	34.0	0.0	0.0	11.0
0.2068361463112559	0.498661879020653	0.020391900691767578	76.0	0.0	0.0	11.0
0.08727362366052756	0.8315925048051394	0.03477991482008723	17.0	0.0	0.0	11.0
0.9244170401950534	0.42928841625409603	0.03135809035224407	24.0	0.0	0.0	11.0
0.495438703465942	0.36695029464186735	0.03420073798410086	16.0	0.0	0.0	11.0
0.04168768945345873	0.12756720778127278	0.03264759299859317	30.0	0.0	0.0	11.0
0.9477241064629828	0.2598260002640979	0.03060196025868158	54.0	0.0	0.0	11.0
0.6815949021769764	0.821361790766641	0.03382972483304846	8.0	0.0	0.0	11.0
0.9108453522087712	0.9531308039100987	0.036116302266405186	7.0	0.0	0.008902774914830047	11.0
0.12408722238649464	0.4607478361399361	0.0342720254640706	41.0	0.0	0.0	11.0
0.1570162815074313	0.7933045385287575	0.03503414458518117	74.0	0.0	2.547683664033684e-07	11.0
0.7011738240565003	0.7221882690885921	0.03553851684937296	39.0	0.0	0.0009994886409003811	11.0
0.43990796894209305	0.21093100073113566	0.03778350554992254	75.0	0.0	0.13802452101379004	11.0
0.30102368203162405	0.7520156883549289	0.017646138634135736	84.0	0.0	0.0	11.0
0.8797740247001907	0.48513194609658433	0.03401989541916335	66.0	0.0	0.0	11.0
0.6839819917613204	0.5316728263419753	0.03413218147789925	9.0	0.0	0.0	11.0
0.899911892414163	0.35012463727006804	0.017296071049532395	81.0	0.0	0.0	11.0
0.127021564050673	0.7002923270602139	0.03184655470156152	12.0	0.0	0.0	11.0
0.30474420770254707	0.39797513474216223	0.03086881324860514	42.0	0.0	0.0	11.0
0.4908200942878413	0.07489137262303767	0.034199487405155604	59.0	0.0	0.0	11.0
0.4060317456341506	0.13836674979492294	0.03211574312426055	50.0	0.0	0.0	11.0
0.8001952655763779	0.34224320340107084	0.01883687168452368	79.0	0.0	0.0	11.0
0.8684028480210821	0.3777908424717813	0.017296071049532395	80.0	0.0	0.0	11.0
0.8783685217177065	0.8128054321675384	0.03074327739279727	22.0	0.0	0.0	11.0
0.7328773572254864	0.4681337780467497	0.03441295043126715	23.0	0.0	0.0	11.0
0.053229009628563695	0.23356686982582994	0.03490028761048823	61.0	0.0	0.0	11.0
0.305023315149108	0.4995056149702591	0.03447087352294954	37.0	0.0	0.0	11.0
0.9528101639177143	0.7288892939587949	0.032797871600615855	60.0	0.0	0.0	11.0
0.5300320439062971	0.7035871448654255	0.03386316857098658	29.0	0.0	0.0	11.0
0.594459546917344	0.3212386924800195	0.03675748396652869	36.0	0.0	0.03474194184236978	11.0
