# x	y	r	id	split_id	s_prob	t
2.0	0.5	0.0	-1.0	0.0	0.0	0.0
0.6871555583502064	0.6081053843534409	0.03207147746621439	1.0	0.0	0.0	0.0
0.9524527176066355	0.7435324413857907	0.0311566228494194	2.0	0.0	0.0	0.0
0.8514226138819285	0.7397905856922831	0.0326930615817761	3.0	0.0	0.0	0.0
0.6049122467765062	0.14498253012379705	0.03426202447687238	4.0	0.0	0.0	0.0
0.4830537951922927	0.9763342936760008	0.03445893212288314	5.0	0.0	0.0	0.0
0.06966741937893982	0.1372814467361803	0.031950179728822484	6.0	0.0	0.0	0.0
0.6053810236372714	0.6429175121811272	0.03436060487018436	7.0	0.0	0.0	0.0
0.3044418164112569	0.06336976888439426	0.03151171425129065	8.0	0.0	0.0	0.0
0.7783868634192264	0.11425012272704374	0.030815829448461146	9.0	0.0	0.0	0.0
0.2976279712427935	0.45977505129479246	0.03333582202775284	10.0	0.0	0.0	0.0
0.6122546336784046	0.550143256799143	0.032108169682635246	11.0	0.0	0.0	0.0
0.7569025198357884	0.8947378041084934	0.034251878253178644	12.0	0.0	0.0	0.0
0.7403882407501835	0.17922697025241915	0.0334714577930239	13.0	0.0	0.0	0.0
0.42672199266880806	0.7485215823104676	0.03410176211769994	14.0	0.0	0.0	0.0
0.6132705119510904	0.32091528463716174	0.03506187754354376	15.0	0.0	1.5162791697775901e-06	0.0
0.13111539288170232	0.4335820614402388	0.03284374422125079	16.0	0.0	0.0	0.0
0.6075783511883455	0.8957012395884358	0.03375995276967451	17.0	0.0	0.0	0.0
0.9108546461968301	0.4937843877773997	0.0317105763088341	18.0	0.0	0.0	0.0
0.8465658148199449	0.4469269677647369	0.034645519207751746	19.0	0.0	0.0	0.0
0.1691575924323636	0.605083780726007	0.031612041345879464	20.0	0.0	0.0	0.0
0.6787081905736317	0.9310510012730104	0.03133220127881481	21.0	0.0	0.0	0.0
0.3487666657207317	0.85703539742219	0.032972284421424095	22.0	0.0	0.0	0.0
0.8140419991004709	0.5301130536326354	0.03501191904312023	23.0	0.0	1.0836870956154598e-08	0.0
0.2042747124866988	0.7433301712654204	0.030594006255092617	24.0	0.0	0.0	0.0
0.3288713222447094	0.13327903956419884	0.03540196358679795	25.0	0.0	0.0004156617986694755	0.0
0.191622870494125	0.8205647650033538	0.030932026215800965	26.0	0.0	0.0	0.0
0.27317010762365007	0.795640860694353	0.03292965525395127	27.0	0.0	0.0	0.0
0.15644850534957702	0.6880894522040077	0.03222531165546973	28.0	0.0	0.0	0.0
0.10679333087390247	0.04879456762453361	0.03556166319158918	29.0	0.0	0.0011339864478401296	0.0
0.3886797931181468	0.0868367671751949	0.033774283404399474	30.0	0.0	0.0	0.0
0.1939162630255459	0.06299435830157514	0.03236244655060131	31.0	0.0	0.0	0.0
0.709826729895021	0.4455510641290627	0.03132101393169476	32.0	0.0	0.0	0.0
0.6242914309041218	0.4048728431364144	0.029199276344246426	33.0	0.0	0.0	0.0
0.9649255699183278	0.6412550524299144	0.0346252405206781	34.0	0.0	0.0	0.0
0.7705417106381337	0.5948820940334658	0.034317177755411564	35.0	0.0	0.0	0.0
0.5236836676006774	0.3281994446721782	0.03190496564399198	36.0	0.0	0.0	0.0
0.19596627043589862	0.18513433922640796	0.034392174573086305	37.0	0.0	0.0	0.0
0.4825507368098495	0.19324211150143536	0.03504174835363069	38.0	0.0	4.6569120115691476e-07	0.0
0.8782392463520667	0.8121331291000979	0.032994812397896894	39.0	0.0	0.0	0.0
0.5239411794685626	0.7539532827978274	0.033368817081999125	40.0	0.0	0.0	0.0
0.5506199803687932	0.5823418143906114	0.03205849493559158	41.0	0.0	0.0	0.0
0.26027399457341927	0.021348452579613438	0.021348452579613438	42.0	0.0	0.0	0.0
0.536558593872069	0.6754591321690123	0.03358502911155576	43.0	0.0	0.0	0.0
0.8426186076687309	0.13654552631189068	0.031145150970880418	44.0	0.0	0.0	0.0
0.5407938925444075	0.39346504025881984	0.03041203512048546	45.0	0.0	0.0	0.0
0.31072446617007043	0.6337713410428991	0.030772018601426237	46.0	0.0	0.0	0.0
0.036945357928425994	0.30822989570773196	0.030971240480178762	47.0	0.0	0.0	0.0
0.7059762012078666	0.3723590807398432	0.03394516659007858	48.0	0.0	0.0	0.0
0.9300015834455895	0.420485566512962	0.029802316711405062	49.0	0.0	0.0	0.0
0.31386490924152155	0.25435436931595873	0.0325635340799686	50.0	0.0	0.0	0.0
0.4959463229987	0.06376199039856428	0.031636909927701545	51.0	0.0	0.0	0.0
0.2703398629341737	0.1813849301527698	0.033152014048581424	52.0	0.0	0.0	0.0
0.09432047856221024	0.6306531279649761	0.029564252068429338	53.0	0.0	0.0	0.0
0.19909243798042495	0.431711133593485	0.03249859602339889	54.0	0.0	0.0	0.0
0.2489081195624613	0.10992786477218475	0.03268318537727998	55.0	0.0	0.0	0.0
0.7704278237876858	0.47423347852405495	0.030331429062299027	56.0	0.0	0.0	0.0
0.03257985961933371	0.770349073855929	0.03117406804711799	57.0	0.0	0.0	0.0
0.8111846131020605	0.36591951646908993	0.03315298563713258	58.0	0.0	0.0	0.0
0.9203885609106148	0.16289006693563912	0.03218518890012524	59.0	0.0	0.0	0.0
0.6674480422844681	0.16666302197002517	0.03006685691998531	60.0	0.0	0.0	0.0
0.23214549660640935	0.6524806195104375	0.03520329165501549	61.0	0.0	5.376982568350286e-05	0.0
0.1414459327131601	0.1245983138950191	0.03251706441462701	62.0	0.0	0.0	0.0
0.17788858905054816	0.9449690062196202	0.03229120815363474	63.0	0.0	0.0	0.0
0.5307536155265259	0.9235960748296358	0.03386760224578475	64.0	0.0	0.0	0.0
0.43053207042927844	0.3431542999582139	0.03222263977552018	65.0	0.0	0.0	0.0
0.44293670067400803	0.8408206894169901	0.031927647095568744	66.0	0.0	0.0	0.0
0.2913915450869474	0.5664179385597611	0.03427438792384638	67.0	0.0	0.0	0.0
0.6279923670494862	0.07924183695130287	0.032514834019301234	68.0	0.0	0.0	0.0
0.949958147144297	0.060643777320641225	0.03473976892345416	69.0	0.0	0.0	0.0
0.3076062530921473	0.3730887277285315	0.03216903445784829	70.0	0.0	0.0	0.0
0.7638006585830046	0.6709323778961939	0.031001587439652797	71.0	0.0	0.0	0.0
0.39553986188957757	0.4741188314532385	0.03110732741169707	72.0	0.0	0.0	0.0
0.46435165245192406	0.27742879589931096	0.030796497154252683	73.0	0.0	0.0	0.0
0.43101377591822115	0.3427622938975776	0.032254862415295696	65.0	0.0	0.0	1.0
0.03272904882307858	0.7681982724786216	0.031205242115165104	57.0	0.0	0.0	1.0
0.29777786884185353	0.4604645944355116	0.03336915784978059	10.0	0.0	0.0	1.0
0.8504982721420187	0.7328399727256953	0.03272575464335788	3.0	0.0	0.0	1.0
0.037092582291865225	0.3083642582762449	0.031002211720658937	47.0	0.0	0.0	1.0
0.7566381777350178	0.8948823914176289	0.03428613013143182	12.0	0.0	0.0	1.0
0.9118414306062462	0.4939697954553837	0.03174228688514293	18.0	0.0	0.0	1.0
0.48124029932614054	0.9792656149549178	0.03449339105500602	5.0	0.0	0.0	1.0
0.5518871385680955	0.5820954577923806	0.03209055343052717	41.0	0.0	0.0	1.0
0.612366896068	0.3242525821771701	0.0350969394210873	15.0	0.0	5.8301702807739275e-06	1.0
0.6036073541213072	0.15602428298302318	0.03429628650134924	4.0	0.0	0.0	1.0
0.15660839518156736	0.6923201658505833	0.032257536967125196	28.0	0.0	0.0	1.0
0.5237383611473	0.3279227751681822	0.031936870609635966	36.0	0.0	0.0	1.0
0.3108244517923757	0.372074342946343	0.03220120349230614	70.0	0.0	0.0	1.0
0.6117433143997759	0.5568983946809708	0.03214027785231788	11.0	0.0	0.0	1.0
0.6842903028148468	0.6069579919359958	0.0321035489436806	1.0	0.0	0.0	1.0
0.849734187470608	0.44454168565145524	0.03468016472695949	19.0	0.0	0.0	1.0
0.1384142635056876	0.12540894269391148	0.032549581479041634	62.0	0.0	0.0	1.0
0.7065782430837809	0.3763131412753257	0.03397911175666866	48.0	0.0	0.0	1.0
0.10576956194275985	0.051938667729923366	0.03559722485478077	29.0	0.0	0.0013633067799503351	1.0
0.6059704764781332	0.9000712207481414	0.03379371272244418	17.0	0.0	0.0	1.0
0.29129803756428685	0.5663293057390635	0.03430866231177022	67.0	0.0	0.0	1.0
0.09539914851262067	0.6269481587098651	0.029593816320497762	53.0	0.0	0.0	1.0
0.8429501289636485	0.1365109633604262	0.031176296121851296	44.0	0.0	0.0	1.0
0.34658343035547806	0.8514306495408914	0.03300525670584552	22.0	0.0	0.0	1.0
0.19222248971922773	0.058299925127128845	0.03239480899715191	31.0	0.0	0.0	1.0
0.8143909179796629	0.532404665604315	0.035046930962163346	23.0	0.0	6.615434102741347e-07	1.0
0.5423535998956942	0.3943181540394254	0.030442447155605942	45.0	0.0	0.0	1.0
0.7092545433454022	0.445688719747594	0.03135233494562645	32.0	0.0	0.0	1.0
0.06961528011869118	0.13452123348255907	0.0319821299085513	6.0	0.0	0.0	1.0
0.20304713247796857	0.7419765484722938	0.030624600261347706	24.0	0.0	0.0	1.0
0.7688044598910976	0.6749523111264074	0.031032589027092446	71.0	0.0	0.0	1.0
0.5223747027496853	0.7539680765194317	0.03340218589908112	40.0	0.0	0.0	1.0
0.6288404062597845	0.07161225298771501	0.03254734885332053	68.0	0.0	0.0	1.0
0.537165586764493	0.6758011383038403	0.03361861414066731	43.0	0.0	0.0	1.0
0.2735235012972493	0.7965652496245097	0.03296258490920522	27.0	0.0	0.0	1.0
0.42711495521949505	0.748434861075668	0.03413586387981764	14.0	0.0	0.0	1.0
0.17939363160209817	0.9456273958890865	0.03232349936178837	63.0	0.0	0.0	1.0
0.7424080891160935	0.17600758137803474	0.03350492925081692	13.0	0.0	0.0	1.0
0.5296372328355069	0.924188564584805	0.03390146984803053	64.0	0.0	0.0	1.0
0.19830636111260955	0.4321410943858063	0.03253109461942229	54.0	0.0	0.0	1.0
0.38582598475483965	0.08510827568024319	0.03380805768780387	30.0	0.0	0.0	1.0
0.6084077211837817	0.6526263874089947	0.03439496547505454	7.0	0.0	0.0	1.0
0.3104935934693384	0.256089554930557	0.032596097614048566	50.0	0.0	0.0	1.0
0.9201362355197221	0.16310896110625178	0.032217374089025363	59.0	0.0	0.0	1.0
0.27588244313035837	0.18539587790418116	0.03318516606263	52.0	0.0	0.0	1.0
0.30424291237025186	0.06410437523557266	0.03154322596554194	8.0	0.0	0.0	1.0
0.9526759076146164	0.7364446335780946	0.031187779472268817	2.0	0.0	0.0	1.0
0.7721807489729623	0.5930283880033789	0.03435149493316697	35.0	0.0	0.0	1.0
0.46447615320490493	0.2798986153895583	0.03082729365140693	73.0	0.0	0.0	1.0
0.964867501775693	0.6413122137302522	0.034659865761198776	34.0	0.0	0.0	1.0
0.8132707395392937	0.35376560444427974	0.03318613862276971	58.0	0.0	0.0	1.0
0.3116028827943929	0.634459021773857	0.03080279062002766	46.0	0.0	0.0	1.0
0.6685554431546794	0.16759952568172687	0.03009692377690529	60.0	0.0	0.0	1.0
0.23463573968979412	0.6496642249686128	0.0352384949466705	61.0	0.0	8.681954757605581e-05	1.0
0.2608007836307031	0.020767575023741016	0.021369801032193048	42.0	0.0	0.0	1.0
0.44369893926911486	0.8418952201336483	0.03195957474266431	66.0	0.0	0.0	1.0
0.16603814206439488	0.6048377806263482	0.03164365338722534	20.0	0.0	0.0	1.0
0.8774279782731259	0.8120999113970999	0.03302780721029479	39.0	0.0	0.0	1.0
0.32815228238580413	0.13156226189556758	0.03543736555038474	25.0	0.0	0.0005354435494950849	1.0
0.7770638142993819	0.11214134580666707	0.030846645277909604	9.0	0.0	0.0	1.0
0.771774537331034	0.4727484900629167	0.03036176049136132	56.0	0.0	0.0	1.0
0.9468358972273461	0.05995474125937437	0.03477450869237761	69.0	0.0	0.0	1.0
0.6243586637914611	0.4048468971523903	0.02922847562059067	33.0	0.0	0.0	1.0
0.6748755903645607	0.9327275946571962	0.03136353348009362	21.0	0.0	0.0	1.0
0.24984118108946854	0.11197253278800844	0.032715868562657256	55.0	0.0	0.0	1.0
0.4822767722748925	0.192792981810093	0.03507679010198432	38.0	0.0	2.89798215646897e-06	1.0
0.19003547652877523	0.8205597680477504	0.030962958242016763	26.0	0.0	0.0	1.0
0.9319234825773108	0.4249944109435207	0.029832119028116465	49.0	0.0	0.0	1.0
0.19511971525932303	0.18415226305802468	0.034426566747659385	37.0	0.0	0.0	1.0
0.1317348960386683	0.4323303891041045	0.032876587965472034	16.0	0.0	0.0	1.0
0.49436370021797515	0.06310498693199101	0.03166854683762924	51.0	0.0	0.0	1.0
0.39412878426643705	0.4743473356387909	0.031138434739108763	72.0	0.0	0.0	1.0
0.5435992760109293	0.5756909346092486	0.03212264398395769	41.0	0.0	0.0	2.0
0.10393056365229003	0.05527582600287664	0.03563282207963555	29.0	0.0	0.0016219028794211	2.0
0.6116417221515198	0.5565929400439859	0.032172418130170195	11.0	0.0	0.0	2.0
0.43026079579364407	0.34541060749233443	0.03228711727771099	65.0	0.0	0.0	2.0
0.13829512352963388	0.12543919706634285	0.03258213106052067	62.0	0.0	0.0	2.0
0.683890428922314	0.6068906517750169	0.032135652492624275	1.0	0.0	0.0	2.0
0.4441844058984982	0.8409734976017395	0.03199153431740697	66.0	0.0	0.0	2.0
0.46445095053765656	0.27986447234433515	0.030858120945058333	73.0	0.0	0.0	2.0
0.06635924834924513	0.1380664693993742	0.03201411203845985	6.0	0.0	0.0	2.0
0.8436556159884546	0.13858836589501677	0.031207472417973142	44.0	0.0	0.0	2.0
0.7104686370339498	0.44749494948983426	0.03138368728057207	32.0	0.0	0.0	2.0
0.3926057347212424	0.474477096777026	0.03116957317384787	72.0	0.0	0.0	2.0
0.5366331472107734	0.6830612910241585	0.03365223275480797	43.0	0.0	0.0	2.0
0.769018398462214	0.6751576691570462	0.031063621616119533	71.0	0.0	0.0	2.0
0.9091975273726778	0.4936604550237048	0.031774029172028075	18.0	0.0	0.0	2.0
0.6738443376916851	0.9363546232919026	0.03139489701357371	21.0	0.0	0.0	2.0
0.3109521569223837	0.6360989468594622	0.030833593410647685	46.0	0.0	0.0	2.0
0.2904938830602661	0.5659592758193719	0.03434297097408198	67.0	0.0	0.0	2.0
0.4280500704637388	0.7486227803806869	0.03416999974369745	14.0	0.0	0.0	2.0
0.1900841333629144	0.8215250119873524	0.030993921200258776	26.0	0.0	0.0	2.0
0.09629084739303377	0.6269678106707673	0.029623410136818257	53.0	0.0	0.0	2.0
0.7725551015993463	0.4710090855660885	0.030392122251852678	56.0	0.0	0.0	2.0
0.17968602009510798	0.9454014499507887	0.03235582286115015	63.0	0.0	0.0	2.0
0.3321211920610142	0.1345112561301394	0.035472802915935124	25.0	0.0	0.0006764261878231537	2.0
0.6023419740760025	0.15648534493582017	0.03433058278785059	4.0	0.0	0.0	2.0
0.27620421908180987	0.18612517910725931	0.03321835122869263	52.0	0.0	0.0	2.0
0.7613928430419418	0.5787922870717926	0.034385846428100136	35.0	0.0	0.0	2.0
0.6252274050998128	0.06916715450889174	0.032579896202173844	68.0	0.0	0.0	2.0
0.5480133125853933	0.3993542794758581	0.030472889602761545	45.0	0.0	0.0	2.0
0.13005412296033528	0.43269022989244793	0.032909464553437504	16.0	0.0	0.0	2.0
0.3464333172947453	0.8517828201760032	0.03303826196255136	22.0	0.0	0.0	2.0
0.6127408273919756	0.3341468721112599	0.03513203636050838	15.0	0.0	1.4731962622249739e-05	2.0
0.3036122299024187	0.06480867367758637	0.03157476919150748	8.0	0.0	0.0	2.0
0.7424465173133836	0.17753321015335552	0.03353843418006773	13.0	0.0	0.0	2.0
0.813409147149206	0.35342310257136483	0.03321932476139247	58.0	0.0	0.0	2.0
0.6068982439840964	0.9000332329284991	0.03382750643516662	17.0	0.0	0.0	2.0
0.29902424833379915	0.4609010360681995	0.03340252700763037	10.0	0.0	0.0	2.0
0.2608721016925449	0.020584489057670755	0.02139117083322524	42.0	0.0	0.0	2.0
0.5370483593045177	0.9238851129831472	0.033935371317878556	64.0	0.0	0.0	2.0
0.19965245991517727	0.4298039227536598	0.032563625714041707	54.0	0.0	0.0	2.0
0.38411450450148166	0.08812357910826521	0.033841865745491674	30.0	0.0	0.0	2.0
0.4853224551740772	0.97401727400374	0.03452788444606102	5.0	0.0	0.0	2.0
0.9653025816453936	0.6409395532414139	0.034694525626959974	34.0	0.0	0.0	2.0
0.7780123265391068	0.10854872546569216	0.03087749192318751	9.0	0.0	0.0	2.0
0.5251375019289788	0.3279359885782252	0.031968807480245595	36.0	0.0	0.0	2.0
0.6666649094272156	0.1685426477398601	0.030127020700682194	60.0	0.0	0.0	2.0
0.5221081536840749	0.7530937187088824	0.0334355880849802	40.0	0.0	0.0	2.0
0.034880842727223936	0.3072782334824345	0.031033213932379594	47.0	0.0	0.0	2.0
0.20373681748028513	0.7387048361694759	0.03065522486160905	24.0	0.0	0.0	2.0
0.8474374380711309	0.7331007503965468	0.03275848039800123	3.0	0.0	0.0	2.0
0.6156611792531428	0.6493930538287607	0.03442936044052959	7.0	0.0	0.0	2.0
0.03642378271117282	0.7685130572972164	0.031236447357280265	57.0	0.0	0.0	2.0
0.9304859622637083	0.4261793690210209	0.02986195114714458	49.0	0.0	0.0	2.0
0.49316405908064265	0.06293390594642528	0.031700215384466865	51.0	0.0	0.0	2.0
0.19142331063331178	0.05889373418543948	0.03242720380614905	31.0	0.0	0.0	2.0
0.624498849281494	0.4033668732437227	0.029257704096211257	33.0	0.0	0.0	2.0
0.4812115997862698	0.19287023686231244	0.0351118668920863	38.0	0.0	8.95951893653546e-06	2.0
0.9512150236152512	0.7362362967124847	0.031218967251741083	2.0	0.0	0.0	2.0
0.7566530652432305	0.8925177409791951	0.03432041626156325	12.0	0.0	0.0	2.0
0.3075173362243956	0.2584195595104448	0.03262869371166261	50.0	0.0	0.0	2.0
0.8146950397281824	0.5329103683714795	0.035081977893125504	23.0	0.0	3.5259019597333463e-06	2.0
0.27396114091809903	0.7919448206337097	0.03299554749411442	27.0	0.0	0.0	2.0
0.9471289274559324	0.059912952178667635	0.034809283201069983	69.0	0.0	0.0	2.0
0.23531463041727926	0.6499714507958314	0.03527373344161717	61.0	0.0	0.00013126941423990957	2.0
0.1563794805455456	0.6922113180480657	0.03228979450409232	28.0	0.0	0.0	2.0
0.3131491934212153	0.37165268050906075	0.03223340469579844	70.0	0.0	0.0	2.0
0.1962115093428162	0.18438600790364212	0.03446099331440704	37.0	0.0	0.0	2.0
0.1669041093582398	0.6024376804612039	0.03167529704061257	20.0	0.0	0.0	2.0
0.9201362355197221	0.16487469066387014	0.03224959146311439	59.0	0.0	0.0	2.0
0.7060956131912264	0.3747986126990913	0.03401309086842532	48.0	0.0	0.0	2.0
0.849203465356311	0.44420168329928084	0.03471484489168645	19.0	0.0	0.0	2.0
0.872581436051926	0.8122067233044986	0.03306083501750508	39.0	0.0	0.0	2.0
0.24856590391513173	0.11428672839911978	0.03274858443121991	55.0	0.0	0.0	2.0
0.10263558619514919	0.05121209021966933	0.035668454901715184	29.0	0.0	0.0019115968702863029	3.0
0.7686607270236901	0.675248496142812	0.03109468523773565	71.0	0.0	0.0	3.0
0.684116976594786	0.6053370772453169	0.03216778814511689	1.0	0.0	0.0	3.0
0.7560102338440261	0.8920708014436288	0.03435473667782481	12.0	0.0	0.0	3.0
0.4296839554219315	0.3431086923962268	0.0323194043949887	65.0	0.0	0.0	3.0
0.9307200808537331	0.42672861964676967	0.02989181309829172	49.0	0.0	0.0	3.0
0.6283130647816102	0.4133439012692385	0.029286961800307466	33.0	0.0	0.0	3.0
0.8483352396040389	0.44308542391569555	0.03474955973657813	19.0	0.0	0.0	3.0
0.9092777622445836	0.4939426498587424	0.0318058032012001	18.0	0.0	0.0	3.0
0.46531262050415717	0.2817526961856403	0.030888979066003387	73.0	0.0	0.0	3.0
0.298832242346098	0.06533745536122436	0.03160634396069898	8.0	0.0	0.0	3.0
0.31058969981294926	0.6366531270089408	0.03086442700405833	46.0	0.0	0.0	3.0
0.5425794202040374	0.396063085544822	0.030503362492364305	45.0	0.0	0.0	3.0
0.2511605335271243	0.11562216069979235	0.03278133301565113	55.0	0.0	0.0	3.0
0.7772857411656444	0.10861985489198525	0.030908369415110694	9.0	0.0	0.0	3.0
0.4855042943843545	0.9734705430186666	0.03456241233050708	5.0	0.0	0.0	3.0
0.1902816811881763	0.8234794888047703	0.03102491512145903	26.0	0.0	0.0	3.0
0.6778305877344185	0.9393165018317462	0.03142629191058728	21.0	0.0	0.0	3.0
0.5934039041930053	0.15408797966060128	0.034364913370638434	4.0	0.0	0.0	3.0
0.949703566908265	0.06691046624382924	0.03484409248427105	69.0	0.0	0.0	3.0
0.3876752059964575	0.08856292755116314	0.03387570761123716	30.0	0.0	0.0	3.0
0.3130573254025568	0.3717091166233572	0.03226563810049424	70.0	0.0	0.0	3.0
0.7079715542475912	0.37503008163386303	0.034047103959293744	48.0	0.0	0.0	3.0
0.27237977150578147	0.7980909948286494	0.03302854304160854	27.0	0.0	0.0	3.0
0.2907805532981156	0.566587471762998	0.03437731394505606	67.0	0.0	0.0	3.0
0.9222880585014439	0.165658742624945	0.0322818410545775	59.0	0.0	0.0	3.0
0.19533785775959786	0.4326065018582549	0.03259618933975574	54.0	0.0	0.0	3.0
0.19170178199819135	0.05903706086827455	0.0324596310099552	31.0	0.0	0.0	3.0
0.3449465749819347	0.8517968608901791	0.033071300224513905	22.0	0.0	0.0	3.0
0.19357326584567852	0.18329077842483357	0.03449545430772144	37.0	0.0	0.0	3.0
0.204863637197739	0.7416523130229465	0.030685880086470656	24.0	0.0	0.0	3.0
0.610396737173021	0.5570644110382325	0.03220459054830036	11.0	0.0	0.0	3.0
0.12598458276533275	0.428202846319626	0.03294237401799094	16.0	0.0	0.0	3.0
0.49890782496172154	0.056270647904110606	0.03173191559985133	51.0	0.0	0.0	3.0
0.9623106457492341	0.6378028995849451	0.03472922015258693	34.0	0.0	0.0	3.0
0.3031151980403196	0.45972394790516397	0.033435929534638	10.0	0.0	0.0	3.0
0.13697753638914062	0.12481269075219645	0.03261471319158119	62.0	0.0	0.0	3.0
0.48356517109752856	0.1920956739263602	0.03514697875897838	38.0	0.0	2.032093573234306e-05	3.0
0.39209342246218426	0.47572223450431095	0.031200742747021712	72.0	0.0	0.0	3.0
0.0972566277588567	0.6266767108556808	0.029653033546955074	53.0	0.0	0.0	3.0
0.7080683266200798	0.4472447036878115	0.03141507096785264	32.0	0.0	0.0	3.0
0.6070271987600052	0.899922778841388	0.03386133394160178	17.0	0.0	0.0	3.0
0.8422279495637854	0.1400295787883825	0.031238679890391113	44.0	0.0	0.0	3.0
0.6751816199467546	0.16192091494076416	0.030157147721382872	60.0	0.0	0.0	3.0
0.7403682189381836	0.1758419162453764	0.0335719726142478	13.0	0.0	0.0	3.0
0.5382961027003579	0.9238182773015304	0.033969306689196434	64.0	0.0	0.0	3.0
0.8474229850985221	0.7333874653969522	0.03279123887839923	3.0	0.0	0.0	3.0
0.17889541919993382	0.9443581451414709	0.032388178684011296	63.0	0.0	0.0	3.0
0.3283238194154171	0.13797688322027765	0.035508275718851054	25.0	0.0	0.0008403845581170799	3.0
0.8734504809861602	0.8108215729933002	0.03309389585252258	39.0	0.0	0.0	3.0
0.5250654986658578	0.7546632491381011	0.033469023673065174	40.0	0.0	0.0	3.0
0.61266159624266	0.3336035361582026	0.035167168396868884	15.0	0.0	2.9898025431407405e-05	3.0
0.8128706430743067	0.353106140400105	0.03325254408615386	58.0	0.0	0.0	3.0
0.036317638816302275	0.7687620746890897	0.03126768380463754	57.0	0.0	0.0	3.0
0.03528053635704095	0.30355803385345714	0.03106424714631197	47.0	0.0	0.0	3.0
0.2335572404626203	0.6499216488631343	0.03530900717505878	61.0	0.0	0.00018883637947908483	3.0
0.6252785375459151	0.06925217907425646	0.040765595122970025	68.0	0.0	0.0	3.0
0.4414115324225332	0.8386583258258399	0.032023525851724376	66.0	0.0	0.0	3.0
0.42836275149223874	0.7479910254186554	0.03420416974344114	14.0	0.0	0.0	3.0
0.6195777447364476	0.6495781250598992	0.03446378980097012	7.0	0.0	0.0	3.0
0.2770004590473267	0.1847427029797735	0.033251569579921314	52.0	0.0	0.0	3.0
0.30883345370476173	0.2559952693479725	0.03266132240537427	50.0	0.0	0.0	3.0
0.7540926621614601	0.5842074542251315	0.034420232274528235	35.0	0.0	0.0	3.0
0.5409065375193898	0.5762320631482628	0.032154766627941644	41.0	0.0	0.0	3.0
0.1669041093582398	0.6039434137272996	0.031706972337653176	20.0	0.0	0.0	3.0
0.5367623361844267	0.684768031540927	0.033685884987562774	43.0	0.0	0.0	3.0
0.1549284998393559	0.6927194043833275	0.032322084298596405	28.0	0.0	0.0	3.0
0.8212341436170739	0.5245790113781491	0.035117059871018624	23.0	0.0	1.0266067079101049e-05	3.0
0.06617977378670253	0.1382431411320488	0.03204612615049831	6.0	0.0	0.0	3.0
0.950929124133618	0.7335752506858476	0.03125018621899282	2.0	0.0	0.0	3.0
0.2590153340522723	0.018637910918897868	0.02141256200405846	42.0	0.0	0.0	3.0
0.5248595541108457	0.327629502239861	0.03200077628772584	36.0	0.0	0.0	3.0
0.7740198138235814	0.46573144660519833	0.030422514374104526	56.0	0.0	0.0	3.0
0.10260992517439589	0.05122875850980885	0.04463015419577111	29.0	0.0	0.002234221495541533	4.0
0.15687938997067316	0.6938512167865464	0.040443007978618745	28.0	0.0	0.0	4.0
0.31006051856140665	0.25464221460059405	0.03269398372777964	50.0	0.0	0.0	4.0
0.20203987586865177	0.7419287465029786	0.030716565966557124	24.0	0.0	0.0	4.0
0.7052197586758271	0.37658056266763157	0.03408115106325303	48.0	0.0	0.0	4.0
0.670034192430806	0.16506145190447266	0.030187304869104252	60.0	0.0	0.0	4.0
0.44174708594865897	0.8355351184232936	0.0320555493775761	66.0	0.0	0.0	4.0
0.1334829526821947	0.12661132125347857	0.03264732790477277	62.0	0.0	0.0	4.0
0.7538796819980815	0.18176382448666667	0.03360554458686204	13.0	0.0	0.0	4.0
0.5271719191164898	0.7567896564415463	0.03350249269673824	40.0	0.0	0.0	4.0
0.2971228784032934	0.06543981429647956	0.03163795030465968	8.0	0.0	0.0	4.0
0.5229682917898757	0.32664097633295786	0.03203277706401356	36.0	0.0	0.0	4.0
0.0967682314917292	0.6259973213942315	0.029682686580502025	53.0	0.0	0.0	4.0
0.6849282065285148	0.6066121748158444	0.032199955933262005	1.0	0.0	0.0	4.0
0.617609325384398	0.41011764334401263	0.029316248762107772	33.0	0.0	0.0	4.0
0.47557004112752255	0.28275685133496586	0.038649835056336734	73.0	0.0	0.0	4.0
0.7080313833056037	0.4471235189615179	0.03144648603882049	32.0	0.0	0.0	4.0
0.18925552085728556	0.05767895021708862	0.03249209064096515	31.0	0.0	0.0	4.0
0.951969442288227	0.7326137422923713	0.03128143640521181	2.0	0.0	0.0	4.0
0.2784732658710206	0.1853004492253044	0.03328482114950123	52.0	0.0	0.0	4.0
0.2724344984927793	0.7980649724109629	0.03306157158465014	27.0	0.0	0.0	4.0
0.5427820552359971	0.39249070623841786	0.030533865854856665	45.0	0.0	0.0	4.0
0.8453043644430219	0.14085891204797324	0.0312699185702815	44.0	0.0	0.0	4.0
0.2905945690981861	0.5643250145700739	0.03441169125900111	67.0	0.0	0.0	4.0
0.3125607009420402	0.6473184882663435	0.030895291431062386	46.0	0.0	0.0	4.0
0.7707017679409982	0.11128825502124362	0.0309392777845258	9.0	0.0	0.0	4.0
0.42881113058835507	0.7490429388916026	0.03423837391318458	14.0	0.0	0.0	4.0
0.9607252256945787	0.6368151467274499	0.04345493671592439	34.0	0.0	0.0	4.0
0.9225015527784647	0.17413462844206642	0.032314122895632076	59.0	0.0	0.0	4.0
0.9276136096863731	0.4295637037001662	0.02992170491139001	49.0	0.0	0.0	4.0
0.5899903915706289	0.15041792473924945	0.03439927828400907	4.0	0.0	0.0	4.0
0.9510659208920944	0.06812271603945513	0.043598670720944144	69.0	0.0	0.0	4.0
0.3432464377652818	0.8508529819134812	0.03310437152473841	22.0	0.0	0.0	4.0
0.8677819064629726	0.8174819367300092	0.0331269897483751	39.0	0.0	0.0	4.0
0.030606193348312626	0.7709249769890235	0.031298951488442174	57.0	0.0	0.0	4.0
0.4282711628934458	0.34552633881098954	0.03235172379938368	65.0	0.0	0.0	4.0
0.2598320267954652	0.020774173641028494	0.021433974566062518	42.0	0.0	0.0	4.0
0.12642854748884372	0.42450909912917767	0.03297531639200892	16.0	0.0	0.0	4.0
0.7693866790373177	0.4648910870220096	0.030452936888478627	56.0	0.0	0.0	4.0
0.191995814322312	0.18423268436456877	0.03452994976202916	37.0	0.0	0.0	4.0
0.3846051785264321	0.09029271424544556	0.0339095833188484	30.0	0.0	0.0	4.0
0.8262436925504206	0.5224250267278359	0.035152176930889636	23.0	0.0	2.255414857188498e-05	4.0
0.615849864840383	0.3324645240411467	0.035202335565265745	15.0	0.0	5.301474234897796e-05	4.0
0.17805750116908667	0.6056057131437581	0.031738679309990823	20.0	0.0	0.0	4.0
0.03565128750291954	0.3043983367272802	0.031095311393458277	47.0	0.0	0.0	4.0
0.49961738549418133	0.05710435507688631	0.031763647515451174	51.0	0.0	0.0	4.0
0.6092340725444769	0.8998602391760202	0.04236899409442923	17.0	0.0	0.0	4.0
0.7544661634485811	0.584720175760361	0.03445465250680276	35.0	0.0	0.0	4.0
0.545380870907734	0.9258085661488472	0.03400327599588562	64.0	0.0	0.0	4.0
0.3133212009634145	0.3710056380720894	0.03229790373859473	70.0	0.0	0.0	4.0
0.28971367511616947	0.45711846928337535	0.03346936546417263	10.0	0.0	0.0	4.0
0.1957633214999839	0.4324298766031787	0.0326287855290955	54.0	0.0	0.0	4.0
0.8470956861696648	0.731142978512923	0.03282403011727762	3.0	0.0	0.0	4.0
0.6189287661577138	0.6491623627667215	0.034498253590771084	7.0	0.0	0.0	4.0
0.6224163123333603	0.0677561498124085	0.03913497131805122	68.0	0.0	0.0	4.0
0.4855228254101812	0.9737644946004032	0.034596974742837586	5.0	0.0	0.0	4.0
0.189986079828341	0.8214523713394983	0.031055940036580486	26.0	0.0	0.0	4.0
0.8121727509307465	0.3478583213599496	0.033285796630240005	58.0	0.0	0.0	4.0
0.9102107537839932	0.4944529686302748	0.031837609004401295	18.0	0.0	0.0	4.0
0.6783140335298478	0.9382018284055026	0.03145771820249787	21.0	0.0	0.0	4.0
0.5417700631593191	0.5769623271282694	0.04023365174321198	41.0	0.0	0.0	4.0
0.7666263522395709	0.6763281852381929	0.031125779922973384	71.0	0.0	0.0	4.0
0.1775791538612928	0.9429782130070187	0.0324205668626953	63.0	0.0	0.0	4.0
0.753173385332298	0.8835413265357923	0.04298636426812829	12.0	0.0	0.0	4.0
0.2497529264450247	0.11810209726443302	0.032814114348666774	55.0	0.0	0.0	4.0
0.8407241277341635	0.4435411871897415	0.03478430929631471	19.0	0.0	0.0	4.0
0.6112561271781861	0.5604045291864607	0.03223679513884866	11.0	0.0	0.0	4.0
0.07099977630905223	0.14955104026654223	0.0320781722766488	6.0	0.0	0.0	4.0
0.4818921635704697	0.1930383189639034	0.03518212573773736	38.0	0.0	3.8662857249960325e-05	4.0
0.23383707735720052	0.6502041410010312	0.03534431618223384	61.0	0.0	0.0002612475803118741	4.0
0.5402190962950201	0.6834340260243731	0.033719570872550335	43.0	0.0	0.0	4.0
0.3955516285232109	0.4750499018140084	0.03123194348976873	72.0	0.0	0.0	4.0
0.32847652975550995	0.13736748371492083	0.0355437839945699	25.0	0.0	0.0010291039282463998	4.0
0.2996015401581581	0.06866831525448215	0.03166958825496433	8.0	0.0	0.0	5.0
0.6136128496844964	0.5622021252783368	0.0322690319339875	11.0	0.0	0.0	5.0
0.9224680541735351	0.1738827347671046	0.032346437018527706	59.0	0.0	0.0	5.0
0.8400072794641825	0.14213327529482103	0.03130118848885178	44.0	0.0	0.0	5.0
0.27153504255860145	0.8008272944656923	0.03309463315623479	27.0	0.0	0.0	5.0
0.9632842210118342	0.6432641920093841	0.04171673924728741	34.0	0.0	0.0	5.0
0.2070917479676232	0.7476577003400113	0.03074728253252368	24.0	0.0	0.0	5.0
0.5230358408515078	0.3264378784150195	0.03206480984107757	36.0	0.0	0.0	5.0
0.17566415092095858	0.6053561929779898	0.03177041798930081	20.0	0.0	0.0	5.0
0.0710584647987925	0.14951132283202317	0.032110250448925445	6.0	0.0	0.0	5.0
0.6151588513827108	0.40951176715396903	0.02934556501086988	33.0	0.0	0.0	5.0
0.7727140220974825	0.11092327166931815	0.03097021706231032	9.0	0.0	0.0	5.0
0.29222359319713054	0.563222572536447	0.03444610295026011	67.0	0.0	0.0	5.0
0.7510403047107935	0.8844744551333134	0.041266909697403154	12.0	0.0	0.0	5.0
0.39823168842078555	0.47688833866053626	0.031263175433258496	72.0	0.0	0.0	5.0
0.4812578849127096	0.9725373441009426	0.03463157171758042	5.0	0.0	0.0	5.0
0.6757718248389563	0.9390207698968351	0.031489175920700364	21.0	0.0	0.0	5.0
0.5256019247686916	0.7602300696780273	0.033535995189434974	40.0	0.0	0.0	5.0
0.6148922312589541	0.6517126328846164	0.03453275184436185	7.0	0.0	0.0	5.0
0.17783468042607808	0.9425821029667351	0.032452987429557996	63.0	0.0	0.0	5.0
0.3104952504354131	0.25691649111277637	0.03272667771150741	50.0	0.0	0.0	5.0
0.03754980702772941	0.30369300919670833	0.03112640670485173	47.0	0.0	0.0	5.0
0.9554550387540921	0.7312686084777061	0.03131271784161702	2.0	0.0	0.0	5.0
0.31367000699326913	0.37185338578766236	0.03233020164233332	70.0	0.0	0.0	5.0
0.7502983254304826	0.18188788489394278	0.0336391501314489	13.0	0.0	0.0	5.0
0.1901870697667609	0.8225038394361912	0.031086995976617064	26.0	0.0	0.0	5.0
0.8374199026006482	0.4438646559061157	0.03481909360561102	19.0	0.0	0.0	5.0
0.7541490056789343	0.5849261877415405	0.034489107159309564	35.0	0.0	0.0	5.0
0.6674509330773675	0.16961266467400957	0.03021749217397335	60.0	0.0	0.0	5.0
0.3116065092449007	0.6467729124473209	0.030926186722493445	46.0	0.0	0.0	5.0
0.7041786286158843	0.3749666323495413	0.03411523221431628	48.0	0.0	0.0	5.0
0.19269674171339646	0.18522078443809215	0.034564479711791184	37.0	0.0	0.0	5.0
0.8471399749953348	0.7312916069810049	0.0328568541473949	3.0	0.0	0.0	5.0
0.5415493552410778	0.5769222950500468	0.0386243056734835	41.0	0.0	0.0	5.0
0.5419975930450206	0.39470854733045513	0.030564399720711517	45.0	0.0	0.0	5.0
0.48215462126721964	0.19388021644165981	0.03521730786347509	38.0	0.0	6.567594034834201e-05	5.0
0.14878283774098314	0.6879854827484088	0.038825287659473996	28.0	0.0	0.0	5.0
0.03073218989116259	0.7711286368671735	0.03133025043993061	57.0	0.0	0.0	5.0
0.427996469153994	0.3461939619888328	0.032384075523183065	65.0	0.0	0.0	5.0
0.18989860393127497	0.05687329305513799	0.03252458273160611	31.0	0.0	0.0	5.0
0.19417548607457263	0.4327698201438061	0.03266141431462459	54.0	0.0	0.0	5.0
0.6143546617244144	0.33008135490937607	0.035237537900831006	15.0	0.0	8.57785531565014e-05	5.0
0.7737894424070583	0.4682493059916635	0.030483389825367104	56.0	0.0	0.0	5.0
0.3429824154806359	0.8483955606985593	0.03313747589626315	22.0	0.0	0.0	5.0
0.290132969817424	0.4520068858773085	0.0335028348296368	10.0	0.0	0.0	5.0
0.27784113221997575	0.18509241333774692	0.03331810597065073	52.0	0.0	0.0	5.0
0.5387522985591802	0.6799319036230881	0.03375329044342288	43.0	0.0	0.0	5.0
0.10342122421520937	0.0479912224407545	0.04284494802794027	29.0	0.0	0.0025916201610840517	5.0
0.1248660700008803	0.4244056598091543	0.03300829170840093	16.0	0.0	0.0	5.0
0.38409219322190913	0.09053268819528082	0.03394349290216724	30.0	0.0	0.0	5.0
0.610729809473266	0.8995301513516891	0.04067423433065206	17.0	0.0	0.0	5.0
0.8148216057559158	0.3450813433560133	0.03331908242687024	58.0	0.0	0.0	5.0
0.9155916726025883	0.49443603004223124	0.03186944661340569	18.0	0.0	0.0	5.0
0.8248980398027778	0.5216999633882359	0.03518732910782052	23.0	0.0	4.207225288155314e-05	5.0
0.5400893150759684	0.9203991059301605	0.03403727927188151	64.0	0.0	0.0	5.0
0.9300924081678247	0.42744052973106245	0.029951626616301397	49.0	0.0	0.0	5.0
0.6226149647585423	0.0671327636953903	0.03750434751313242	68.0	0.0	0.0	5.0
0.8677664425996584	0.818095863911437	0.033160116738123475	39.0	0.0	0.0	5.0
0.09727183516288603	0.6250112467398498	0.029712369267082525	53.0	0.0	0.0	5.0
0.13273033992049682	0.12756646972467106	0.03267997523267754	62.0	0.0	0.0	5.0
0.686163336031569	0.6080634059355254	0.032232155889195264	1.0	0.0	0.0	5.0
0.7071887247369115	0.44645523281362676	0.03147793252485931	32.0	0.0	0.0	5.0
0.7764584359233003	0.6707065191468509	0.031156905702896354	71.0	0.0	0.0	5.0
0.23296181240463776	0.6506271019969079	0.03537966049841607	61.0	0.0	0.00035024037934761054	5.0
0.4751637154632786	0.28488252228237193	0.037103841654083265	73.0	0.0	0.0	5.0
0.5896556532499867	0.15016591987211655	0.034433677562293076	4.0	0.0	0.0	5.0
0.2505961866167189	0.1190437863955372	0.032846928463015436	55.0	0.0	0.0	5.0
0.5008563701742662	0.05753820728654315	0.03179541116296662	51.0	0.0	0.0	5.0
0.9517245690418562	0.06643185078477375	0.04185472389210638	69.0	0.0	0.0	5.0
0.42718627409181936	0.750098375453527	0.03427261228709776	14.0	0.0	0.0	5.0
0.44239840633943295	0.8349913076079577	0.03208760492695367	66.0	0.0	0.0	5.0
0.2600968804188381	0.00675302186370446	0.02145540854062858	42.0	0.0	0.0	5.0
0.3300265745755852	0.13761849168455514	0.035579327778564464	25.0	0.0	0.0012443800326309429	5.0
0.4844288462963554	0.18825244545130213	0.03525252517133856	38.0	0.0	0.00010306091580503107	6.0
0.7567250633010008	0.5872184152851431	0.03452359626646887	35.0	0.0	0.0	6.0
0.5059533370255569	0.05984479330075291	0.03182720657412959	51.0	0.0	0.0	6.0
0.09464609822730258	0.6234657444510967	0.029742081636349605	53.0	0.0	0.0	6.0
0.8087688784562429	0.34782045007272966	0.03335240150929711	58.0	0.0	0.0	6.0
0.19295577253167695	0.4347413560757074	0.03269407572893921	54.0	0.0	0.0	6.0
0.26097887543967224	0.008685785092084139	0.021476863949169204	42.0	0.0	0.0	6.0
0.9284208352826396	0.42754062568865486	0.029981578242917695	49.0	0.0	0.0	6.0
0.3434308326668005	0.8453204926058112	0.03317061337215941	22.0	0.0	0.0	6.0
0.522726242707415	0.7626619685472648	0.033569531184624406	40.0	0.0	0.0	6.0
0.7538471175803467	0.8798730456919195	0.039547455126678024	12.0	0.0	0.0	6.0
0.7772105235787518	0.6701100619567006	0.031188062608599246	71.0	0.0	0.0	6.0
0.14920509170130825	0.6883517912285275	0.03720756734032924	28.0	0.0	0.0	6.0
0.42768933442242857	0.7503035104896835	0.034306884899384854	14.0	0.0	0.0	6.0
0.10169220447397685	0.0482267010893162	0.041059741860109425	29.0	0.0	0.002985646979666967	6.0
0.17868427832622166	0.9415964969796398	0.03248544041698755	63.0	0.0	0.0	6.0
0.4408687291686528	0.8332612859633706	0.03211969253188062	66.0	0.0	0.0	6.0
0.18963154225267997	0.05989538391582856	0.03255710731433772	31.0	0.0	0.0	6.0
0.12534524139768993	0.42337289104650283	0.033041300000109325	16.0	0.0	0.0	6.0
0.676013812988345	0.9391652624989079	0.03152066509662106	21.0	0.0	0.0	6.0
0.5382547062602736	0.9200901513940198	0.034071316551153384	64.0	0.0	0.0	6.0
0.7734247609028111	0.11105681292746095	0.03100118727937263	9.0	0.0	0.0	6.0
0.8376076141892262	0.4449184414000647	0.03485391269921663	19.0	0.0	0.0	6.0
0.3313065115093423	0.13716316130412662	0.035614907106343026	25.0	0.0	0.0014880191155839384	6.0
0.2693294045925873	0.18518594621989734	0.033351424076621373	52.0	0.0	0.0	6.0
0.9228767934583416	0.17433918386179417	0.03237878345554623	59.0	0.0	0.0	6.0
0.5422824869744914	0.3948003224314956	0.030594964120432225	45.0	0.0	0.0	6.0
0.3132376872172936	0.6471871333286177	0.030957112909215934	46.0	0.0	0.0	6.0
0.5238789169292165	0.33178539701236537	0.03209687465091864	36.0	0.0	0.0	6.0
0.916921517689782	0.4900737546159585	0.03190131606001909	18.0	0.0	0.0	6.0
0.48097955716309054	0.9722865250616618	0.034666203289297995	5.0	0.0	0.0	6.0
0.9513699360525447	0.06637212935000489	0.04011077706326861	69.0	0.0	0.0	6.0
0.6836680316770282	0.6089371805070639	0.032264388045084455	1.0	0.0	0.0	6.0
0.5419303299510476	0.5773068846534494	0.03701495960375502	41.0	0.0	0.0	6.0
0.18909219223264162	0.81835684044639	0.031118082972593678	26.0	0.0	0.0	6.0
0.8669543904993343	0.8166000628544651	0.03319327685486159	39.0	0.0	0.0	6.0
0.2739852525253589	0.802600415252184	0.03312772778939102	27.0	0.0	0.0	6.0
0.6149890765061092	0.6516886880358526	0.03456728459620621	7.0	0.0	0.0	6.0
0.7740983947363312	0.4680568216433212	0.03051387321519247	56.0	0.0	0.0	6.0
0.8478772573149003	0.7304989142610162	0.03288971100154229	3.0	0.0	0.0	6.0
0.29072014367970367	0.5635842697371062	0.034480549053210366	67.0	0.0	0.0	6.0
0.03878286293880361	0.2999856136801743	0.03115753311155658	47.0	0.0	0.0	6.0
0.6108400854265408	0.8970295056539508	0.03897947456687489	17.0	0.0	0.0	6.0
0.17496463901058343	0.6050862428751533	0.031802188407290106	20.0	0.0	0.0	6.0
0.5366367121227391	0.6902904651820087	0.0337870437338663	43.0	0.0	0.0	6.0
0.39834388539490695	0.4813426442042245	0.03129443860869175	72.0	0.0	0.0	6.0
0.1927745719228762	0.18624901438830488	0.03459904419150297	37.0	0.0	0.0	6.0
0.622503029544205	0.4073986282006008	0.029374910575880746	33.0	0.0	0.0	6.0
0.42699398978652864	0.34275068887834237	0.032416459598706246	65.0	0.0	0.0	6.0
0.3913636913494143	0.08276930434880517	0.03397743639506941	30.0	0.0	0.0	6.0
0.7071453639694285	0.44817668839200253	0.03150941045738417	32.0	0.0	0.0	6.0
0.28899129727263145	0.45536869602381885	0.03353633766446643	10.0	0.0	0.0	6.0
0.23769167312924583	0.6467779989400144	0.03541504015891449	61.0	0.0	0.00045756240713501484	6.0
0.1321901881418713	0.1274963662061111	0.03271265520791021	62.0	0.0	0.0	6.0
0.6727201678122168	0.17406873656247773	0.030247709666147322	60.0	0.0	0.0	6.0
0.8382231748329957	0.14001008026799197	0.031332489677340626	44.0	0.0	0.0	6.0
0.3114130657584022	0.2577974951609741	0.03275940438921891	50.0	0.0	0.0	6.0
0.2528143373755251	0.11834461938196118	0.03287977539147845	55.0	0.0	0.0	6.0
0.9488138548329241	0.7249736404691831	0.031344030559458634	2.0	0.0	0.0	6.0
0.03213073184520958	0.7720623169360988	0.03136158069037054	57.0	0.0	0.0	6.0
0.6249616090417534	0.06805537786573074	0.03587372370821362	68.0	0.0	0.0	6.0
0.316647742334743	0.37450303419180403	0.03236253184397565	70.0	0.0	0.0	6.0
0.5902632176538931	0.15002379352423215	0.03446811123985537	4.0	0.0	0.0	6.0
0.6123364334687438	0.3371796848019707	0.035272775438731835	15.0	0.0	0.0001298959955704504	6.0
0.21157326209005117	0.7493548323982462	0.030778029815056198	24.0	0.0	0.0	6.0
0.8262275432861244	0.5190967462893041	0.035222516436928336	23.0	0.0	7.051252478618153e-05	6.0
0.7499043880030803	0.1818164323876881	0.033672789281580344	13.0	0.0	0.0	6.0
0.06389453428055678	0.1436814034194598	0.032142360699374366	6.0	0.0	0.0	6.0
0.9625166035040229	0.6436967010225035	0.03997854177865043	34.0	0.0	0.0	6.0
0.708944602484064	0.37604992590166325	0.034149347446530594	48.0	0.0	0.0	6.0
0.469448559282626	0.2784811301317071	0.035557848251829796	73.0	0.0	0.0	6.0
0.30121746078032974	0.07220936921140812	0.031701257843219297	8.0	0.0	0.0	6.0
0.6124089061943911	0.5623199859081653	0.03230130096592149	11.0	0.0	0.0	6.0
0.9623200416398849	0.6452495034607256	0.03824034431001346	34.0	0.0	0.0	7.0
0.8095779614154582	0.34916581748999814	0.0333857539108064	58.0	0.0	0.0	7.0
0.24096423654413168	0.11907267644236928	0.03291265516686992	55.0	0.0	0.0	7.0
0.11548191513068536	0.4233471288472795	0.03307434130010943	16.0	0.0	0.0	7.0
0.48081262671562885	0.9728219954419137	0.034700869492587286	5.0	0.0	0.0	7.0
0.42984977035721056	0.7566652080531083	0.034341191784284235	14.0	0.0	0.0	7.0
0.5906754729831561	0.1497447997365646	0.03450257935109522	4.0	0.0	0.0	7.0
0.9487276403230386	0.0689084492129694	0.038366830234430854	69.0	0.0	0.0	7.0
0.7754330303572965	0.4752268422459452	0.03054438708840766	56.0	0.0	0.0	7.0
0.6212814148428506	0.40626955746032534	0.029404285486456624	33.0	0.0	0.0	7.0
0.5406281263343274	0.39454309984933633	0.030625559084552653	45.0	0.0	0.0	7.0
0.8654608282559095	0.8201040135518813	0.03322647013171645	39.0	0.0	0.0	7.0
0.9525719060907875	0.7197459583757162	0.03137537459001809	2.0	0.0	0.0	7.0
0.1323281769692191	0.12506367514294714	0.032745367863118116	62.0	0.0	0.0	7.0
0.31800105087355784	0.6484607946336992	0.030988070022125145	46.0	0.0	0.0	7.0
0.670678768561466	0.1717005394150367	0.030277957375813465	60.0	0.0	0.0	7.0
0.4397786728334679	0.8385985368817017	0.0321518122244125	66.0	0.0	0.0	7.0
0.6129339112377519	0.5637468770295101	0.032333602266887404	11.0	0.0	0.0	7.0
0.10372981902607421	0.051177166955762306	0.03927453569227859	29.0	0.0	0.0034181668151234135	7.0
0.6196678887771928	0.6517328744864669	0.03460185188080241	7.0	0.0	0.0	7.0
0.9213737251675951	0.175856514074792	0.03241116223900177	59.0	0.0	0.0	7.0
0.38994557158927756	0.08332685684847572	0.03401141383146447	30.0	0.0	0.0	7.0
0.3105856974702003	0.25667662677819936	0.03279216379360813	50.0	0.0	0.0	7.0
0.2603945719542349	0.008857897095249123	0.02149834081311837	42.0	0.0	0.0	7.0
0.18037610135530874	0.9405126457628606	0.03251792585740454	63.0	0.0	0.0	7.0
0.5395386934818466	0.5738900021462828	0.03540561353402655	41.0	0.0	0.0	7.0
0.772189770613816	0.6671548591359552	0.031219250671207843	71.0	0.0	0.0	7.0
0.27442832388000094	0.8023828550636966	0.033160855517180406	27.0	0.0	0.0	7.0
0.060600544543326446	0.14600250484338612	0.03217450306007374	6.0	0.0	0.0	7.0
0.9256667151086185	0.4238095106949544	0.03001155982116061	49.0	0.0	0.0	7.0
0.6856563857342914	0.6131529988073811	0.032296652433129534	1.0	0.0	0.0	7.0
0.18989834021188595	0.06056775408721771	0.03258966442165205	31.0	0.0	0.0	7.0
0.919104943217434	0.49291770514447114	0.031933217376079105	18.0	0.0	0.0	7.0
0.4267744648559076	0.34092426089257255	0.032448876058304946	65.0	0.0	0.0	7.0
0.23655031397030984	0.6473295466800479	0.035450455199073395	61.0	0.0	0.0005849716048658138	7.0
0.7114391889986312	0.3702448163324641	0.03418349679397712	48.0	0.0	0.0	7.0
0.6083121163416396	0.897808865869272	0.037284714803097724	17.0	0.0	0.0	7.0
0.03215407935960919	0.7708263170700168	0.0313929422710609	57.0	0.0	0.0	7.0
0.17628317677826866	0.604438804663994	0.031833990595697394	20.0	0.0	0.0	7.0
0.19223723534672688	0.8191977839489831	0.031149201055566268	26.0	0.0	0.0	7.0
0.4699433573688278	0.2787279678276656	0.03401185484957633	73.0	0.0	0.0	7.0
0.30608756872117526	0.06443746288136527	0.03173295910106251	8.0	0.0	0.0	7.0
0.7734631758664967	0.11037957158375329	0.031032188466651997	9.0	0.0	0.0	7.0
0.5255836323365674	0.7630878333598426	0.03360310071580903	40.0	0.0	0.0	7.0
0.3173280495990966	0.37530236986513527	0.032394894375819626	70.0	0.0	0.0	7.0
0.6132294080074058	0.3357157676603275	0.035308048214170565	15.0	0.0	0.00018708374729214938	7.0
0.7538952197268788	0.877326554204462	0.037828000555952895	12.0	0.0	0.0	7.0
0.7531459314930311	0.17973976668718547	0.03370646207086192	13.0	0.0	0.0	7.0
0.6781457493907088	0.9387507786562274	0.03155218576171768	21.0	0.0	0.0	7.0
0.8459181742287705	0.439668286568537	0.034888766611915846	19.0	0.0	0.0	7.0
0.2728369347806256	0.18830701666419486	0.03338477550069799	52.0	0.0	0.0	7.0
0.333204884879742	0.1334460758809717	0.035650522013449364	25.0	0.0	0.0017618379747830204	7.0
0.09173537459441194	0.6221705386549605	0.02977182371798595	53.0	0.0	0.0	7.0
0.34491606944144343	0.8451845292759395	0.03320378398553157	22.0	0.0	0.0	7.0
0.4023102244370975	0.48113018627874743	0.031325733047300436	72.0	0.0	0.0	7.0
0.5248658606237542	0.3305803873714967	0.03212897152556956	36.0	0.0	0.0	7.0
0.2881889314815123	0.45448394666690534	0.03356987400213089	10.0	0.0	0.0	7.0
0.20061244204065032	0.4356545755989084	0.03272676980466815	54.0	0.0	0.0	7.0
0.8268630299087409	0.5184790133335471	0.03525773895336526	23.0	0.0	0.00010957718913573444	7.0
0.537158622757627	0.9204130129411068	0.034105387867704534	64.0	0.0	0.0	7.0
0.18900074915564058	0.190463334003898	0.03463364323569447	37.0	0.0	0.0	7.0
0.035140756185912315	0.2959695506287617	0.031188690644668133	47.0	0.0	0.0	7.0
0.5360174129297433	0.6916035376007091	0.03382083077760016	43.0	0.0	0.0	7.0
0.5072661967533101	0.06087258388693722	0.03185903378070371	51.0	0.0	0.0	7.0
0.6947194557139841	0.4550973379598066	0.03154091986784155	32.0	0.0	0.0	7.0
0.6254518469818278	0.06794069746712744	0.03424309990329482	68.0	0.0	0.0	7.0
0.8492261266158625	0.7308778454338665	0.032922600712543826	3.0	0.0	0.0	7.0
0.7571056225030852	0.5872412036649325	0.03455811986273534	35.0	0.0	0.0	7.0
0.14497816024038687	0.693716232715842	0.0355898470211845	28.0	0.0	0.0	7.0
0.4872266616998163	0.18877812912894615	0.0352877776965099	38.0	0.0	0.00015252863018133667	7.0
0.28634490368134946	0.5677840298128403	0.034515029602263575	67.0	0.0	0.0	7.0
0.21086418607268392	0.7504097379662095	0.03080880784487125	24.0	0.0	0.0	7.0
0.8394189246539828	0.1409707168209729	0.03136382216701796	44.0	0.0	0.0	7.0
0.3185604010550074	0.648005602267867	0.031019058092147268	46.0	0.0	0.0	8.0
0.14417688691884076	0.6932170211594676	0.033972126702039744	28.0	0.0	0.0	8.0
0.1918715944729003	0.818382992129812	0.03118035025662183	26.0	0.0	0.0	8.0
0.7517929059126843	0.877160765572876	0.036108545985227766	12.0	0.0	0.0	8.0
0.2036879643821012	0.4353730324363786	0.03275949657447281	54.0	0.0	0.0	8.0
0.7704843487868972	0.10987792669316536	0.031063220655118646	9.0	0.0	0.0	8.0
0.8094015833168399	0.3494144583826634	0.033419139664717205	58.0	0.0	0.0	8.0
0.7124987974190404	0.37436310639140435	0.034217680290771095	48.0	0.0	0.0	8.0
0.4283427221694712	0.3407207248494849	0.032481324934363245	65.0	0.0	0.0	8.0
0.5058105024197715	0.06223509463468985	0.031890892814484414	51.0	0.0	0.0	8.0
0.9509758229073684	0.7202823913181317	0.0314067499646081	2.0	0.0	0.0	8.0
0.5363198567848938	0.9182597536620569	0.03413949325557224	64.0	0.0	0.0	8.0
0.11533397941708091	0.42178528109093266	0.03310741564140954	16.0	0.0	0.0	8.0
0.9147771443297804	0.49112108063833454	0.03196515059345518	18.0	0.0	0.0	8.0
0.5225062620461899	0.7631556548654616	0.03363670381652483	40.0	0.0	0.0	8.0
0.6198264648280717	0.40462405011704966	0.029433689771943078	33.0	0.0	0.0	8.0
0.8506608401555973	0.7319721768390631	0.032955523313256366	3.0	0.0	0.0	8.0
0.28692587731418756	0.45386375242542704	0.03360344387613302	10.0	0.0	0.0	8.0
0.44381957638000313	0.8366143423991811	0.032183964036636904	66.0	0.0	0.0	8.0
0.27507200289549505	0.19034682506071263	0.033418160276198684	52.0	0.0	0.0	8.0
0.9612837687064956	0.6469726491828051	0.03650214684137649	34.0	0.0	0.0	8.0
0.31105860904479155	0.2577860943272755	0.03282495595740174	50.0	0.0	0.0	8.0
0.28732845291644254	0.5670627955541888	0.03454954463186583	67.0	0.0	0.0	8.0
0.7796237424000763	0.46543496284038466	0.030574931475496062	56.0	0.0	0.0	8.0
0.753644535716516	0.1775137481689131	0.033740168532932775	13.0	0.0	0.0	8.0
0.18084475828966487	0.9458160043187127	0.03255044378326194	63.0	0.0	0.0	8.0
0.6128351053626654	0.3371025732617382	0.03534335626238473	15.0	0.0	0.0002590686680861154	8.0
0.6177015778251203	0.5574552961444044	0.03236593586915429	11.0	0.0	0.0	8.0
0.8459455358435797	0.4382197832434641	0.034923655378527756	19.0	0.0	0.0	8.0
0.9413517882884678	0.07410582444052768	0.03662288340559308	69.0	0.0	4.1594518052079366e-08	8.0
0.8308532534839552	0.5287399400088816	0.03529299669231862	23.0	0.0	0.0001609785928025076	8.0
0.483525499851719	0.9728476156694214	0.034735570362079866	5.0	0.0	0.0	8.0
0.1959950524985818	0.06195352104523982	0.0326222540860737	31.0	0.0	0.0	8.0
0.675934101483799	0.939432618635695	0.031583737947479394	21.0	0.0	0.0	8.0
0.5431725007029147	0.5724876720094177	0.03379626746429806	41.0	0.0	0.0	8.0
0.2362433414402566	0.6476723503660301	0.03548590565427247	61.0	0.0	0.0007342362670499369	8.0
0.03168628274522229	0.7708661725174886	0.03142433521333196	57.0	0.0	0.0	8.0
0.33335783381685424	0.1307496437162455	0.03568617253546281	25.0	0.0	0.0020676640048975514	8.0
0.34541766412509733	0.8470370539328925	0.03323698776951709	22.0	0.0	0.0	8.0
0.5256065940962367	0.330193220440955	0.03216110049709513	36.0	0.0	0.0	8.0
0.6394107910964919	0.07883248523274992	0.019337760308650864	74.0	68.0	0.0	8.0
0.03744723968878492	0.29640291757953174	0.031219879335312797	47.0	0.0	0.0	8.0
0.21093799682657188	0.7510582724911755	0.030839616652716118	24.0	0.0	0.0	8.0
0.10432787742339326	0.048507135285882824	0.03748932952444774	29.0	0.0	0.003891055326690207	8.0
0.4688858454704425	0.2794339729491542	0.03246586144732286	73.0	0.0	0.0	8.0
0.09535929601127699	0.6245244813994768	0.029801595541703935	53.0	0.0	0.0	8.0
0.424880823924081	0.7561471675621029	0.03437553297606852	14.0	0.0	0.0	8.0
0.188015287182164	0.19000987585240914	0.03466827687893016	37.0	0.0	0.0	8.0
0.7535104271700109	0.5892668927218603	0.034592677982598075	35.0	0.0	0.0	8.0
0.5958018419583417	0.061244494703494676	0.019337760308650864	75.0	68.0	0.0	8.0
0.5349015030243017	0.6964424793475424	0.03385465160837776	43.0	0.0	0.0	8.0
0.38774401643218304	0.0856641875939203	0.034045425245295934	30.0	0.0	0.0	8.0
0.27744252919198176	0.7997345681513263	0.03319401637269758	27.0	0.0	0.0	8.0
0.6012867170998605	0.15487255261407976	0.034537081930446314	4.0	0.0	0.0	8.0
0.31788927818205176	0.37471399506435804	0.03242728927019544	70.0	0.0	0.0	8.0
0.66993653390257	0.1716042085998015	0.030308235333189274	60.0	0.0	0.0	8.0
0.4899946339780437	0.187331364036511	0.035323065474206404	38.0	0.0	0.00021580008787225324	8.0
0.772060147778435	0.667067136884127	0.03125046992187905	71.0	0.0	0.0	8.0
0.8678609470233347	0.8219347102524093	0.03325969660184817	39.0	0.0	0.0	8.0
0.9262035634933987	0.42326070046347175	0.030041571380981767	49.0	0.0	0.0	8.0
0.1759750975256782	0.6041238609094396	0.031865824586293084	20.0	0.0	0.0	8.0
0.9243741299211053	0.18057257379193603	0.032443573401240766	59.0	0.0	0.0	8.0
0.40215317352763086	0.4806373488188629	0.03135705878034773	72.0	0.0	0.0	8.0
0.6837076205450049	0.615170439310251	0.03232894908556266	1.0	0.0	0.0	8.0
0.13083377207998484	0.126462418461626	0.03277811323098123	62.0	0.0	0.0	8.0
0.6938904809376851	0.45572964058098875	0.03157246078770939	32.0	0.0	0.0	8.0
0.8347506983473555	0.13353014054390488	0.031395185989184976	44.0	0.0	0.0	8.0
0.24137241602418505	0.11957749382263706	0.03294556782203679	55.0	0.0	0.0	8.0
0.30370923293092117	0.06394391811499256	0.03176469206016357	8.0	0.0	0.0	8.0
0.25939571301433473	0.01015892860471099	0.021519839153931485	42.0	0.0	0.0	8.0
0.06470317732378505	0.14191276640885803	0.032206677563133806	6.0	0.0	0.0	8.0
0.6165168016470665	0.6522431487523656	0.03463645373268321	7.0	0.0	0.0	8.0
0.6085409026036653	0.8965697296339472	0.03558995503932055	17.0	0.0	0.0	8.0
0.540507275147345	0.3937816269533969	0.030656184643637202	45.0	0.0	0.0	8.0
0.2871757596398303	0.5668810810964904	0.034584094176497694	67.0	0.0	0.0	9.0
0.09396919148018847	0.6289835828586209	0.029831397137245638	53.0	0.0	0.0	9.0
0.15935317170966243	0.673857375678188	0.018209241278244324	80.0	28.0	0.0	9.0
0.3925044273244113	0.08842594849770036	0.03407947067054123	30.0	0.0	0.0	9.0
0.9234076653318959	0.17903214858056843	0.032476016974642	59.0	0.0	0.0	9.0
0.4588771229048462	0.25876204423653826	0.01740187506026395	91.0	73.0	0.0	9.0
0.7729900485192189	0.6665508763428928	0.031281720391800924	71.0	0.0	0.0	9.0
0.9142158659152164	0.49096720934996607	0.03199711574404863	18.0	0.0	0.0	9.0
0.6771154802050401	0.6160682360567921	0.032361278034648215	1.0	0.0	0.0	9.0
0.7326433935523858	0.8721350806737523	0.01935437341966921	77.0	12.0	0.0	9.0
0.8486072772719322	0.7318102327096663	0.03298847883656962	3.0	0.0	0.0	9.0
0.595458221383709	0.8900041246654117	0.019076405904077366	78.0	17.0	0.0	9.0
0.636129324534408	0.08478723426205995	0.01935709806895951	74.0	0.0	0.0	9.0
0.2604208080193887	0.009426896624033329	0.021541358993085413	42.0	0.0	0.0	9.0
0.47954071107513757	0.30006312562364024	0.01740187506026395	90.0	73.0	0.0	9.0
0.8654329990506582	0.8201068504929231	0.03329295629845001	39.0	0.0	0.0	9.0
0.17683949891792397	0.6042194845105777	0.03189769041087937	20.0	0.0	0.0	9.0
0.6197320871999094	0.4044137396051678	0.029463123461715018	33.0	0.0	0.0	9.0
0.18423748645015875	0.1942286377579541	0.03470294515580909	37.0	0.0	0.0	9.0
0.6034587505948911	0.1564030704481669	0.03457161901237676	4.0	0.0	0.0	9.0
0.2790977062908704	0.7959182521438198	0.033227210389070276	27.0	0.0	0.0	9.0
0.717172795586729	0.37783599813671304	0.03425189797106186	48.0	0.0	0.0	9.0
0.6279309556401045	0.5565685258128517	0.03239830180502344	11.0	0.0	0.0	9.0
0.847539934960377	0.42495452376169784	0.03495857903390628	19.0	0.0	0.0	9.0
0.5345549441213869	0.6968823007578923	0.03388850625998613	43.0	0.0	0.0	9.0
0.9144298034785135	0.06831282282455643	0.020681671434801492	88.0	69.0	0.0	9.0
0.036344724078922794	0.7691354940181235	0.03145575954854529	57.0	0.0	0.0	9.0
0.2741688242063212	0.19013554624359635	0.03345157843647488	52.0	0.0	0.0	9.0
0.34798619912310175	0.8473211957313229	0.0332702247572866	22.0	0.0	0.0	9.0
0.9674290919565424	0.07881283747772992	0.020681671434801492	89.0	69.0	0.0	9.0
0.1263706051753272	0.054258996290247316	0.019735650754519326	83.0	29.0	0.0	9.0
0.42829299488904315	0.34269493585310384	0.032513806259297603	65.0	0.0	0.0	9.0
0.6904872149883305	0.45716764321556036	0.031604033248497095	32.0	0.0	0.0	9.0
0.521996623588927	0.5864376235992166	0.0187619433518162	86.0	41.0	0.0	9.0
0.30522875155138923	0.06004304746027363	0.031796456752223735	8.0	0.0	0.0	9.0
0.44622760231654857	0.840196807333891	0.03221614800067354	66.0	0.0	0.0	9.0
0.6722012716804172	0.9393268355463216	0.03161532168542687	21.0	0.0	0.0	9.0
0.47704032202731983	0.9799352929786227	0.034770305932441944	5.0	0.0	0.0	9.0
0.13115565574968072	0.13497951812356357	0.03281089134421221	62.0	0.0	0.0	9.0
0.03891448350673299	0.2955142389657356	0.03125109921464811	47.0	0.0	0.0	9.0
0.21255429011459068	0.7512577039628558	0.03087045626936883	24.0	0.0	0.0	9.0
0.40006516405328696	0.48060448200045053	0.031388415839128075	72.0	0.0	0.0	9.0
0.9227370306328083	0.42144881138715	0.030071612952362745	49.0	0.0	0.0	9.0
0.1276391636037338	0.7118650692927804	0.018209241278244324	81.0	28.0	0.0	9.0
0.9500156111833673	0.7197493027823441	0.0314381567145727	2.0	0.0	0.0	9.0
0.11836350976797422	0.41876527238490546	0.033140523057050945	16.0	0.0	0.0	9.0
0.5037609402646448	0.0660677417696679	0.031922783707298896	51.0	0.0	0.0	9.0
0.3152347577467995	0.37560616172746014	0.03245971655946563	70.0	0.0	0.0	9.0
0.7704174924731058	0.10633860368521951	0.03109428387577376	9.0	0.0	0.0	9.0
0.20460777354607312	0.43317689850506413	0.03279225607104728	54.0	0.0	0.0	9.0
0.8075710055338218	0.34848680766168677	0.033452558804381916	58.0	0.0	0.0	9.0
0.33177573912599634	0.1288179840219769	0.035721858707998266	25.0	0.0	0.0024073352413296334	9.0
0.06329911208805412	0.14064747290508198	0.03223888424069694	6.0	0.0	0.0	9.0
0.7561691468161146	0.18223472892746526	0.0337739087014657	13.0	0.0	0.0	9.0
0.19203929811062911	0.8217098612702064	0.031211530606878448	26.0	0.0	0.0	9.0
0.5238200677303457	0.3273457180228453	0.03219326159759222	36.0	0.0	0.0	9.0
0.07513825900569568	0.04089242075493972	0.019735650754519326	82.0	29.0	0.0	9.0
0.18040151312178387	0.9472378219810932	0.0325829942270452	63.0	0.0	0.0	9.0
0.9826173224975316	0.6423465937667807	0.020962870264146154	85.0	34.0	0.0	9.0
0.23586693417564913	0.6494038594032294	0.035521391559926736	61.0	0.0	0.0009071350844891413	9.0
0.592316113071387	0.06914485599337011	0.01935709806895951	75.0	0.0	0.0	9.0
0.8379298565644624	0.1335601643425564	0.031426581175174155	44.0	0.0	0.0	9.0
0.19634258864781917	0.06279818240822645	0.03265487634015977	31.0	0.0	0.0	9.0
0.9342836256216793	0.6551788379827255	0.020962870264146154	84.0	34.0	0.0	9.0
0.6708701702375903	0.17067350663169173	0.03033854356852246	60.0	0.0	0.0	9.0
0.8330085119520881	0.5284325783059501	0.03532828968901093	23.0	0.0	0.00022643924677367977	9.0
0.5376911810217245	0.9127817454454917	0.03417363274882781	64.0	0.0	0.0	9.0
0.6356017185752242	0.8948814954901817	0.019076405904077366	79.0	17.0	0.0	9.0
0.23743704399369717	0.11620671579594655	0.03297851338985882	55.0	0.0	0.0	9.0
0.30873502287393695	0.25946758244243445	0.032857780913359134	50.0	0.0	0.0	9.0
0.29031418797883174	0.46001238726889077	0.03363704732000915	10.0	0.0	0.0	9.0
0.5194745055929356	0.7640903302047773	0.03367034052034135	40.0	0.0	0.0	9.0
0.42581853824772314	0.7585103458351966	0.03440990850904458	14.0	0.0	0.0	9.0
0.3160667741510596	0.6500089219517884	0.03105007715023941	46.0	0.0	0.0	9.0
0.7532142462185394	0.5913915819569395	0.03462727066058067	35.0	0.0	0.0	9.0
0.6139264217960287	0.33696093692012374	0.03537869961864711	15.0	0.0	0.00034758784211419425	9.0
0.7814603188544741	0.4640882057993718	0.030605506406971555	56.0	0.0	0.0	9.0
0.4894623406211538	0.1856609878074661	0.0353583885396806	38.0	0.0	0.00029460649338375333	9.0
0.7815234565569739	0.8643385168083692	0.01935437341966921	76.0	12.0	0.0	9.0
0.6160793909597009	0.6520003079110833	0.03467109018641589	7.0	0.0	0.0	9.0
0.5413039599896703	0.39428496994378864	0.030686840828280836	45.0	0.0	0.0	9.0
0.5561415752124432	0.5649082098684768	0.0187619433518162	87.0	41.0	0.0	9.0
0.30847051939177383	0.25867230704975186	0.03289063869427249	50.0	0.0	0.0	10.0
0.9808151352661324	0.6437574612279555	0.0209838331344103	85.0	0.0	0.0	10.0
0.5423150169024108	0.9140806967612979	0.03420780638157663	64.0	0.0	0.0	10.0
0.427845925661638	0.7574506699987129	0.03444431841755362	14.0	0.0	0.0	10.0
0.7175614488598335	0.3800178409546011	0.03428614986903292	48.0	0.0	0.0	10.0
0.12615604106048212	0.05440224135841115	0.019755386405273842	83.0	0.0	0.0	10.0
0.5219362441068479	0.5865792760340395	0.018780705295168013	86.0	0.0	0.0	10.0
0.5207668148754792	0.3297003003225112	0.03222545485918981	36.0	0.0	0.0	10.0
0.6712691209424609	0.94151369467639	0.03164693700711229	21.0	0.0	0.0	10.0
0.24121089047583358	0.11993068111191417	0.033011491903248674	55.0	0.0	0.0	10.0
0.042133092034914346	0.29517868100294964	0.031282350313862756	47.0	0.0	0.0	10.0
0.6035953478174283	0.15546634060474826	0.03460619063138913	4.0	0.0	0.0	10.0
0.594928375751746	0.8893894585662949	0.01909548230998144	78.0	0.0	0.0	10.0
0.20962065437341293	0.7515822346918845	0.030901326725638195	24.0	0.0	0.0	10.0
0.19245703488589738	0.051885165863302656	0.03268753121649992	31.0	0.0	0.0	10.0
0.23641075819369106	0.6456745289102256	0.035556912951486656	61.0	0.0	0.00110545718732169	10.0
0.5439382212397791	0.4065726720151672	0.030717527669109113	45.0	0.0	0.0	10.0
0.3522029496526519	0.8437094075906014	0.03330349498204389	22.0	0.0	0.0	10.0
0.7818300007206169	0.4646534322675689	0.030636111913378523	56.0	0.0	0.0	10.0
0.7560512038372219	0.18251142739447973	0.033807682610167165	13.0	0.0	0.0	10.0
0.3153820018344238	0.653591271646015	0.031081127227389645	46.0	0.0	0.0	10.0
0.9228563942901131	0.41934447505809247	0.030101684565315104	49.0	0.0	0.0	10.0
0.20602882892940733	0.4317955433183457	0.03282504832711832	54.0	0.0	0.0	10.0
0.6924460424373657	0.45194551089094487	0.031635637281745586	32.0	0.0	0.0	10.0
0.45615926647620636	0.25809005812408164	0.01741927693532421	91.0	0.0	0.0	10.0
0.615061145237196	0.6530813514752014	0.034705761276602305	7.0	0.0	0.0	10.0
0.5904413131710265	0.06836655932743696	0.019376455167028468	75.0	0.0	0.0	10.0
0.3951603611081648	0.4764033539077109	0.0314198042549672	72.0	0.0	0.0	10.0
0.8332471612875587	0.5285442181972949	0.03536361797869994	23.0	0.0	0.0003076918683433405	10.0
0.6471660527566596	0.8958667563906224	0.01909548230998144	79.0	0.0	0.0	10.0
0.7722240689916515	0.671581638391367	0.03131300211219272	71.0	0.0	0.0	10.0
0.16455709373176805	0.6762123632826664	0.018227450519522567	80.0	0.0	0.0	10.0
0.5606291940205963	0.5687032869571698	0.018780705295168013	87.0	0.0	0.0	10.0
0.29037376821542826	0.5658286129177417	0.03461867827067419	67.0	0.0	0.0	10.0
0.11894619418234553	0.41833799132297966	0.033173663580107995	16.0	0.0	0.0	10.0
0.19367478680163333	0.8217047129172725	0.031242742137485322	26.0	0.0	0.0	10.0
0.31469847559899916	0.3760259977018572	0.032492176276025096	70.0	0.0	0.0	10.0
0.2901842593156617	0.4594647442276826	0.03367068436732915	10.0	0.0	0.0	10.0
0.6753517178209921	0.16932270502192975	0.03036888211209098	60.0	0.0	0.0	10.0
0.6347380723248499	0.08723835664485846	0.019376455167028468	74.0	0.0	0.0	10.0
0.8662503356917448	0.8216352564151038	0.03332624925474846	39.0	0.0	0.0	10.0
0.5417559155239012	0.6886294411508084	0.03392239476624611	43.0	0.0	0.0	10.0
0.7542064538382984	0.5907381678158304	0.03466189793124125	35.0	0.0	0.0	10.0
0.6767218629585874	0.6177750861500168	0.03239363931268286	1.0	0.0	0.0	10.0
0.3082976946256317	0.060033386737966474	0.031828253208975955	8.0	0.0	0.0	10.0
0.2604530381091802	0.008858692278016863	0.021562900352078494	42.0	0.0	0.0	10.0
0.4468033955886729	0.8432090389942857	0.032248364148674206	66.0	0.0	0.0	10.0
0.7735105105828061	0.10382154321467872	0.03112537815964953	9.0	0.0	0.0	10.0
0.9499466207946005	0.7252281137515305	0.03146959487128727	2.0	0.0	0.0	10.0
0.4761703846800635	0.9726974912747336	0.03480507623837438	5.0	0.0	0.0	10.0
0.8060400502726569	0.348774460017522	0.0334860113631863	58.0	0.0	0.0	10.0
0.2754228506584358	0.1911960478727429	0.03348503001491135	52.0	0.0	0.0	10.0
0.18035186427372746	0.9461119720146848	0.03261557722127224	63.0	0.0	0.0	10.0
0.3933165670210102	0.09216186795609803	0.034113550141211764	30.0	0.0	0.0	10.0
0.17851924411388562	0.6069346121973744	0.03192958810129025	20.0	0.0	0.0	10.0
0.4290892420728137	0.3434402127431484	0.0325463200655569	65.0	0.0	0.0	10.0
0.5168255006194417	0.7728676537706716	0.033704010860861694	40.0	0.0	0.0	10.0
0.846763357694869	0.42543158862013536	0.03499353761294018	19.0	0.0	0.0	10.0
0.9665996631756922	0.07806538584831316	0.02070235310623629	89.0	0.0	0.0	10.0
0.49133915381805365	0.18258419346266805	0.03539374692822028	38.0	0.0	0.0003906892936527129	10.0
0.9160547179787184	0.06599134044088711	0.02070235310623629	88.0	0.0	0.0	10.0
0.6222739776851706	0.40718140346198944	0.02949258658517673	33.0	0.0	0.0	10.0
0.07519604726909643	0.04028231473431394	0.019755386405273842	82.0	0.0	0.0	10.0
0.9202953308651238	0.18034722216855378	0.03250849299161664	59.0	0.0	0.0	10.0
0.18549080692219153	0.19534386735621517	0.03473764810096489	37.0	0.0	0.0	10.0
0.7816732041484871	0.8663168612018295	0.019373727793088876	76.0	0.0	0.0	10.0
0.854559055146858	0.7333216255302898	0.033021467315406186	3.0	0.0	0.0	10.0
0.13943276316230774	0.13580194507150378	0.03284370223555642	62.0	0.0	0.0	10.0
0.9340788809967078	0.6560666760674879	0.0209838331344103	84.0	0.0	0.0	10.0
0.5060872452449319	0.06436186799335832	0.03195470649100619	51.0	0.0	0.0	10.0
0.7323662885908813	0.8712655046502	0.019373727793088876	77.0	0.0	0.0	10.0
0.33068229138006416	0.13745601934687834	0.03575758056670626	25.0	0.0	0.0027827004042535464	10.0
0.05347825934690217	0.14484873913533192	0.03227112312493763	6.0	0.0	0.0	10.0
0.6283249731012243	0.33745971164567595	0.035414078318265756	15.0	0.0	0.00045438862035496186	10.0
0.6297053324112231	0.5559346279524361	0.03243070010682846	11.0	0.0	0.0	10.0
0.0929122776450755	0.6274323760160577	0.02986122853438288	53.0	0.0	0.0	10.0
0.836412161538198	0.14099126575558774	0.03145800775634933	44.0	0.0	0.0	10.0
0.03834849026867687	0.7707041703840809	0.031487215308093834	57.0	0.0	0.0	10.0
0.1259171338038577	0.7101911480483026	0.018227450519522567	81.0	0.0	0.0	10.0
0.9129634709209697	0.4905550447645655	0.03202911285979267	18.0	0.0	0.0	10.0
0.28089668337745216	0.7966255437278373	0.03326043759945934	27.0	0.0	0.0	10.0
0.4709327476128473	0.29230593601990545	0.01741927693532421	90.0	0.0	0.0	10.0
0.9810998361396807	0.6444027322267966	0.021004816967544707	85.0	0.0	0.0	11.0
0.1248219160185204	0.05474102870105204	0.019775141791679114	83.0	0.0	0.0	11.0
0.39529516131465836	0.47659338228389	0.03145122405922217	72.0	0.0	0.0	11.0
0.0902782065968655	0.6260975526998112	0.029891089762917256	53.0	0.0	0.0	11.0
0.7628897213899902	0.1833552195637414	0.03384149029277733	13.0	0.0	0.0	11.0
0.45734225901877706	0.258776373366085	0.017436696212259534	91.0	0.0	0.0	11.0
0.93325711547845	0.656074436776699	0.021004816967544707	84.0	0.0	0.0	11.0
0.6041480203671358	0.152246433398845	0.034640796822020516	4.0	0.0	0.0	11.0
0.47436611800761397	0.9716355043582218	0.03483988131461275	5.0	0.0	0.0	11.0
0.21226285430859074	0.7477043418280546	0.03093222805236383	24.0	0.0	0.0	11.0
0.1804691096034394	0.9466203852098699	0.032648192798493514	63.0	0.0	0.0	11.0
0.19133778656533937	0.0503282221171839	0.03272021874771642	31.0	0.0	0.0	11.0
0.31445883561036436	0.36841579060590485	0.03252466845230112	70.0	0.0	0.0	11.0
0.5433321645440438	0.6930858316414757	0.03395631716101235	43.0	0.0	0.0	11.0
0.6815063830856077	0.6173248932918277	0.03242603295199554	1.0	0.0	0.0	11.0
0.3157157437829298	0.6530879419329763	0.031112208354617032	46.0	0.0	0.0	11.0
0.5949393721138238	0.8890402489323327	0.01911457779229142	78.0	0.0	0.0	11.0
0.9481035498550109	0.7275075380950807	0.03150106446615855	2.0	0.0	0.0	11.0
0.633430533675155	0.5595104207199689	0.03246313080693529	11.0	0.0	0.0	11.0
0.3911391351859416	0.09122562503038861	0.03414766369135297	30.0	0.0	0.0	11.0
0.6346769861753754	0.08820734618856345	0.019395831622195495	74.0	0.0	0.0	11.0
0.5895103942151396	0.06748417071790647	0.019395831622195495	75.0	0.0	0.0	11.0
0.7184608990441782	0.37905079265546016	0.034320436018901945	48.0	0.0	0.0	11.0
0.7325207742562194	0.8714517199932903	0.019393101520881962	77.0	0.0	0.0	11.0
0.30882518666389847	0.2578819687354639	0.03292352933296676	50.0	0.0	0.0	11.0
0.9141314634431478	0.49215839912975035	0.03206114197265246	18.0	0.0	0.0	11.0
0.050010080073908114	0.14130328324201769	0.03230339424806256	6.0	0.0	0.0	11.0
0.6711486701860192	0.9406079619225697	0.0316785839441194	21.0	0.0	0.0	11.0
0.6734244768362758	0.16871523354219561	0.030399250994203066	60.0	0.0	0.0	11.0
0.429018883798706	0.3448359652388625	0.03257886638562245	65.0	0.0	0.0	11.0
0.6079176406439236	0.6577588559797779	0.034740467037878905	7.0	0.0	0.0	11.0
0.44393860506874944	0.8437100472412637	0.032280612512822875	66.0	0.0	0.0	11.0
0.07657072432209946	0.038946042200886585	0.019775141791679114	82.0	0.0	0.0	11.0
0.4256114072285058	0.7625151783133722	0.03447876273597117	14.0	0.0	0.0	11.0
0.5433303594996938	0.4051213429294854	0.03074824519677822	45.0	0.0	0.0	11.0
0.1181240510955246	0.4181014362525822	0.0332068372436881	16.0	0.0	0.0	11.0
0.8659931899071646	0.8215470257775729	0.0333595755040032	39.0	0.0	0.0	11.0
0.7542257413762594	0.5876746407000567	0.03469655982917248	35.0	0.0	0.0	11.0
0.33263858612795333	0.13754846102288376	0.035793338147272966	25.0	0.0	0.0031956189426267656	11.0
0.771099087933666	0.6715497580276567	0.03134431511430491	71.0	0.0	0.0	11.0
0.6923420779558027	0.4546964297294515	0.03166727291902733	32.0	0.0	0.0	11.0
0.912261899247099	0.05753944707956667	0.020723055459342523	88.0	0.0	0.0	11.0
0.19667551500867705	0.8285058261814419	0.0312739848796228	26.0	0.0	0.0	11.0
0.26114288025645466	0.008979335167084641	0.02158446325243057	42.0	0.0	0.0	11.0
0.8477934002151476	0.42297226181835373	0.03502853115055312	19.0	0.0	1.4864073705211922e-07	11.0
0.7739788973048763	0.10235171076905547	0.031156503537809174	9.0	0.0	0.0	11.0
0.2903795211767672	0.5662854792762636	0.03465329694894486	67.0	0.0	0.0	11.0
0.5053806954347615	0.06426110682894542	0.0319866611974972	51.0	0.0	0.0	11.0
0.5212257992189118	0.3230833057060273	0.032257680314049	36.0	0.0	0.0	11.0
0.20557372693443926	0.4331932085402676	0.032857873375445434	54.0	0.0	0.0	11.0
0.8060759277125136	0.3501988217750333	0.03351949737454948	58.0	0.0	0.0	11.0
0.3533124773878725	0.8417829838073764	0.033336798477025927	22.0	0.0	0.0	11.0
0.6196343370721058	0.40750710388781747	0.029522079171761903	33.0	0.0	0.0	11.0
0.8336771411463229	0.5285266124962765	0.03539898159667863	23.0	0.0	0.0004064794235176805	11.0
0.2889747013781656	0.46029446295237053	0.03370435505169648	10.0	0.0	0.0	11.0
0.1652757318663092	0.6795181667074003	0.018245677970042087	80.0	0.0	0.0	11.0
0.04175267554198278	0.7733691844016248	0.03151870252340192	57.0	0.0	0.0	11.0
0.9250851638211947	0.42210091346541795	0.030131786249880416	49.0	0.0	0.0	11.0
0.53797170066449	0.9141764181788848	0.034242014187958206	64.0	0.0	0.0	11.0
0.5637592611971595	0.5692913976747722	0.01879948600046318	87.0	0.0	0.0	11.0
0.6282322639154413	0.3381247720016755	0.035449492396584015	15.0	0.0	0.000581228663278921	11.0
0.24073751669831828	0.6432724072757104	0.03559246986443814	61.0	0.0	0.0013310021882091405	11.0
0.8551923220757556	0.7333997631780377	0.03305448878272159	3.0	0.0	0.0	11.0
0.2752208305044548	0.18992313632316588	0.033518515044926256	52.0	0.0	0.0	11.0
0.9656455411882653	0.07813458660664077	0.020723055459342523	89.0	0.0	0.0	11.0
0.5169424272461189	0.7735755790352059	0.03373771487172255	40.0	0.0	0.0	11.0
0.03512480509196944	0.2988981387197211	0.03131363266417662	47.0	0.0	0.0	11.0
0.781078535525035	0.4641852523097939	0.030666748025291898	56.0	0.0	0.0	11.0
0.4687162890172945	0.29716298120669005	0.017436696212259534	90.0	0.0	0.0	11.0
0.13958892250321045	0.13786499632621563	0.03287654593779197	62.0	0.0	0.0	11.0
0.7842012601563634	0.8659887578274044	0.019393101520881962	76.0	0.0	0.0	11.0
0.184906116223467	0.19571327311005282	0.034772385749065854	37.0	0.0	0.0	11.0
0.2817116256215943	0.7979428103320403	0.0332936980370588	27.0	0.0	0.0	11.0
0.2367276538412247	0.12308978231334622	0.03304450339515192	55.0	0.0	0.0	11.0
0.12445443671975734	0.7104850893792661	0.018245677970042087	81.0	0.0	0.0	11.0
0.5224077768348379	0.5866678726792194	0.01879948600046318	86.0	0.0	0.0	11.0
0.6460881880180311	0.8962749395966537	0.01911457779229142	79.0	0.0	0.0	11.0
0.4930369130526599	0.1818029732990105	0.0354291406751485	38.0	0.0	0.000505800220523156	11.0
0.9203533613733957	0.1818827198309607	0.032541001484608256	59.0	0.0	0.0	11.0
0.30880300529763294	0.06049455252738509	0.03186008146218493	8.0	0.0	0.0	11.0
0.17787807998786273	0.6058835059070451	0.03196151768939154	20.0	0.0	0.0	11.0
0.839361033458914	0.14412200221815447	0.031489465764105676	44.0	0.0	0.0	11.0
