# x	y	r	id	split_id	s_prob	t
2.0	0.5	0.0	-1.0	0.0	0.0	0.0
0.7987845094979592	0.47581639740355947	0.10569672307772612	1.0	0.0	2261.402280242503	0.0
0.11326269375285311	0.2044305452904584	0.11326269375285311	2.0	0.0	3067.922255224769	0.0
0.394350533515467	0.23503359788784123	0.11026403899795088	3.0	0.0	2728.6167214823636	0.0
0.6138301716816379	0.21786854253037724	0.10552230160613102	4.0	0.0	2244.705688810856	0.0
0.09142269788401283	0.424530741190822	0.09142269788401283	5.0	0.0	1149.5861399417388	0.0
0.4301500814037469	0.7397276338333559	0.11637114698174104	6.0	0.0	3448.190786797286	0.0
0.2645453886320615	0.5681217632013746	0.1160552662751443	7.0	0.0	3408.1891102222885	0.0
0.7994146100449786	0.472827340508352	0.10580241980080383	1.0	0.0	2271.5603328935226	1.0
0.09375985731824826	0.41012850689349317	0.09151412058189684	5.0	0.0	1155.1832837263512	1.0
0.3989742993383949	0.2360235111368612	0.11037430303694883	3.0	0.0	2740.626811591565	1.0
0.43140792434748526	0.742309802416951	0.11648751812872277	6.0	0.0	3463.006015756643	1.0
0.615136541164614	0.23079335638785234	0.10562782390773715	4.0	0.0	2254.7970118977228	1.0
0.11850584369420186	0.1892712463806904	0.11337595644660595	2.0	0.0	3081.2613409459077	1.0
0.25309546616079054	0.5679415329259268	0.11617132154141943	7.0	0.0	3422.849659125595	1.0
0.27932690311333014	0.5698440520514255	0.11628749286296083	7.0	0.0	3437.566913632641	2.0
0.6012024048096192	0.6152304609218436	0.009819639278557113	-2.0	-1.0	0.0	2.0
0.0822438032269464	0.40878111221633134	0.09160563470247873	5.0	0.0	1160.8041901678434	2.0
0.43673173749831834	0.7701610457421816	0.11660400564685147	6.0	0.0	3477.8784988648267	2.0
0.13089443809502188	0.19378523373812254	0.11348933240305253	2.0	0.0	3094.6524326416534	2.0
0.4048921298083457	0.22756882679266954	0.11048467733998577	3.0	0.0	2752.684154859007	2.0
0.7933260023326452	0.4754908375736708	0.10590822222060463	1.0	0.0	2281.7589632153176	2.0
0.6282131866314764	0.23257429082649683	0.10573345173164488	4.0	0.0	2264.928670845146	2.0
0.23647294589178355	0.47094188376753504	0.09258517034068137	-2.0	-1.0	1222.1146255821034	3.0
0.45994163783575515	0.7757448421266433	0.11672060965249831	6.0	0.0	3492.808439084663	3.0
0.10290204795943228	0.41054115827582066	0.0916972403371812	5.0	0.0	1166.4489488525928	3.0
0.6317932061949549	0.22286578612021135	0.10583918518337651	4.0	0.0	2275.1008118311893	3.0
0.4031886266524885	0.21505586302361285	0.11059516201732573	3.0	0.0	2764.788920770646	3.0
0.7936744673786869	0.4731012018112996	0.10601413044282522	1.0	0.0	2291.998318203217	3.0
0.13659006021700978	0.2041208564423457	0.11360282173545558	2.0	0.0	3108.095715736529	3.0
0.27820354226894056	0.5670641962804416	0.11640378035582379	7.0	0.0	3452.3410748759106	3.0
0.45252855626076505	0.7709957180474708	0.11683733026215079	6.0	0.0	3507.796040056054	4.0
0.1310281648782915	0.19178747517142558	0.11371642455719103	2.0	0.0	3121.5913762757614	4.0
0.8024035080373539	0.4681102198933994	0.10612014457326803	1.0	0.0	2302.278545349268	4.0
0.27560016625679745	0.5619666895535688	0.1165201841361796	7.0	0.0	3467.172344659084	4.0
0.1181620936173237	0.41171536842492357	0.09178893757751837	5.0	0.0	1172.1176496767887	4.0
0.618275193869676	0.2177866828638865	0.10594502436855988	4.0	0.0	2285.3135815279893	4.0
0.39702523939987294	0.22914784652634845	0.11070575717934304	3.0	0.0	2776.9412793818046	4.0
0.8042634756457792	0.47169618918096073	0.10622626471784129	1.0	0.0	2312.599792643844	5.0
0.4495901497226055	0.764220679946914	0.11695416759241292	6.0	0.0	3522.8415060981483	5.0
0.27756966460440546	0.5606696847275721	0.11663670432031577	7.0	0.0	3482.060925459195	5.0
0.909819639278557	0.5050100200400801	0.033667334669338675	-2.0	-1.0	0.0	5.0
0.3941350419890985	0.24993335659285892	0.11081646293652238	3.0	0.0	2789.141401319002	5.0
0.6306403138545811	0.22327421925652186	0.10605096939292842	4.0	0.0	2295.5671271033552	5.0
0.1239980793687688	0.19648082791932714	0.1138301409817482	2.0	0.0	3135.1396009272717	5.0
0.11924661470072097	0.41394173244257415	0.09188072651509588	5.0	0.0	1177.8103828474486	5.0
0.27643917063373374	0.5579705203080552	0.11675334102463607	7.0	0.0	3497.007020428787	6.0
0.6493450140012512	0.22630318251334341	0.10615702036232134	4.0	0.0	2305.8615962223735	6.0
0.12256598554719488	0.19932904848213995	0.11394397112272994	2.0	0.0	3148.740576983686	6.0
0.39879253140116966	0.24614314842876175	0.11092727939945889	3.0	0.0	2801.3894577817973	6.0
0.7975080568038351	0.47740909314352753	0.10633249098255912	1.0	0.0	2322.962208577255	6.0
0.1903807615230461	0.8096192384769538	0.09258517034068137	-2.0	-1.0	1222.1146255821034	6.0
0.1220182415173567	0.4152810869261854	0.09197260724161097	5.0	0.0	1183.5272388834364	6.0
0.4374099315567989	0.780085630434736	0.11707112176000532	6.0	0.0	3537.9450422115247	6.0
0.42664707238031613	0.7715499435425823	0.11718819288176531	6.0	0.0	3553.1068540803744	7.0
0.3778487563098347	0.23309469881917272	0.11103820667885833	3.0	0.0	2813.6856205446406	7.0
0.14956698118073952	0.19372588675182575	0.11405791509385266	2.0	0.0	3162.394492364343	7.0
0.6372732220294856	0.23704490421292426	0.10626317738268365	4.0	0.0	2316.1971370490114	7.0
0.1442885771543086	0.11222444889779558	0.02124248496993988	-2.0	-1.0	0.0	7.0
0.156312625250501	0.9258517034068136	0.01282565130260521	-2.0	-1.0	0.0	7.0
0.7952321716894899	0.4533811828239979	0.10643882347354167	1.0	0.0	2333.3659421413636	7.0
0.2713872596078974	0.5728465596972747	0.11687009436566069	7.0	0.0	3512.0108333980893	7.0
0.12297168773714386	0.41011709784348926	0.09206457984885257	5.0	0.0	1189.2683086164868	7.0
0.6306536721887214	0.2520480318268058	0.10636944056006632	4.0	0.0	2326.5738982477396	8.0
0.41693415451087523	0.7711522441514604	0.11730538107464707	6.0	0.0	3568.327148074703	8.0
0.15250073191234603	0.1934200268094935	0.11417197300894649	2.0	0.0	3176.101535617308	8.0
0.3766476550436483	0.22658937770396187	0.11114924488553718	3.0	0.0	2826.0300619587215	8.0
0.12140621050203507	0.42039876096723683	0.0921566444287014	5.0	0.0	1195.0336831922311	8.0
0.2847720082083161	0.5573191103543451	0.11698696446002634	7.0	0.0	3527.072568877189	8.0
0.7980552992775762	0.4436844253374881	0.10654526229701519	1.0	0.0	2343.811142831213	8.0
0.6227939943811933	0.26105069160533045	0.10647581000062638	4.0	0.0	2336.9920289851443	9.0
0.8141623056058926	0.45838429355747007	0.1066518075593122	1.0	0.0	2354.2979606466506	9.0
0.29367777852119104	0.5631340107074375	0.11710395142448635	7.0	0.0	3542.1924320582143	9.0
0.3832627869063098	0.20370982937665205	0.1112603941304227	3.0	0.0	2838.422954953829	9.0
0.42828594614246307	0.766202026091367	0.1174226864557217	6.0	0.0	3583.606131252523	9.0
0.14451447598833447	0.19255373322629618	0.11428614498195543	2.0	0.0	3189.861895921395	9.0
0.1189375850907998	0.4200598710780221	0.09224880107313009	5.0	0.0	1200.8234540712258	9.0
0.38554548575898473	0.19586931331831584	0.11137165452455311	3.0	0.0	2850.8644730402198	10.0
0.42715148702048034	0.7811895849623011	0.1175401091421774	6.0	0.0	3598.9440113620717	10.0
0.6192992260842745	0.26212811117847806	0.106582285810627	4.0	0.0	2347.4516789315553	10.0
0.13558590936800022	0.19593494685889876	0.11440043112693737	2.0	0.0	3203.6757630882007	10.0
0.12446263840751845	0.4282795955706671	0.0923410498742032	5.0	0.0	1206.6377130299852	10.0
0.8064823002261537	0.44236293974949803	0.10675845936687149	1.0	0.0	2364.82654609396	10.0
0.29029099509764494	0.5612537426674217	0.11722105537591082	7.0	0.0	3557.370628817524	10.0
0.6113764532114887	0.2361391311508658	0.10668886809643761	4.0	0.0	2357.952998262673	11.0
0.2768260913547107	0.559076689935622	0.11733827643128672	7.0	0.0	3572.6073657179036	11.0
0.0924333909240774	0.4197298224105684	0.0924333909240774	5.0	0.0	1212.4765521620186	11.0
0.38728290625195794	0.19932478299480674	0.11148302617907765	3.0	0.0	2863.354790310486	11.0
0.14193890170435686	0.19567482099168435	0.1145148315580643	2.0	0.0	3217.5433275641303	11.0
0.42358207951228466	0.7732355397634455	0.11765764925131957	6.0	0.0	3614.3409968440187	11.0
0.8082459222503031	0.45394596831309514	0.10686521782623835	1.0	0.0	2375.3970501875015	11.0
