# x	y	r	id	split_id	s_prob	t
2.0	0.5	0.0	-1.0	0.0	0.0	0.0
0.26057809080115624	0.3045266743130953	0.11356035513672767	1.0	0.0	3103.060821821596	0.0
0.4170350937909224	0.7021599193787844	0.1294378962233694	2.0	0.0	5390.373833164315	0.0
0.0863496815440204	0.19050371430847904	0.0863496815440204	3.0	0.0	866.5492240316546	0.0
0.6796781670202735	0.4724228033642169	0.1119713209827667	4.0	0.0	2918.5476882634	0.0
0.4882132530603907	0.35859667331012074	0.10267494203714267	5.0	0.0	1983.6436273875727	0.0
0.6802068451541216	0.16168960238742827	0.10739386433356979	6.0	0.0	2428.2044614653832	0.0
0.6289422071847747	0.8869525621122729	0.11088677693342351	7.0	0.0	2796.9087493659104	0.0
0.3710798504648388	0.9574206586633482	0.12913741262283174	8.0	0.0	5339.083911611099	0.0
0.48566034542112674	0.3471873592963737	0.1027776169791798	5.0	0.0	1992.6859545332973	1.0
0.08643603122556441	0.18618250947597925	0.08643603122556441	3.0	0.0	870.9281498040516	1.0
0.39129084796842684	0.6930989757869987	0.12956733411959276	2.0	0.0	5412.568590245012	1.0
0.2648880168234756	0.31186026928664456	0.11367391549186438	1.0	0.0	3116.5368675422606	1.0
0.6824286211977096	0.4750250930814997	0.11208329230374946	4.0	0.0	2931.303189581169	1.0
0.36922710295165495	0.9719758264973941	0.12926655003545456	8.0	0.0	5361.086483672048	1.0
0.6302136426535431	0.8940902154858859	0.11099766371035692	7.0	0.0	2809.1873153122115	1.0
0.686839477907813	0.15455849458966098	0.10750125819790335	6.0	0.0	2439.026979536042	1.0
0.6943030081269388	0.48763180409827966	0.11219537559605319	4.0	0.0	2944.1086133109648	2.0
0.6921963138308779	0.14438783388678467	0.10760875945610124	6.0	0.0	2449.892477981227	2.0
0.08652246725678997	0.17988478420062176	0.08652246725678997	3.0	0.0	875.3262038076679	2.0
0.39332395455849206	0.6907995896983826	0.12969690145371235	2.0	0.0	5434.8464742507595	2.0
0.4907137015488099	0.3473624106791328	0.10288039459615897	5.0	0.0	2001.7648028111616	2.0
0.38797243490913585	0.9819244016870676	0.12939581658549001	8.0	0.0	5383.171514995296	2.0
0.2545733542810093	0.3256198001809357	0.11378758940735624	1.0	0.0	3130.065407474709	2.0
0.6336612064725813	0.8896577560092582	0.11110866137406726	7.0	0.0	2821.514096869858	2.0
0.4873470856480114	0.3476919871698236	0.10298327499075512	5.0	0.0	2010.8803054794705	3.0
0.2662606462470412	0.3474748417356497	0.11390137699676359	1.0	0.0	3143.646628677647	3.0
0.6935649287863639	0.47089492835347807	0.11230757097164923	4.0	0.0	2956.9641378970236	3.0
0.6904490939976575	0.14236090994064182	0.10771636821555733	6.0	0.0	2460.8011119066564	3.0
0.11188972789581235	0.17528366172940607	0.08660898972404675	3.0	0.0	879.7434595192559	3.0
0.38856902629271856	0.9913879350334815	0.12952521240207548	8.0	0.0	5405.339292083329	3.0
0.6125180587021001	0.9002053430483222	0.11121977003544131	7.0	0.0	2833.8892667570194	3.0
0.7014028056112224	0.7915831663326652	0.07955911823647294	-2.0	-1.0	566.2259100664852	3.0
0.39679464006113735	0.6883865361845548	0.12982659835516605	2.0	0.0	5457.207773884356	3.0
0.3727915074693356	0.6730091450397058	0.1299564249535212	2.0	0.0	5479.65277879987	4.0
0.2710191526777258	0.33815750976856523	0.11401527837376034	1.0	0.0	3157.2807188357406	4.0
0.6178979218177014	0.8984348241140084	0.11133098980547675	7.0	0.0	2846.3129982716464	4.0
0.12589162113825345	0.19091991626138166	0.08669559871377079	3.0	0.0	884.1799906723779	4.0
0.6957539149832757	0.480964472006441	0.11241987854262087	4.0	0.0	2969.8699423818157	4.0
0.5070650241240708	0.34862372778920897	0.10308625826574586	5.0	0.0	2020.0325962487411	4.0
0.39495756029415974	0.9956529818199128	0.12965473761447754	8.0	0.0	5427.590102382889	4.0
0.6939808675670592	0.14288728480875776	0.10782408458377288	6.0	0.0	2471.753036940995	4.0
0.6216002452972081	0.8914054738663699	0.11144232079528221	7.0	0.0	2858.785465293341	5.0
0.7060425267951904	0.48552737029889886	0.11253229842116347	4.0	0.0	2982.826206407968	5.0
0.6954640132414569	0.12722880933009667	0.10793190866835664	6.0	0.0	2482.74840923754	5.0
0.3689924953063199	0.6671200240311145	0.1300863813784747	2.0	0.0	5502.18177960566	5.0
0.1359628043110393	0.20184253017405115	0.08678229431248455	3.0	0.0	888.63587125825	5.0
0.5069813673167115	0.35557192486219286	0.10318934452401159	5.0	0.0	2029.221809283169	5.0
0.39399989347370545	0.9980664433250865	0.12978439235209202	8.0	0.0	5449.924234287976	5.0
0.28235866672216	0.3556254103412487	0.11412929365213409	1.0	0.0	3170.9678662616284	5.0
0.7220781920323123	0.5053595346075918	0.11264483071958462	4.0	0.0	2995.8331102201987	6.0
0.1393717294414695	0.17846546697802937	0.08686907660679702	3.0	0.0	893.111175526596	6.0
0.38578121573404756	1.0005163289702188	0.1299141767444441	8.0	0.0	5472.341977142864	6.0
0.7048124409709058	0.13473911059227517	0.10803984057702498	6.0	0.0	2493.787385475916	6.0
0.6253240773745247	0.8907189181588895	0.11155376311607748	7.0	0.0	2871.3068422852325	6.0
0.36754375018775687	0.6689586411202285	0.13021646775985316	2.0	0.0	5524.795067867423	6.0
0.511479603440156	0.35683559206019205	0.10329253386853558	5.0	0.0	2038.4480792020984	6.0
0.2814071324585425	0.3538187968325644	0.11424342294578621	1.0	0.0	3184.708259897942	6.0
0.7374390146875247	0.49379527132022216	0.11275747555030419	4.0	0.0	3008.890834667255	7.0
0.13622424248067244	0.17869374856820716	0.08695594568340381	3.0	0.0	897.6059779864985	7.0
0.5121740650659372	0.3588805288072149	0.1033958264024041	5.0	0.0	2047.7115410815006	7.0
0.7029359488586672	0.11186296664426909	0.108147880417602	6.0	0.0	2504.870122863782	7.0
0.6313199005454936	0.8883178890158298	0.11166531687919355	7.0	0.0	2883.877304295858	7.0
0.2919853313223745	0.3695561798594397	0.11435766636873199	1.0	0.0	3198.5020893193314	7.0
0.7935871743486973	0.5070140280561122	0.08036072144288577	-2.0	-1.0	597.3375737414644	7.0
0.36828766502306887	0.6721844934360169	0.130346684227613	2.0	0.0	5547.49293611124	7.0
0.37176543741939716	0.9793785675689134	0.13004409092118854	8.0	0.0	5494.843621245138	7.0
0.14583155196491754	0.17201410217220872	0.0870429016290872	3.0	0.0	902.120353407254	8.0
0.2917112264010806	0.3629844329126369	0.1144720240351007	1.0	0.0	3212.3495447344985	8.0
0.37090449703907874	0.9729047028579204	0.13017413501210973	8.0	0.0	5517.429457848729	8.0
0.647071435103802	0.8874741541964557	0.11177698219607274	7.0	0.0	2896.497026961045	8.0
0.5148072136979692	0.36514288434019787	0.1034992222288065	5.0	0.0	2057.012330455452	8.0
0.6988945657188896	0.10484609239186964	0.10825602829801959	6.0	0.0	2515.9967791385293	8.0
0.36163590625944825	0.6689182974266737	0.1304770309118406	2.0	0.0	5570.275677826634	8.0
0.7530924641855092	0.4826169653252145	0.11287023302585449	4.0	0.0	3021.999561203859	8.0
0.5157146660108068	0.3858835231320057	0.1036027214510353	5.0	0.0	2066.3505833176205	9.0
0.1429746584765225	0.1678211087791392	0.08712994453071628	3.0	0.0	906.6543768192336	9.0
0.35617154410489515	0.9942380186705317	0.13030430914712182	8.0	0.0	5540.099779166954	9.0
0.7488671840166341	0.492886201818379	0.11298310325888032	4.0	0.0	3035.159471892654	9.0
0.651969751906753	0.8775773722883495	0.11188875917826879	7.0	0.0	2909.1661865058068	9.0
0.3713657466512476	0.6803504971524464	0.13060750794275242	2.0	0.0	5593.143587469649	9.0
0.7091079103752385	0.09100967241913625	0.10836428432631759	6.0	0.0	2527.1675125689976	9.0
0.27835102033068737	0.3663565955528984	0.11458649605913579	1.0	0.0	3226.2508169882367	9.0
0.5274958370867913	0.3901761858483844	0.10370632417248632	5.0	0.0	2075.7264361227576	10.0
0.37180695567299227	0.6739897622746623	0.13073811545069516	2.0	0.0	5616.096960465921	10.0
0.16327965009193113	0.1761009609872019	0.08721707447524699	3.0	0.0	911.2081235147423	10.0
0.27408024211109133	0.3700615277158556	0.11470108255519491	1.0	0.0	3240.2060975634763	10.0
0.7669625857621244	0.4718939932733287	0.11309608636213919	4.0	0.0	3048.3707494061705	10.0
0.669226102931422	0.8766530316051635	0.11200064793744705	7.0	0.0	2921.884959746241	10.0
0.3520372814102983	0.9996229692568487	0.13043461345626892	8.0	0.0	5562.854878375587	10.0
0.7011966679000946	0.10416472374600096	0.1084726486106439	6.0	0.0	2538.3824819571896	10.0
0.7693149262820648	0.4725548246463374	0.11320918244850132	4.0	0.0	3061.6335770287806	11.0
0.1606472895135196	0.17659555723112594	0.08730429154972222	3.0	0.0	915.7816690488836	11.0
0.6751639033372988	0.8751849189523973	0.11211264858538449	7.0	0.0	2934.6535240914336	11.0
0.3507532524326959	0.9979285193570154	0.13056504806972516	8.0	0.0	5585.695049615915	11.0
0.7354709418837675	0.2444889779559118	0.08096192384769538	-2.0	-1.0	621.4047526493017	11.0
0.5272091601334836	0.3958632223500246	0.1038100304966588	5.0	0.0	2085.1400257881937	11.0
0.2761685465307687	0.3774063231548172	0.1148157836377501	1.0	0.0	3254.2155785833324	11.0
0.6978304173841905	0.09864618808799545	0.10858112125925454	6.0	0.0	2549.6418466399937	11.0
0.37379126920678263	0.675464154399855	0.13086885356614583	2.0	0.0	5639.136093213764	11.0
