# x	y	r	id	split_id	s_prob	t
2.0	0.5	0.0	-1.0	0.0	0.0	0.0
0.7628701112136196	0.5316062582340081	0.03175855334405867	1.0	0.0	0.0	0.0
0.6992538156792834	0.6718135405935604	0.03139195505666417	2.0	0.0	0.0	0.0
0.8607772531156976	0.9643019273027431	0.03043834217406044	3.0	0.0	0.0	0.0
0.050041852855702826	0.7235758776870832	0.03265815577898252	4.0	0.0	0.0	0.0
0.14857738611807142	0.6063310659571762	0.03322372974718506	5.0	0.0	0.0	0.0
0.6764110353232172	0.9285517179937011	0.03283149522680465	6.0	0.0	0.0	0.0
0.31259539401682424	0.7179630941468217	0.03110461036947238	7.0	0.0	0.0	0.0
0.5315118796904547	0.251006980185782	0.03360062185668607	8.0	0.0	0.0	0.0
0.19540357456472648	0.4677516939418899	0.033286173573334035	9.0	0.0	0.0	0.0
0.6945414694799246	0.1510515568968121	0.03234088503526917	10.0	0.0	0.0	0.0
0.24815493937360097	0.71196321668211	0.0320499746908174	11.0	0.0	0.0	0.0
0.6075783511883455	0.3169608923259165	0.029509618438051066	12.0	0.0	0.0	0.0
0.9025613083598666	0.08496583932844107	0.032305021061244034	13.0	0.0	0.0	0.0
0.7561140406027793	0.931431328938586	0.03323556444859123	14.0	0.0	0.0	0.0
0.41694778465423327	0.5319760673125732	0.031080313752481117	15.0	0.0	0.0	0.0
0.7092320975286371	0.29076790247136286	0.03224197133099752	16.0	0.0	0.0	0.0
0.33379924294670105	0.04505271193102594	0.03442008143626624	17.0	0.0	0.0	0.0
0.5321009605313564	0.1742817522503709	0.03727478509724441	18.0	0.0	0.0753357467005884	0.0
0.3306810298687779	0.8364551911078978	0.031284371473758975	19.0	0.0	0.0	0.0
0.4379475597493311	0.24150013584017851	0.031992875480544636	20.0	0.0	0.0	0.0
0.9671350210107138	0.7662659351794412	0.03425519584863167	21.0	0.0	0.0	0.0
0.4517110706651093	0.901253042760248	0.0353966337460438	22.0	0.0	0.0003993456509050475	0.0
0.09120226548428718	0.6512333342792682	0.03190960207517243	23.0	0.0	0.0	0.0
0.6435227128979355	0.09976229276933013	0.03309874131167683	24.0	0.0	0.0	0.0
0.23588735229991703	0.1535665270427483	0.034052104103715716	25.0	0.0	0.0	0.0
0.056901921627133555	0.4391948449805003	0.03067628830725067	26.0	0.0	0.0	0.0
0.5915571024347216	0.38494118670096766	0.03373431284298491	27.0	0.0	0.0	0.0
0.9430980783728663	0.3038643973986397	0.03028141838391032	28.0	0.0	0.0	0.0
0.5776435056402841	0.6181802756532838	0.03368125128042352	29.0	0.0	0.0	0.0
0.7329305169208523	0.3525085214142394	0.03073682015925774	30.0	0.0	0.0	0.0
0.6356422688896529	0.26145669953888606	0.030842121521790104	31.0	0.0	0.0	0.0
0.4722066336703278	0.397502405250721	0.03380278732423119	32.0	0.0	0.0	0.0
0.5892040207950097	0.038516151723585135	0.02998970039738667	33.0	0.0	0.0	0.0
0.5276672560508548	0.4410939967397152	0.03349319224312581	34.0	0.0	0.0	0.0
0.9643019273027431	0.09993326210247173	0.0307351228126678	35.0	0.0	0.0	0.0
0.5739016499467764	0.9493345045287125	0.02960440930840271	36.0	0.0	0.0	0.0
0.5689125090220996	0.7659835755468367	0.032756328544382644	37.0	0.0	0.0	0.0
0.7541446807684214	0.4623087320907715	0.035244384959900656	38.0	0.0	9.341215650238155e-05	0.0
0.4753805149974697	0.9707853754789144	0.032953120439023806	39.0	0.0	0.0	0.0
0.35416391762290167	0.57636744698876	0.031696440110562746	40.0	0.0	0.0	0.0
0.2200052159004937	0.6239733669578132	0.03228233524139372	41.0	0.0	0.0	0.0
0.7118600678408928	0.072074167432533	0.03296992718797049	42.0	0.0	0.0	0.0
0.12745447405859445	0.4162098415375833	0.03104016687622782	43.0	0.0	0.0	0.0
0.9348746428389416	0.8431659414616511	0.03228969184387465	44.0	0.0	0.0	0.0
0.8333369780299748	0.6711898979779758	0.032200775930980675	45.0	0.0	0.0	0.0
0.2901442598557782	0.5645470107130073	0.0333724614983086	46.0	0.0	0.0	0.0
0.1866195856687327	0.3406593117181317	0.0332282729386599	47.0	0.0	0.0	0.0
0.10492240302714863	0.33005738725319334	0.036217410664834596	48.0	0.0	0.01154758798273292	0.0
0.26395127000122454	0.3313046724843626	0.031191041538256394	49.0	0.0	0.0	0.0
0.29383524996886895	0.6465088190102843	0.033933513127402816	50.0	0.0	0.0	0.0
0.9524527176066355	0.4435603432895926	0.03512368285076928	51.0	0.0	1.2109004316585015e-05	0.0
0.3566263289724352	0.5759208139701246	0.0317281365506733	40.0	0.0	0.0	1.0
0.44992600007610767	0.9050378482022069	0.03543203037978984	22.0	0.0	0.0005160868991396228	1.0
0.5262611901420134	0.44083896402091904	0.03352668543536893	34.0	0.0	0.0	1.0
0.43718325760404336	0.23990571572191252	0.03202486835602518	20.0	0.0	0.0	1.0
0.9431459225472202	0.30428477786154706	0.03031169980229423	28.0	0.0	0.0	1.0
0.19492349115335067	0.4679911909941958	0.033319459746907365	9.0	0.0	0.0	1.0
0.14882759788548408	0.6067243507750562	0.033256953476932236	5.0	0.0	0.0	1.0
0.7582023465307056	0.9248780692823639	0.03326880001303981	14.0	0.0	0.0	1.0
0.7092949462036356	0.28744074084927396	0.03227421330232852	16.0	0.0	0.0	1.0
0.23699097176858144	0.15540165860409558	0.03408615620781943	25.0	0.0	0.0	1.0
0.5339250580965508	0.24982204339539033	0.03363422247854275	8.0	0.0	0.0	1.0
0.8327197295151754	0.6718619711514633	0.03223297670691165	45.0	0.0	0.0	1.0
0.5690485110369664	0.7666494832208834	0.032789084872927025	37.0	0.0	0.0	1.0
0.752216667958339	0.4645171233000377	0.03527962934486055	38.0	0.0	0.00013993559848302084	1.0
0.2923076337118865	0.5631991794540758	0.0334058339598069	46.0	0.0	0.0	1.0
0.18848803887202717	0.3382570811743943	0.03326150121159856	47.0	0.0	0.0	1.0
0.5902440628585205	0.03879424540434136	0.030019690097784053	33.0	0.0	0.0	1.0
0.7625111734375671	0.5318524782657703	0.03179031189740273	1.0	0.0	0.0	1.0
0.32857558065226855	0.837162818586247	0.03131565584523273	19.0	0.0	0.0	1.0
0.26614947168160835	0.33265506583225857	0.031222232579794645	49.0	0.0	0.0	1.0
0.6983306123669032	0.6729553154754074	0.03142334701172083	2.0	0.0	0.0	1.0
0.6324822336278297	0.25970231711607733	0.03087296364331189	31.0	0.0	0.0	1.0
0.9339823332550768	0.8447851807645159	0.032321981535718525	44.0	0.0	0.0	1.0
0.5926836113565811	0.3850658057041168	0.033768047155827895	27.0	0.0	0.0	1.0
0.4115201134066878	0.5337245253372247	0.031111394066233596	15.0	0.0	0.0	1.0
0.5780403294406852	0.6173785148104267	0.03371493253170394	29.0	0.0	0.0	1.0
0.05688079590992299	0.4400335520848789	0.030706964595557915	26.0	0.0	0.0	1.0
0.9742031354849786	0.0951865154051507	0.030765857935480465	35.0	0.0	0.0	1.0
0.46948176093761673	0.4017853815771811	0.03383659011155542	32.0	0.0	0.0	1.0
0.6745333583097313	0.9272462309042565	0.03286432672203145	6.0	0.0	0.0	1.0
0.6949012392622188	0.15220560677241973	0.032373225920304435	10.0	0.0	0.0	1.0
0.7116260176755465	0.07671720489397649	0.033002897115158455	42.0	0.0	0.0	1.0
0.31471543781929245	0.7178495334795661	0.03113571497984185	7.0	0.0	0.0	1.0
0.29519822646564015	0.6444532591021898	0.03396744664053022	50.0	0.0	0.0	1.0
0.5312810206049545	0.1744681224781493	0.03731205988234165	18.0	0.0	0.07910013201932031	1.0
0.24968948680879438	0.7126810762503785	0.03208202466550821	11.0	0.0	0.0	1.0
0.8901665705261528	0.09269646211233032	0.03233732608230527	13.0	0.0	0.0	1.0
0.12733042192754152	0.4144214313334316	0.031071207043104045	43.0	0.0	0.0	1.0
0.9679522912085835	0.7650983178267662	0.03428945104448029	21.0	0.0	0.0	1.0
0.7329952348142894	0.351040961923848	0.030767556979416993	30.0	0.0	0.0	1.0
0.6485537394094915	0.09803607090155189	0.033131840052988505	24.0	0.0	0.0	1.0
0.21824846439399992	0.6259855914427949	0.03231461757663511	41.0	0.0	0.0	1.0
0.33454075752315876	0.04262033026021754	0.0344545015177025	17.0	0.0	0.0	1.0
0.05054279637676845	0.7231682159501883	0.032690813934761496	4.0	0.0	0.0	1.0
0.5734235350638056	0.9470664338304636	0.02963401371771111	36.0	0.0	0.0	1.0
0.47634670615599956	0.9738846707538092	0.03298607355946283	39.0	0.0	0.0	1.0
0.090590731416299	0.6522218134149168	0.031941511677247604	23.0	0.0	0.0	1.0
0.8631802736109568	0.9673516249282696	0.030468780516234497	3.0	0.0	0.0	1.0
0.6169100406627936	0.32191343275538503	0.029539128056489113	12.0	0.0	0.0	1.0
0.10121172156575145	0.3307063289475823	0.03625362807549943	48.0	0.0	0.012609158480984206	1.0
0.9456192941169568	0.4436248777722902	0.035158806533620045	51.0	0.0	2.5632152159005273e-05	1.0
0.9731673814262589	0.09287844758744199	0.030796623793415943	35.0	0.0	0.0	2.0
0.7325184872395367	0.35054115441611355	0.03079832453639641	30.0	0.0	0.0	2.0
0.24927421970346197	0.7143836128030078	0.03211410669017371	11.0	0.0	0.0	2.0
0.2905029542183869	0.6498313343420021	0.034001414087170743	50.0	0.0	0.0	2.0
0.4396601032389766	0.23646027001466477	0.032056893224381204	20.0	0.0	0.0	2.0
0.7087356188468982	0.2863106504350457	0.032306487515630845	16.0	0.0	0.0	2.0
0.5899184153031651	0.03950785444468178	0.030049709787881834	33.0	0.0	0.0	2.0
0.2829080957259575	0.5544016534277332	0.03343923979376671	46.0	0.0	0.0	2.0
0.7638400882906698	0.5333365097845548	0.03182210220930013	1.0	0.0	0.0	2.0
0.15042055071489588	0.6097955224970417	0.03329021043040917	5.0	0.0	0.0	2.0
0.239172400601307	0.15542225990027958	0.03412024236402724	25.0	0.0	0.0	2.0
0.4535722657168321	0.8953170932291539	0.035467462410169626	22.0	0.0	0.0006537625752258691	2.0
0.9450780607246589	0.4425313452262267	0.03519396534015366	51.0	0.0	4.670381647997601e-05	2.0
0.6939422654240001	0.6772751302001042	0.03145477035873255	2.0	0.0	0.0	2.0
0.4790051369857239	0.9725793082961914	0.033019059633022284	39.0	0.0	0.0	2.0
0.3648054638815774	0.576357397818848	0.03175986468722397	40.0	0.0	0.0	2.0
0.9442101282000352	0.3038271952185907	0.03034201150209652	28.0	0.0	0.0	2.0
0.047498198959669016	0.7202086758204348	0.03272350474869625	4.0	0.0	0.0	2.0
0.32551585917482395	0.8394362643773513	0.03134697150107796	19.0	0.0	0.0	2.0
0.6353966175515613	0.09945095531841278	0.03316497189304149	24.0	0.0	0.0	2.0
0.09142070005770114	0.6517880050030185	0.03197345318892485	23.0	0.0	0.0	2.0
0.6192971067213671	0.3229936778003976	0.0295686671845456	12.0	0.0	0.0	2.0
0.8882747689627309	0.10045258165728875	0.032369663408387574	13.0	0.0	0.0	2.0
0.9680138686872891	0.7651440713572173	0.03432374049552477	21.0	0.0	0.0	2.0
0.5713455853507198	0.9446558350310147	0.029663647731428818	36.0	0.0	0.0	2.0
0.05538949307377716	0.4393699562507212	0.03073767156015347	26.0	0.0	0.0	2.0
0.5925376216802337	0.387381592033529	0.03380181520298372	27.0	0.0	0.0	2.0
0.5683019104685527	0.7650403184202103	0.03282187395779995	37.0	0.0	0.0	2.0
0.22182664197654853	0.632289661331747	0.032346932194211746	41.0	0.0	0.0	2.0
0.5342376665535413	0.24916990704324354	0.03366785670102129	8.0	0.0	0.0	2.0
0.7159514897691014	0.07568198159033558	0.03303590001227361	42.0	0.0	0.0	2.0
0.5256675656552259	0.4421844065576839	0.033560212120804296	34.0	0.0	0.0	2.0
0.8640536990796623	0.9667764342715041	0.030499249296750727	3.0	0.0	0.0	2.0
0.1973880710082695	0.4698710555533267	0.03335277920665427	9.0	0.0	0.0	2.0
0.6327557843526628	0.2581085923136854	0.0309038366069552	31.0	0.0	0.0	2.0
0.8321001619893894	0.6721518041448095	0.03226520968361856	45.0	0.0	0.0	2.0
0.7006754585667307	0.1573436224826376	0.032405599146224734	10.0	0.0	0.0	2.0
0.32062336169202527	0.7213771909097955	0.031166850694821686	7.0	0.0	0.0	2.0
0.7489628341258302	0.4650020740820744	0.03531490897420541	38.0	0.0	0.0001998642350429236	2.0
0.5309019625242276	0.17407072963412065	0.03734937194222399	18.0	0.0	0.08299182357419	2.0
0.3332834367251376	0.04256884874636771	0.034488956019220196	17.0	0.0	0.0	2.0
0.6740636891146644	0.9318929920234765	0.03289719104875347	6.0	0.0	0.0	2.0
0.4116133522618232	0.5341288387915113	0.031142505460299827	15.0	0.0	0.0	2.0
0.1889070717928342	0.33383309448955745	0.03329476271281015	47.0	0.0	0.0	2.0
0.9336975943807679	0.8462747769332485	0.03235430351725424	44.0	0.0	0.0	2.0
0.7601442020544791	0.9241286837600288	0.03330206881305285	14.0	0.0	0.0	2.0
0.09399591672957461	0.32681831581671716	0.036289881703574924	48.0	0.0	0.013735030290632722	2.0
0.4701203271373247	0.4002051930346669	0.03387042670166697	32.0	0.0	0.0	2.0
0.5785268200869963	0.6173524558194076	0.03374864746423564	29.0	0.0	0.0	2.0
0.12336000993857815	0.4187444994680589	0.031102278250147147	43.0	0.0	0.0	2.0
0.26744378863376733	0.33591693527663136	0.03125345481237444	49.0	0.0	0.0	2.0
0.5930863908813718	0.39171676741093825	0.0338356170181867	27.0	0.0	0.0	3.0
0.19653324192438196	0.4716258953095505	0.03338613198586092	9.0	0.0	0.0	3.0
0.6732967738852353	0.9334182717876148	0.03293008823980222	6.0	0.0	0.0	3.0
0.9352246791359758	0.8433754047790855	0.03238665782077149	44.0	0.0	0.0	3.0
0.5664698901534787	0.7689246692694107	0.03285469583175775	37.0	0.0	0.0	3.0
0.5922912663244976	0.039500384949732285	0.030079759497669712	33.0	0.0	0.0	3.0
0.092791904272212	0.6522488576196515	0.03200542664211377	23.0	0.0	0.0	3.0
0.35754139648244365	0.5841395982792081	0.031791624551911195	40.0	0.0	0.0	3.0
0.5297993303890635	0.17562511445012738	0.03738672131416621	18.0	0.0	0.08701319357842863	3.0
0.7006091151302242	0.15781954500453943	0.03243800474537095	10.0	0.0	0.0	3.0
0.8853675768780909	0.09732689975776768	0.032402033071795955	13.0	0.0	0.0	3.0
0.2915060727440794	0.6458283314477676	0.03403541550125791	50.0	0.0	0.0	3.0
0.22199109013077695	0.6305534816462671	0.03237927912640595	41.0	0.0	0.0	3.0
0.4530824221202483	0.8991867672091945	0.03550292987257979	22.0	0.0	0.0008141459572215126	3.0
0.8618107098940789	0.9657783551131082	0.030529748546047474	3.0	0.0	0.0	3.0
0.6327865692623363	0.09626421491056983	0.04149767108116816	24.0	0.0	0.0	3.0
0.47795958380763376	0.9754209772774274	0.0330520786926553	39.0	0.0	0.0	3.0
0.05666623309214795	0.4381597748032194	0.03076840923171362	26.0	0.0	0.0	3.0
0.763842213342405	0.5334208759610795	0.03185392431150943	1.0	0.0	0.0	3.0
0.44003596468802986	0.23427047609624338	0.03208895011760558	20.0	0.0	0.0	3.0
0.8343261217884211	0.6771969144214303	0.032297474893302175	45.0	0.0	0.0	3.0
0.25074759659046625	0.7132743936794435	0.032146220796863884	11.0	0.0	0.0	3.0
0.5327328580841407	0.44856281243118906	0.0335937723329251	34.0	0.0	0.0	3.0
0.3326069142630578	0.041822863785533515	0.03452344497523941	17.0	0.0	0.0	3.0
0.7160645545257256	0.0720914029975674	0.03306893591228588	42.0	0.0	0.0	3.0
0.9469405724646482	0.30631910278065916	0.030372353513598613	28.0	0.0	0.0	3.0
0.2803013735588623	0.5544591024200287	0.03347267903356047	46.0	0.0	0.0	3.0
0.6183508394476315	0.32436387281044904	0.029598235851730142	12.0	0.0	0.0	3.0
0.7326683088134834	0.35252047620581173	0.0308291228609328	30.0	0.0	0.0	3.0
0.7513117739950821	0.465857948810887	0.03535022388317961	38.0	0.0	0.0002749269101371965	3.0
0.46133663445235157	0.39720479389857954	0.033904297128368635	32.0	0.0	0.0	3.0
0.09493673054278604	0.32997558435325347	0.0363261715852785	48.0	0.0	0.01492722672611535	3.0
0.9641298580585316	0.7660268969426864	0.034358064236020294	21.0	0.0	0.0	3.0
0.3212645540190538	0.7205739024835371	0.031198017545516505	7.0	0.0	0.0	3.0
0.9455639369867336	0.4443258175064445	0.035229159305493814	51.0	0.0	7.70180406846066e-05	3.0
0.04971085948680188	0.7220798724684926	0.032756228253444944	4.0	0.0	0.0	3.0
0.5662026982600906	0.943922407204361	0.029693311379160245	36.0	0.0	0.0	3.0
0.32687689857429875	0.8413046226252853	0.031378318472579034	19.0	0.0	0.0	3.0
0.7094911599034368	0.2866077013728567	0.03233879400314647	16.0	0.0	0.0	3.0
0.4174500942026743	0.5254046030768531	0.031173647965760123	15.0	0.0	0.0	3.0
0.18991373999064118	0.33213506195876796	0.033328057475522956	47.0	0.0	0.0	3.0
0.694959087080228	0.6764893717701708	0.03148622512909128	2.0	0.0	0.0	3.0
0.15115168772523174	0.6094478703840209	0.033323500640839575	5.0	0.0	0.0	3.0
0.9726854273554093	0.09122305242769549	0.038534275521511695	35.0	0.0	0.0	3.0
0.5333227982390191	0.24906286615167442	0.03370152455772231	8.0	0.0	0.0	3.0
0.23801034944611585	0.15274293668581806	0.034154362606391264	25.0	0.0	0.0	3.0
0.7608681200700406	0.9237386229401932	0.0333353708818659	14.0	0.0	0.0	3.0
0.12335067176163109	0.41869009462515916	0.03113338052839729	43.0	0.0	0.0	3.0
0.5766533506027027	0.6089883514475932	0.03378239611169988	29.0	0.0	0.0	3.0
0.2682227459228402	0.3358456270322771	0.03128470826718681	49.0	0.0	0.0	3.0
0.6343372133496948	0.25889751268511574	0.03093474044356215	31.0	0.0	0.0	3.0
0.5307333099007531	0.4437886964679674	0.04203420763157252	34.0	0.0	0.0	4.0
0.9351946235649847	0.845762241481627	0.04052380559824032	44.0	0.0	0.0	4.0
0.19861779926670164	0.47188310502616726	0.033419518117846776	9.0	0.0	0.0	4.0
0.32088453176513343	0.7219104823858721	0.03122921556306202	7.0	0.0	0.0	4.0
0.2712085403874303	0.561039228908414	0.03350615171259403	46.0	0.0	0.0	4.0
0.7209060648508377	0.07697885218271712	0.03310200484819816	42.0	0.0	0.0	4.0
0.9482520054520885	0.4407785476073097	0.035264388464799304	51.0	0.0	0.00011827895617955164	4.0
0.5990854904983873	0.39230405216730485	0.03386945263520488	27.0	0.0	0.0	4.0
0.5638800457474753	0.9409362222688994	0.0297230046905394	36.0	0.0	0.0	4.0
0.33124506579593327	0.8432155029324657	0.03140969679105161	19.0	0.0	0.0	4.0
0.5934718253996853	0.038679581041544155	0.030109839257167377	33.0	0.0	0.0	4.0
0.8345018774430129	0.6778800089978476	0.032329772368195474	45.0	0.0	0.0	4.0
0.5361428193056861	0.2528333458586177	0.03373522608228003	8.0	0.0	0.0	4.0
0.4177660471639955	0.5241437743849119	0.03120482161372588	15.0	0.0	0.0	4.0
0.09300160714293396	0.3300670256100235	0.036362497756863774	48.0	0.0	0.016187782548030327	4.0
0.6198798080414248	0.32620687494688766	0.037034792609477334	12.0	0.0	0.0	4.0
0.9717416270993993	0.09173928324745595	0.03699290450065122	35.0	0.0	0.0	4.0
0.7643888344487778	0.531451295315745	0.031885778235820936	1.0	0.0	0.0	4.0
0.049633782787311044	0.7179994899224902	0.03278898448169838	4.0	0.0	0.0	4.0
0.9614160971186126	0.7692154648763704	0.03439242230025631	21.0	0.0	0.0	4.0
0.5356522954792174	0.17456350162630824	0.03742410803548037	18.0	0.0	0.09116662710864887	4.0
0.862002446574897	0.9656687263068761	0.030560278294593516	3.0	0.0	0.0	4.0
0.43885866585851774	0.23747021154306314	0.032121039067723185	20.0	0.0	0.0	4.0
0.09248004490066725	0.652725676169048	0.03203743206875588	23.0	0.0	0.0	4.0
0.15310603189106603	0.6035717971799548	0.03335682414148041	5.0	0.0	0.0	4.0
0.4779964715991547	0.9783503887567139	0.03308513077134795	39.0	0.0	0.0	4.0
0.45357565148686946	0.9030831881474627	0.03553843280245236	22.0	0.0	0.0009990207400392137	4.0
0.5603591614276537	0.7674951984986912	0.0328875505275895	37.0	0.0	0.0	4.0
0.9607562987279887	0.3050543669624853	0.030402725867112207	28.0	0.0	0.0	4.0
0.3324487356238824	0.04154822523182035	0.03455796842021465	17.0	0.0	0.0	4.0
0.6357133021132158	0.2610014887330782	0.03096567518400571	31.0	0.0	0.0	4.0
0.6309001167297981	0.10139133207555254	0.03983776423792144	24.0	0.0	0.0	4.0
0.22308114940338641	0.6319016162126186	0.032411658405532354	41.0	0.0	0.0	4.0
0.7322444977568419	0.3524870544327837	0.03085995198379373	30.0	0.0	0.0	4.0
0.7076653380037966	0.28859569468331925	0.032371132797149614	16.0	0.0	0.0	4.0
0.052764214310687334	0.4382457705605513	0.030799177640945332	26.0	0.0	0.0	4.0
0.12335039231248414	0.4186457084499563	0.031164513908925683	43.0	0.0	0.0	4.0
0.5782244708496455	0.6100088832639958	0.03381617850781157	29.0	0.0	0.0	4.0
0.35181450539244735	0.592212818956646	0.0318234161764631	40.0	0.0	0.0	4.0
0.29191786242144013	0.640808241102507	0.03406945091675916	50.0	0.0	0.0	4.0
0.4593402084908407	0.3978202820295576	0.033938201425497	32.0	0.0	0.0	4.0
0.754509715345894	0.46014022761948964	0.035385574107062785	38.0	0.0	0.0003668627003747815	4.0
0.24628837732118636	0.7059640760343001	0.03217836701766075	11.0	0.0	0.0	4.0
0.24306714726346124	0.15369306229826418	0.034188516968997655	25.0	0.0	0.0	4.0
0.6965838468010197	0.6767946491177246	0.031517711354220365	2.0	0.0	0.0	4.0
0.6724938901709047	0.933405633802218	0.03296301832804202	6.0	0.0	0.0	4.0
0.7011066510124458	0.15632361746184073	0.03247044275011632	10.0	0.0	0.0	4.0
0.26806606101346697	0.3365663924427306	0.03131599297545399	49.0	0.0	0.0	4.0
0.7603666612429895	0.9254214640664438	0.033368706252747765	14.0	0.0	0.0	4.0
0.18472659707127911	0.33218404905659454	0.03336138553299847	47.0	0.0	0.0	4.0
0.8864828840470008	0.09726715805519111	0.032434435104867744	13.0	0.0	0.0	4.0
0.4486231470192518	0.8993547377329941	0.03557397123525481	22.0	0.0	0.0012101810786901979	5.0
0.6362341028499802	0.2496444335661595	0.030996640859189715	31.0	0.0	0.0	5.0
0.6972811606343347	0.6759857056294185	0.031549229065574586	2.0	0.0	0.0	5.0
0.9482229635391853	0.44096928763101867	0.0352996528532641	51.0	0.0	0.00017220082430924322	5.0
0.41838734567742697	0.5256537952858402	0.0312360264353396	15.0	0.0	0.0	5.0
0.2454719715383324	0.15341169444415534	0.03422270548596665	25.0	0.0	0.0	5.0
0.7073917323117227	0.28786627610717974	0.03240350392994676	16.0	0.0	0.0	5.0
0.3338181905343404	0.04037524120770432	0.03459252638863486	17.0	0.0	0.0	5.0
0.9603633715367335	0.7650145021355139	0.03442681472255656	21.0	0.0	0.0	5.0
0.535694104017322	0.17467713145248273	0.03746153214351585	18.0	0.0	0.09545452215667183	5.0
0.6303347001967019	0.10024893881264259	0.038177857394674705	24.0	0.0	0.0	5.0
0.050215894781955005	0.7174336404612498	0.03282177346618008	4.0	0.0	0.0	5.0
0.1556359498267575	0.6024460412555415	0.033390180965621886	5.0	0.0	0.0	5.0
0.3316283749757577	0.8442991993294987	0.03144110648784266	19.0	0.0	0.0	5.0
0.8876205817038122	0.09895973200133197	0.03246686953997261	13.0	0.0	0.0	5.0
0.5584268964495286	0.9452052964091193	0.029752727695229936	36.0	0.0	0.0	5.0
0.7600522659827412	0.9259156330016127	0.03340207495900051	14.0	0.0	0.0	5.0
0.2942231430755058	0.6409171735665719	0.034103520367675916	50.0	0.0	0.0	5.0
0.12210394908615685	0.41612733790185985	0.031195678422834605	43.0	0.0	0.0	5.0
0.9753560351173097	0.09567472676596338	0.035451533479790756	35.0	0.0	0.0	5.0
0.19880934641566245	0.47225240295919685	0.033452937635964616	9.0	0.0	0.0	5.0
0.9597553938092053	0.30826501514324967	0.030433128592979315	28.0	0.0	0.0	5.0
0.09347352482398891	0.6452551767434163	0.032069469500824635	23.0	0.0	0.0	5.0
0.24684238237116626	0.7073602503960307	0.03221054538467841	11.0	0.0	0.0	5.0
0.052458814223028415	0.4380158527299151	0.030829976818586274	26.0	0.0	0.0	5.0
0.5744239494850183	0.6049935813059111	0.03384999468631938	29.0	0.0	0.0	5.0
0.7244818926964055	0.07833300435219727	0.03313510685304635	42.0	0.0	0.0	5.0
0.26872967177079604	0.5661279855744162	0.03353965786430662	46.0	0.0	0.0	5.0
0.2693805574470501	0.33776605201667254	0.03134730896842944	49.0	0.0	0.0	5.0
0.4375632761129063	0.2373186491038588	0.0321531601067909	20.0	0.0	0.0	5.0
0.09521323423663759	0.32840202116467954	0.036398860254620635	48.0	0.0	0.01751874401004727	5.0
0.35172201031540795	0.5940477166464534	0.03185523959263956	40.0	0.0	0.0	5.0
0.9345664773616221	0.8459301995824335	0.03890285337431071	44.0	0.0	0.0	5.0
0.32265991496176505	0.721225340547118	0.03126044477862508	7.0	0.0	0.0	5.0
0.22614269556515207	0.6294101672300381	0.03244407006393788	41.0	0.0	0.0	5.0
0.5591739194886182	0.7672647677818777	0.032920438078117086	37.0	0.0	0.0	5.0
0.8630432218458205	0.9639625088351146	0.030590838572888107	3.0	0.0	0.0	5.0
0.7031471139214119	0.1559799963769758	0.03250291319286643	10.0	0.0	0.0	5.0
0.6281457748924465	0.33154233227387675	0.03555340090509824	12.0	0.0	0.0	5.0
0.5935924785079727	0.3997251669298582	0.03390332208784008	27.0	0.0	0.0	5.0
0.5298758586424164	0.44281894333022237	0.04035283932630962	34.0	0.0	0.0	5.0
0.1880036342928034	0.3293048374943901	0.03339474691853147	47.0	0.0	0.0	5.0
0.7311284293022011	0.3536424536141453	0.030890811935777522	30.0	0.0	0.0	5.0
0.8387823896790475	0.6788529583746864	0.03236210214056367	45.0	0.0	0.0	5.0
0.7665548299535883	0.5322097566195638	0.031917664014056754	1.0	0.0	0.0	5.0
0.4815475129117446	0.9830982714466338	0.033118215902119295	39.0	0.0	0.0	5.0
0.7630072827001194	0.4639857244779003	0.035420959681169845	38.0	0.0	0.0004774209574662791	5.0
0.674220760811203	0.9286194686220526	0.03299598134637006	6.0	0.0	0.0	5.0
0.4521386449769757	0.3869593132089173	0.03397213962692249	32.0	0.0	0.0	5.0
0.5365580248784201	0.25314185346910895	0.03376896130836231	8.0	0.0	0.0	5.0
0.5938912375497228	0.03780464018996076	0.03013994909642454	33.0	0.0	0.0	5.0
0.5566876609658822	0.7693673400277781	0.0329533585161952	37.0	0.0	0.0	6.0
0.24764086435707972	0.707377847969733	0.03224275593006308	11.0	0.0	0.0	6.0
0.45231341128095426	0.3869944339735359	0.03400611176654941	32.0	0.0	0.0	6.0
0.12299709762610887	0.41516706484674887	0.031226874101257435	43.0	0.0	0.0	6.0
0.20021469543573206	0.4702974754174511	0.033486390573600575	9.0	0.0	0.0	6.0
0.5591267197046986	0.9449847102594152	0.029782480422925164	36.0	0.0	0.0	6.0
0.33246670682099794	0.8434421881004643	0.0314725475943305	19.0	0.0	0.0	6.0
0.34855084665276237	0.5973306334644579	0.0318870948322322	40.0	0.0	0.0	6.0
0.9614991356759126	0.7665736151912873	0.034461241537279114	21.0	0.0	0.0	6.0
0.7634322432019243	0.46245451031579	0.035456380640851014	38.0	0.0	0.0006083613508423014	6.0
0.6772684923663723	0.9282628797034616	0.033028977327716424	6.0	0.0	0.0	6.0
0.6359186942310519	0.2496075303099829	0.031027637500048902	31.0	0.0	0.0	6.0
0.7184278433418028	0.07707668706236367	0.0331682419598994	42.0	0.0	0.0	6.0
0.5360916681806309	0.17508870594588932	0.03749899367565936	18.0	0.0	0.0998792896816525	6.0
0.6299572776592641	0.3310944408072229	0.03407200920071914	12.0	0.0	0.0	6.0
0.9466662805594773	0.43991580244871004	0.03533495250611736	51.0	0.0	0.00024050807849107514	6.0
0.18195709636465554	0.32498693611553053	0.033428141665449995	47.0	0.0	0.0	6.0
0.26704732106539564	0.3391993995193025	0.031378656277397866	49.0	0.0	0.0	6.0
0.7674446943086992	0.5330218807652403	0.031949581678070806	1.0	0.0	0.0	6.0
0.5671992065419098	0.6062570788536796	0.03388384468100569	29.0	0.0	0.0	6.0
0.4170210510930733	0.5242214140274959	0.031267262461774935	15.0	0.0	0.0	6.0
0.9330343083083114	0.8441527528727252	0.037281901150381096	44.0	0.0	0.0	6.0
0.30262357076461494	0.6458440604691879	0.03413762388804359	50.0	0.0	0.0	6.0
0.4399184293647232	0.2361251682081952	0.03218531326689769	20.0	0.0	0.0	6.0
0.5373004347218394	0.25343374169717975	0.033802730269670664	8.0	0.0	0.0	6.0
0.7526713037280199	0.9292558203728213	0.03343547703395951	14.0	0.0	0.0	6.0
0.3315173750435023	0.04442884148919067	0.03462711891502349	17.0	0.0	0.0	6.0
0.530518982896997	0.4393356984858383	0.03867147102104672	34.0	0.0	0.0	6.0
0.5893144698093484	0.04069622772668911	0.030170089045520963	33.0	0.0	0.0	6.0
0.5935404705673814	0.39962333345448675	0.03393722540992792	27.0	0.0	0.0	6.0
0.8873569793263075	0.09778287920677524	0.03249933640951258	13.0	0.0	0.0	6.0
0.0523465442899375	0.7158712403662607	0.032854595239646255	4.0	0.0	0.0	6.0
0.15462074223346406	0.6014340244030723	0.033423571146587505	5.0	0.0	0.0	6.0
0.26923866051424944	0.5659461488412587	0.033573197522170924	46.0	0.0	0.0	6.0
0.9770146816211202	0.09548066277036134	0.03391016245893029	35.0	0.0	0.0	6.0
0.8370336299567651	0.6750838176735067	0.03239446424270423	45.0	0.0	0.0	6.0
0.4817637826734453	0.9836860627577623	0.03315133411802141	39.0	0.0	0.0	6.0
0.7325013104018699	0.35268793452588487	0.030921702747713296	30.0	0.0	0.0	6.0
0.319303922714393	0.7252706171518081	0.0312917052234037	7.0	0.0	0.0	6.0
0.6295876649431528	0.10007418632279098	0.03651795055142799	24.0	0.0	0.0	6.0
0.8640389771774235	0.9644592568190812	0.030621429411460992	3.0	0.0	0.0	6.0
0.6961667989749462	0.6762537967678642	0.031580778294640156	2.0	0.0	0.0	6.0
0.09672339534433769	0.3236630230470456	0.03643525911487525	48.0	0.0	0.01892216890588827	6.0
0.9612133415834266	0.3013488350700795	0.03046356172157229	28.0	0.0	0.0	6.0
0.24910889896584507	0.15558332602561223	0.03425692819145261	25.0	0.0	0.0	6.0
0.4504992264827135	0.9002037404395491	0.03560954520649006	22.0	0.0	0.0014494316314994649	6.0
0.08710292183916565	0.6445910057078311	0.03210153897032546	23.0	0.0	0.0	6.0
0.2157846552363926	0.6274507759964213	0.032476514134001815	41.0	0.0	0.0	6.0
0.05157793032455494	0.4457556953755246	0.030860806795404858	26.0	0.0	0.0	6.0
0.7126494608754671	0.2839080403557871	0.0324359074338767	16.0	0.0	0.0	6.0
0.7047825072826123	0.15811012527535567	0.0325354161060593	10.0	0.0	0.0	6.0
0.6790031168440144	0.927438074152074	0.03306200630504414	6.0	0.0	0.0	7.0
0.35438314898981943	0.589117145094038	0.031918981927064424	40.0	0.0	0.0	7.0
0.863872765490543	0.9652730803342572	0.03065205084087245	3.0	0.0	0.0	7.0
0.5662178501756054	0.6053948571559986	0.0339177285256867	29.0	0.0	0.0	7.0
0.21399298989413043	0.6226742891734861	0.03250899064813581	41.0	0.0	0.0	7.0
0.9800433197807142	0.09444149086206981	0.032368791438069824	35.0	0.0	0.0	7.0
0.7667788540588908	0.5291426509763295	0.031981531259748876	1.0	0.0	0.0	7.0
0.2012103048013549	0.46967718807281	0.03351987696417417	9.0	0.0	0.0	7.0
0.8861532373608887	0.09383425838929269	0.03253183574592209	13.0	0.0	0.0	7.0
0.5938819951859353	0.037770083648986943	0.03020025913456648	33.0	0.0	0.0	7.0
0.5369838014116769	0.25286762093734816	0.03383653299994033	8.0	0.0	0.0	7.0
0.05187233450620011	0.7151752541496879	0.032887449834885896	4.0	0.0	0.0	7.0
0.247083655776625	0.7087820957003185	0.032274998685993136	11.0	0.0	0.0	7.0
0.703234825564876	0.15786948929905648	0.03256795152216535	10.0	0.0	0.0	7.0
0.41628258369055066	0.5235035772783724	0.031298529724236704	15.0	0.0	0.0	7.0
0.48664710761742885	0.9815863513642247	0.03318448545213943	39.0	0.0	0.0	7.0
0.43835093222304045	0.23120624534231352	0.03221749858016459	20.0	0.0	0.0	7.0
0.08688922845544907	0.6435772918091847	0.03213364050929578	23.0	0.0	0.0	7.0
0.09707895201624359	0.32207564031204616	0.03647169437399012	48.0	0.0	0.020400126616408443	7.0
0.8377968652450491	0.6720380828079546	0.03242685870694693	45.0	0.0	0.0	7.0
0.6247453054166752	0.33550208710927004	0.032590617496340055	12.0	0.0	0.0	7.0
0.5939194747196871	0.39952962522022206	0.033971162635337844	27.0	0.0	0.0	7.0
0.12249738479188849	0.4142465931364844	0.03125810097535869	43.0	0.0	0.0	7.0
0.1517345505141291	0.599783793725261	0.03345699471773409	5.0	0.0	0.0	7.0
0.29750436291969146	0.6551766497134569	0.03417176151193163	50.0	0.0	0.0	7.0
0.6368198652417651	0.24841831327869193	0.031058665137548947	31.0	0.0	0.0	7.0
0.7556283259087749	0.9277573406122953	0.033468912510993466	14.0	0.0	0.0	7.0
0.3353617476960977	0.8447964849733118	0.03150402014192483	19.0	0.0	0.0	7.0
0.26860305281154656	0.3400250618381481	0.03141003493367526	49.0	0.0	0.0	7.0
0.7374052818402176	0.35642845122593864	0.030952624450461007	30.0	0.0	0.0	7.0
0.5306058905299385	0.4386126346746694	0.03699010271578382	34.0	0.0	0.0	7.0
0.33090616064724065	0.04306681518009208	0.03466174603393851	17.0	0.0	0.0	7.0
0.7165550223551131	0.2833510677026059	0.032468343341310574	16.0	0.0	0.0	7.0
0.2496726670568861	0.15428345473582342	0.03429118511964406	25.0	0.0	0.0	7.0
0.4489329347013985	0.8967134257039606	0.035645154751696544	22.0	0.0	0.0017185876036336367	7.0
0.7666012007321498	0.4578035080851755	0.03549183702149186	38.0	0.0	0.0007614539104849882	7.0
0.5540117691419608	0.7684867010526545	0.03298631187471139	37.0	0.0	0.0	7.0
0.6295994175181961	0.09820747153532353	0.034858043708181255	24.0	0.0	0.0	7.0
0.5338276052383656	0.1732462390954949	0.037536492669335016	18.0	0.0	0.10444335366226198	7.0
0.17958242179321574	0.3267053949010627	0.03346156980711544	47.0	0.0	0.0	7.0
0.934051191542152	0.8399827674858367	0.03566094892645148	44.0	0.0	0.0	7.0
0.7161589114979143	0.0732494875049924	0.033201410201859294	42.0	0.0	0.0	7.0
0.05089758859459189	0.4449862481084574	0.03089166760220026	26.0	0.0	0.0	7.0
0.9459349458077821	0.4331088106205929	0.03537028745862347	51.0	0.0	0.00032493536642164145	7.0
0.9644968356429987	0.7560708868189536	0.03449570277881639	21.0	0.0	0.0	7.0
0.5601300961645208	0.9450068234586037	0.029812262903348086	36.0	0.0	0.0	7.0
0.4514854635644601	0.3870022530670935	0.034040117878315956	32.0	0.0	0.0	7.0
0.27019046239710914	0.5671540902416152	0.03360677071969309	46.0	0.0	0.0	7.0
0.6946567986145477	0.6770797222949271	0.03161235907293479	2.0	0.0	0.0	7.0
0.3186299118162721	0.7254877415334764	0.031322996928627105	7.0	0.0	0.0	7.0
0.9596667397463169	0.30279643404536266	0.03049402528329386	28.0	0.0	0.0	7.0
0.09627780700383574	0.316051408503687	0.03650816606836411	48.0	0.0	0.02195469815703177	8.0
0.9605625425211259	0.3011947941317546	0.030524519308577153	28.0	0.0	0.0	8.0
0.4222453342647473	0.524011593123268	0.03132982825396094	15.0	0.0	0.0	8.0
0.05328535477420834	0.7138017096003039	0.032920337284720776	4.0	0.0	0.0	8.0
0.6095903622921668	0.08376386242316634	0.018350452924526375	53.0	24.0	0.0	8.0
0.33490222805454584	0.8445779856057491	0.03153552416206675	19.0	0.0	0.0	8.0
0.317911027033436	0.72467470316301	0.03135431992555573	7.0	0.0	0.0	8.0
0.7126779554680999	0.07903772562089412	0.03323461161206115	42.0	0.0	0.0	8.0
0.7667141039781983	0.529279937680442	0.03201351279100862	1.0	0.0	0.0	8.0
0.8897838374517253	0.0896224527978797	0.03256436758166801	13.0	0.0	0.0	8.0
0.7195197797167674	0.2821202906103772	0.03250081168465188	16.0	0.0	0.0	8.0
0.19583457254390524	0.47040931977543093	0.03355339684113834	9.0	0.0	0.0	8.0
0.44154185815432995	0.2311962006303136	0.03224971607874475	20.0	0.0	0.0	8.0
0.27310996139396715	0.5707647906989132	0.03364037749041278	46.0	0.0	0.0	8.0
0.250944358417527	0.15474681631977427	0.0343254763047637	25.0	0.0	0.0	8.0
0.593752875012589	0.40072474800742347	0.03400513379797318	27.0	0.0	0.0	8.0
0.9607724390221379	0.0824624992771146	0.018279301000137478	54.0	35.0	0.0	8.0
0.5284001224285453	0.43749485514705433	0.03530873441052092	34.0	0.0	0.0	8.0
0.26959786339657005	0.3396266896483159	0.03144144496860893	49.0	0.0	0.0	8.0
0.18261016222409324	0.3254484712783284	0.03349503137692255	47.0	0.0	0.0	8.0
0.6790031168440144	0.9277991928567637	0.03309506831134918	6.0	0.0	0.0	8.0
0.448255038647716	0.8993481467245783	0.035680799906448235	22.0	0.0	0.002019474790600384	8.0
0.48748676853165207	0.9825005918390823	0.033217669937591565	39.0	0.0	0.0	8.0
0.8661226869617024	0.9659978650663581	0.03068270289171332	3.0	0.0	0.0	8.0
0.08665556300719625	0.6423952857470202	0.03216577414980507	23.0	0.0	0.0	8.0
0.2993830987509612	0.6553129110573253	0.03420593327344356	50.0	0.0	0.0	8.0
0.648454701712365	0.11468380626070086	0.018350452924526375	52.0	24.0	0.0	8.0
0.7364027783109784	0.35804889050142674	0.030983577074911464	30.0	0.0	0.0	8.0
0.5970061319434234	0.03647314245446013	0.03023045939370104	33.0	0.0	0.0	8.0
0.14353894500537326	0.598819892518752	0.033490451712451824	5.0	0.0	0.0	8.0
0.35317828678129876	0.5896262428418872	0.031950900908991484	40.0	0.0	0.0	8.0
0.24760773038304287	0.7087274579878605	0.03230727368467912	11.0	0.0	0.0	8.0
0.9476682326859995	0.43343447921882367	0.03540565774608209	51.0	0.0	0.0004272275925387703	8.0
0.7578123537180763	0.9237343584608979	0.03350238142350446	14.0	0.0	0.0	8.0
0.9343003714497325	0.8428025068259352	0.03403999670252187	44.0	0.0	0.0	8.0
0.5557210407088442	0.7697567304583476	0.033019298186586096	37.0	0.0	0.0	8.0
0.6255215268866637	0.3346242025662271	0.031109225791960963	12.0	0.0	0.0	8.0
0.7010564771757121	0.15491839500296187	0.032600519473687514	10.0	0.0	0.0	8.0
0.45451758465994424	0.38886493754863843	0.03407415799619427	32.0	0.0	0.0	8.0
0.5669149540929449	0.606872895456676	0.03395164625421238	29.0	0.0	0.0	8.0
0.32875917597428844	0.039644786731703	0.034696407779972446	17.0	0.0	0.0	8.0
0.5389184633933075	0.2520644733749223	0.033870369532940266	8.0	0.0	0.0	8.0
0.7679974828844761	0.4591779846887642	0.03552732885851335	38.0	0.0	0.0009384790698021561	8.0
0.532225470017685	0.17307920752702302	0.03757402916200435	18.0	0.0	0.10914915114909718	8.0
0.9978373479926466	0.10524923689625384	0.018279301000137478	55.0	35.0	0.0	8.0
0.8377901782838435	0.6716840801071454	0.03245928556565387	45.0	0.0	0.0	8.0
0.12248079982043122	0.4142916687958888	0.03128935907633404	43.0	0.0	0.0	8.0
0.2234587193825145	0.6274855415123488	0.032541499638783944	41.0	0.0	0.0	8.0
0.5603274339620294	0.9437634150329253	0.029842075166251432	36.0	0.0	0.0	8.0
0.6324844803901671	0.2479663251304106	0.031089723802686493	31.0	0.0	0.0	8.0
0.05078490503736518	0.44544823479749507	0.030922559269802457	26.0	0.0	0.0	8.0
0.9668317214780027	0.7552697519058515	0.0345301984815952	21.0	0.0	0.0	8.0
0.6934951179866629	0.6777733688934259	0.03164397143200772	2.0	0.0	0.0	8.0
0.5394915837463572	0.2536221352556421	0.0339042399024732	8.0	0.0	0.0	9.0
0.9588576113021201	0.3001621532756201	0.030555043827885726	28.0	0.0	0.0	9.0
0.1965146284815593	0.4697647162796757	0.033586950237979474	9.0	0.0	0.0	9.0
0.5435709706526966	0.4549231376141017	0.019939545332073427	58.0	34.0	0.0	9.0
0.08552764429782639	0.641876276443012	0.03219793992395487	23.0	0.0	0.0	9.0
0.529085990654319	0.17106792829182227	0.03761160319116635	18.0	0.0	0.11399913231738878	9.0
0.7265647379900634	0.35689782581755064	0.03101456065198637	30.0	0.0	0.0	9.0
0.7109803663254255	0.08530738087575329	0.03326784622367321	42.0	0.0	0.0	9.0
0.8405905410057131	0.6708013983356715	0.03249174485121952	45.0	0.0	0.0	9.0
0.29898968286889693	0.6547030489045442	0.034240139206717	50.0	0.0	0.0	9.0
0.33461424129559153	0.8438653368982174	0.03156705968622881	19.0	0.0	0.0	9.0
0.48660808002465583	0.9828333477768496	0.03325088760752915	39.0	0.0	0.0	9.0
0.9681746414332008	0.7544793125300542	0.03456472868007679	21.0	0.0	0.0	9.0
0.9608805493951844	0.08248140613543581	0.018297580301137612	54.0	0.0	0.0	9.0
0.5986554135837494	0.03129757373593033	0.03026068985309474	33.0	0.0	0.0	9.0
0.7023382116072607	0.15468591357033695	0.0326331199931612	10.0	0.0	0.0	9.0
0.9569121350480064	0.8504550627296059	0.018245619960838236	60.0	44.0	0.0	9.0
0.44723451910168366	0.8980360864494602	0.03571648070635468	22.0	0.0	0.0023539296221315453	9.0
0.18720338945648804	0.3247343091177466	0.03352852640829947	47.0	0.0	0.0	9.0
0.6496269818407602	0.11286657082268474	0.0183688033774509	52.0	0.0	0.0	9.0
0.4227501176052234	0.5234108696794797	0.031361158082214895	15.0	0.0	0.0	9.0
0.7689311808894211	0.44977820833810017	0.03556285618737186	38.0	0.0	0.001141227708757242	9.0
0.2640272422190334	0.3378708150500727	0.03147288641357753	49.0	0.0	0.0	9.0
0.9952857307340531	0.10481953563253311	0.018297580301137612	55.0	0.0	0.0	9.0
0.5647181288179596	0.6045698113430588	0.03398559790046659	29.0	0.0	0.0	9.0
0.629131832675725	0.2478713158609032	0.031120813526489176	31.0	0.0	0.0	9.0
0.2478062010969079	0.16044150767354234	0.03435980178106846	25.0	0.0	0.0	9.0
0.2248604283102347	0.6255865912608843	0.03257404113842272	41.0	0.0	0.0	9.0
0.9127308312923307	0.8328274667741336	0.018245619960838236	61.0	44.0	0.0	9.0
0.560243149696483	0.9445972973744043	0.02987191724141768	36.0	0.0	0.0	9.0
0.5964392048189758	0.4018998986976701	0.03403913893177115	27.0	0.0	0.0	9.0
0.6925364250588473	0.6758962126064544	0.03167561540343972	2.0	0.0	0.0	9.0
0.3186972761465816	0.7239661635097973	0.03138567424548128	7.0	0.0	0.0	9.0
0.6101615395364745	0.0838786453137818	0.0183688033774509	53.0	0.0	0.0	9.0
0.6490862796018784	0.3298267153076442	0.017567999201344418	56.0	12.0	0.0	9.0
0.5600018403583805	0.7680424829862235	0.03305231748477268	37.0	0.0	0.0	9.0
0.05100274035362033	0.7138520156512967	0.032953257622005495	4.0	0.0	0.0	9.0
0.5086752698697987	0.41790116563967566	0.019939545332073427	59.0	34.0	0.0	9.0
0.7183154213432876	0.28401331054494694	0.03253331249633653	16.0	0.0	0.0	9.0
0.12369358429627579	0.4137881984714751	0.03132064843541037	43.0	0.0	0.0	9.0
0.6056645999765133	0.33917622390098356	0.017567999201344418	57.0	12.0	0.0	9.0
0.7569107811506147	0.9230905352552149	0.03353588380492796	14.0	0.0	0.0	9.0
0.05069391102302184	0.44338483127450934	0.030953481829072257	26.0	0.0	0.0	9.0
0.45454314622774333	0.3848048778234244	0.034108232154190454	32.0	0.0	0.0	9.0
0.32999776136536296	0.03824398166239837	0.03473110418775242	17.0	0.0	0.0	9.0
0.8680514801912077	0.965469097361206	0.03071338559460503	3.0	0.0	0.0	9.0
0.679058053185178	0.9321619140118962	0.03312816337966053	6.0	0.0	0.0	9.0
0.9468342734675446	0.4354613565139803	0.03544106340382817	51.0	0.0	0.000549139960568823	9.0
0.4431910953004733	0.23179712720731135	0.032281965794823494	20.0	0.0	0.0	9.0
0.2698025011774196	0.5726836196663415	0.03367401786790319	46.0	0.0	0.0	9.0
0.8903510301800714	0.09082504620685232	0.032596931949249675	13.0	0.0	0.0	9.0
0.09637999125123596	0.3158513279597804	0.036544674234432466	48.0	0.0	0.023587976225186935	9.0
0.7641546603730187	0.5327718681395316	0.03204552630379963	1.0	0.0	0.0	9.0
0.24965393577184516	0.7071869898510115	0.0323395809583638	11.0	0.0	0.0	9.0
0.143210458240762	0.5976916202765036	0.033523942164164273	5.0	0.0	0.0	9.0
0.3559423682162159	0.5846842363253633	0.03198285180990047	40.0	0.0	0.0	9.0
0.5987415580184783	0.03144081728635142	0.030290950542947833	33.0	0.0	0.0	10.0
0.6932241156023308	0.6736403892871768	0.03170729101884316	2.0	0.0	0.0	10.0
0.8676638969293942	0.9625546544350908	0.030744098980199634	3.0	0.0	0.0	10.0
0.6804994995306142	0.9332903704288392	0.033161291543040185	6.0	0.0	0.0	10.0
0.5411355911414713	0.4541216515085612	0.0199594848774055	58.0	0.0	0.0	10.0
0.6482322309497142	0.33283049798700876	0.01758556720054576	56.0	0.0	0.0	10.0
0.5959140607757648	0.4048479808015059	0.03407317807070292	27.0	0.0	0.0	10.0
0.7668932110232479	0.530303983984781	0.03207757183010342	1.0	0.0	0.0	10.0
0.9681842169507567	0.7548594678886746	0.034599293408756865	21.0	0.0	0.0	10.0
0.5409890905913781	0.26011580320607874	0.03393814414237567	8.0	0.0	0.0	10.0
0.6267807944999597	0.24846833784232378	0.03115193434001566	31.0	0.0	0.0	10.0
0.29941291973292344	0.6547123765312655	0.034274379345923714	50.0	0.0	0.0	10.0
0.0530378554788644	0.7149651634203523	0.0329862108796275	4.0	0.0	0.0	10.0
0.2524725936502321	0.7079406621991732	0.032371920539322155	11.0	0.0	0.0	10.0
0.26404480982862566	0.339265931295345	0.031504359299991104	49.0	0.0	0.0	10.0
0.3561505746691896	0.5843786567560655	0.03201483466171037	40.0	0.0	0.0	10.0
0.22392795117546685	0.6257375928250308	0.03260661517956114	41.0	0.0	0.0	10.0
0.09643517887790712	0.3156921195058351	0.0365812189086669	48.0	0.0	0.02530206524799894	10.0
0.4846605450081491	0.983963213704203	0.03328413849513668	39.0	0.0	0.0	10.0
0.5618835729266873	0.7665501397571184	0.033085369802257444	37.0	0.0	0.0	10.0
0.42471381223966614	0.5212995937140925	0.03139251924029711	15.0	0.0	0.0	10.0
0.6498204649210364	0.12823185925657615	0.01838717218082835	52.0	0.0	0.0	10.0
0.8889958849228474	0.08977784505498253	0.03262952888119892	13.0	0.0	0.0	10.0
0.44050939584210735	0.23120531435393848	0.032314247760618316	20.0	0.0	0.0	10.0
0.9415263363244509	0.43135959852112404	0.03547650446723199	51.0	0.0	0.0006924380162445232	10.0
0.3308035179899696	0.037092813518281656	0.03476583529194017	17.0	0.0	0.0	10.0
0.5066607499891028	0.4196487767576355	0.0199594848774055	59.0	0.0	0.0	10.0
0.12273866604280495	0.41353929682749246	0.03135196908384577	43.0	0.0	0.0	10.0
0.14317927835606942	0.5971419306509012	0.03355746610632843	5.0	0.0	0.0	10.0
0.7264877644415437	0.3562574127091966	0.031045575212638354	30.0	0.0	0.0	10.0
0.5619790997703766	0.6082320015169945	0.034019583498367055	29.0	0.0	0.0	10.0
0.9575718395036577	0.8515214041229006	0.018263865580799073	60.0	0.0	0.0	10.0
0.909599113536094	0.8370146972836278	0.018263865580799073	61.0	0.0	0.0	10.0
0.8419394409027058	0.6697858906439766	0.03252423659607074	45.0	0.0	0.0	10.0
0.3338523353480793	0.8481425658179867	0.031598626745915036	19.0	0.0	0.0	10.0
0.5610039404776188	0.9433846908154861	0.029901789158659094	36.0	0.0	0.0	10.0
0.24776164736277967	0.1590266221799086	0.034394161582849525	25.0	0.0	0.0	10.0
0.6097859991600733	0.33688811326741924	0.01758556720054576	57.0	0.0	0.0	10.0
0.7654271358414007	0.4416989863522696	0.035598419043559225	38.0	0.0	0.001371501197141356	10.0
0.9541944258891663	0.29801639880277325	0.03058559887171361	28.0	0.0	0.0	10.0
0.9602061160992351	0.08140644274405498	0.018315877881438746	54.0	0.0	0.0	10.0
0.26802727191589243	0.5729481995013874	0.033707691885771086	46.0	0.0	0.0	10.0
0.19654457389117597	0.4681794287992833	0.03362053718821745	9.0	0.0	0.0	10.0
0.7600845358916423	0.927686132112449	0.033569419688732886	14.0	0.0	0.0	10.0
0.5270892158257284	0.17671323448673457	0.03764921479435751	18.0	0.0	0.11899576051966676	10.0
0.4540869976666835	0.38264101047221394	0.034142340386344644	32.0	0.0	0.0	10.0
0.702363418336702	0.15468134156506969	0.03266575311315436	10.0	0.0	0.0	10.0
0.3210942253849688	0.7225553250957316	0.031417059919726764	7.0	0.0	0.0	10.0
0.6053638117223235	0.08097276283460826	0.01838717218082835	53.0	0.0	0.0	10.0
0.9992319336793793	0.10525608066802124	0.018315877881438746	55.0	0.0	0.0	10.0
0.4467301386395709	0.8999964191563677	0.035752197187061026	22.0	0.0	0.0027237992060378247	10.0
0.05036004340984878	0.44292040074304134	0.030984435310901327	26.0	0.0	0.0	10.0
0.1880646070715394	0.32431142764573034	0.03356205493470776	47.0	0.0	0.0	10.0
0.7166921518744747	0.28382338571266175	0.032565845808832865	16.0	0.0	0.0	10.0
0.08563418341207694	0.6419474029810818	0.03223013786387882	23.0	0.0	0.0	10.0
0.7107694877608183	0.08548571607828509	0.03330111406989688	42.0	0.0	0.0	10.0
0.18729226760195639	0.32416127202624206	0.03359561698964247	47.0	0.0	0.0	11.0
0.1235366291915865	0.4147593455603209	0.03138332105292961	43.0	0.0	0.0	11.0
0.24598475114731114	0.15888649600557445	0.03442855574443237	25.0	0.0	0.0	11.0
0.7277424775827982	0.3590069332442307	0.03107662078785099	30.0	0.0	0.0	11.0
0.8643664021341213	0.9597302396369671	0.03077484307917983	3.0	0.0	0.0	11.0
0.48507142152806504	0.9843477887221079	0.03331742263363181	39.0	0.0	0.0	11.0
0.6004973539547221	0.03032124149349078	0.03032124149349078	33.0	0.0	0.0	11.0
0.44145084170210414	0.23243156430714076	0.03234656200837893	20.0	0.0	0.0	11.0
0.9983266955861134	0.10502012827231552	0.018334193759320182	55.0	0.0	0.0	11.0
0.7652503131644375	0.44269164308378245	0.03563401746260278	38.0	0.0	0.0016311114379163882	11.0
0.29952663365211374	0.6521337706398441	0.03430865372526963	50.0	0.0	0.0	11.0
0.9056390048763377	0.8402790426287008	0.018282129446379868	61.0	0.0	0.0	11.0
0.45297547526569315	0.9015823582047425	0.035787949384248084	22.0	0.0	0.0031309413722482304	11.0
0.08238075778144051	0.6420191045326886	0.032262368001742696	23.0	0.0	0.0	11.0
0.6276025248730362	0.24918119510906755	0.031183086274355672	31.0	0.0	0.0	11.0
0.5605940763258629	0.9430920021716634	0.029931690947817752	36.0	0.0	0.0	11.0
0.8428300401372134	0.6730751141847259	0.03255676083266681	45.0	0.0	0.0	11.0
0.9603005467398265	0.8532453928160303	0.018282129446379868	60.0	0.0	0.0	11.0
0.7709961546177226	0.5302910683334479	0.032109649401933525	1.0	0.0	0.0	11.0
0.9604069377510603	0.07851127691102656	0.018334193759320182	54.0	0.0	0.0	11.0
0.2506649472555868	0.7116514972869221	0.032404292459861476	11.0	0.0	0.0	11.0
0.681705188756197	0.9342342610896021	0.03319445283458322	6.0	0.0	0.0	11.0
0.5623529051385507	0.6056685918261175	0.03405360308186542	29.0	0.0	0.0	11.0
0.32816817845012936	0.03797853361000768	0.03480060112723211	17.0	0.0	0.0	11.0
0.19712422898706117	0.4665072062884787	0.03365415772540566	9.0	0.0	0.0	11.0
0.9674267424600106	0.7532792910246359	0.03463389270216562	21.0	0.0	0.0	11.0
0.45190393177239946	0.3837646146645999	0.03417648272673098	32.0	0.0	0.0	11.0
0.6098021559506257	0.33652173775594574	0.017603152767746304	57.0	0.0	0.0	11.0
0.04552556572068473	0.4427833985188832	0.031015419746212223	26.0	0.0	0.0	11.0
0.7136418069565299	0.2806254978325625	0.032598411654641696	16.0	0.0	0.0	11.0
0.6471459963169247	0.3370522738843405	0.017603152767746304	56.0	0.0	0.0	11.0
0.5962353474344831	0.40848368578202854	0.03410725124877362	27.0	0.0	0.0	11.0
0.09723220580693329	0.3166778453102319	0.03661780012757556	48.0	0.0	0.02709908143010864	11.0
0.22276547305497918	0.6281239912993257	0.0326392217947407	41.0	0.0	0.0	11.0
0.3564000066295834	0.5844453516085121	0.03204684949637208	40.0	0.0	0.0	11.0
0.6038890078714291	0.0860595955179208	0.018405559353009176	53.0	0.0	0.0	11.0
0.8869552680607571	0.09168783559529373	0.03266215841008011	13.0	0.0	0.0	11.0
0.26968380510915263	0.5722605131722628	0.03374139957765685	46.0	0.0	0.0	11.0
0.7679302887353158	0.9307707933891283	0.03360298910842162	14.0	0.0	0.0	11.0
0.5340015748580581	0.4528276811781134	0.0199794443622829	58.0	0.0	0.0	11.0
0.14385550551241374	0.5973411196226833	0.03359102357243476	5.0	0.0	0.0	11.0
0.9364886976229128	0.43217537329476124	0.03551198097169922	51.0	0.0	0.0008588976901791057	11.0
0.5608135614557295	0.7681420157067368	0.0331184551720597	37.0	0.0	0.0	11.0
0.9548298019736302	0.29836393072475603	0.03061618447058532	28.0	0.0	0.0	11.0
0.7092613458269537	0.08161405137229345	0.03333441518396677	42.0	0.0	0.0	11.0
0.26680384824844705	0.33996656074543086	0.03153586365929109	49.0	0.0	0.0	11.0
0.7015913747838993	0.15616982150228448	0.03269841886626751	10.0	0.0	0.0	11.0
0.3212232134392814	0.7223104242337341	0.031448476979646485	7.0	0.0	0.0	11.0
0.4234951673866249	0.5212650590515995	0.031423911759537404	15.0	0.0	0.0	11.0
0.5067607911093062	0.41963579293567205	0.0199794443622829	59.0	0.0	0.0	11.0
0.6930980584587165	0.6736041188897731	0.031738998309862	2.0	0.0	0.0	11.0
0.052699027764374295	0.7171904991449785	0.03301919709050712	4.0	0.0	0.0	11.0
0.6507250904358508	0.1277444297930629	0.018405559353009176	52.0	0.0	0.0	11.0
0.5412895979064336	0.2601300032134578	0.03397208228651804	8.0	0.0	0.0	11.0
0.330768437875373	0.8484444654515219	0.03163022537266095	19.0	0.0	0.0	11.0
0.5262626757074684	0.17572960054627612	0.03768686400915187	18.0	0.0	0.12414151233888049	11.0
