# x	y	r	id	split_id	s_prob	t
2.0	0.5	0.0	-1.0	0.0	0.0	0.0
0.6349734343445699	0.23757976012307144	0.03336166605937514	1.0	0.0	0.0	0.0
0.15679776853190466	0.5528245454792889	0.0352213395585905	2.0	0.0	6.939962000274136e-05	0.0
0.8036594207150481	0.6596646060606003	0.03179352930441791	3.0	0.0	0.0	0.0
0.4759436461022796	0.5559089535846018	0.031086378712683764	4.0	0.0	0.0	0.0
0.60820199380393	0.8302187649520517	0.033989398147573555	5.0	0.0	0.0	0.0
0.8371171136347411	0.2462695587362963	0.03050950144720015	6.0	0.0	0.0	0.0
0.943721720988451	0.35687401972333166	0.030291823420384164	7.0	0.0	0.0	0.0
0.7821296265686019	0.5026903133028483	0.032709973863018965	8.0	0.0	0.0	0.0
0.2454126844337788	0.5392413988583589	0.03347925074597871	9.0	0.0	0.0	0.0
0.5626760828662534	0.9524527176066355	0.030339583976605983	10.0	0.0	0.0	0.0
0.1582894518516862	0.3324194140667245	0.03445072945502107	11.0	0.0	0.0	0.0
0.7665445547518481	0.40144067229210845	0.03153932279145252	12.0	0.0	0.0	0.0
0.8877482288767385	0.3145127786843169	0.034813918309579736	13.0	0.0	0.0	0.0
0.842691617263744	0.08933133763753334	0.03351373811899268	14.0	0.0	0.0	0.0
0.7461064440516878	0.2910749956599153	0.03330283804073234	15.0	0.0	0.0	0.0
0.30448804001422425	0.4491731268298541	0.03525456114201251	16.0	0.0	0.00010557383698994727	0.0
0.6899268832914242	0.43589060997916024	0.032505633948363546	17.0	0.0	0.0	0.0
0.14358824519339453	0.07374027224791807	0.031895446447872296	18.0	0.0	0.0	0.0
0.5864463667251858	0.2936630782504863	0.030087911773030274	19.0	0.0	0.0	0.0
0.45816140140869854	0.18667665804040018	0.03324518717284882	20.0	0.0	0.0	0.0
0.8720028201962207	0.3886797931181468	0.033383809965253274	21.0	0.0	0.0	0.0
0.7367628283965986	0.5852868987321427	0.03239273492619579	22.0	0.0	0.0	0.0
0.4760225121679348	0.11342923648730452	0.03276033401510909	23.0	0.0	0.0	0.0
0.7743288987313606	0.22922111849010263	0.03366329455675993	24.0	0.0	0.0	0.0
0.2928112479440865	0.2725242378679171	0.03012472945912254	25.0	0.0	0.0	0.0
0.5077955326948076	0.43670027451816185	0.03489301288506954	26.0	0.0	0.0	0.0
0.7980716359642186	0.7880285229849606	0.031159764906339642	27.0	0.0	0.0	0.0
0.30822989570773196	0.7086084549130525	0.03273467222073619	28.0	0.0	0.0	0.0
0.8144234912747863	0.44241622762632127	0.030202793688171834	29.0	0.0	0.0	0.0
0.16416845150768672	0.8121331291000979	0.032789326184848956	30.0	0.0	0.0	0.0
0.2197616451339747	0.39486767704142806	0.03216144057975881	31.0	0.0	0.0	0.0
0.26208034215447074	0.845809830341667	0.028204874823215865	32.0	0.0	0.0	0.0
0.938732580063774	0.4747424740688232	0.03269176796104278	33.0	0.0	0.0	0.0
0.3150899644791627	0.9094213771312973	0.033921555972241814	34.0	0.0	0.0	0.0
0.47536611668440776	0.6630825439753758	0.032107542589768855	35.0	0.0	0.0	0.0
0.6346085847475679	0.16858119940382957	0.03365837663094508	36.0	0.0	0.0	0.0
0.18163044474405582	0.9424744357572817	0.032308393386071305	37.0	0.0	0.0	0.0
0.861431396354869	0.7204858773358244	0.03423685854442611	38.0	0.0	0.0	0.0
0.4784843297623308	0.7491452249260522	0.03383677653311875	39.0	0.0	0.0	0.0
0.6399766209391871	0.38272412699795166	0.029822120403457966	40.0	0.0	0.0	0.0
0.7589194959049713	0.7236995095913299	0.03222430384092686	41.0	0.0	0.0	0.0
0.4205879996474799	0.6043199200065045	0.031673096071397316	42.0	0.0	0.0	0.0
0.5123071766646863	0.8698693136145801	0.031469219658752566	43.0	0.0	0.0	0.0
0.6995193024372721	0.3563490902747339	0.031245181895219364	44.0	0.0	0.0	0.0
0.6995090064048147	0.7576655538335322	0.03348306609539524	45.0	0.0	0.0	0.0
0.8900884560481744	0.8638954661936207	0.02994458455065847	46.0	0.0	0.0	0.0
0.7166651249168217	0.5164533421701948	0.03198074412246458	47.0	0.0	0.0	0.0
0.6430553813343314	0.3144576749024782	0.02960870557374562	48.0	0.0	0.0	0.0
0.4443689638487976	0.8727980879602644	0.031174411048560155	49.0	0.0	0.0	0.0
0.4061417863545159	0.2901442598557782	0.03398373313890356	50.0	0.0	0.0	0.0
0.5888690727208071	0.5227629554688382	0.03345857641592371	51.0	0.0	0.0	0.0
0.3175845349415011	0.5202683850064999	0.030528787740472695	52.0	0.0	0.0	0.0
0.9293779408300049	0.7634890050844982	0.03532002679823912	53.0	0.0	0.00020976789188864586	0.0
0.3255807287893866	0.33969103415908825	0.03293664986827046	54.0	0.0	0.0	0.0
0.2445542943036181	0.6152616881318111	0.031527010765136414	55.0	0.0	0.0	0.0
0.060643777320641225	0.9100450197468819	0.0319200851726464	56.0	0.0	0.0	0.0
0.31729973405231543	0.9098654489876753	0.033955477528214054	34.0	0.0	0.0	1.0
0.14467246246005125	0.07332185969726676	0.031927341894320165	18.0	0.0	0.0	1.0
0.9424064689293383	0.3551651194573064	0.030322115243804546	7.0	0.0	0.0	1.0
0.5174771367725799	0.8718271575037672	0.031500688878411315	43.0	0.0	0.0	1.0
0.15588208524007008	0.33539673302960155	0.034485180184476084	11.0	0.0	0.0	1.0
0.29638814944755254	0.2764188435041377	0.03015485418858166	25.0	0.0	0.0	1.0
0.44498995035331806	0.8737475475927056	0.031205585459608713	49.0	0.0	0.0	1.0
0.5091553867826697	0.4360745406617847	0.03492790589795461	26.0	0.0	0.0	1.0
0.7356340534703744	0.5847846195701988	0.03242512766112199	22.0	0.0	0.0	1.0
0.3204422562843407	0.5323987401971162	0.030559316528213164	52.0	0.0	0.0	1.0
0.5653782615503772	0.9534760222190107	0.030369923560582587	10.0	0.0	0.0	1.0
0.8213121767989183	0.43420753060236705	0.03023299648186	29.0	0.0	0.0	1.0
0.24258121579740557	0.6118359194557516	0.03155853777590155	55.0	0.0	0.0	1.0
0.7616457812815671	0.7223608286899617	0.03225652814476778	41.0	0.0	0.0	1.0
0.8647406469122281	0.7175783630712937	0.03427109540297053	38.0	0.0	0.0	1.0
0.7144378264288695	0.5077993353500879	0.03201272486658704	47.0	0.0	0.0	1.0
0.1520817813613185	0.552987910192645	0.03525656089814908	2.0	0.0	0.00010808150308605491	1.0
0.587904661718002	0.29397528816544566	0.0301179996848033	19.0	0.0	0.0	1.0
0.8772558303796397	0.3868031500228299	0.033417193775218526	21.0	0.0	0.0	1.0
0.06090337012144044	0.8963023719629705	0.03195200525781904	56.0	0.0	0.0	1.0
0.6408720308944298	0.3853607834425265	0.02985194252386142	40.0	0.0	0.0	1.0
0.925943241332731	0.761855822081944	0.035355346825037354	53.0	0.0	0.0002871688257499727	1.0
0.6349865092904073	0.23861809543261167	0.03339502772543451	1.0	0.0	0.0	1.0
0.4220289301192738	0.6031168353406345	0.03170476916746871	42.0	0.0	0.0	1.0
0.7015595155290765	0.7579976049622038	0.03351654916149063	45.0	0.0	0.0	1.0
0.8905096314186834	0.8628898689910286	0.029974529135209125	46.0	0.0	0.0	1.0
0.8455855795272005	0.2502782616565636	0.030540010948647348	6.0	0.0	0.0	1.0
0.7455237878418112	0.2937552693630112	0.03333614087877307	15.0	0.0	0.0	1.0
0.6361197291507437	0.16874836834983964	0.03369203500757602	36.0	0.0	0.0	1.0
0.15864412832804206	0.8050306242836969	0.032822115511033804	30.0	0.0	0.0	1.0
0.6056632467589786	0.8302747158551694	0.03402338754572112	5.0	0.0	0.0	1.0
0.47618813083804534	0.10517201292182127	0.0327930943491242	23.0	0.0	0.0	1.0
0.7653377217516633	0.4040852704932938	0.031570862114243974	12.0	0.0	0.0	1.0
0.2427613958531856	0.5382564067089783	0.03351272999672469	9.0	0.0	0.0	1.0
0.7888618849797921	0.5118982910571668	0.03274268383688198	8.0	0.0	0.0	1.0
0.8078776871683525	0.6575933215258272	0.03182532283372232	3.0	0.0	0.0	1.0
0.405672651350988	0.2938503397738149	0.034017716872042456	50.0	0.0	0.0	1.0
0.6917200660741893	0.4314532205757511	0.03253813958231191	17.0	0.0	0.0	1.0
0.5845669828357398	0.5183650080918528	0.03349203499233963	51.0	0.0	0.0	1.0
0.22569897017510265	0.39746499461714474	0.032193602020338566	31.0	0.0	0.0	1.0
0.3102700500574645	0.7220076786602702	0.03276740689295692	28.0	0.0	0.0	1.0
0.8388422315114149	0.08878237621245626	0.033547251857111667	14.0	0.0	0.0	1.0
0.9384179760717954	0.47590439159169384	0.03272445972900381	33.0	0.0	0.0	1.0
0.6979301830381934	0.35472456273588504	0.03127642707711458	44.0	0.0	0.0	1.0
0.3116077109936355	0.4485609771144325	0.035289815703154516	16.0	0.0	0.00015579220128358884	1.0
0.2683345131873488	0.8483601200840613	0.02823307969803908	32.0	0.0	0.0	1.0
0.47686614770954	0.5553014440438807	0.031117465091396443	4.0	0.0	0.0	1.0
0.32269549994027813	0.34753268726300335	0.03296958651813873	54.0	0.0	0.0	1.0
0.7653052396202713	0.22671565168934335	0.03369695785131669	24.0	0.0	0.0	1.0
0.4780009632672506	0.7481368681276273	0.03387061330965187	39.0	0.0	0.0	1.0
0.4522050864709466	0.18919803230112692	0.03327843236002167	20.0	0.0	0.0	1.0
0.876954328243752	0.30842745530235804	0.03484873222788931	13.0	0.0	0.0	1.0
0.6448642735925965	0.3148928549723939	0.02963831427931936	48.0	0.0	0.0	1.0
0.47961766320828164	0.6587362661470803	0.03213965013235862	35.0	0.0	0.0	1.0
0.18304584679877084	0.9417346327250656	0.03234070177945737	37.0	0.0	0.0	1.0
0.7973944807601342	0.7903009819882035	0.031190924671245977	27.0	0.0	0.0	1.0
0.15303124552646477	0.5516671467240419	0.03529181745904723	2.0	0.0	0.00015904271786837398	2.0
0.7021733795176434	0.7612090015363866	0.03355006571065212	45.0	0.0	0.0	2.0
0.4453657163739219	0.8748099178778167	0.031236791045068317	49.0	0.0	0.0	2.0
0.4763351515500078	0.11100884744841485	0.03282588744347332	23.0	0.0	0.0	2.0
0.9335237071265974	0.7719912046798948	0.03539070217186239	53.0	0.0	0.000381695860667719	2.0
0.275561133460951	0.8503902587298632	0.028261312777737115	32.0	0.0	0.0	2.0
0.6425222811921645	0.3138375128982145	0.029667952593598678	48.0	0.0	0.0	2.0
0.760866656993019	0.7141351373248734	0.032288784672912546	41.0	0.0	0.0	2.0
0.48247992704834924	0.6588715179882617	0.03217178978249098	35.0	0.0	0.0	2.0
0.1599193180231769	0.8062546693126849	0.03285493762654484	30.0	0.0	0.0	2.0
0.7953363966371494	0.5193143489555517	0.03277542652071886	8.0	0.0	0.0	2.0
0.3207651112693758	0.34667370822181376	0.03300255610465686	54.0	0.0	0.0	2.0
0.5802817428390312	0.2883374102398945	0.0301481176844881	19.0	0.0	0.0	2.0
0.8732009343276619	0.38483769206238044	0.03345061096899374	21.0	0.0	0.0	2.0
0.4802213523702297	0.5520399741427772	0.031148582556487836	4.0	0.0	0.0	2.0
0.8322437632495133	0.43894406041662043	0.03026322947834186	29.0	0.0	0.0	2.0
0.5837032505207311	0.518973634853375	0.03352552702733197	51.0	0.0	0.0	2.0
0.8651323390470218	0.718565484969028	0.0343053664983735	38.0	0.0	0.0	2.0
0.5698228787532391	0.9499511353671968	0.030400293484143165	10.0	0.0	0.0	2.0
0.40435646273368486	0.2939791886946185	0.034051734588914494	50.0	0.0	0.0	2.0
0.8374799103404518	0.08982149015406217	0.03358079910896877	14.0	0.0	0.0	2.0
0.1447946361719968	0.0743953329523998	0.031959269236214484	18.0	0.0	0.0	2.0
0.63428231143725	0.3772896893527663	0.029881794466385277	40.0	0.0	0.0	2.0
0.46806921292156106	0.7488572001863147	0.03390448392296152	39.0	0.0	0.0	2.0
0.9404587156390711	0.3544692826635575	0.030352437359048346	7.0	0.0	0.0	2.0
0.8434160245182386	0.23925495331938498	0.03057055095959599	6.0	0.0	0.0	2.0
0.63540919718427	0.23767618039347063	0.03342842275315994	1.0	0.0	0.0	2.0
0.1837705176939643	0.9402704747105083	0.032373042481236826	37.0	0.0	0.0	2.0
0.6961252077949648	0.4279816085715209	0.03257067772189422	17.0	0.0	0.0	2.0
0.3154355596728704	0.7247491324215805	0.032800174299849875	28.0	0.0	0.0	2.0
0.15729710058770843	0.3305364990381795	0.03451966536466056	11.0	0.0	0.0	2.0
0.63427969522594	0.16750312541984408	0.03372572704258359	36.0	0.0	0.0	2.0
0.317898238512714	0.4491767913461184	0.03532510551885767	16.0	0.0	0.00021991406173071937	2.0
0.7647458950662951	0.4032688309931596	0.031602432976358216	12.0	0.0	0.0	2.0
0.24180136060744292	0.5407676173503189	0.03354624272672141	9.0	0.0	0.0	2.0
0.32161819918873075	0.5351575445108291	0.030589875844741373	52.0	0.0	0.0	2.0
0.3185110258040743	0.9114431780074977	0.03398943300574227	34.0	0.0	0.0	2.0
0.7352664086527624	0.5764478117335236	0.03245755278878311	22.0	0.0	0.0	2.0
0.8915416900238006	0.8624149695023619	0.03000450366434433	46.0	0.0	0.0	2.0
0.24392251696240064	0.6154813905756659	0.03159009631367745	55.0	0.0	0.0	2.0
0.06396045019007078	0.8908365020251842	0.03198395726307686	56.0	0.0	0.0	2.0
0.517690118274771	0.8729413588239934	0.031532189567289724	43.0	0.0	0.0	2.0
0.7036911742521202	0.3599602088211919	0.031307703504191695	44.0	0.0	0.0	2.0
0.9393118801989749	0.4766041969307141	0.032757184188732816	33.0	0.0	0.0	2.0
0.8062071084146233	0.6581547919339547	0.03185714815655604	3.0	0.0	0.0	2.0
0.7134592601354817	0.5086924122673068	0.03204473759145362	47.0	0.0	0.0	2.0
0.7461762395495974	0.30573521664485737	0.03336947701965184	15.0	0.0	0.0	2.0
0.42462220580750615	0.6018434658446817	0.03173647393663618	42.0	0.0	0.0	2.0
0.7562095502433045	0.2249582636927876	0.033730654809168	24.0	0.0	0.0	2.0
0.8766352257390897	0.29983922211435854	0.0348835809601172	13.0	0.0	0.0	2.0
0.45292928643987446	0.18810583707611905	0.03331171079238169	20.0	0.0	0.0	2.0
0.2962554974156909	0.2790503663332655	0.030185009042770237	25.0	0.0	0.0	2.0
0.23177319853049136	0.39767540964548215	0.0322257956223589	31.0	0.0	0.0	2.0
0.6030917743428215	0.8290120523638649	0.03405741093326684	5.0	0.0	0.0	2.0
0.5084864165186086	0.4378927093485502	0.03496283380385256	26.0	0.0	0.0	2.0
0.8002761012113535	0.782903357171512	0.03122211559591722	27.0	0.0	0.0	2.0
0.7671438929079674	0.7146699467668013	0.032321073457585454	41.0	0.0	0.0	3.0
0.7031021451326842	0.3617691780721238	0.03133901120769588	44.0	0.0	0.0	3.0
0.875750718480241	0.3051944183857017	0.03491846454107731	13.0	0.0	0.0	3.0
0.18917098381514477	0.9419354113840527	0.03240541552371806	37.0	0.0	0.0	3.0
0.47649855762671334	0.5516991775920864	0.03117973113904432	4.0	0.0	0.0	3.0
0.40663883772937237	0.28487123835828276	0.034085786323503404	50.0	0.0	0.0	3.0
0.7926422120599201	0.7817164281357397	0.03125333771151313	27.0	0.0	0.0	3.0
0.44643428117581846	0.8694045398764843	0.031268027836113384	49.0	0.0	0.0	3.0
0.6020963477360428	0.8284917623024013	0.034091468344200106	5.0	0.0	0.0	3.0
0.6337298085138815	0.24306323172890915	0.0334618511759131	1.0	0.0	0.0	3.0
0.8332435524428925	0.4384840096265236	0.030293492707820197	29.0	0.0	0.0	3.0
0.635677352417967	0.16416608279841396	0.03375945276962617	36.0	0.0	0.0	3.0
0.7032115851361476	0.7612449656213462	0.03358361577636276	45.0	0.0	0.0	3.0
0.8671615809142555	0.7057794071506258	0.03433967186487187	38.0	0.0	0.0	3.0
0.2547614762309848	0.6154897238179217	0.03162168640999113	55.0	0.0	0.0	3.0
0.7359820778810413	0.5756384100643752	0.03249001034157189	22.0	0.0	0.0	3.0
0.7655151529038036	0.40402607543549596	0.03163403540933457	12.0	0.0	0.0	3.0
0.15807164381422795	0.33144655845387955	0.03455418503002521	11.0	0.0	0.0	3.0
0.8043334355240777	0.6590312940097043	0.031889005304712593	3.0	0.0	0.0	3.0
0.6950217109591714	0.4272143835045768	0.032603248399616105	17.0	0.0	0.0	3.0
0.4723265003147848	0.11224469455924033	0.03285871333091679	23.0	0.0	0.0	3.0
0.1560425835212744	0.553517063787042	0.03532710927650627	2.0	0.0	0.0002240054348732201	3.0
0.795970638085777	0.5206591027714914	0.032808201947239574	8.0	0.0	0.0	3.0
0.7529809161969946	0.2205843060808471	0.03376438546397716	24.0	0.0	0.0	3.0
0.23539087245756485	0.40114798772843585	0.03225802141798126	31.0	0.0	0.0	3.0
0.46955692160199364	0.7478503933599681	0.03393838840688448	39.0	0.0	0.0	3.0
0.7134081827334006	0.5059884129870637	0.03207678232904507	47.0	0.0	0.0	3.0
0.4234735331389267	0.602229527088782	0.03176821041057281	42.0	0.0	0.0	3.0
0.579853367877588	0.28679389312508174	0.030178265802172585	19.0	0.0	0.0	3.0
0.8906881046561553	0.8586041376926671	0.03003450816800867	46.0	0.0	0.0	3.0
0.45484362989112787	0.19168562748425944	0.03334502250317407	20.0	0.0	0.0	3.0
0.5661784842488866	0.9456140801563164	0.030430693777627305	10.0	0.0	0.0	3.0
0.3194988195814989	0.7216092103844564	0.03283297447414972	28.0	0.0	0.0	3.0
0.508355585167903	0.4368042040946425	0.03499779663765641	26.0	0.0	0.0	3.0
0.23333913350275692	0.5342423136963028	0.033579788969448125	9.0	0.0	0.0	3.0
0.48472414134200115	0.6594715916153039	0.03220396157227347	35.0	0.0	0.0	3.0
0.32373161866945527	0.3553790117833034	0.033035558660761515	54.0	0.0	0.0	3.0
0.06478765504005352	0.8936125112731838	0.03201594122033993	56.0	0.0	0.0	3.0
0.5828251290999527	0.517141774942734	0.0335590525543593	51.0	0.0	0.0	3.0
0.6411486779779063	0.3159965532005349	0.029697620546192273	48.0	0.0	0.0	3.0
0.8483691359350486	0.23705093142480563	0.030601121510555582	6.0	0.0	0.0	3.0
0.9416953117684396	0.480150072368475	0.032789941372921544	33.0	0.0	0.0	3.0
0.9352952973490859	0.7702691075883428	0.03542609287403425	53.0	0.0	0.0004950998416006769	3.0
0.1651119131187605	0.805312834625913	0.03288779256417138	30.0	0.0	0.0	3.0
0.5170324580212252	0.8712530296720667	0.03156372175685701	43.0	0.0	0.0	3.0
0.32360528732966737	0.5350259950659837	0.03062046572058611	52.0	0.0	0.0	3.0
0.144379888084915	0.07552256091056088	0.03199122850545069	18.0	0.0	0.0	3.0
0.3232045373163831	0.909138535112877	0.03402342243874801	34.0	0.0	0.0	3.0
0.8721197584573059	0.38414504645909303	0.033484061579962726	21.0	0.0	0.0	3.0
0.2743424538413186	0.8517861630230473	0.028289574090514847	32.0	0.0	0.0	3.0
0.29123739480318944	0.27887784078500333	0.030215194051813006	25.0	0.0	0.0	3.0
0.6333789620957374	0.37776911745075703	0.029911676260851658	40.0	0.0	0.0	3.0
0.9422233482350383	0.3559238816898287	0.030382789796407392	7.0	0.0	0.0	3.0
0.74711662624054	0.30498942538067614	0.03340284649667149	15.0	0.0	0.0	3.0
0.8354143570358026	0.09484166740311945	0.03361437990807774	14.0	0.0	0.0	3.0
0.31609554859165084	0.44502035732649403	0.03536043062437652	16.0	0.0	0.00029967121349727677	3.0
0.941909279299692	0.3549795792033576	0.030413172586203796	7.0	0.0	0.0	4.0
0.6262133636035826	0.379599065524356	0.029941587937112508	40.0	0.0	0.0	4.0
0.7033318175255019	0.3551784903977408	0.031370350218903574	44.0	0.0	0.0	4.0
0.3013980790162962	0.2846028111731322	0.030245409245864815	25.0	0.0	0.0	4.0
0.6346683380559246	0.16575205948415306	0.03379321222239579	36.0	0.0	0.0	4.0
0.474709418918401	0.10810733870433407	0.032891572044247704	23.0	0.0	0.0	4.0
0.7532281851174111	0.2233824205406039	0.033798149849441135	24.0	0.0	0.0	4.0
0.6957677377555516	0.4255720001476299	0.03263585164801572	17.0	0.0	0.0	4.0
0.7020470473654578	0.7628019986819341	0.03361719939213912	45.0	0.0	0.0	4.0
0.5182508344265033	0.8717320504356142	0.031595285478613865	43.0	0.0	0.0	4.0
0.16563871791830787	0.8032105893943947	0.03292068035673555	30.0	0.0	0.0	4.0
0.447108278782419	0.8800959427377917	0.03129929586394949	49.0	0.0	0.0	4.0
0.5856096099018387	0.5195573329393326	0.03359261160691365	51.0	0.0	0.0	4.0
0.1500409602061841	0.548879253327132	0.03536243638578277	2.0	0.0	0.0003047020294957292	4.0
0.5606167497341242	0.9389952715641141	0.030461124471404928	10.0	0.0	0.0	4.0
0.7926929340856592	0.7805662425179472	0.03128459104922464	27.0	0.0	0.0	4.0
0.5067720362802812	0.4364547374224115	0.035032794434294065	26.0	0.0	2.257253868265252e-07	4.0
0.3331116763528719	0.9026142305061977	0.03405744586118675	34.0	0.0	0.0	4.0
0.9419825228121594	0.4839444730151992	0.03282273131429446	33.0	0.0	0.0	4.0
0.8042012252649542	0.6616540530450968	0.0319208943100173	3.0	0.0	0.0	4.0
0.1526491120270217	0.3359163894405795	0.03458873921505523	11.0	0.0	0.0	4.0
0.3225229930621727	0.45339221790402595	0.035395791055000896	16.0	0.0	0.00039680569663858023	4.0
0.9330270390228729	0.7570540830077144	0.03546151896690828	53.0	0.0	0.0006291419373951612	4.0
0.7579123037089719	0.715456461904119	0.032353394531043037	41.0	0.0	0.0	4.0
0.40705676405159447	0.2878692824710785	0.03411987210982691	50.0	0.0	0.0	4.0
0.765622746773812	0.39833013681669727	0.0316656694447439	12.0	0.0	0.0	4.0
0.2581727378127962	0.6124925824600073	0.031653308096401114	55.0	0.0	0.0	4.0
0.5785957603476292	0.28728833812305954	0.030208444067974755	19.0	0.0	0.0	4.0
0.8669701998734614	0.7039981036125091	0.03437401153673674	38.0	0.0	0.0	4.0
0.7919010545575209	0.5160565188257902	0.03284101014918681	8.0	0.0	0.0	4.0
0.7404927525899924	0.5794529850036251	0.03252250035191346	22.0	0.0	0.0	4.0
0.2304558363566343	0.5233214298717156	0.03361336875841757	9.0	0.0	0.0	4.0
0.6294796614422791	0.24639051876327314	0.033495313027089	1.0	0.0	0.0	4.0
0.23523330170336706	0.4000674296821929	0.03229027943939924	31.0	0.0	0.0	4.0
0.4788771547846775	0.5510791907598757	0.03121091087018336	4.0	0.0	0.0	4.0
0.8801047130294561	0.308632542794451	0.034953383005618385	13.0	0.0	0.0	4.0
0.8707434294371532	0.38438010901760533	0.03351754564154268	21.0	0.0	0.0	4.0
0.8348994771341386	0.43777200213553463	0.030323786200528013	29.0	0.0	0.0	4.0
0.45356554349346756	0.19122902985173276	0.03337836752567724	20.0	0.0	0.0	4.0
0.8908366665216971	0.8559850479476725	0.030064542676176677	46.0	0.0	0.0	4.0
0.28152100650258555	0.8489115095095573	0.02831786366460536	32.0	0.0	0.0	4.0
0.41999176511041436	0.6058339941025273	0.03179997862098338	42.0	0.0	0.0	4.0
0.32218359732274704	0.3515482960380064	0.03306859421942227	54.0	0.0	0.0	4.0
0.6000852282713963	0.8294325617312865	0.0341255598125443	5.0	0.0	0.0	4.0
0.32281508084372756	0.7250423381031262	0.032865807448623864	28.0	0.0	0.0	4.0
0.6583918637253979	0.31268531522151516	0.029727318166738462	48.0	0.0	0.0	4.0
0.7463916427090567	0.3062300561175412	0.033436249343168155	15.0	0.0	0.0	4.0
0.19520697710861415	0.9373912657212037	0.032437820939241774	37.0	0.0	0.0	4.0
0.14574059091532376	0.0795293355347898	0.03202321973395614	18.0	0.0	0.0	4.0
0.7037468742532299	0.5121408584552372	0.03210885911137411	47.0	0.0	0.0	4.0
0.8299621764794237	0.0934936235631709	0.03364799428798581	14.0	0.0	0.0	4.0
0.4749413113597222	0.7498894409278738	0.03397232679529136	39.0	0.0	0.0	4.0
0.32212105265064195	0.5301572772510406	0.030651086186306693	52.0	0.0	0.0	4.0
0.856913186329985	0.22735781339136668	0.030631722632066136	6.0	0.0	0.0	4.0
0.48540633231363284	0.6605742800463904	0.032236165533845736	35.0	0.0	0.0	4.0
0.062388477658881586	0.8937258806815457	0.03204795716156027	56.0	0.0	0.0	4.0
0.33272259985587493	0.9006460714072172	0.03409150330704794	34.0	0.0	0.0	5.0
0.1481958175617869	0.08015281510752405	0.03205524295369009	18.0	0.0	0.0	5.0
0.06204976860079417	0.8925054470074142	0.032080005118721826	56.0	0.0	0.0	5.0
0.8785246103144749	0.3082206853794412	0.034988336388624	13.0	0.0	0.0	5.0
0.855634480753563	0.22712588133352776	0.030662354354698197	6.0	0.0	0.0	5.0
0.7614869112518856	0.7110187540190618	0.032385747925574075	41.0	0.0	0.0	5.0
0.8370017042856238	0.43773215496895757	0.030354109986728536	29.0	0.0	0.0	5.0
0.45215027517121614	0.19089795891238082	0.03341174589320291	20.0	0.0	0.0	5.0
0.940682594769795	0.48510117496079425	0.03285555404560875	33.0	0.0	0.0	5.0
0.8869170713113205	0.8594727820822028	0.03009460721885285	46.0	0.0	0.0	5.0
0.32432891284441057	0.4492283368438938	0.035431186846055895	16.0	0.0	0.000513069838575575	5.0
0.6202947749992282	0.3877237706867051	0.02997152952504962	40.0	0.0	0.0	5.0
0.6832849274711882	0.43691505579111783	0.03266848749966373	17.0	0.0	0.0	5.0
0.43393747869610866	0.8768394812651847	0.031330595159813436	49.0	0.0	0.0	5.0
0.46570964965065087	0.11653100435452277	0.03292446361629195	23.0	0.0	0.0	5.0
0.4183715197019339	0.606773982377694	0.031831778599604364	42.0	0.0	0.0	5.0
0.3787575150300601	0.3306613226452906	0.05090180360721442	-2.0	-1.0	25.734701215958722	5.0
0.7568524615931562	0.22124918033956553	0.033831947999290575	24.0	0.0	0.0	5.0
0.877166946587024	0.37997794862841616	0.03355106318718422	21.0	0.0	0.0	5.0
0.24036099813787964	0.4006346763375196	0.03232256971883863	31.0	0.0	0.0	5.0
0.4011334200402736	0.2908242344583579	0.03415399198193673	50.0	0.0	0.0	5.0
0.7673280991130261	0.3992352061966389	0.031697335114188645	12.0	0.0	0.0	5.0
0.6370848901421732	0.16988739313690707	0.03382700543461818	36.0	0.0	0.0	5.0
0.5887198184399184	0.518576986943221	0.03362620421852056	51.0	0.0	0.0	5.0
0.7821442586861199	0.7770946617127306	0.03131587564027386	27.0	0.0	0.0	5.0
0.6944357692825166	0.7667973994452942	0.033650816591531255	45.0	0.0	0.0	5.0
0.5694741557584126	0.9379589424850764	0.03049158559587633	10.0	0.0	0.0	5.0
0.19669343289155744	0.9377291332818984	0.03247025876018101	37.0	0.0	0.0	5.0
0.7393181833189482	0.5812991821934163	0.03255502285226537	22.0	0.0	0.0	5.0
0.8058246718463755	0.6514248562897743	0.031952815204327314	3.0	0.0	0.0	5.0
0.8678584764624164	0.7044273523212324	0.034408385548273475	38.0	0.0	0.0	5.0
0.4776951318050499	0.659075094604023	0.03226840169937958	35.0	0.0	0.0	5.0
0.1465450337280449	0.5530932051337273	0.03539779882216855	2.0	0.0	0.0004028751244504747	5.0
0.9414759825709017	0.35625548037654553	0.030443585758789995	7.0	0.0	0.0	5.0
0.579317291591733	0.28970971827622777	0.030238652512042725	19.0	0.0	0.0	5.0
0.25990597263249005	0.6124871264121494	0.03168496140449751	55.0	0.0	0.0	5.0
0.16318161157036895	0.8064110140520414	0.03295360103709229	30.0	0.0	0.0	5.0
0.3270301417636886	0.3534537789483855	0.03310166281364169	54.0	0.0	0.0	5.0
0.6009874415832787	0.8251526623825447	0.03415968537235684	5.0	0.0	0.0	5.0
0.7963399010475011	0.5188609681481032	0.032873851159336	8.0	0.0	0.0	5.0
0.7513864839584103	0.2970745933816436	0.03346968559251132	15.0	0.0	0.0	5.0
0.657960469464863	0.31305190440717856	0.0297570454849052	48.0	0.0	0.0	5.0
0.46519913167151433	0.5480606459852746	0.031242121781053542	4.0	0.0	0.0	5.0
0.31610680432636196	0.5375954196166147	0.030681737272492998	52.0	0.0	0.0	5.0
0.5181934047956898	0.8740120506308776	0.03162688076409247	43.0	0.0	0.0	5.0
0.28201228769209413	0.84980301826974	0.02834618152826996	32.0	0.0	0.0	5.0
0.8239429227871102	0.09200537170190094	0.03368164228227379	14.0	0.0	0.0	5.0
0.6280800724460057	0.24638611299871185	0.03352880834011609	1.0	0.0	0.0	5.0
0.1436382958171035	0.3313501316004254	0.03462332795427028	11.0	0.0	0.0	5.0
0.6998591241657	0.5124720879140051	0.032140967970485476	47.0	0.0	0.0	5.0
0.47420219219478754	0.7487436793416267	0.03400629912208664	39.0	0.0	0.0	5.0
0.930464923264313	0.7560653315622512	0.035496980485875185	53.0	0.0	0.000785593683673369	5.0
0.8476953907815631	0.8296593186372745	0.08356713426853707	-2.0	-1.0	733.1745972609957	5.0
0.2983865517176951	0.2819568771687594	0.030275654655110677	25.0	0.0	0.0	5.0
0.7089227287220694	0.3597947789721649	0.03140172056912247	44.0	0.0	0.0	5.0
0.3237927820981013	0.7243441505378551	0.032898673256072486	28.0	0.0	0.0	5.0
0.5096394196095918	0.43615579665341603	0.03506782722872836	26.0	0.0	1.997064970282736e-06	5.0
0.2237184321039248	0.5203234382587655	0.033646982127175984	9.0	0.0	0.0	5.0
0.5253692144982499	0.8750815319584844	0.03165850764485656	43.0	0.0	0.0	6.0
0.8288842767306316	0.43301973201393074	0.03038446409671526	29.0	0.0	0.0	6.0
0.3279991191300769	0.35114025114680114	0.03313476447645533	54.0	0.0	0.0	6.0
0.8527624748018575	0.225129070026881	0.030693016709052893	6.0	0.0	0.0	6.0
0.5688494753509611	0.928953173655976	0.030522077181472203	10.0	0.0	0.0	6.0
0.9293123976890965	0.7601188902811685	0.035532477466361054	53.0	0.0	0.0009662370257501607	6.0
0.14772633814206276	0.5548037339223317	0.03543319662099072	2.0	0.0	0.0005202776322903446	6.0
0.7112748823199654	0.36248899101332616	0.03143312228969159	44.0	0.0	0.0	6.0
0.4156317952456941	0.6079316147945258	0.03186361037820396	42.0	0.0	0.0	6.0
0.3241963131402045	0.723444924506459	0.03293157192932855	28.0	0.0	0.0	6.0
0.47424968579014803	0.6569882606702365	0.032300670101078954	35.0	0.0	0.0	6.0
0.3145636835432385	0.5374541573992702	0.030712419009765488	52.0	0.0	0.0	6.0
0.4352158175432205	0.8860097968231149	0.03136192575497325	49.0	0.0	0.0	6.0
0.16394147107843204	0.8071780835167596	0.03298655463812938	30.0	0.0	0.0	6.0
0.28306370314968554	0.8516554127845645	0.028374527709798227	32.0	0.0	0.0	6.0
0.9428006725075965	0.48095390024284274	0.032888409599654354	33.0	0.0	0.0	6.0
0.8242933411593899	0.09107117450657257	0.03371532392455606	14.0	0.0	0.0	6.0
0.6010331173019571	0.8227346241621425	0.0341938450577292	5.0	0.0	0.0	6.0
0.3386773547094188	0.5711422845691382	0.08597194388777554	-2.0	-1.0	847.5660708318695	6.0
0.7646731981968493	0.2178864531114988	0.03386577994728986	24.0	0.0	0.0	6.0
0.6211753852239001	0.38723487516133726	0.030001501054574664	40.0	0.0	0.0	6.0
0.6582408583684848	0.3111291079629503	0.0297868025303901	48.0	0.0	0.0	6.0
0.4004060259235745	0.2915224546181173	0.034188145973918664	50.0	0.0	0.0	6.0
0.8850719312952346	0.8599911281294214	0.0301247018260717	46.0	0.0	0.0	6.0
0.2365496480171829	0.4024176216472671	0.032354892288557466	31.0	0.0	0.0	6.0
0.7379990933483984	0.5832092244675413	0.03258757787511763	22.0	0.0	0.0	6.0
0.5054430392801768	0.43979618808819326	0.03510289505595708	26.0	0.0	6.972098219648615e-06	6.0
0.32587601074977274	0.9093351469190696	0.03412559481035498	34.0	0.0	0.0	6.0
0.6797910768972609	0.43844346116554633	0.03270115598716339	17.0	0.0	0.0	6.0
0.2973542318643026	0.28499668343668516	0.030305930309765784	25.0	0.0	0.0	6.0
0.2630006784740615	0.6118041689357863	0.031716646365902004	55.0	0.0	0.0	6.0
0.47539149293580757	0.7480233449834321	0.03404030542120873	39.0	0.0	0.0	6.0
0.7683984707819539	0.39888294569002974	0.03172903244930283	12.0	0.0	0.0	6.0
0.051141024007408685	0.8842928924168062	0.03211208512384055	56.0	0.0	0.0	6.0
0.45097661394913097	0.1880957284773643	0.033445157639096106	20.0	0.0	0.0	6.0
0.6327337195872599	0.17025810520313106	0.03386083244005279	36.0	0.0	0.0	6.0
0.6389634565873795	0.2482552306318765	0.0335623371484562	1.0	0.0	0.0	6.0
0.6954916837843195	0.7697826938275021	0.03368446740812278	45.0	0.0	0.0	6.0
0.7620422476835175	0.7096445248993453	0.03241813367349965	41.0	0.0	0.0	6.0
0.7552460951835426	0.2991229770839558	0.033503155278103824	15.0	0.0	0.0	6.0
0.451995700667661	0.5515910712010372	0.03127336390283459	4.0	0.0	0.0	6.0
0.7958815075252588	0.5154140655341327	0.03290672501049533	8.0	0.0	0.0	6.0
0.32540034666996454	0.4500891009258634	0.03546661803290195	16.0	0.0	0.0006502262968410832	6.0
0.8066545024735922	0.6479271602672894	0.03198476801953164	3.0	0.0	0.0	6.0
0.5904775430546405	0.5195673652640813	0.03365983042273908	51.0	0.0	0.0	6.0
0.6901509957116367	0.5200722319534833	0.03217310893845596	47.0	0.0	0.0	6.0
0.14518366312737285	0.33609611419013047	0.03465795128222455	11.0	0.0	0.0	6.0
0.8766248039196253	0.3699156810503643	0.033584614250371396	21.0	0.0	0.0	6.0
0.7749427205628117	0.7853434728210079	0.031347191515914134	27.0	0.0	0.0	6.0
0.23100514046334397	0.5139213214866244	0.03368062910930315	9.0	0.0	0.0	6.0
0.8781380601929253	0.2949536758795968	0.03502332472501262	13.0	0.0	8.121375572045508e-08	6.0
0.4636176351999828	0.11792765333658609	0.03295738807990824	23.0	0.0	0.0	6.0
0.1442648573840088	0.0820524031427543	0.03208729819664378	18.0	0.0	0.0	6.0
0.19536853240437121	0.9369493001205611	0.03250272901894119	37.0	0.0	0.0	6.0
0.567604714395313	0.29700410642936886	0.030268891164554765	19.0	0.0	0.0	6.0
0.9531577247411928	0.3545218792922895	0.03047402934454878	7.0	0.0	0.0	6.0
0.8674182102417135	0.7035378184378425	0.03444279393382174	38.0	0.0	0.0	6.0
0.48116451835978596	0.6632990005721772	0.03233297077118003	35.0	0.0	0.0	7.0
0.452993075912078	0.5494414061669096	0.03130463726673742	4.0	0.0	0.0	7.0
0.2652528189915662	0.6228313412545674	0.031748363012267904	55.0	0.0	0.0	7.0
0.7755026684058954	0.7834201879994538	0.03137853870743004	27.0	0.0	0.0	7.0
0.1650041401093856	0.8058467673148578	0.0330195411927675	30.0	0.0	0.0	7.0
0.8747790023835788	0.29995100860472135	0.03505834804973763	13.0	0.0	1.2713320813872997e-06	7.0
0.1442145873963836	0.33920466243915426	0.03469260923350677	11.0	0.0	0.0	7.0
0.4360455932313861	0.886984752322148	0.03139328768072822	49.0	0.0	0.0	7.0
0.9485510679540636	0.35526786260320004	0.03050450337389333	7.0	0.0	0.0	7.0
0.27699906682128156	0.8539520670967667	0.02840290223750802	32.0	0.0	0.0	7.0
0.7747882347418107	0.40566678288410535	0.03176076148175213	12.0	0.0	0.0	7.0
0.8239568131931752	0.08911054008755498	0.03374903924848061	14.0	0.0	0.0	7.0
0.5192293991975264	0.8814377169601031	0.03169016615250141	43.0	0.0	0.0	7.0
0.9308085253420582	0.75838325466817	0.03556800994382741	53.0	0.0	0.0011728643617345824	7.0
0.6960645834036254	0.7615234280138092	0.0337181518755309	45.0	0.0	0.0	7.0
0.5681738231297263	0.9273953328731758	0.03055259925865367	10.0	0.0	0.0	7.0
0.5659971698674434	0.29091531081032446	0.030299160055719317	19.0	0.0	0.0	7.0
0.8689588489731821	0.7015570519883145	0.03447723672775556	38.0	0.0	0.0	7.0
0.8324531796384186	0.4342694459429908	0.03041484856081197	29.0	0.0	0.0	7.0
0.6898433250291854	0.5235538574807028	0.03220528204739441	47.0	0.0	0.0	7.0
0.3262533401039723	0.7251845053921697	0.032964503501257875	28.0	0.0	0.0	7.0
0.8779136102489493	0.370277739030036	0.033618198864621765	21.0	0.0	0.0	7.0
0.73973832931565	0.5800055494852342	0.03262016545299275	22.0	0.0	0.0	7.0
0.8070349033888801	0.6450667251920975	0.032016752787551166	3.0	0.0	0.0	7.0
0.452961766527842	0.2011337143425036	0.033478602796735195	20.0	0.0	0.0	7.0
0.7087482209930961	0.3626722452325565	0.03146455541198128	44.0	0.0	0.0	7.0
0.7572859461728759	0.712168802586756	0.03245055180717314	41.0	0.0	0.0	7.0
0.4010982082443899	0.29073961597746445	0.03422233411989258	50.0	0.0	0.0	7.0
0.8553574565830542	0.22110640279950736	0.030723709725761942	6.0	0.0	0.0	7.0
0.31918246055609617	0.9034541801167257	0.03415972040516533	34.0	0.0	0.0	7.0
0.05016619586279141	0.8821205915221623	0.03214419720896439	56.0	0.0	0.0	7.0
0.19470952510476178	0.9362226287058719	0.03253523174796013	37.0	0.0	0.0	7.0
0.3005202561453023	0.2838204595113232	0.030336236240075545	25.0	0.0	0.0	7.0
0.5041095582555518	0.4386245889501479	0.035137997951013036	26.0	0.0	1.6818911603877496e-05	7.0
0.7966564132666395	0.5177938810853071	0.03293963173550582	8.0	0.0	0.0	7.0
0.5990534585432757	0.8266718695429177	0.034228038902786924	5.0	0.0	0.0	7.0
0.5811835837272774	0.5276299447431956	0.03369349025316182	51.0	0.0	0.0	7.0
0.884270809200955	0.8605863808891339	0.03015482652789777	46.0	0.0	0.0	7.0
0.3352528919483893	0.34250781216067283	0.03316789924093178	54.0	0.0	0.0	7.0
0.32653014358265336	0.45060038024820104	0.03550208465093485	16.0	0.0	0.000810048101854477	7.0
0.23179011488963552	0.5195524287710993	0.033714309738412454	9.0	0.0	0.0	7.0
0.6290596805249965	0.16283490968846398	0.033894693272492844	36.0	0.0	0.0	7.0
0.23583468587420395	0.4059182960904272	0.03238724718084602	31.0	0.0	0.0	7.0
0.4135161349602709	0.6176638523156964	0.03189547398858216	42.0	0.0	0.0	7.0
0.31285463662828333	0.5390538028305878	0.03074313142877525	52.0	0.0	0.0	7.0
0.5250501002004008	0.6933867735470941	0.06853707414829659	-2.0	-1.0	241.4101284878663	7.0
0.7725569196687524	0.21561807146641154	0.03389964572723715	24.0	0.0	0.0	7.0
0.14860838755789105	0.5577637955510601	0.0354686298176117	2.0	0.0	0.0006586727980391061	7.0
0.7550745423006876	0.2980420371794661	0.033536658433381925	15.0	0.0	0.0	7.0
0.47908942028221224	0.7475906822342323	0.034074345726629936	39.0	0.0	0.0	7.0
0.46063649236059234	0.12058033380045814	0.03299034546798814	23.0	0.0	0.0	7.0
0.9415853621720071	0.4792633282832207	0.032921298009254	33.0	0.0	0.0	7.0
0.6449046732691429	0.24524450145694388	0.03359589948560466	1.0	0.0	0.0	7.0
0.6229099736666271	0.3864630227671271	0.030031502555629235	40.0	0.0	0.0	7.0
0.14472211116311273	0.08087855253991248	0.03211938549484042	18.0	0.0	0.0	7.0
0.6652217307305263	0.31145897826589075	0.029816589332920487	48.0	0.0	0.0	7.0
0.6799901036838449	0.4365909938696694	0.032733857143150545	17.0	0.0	0.0	7.0
0.8334487874681487	0.4330846109530446	0.03044526340937278	29.0	0.0	0.0	8.0
0.1559149060985469	0.3312864719394228	0.03472730184274027	11.0	0.0	0.0	8.0
0.4584010081336534	0.11835187557571998	0.03302333581345612	23.0	0.0	0.0	8.0
0.6284074418160512	0.1610960751387305	0.03392858796576533	36.0	0.0	0.0	8.0
0.8543710062573858	0.22094028111722533	0.0307544334354877	6.0	0.0	0.0	8.0
0.2756625942831643	0.8535308074012785	0.028431305139745525	32.0	0.0	0.0	8.0
0.7757094017054351	0.4051999787931384	0.03179252224323388	12.0	0.0	0.0	8.0
0.40289912401052225	0.2900705496584223	0.034256556454012474	50.0	0.0	0.0	8.0
0.8869806080623074	0.8563857274774904	0.030184981354425666	46.0	0.0	0.0	8.0
0.5600881846252559	0.29082229899819306	0.030329459215775033	19.0	0.0	0.0	8.0
0.8736550526246852	0.2982086935360466	0.03509340639778736	13.0	0.0	5.2156668743919e-06	8.0
0.47412862050440113	0.7485875968416268	0.03410842007235656	39.0	0.0	0.0	8.0
0.2375053155172704	0.4012880074978691	0.03241963442802686	31.0	0.0	0.0	8.0
0.7739689464291939	0.21693970994015566	0.033933545372964384	24.0	0.0	0.0	8.0
0.1520761657050765	0.08366350454055735	0.032151504880335254	18.0	0.0	0.0	8.0
0.8692035703265945	0.3782268536227526	0.03365181706348638	21.0	0.0	0.0	8.0
0.14740111512211848	0.5596096592450066	0.03550409844742931	2.0	0.0	0.0008198342420655536	8.0
0.7914575345998107	0.5264387325001325	0.03297257136724132	8.0	0.0	0.0	8.0
0.7565394406201322	0.2949860947538992	0.0335701950918153	15.0	0.0	0.0	8.0
0.1967081986421622	0.946678582256595	0.032567766979708083	37.0	0.0	0.0	8.0
0.5665908460381374	0.9272704991760966	0.03058315185791232	10.0	0.0	0.0	8.0
0.4823501154359262	0.6622834969446163	0.03236530374195121	35.0	0.0	0.0	8.0
0.8255296257322116	0.0875816674032011	0.03378278828772909	14.0	0.0	0.0	8.0
0.2325012549889614	0.518159990097948	0.03374802404815086	9.0	0.0	0.0	8.0
0.0060120240480961915	0.4108216432865731	0.028857715430861717	-2.0	-1.0	0.0	8.0
0.3135549028640173	0.538105124600649	0.03077387456020402	52.0	0.0	0.0	8.0
0.3338260257447026	0.4452503276279514	0.03553758673558578	16.0	0.0	0.000994318699937935	8.0
0.8733809242182399	0.7043509052905662	0.03451171396448331	38.0	0.0	0.0	8.0
0.3186803289597327	0.9047196257314958	0.034193880125570494	34.0	0.0	0.0	8.0
0.4988142971665928	0.43894167606857326	0.03517313594896405	26.0	0.0	3.3215571477285266e-05	8.0
0.8122321815430441	0.6476594679706258	0.032048769540338716	3.0	0.0	0.0	8.0
0.2700111826196043	0.6244975657104126	0.03178011137528017	55.0	0.0	0.0	8.0
0.28746464769928337	0.2885504425791203	0.030366572476315617	25.0	0.0	0.0	8.0
0.44713790269743064	0.2027697835674489	0.03351208139953193	20.0	0.0	0.0	8.0
0.7722977671961958	0.783307973952152	0.03140991724613747	27.0	0.0	0.0	8.0
0.9322918681526781	0.759170498527974	0.03560357795377123	53.0	0.0	0.0014072785858161296	8.0
0.6974713372577704	0.7564307344341158	0.03375187002740643	45.0	0.0	0.0	8.0
0.9440715064604498	0.48016919569026406	0.03295421930726325	33.0	0.0	0.0	8.0
0.3427253508221349	0.34732099794483035	0.03320106714017271	54.0	0.0	0.0	8.0
0.7146274220922331	0.3674172106724587	0.031496019967393256	44.0	0.0	0.0	8.0
0.4325151640208672	0.8836383702311875	0.03142468096840895	49.0	0.0	0.0	8.0
0.6739846856823254	0.3127043832568371	0.029846405922253405	48.0	0.0	0.0	8.0
0.32466400721222655	0.7296778867645115	0.032997468004759126	28.0	0.0	0.0	8.0
0.9459131141833413	0.3554258267046193	0.030535007877267217	7.0	0.0	0.0	8.0
0.4163875514332475	0.6254679652909662	0.03192736946257074	42.0	0.0	0.0	8.0
0.6989587742669865	0.5164416257181611	0.0322374873294418	47.0	0.0	0.0	8.0
0.16399712851970127	0.8064309868919082	0.03305256073396027	30.0	0.0	0.0	8.0
0.4536081854274565	0.5502220478768699	0.031335941904004155	4.0	0.0	0.0	8.0
0.6788661231792086	0.42288865019813676	0.03276659100029369	17.0	0.0	0.0	8.0
0.5810864927325778	0.5289126326520852	0.033727183743414976	51.0	0.0	0.0	8.0
0.6022567623350876	0.8241314295223795	0.034262266941689705	5.0	0.0	0.0	8.0
0.6167575646045133	0.3901366637972605	0.03006153405818486	40.0	0.0	0.0	8.0
0.7510820881236131	0.7086216380636595	0.032483002358980315	41.0	0.0	0.0	8.0
0.04920735206941875	0.8815723557856198	0.03217634140617335	56.0	0.0	0.0	8.0
0.745835295917702	0.5871060253193378	0.032652785618445736	22.0	0.0	0.0	8.0
0.6407016076619325	0.2365319514906902	0.03362949538509026	1.0	0.0	0.0	8.0
0.5171334469861942	0.882055099095622	0.03172185631865391	43.0	0.0	0.0	8.0
0.6776115042087199	0.4248069045529458	0.03279935759129398	17.0	0.0	0.0	9.0
0.8393883739293853	0.44489756066251673	0.030475708672782147	29.0	0.0	0.0	9.0
0.4527312663559594	0.5579270537670714	0.031367277845908155	4.0	0.0	0.0	9.0
0.87036954855358	0.711669835073721	0.03454622567844779	38.0	0.0	0.0	9.0
0.8740193229028058	0.3034561183268735	0.03512849980418514	13.0	0.0	1.357961231462923e-05	9.0
0.28833531082630454	0.28772516856234004	0.03039693904879193	25.0	0.0	0.0	9.0
0.40189850270912764	0.28864098230357443	0.034290813010466485	50.0	0.0	0.0	9.0
0.16116669587963836	0.08432282440737666	0.03218365638521559	18.0	0.0	0.0	9.0
0.7755558710815701	0.40722830155865714	0.03182431476547711	12.0	0.0	0.0	9.0
0.5049249803620524	0.8778661881427126	0.03175357817497256	43.0	0.0	0.0	9.0
0.16486393764889526	0.8023190371138889	0.03308561329469423	30.0	0.0	0.0	9.0
0.8880005739101884	0.8621116670583253	0.03021516633578009	46.0	0.0	0.0	9.0
0.9439951828642027	0.4680463728007582	0.03298717352657051	33.0	0.0	0.0	9.0
0.1940135255347208	0.9491378436964866	0.03260033474668779	37.0	0.0	0.0	9.0
0.7144708926467676	0.366430932149967	0.031527515987360644	44.0	0.0	0.0	9.0
0.27655310621242485	0.8857715430861722	0.09418837675350701	-2.0	-1.0	1327.056039093742	9.0
0.863023298892674	0.21762424170658978	0.030785187868923182	6.0	0.0	0.0	9.0
0.6730529456346891	0.3117026183520195	0.029876252328175656	48.0	0.0	0.0	9.0
0.6413011794341257	0.2348022722013649	0.03366312488047535	1.0	0.0	0.0	9.0
0.33219271145111623	0.4509948729446622	0.03557312432232136	16.0	0.0	0.0012048319964179655	9.0
0.9338984863622954	0.7597330840639547	0.035639181531725	53.0	0.0	0.0016712931316789081	9.0
0.5578631955297919	0.30429336233725096	0.030359788674990805	19.0	0.0	0.0	9.0
0.24777723052475348	0.40060798496193034	0.03245205406245488	31.0	0.0	0.0	9.0
0.3445861479139897	0.34767062453469955	0.03323426820731288	54.0	0.0	0.0	9.0
0.8240860898741036	0.08646616158910661	0.033816571076016815	14.0	0.0	0.0	9.0
0.23309729591523992	0.5192101011025727	0.033781772072199005	9.0	0.0	0.0	9.0
0.7486876892780243	0.28539949308927637	0.03360376528690712	15.0	0.0	0.0	9.0
0.7993499243869755	0.6443016779475556	0.03208081830987905	3.0	0.0	0.0	9.0
0.43692318410941183	0.8966183851463958	0.031456105649377356	49.0	0.0	0.0	9.0
0.47841380030654435	0.7469955904132468	0.03414252849242891	39.0	0.0	0.0	9.0
0.050257088396117956	0.8800726187904593	0.03220851774757952	56.0	0.0	0.0	9.0
0.6181600479504518	0.3913533286272293	0.03009159559224304	40.0	0.0	0.0	9.0
0.1553520031999772	0.32994248646503804	0.034762029144583005	11.0	0.0	0.0	9.0
0.5954550209537083	0.8339803510259568	0.03429652920863139	5.0	0.0	0.0	9.0
0.7416457656113558	0.5904717928749417	0.032685438404064175	22.0	0.0	0.0	9.0
0.44568381250449	0.2017314012528592	0.03354559348093145	20.0	0.0	0.0	9.0
0.32181613796379843	0.900357521158072	0.03422807400569606	34.0	0.0	0.0	9.0
0.9356180011828309	0.36056170342594124	0.03056554288514448	7.0	0.0	0.0	9.0
0.2710307299275803	0.6265905480189353	0.03181189148665545	55.0	0.0	0.0	9.0
0.5001733121105699	0.4378914845801299	0.03520830908491301	26.0	0.0	5.785016570314383e-05	9.0
0.5822612276066148	0.5280048453084959	0.03376091092715839	51.0	0.0	0.0	9.0
0.32051916982544615	0.7299785043942166	0.03303046547276388	28.0	0.0	0.0	9.0
0.6277898963099103	0.16199028103010993	0.033962516553731094	36.0	0.0	0.0	9.0
0.7714186242660636	0.20555379683454822	0.033967478918337346	24.0	0.0	0.0	9.0
0.4911301838572692	0.6549527020938032	0.032397669045693155	35.0	0.0	0.0	9.0
0.8646003873217153	0.38331599791210824	0.033685468880549865	21.0	0.0	0.0	9.0
0.2748957956720643	0.8541628848748564	0.028459736444885267	32.0	0.0	0.0	9.0
0.6987372878040236	0.5199549927993976	0.03226972481677124	47.0	0.0	0.0	9.0
0.04208416833667334	0.1943887775551102	0.01823647294589178	-2.0	-1.0	0.0	9.0
0.5692206980846072	0.9263681568606248	0.03061373500977023	10.0	0.0	0.0	9.0
0.1518254480385897	0.554852815902066	0.03553960254587673	2.0	0.0	0.0010055460030855556	9.0
0.6957714591334884	0.7585330645692868	0.03378562189743383	45.0	0.0	0.0	9.0
0.7682546547424387	0.7751390857821021	0.0314413271633836	27.0	0.0	0.0	9.0
0.4177613321087263	0.62477179785908	0.03195929683203331	42.0	0.0	0.0	9.0
0.7937794009852627	0.5354629333928564	0.03300554393860856	8.0	0.0	0.0	9.0
0.4592669987288453	0.11773346186038522	0.033056359149269576	23.0	0.0	0.0	9.0
0.30743037409484936	0.536342915129614	0.03080464843476422	52.0	0.0	0.0	9.0
0.7534422756983686	0.7065479724642659	0.03251548536133929	41.0	0.0	0.0	9.0
0.7474481034415799	0.28607750987136166	0.03363736905219402	15.0	0.0	0.0	10.0
0.16331154297185738	0.8042891969064427	0.033118698907988915	30.0	0.0	0.0	10.0
0.9329755150772573	0.7587654693300472	0.03567482071325673	53.0	0.0	0.0019667320161147472	10.0
0.33082444711580494	0.44070617189383493	0.03560869744664368	16.0	0.0	0.0014433923989685127	10.0
0.28935865580606146	0.2882196874054584	0.03042733598784072	25.0	0.0	0.0	10.0
0.26750005999839105	0.627393060175894	0.0318437033781421	55.0	0.0	0.0	10.0
0.5644843444091664	0.29245515797200033	0.030390148463665792	19.0	0.0	0.0	10.0
0.86271146368771	0.3818141917196853	0.03371915434943041	21.0	0.0	0.0	10.0
0.7422661898899653	0.6003133796144056	0.032718123842468236	22.0	0.0	0.0	10.0
0.8885164668511998	0.8596643856525029	0.030245381502115865	46.0	0.0	0.0	10.0
0.6181600479504518	0.39533709813484236	0.03012168718783528	40.0	0.0	0.0	10.0
0.9413528845345546	0.4687173573047667	0.03302016070009708	33.0	0.0	0.0	10.0
0.2507720903433079	0.3991374266426175	0.032484506116517334	31.0	0.0	0.0	10.0
0.45235390928957503	0.5568384322997565	0.03139864512375406	4.0	0.0	0.0	10.0
0.3455731719590066	0.34931187772771466	0.03326750247552019	54.0	0.0	0.0	10.0
0.478299968416931	0.7492537632583695	0.03417667102092133	39.0	0.0	0.0	10.0
0.7638244833933161	0.775742439657891	0.03147276849054698	27.0	0.0	0.0	10.0
0.19488677124189735	0.9485627714209173	0.03263293508143447	37.0	0.0	0.0	10.0
0.22333451266979643	0.528820420287999	0.0338155538442712	9.0	0.0	0.0	10.0
0.7754754695772897	0.40624813416357014	0.03185613908024258	12.0	0.0	0.0	10.0
0.7561071128738596	0.7096790567986557	0.03254800084670063	41.0	0.0	0.0	10.0
0.7182661942831006	0.36173487052708686	0.031559043503348004	44.0	0.0	0.0	10.0
0.3687374749498998	0.68937875751503	0.008016032064128256	-2.0	-1.0	0.0	10.0
0.7921919115937969	0.5366424757473013	0.03303854948254716	8.0	0.0	0.0	10.0
0.6717260902548366	0.43476569389514247	0.03283215694888527	17.0	0.0	0.0	10.0
0.8618887586812775	0.22002975664402244	0.030815973056792102	6.0	0.0	0.0	10.0
0.7768216719714615	0.21100811156937435	0.03400144639725568	24.0	0.0	0.0	10.0
0.6984577450908049	0.5213237198593489	0.03230199454158801	47.0	0.0	0.0	10.0
0.9479401640490533	0.36791934213759536	0.03059610842802962	7.0	0.0	0.0	10.0
0.46070821769408915	0.11760152806172477	0.03308941550841884	23.0	0.0	0.0	10.0
0.5919623740704053	0.8409267036474174	0.034330825737840014	5.0	0.0	0.0	10.0
0.1514985379102481	0.5559498906345944	0.035575142148422605	2.0	0.0	0.001217602581277788	10.0
0.8372126831363469	0.45465715907274246	0.030506184381454925	29.0	0.0	0.0	10.0
0.41037623766751175	0.6193563260917957	0.03199125612886534	42.0	0.0	0.0	10.0
0.6705121423788536	0.3148449655450216	0.02990612858050383	48.0	0.0	0.0	10.0
0.6238872925165737	0.1571149061715953	0.03399647907028482	36.0	0.0	0.0	10.0
0.16098449764430586	0.08019125066178595	0.0322158400416008	18.0	0.0	0.0	10.0
0.48939254140710214	0.6559902590143831	0.032430066714738845	35.0	0.0	0.0	10.0
0.6475323392888105	0.2322235258321222	0.03369678800535582	1.0	0.0	0.0	10.0
0.045899040352970676	0.8796182678775485	0.03224072626532709	56.0	0.0	0.0	10.0
0.15797842416126237	0.32563680640370346	0.03479679117372758	11.0	0.0	0.0	10.0
0.5689034513893164	0.9241926042272337	0.030644348744779996	10.0	0.0	0.0	10.0
0.4454212803081249	0.20470223613806687	0.03357913907441238	20.0	0.0	0.0	10.0
0.580334312780958	0.5279259469935705	0.033794671838085544	51.0	0.0	0.0	10.0
0.6951432678099873	0.7603828593943691	0.03381940751933126	45.0	0.0	0.0	10.0
0.8061270235213698	0.6504867170639935	0.032112899128188925	3.0	0.0	0.0	10.0
0.32275822212427224	0.8989367259830207	0.034262302079701754	34.0	0.0	0.0	10.0
0.4357014870756318	0.8923940958102718	0.03148756175502673	49.0	0.0	0.0	10.0
0.8229633126823026	0.08695732704049726	0.033850387647092826	14.0	0.0	0.0	10.0
0.8690509316182341	0.7129355655850381	0.034580771904126235	38.0	0.0	0.0	10.0
0.5163268805673072	0.8723566673935559	0.03178533175314753	43.0	0.0	0.0	10.0
0.2716438161813079	0.853573039714838	0.02848819618133015	32.0	0.0	0.0	10.0
0.5019796798791362	0.43870893989287907	0.03524351739399792	26.0	0.0	9.242084533411798e-05	10.0
0.40431095351011415	0.2914755220570449	0.03432510382347695	50.0	0.0	0.0	10.0
0.3076950850363558	0.5415941945553273	0.03083545308319898	52.0	0.0	0.0	10.0
0.32065133890967873	0.7314741400976483	0.03306349593823664	28.0	0.0	0.0	10.0
0.8749263880247125	0.3049222916680073	0.03516362830398932	13.0	0.0	2.8038531297625013e-05	10.0
0.8012950067287048	0.5345130065788474	0.033071588032029704	8.0	0.0	0.0	11.0
0.3092604645477232	0.5427269982692992	0.030866288536282177	52.0	0.0	0.0	11.0
0.7993565760880578	0.6453896439156652	0.03214501202731711	3.0	0.0	0.0	11.0
0.7507994438558377	0.2886337533048105	0.03367100642124621	15.0	0.0	0.0	11.0
0.678984871681282	0.4358475413128621	0.03286498910583415	17.0	0.0	0.0	11.0
0.26773761290022124	0.6254166410658824	0.03187554708152024	55.0	0.0	0.0	11.0
0.2560603479836562	0.3941248546280534	0.03251699062263385	31.0	0.0	0.0	11.0
0.825468177594203	0.08475654763868463	0.033884238034739916	14.0	0.0	0.0	11.0
0.593066555595847	0.841986599216268	0.03436515656357785	5.0	0.0	0.0	11.0
0.6949471987283548	0.7617893842400982	0.03385322692685059	45.0	0.0	0.0	11.0
0.7752326676355937	0.40501991078208205	0.03188799521932282	12.0	0.0	0.0	11.0
0.4599465173141243	0.5486752023577519	0.031430043768877806	4.0	0.0	0.0	11.0
0.7571306592390998	0.7068422131699101	0.032580548847547325	41.0	0.0	0.0	11.0
0.15105637621392973	0.5572518959108546	0.035610717290571026	2.0	0.0	0.0014578089816268403	11.0
0.9314033942803988	0.7586613916025443	0.03571049553396998	53.0	0.0	0.002295429882721578	11.0
0.6709530201868091	0.31731998928834454	0.02993603470908433	48.0	0.0	0.0	11.0
0.2702099768962658	0.8529988583536332	0.028516684377511477	32.0	0.0	0.0	11.0
0.518225389525259	0.8722789321684911	0.031817117084900676	43.0	0.0	0.0	11.0
0.5735643905503259	0.9283400010216236	0.030674993093524772	10.0	0.0	0.0	11.0
0.1754609360005536	0.08197747190484705	0.032248055881642396	18.0	0.0	0.0	11.0
0.04886266673291069	0.8802527578433033	0.03227296699159241	56.0	0.0	0.0	11.0
0.8762938720385766	0.3067506718828891	0.035198791932293305	13.0	0.0	5.0277796916020634e-05	11.0
0.6382425940416897	0.23231125768495128	0.03373048479336117	1.0	0.0	0.0	11.0
0.19506648036548493	0.9475157740581707	0.032665568016515906	37.0	0.0	0.0	11.0
0.43434534433224536	0.8929873483875148	0.031519049316781754	49.0	0.0	0.0	11.0
0.8633679041902154	0.3810526647793152	0.03375287350377983	21.0	0.0	0.0	11.0
0.16700119307444222	0.812945248642545	0.0331518176068969	30.0	0.0	0.0	11.0
0.2897714010771236	0.28665635802039	0.030457763323828557	25.0	0.0	0.0	11.0
0.4895607720866446	0.6573192503246914	0.03246249678145358	35.0	0.0	0.0	11.0
0.777783492909272	0.21032126431844508	0.03403544784365293	24.0	0.0	0.0	11.0
0.48052750420097445	0.752854335592273	0.03421084769194225	39.0	0.0	0.0	11.0
0.58098943175155	0.528715620285307	0.033828466509923626	51.0	0.0	0.0	11.0
0.7644411422102991	0.7738883484420903	0.03150424125903753	27.0	0.0	0.0	11.0
0.617158287543143	0.3952834385924538	0.03015180887502311	40.0	0.0	0.0	11.0
0.15708862674925775	0.3208175475655605	0.0348315879649013	11.0	0.0	0.0	11.0
0.8693000288098481	0.20972022080150085	0.03084678902984889	6.0	0.0	0.0	11.0
0.7186564834116768	0.3600898206965944	0.03159060254685135	44.0	0.0	0.0	11.0
0.3540706413427617	0.3412573954909489	0.033300769977995706	54.0	0.0	0.0	11.0
0.5703546236642122	0.2949355627243905	0.030420538612129455	19.0	0.0	0.0	11.0
0.6240667313032526	0.15606948380974306	0.0340304755493551	36.0	0.0	0.0	11.0
0.3258137846256321	0.7322435500355994	0.033096559434174874	28.0	0.0	0.0	11.0
0.4603179318754106	0.1163767820722894	0.03312250492392725	23.0	0.0	0.0	11.0
0.22485391571617105	0.5322641284479254	0.03384936939811547	9.0	0.0	0.0	11.0
0.32097796843068	0.8995102129748653	0.03429656438178145	34.0	0.0	0.0	11.0
0.8391270013370516	0.4549919441815395	0.030536690565836376	29.0	0.0	0.0	11.0
0.9489593547113385	0.36776087677792646	0.030626704536457647	7.0	0.0	0.0	11.0
0.44447075079467063	0.2068565994911901	0.03361271821348679	20.0	0.0	0.0	11.0
0.7329823140555015	0.6083672115877407	0.0327508419663107	22.0	0.0	0.0	11.0
0.4054560132282288	0.29289167861413895	0.03435942892730042	50.0	0.0	0.0	11.0
0.8692234151434539	0.7174995106143953	0.03461535267603036	38.0	0.0	0.0	11.0
0.4973631356943712	0.4321133768666327	0.03527876091139191	26.0	0.0	0.00013863586652007598	11.0
0.7008622114424323	0.522098289337817	0.0323342965361296	47.0	0.0	0.0	11.0
0.9380808248315157	0.4704539140141715	0.03305318086079717	33.0	0.0	0.0	11.0
0.41371892313838515	0.6266813329337084	0.0320232473849942	42.0	0.0	0.0	11.0
0.896189240961193	0.8561337755849885	0.030275626883617977	46.0	0.0	0.0	11.0
0.3320508878527381	0.4448219732312195	0.035644306144090324	16.0	0.0	0.0017118148609966966	11.0
