# x	y	r	id	split_id	s_prob	t
2.0	0.5	0.0	-1.0	0.0	0.0	0.0
0.476613401915577	0.8414443320325747	0.03323211884196507	1.0	0.0	0.0	0.0
0.3545224162715189	0.6773091763715379	0.03277674463692803	2.0	0.0	0.0	0.0
0.25584391599862455	0.7884347097078828	0.03291453700993521	3.0	0.0	0.0	0.0
0.9100450197468819	0.8108858438689287	0.03315534450136874	4.0	0.0	0.0	0.0
0.1030514751803948	0.4959463229987	0.03206467873449345	5.0	0.0	0.0	0.0
0.5109137457727306	0.9586891437624816	0.03477285604636456	6.0	0.0	0.0	0.0
0.7361853968575359	0.5946104390803416	0.02995993326597411	7.0	0.0	0.0	0.0
0.5896232970533974	0.5945844188055412	0.03396017871443339	8.0	0.0	0.0	0.0
0.5164085735054876	0.21551885403004625	0.03190838188003916	9.0	0.0	0.0	0.0
0.4959463229987	0.5583105845571611	0.0334774706411379	10.0	0.0	0.0	0.0
0.39928171758308517	0.19846879536484033	0.03500298534123047	11.0	0.0	1.702744611975504e-10	0.0
0.7298123038429293	0.7990366341728211	0.030253186790091695	12.0	0.0	0.0	0.0
0.08247126886610262	0.6605879735130374	0.031024267864687302	13.0	0.0	0.0	0.0
0.5500977168225308	0.5196837721607883	0.03107331127893986	14.0	0.0	0.0	0.0
0.8009075620195749	0.1803831595128866	0.03186468137662897	15.0	0.0	0.0	0.0
0.7041672101403003	0.20570479543179057	0.03326120296698474	16.0	0.0	0.0	0.0
0.560181512403915	0.6961356026013602	0.0328580977806766	17.0	0.0	0.0	0.0
0.3525085214142394	0.25210206030511695	0.03176922868430612	18.0	0.0	0.0	0.0
0.6431259802766682	0.6393841245831606	0.033446901784353535	19.0	0.0	0.0	0.0
0.31574807938839694	0.742061253535346	0.03170737689600433	20.0	0.0	0.0	0.0
0.44667855636751563	0.6281585575026376	0.031870260213758474	21.0	0.0	0.0	0.0
0.8283478371052979	0.26956405354148605	0.033181566044122465	22.0	0.0	0.0	0.0
0.5140319588506537	0.7722200017026828	0.031151663496388406	23.0	0.0	0.0	0.0
0.3863894867572444	0.4730658374191583	0.03337079333241986	24.0	0.0	0.0	0.0
0.39285415439288096	0.3881280462084438	0.03314869753970866	25.0	0.0	0.0	0.0
0.8894648134325898	0.9044322362066205	0.03301634846096415	26.0	0.0	0.0	0.0
0.625885227457655	0.23043630178055147	0.028681025352246932	27.0	0.0	0.0	0.0
0.15457267788230925	0.6784184861931725	0.03235718678340087	28.0	0.0	0.0	0.0
0.3495430180220038	0.13108169093910238	0.03112029438430521	29.0	0.0	0.0	0.0
0.046923639777779774	0.17539401858820972	0.03247668594103844	30.0	0.0	0.0	0.0
0.395623544038637	0.7554258992599022	0.03364914090783673	31.0	0.0	0.0	0.0
0.610874541557634	0.3326484555789262	0.03254050967611746	32.0	0.0	0.0	0.0
0.23588735229991703	0.37620694080645456	0.0339048122002046	33.0	0.0	0.0	0.0
0.30773097865834104	0.6166304773048468	0.03607355223931923	34.0	0.0	0.007918620328254633	0.0
0.07584435529021881	0.37469257952453144	0.03330527983050333	35.0	0.0	0.0	0.0
0.21780171644796328	0.2651985552323938	0.03306794720972248	36.0	0.0	0.0	0.0
0.8801101741988206	0.09993326210247173	0.033348006841394905	37.0	0.0	0.0	0.0
0.7597471493909906	0.7341778021520216	0.03181816940193501	38.0	0.0	0.0	0.0
0.572022927825043	0.26548545440741766	0.031192789019827662	39.0	0.0	0.0	0.0
0.5651612545831418	0.15387173380084826	0.035521351959710526	40.0	0.0	0.0009069284067066974	0.0
0.23874850971149178	0.06937115827202207	0.03532420787745674	41.0	0.0	0.00021809748764667347	0.0
0.4666538767449213	0.1692179651970898	0.031068857018053318	42.0	0.0	0.0	0.0
0.15543745488950217	0.1741467333570405	0.031567457577136644	43.0	0.0	0.0	0.0
0.6420013096820071	0.08874011120161705	0.032920858402191826	44.0	0.0	0.0	0.0
0.749226077649334	0.41839968626701235	0.031286391833354694	45.0	0.0	0.0	0.0
0.17788858905054816	0.5508268731701458	0.03231988460876186	46.0	0.0	0.0	0.0
0.9512054323754663	0.5240102407000075	0.031310805873211084	47.0	0.0	0.0	0.0
0.2741778045089232	0.6897427237403088	0.034675277048360334	48.0	0.0	0.0	0.0
0.22247044656564163	0.633513391153098	0.03254073967234879	49.0	0.0	0.0	0.0
0.31330480332776883	0.8481077182919372	0.034983670700976605	50.0	0.0	0.0	0.0
0.41963189390585276	0.118679316359758	0.03272174645741422	51.0	0.0	0.0	0.0
0.14021509057081608	0.33138476606948214	0.027943384301631336	52.0	0.0	0.0	0.0
0.646729488034248	0.1584300960970547	0.03159355934021085	53.0	0.0	0.0	0.0
0.4338493757176887	0.052395052808388694	0.032928601924644696	54.0	0.0	0.0	0.0
0.8132381412739303	0.3764577045667366	0.032613350926901194	55.0	0.0	0.0	0.0
0.3333904640203991	0.9284475103421651	0.03109923333802681	56.0	0.0	0.0	0.0
0.6937509011160481	0.5010955101402146	0.032973166766178334	57.0	0.0	0.0	0.0
0.7622440318480067	0.4944431452555411	0.030057554717719953	58.0	0.0	0.0	0.0
0.16978015069977956	0.028776399128677584	0.028776399128677584	59.0	0.0	0.0	0.0
0.7552717559333644	0.6574408189513078	0.032094804225929745	60.0	0.0	0.0	0.0
0.16541573673885593	0.85703539742219	0.033820888216908235	61.0	0.0	0.0	0.0
0.868260964502713	0.5551923714792381	0.03073690422465867	62.0	0.0	0.0	0.0
0.2746945037198155	0.6903989011623158	0.03470995232540869	48.0	0.0	0.0	1.0
0.9522522552478188	0.5224738441191347	0.03134211667908429	47.0	0.0	0.0	1.0
0.7605371486120516	0.7337774677036378	0.031849987571336946	38.0	0.0	0.0	1.0
0.04809738685296152	0.1743886648835882	0.032509162626979476	30.0	0.0	0.0	1.0
0.4202922964714051	0.11798697060307246	0.03275446820387163	51.0	0.0	0.0	1.0
0.3544321013376975	0.675716958098504	0.032809521381564954	2.0	0.0	0.0	1.0
0.4345690518762531	0.05291585419831271	0.03296153052656934	54.0	0.0	0.0	1.0
0.7499935077431712	0.4194257706567756	0.03131767822518804	45.0	0.0	0.0	1.0
0.7560394820021566	0.6583903068157156	0.03212689903015567	60.0	0.0	0.0	1.0
0.5721134884696637	0.2665102457510736	0.031223981808847487	39.0	0.0	0.0	1.0
0.6481574256716428	0.1597332864397041	0.03162515289955106	53.0	0.0	0.0	1.0
0.513618884907034	0.9586465628653162	0.034807628902410924	6.0	0.0	0.0	1.0
0.6257549158198245	0.23388437110187318	0.028709706377599176	27.0	0.0	0.0	1.0
0.3960363249698508	0.7545362233434885	0.03368279004874456	31.0	0.0	0.0	1.0
0.8143963224417009	0.3763369576943564	0.03264596427782809	55.0	0.0	0.0	1.0
0.38587387233283427	0.47269763130508496	0.03340416412575228	24.0	0.0	0.0	1.0
0.31244917984616605	0.6126910814695331	0.03610962579155855	34.0	0.0	0.008743988989394325	1.0
0.1513148366917604	0.17224971969486216	0.031599025034713776	43.0	0.0	0.0	1.0
0.38953646687380294	0.3909337390333827	0.03318184623724836	25.0	0.0	0.0	1.0
0.5775772249121096	0.5882107798133688	0.03399413889314782	8.0	0.0	0.0	1.0
0.16580887052562218	0.857957703414044	0.03385470910512514	61.0	0.0	0.0	1.0
0.23907663615641947	0.07135778019832827	0.0353595320853342	41.0	0.0	0.0002974355912641613	1.0
0.35284741641359446	0.2518909209903209	0.031800997912990424	18.0	0.0	0.0	1.0
0.3970156305319227	0.19464639436036107	0.03503798832657169	11.0	0.0	3.508572490318329e-07	1.0
0.5495582715456141	0.5192447781638606	0.031104384590218796	14.0	0.0	0.0	1.0
0.5181939252527648	0.7681743086607867	0.031182815159884792	23.0	0.0	0.0	1.0
0.7309086859969596	0.799185952646047	0.030283439976881783	12.0	0.0	0.0	1.0
0.32286078914515476	0.7501068669759712	0.03173908427290033	20.0	0.0	0.0	1.0
0.218223292228043	0.6241287320963392	0.03257328041202113	49.0	0.0	0.0	1.0
0.15590307706798265	0.6818984757113795	0.032389543970184266	28.0	0.0	0.0	1.0
0.31222941069410415	0.8472098343116361	0.035018654371677574	50.0	0.0	4.1545291651345906e-08	1.0
0.34587963025808777	0.13417973459302804	0.03115141467868951	29.0	0.0	0.0	1.0
0.516052136563363	0.2154588288033192	0.0319402902619192	9.0	0.0	0.0	1.0
0.0828382433447538	0.6601399157492817	0.031055292132551985	13.0	0.0	0.0	1.0
0.5649955427924752	0.1527353477394008	0.035556873311670234	40.0	0.0	0.001105221152215563	1.0
0.6080076860660003	0.33086233921464037	0.032573050185793574	32.0	0.0	0.0	1.0
0.7614019424860248	0.4924325749182531	0.03008761227243767	58.0	0.0	0.0	1.0
0.23526621527681987	0.37557196385003144	0.03393871701240481	33.0	0.0	0.0	1.0
0.33331782265525245	0.9303696138993856	0.03113033257136483	56.0	0.0	0.0	1.0
0.7354905623799347	0.596427951241338	0.02998989319924008	7.0	0.0	0.0	1.0
0.6899331553624584	0.5015178447181813	0.03300613993294451	57.0	0.0	0.0	1.0
0.4917929404571471	0.5564624238178169	0.033510948111779036	10.0	0.0	0.0	1.0
0.8866001289974657	0.9041699938211094	0.03304936480942511	26.0	0.0	0.0	1.0
0.4474867544339244	0.6264725655627084	0.03190213047397223	21.0	0.0	0.0	1.0
0.21504119210822958	0.26919579446956665	0.0331010151569322	36.0	0.0	0.0	1.0
0.8285704575131979	0.2692189536931969	0.03321474761016659	22.0	0.0	0.0	1.0
0.7061186195750091	0.20438417912719867	0.03329446416995172	16.0	0.0	0.0	1.0
0.1665434998552284	0.022989467758486478	0.02880517552780626	59.0	0.0	0.0	1.0
0.6412938839484237	0.08868432355301405	0.032953779260594014	44.0	0.0	0.0	1.0
0.8798625095117546	0.09943286911181107	0.033381354848236296	37.0	0.0	0.0	1.0
0.17750615458444322	0.5510176565322907	0.03235220449337062	46.0	0.0	0.0	1.0
0.8648735063013671	0.5541713438305913	0.030767641128883326	62.0	0.0	0.0	1.0
0.8016151729090285	0.17880632386579576	0.0318965460580056	15.0	0.0	0.0	1.0
0.9113463517288208	0.811181633267737	0.033188499845870106	4.0	0.0	0.0	1.0
0.14086683507128114	0.33127501001789184	0.027971327685932964	52.0	0.0	0.0	1.0
0.25730960140650544	0.7902014309793574	0.032947451546945145	3.0	0.0	0.0	1.0
0.09687993576480715	0.500295082426646	0.03209674341322794	5.0	0.0	0.0	1.0
0.4650032191716882	0.17084284467518485	0.031099925875071367	42.0	0.0	0.0	1.0
0.6493721042170444	0.6426150571432617	0.03348034868613788	19.0	0.0	0.0	1.0
0.4795333525664073	0.839774799094269	0.03326535096080703	1.0	0.0	0.0	1.0
0.07795764156165029	0.3742262073610185	0.03333858511033383	35.0	0.0	0.0	1.0
0.5621817070387084	0.6999919259572206	0.03289095587845728	17.0	0.0	0.0	1.0
0.1562804050407956	0.6783864472982567	0.03242193351415445	28.0	0.0	0.0	2.0
0.8827073331349041	0.9032075056150716	0.03308241417423453	26.0	0.0	0.0	2.0
0.7576973681822868	0.4942227647713031	0.030117699884710105	58.0	0.0	0.0	2.0
0.3212330071580663	0.7485639439587496	0.031770823357173225	20.0	0.0	0.0	2.0
0.3855623506555613	0.4723541238840527	0.033437568289878025	24.0	0.0	0.0	2.0
0.5218749367698025	0.21950946488122589	0.03197223055218111	9.0	0.0	0.0	2.0
0.39391956178867965	0.1971337012811731	0.03507302631489826	11.0	0.0	2.4924022312688976e-06	2.0
0.33339325467307335	0.9298024007805525	0.03116146290393619	56.0	0.0	0.0	2.0
0.5620063478005195	0.6996139702932355	0.03292384683433573	17.0	0.0	0.0	2.0
0.23943953237064522	0.07132916217453086	0.03539489161741953	41.0	0.0	0.0003941066095478618	2.0
0.3512251951519023	0.25236876128716196	0.03183279891090341	18.0	0.0	0.0	2.0
0.35317589016410544	0.6764670494632408	0.03284233090294652	2.0	0.0	0.0	2.0
0.09691803711772116	0.5004173018673964	0.032128840156641164	5.0	0.0	0.0	2.0
0.6252135917977553	0.2260803181073481	0.028738416083976773	27.0	0.0	0.0	2.0
0.5585429197859924	0.15575387754134776	0.0355924301849819	40.0	0.0	0.0013307347826696514	2.0
0.21886213785089476	0.6252219590199909	0.03260585369243314	49.0	0.0	0.0	2.0
0.5195568745317459	0.7688329370940165	0.031213997975044674	23.0	0.0	0.0	2.0
0.7620438790838157	0.7368705661763066	0.03188183755890828	38.0	0.0	0.0	2.0
0.7453170386124809	0.4203655466195684	0.03134899590341323	45.0	0.0	0.0	2.0
0.07725309890872716	0.37470950147480175	0.03337192369544416	35.0	0.0	0.0	2.0
0.23653083535465017	0.3691748323549505	0.033972655729417205	33.0	0.0	0.0	2.0
0.8648698503696713	0.5542680804393147	0.030798408770012206	62.0	0.0	0.0	2.0
0.7548744549528373	0.658624428839481	0.03215902592918582	60.0	0.0	0.0	2.0
0.3908958742012755	0.3907920132070174	0.03321502808348561	25.0	0.0	0.0	2.0
0.5502191248952043	0.5194668865793295	0.03113548897480901	14.0	0.0	0.0	2.0
0.44523392811538354	0.6242826767262926	0.031934032604446196	21.0	0.0	0.0	2.0
0.5761099806436616	0.5893594324948892	0.03402813303204096	8.0	0.0	0.0	2.0
0.04645877120988733	0.17033376553884588	0.03254167178960645	30.0	0.0	0.0	2.0
0.4622470442295365	0.1699362905459223	0.031131025800946434	42.0	0.0	0.0	2.0
0.8008489400799251	0.18066859709180613	0.0319284426040636	15.0	0.0	0.0	2.0
0.0837512520996551	0.6622092387685028	0.031086347424684534	13.0	0.0	0.0	2.0
0.6068222372666106	0.33139880329239707	0.03260562323597936	32.0	0.0	0.0	2.0
0.31166413249992614	0.8470925295578564	0.03505367302604925	50.0	0.0	9.895738628529216e-07	2.0
0.6513333623696088	0.6412145004309926	0.033513829034824014	19.0	0.0	0.0	2.0
0.7345585125408308	0.5957799276340137	0.030019883092439317	7.0	0.0	0.0	2.0
0.31189217519615525	0.6124598488660273	0.036145735417350104	34.0	0.0	0.009625714782544037	2.0
0.647567669357563	0.16003682865925925	0.03165677805245061	53.0	0.0	0.0	2.0
0.48295379241406133	0.8441157139146904	0.03329861631176784	1.0	0.0	0.0	2.0
0.9114542939913665	0.8113561103409965	0.033221688345715976	4.0	0.0	0.0	2.0
0.1670186494009361	0.8593434125853876	0.03388856381423026	61.0	0.0	0.0	2.0
0.5162628629229639	0.953130927763619	0.03484243653131333	6.0	0.0	0.0	2.0
0.8123519827242044	0.3752019850217551	0.032678610242105915	55.0	0.0	0.0	2.0
0.21542199122938585	0.26842641061701317	0.03313411617208913	36.0	0.0	0.0	2.0
0.1435938293044142	0.32937902059118224	0.027999299013618893	52.0	0.0	0.0	2.0
0.9545325023960878	0.5256883174062608	0.03137345879576337	47.0	0.0	0.0	2.0
0.5733393226535001	0.26838448949895977	0.03125520579065633	39.0	0.0	0.0	2.0
0.2708295284152227	0.6933469209160761	0.034744662277734095	48.0	0.0	0.0	2.0
0.7312525135492539	0.7992732641191884	0.03031372341685866	12.0	0.0	0.0	2.0
0.40072656342380075	0.7520090334998247	0.0337164728387933	31.0	0.0	0.0	2.0
0.25791268746976737	0.7903957077914142	0.03298039899849209	3.0	0.0	0.0	2.0
0.8242814434320977	0.2690433382590406	0.03324796235777675	22.0	0.0	0.0	2.0
0.6891983546602594	0.5018729280970633	0.03303914607287745	57.0	0.0	0.0	2.0
0.4103060505034743	0.12119754102995846	0.0327872226720755	51.0	0.0	0.0	2.0
0.8801527069426445	0.09589509873746224	0.03341473620308453	37.0	0.0	0.0	2.0
0.15160363295646465	0.17250025262226523	0.03163062405974849	43.0	0.0	0.0	2.0
0.6412339980236837	0.08987232780658544	0.0329867330398546	44.0	0.0	0.0	2.0
0.16511487720719434	0.02185647183140948	0.028833980703334063	59.0	0.0	0.0	2.0
0.3466652788864217	0.13388785473628784	0.031182566093368197	29.0	0.0	0.0	2.0
0.4341327340907273	0.04214821258448243	0.032994492057095905	54.0	0.0	0.0	2.0
0.17765886581400422	0.5521131486762382	0.032384556697863984	46.0	0.0	0.0	2.0
0.705993821123082	0.20482310895556413	0.03332775863412167	16.0	0.0	0.0	2.0
0.49122480341476643	0.5546795674320497	0.03354445905989081	10.0	0.0	0.0	2.0
0.864632550508943	0.55535968225472	0.030829207178782216	62.0	0.0	0.0	3.0
0.6065951383416106	0.33119414984239737	0.032638228859215336	32.0	0.0	0.0	3.0
0.5726071493268184	0.2681638021381986	0.03128646099644699	39.0	0.0	0.0	3.0
0.24000802806579594	0.07199712342245458	0.03543028650903694	41.0	0.0	0.0005098626078705593	3.0
0.1667486872949135	0.8586988517738326	0.03392245237804449	61.0	0.0	0.0	3.0
0.5754343409722662	0.5889144928403325	0.034062161165073	8.0	0.0	0.0	3.0
0.9556567885138687	0.52444859428907	0.03140483225455913	47.0	0.0	0.0	3.0
0.2740569931500149	0.695443342532806	0.034779406940011824	48.0	0.0	0.0	3.0
0.4433974591923475	0.02992215476627266	0.033027486549152996	54.0	0.0	0.0	3.0
0.5158891947120284	0.9524628321315103	0.03487727896784464	6.0	0.0	0.0	3.0
0.8831358694785834	0.9028114332313187	0.03311549658840876	26.0	0.0	0.0	3.0
0.8795808551065392	0.09593657412659591	0.03344815093928761	37.0	0.0	0.0	3.0
0.3217138977713304	0.748774312370985	0.03180259418053039	20.0	0.0	0.0	3.0
0.479713582830295	0.8428181710388576	0.0333319149280796	1.0	0.0	0.0	3.0
0.5500783567538567	0.5194788797769941	0.031166624463783817	14.0	0.0	0.0	3.0
0.5202301653603805	0.7684591407603283	0.031245211973019715	23.0	0.0	0.0	3.0
0.5583574139425701	0.6973406012675207	0.03295677068117006	17.0	0.0	0.0	3.0
0.16403115975109997	0.022175690844956245	0.028862814684037393	59.0	0.0	0.0	3.0
0.6249259118509415	0.225874882591392	0.028767154500060746	27.0	0.0	0.0	3.0
0.5224023584369387	0.2188487088130243	0.03200420278273329	9.0	0.0	0.0	3.0
0.08232605403559705	0.6633249749912856	0.031117433772109217	13.0	0.0	0.0	3.0
0.3930757587543746	0.1958256617268869	0.03510809934121315	11.0	0.0	8.084424621301878e-06	3.0
0.7445573548906208	0.4188306470986027	0.03138034489931664	45.0	0.0	0.0	3.0
0.3533701726480572	0.6761091808674571	0.03287517323384946	2.0	0.0	0.0	3.0
0.8192206479790128	0.2685800568393043	0.03328121032013452	22.0	0.0	0.0	3.0
0.7620139467525211	0.7352859710524589	0.03191371939646718	38.0	0.0	0.0	3.0
0.7378576777511106	0.5920486650304527	0.03756237871941469	7.0	0.0	0.0	3.0
0.4552420020254937	0.17258907292459924	0.031162156826747375	42.0	0.0	0.0	3.0
0.04409497416762212	0.17195525600782627	0.03257421346139605	30.0	0.0	0.0	3.0
0.21425940161569798	0.2686448504693916	0.033167250288261216	36.0	0.0	0.0	3.0
0.3991272909826098	0.7529914942473211	0.033750189311632095	31.0	0.0	0.0	3.0
0.22034873040746283	0.6249716116381319	0.03263845954612557	49.0	0.0	0.0	3.0
0.07823170701513886	0.3700672022068311	0.0334052956191396	35.0	0.0	0.0	3.0
0.387472513261415	0.4719827565505145	0.0334710058581679	24.0	0.0	0.0	3.0
0.17761318087356334	0.5448568024227223	0.03241694125456184	46.0	0.0	0.0	3.0
0.6513333623696088	0.6441706771532076	0.03354734286385883	19.0	0.0	0.0	3.0
0.1545809324056338	0.16929919444420732	0.03166225468380823	43.0	0.0	0.0	3.0
0.33389204201054873	0.9291934060083811	0.031192624366840123	56.0	0.0	0.0	3.0
0.4877066059434825	0.5551587177657067	0.0335780035189507	10.0	0.0	0.0	3.0
0.9104173458216702	0.8115918059820525	0.03325491003406169	4.0	0.0	0.0	3.0
0.09152778969999975	0.5016424911851444	0.04020121124599725	5.0	0.0	0.0	3.0
0.1460212020080143	0.3297407957621036	0.02802729831263251	52.0	0.0	0.0	3.0
0.26024792430783245	0.7871472486926158	0.03301337939749058	3.0	0.0	0.0	3.0
0.15732203326506913	0.6768576747765807	0.0324543554476686	28.0	0.0	0.0	3.0
0.3505360569408654	0.25378346178467054	0.03186463170981431	18.0	0.0	0.0	3.0
0.8136678808234848	0.3727035786341867	0.03271128885234802	55.0	0.0	0.0	3.0
0.5589664904460506	0.15796976476061741	0.03562802261516688	40.0	0.0	0.0015852794249155977	3.0
0.7059171469428644	0.20076403547739058	0.03336108639275579	16.0	0.0	0.0	3.0
0.7591838104435206	0.49601450612836384	0.03014781758459481	58.0	0.0	0.0	3.0
0.7548429431215716	0.6584258755111324	0.032191184955115	60.0	0.0	0.0	3.0
0.31184678450854175	0.6136608946056054	0.03618188115276745	34.0	0.0	0.01056577590478014	3.0
0.3350237206407866	0.13233358220126804	0.03121374865946156	29.0	0.0	0.0	3.0
0.4188675024045624	0.11937968371678905	0.03282000989474757	51.0	0.0	0.0	3.0
0.3908856977923662	0.390715491422201	0.041560303889461366	25.0	0.0	0.0	3.0
0.31145544777706247	0.8479974531654586	0.03508872669907529	50.0	0.0	4.470364629582946e-06	3.0
0.6425082749981856	0.08896235215264359	0.03301971977289445	44.0	0.0	0.0	3.0
0.6924593116397687	0.5047018327542915	0.03307218521895033	57.0	0.0	0.0	3.0
0.7997742822585239	0.18463759871166183	0.03196037104666766	15.0	0.0	0.0	3.0
0.2314064087414365	0.37075466742988317	0.03400662838514662	33.0	0.0	0.0	3.0
0.7320415270505732	0.7988088527169567	0.030344037140275514	12.0	0.0	0.0	3.0
0.6429944489818139	0.15807045471563108	0.03168843483050306	53.0	0.0	0.0	3.0
0.4450104762569039	0.6238312044350349	0.03196596663705064	21.0	0.0	0.0	3.0
0.8143614015819959	0.3662485453886432	0.03274400014120036	55.0	0.0	0.0	4.0
0.2159546794891409	0.2686608605821494	0.03320041753854947	36.0	0.0	0.0	4.0
0.4611992805035551	0.17242025212245693	0.03119331898357412	42.0	0.0	0.0	4.0
0.5597347972270856	0.6968090524064001	0.032989727451851227	17.0	0.0	0.0	4.0
0.27718758066588034	0.6915213294130644	0.03481418634695183	48.0	0.0	0.0	4.0
0.39303866835232737	0.19498459029152362	0.03514320744055436	11.0	0.0	1.8796488475913975e-05	4.0
0.17575806140749933	0.5459330533029942	0.0324493581958164	46.0	0.0	0.0	4.0
0.7983896928635446	0.18184011136536926	0.03199233141771432	15.0	0.0	0.0	4.0
0.44507938874400665	0.6240522581507238	0.03199793260368769	21.0	0.0	0.0	4.0
0.35292671003105885	0.2554680293560399	0.03189649634152412	18.0	0.0	0.0	4.0
0.5503145869221987	0.5172801372425648	0.0311977910882476	14.0	0.0	0.0	4.0
0.1550190434555204	0.16844135676978098	0.03169391693849204	43.0	0.0	0.0	4.0
0.41526102402204507	0.11904953513821286	0.03285282990464231	51.0	0.0	0.0	4.0
0.7364436766512933	0.8026277505391431	0.030374381177415786	12.0	0.0	0.0	4.0
0.15829792308460136	0.6778679553681503	0.032486809803116266	28.0	0.0	0.0	4.0
0.31234017934010677	0.8490369797686845	0.03512381542577436	50.0	0.0	1.2147984818966506e-05	4.0
0.7515647028329656	0.6566058682442655	0.03222337614007011	60.0	0.0	0.0	4.0
0.15121352799460042	0.32529339454884937	0.028055325610945137	52.0	0.0	0.0	4.0
0.1643344824287233	0.8588129312827062	0.033956374830422534	61.0	0.0	0.0	4.0
0.3115577275123255	0.6109704596077565	0.036218063033920216	34.0	0.0	0.011566161814528186	4.0
0.07484101884284411	0.6642485397892931	0.031148551205881322	13.0	0.0	0.0	4.0
0.6240723516933491	0.2261498465748389	0.028795921654560803	27.0	0.0	0.0	4.0
0.16360235667681242	0.02226186244381113	0.028891677498721426	59.0	0.0	0.0	4.0
0.513043343710497	0.9535817160115577	0.03491215624681248	6.0	0.0	0.0	4.0
0.48004147098856	0.8446588873602882	0.03336524684300768	1.0	0.0	0.0	4.0
0.09247133109050225	0.5043100829339444	0.03859316279615736	5.0	0.0	0.0	4.0
0.21759433862530747	0.6251017661524211	0.032671098005671695	49.0	0.0	0.0	4.0
0.6429925226412795	0.1580705944296588	0.03172012326533356	53.0	0.0	0.0	4.0
0.39558135112448595	0.7511945787070784	0.03378393950094372	31.0	0.0	0.0	4.0
0.31978827031504664	0.7456174933133035	0.03183439677471092	20.0	0.0	0.0	4.0
0.74512515102266	0.420435927261269	0.031411725244215954	45.0	0.0	0.0	4.0
0.8849613366714295	0.9026211180541232	0.03314861208499716	26.0	0.0	0.0	4.0
0.6412499411549404	0.08793833539514608	0.03305273949266734	44.0	0.0	0.0	4.0
0.7061076000678829	0.19844223882561993	0.03339444747914854	16.0	0.0	0.0	4.0
0.5784008354816296	0.5883377570417561	0.034096223326238066	8.0	0.0	0.0	4.0
0.8240574125386576	0.2637584939608126	0.033314491530454654	22.0	0.0	0.0	4.0
0.5630749765274593	0.14847076458812902	0.03566365063778204	40.0	0.0	0.0018706757752084968	4.0
0.4445044262752778	0.030439992725540117	0.04132564254462768	54.0	0.0	0.0	4.0
0.5706915808075541	0.26839105896132426	0.03131774745744343	39.0	0.0	0.0	4.0
0.23064681345330262	0.3708875090813317	0.034040635013531766	33.0	0.0	0.0	4.0
0.07574880177915382	0.3751642454651487	0.033438700914758736	35.0	0.0	0.0	4.0
0.4821965238205539	0.5490828834408134	0.033611581522469645	10.0	0.0	0.0	4.0
0.04249939931610948	0.1753382821011727	0.032606787674857446	30.0	0.0	0.0	4.0
0.3333695498745608	0.9293837845791777	0.031223816991206958	56.0	0.0	0.0	4.0
0.35177519096256704	0.6786161855866445	0.03290804840708331	2.0	0.0	0.0	4.0
0.8633316948637326	0.5548949502859349	0.030860036385960993	62.0	0.0	0.0	4.0
0.3880329558018407	0.4673199242364193	0.033504476864026064	24.0	0.0	0.0	4.0
0.6891701870275958	0.5070195059803182	0.033105257404169273	57.0	0.0	0.0	4.0
0.9130064456304199	0.8093170176286917	0.03328816494409575	4.0	0.0	0.0	4.0
0.762087805980104	0.7349912315035348	0.03194563311586364	38.0	0.0	0.0	4.0
0.3924845879704564	0.39213821584964376	0.03989789173388291	25.0	0.0	0.0	4.0
0.7418858557775225	0.5927009718377398	0.0360598835706381	7.0	0.0	0.0	4.0
0.2571961407287125	0.78199954679286	0.03304639277688806	3.0	0.0	0.0	4.0
0.6538926078923833	0.6432925610120425	0.03358089020672269	19.0	0.0	0.0	4.0
0.9562572661180752	0.5236765730047735	0.03143623708681369	47.0	0.0	0.0	4.0
0.5106018631952215	0.21992110550332886	0.03203620698551602	9.0	0.0	0.0	4.0
0.24296614105347714	0.07356706144991916	0.03546571679554598	41.0	0.0	0.0006464659805658357	4.0
0.8802822684006003	0.09659308774333285	0.033481599090226896	37.0	0.0	0.0	4.0
0.7571600863314961	0.49453051416581306	0.030177965402179402	58.0	0.0	0.0	4.0
0.607428147559228	0.3321011478099995	0.03267086708807455	32.0	0.0	0.0	4.0
0.5218907855283897	0.7688808381846031	0.03127645718499273	23.0	0.0	0.0	4.0
0.33210079950543897	0.128942744523445	0.03124496240812102	29.0	0.0	0.0	4.0
0.16476138505782129	0.5467306225368123	0.03248180755401221	46.0	0.0	0.0	5.0
0.9132268269253638	0.8114974017022162	0.03332145310903984	4.0	0.0	0.0	5.0
0.39513347644020924	0.7519393181684431	0.03381772344044466	31.0	0.0	0.0	5.0
0.8029913527005131	0.18223216467716058	0.032024323749132035	15.0	0.0	0.0	5.0
0.39213193791223677	0.19414654961626954	0.03517835064799491	11.0	0.0	3.630814396160531e-05	5.0
0.3322973361751038	0.1284382004415596	0.031276207370529135	29.0	0.0	0.0	5.0
0.35220145383741175	0.6804645975508659	0.03294095645549039	2.0	0.0	0.0	5.0
0.9560039457500601	0.5213187612489708	0.0314676733239005	47.0	0.0	0.0	5.0
0.5117763460387581	0.22041736687355326	0.03206824319250153	9.0	0.0	0.0	5.0
0.7409139061606459	0.7997639381842491	0.030404755558593198	12.0	0.0	0.0	5.0
0.7035219205553775	0.1993476598433261	0.033427841926627684	16.0	0.0	0.0	5.0
0.864134184029763	0.5524821280371722	0.03089089642234695	62.0	0.0	0.0	5.0
0.5202640747435556	0.7704821448480413	0.03130773364217772	23.0	0.0	0.0	5.0
0.6539199460702945	0.6435630364520368	0.03361447109692941	19.0	0.0	0.0	5.0
0.38867654363871706	0.4702804891897688	0.03353798134089009	24.0	0.0	0.0	5.0
0.7412144766092564	0.5925439174273468	0.03455738842186151	7.0	0.0	0.0	5.0
0.3180053998807576	0.7458147216991191	0.031866231171485626	20.0	0.0	0.0	5.0
0.5699222527923958	0.2665542134235998	0.03134906520490087	39.0	0.0	0.0	5.0
0.31275135469955434	0.6138714837719333	0.03625428109695413	34.0	0.0	0.01262887327777662	5.0
0.751538263918404	0.6565709785206595	0.03225559951621018	60.0	0.0	0.0	5.0
0.4604686462438863	0.17220002865818687	0.03122451230255769	42.0	0.0	0.0	5.0
0.8867258099754486	0.9024819715515562	0.033181760697082154	26.0	0.0	0.0	5.0
0.8784381466161193	0.09488866821886772	0.03351508068931712	37.0	0.0	0.0	5.0
0.23943744347270096	0.07364482966115793	0.03550118251234152	41.0	0.0	0.0008056894938448522	5.0
0.644635581783163	0.09223508617407085	0.03308579223216	44.0	0.0	0.0	5.0
0.39338208407409714	0.39092234255527236	0.03823547957830445	25.0	0.0	0.0	5.0
0.48198399685038074	0.8433083129988269	0.033398612089850684	1.0	0.0	0.0	5.0
0.7610375593119292	0.4899160811304348	0.03020814336758158	58.0	0.0	0.0	5.0
0.046907875942738445	0.17227321325341718	0.0326393944625323	30.0	0.0	0.0	5.0
0.7438599224879898	0.41847460583757534	0.03144313696946017	45.0	0.0	0.0	5.0
0.44441503990133224	0.03042377979424911	0.03967261684284257	54.0	0.0	0.0	5.0
0.5494673042773951	0.5195829343269522	0.031228988879335843	14.0	0.0	0.0	5.0
0.5114282052649927	0.9576521028940245	0.034947068403059285	6.0	0.0	0.0	5.0
0.4790875660287134	0.5520671487191126	0.03364519310399211	10.0	0.0	0.0	5.0
0.21642179849945828	0.6251719793795874	0.032703769103677366	49.0	0.0	0.0	5.0
0.33321296683824236	0.9290864909982107	0.03125504080819816	56.0	0.0	0.0	5.0
0.7613570238706685	0.7329658082871996	0.031977578748979496	38.0	0.0	0.0	5.0
0.4162340857092535	0.12076388517839579	0.03288568273454695	51.0	0.0	0.0	5.0
0.3512095999846209	0.2562712915089951	0.03192839283786564	18.0	0.0	0.0	5.0
0.1518093944229262	0.32493249082919845	0.02808338093655608	52.0	0.0	0.0	5.0
0.27713973613830895	0.6924704589875307	0.03484900053329878	48.0	0.0	0.0	5.0
0.5834045359223593	0.5866910336620746	0.0341303195495643	8.0	0.0	0.0	5.0
0.09345187762790279	0.5058513136697008	0.03698511434631747	5.0	0.0	0.0	5.0
0.8154470824175822	0.3694454803290462	0.03277674414134155	55.0	0.0	0.0	5.0
0.3130890697186796	0.8458804429857542	0.035158939241200136	50.0	0.0	2.56964648315261e-05	5.0
0.8204489197109548	0.26810813202255984	0.0333478060219851	22.0	0.0	0.0	5.0
0.6430078766961861	0.15868016213346134	0.031751843388598884	53.0	0.0	0.0	5.0
0.15531947304125174	0.16790420726626595	0.031725610855430526	43.0	0.0	0.0	5.0
0.258411036259761	0.7813645446076495	0.033079439169664944	3.0	0.0	0.0	5.0
0.6224807343421304	0.22515823266022433	0.02882471757621536	27.0	0.0	0.0	5.0
0.6109360000676068	0.3353025477819887	0.03270353795516262	32.0	0.0	0.0	5.0
0.5582371353908666	0.14554058631615935	0.03569931428841982	40.0	0.0	0.0021887551428818597	5.0
0.15869391647343456	0.6775698351495062	0.03251929661291938	28.0	0.0	0.0	5.0
0.16088267283413538	0.8518387382853555	0.03399033120525295	61.0	0.0	0.0	5.0
0.23250131591824869	0.3686805362715607	0.03407467564854529	33.0	0.0	0.0	5.0
0.16485518946607716	0.01284115205711062	0.028920569176220146	59.0	0.0	0.0	5.0
0.5609096881918023	0.6965342124702486	0.03302271717930307	17.0	0.0	0.0	5.0
0.07163293632853251	0.6651935102055544	0.0311796997570872	13.0	0.0	0.0	5.0
0.07506289765835136	0.37482744772762255	0.03347213961567349	35.0	0.0	0.0	5.0
0.4448013547370536	0.6250791128406498	0.03202993053629138	21.0	0.0	0.0	5.0
0.21613907215568906	0.26835857247239253	0.033233617956088014	36.0	0.0	0.0	5.0
0.6895451993726796	0.5082780065054158	0.03313836266157344	57.0	0.0	0.0	5.0
0.7088130344194502	0.20484482879555835	0.033461269768554305	16.0	0.0	0.0	6.0
0.33325697525840847	0.12861850776344314	0.03130748357789966	29.0	0.0	0.0	6.0
0.21485348531200968	0.6192317778489451	0.03273647287278104	49.0	0.0	0.0	6.0
0.9568748703653625	0.5201694584272252	0.031499140997224395	47.0	0.0	0.0	6.0
0.48269249972335343	0.8430751439154025	0.03343201070194053	1.0	0.0	0.0	6.0
0.5581148597819126	0.14715599303480326	0.035735013602708234	40.0	0.0	0.0025413594942591544	6.0
0.22555941158150525	0.3615839551250264	0.03410875032419383	33.0	0.0	0.0	6.0
0.8875730320730154	0.9059554626390531	0.033214942457779235	26.0	0.0	0.0	6.0
0.3911889172748284	0.19393843840064726	0.035213528998642905	11.0	0.0	6.230896885028869e-05	6.0
0.7427114610460553	0.7978794368781681	0.030435160314151787	12.0	0.0	0.0	6.0
0.861295586793048	0.5554207586470408	0.030921787318769295	62.0	0.0	0.0	6.0
0.6543604859409717	0.6445284152155982	0.033648085568026335	19.0	0.0	0.0	6.0
0.3547601823851985	0.25756500438304536	0.0319603212307035	18.0	0.0	0.0	6.0
0.7521887520669072	0.6554079459745794	0.03228785511572639	60.0	0.0	0.0	6.0
0.15742004582852792	0.16721290642591716	0.03175733646628595	43.0	0.0	0.0	6.0
0.15913393305564213	0.6777115811191959	0.032551815909532295	28.0	0.0	0.0	6.0
0.517000852006258	0.9558955898327114	0.03498201547146234	6.0	0.0	0.0	6.0
0.3294465730526108	0.9234062403980124	0.03128629584900636	56.0	0.0	0.0	6.0
0.5491046662795959	0.5194932726009677	0.03126021786821517	14.0	0.0	0.0	6.0
0.6341715511726863	0.16369689643093063	0.03178359523198748	53.0	0.0	0.0	6.0
0.5833600648260338	0.5796274877737027	0.034164449869113864	8.0	0.0	0.0	6.0
0.9135429426215037	0.8121901230656938	0.03335477456214888	4.0	0.0	0.0	6.0
0.6858311920573562	0.507055722567579	0.03317150102423501	57.0	0.0	0.0	6.0
0.34485957689348434	0.6830354844926908	0.032973897411945875	2.0	0.0	0.0	6.0
0.48209998902352336	0.5504439978128103	0.0336788382970961	10.0	0.0	0.0	6.0
0.27010899626934187	0.6876060581139131	0.03488384953383207	48.0	0.0	0.0	6.0
0.5226042131747639	0.7695790571367579	0.031339041375819894	23.0	0.0	0.0	6.0
0.8028979793821979	0.18217720537213306	0.032056348072881165	15.0	0.0	0.0	6.0
0.16429667986963759	0.013044654179769985	0.028949489745396365	59.0	0.0	0.0	6.0
0.15235752273768952	0.32499312701490296	0.028111464317492632	52.0	0.0	0.0	6.0
0.8174103134764005	0.3728050667049666	0.03280952088548289	55.0	0.0	0.0	6.0
0.066588024819142	0.6693520661485618	0.031210879456844285	13.0	0.0	0.0	6.0
0.741491686137106	0.5902375587000981	0.03305489327308493	7.0	0.0	0.0	6.0
0.3908624755149739	0.4740211731592772	0.03357151932223097	24.0	0.0	0.0	6.0
0.21658519701970758	0.2682179527297445	0.0332668515740441	36.0	0.0	0.0	6.0
0.3962163235038305	0.391056270146382	0.036573067422726	25.0	0.0	0.0	6.0
0.4458155156415473	0.627634947762326	0.03206196046682767	21.0	0.0	0.0	6.0
0.46104017066552094	0.1725611159993591	0.03125573681486024	42.0	0.0	0.0	6.0
0.5107713119988161	0.2195565215375426	0.03210031143569403	9.0	0.0	0.0	6.0
0.3121734645690397	0.8444610978268172	0.035194098180441336	50.0	0.0	4.679983979372082e-05	6.0
0.7412040298180327	0.4235950979915162	0.031474580106429624	45.0	0.0	0.0	6.0
0.15713871014796393	0.8501727600671379	0.0340243215364582	61.0	0.0	0.0	6.0
0.30594026490633053	0.6123683733198908	0.03629053537805108	34.0	0.0	0.013755922414432575	6.0
0.6099496661266135	0.33704028101473654	0.03273624149311778	32.0	0.0	0.0	6.0
0.23747451605678643	0.07168807161659388	0.03553668369485386	41.0	0.0	0.0009893163286420759	6.0
0.04800317224939905	0.17255135249334352	0.032672033856994825	30.0	0.0	0.0	6.0
0.3239148476801661	0.754218116495774	0.03189809740265711	20.0	0.0	0.0	6.0
0.6284614685984251	0.22700206309533716	0.02885354229379157	27.0	0.0	0.0	6.0
0.17050218309614767	0.5487408636270822	0.03251428936156622	46.0	0.0	0.0	6.0
0.41395599853993714	0.12259404544044424	0.032918568417281496	51.0	0.0	0.0	6.0
0.44274848235180736	0.027444078051069035	0.03801959114105746	54.0	0.0	0.0	6.0
0.0774044372402036	0.3726079764807161	0.03350561175528916	35.0	0.0	0.0	6.0
0.7622938506271684	0.4890658860023839	0.030238351510949158	58.0	0.0	0.0	6.0
0.6423789881271211	0.08546528271161132	0.03311887802439216	44.0	0.0	0.0	6.0
0.8798312495884277	0.09486673974441243	0.033548595770006434	37.0	0.0	0.0	6.0
0.5607721196461897	0.6961025121202794	0.033055739896482375	17.0	0.0	0.0	6.0
0.09151939816151407	0.5044713081439447	0.035377065896477586	5.0	0.0	0.0	6.0
0.7617348092734094	0.730125040630062	0.03200955632772847	38.0	0.0	0.0	6.0
0.8252673394455794	0.26279497708906935	0.03338115382800708	22.0	0.0	0.0	6.0
0.2613659727199829	0.7847491983135629	0.03311251860883461	3.0	0.0	0.0	6.0
0.39471915370875915	0.7528177881507403	0.0338515411638851	31.0	0.0	0.0	6.0
0.5690644292613884	0.26897946259260874	0.031380414270105766	39.0	0.0	0.0	6.0
0.3112532837304006	0.8452392738189111	0.035229292278621774	50.0	0.0	7.71521911246964e-05	7.0
0.3038097756338116	0.6134312009216095	0.03632682591342913	34.0	0.0	0.014949332744762955	7.0
0.880337840097172	0.09401223061666727	0.03358214436577644	37.0	0.0	0.0	7.0
0.5548655535505213	0.15027497772811474	0.03577074861631094	40.0	0.0	0.0029303414965511365	7.0
0.15890193409694495	0.6743669444606809	0.03258436772544182	28.0	0.0	0.0	7.0
0.610258754084706	0.3356603578490642	0.0327689777346109	32.0	0.0	0.0	7.0
0.3918346981368585	0.19310817168131253	0.03524874252764154	11.0	0.0	9.849861038446761e-05	7.0
0.568290490672058	0.2690650788301986	0.03141179468437587	39.0	0.0	0.0	7.0
0.7636627399752708	0.732771595336456	0.0320415658840562	38.0	0.0	0.0	7.0
0.7483360686319557	0.7943751780548054	0.030465595474465937	12.0	0.0	0.0	7.0
0.8254448224740238	0.262618051879881	0.03341453498183509	22.0	0.0	0.0	7.0
0.5157050748886898	0.9488774919580104	0.0350169974869338	6.0	0.0	3.1429252089765214e-08	7.0
0.9137006289354018	0.8105253322618525	0.03338812933671102	4.0	0.0	0.0	7.0
0.9574379487605873	0.5246176737962134	0.03153064013822161	47.0	0.0	0.0	7.0
0.3233032755760098	0.7542624727247859	0.03192999550005976	20.0	0.0	0.0	7.0
0.06540057160923439	0.6688236764853407	0.031242090336301126	13.0	0.0	0.0	7.0
0.1535588574126053	0.32376502466846746	0.02813957578181012	52.0	0.0	0.0	7.0
0.5506647170907641	0.5170067442507631	0.03129147808608339	14.0	0.0	0.0	7.0
0.35336569860489736	0.25773706718538536	0.0319922815519342	18.0	0.0	0.0	7.0
0.2385232532981761	0.07324829749953964	0.035572220378548715	41.0	0.0	0.0011991401238873323	7.0
0.17297290090034712	0.5472866052169933	0.03254680365092778	46.0	0.0	0.0	7.0
0.3314487997021757	0.12917595923674677	0.03133879106147756	29.0	0.0	0.0	7.0
0.1561689015532584	0.8486693902635364	0.03405834585799466	61.0	0.0	0.0	7.0
0.3914540619793106	0.47388278449941923	0.0336050908415532	24.0	0.0	0.0	7.0
0.0749059691352459	0.3712617542616199	0.03353911736704445	35.0	0.0	0.0	7.0
0.21980759661470975	0.6233154865446904	0.03276920934565381	49.0	0.0	0.0	7.0
0.043969622691968226	0.17057076902119164	0.032704705890851817	30.0	0.0	0.0	7.0
0.641314548604263	0.15996339107011207	0.031815378827219465	53.0	0.0	0.0	7.0
0.5105158263703559	0.2199264647269272	0.03213241174712972	9.0	0.0	0.0	7.0
0.21664310362416989	0.26936669164811106	0.033300118425618135	36.0	0.0	0.0	7.0
0.5825383629657631	0.5783882460080667	0.034198614318982974	8.0	0.0	0.0	7.0
0.8174103134764005	0.37501990280663766	0.03284233040636837	55.0	0.0	0.0	7.0
0.48266352217714953	0.8421549088202479	0.03346544271264247	1.0	0.0	0.0	7.0
0.48322560769142486	0.5544029219907759	0.033712517135393194	10.0	0.0	0.0	7.0
0.6289443331726018	0.22623243659060768	0.02888239583608536	27.0	0.0	0.0	7.0
0.7416569636059035	0.5921078514750053	0.031552398124308344	7.0	0.0	0.0	7.0
0.44577864815131285	0.6276233270314343	0.03209402242729449	21.0	0.0	0.0	7.0
0.3309790617319422	0.9230273347651925	0.03131758214485536	56.0	0.0	0.0	7.0
0.3435446745803565	0.6843628633078335	0.03300687130935782	2.0	0.0	0.0	7.0
0.15515140194271154	0.16691847081531908	0.03178909380275224	43.0	0.0	0.0	7.0
0.2584917673320767	0.7829585027962481	0.03314563112744344	3.0	0.0	0.0	7.0
0.6538054833117628	0.6449300488354754	0.03368173365359436	19.0	0.0	0.0	7.0
0.7614937432419374	0.49022444149423855	0.030268589862460105	58.0	0.0	0.0	7.0
0.4600533471623526	0.17220857232461756	0.0312869925516751	42.0	0.0	0.0	7.0
0.16931001881203742	0.012200390381289089	0.02897843923514176	59.0	0.0	0.0	7.0
0.6427109546755546	0.08621768077635836	0.03315199690241655	44.0	0.0	0.0	7.0
0.8027580457509176	0.18402589563888425	0.03208840442095404	15.0	0.0	0.0	7.0
0.7411064344737147	0.4239744135278614	0.03150605468653605	45.0	0.0	0.0	7.0
0.5250136375691012	0.7688528226630853	0.03137038041719571	23.0	0.0	0.0	7.0
0.26990883585328684	0.6955525794692579	0.0349187333833659	48.0	0.0	0.0	7.0
0.4433312716238957	0.023447539223637265	0.03636656543927236	54.0	0.0	0.0	7.0
0.7089928253035527	0.20422729078247512	0.03349473103832286	16.0	0.0	0.0	7.0
0.09186441627090301	0.5029309748205101	0.03376901744663769	5.0	0.0	0.0	7.0
0.22617169285437327	0.362546343630496	0.03414285907451802	33.0	0.0	0.0	7.0
0.5616661792553248	0.6950109093728463	0.03308879563637886	17.0	0.0	0.0	7.0
0.3965399605442227	0.38952100798591444	0.034910655267147546	25.0	0.0	0.0	7.0
0.7518585149737791	0.6555995336155261	0.03232014297084211	60.0	0.0	0.0	7.0
0.8858492989650585	0.9040059692144137	0.03324815740023701	26.0	0.0	0.0	7.0
0.8623969634971639	0.5559876272355616	0.03095270910608806	62.0	0.0	0.0	7.0
0.41358296794904487	0.12251663530492585	0.032951486985698775	51.0	0.0	0.0	7.0
0.679225401393226	0.4993924422946816	0.03320467252525924	57.0	0.0	0.0	7.0
0.3962586950186576	0.7501447508750599	0.03388539270504898	31.0	0.0	0.0	7.0
0.8140365132031987	0.37898399235024594	0.03287517273677474	55.0	0.0	0.0	8.0
0.30360876023648303	0.6157059068933562	0.036363152739342555	34.0	0.0	0.01621113923611972	8.0
0.7067873512174281	0.20645369159570665	0.03352822576936118	16.0	0.0	0.0	8.0
0.5517106892965855	0.5162795141676283	0.03132276956416947	14.0	0.0	0.0	8.0
0.8013256531094485	0.1841116691725225	0.03212049282537499	15.0	0.0	0.0	8.0
0.07427181276355034	0.36456657780846075	0.03357265648441149	35.0	0.0	0.0	8.0
0.33518805523064543	0.13043269815011807	0.03137012985253903	29.0	0.0	0.0	8.0
0.07024156108868901	0.5185682949658775	0.019070036506212938	64.0	5.0	0.0	8.0
0.22087040018563484	0.6246643013105427	0.03280197855499946	49.0	0.0	0.0	8.0
0.643201013475243	0.16081709359843022	0.03184719420604668	53.0	0.0	0.0	8.0
0.3502223759865383	0.26001176639438306	0.032024273833486126	18.0	0.0	0.0	8.0
0.5655997961108119	0.26905660879594223	0.03144320647906024	39.0	0.0	0.0	8.0
0.7666964101548138	0.7234585642393596	0.03207360744994025	38.0	0.0	0.0	8.0
0.608480545772685	0.3359025355872301	0.0328017467123455	32.0	0.0	0.0	8.0
0.39955393931366734	0.41154936315386714	0.01971474211390198	68.0	25.0	0.0	8.0
0.3262684382091829	0.7469249155196374	0.03196192549555982	20.0	0.0	0.0	8.0
0.3303718527365063	0.9249751066463714	0.03134889972700021	56.0	0.0	0.0	8.0
0.8836308979016397	0.09471724935577959	0.03361572651014221	37.0	0.0	0.0	8.0
0.6542252857238539	0.6486186218897252	0.03371541538724795	19.0	0.0	0.0	8.0
0.4606902360572347	0.1721502694759507	0.03131827954422677	42.0	0.0	0.0	8.0
0.2178731055671276	0.2701656477556833	0.03333341854404375	36.0	0.0	0.0	8.0
0.17400059881184773	0.546124307926457	0.03257935045457871	46.0	0.0	0.0	8.0
0.5805504062219375	0.5761961741748217	0.03423281293330195	8.0	0.0	0.0	8.0
0.16940295842832004	0.012434611909500062	0.0290074176743769	59.0	0.0	0.0	8.0
0.04327579610227867	0.1703424299189172	0.032737410596742664	30.0	0.0	0.0	8.0
0.7541191844430463	0.5740046538728188	0.017214258375350424	65.0	7.0	0.0	8.0
0.5248226840980882	0.7679469818541931	0.031401750797612905	23.0	0.0	0.0	8.0
0.5632447626363097	0.6950456994343407	0.03312188443201523	17.0	0.0	0.0	8.0
0.15453095294665514	0.3209606673079782	0.028167715357591928	52.0	0.0	0.0	8.0
0.9583990595891637	0.5293235678742173	0.03156217077835983	47.0	0.0	0.0	8.0
0.25896619372671875	0.7816435907017354	0.03317877675857088	3.0	0.0	0.0	8.0
0.39631454203829525	0.7500890793794891	0.033919278097754024	31.0	0.0	0.0	8.0
0.6289684197190982	0.22624333673826416	0.028911278231921442	27.0	0.0	0.0	8.0
0.06726909042205169	0.6684604053967667	0.03127333242663742	13.0	0.0	0.0	8.0
0.4431463168340653	0.023773394465443513	0.03471353973748725	54.0	0.0	0.0	8.0
0.41317273779135666	0.12452524826847257	0.03298443847268447	51.0	0.0	0.0	8.0
0.4454522023045705	0.6297673417440582	0.032126116449721784	21.0	0.0	0.0	8.0
0.7451066944752056	0.8046313675873447	0.0304960610699404	12.0	0.0	0.0	8.0
0.1554815249739512	0.171279790028574	0.031820882896554985	43.0	0.0	0.0	8.0
0.3956248408320553	0.3591170335210584	0.01971474211390198	67.0	25.0	0.0	8.0
0.48299854984965596	0.8405656120336831	0.03349890815535511	1.0	0.0	0.0	8.0
0.8264572786751534	0.26700838532400206	0.03344794951681692	22.0	0.0	0.0	8.0
0.8861551271667525	0.9080463247357918	0.03328140555763724	26.0	0.0	0.0	8.0
0.7599516335169837	0.4895613716807993	0.030298858452322563	58.0	0.0	0.0	8.0
0.7288339691276479	0.6101549554266968	0.017214258375350424	66.0	7.0	0.0	8.0
0.34112364854728344	0.6827244339776019	0.03303987818066717	2.0	0.0	0.0	8.0
0.6793234439422453	0.5005018994541994	0.033237877197784496	57.0	0.0	0.0	8.0
0.7380522451829373	0.42384935849932726	0.03153756074122258	45.0	0.0	0.0	8.0
0.6427086764144174	0.08624346175772987	0.03318514889931896	44.0	0.0	0.0	8.0
0.10987740383064137	0.4881141682632574	0.019070036506212938	63.0	5.0	0.0	8.0
0.7524384670088704	0.6562471801501776	0.03235246311381295	60.0	0.0	0.0	8.0
0.3943583019715974	0.4757176742385864	0.03363869593239475	24.0	0.0	0.0	8.0
0.3111247349659382	0.8447977400393388	0.03526452157090039	50.0	0.0	0.00011845768838725235	8.0
0.15632769605310623	0.8479161044634582	0.03409240420385265	61.0	0.0	0.0	8.0
0.5125526524423333	0.2197141142030043	0.032164544158876845	9.0	0.0	0.0	8.0
0.5570873277433469	0.14921853484275716	0.03580651936492724	40.0	0.0	0.003357564562136872	8.0
0.2718596220020462	0.6917328678833755	0.034953652116749265	48.0	0.0	0.0	8.0
0.1588907320194632	0.6742054485677363	0.032616952093167256	28.0	0.0	0.0	8.0
0.39230670870675666	0.190551700871228	0.03528399127016918	11.0	0.0	0.00014658682704293824	8.0
0.9156307673713953	0.8064988466993558	0.03342151746604773	4.0	0.0	0.0	8.0
0.4830898833934428	0.5543253192456935	0.03374622965252858	10.0	0.0	0.0	8.0
0.5156169541182537	0.9490017161513497	0.03505201448442073	6.0	0.0	9.006433998592911e-07	8.0
0.23859892465025664	0.07625250795806755	0.03560779259892726	41.0	0.0	0.0014369650196499606	8.0
0.8614282062595088	0.5563826614668089	0.030983661815194144	62.0	0.0	0.0	8.0
0.2248171935771937	0.36409781895318993	0.034177001933592535	33.0	0.0	0.0	8.0
0.7306858167580793	0.6074370435021146	0.01723147263372577	66.0	0.0	0.0	9.0
0.07586346499424498	0.3663896937006859	0.0336062291408959	35.0	0.0	0.0	9.0
0.4083933161898404	0.11589894497294767	0.033017422911157154	51.0	0.0	0.0	9.0
0.5568326082559886	0.1492467129494559	0.03584232588429217	40.0	0.0	0.0038249028927452855	9.0
0.564036977623074	0.6955053043775623	0.033155006316447244	17.0	0.0	0.0	9.0
0.397762264305352	0.7480149593362988	0.03395319737585178	31.0	0.0	0.0	9.0
0.43674553548444295	-0.001739429564534111	0.01827438114798531	69.0	54.0	0.0	9.0
0.8035289652797346	0.18168213011774623	0.032152613318200365	15.0	0.0	0.0	9.0
0.9577065615358686	0.5281212142264832	0.031593732949138184	47.0	0.0	0.0	9.0
0.3958803871457009	0.3591291089660065	0.019734456856015877	67.0	0.0	0.0	9.0
0.45794215397063187	0.046046464976731274	0.01827438114798531	70.0	54.0	0.0	9.0
0.15914904276170147	0.6744867027402772	0.03264956904526042	28.0	0.0	0.0	9.0
0.6766524079470593	0.49815512180093047	0.033271115074982274	57.0	0.0	0.0	9.0
0.3992410905016907	0.41508958480014213	0.019734456856015877	68.0	0.0	0.0	9.0
0.17247513500579842	0.008272613388284824	0.029036425092051274	59.0	0.0	0.0	9.0
0.44547846801132307	0.6297990021416993	0.0321582425661715	21.0	0.0	0.0	9.0
0.2198028100777903	0.3659967465827007	0.034211178935526124	33.0	0.0	0.0	9.0
0.21967446240539426	0.6272850242290156	0.03283478053355445	49.0	0.0	0.0	9.0
0.5155987159968908	0.9504500804984239	0.035087066498905146	6.0	0.0	4.22409053157935e-06	9.0
0.31101872335875136	0.8532165584674951	0.03529978609247129	50.0	0.0	0.00017243063128091762	9.0
0.6535112898742993	0.6483430822596584	0.03374913080263519	19.0	0.0	0.0	9.0
0.8577103230192369	0.5531161216966755	0.031014645477009335	62.0	0.0	0.0	9.0
0.7534463678039077	0.5732627552333364	0.01723147263372577	65.0	0.0	0.0	9.0
0.33873847329519446	0.1287444915283787	0.03140149998239156	29.0	0.0	0.0	9.0
0.5682909119992355	0.2691498307153025	0.03147464968553929	39.0	0.0	0.0	9.0
0.4819995267628522	0.8414322720603857	0.03353240706351046	1.0	0.0	0.0	9.0
0.17264933241915592	0.5499446247836283	0.03261192980503328	46.0	0.0	0.0	9.0
0.15264251990053856	0.1653573065803504	0.031852703779451534	43.0	0.0	0.0	9.0
0.6355429958870809	0.2222612547122304	0.028940189510153362	27.0	0.0	0.0	9.0
0.7526715048786793	0.6544948455214745	0.03238481557692676	60.0	0.0	0.0	9.0
0.5234810867064621	0.7625932593338464	0.03143315254841052	23.0	0.0	0.0	9.0
0.2977223278551261	0.6072521336517014	0.036399515892081895	34.0	0.0	0.01754338834970781	9.0
0.8277634732459308	0.2646729902813361	0.03348139746633373	22.0	0.0	0.0	9.0
0.27257211555723243	0.6875818328198142	0.03498860576886601	48.0	0.0	0.0	9.0
0.7442620423685182	0.804011986254668	0.030526557131010337	12.0	0.0	0.0	9.0
0.3200583083012468	0.7544271294931463	0.03199388742105538	20.0	0.0	0.0	9.0
0.7599653831633205	0.4891247264584582	0.03032915731077488	58.0	0.0	0.0	9.0
0.0357740907234641	0.1789350596599875	0.032770148007339406	30.0	0.0	0.0	9.0
0.0672962923178625	0.6678435682558517	0.031304605759064054	13.0	0.0	0.0	9.0
0.39578022422608367	0.47837664520035333	0.03367233462832714	24.0	0.0	0.0	9.0
0.07238053068529231	0.5192277285860634	0.01908910654271915	64.0	0.0	0.0	9.0
0.5884873901470467	0.5804085125605747	0.03426704574623525	8.0	0.0	0.0	9.0
0.7651678804495824	0.7220097193182244	0.03210568105739019	38.0	0.0	0.0	9.0
0.39176973948581023	0.19089095634473566	0.03531927526143935	11.0	0.0	0.00020829353069018453	9.0
0.6091654559870243	0.3367496006579099	0.032834548459057845	32.0	0.0	0.0	9.0
0.7191545296743611	0.2027260496914433	0.03356175399513054	16.0	0.0	0.0	9.0
0.7372236811999728	0.4239622022814441	0.031569098301963805	45.0	0.0	0.0	9.0
0.5150541485599719	0.2232404830240784	0.03219670870303572	9.0	0.0	0.0	9.0
0.642322746949398	0.16141955682831804	0.031879041400252724	53.0	0.0	0.0	9.0
0.8836869544227542	0.9090167194243916	0.033314686963194874	26.0	0.0	0.0	9.0
0.9143197407965067	0.8063118810214085	0.033454938983513774	4.0	0.0	0.0	9.0
0.33035511998534417	0.9254178582448012	0.031380248626727204	56.0	0.0	0.0	9.0
0.23684466581444333	0.0774558743772378	0.035643400391526185	41.0	0.0	0.001704605700723505	9.0
0.21600761561923884	0.2693355471697545	0.033366751962587794	36.0	0.0	0.0	9.0
0.3504882328299855	0.6803773666825036	0.033072918058847836	2.0	0.0	0.0	9.0
0.6399144569010712	0.08791190729634642	0.03321833404821827	44.0	0.0	0.0	9.0
0.8796507022961705	0.10172959871232175	0.03364934223665235	37.0	0.0	0.0	9.0
0.55074899685769	0.5129763342490399	0.03135409233373363	14.0	0.0	0.0	9.0
0.10986838342881348	0.4880910113105816	0.01908910654271915	63.0	0.0	0.0	9.0
0.24986377675050023	0.7880550414261411	0.03321195553532945	3.0	0.0	0.0	9.0
0.3505700845648578	0.2612959480967859	0.03205629810731961	18.0	0.0	0.0	9.0
0.1561368230476235	0.3178163141281118	0.028195883072949516	52.0	0.0	0.0	9.0
0.46656980882608506	0.17652374705111376	0.031349597823770996	42.0	0.0	0.0	9.0
0.8136124121140255	0.3797311779899885	0.03290804790951151	55.0	0.0	0.0	9.0
0.15714242017501723	0.8466873861068871	0.0341264966080565	61.0	0.0	0.0	9.0
0.4835625149093958	0.553306646033622	0.03377997588218111	10.0	0.0	0.0	9.0
0.23968281128952124	0.08004607417118949	0.035679043791917706	41.0	0.0	0.002003887440096719	10.0
0.43706376936543945	0.631823395318409	0.03219040080873767	21.0	0.0	0.0	10.0
0.5683078290678584	0.269149777462082	0.03150612433522483	39.0	0.0	0.0	10.0
0.1726042580654205	0.007974896364707806	0.029065461517143322	59.0	0.0	0.0	10.0
0.6760355632934034	0.4974019848604064	0.03330438619005725	57.0	0.0	0.0	10.0
0.16772628859890595	0.672930958936313	0.032682218614305675	28.0	0.0	0.0	10.0
0.9582750311384991	0.5271048257636991	0.03162532668208732	47.0	0.0	0.0	10.0
0.17416582211213663	0.5546019212286392	0.03264454173483831	46.0	0.0	0.0	10.0
0.609113157063742	0.33635633747546445	0.0328673830075169	32.0	0.0	0.0	10.0
0.4075624839220461	0.11520525323635133	0.03305044033406831	51.0	0.0	0.0	10.0
0.27167159349984854	0.6930339897305913	0.03502359437463488	48.0	0.0	8.406310314512666e-08	10.0
0.3189410943888479	0.7547870263146919	0.03202588130847643	20.0	0.0	0.0	10.0
0.7382661961559539	0.42431258462439386	0.031600667400265764	45.0	0.0	0.0	10.0
0.8555698997290695	0.5538355037285689	0.03104566012248634	62.0	0.0	0.0	10.0
0.15558819508603636	0.16909569276411712	0.031884556483230984	43.0	0.0	0.0	10.0
0.4784206763137028	0.8425356137401994	0.033565939470573965	1.0	0.0	0.0	10.0
0.7211446878959985	0.20158814186326862	0.033595315749125665	16.0	0.0	0.0	10.0
0.8082787677817959	0.3844771612868641	0.03294095595742102	55.0	0.0	0.0	10.0
0.6540531576903165	0.6493263885924809	0.03378287993343782	19.0	0.0	0.0	10.0
0.764346576346853	0.7224724776885426	0.032137786738447575	38.0	0.0	0.0	10.0
0.35252582506027014	0.678241217599992	0.03310599097690668	2.0	0.0	0.0	10.0
0.6391211052941932	0.07836244779858031	0.033251552382266486	44.0	0.0	0.0	10.0
0.6386459090720729	0.23200922637479285	0.02896912969966351	27.0	0.0	0.0	10.0
0.880410741310508	0.9070883484612531	0.03334800165015807	26.0	0.0	0.0	10.0
0.7533486886383685	0.5758473634819589	0.017248704106359494	65.0	0.0	0.0	10.0
0.7424138453456571	0.8014410297086672	0.030557083688141345	12.0	0.0	0.0	10.0
0.07522294233537095	0.3667400406466208	0.03363983537003679	35.0	0.0	0.0	10.0
0.39780229159693536	0.42098845734692913	0.019754191312871892	68.0	0.0	0.0	10.0
0.8283260100047243	0.26599272173342264	0.033514878863800064	22.0	0.0	0.0	10.0
0.4800674876488054	0.5527632337238386	0.03381375585806329	10.0	0.0	0.0	10.0
0.3985779911782894	0.7473338796370492	0.033987150573227626	31.0	0.0	0.0	10.0
0.4669516448387001	0.17471240190668466	0.031380947421594765	42.0	0.0	0.0	10.0
0.5887653859767136	0.581613991263704	0.03430131279198148	8.0	0.0	0.0	10.0
0.4592602760425541	0.04129701843912309	0.018292655529133294	70.0	0.0	0.0	10.0
0.8797048811421526	0.1022056384530293	0.033682991578888995	37.0	0.0	0.0	10.0
0.5508372292172187	0.5133822114524376	0.03138544642606736	14.0	0.0	0.0	10.0
0.640787123536901	0.160230133545932	0.031910920441652973	53.0	0.0	0.0	10.0
0.43690225430993784	0.004482427474558684	0.018292655529133294	69.0	0.0	0.0	10.0
0.35444751541362235	0.2570203988549168	0.03208835440542693	18.0	0.0	0.0	10.0
0.5149642350801396	0.22281395346758745	0.03222890541173875	9.0	0.0	0.0	10.0
0.39194600367963556	0.19071076470076717	0.035354594536700784	11.0	0.0	0.00028534882869735156	10.0
0.752706938715434	0.6573087924633938	0.03241720039250368	60.0	0.0	0.0	10.0
0.7539326630571909	0.48644030325879956	0.03035948646808565	58.0	0.0	0.0	10.0
0.1106237182333503	0.48622186852720667	0.019108195649261864	63.0	0.0	0.0	10.0
0.15648534735440797	0.3160532899133156	0.028224078956022462	52.0	0.0	0.0	10.0
0.39418323259254645	0.36112320229496997	0.019754191312871892	67.0	0.0	0.0	10.0
0.07394585269782201	0.5214943148563723	0.019108195649261864	64.0	0.0	0.0	10.0
0.15375161050585975	0.8419705598122167	0.034160623104664556	61.0	0.0	0.0	10.0
0.24452003701230024	0.7821626288267812	0.03324516749086477	3.0	0.0	0.0	10.0
0.29990051764088144	0.6072727043585006	0.03643591540797397	34.0	0.0	0.01894813808762308	10.0
0.7312837694065084	0.6070323790565892	0.017248704106359494	66.0	0.0	0.0	10.0
0.21788415751390583	0.6264883792826852	0.032867615314088	49.0	0.0	0.0	10.0
0.9188679088021934	0.803478268610115	0.033488393922497285	4.0	0.0	0.0	10.0
0.8027611991680811	0.18183641920137208	0.03218476593151856	15.0	0.0	0.0	10.0
0.31255001851619835	0.8536676156382182	0.03533508587856375	50.0	0.0	0.0002407954917060806	10.0
0.037742414388402576	0.18082443879055876	0.03280291815534674	30.0	0.0	0.0	10.0
0.5253927068325747	0.7657719586286144	0.031464585700958926	23.0	0.0	0.0	10.0
0.2227568611478374	0.366475113628405	0.03424539011446165	33.0	0.0	0.0	10.0
0.40095447129095885	0.4806401498509506	0.03370600696295546	24.0	0.0	0.0	10.0
0.21564077886308694	0.2692199192494022	0.03340011871455038	36.0	0.0	0.0	10.0
0.5194450956264023	0.9540502412357449	0.035122153565404046	6.0	0.0	1.1665367281921135e-05	10.0
0.3275639161548969	0.9255849991590386	0.031411628875353925	56.0	0.0	0.0	10.0
0.5652587052340391	0.6940879962041743	0.033188161322763685	17.0	0.0	0.0	10.0
0.556787648740999	0.15103164002461278	0.035878168210176455	40.0	0.0	0.004334241524063032	10.0
0.34126952192212623	0.12738071430327533	0.03143290148237395	29.0	0.0	0.0	10.0
0.06735243205308114	0.6665705292733913	0.03133591036482312	13.0	0.0	0.0	10.0
0.7205680265676117	0.20249454266071384	0.033628911064874784	16.0	0.0	0.0	11.0
0.7470256100484522	0.6542849856673335	0.032449617592896184	60.0	0.0	0.0	11.0
0.1522163872621223	0.15404225698768553	0.031916441039714215	43.0	0.0	0.0	11.0
0.22296911972935296	0.36776022050901125	0.034279635504576106	33.0	0.0	0.0	11.0
0.39614359923900544	0.3629580796890746	0.01977394550418476	67.0	0.0	0.0	11.0
0.5652971882105572	0.6943407427735173	0.03322134948408644	17.0	0.0	0.0	11.0
0.3914023660589095	0.1907364534538826	0.03538994913123748	11.0	0.0	0.0003794930663048035	11.0
0.43797997335154143	0.6333912527621095	0.0322225912095464	21.0	0.0	0.0	11.0
0.23938951162461186	0.08042810219388491	0.03571472283570962	41.0	0.0	0.002336646142808263	11.0
0.15410233544841287	0.3191572052443756	0.02825230303497848	52.0	0.0	0.0	11.0
0.07623051080948254	0.3681231739120436	0.033673475205406825	35.0	0.0	0.0	11.0
0.773524922000058	0.7338508465077721	0.03216992452518602	38.0	0.0	0.0	11.0
0.519012565813523	0.9540106460717738	0.03515727571896945	6.0	0.0	2.489803146943359e-05	11.0
0.17209713950558986	0.00540961674618504	0.02909452697866046	59.0	0.0	0.0	11.0
0.6757777457826395	0.49563397412049065	0.03333769057624731	57.0	0.0	0.0	11.0
0.48689312285784925	0.84304295485437	0.033599505410044535	1.0	0.0	0.0	11.0
0.7528939044863654	0.48483004915594174	0.030389845954553733	58.0	0.0	0.0	11.0
0.35300689684734593	0.6778185469502657	0.033139096967883586	2.0	0.0	0.0	11.0
0.06719639756281169	0.6664368805034322	0.031367246275187936	13.0	0.0	0.0	11.0
0.04585289020635206	0.18182517556301925	0.032835721073502085	30.0	0.0	0.0	11.0
0.15814527709271153	0.6801098028401963	0.032714900832919974	28.0	0.0	0.0	11.0
0.3128266489362427	0.8529301332942797	0.03537042096444231	50.0	0.0	0.0003252869559986493	11.0
0.3994270359830942	0.41994757945981137	0.01977394550418476	68.0	0.0	0.0	11.0
0.8820459207162649	0.9048137126160941	0.03338134965180822	26.0	0.0	0.0	11.0
0.2719952774902453	0.6896166599874953	0.035058617969009505	48.0	0.0	1.2890574510038277e-06	11.0
0.8573483794085923	0.5506556921446274	0.03107670578260882	62.0	0.0	0.0	11.0
0.527021811967686	0.7662296150665685	0.03149605028665988	23.0	0.0	0.0	11.0
0.4610007372632263	0.04131345526097394	0.018310948184662425	70.0	0.0	0.0	11.0
0.22307698371451437	0.6208679118006334	0.032900482929402085	49.0	0.0	0.0	11.0
0.8036197564246537	0.38294387546792164	0.03297389691337844	55.0	0.0	0.0	11.0
0.39618209626457257	0.7464092748251078	0.03402113772380085	31.0	0.0	0.0	11.0
0.7390734026928728	0.4229892731131691	0.031632268067666024	45.0	0.0	0.0	11.0
0.8761107536799498	0.09824248100533473	0.03371667457046788	37.0	0.0	0.0	11.0
0.21314567060407122	0.2693378217227014	0.033433518833264925	36.0	0.0	0.0	11.0
0.5568307112386456	0.15445141035325857	0.035914046378386626	40.0	0.0	0.004887476370271315	11.0
0.7302465187395886	0.6068711056991276	0.017265952810465852	66.0	0.0	0.0	11.0
0.7416625997030625	0.8019563606053346	0.03058764077182948	12.0	0.0	0.0	11.0
0.5873185525488281	0.5833579885632484	0.03433561410477346	8.0	0.0	0.0	11.0
0.41493257916486004	0.11868886491066415	0.033083490774402376	51.0	0.0	0.0	11.0
0.8293618892360068	0.26676240462639583	0.033548393742663864	22.0	0.0	0.0	11.0
0.43624588607514664	0.0038909318357296598	0.018310948184662425	69.0	0.0	0.0	11.0
0.07254271593526797	0.5232296490886011	0.019127303844911125	64.0	0.0	0.0	11.0
0.7524651782697526	0.5768593570336321	0.017265952810465852	65.0	0.0	0.0	11.0
0.4783355949019558	0.5534190948060101	0.033847569613921345	10.0	0.0	0.0	11.0
0.15371655746065305	0.841352587825281	0.03419478372776922	61.0	0.0	0.0	11.0
0.5518956090156665	0.5156262468679026	0.031416831872493424	14.0	0.0	0.0	11.0
0.353872904848031	0.25720550263306324	0.03212044275983235	18.0	0.0	0.0	11.0
0.5142992272517117	0.2228118600902236	0.03226113431715048	9.0	0.0	0.0	11.0
0.11399580473272132	0.48511211111015146	0.019127303844911125	63.0	0.0	0.0	11.0
0.39888499183235415	0.47984151270927755	0.033739712969918415	24.0	0.0	0.0	11.0
0.6542319283704336	0.6485728788083456	0.03381666281337126	19.0	0.0	0.0	11.0
0.4669648527835862	0.17401318323051154	0.031412328369016355	42.0	0.0	0.0	11.0
0.9178404824561236	0.8038673509920411	0.03352188231641978	4.0	0.0	0.0	11.0
0.957001926153802	0.5286394126847334	0.031656952008769404	47.0	0.0	0.0	11.0
0.242544266619525	0.7851020191563179	0.033278412658355634	3.0	0.0	0.0	11.0
0.30049789319797265	0.6027807225364469	0.036472351323381946	34.0	0.0	0.0204274580400039	11.0
0.32008284066767034	0.7496897001387051	0.03205790718978491	20.0	0.0	0.0	11.0
0.32825159014632604	0.9260440969343021	0.031443040504229275	56.0	0.0	0.0	11.0
0.17116225148971823	0.5567183795678264	0.03267718627657314	46.0	0.0	0.0	11.0
0.6397369878309399	0.16269378965098102	0.03194283136209462	53.0	0.0	0.0	11.0
0.33133362920783954	0.13127003445159843	0.031464334383856325	29.0	0.0	0.0	11.0
0.6366591711721836	0.22855974149948202	0.028998098829363172	27.0	0.0	0.0	11.0
0.635662103234857	0.07914867003380348	0.03328480393464875	44.0	0.0	0.0	11.0
0.6078865336541276	0.3368746301157993	0.03290025039052441	32.0	0.0	0.0	11.0
0.5682632355211197	0.26930661785163784	0.031537630459560054	39.0	0.0	0.0	11.0
0.8002019177183968	0.18597322277077585	0.03221695069745008	15.0	0.0	0.0	11.0
