# x	y	r	id	split_id	s_prob	t
2.0	0.5	0.0	-1.0	0.0	0.0	0.0
0.8711051528481178	0.6837350206607476	0.12267699795541792	1.0	0.0	4313.571366438751	0.0
0.3525586078484692	0.8640498646554312	0.12473132259071869	2.0	0.0	4623.939905266369	0.0
0.6563073817658068	0.3971450333763008	0.12092786873182601	3.0	0.0	4060.5241177586145	0.0
0.7394956773260404	0.12164363679762347	0.10876723221932455	4.0	0.0	2569.037481177139	0.0
0.34111633132876146	0.37856190954260494	0.10711804618100308	5.0	0.0	2400.5559410592346	0.0
0.8892209683539348	0.44480343871738914	0.10330104587190508	6.0	0.0	2039.2103926803497	0.0
0.1086549539432608	0.89026364300061	0.1081285172621249	7.0	0.0	2502.881438378558	0.0
0.6247104575853418	0.642404403786138	0.11727137836674559	8.0	0.0	3563.9064407654096	0.0
0.8755388506456673	0.44510497598312904	0.10340434691777697	6.0	0.0	2048.4769268760488	1.0
0.8735213712652762	0.6826598584353575	0.12279967495337332	1.0	0.0	4331.703262915309	1.0
0.6497679934029503	0.3784737171799857	0.12104879660055783	3.0	0.0	4077.6916058578536	1.0
0.7387238227392876	0.11966215077526288	0.10887599945154386	4.0	0.0	2580.4181157472594	1.0
0.6318494863164535	0.6292835143397796	0.11738864974511232	8.0	0.0	3579.168379680075	1.0
0.12466107425423695	0.900949482972685	0.108236645779387	7.0	0.0	2514.0002150129103	1.0
0.3502340246818739	0.3866750152662887	0.10722516422718407	5.0	0.0	2411.2685852509444	1.0
0.35914512219493994	0.856787074545432	0.1248560539133094	2.0	0.0	4643.249290491347	1.0
0.7378892769871398	0.12514323864578852	0.10898487545099539	4.0	0.0	2591.84374200597	2.0
0.12003624689795242	0.8985321759677548	0.10834488242516638	7.0	0.0	2525.1630404101484	2.0
0.88163466701483	0.6965437656512616	0.12292247462832669	1.0	0.0	4349.904107441427	2.0
0.6527316014815508	0.3809104062097575	0.12116984539715837	3.0	0.0	4094.924654183448	2.0
0.8874183044854876	0.4518338541727435	0.10350775126469473	6.0	0.0	2057.7807997608315	2.0
0.6281060345266929	0.6250497761723651	0.11750603839485742	8.0	0.0	3594.4891551975234	2.0
0.3568761490496104	0.8651670052637322	0.12498090996722269	2.0	0.0	4662.63174779187	2.0
0.35916776208820467	0.3820055250672255	0.10733238939141125	5.0	0.0	2422.02381314133	2.0
0.7398018823868202	0.12341966688721366	0.10909386032644637	4.0	0.0	2603.314521834647	3.0
0.6114954074686709	0.6181541092503473	0.11762354443325226	8.0	0.0	3609.868975557351	3.0
0.873211929495268	0.6819197401650304	0.15380674637869374	1.0	0.0	4368.174141863718	3.0
0.9037473372437634	0.4308399640541924	0.10361125901595941	6.0	0.0	2067.1221473663236	3.0
0.6425769689155085	0.36913016681397587	0.12129101524255552	3.0	0.0	4112.223493341995	3.0
0.36345949202288275	0.8499878941047672	0.1251058908771899	2.0	0.0	4682.0875326725245	3.0
0.3603138948994219	0.3837106481493285	0.10743972178080265	5.0	0.0	2432.821778498368	3.0
0.12545517702704656	0.9008218694322561	0.10845322730759153	7.0	0.0	2536.3700732766324	3.0
0.7412403942950738	0.11659568624072254	0.10920295418677281	4.0	0.0	2614.8306176594983	4.0
0.3573431509956867	0.8468884201483736	0.12523099676806707	2.0	0.0	4701.616901483233	4.0
0.3728520715302858	0.3763307082866614	0.10754716150258344	5.0	0.0	2443.66263560866	4.0
0.12205174959689896	0.8929746399177951	0.10856168053489912	7.0	0.0	2547.6214728533014	4.0
0.887006820586893	0.43816320100657036	0.10371487027497536	6.0	0.0	2076.5011061853584	4.0
0.6059337400104315	0.6082101920870736	0.11774116797768551	8.0	0.0	3625.3080496931725	4.0
0.6537849286657575	0.34909102852269397	0.15176538282224758	3.0	0.0	4129.588354705795	4.0
0.8764996547422198	0.6852386611215479	0.147654476523546	1.0	0.0	4386.513608830478	4.0
0.3607801790737456	0.84739598635712	0.12535622776483513	2.0	0.0	4721.220111421964	5.0
0.36625276304146354	0.3661006472613112	0.10765470866408601	5.0	0.0	2454.5465392791007	5.0
0.7382179796089228	0.11752748155999991	0.10931215714095957	4.0	0.0	2626.3921924533124	5.0
0.11512873419993842	0.8782407527516543	0.108670242215434	7.0	0.0	2558.917398917393	5.0
0.8919717073411334	0.43087635694240345	0.10381858514525033	6.0	0.0	2085.917813173468	5.0
0.8859787389473377	0.666086688548008	0.14150220666839822	1.0	0.0	4404.922751794241	5.0
0.6201840053638339	0.6094242895918094	0.11785890914566319	8.0	0.0	3640.8065872348366	5.0
0.6651816712184422	0.36214512543325456	0.14569476750935767	3.0	0.0	4147.019470415309	5.0
0.7363656952153844	0.11085334576715365	0.10942146929810052	4.0	0.0	2637.9994097372355	6.0
0.36677113079459656	0.8358188670220625	0.12548158399259995	2.0	0.0	4740.897420537424	6.0
0.6622311027938933	0.36135747374247496	0.13962415219646776	3.0	0.0	4164.517073381618	6.0
0.8772149769899446	0.6720235642841859	0.1353499368132505	1.0	0.0	4423.401815014355	6.0
0.6354402865791933	0.6183663227203322	0.11797676805480883	8.0	0.0	3656.364798510667	6.0
0.9038148998970306	0.4273637749741528	0.10392240373039557	6.0	0.0	2095.372405750385	6.0
0.11588858851971483	0.8830934831348427	0.10877891245764942	7.0	0.0	2570.2580117841844	6.0
0.36474405792262937	0.35017232510415663	0.10776236337275008	5.0	0.0	2465.4736448385656	6.0
0.8982863961734159	0.4322831480509139	0.10402632613412596	6.0	0.0	2104.8650218015487	7.0
0.8922623001909552	0.6746551120243158	0.12919766695810275	1.0	0.0	4441.9510435595585	7.0
0.1158998790307987	0.8741721952897136	0.10888769137010706	7.0	0.0	2581.643472308723	7.0
0.7303676726126637	0.11554898158907605	0.10953089076739861	4.0	0.0	2649.65243358253	7.0
0.6462423153752268	0.6279781837753632	0.11809474482286363	8.0	0.0	3671.9828945497015	7.0
0.35796895509048676	0.818665318807881	0.12560706557659254	2.0	0.0	4760.649087731786	7.0
0.6645040219311487	0.3793131153095248	0.13355353688357788	3.0	0.0	4182.081397288882	7.0
0.3444323389188073	0.3609522176234994	0.10787012573612281	5.0	0.0	2476.444108139595	7.0
0.7029108109619537	0.11233648979749289	0.109640421658166	4.0	0.0	2661.35142861236	8.0
0.3380138983220955	0.36199159385413054	0.10797799586185892	5.0	0.0	2487.4580855600875	8.0
0.8341392374114298	0.6416119747837411	0.07296049490637094	9.0	1.0	350.08666743757686	8.0
0.9036659251841391	0.45561050394349295	0.10413035246026008	6.0	0.0	2114.3957996796125	8.0
0.9733811280233933	0.7044652770323444	0.07296049490637094	10.0	1.0	350.08666743757686	8.0
0.1050280591196111	0.8710440486621186	0.10899657906147715	7.0	0.0	2593.0739418875705	8.0
0.6614590959052422	0.3749628912652279	0.12748292157068797	3.0	0.0	4199.71267659682	8.0
0.3620609453563611	0.8023359933513837	0.1257326726421691	2.0	0.0	4780.475372763409	8.0
0.6225544563518806	0.6222789836441064	0.11821283956768648	8.0	0.0	3687.661087083942	8.0
0.3504970856185302	0.373974111760622	0.10808597385772077	5.0	0.0	2498.5157340049955	9.0
0.7152523223641079	0.08740113921136052	0.10975006207982414	4.0	0.0	2673.096560003562	9.0
0.3759685466255427	0.7948423128013893	0.12585840531481127	2.0	0.0	4800.376536249584	9.0
0.6130624056827974	0.2804906886410752	0.0719921440448591	12.0	3.0	323.9727516302781	9.0
0.11414507630248194	0.8537341870719919	0.10910557564053862	7.0	0.0	2604.549582460555	9.0
0.9763052303588035	0.706695643533409	0.0730334554012773	10.0	0.0	352.1091611639066	9.0
0.8319208707923076	0.6518166711591874	0.0730334554012773	9.0	0.0	352.1091611639066	9.0
0.6989318463898305	0.4295444477673632	0.0719921440448591	11.0	3.0	323.9727516302781	9.0
0.9002919969823721	0.45477630502403504	0.10423448281272032	6.0	0.0	2123.964878205961	9.0
0.6154626699766996	0.6201648459630074	0.11833105240725415	8.0	0.0	3703.3995885506038	9.0
0.6178030716723457	0.6355360192188153	0.1184493834596614	8.0	0.0	3719.1986120943843	10.0
0.3694289978846137	0.7723805514273723	0.12598426372012606	2.0	0.0	4820.352839669266	10.0
0.8295189726978617	0.6495399879888755	0.07310648885667857	9.0	0.0	354.14146355605834	10.0
0.7127052389778309	0.09188861679167717	0.10985981214190395	4.0	0.0	2684.8879934884403	10.0
0.6141346247872967	0.28243640271462356	0.07206413618890395	12.0	0.0	325.86793078195393	10.0
0.885194053614001	0.4300251647130989	0.10433871729553304	6.0	0.0	2133.572396672227	10.0
0.6846867702049059	0.4201634129566576	0.07206413618890395	11.0	0.0	325.86793078195393	10.0
0.3458604488244996	0.36364185954629336	0.10819405983157848	5.0	0.0	2509.6172109080303	10.0
0.9821026081417931	0.7213058898229875	0.07310648885667857	10.0	0.0	354.14146355605834	10.0
0.11053081247830727	0.8664459489209196	0.10921468121617915	7.0	0.0	2616.0705565125204	10.0
0.6099204981385331	0.289248085800388	0.07213620032509284	12.0	0.0	327.77239277064945	11.0
0.6623591795514642	0.435896492471994	0.07213620032509284	11.0	0.0	327.77239277064945	11.0
0.827009333806608	0.658531804610629	0.07317959534553524	9.0	0.0	356.183614984079	11.0
0.8875080564516052	0.42519789489481025	0.10444305601282856	6.0	0.0	2143.218494841813	11.0
0.3523850927943482	0.36874976826544587	0.10830225389141004	5.0	0.0	2520.762674233368	11.0
0.1098920255276316	0.8695736462050545	0.10932389589739532	7.0	0.0	2627.6370270750826	11.0
0.3687100183847585	0.775328265954664	0.12611024798384618	2.0	0.0	4840.404545365833	11.0
0.7109096660027887	0.09005303555866227	0.10996967195404583	4.0	0.0	2696.725895356555	11.0
0.9892673965281112	0.6962575541752923	0.07317959534553524	10.0	0.0	356.183614984079	11.0
0.6083628868365856	0.6370647244523078	0.11856783284312104	8.0	0.0	3735.0583715697276	11.0
