# x	y	r	id	split_id	s_prob	t
2.0	0.5	0.0	-1.0	0.0	0.0	0.0
0.6822528321618107	0.45827302410260495	0.1124649233056073	1.0	0.0	2975.0567861236677	0.0
0.8489125282053898	0.07766407954756409	0.07766407954756409	2.0	0.0	497.0122754125728	0.0
0.228276183523419	0.3124259501361762	0.09048658926399922	3.0	0.0	1093.3118699747477	0.0
0.29333725141098527	0.4946092278706397	0.09887600778636817	4.0	0.0	1667.9893350008526	0.0
0.7114717864565605	0.22727100861241392	0.10678296481029674	5.0	0.0	2367.2501313890634	0.0
0.6309478835257335	0.7079962936355634	0.10161219900094755	6.0	0.0	1891.6521851974783	0.0
0.4799663850973283	0.5618501604391483	0.09384362926595016	7.0	0.0	1304.0022052512986	0.0
0.9011983816207764	0.440161987594969	0.10386080505367098	8.0	0.0	2089.7592739705383	0.0
0.15902831540773493	0.6634338733364231	0.11665293849879158	9.0	0.0	3484.138654132121	0.0
0.8405402125408933	0.6585292852689808	0.09935909112076931	10.0	0.0	1706.1204205482973	0.0
0.4944467680450945	0.28988937917455815	0.09909892352451075	11.0	0.0	1685.5132935876543	0.0
0.49019834241790045	0.5667187178092306	0.0939374728952161	7.0	0.0	1310.2510157206839	1.0
0.13384736681202739	0.6729698011391866	0.11676959143729035	9.0	0.0	3499.0927738565533	1.0
0.4967552494444581	0.2839631027693583	0.09919802244803524	11.0	0.0	1693.3429534806744	1.0
0.9124912713986376	0.44955885457287603	0.10396466585872464	8.0	0.0	2099.2293174775564	1.0
0.2885575692016837	0.5051883968125545	0.09897488379415452	4.0	0.0	1675.7471562553328	1.0
0.8469202058855058	0.10020935487926895	0.07774174362711164	2.0	0.0	499.7314464288866	1.0
0.22427598360734022	0.3230758352132319	0.0905770758532632	3.0	0.0	1098.6694609493572	1.0
0.8571991579487311	0.6733527477506103	0.09945845021189006	10.0	0.0	1714.0344733810732	1.0
0.7101955545060269	0.22558684794433947	0.10688974777510703	5.0	0.0	2377.830282609639	1.0
0.6289839433653877	0.7092371048833004	0.10171381119994849	6.0	0.0	1900.3221420772788	1.0
0.9298597194388777	0.2124248496993988	0.07234468937875752	-2.0	-1.0	333.32395665021323	1.0
0.6793081331686006	0.4538998720449821	0.11257738822891289	1.0	0.0	2988.0333250641706	1.0
0.3005761185317252	0.49959687326769003	0.09907385867794866	4.0	0.0	1683.53678859243	2.0
0.2191302225275088	0.31887674862726517	0.09066765292911645	3.0	0.0	1104.0499098659914	2.0
0.14639209864162062	0.6775406797271087	0.11688636102872763	9.0	0.0	3514.104640017062	2.0
0.9076814030732614	0.4637221662977514	0.10406863052458336	8.0	0.0	2108.737440682928	2.0
0.7196591288273446	0.2312121720677675	0.10699663752288212	5.0	0.0	2388.452538867042	2.0
0.1402805611222445	0.04008016032064128	0.02945891783567134	-2.0	-1.0	0.0	2.0
0.8470885484521141	0.6777756930272903	0.09955790866210194	10.0	0.0	1721.9809127306526	2.0
0.507890956636367	0.27630057896153026	0.09929722047048327	11.0	0.0	1701.2046891475684	2.0
0.8469892829546543	0.07781948537073874	0.07781948537073874	2.0	0.0	502.4632512183704	2.0
0.4913105046762188	0.570157976014156	0.09403141036811132	7.0	0.0	1316.5260360663244	2.0
0.6772071378869257	0.45397265182141877	0.11268996561714179	1.0	0.0	3001.060576202881	2.0
0.6201607311909537	0.7273498759543084	0.10181552501114843	6.0	0.0	1909.027259408561	2.0
0.8536410108007826	0.08648347902838467	0.07789730485610948	2.0	0.0	505.20774032338494	3.0
0.6748669416318508	0.4557114732682982	0.11280265558275891	1.0	0.0	3014.1387206311874	3.0
0.04809619238476953	0.04609218436873747	0.06472945891783567	-2.0	-1.0	168.1670822369717	3.0
0.216811395540038	0.33341731927635754	0.09075832058204555	3.0	0.0	1109.4533031791636	3.0
0.6178354118462348	0.7457194694864031	0.10191734053615957	6.0	0.0	1917.76766582824	3.0
0.48969521572027036	0.5679066462165571	0.09412544177847941	7.0	0.0	1322.827364318782	3.0
0.2830184086259656	0.5200565651316054	0.0991729325366266	4.0	0.0	1691.358349240811	3.0
0.5069497638145846	0.27273568192098646	0.09939651769095374	11.0	0.0	1709.0986187203512	3.0
0.9092472195562777	0.4571223254326854	0.10417269915510793	8.0	0.0	2118.2837821297985	3.0
0.12931823595557773	0.6904407277007679	0.11700324738975634	9.0	0.0	3529.174457218575	3.0
0.7158405768447494	0.22802392570472954	0.10710363416040498	5.0	0.0	2399.117052314376	3.0
0.8496111892898719	0.6773181355633379	0.09965746657076403	10.0	0.0	1729.9598577891597	3.0
0.8469476268423138	0.08882728478090154	0.07797520216096558	2.0	0.0	507.96496446695033	4.0
0.49076756203348815	0.5728395407351587	0.09421956722025789	7.0	0.0	1329.1550988460965	4.0
0.716734871061642	0.22515026570523836	0.10721073779456537	5.0	0.0	2409.823975618144	4.0
0.1949589360644282	0.33837944725829416	0.09084907890262758	3.0	0.0	1114.879727642918	4.0
0.49716765979192923	0.27317714458920334	0.09949591420864469	11.0	0.0	1717.0248607341011	4.0
0.9109201258973001	0.45836533461111734	0.10427687185426303	8.0	0.0	2127.8684808306593	4.0
0.8393048568474921	0.6960206339572366	0.09975712403733479	10.0	0.0	1737.9714281552328	4.0
0.12696141310928258	0.6872478470333755	0.1464003132964326	9.0	0.0	3544.3024307483633	4.0
0.6132264529058116	0.4929859719438877	0.04008016032064128	-2.0	-1.0	0.8390971154400262	4.0
0.6828274776206917	0.44980654050656566	0.11291545823834166	1.0	0.0	3027.2679400472366	4.0
0.2928631800706855	0.527469887542886	0.09927210546916321	4.0	0.0	1699.211955829265	4.0
0.7975951903807614	0.30260521042084165	0.05631262525050101	-2.0	-1.0	61.957062637932495	4.0
0.6189020317963526	0.7426424226291913	0.10201925787669572	6.0	0.0	1926.5434904104463	4.0
0.675843577952047	0.4512794270230497	0.11302837369657999	1.0	0.0	3040.4484167578803	5.0
0.49227468053602175	0.2775310152963617	0.09959541012285332	11.0	0.0	1724.9835341282708	5.0
0.8621546469823176	0.08834920788000841	0.07805317736312654	2.0	0.0	510.7349745533507	5.0
0.2891413392486895	0.5269868489832318	0.09937137757463237	4.0	0.0	1707.0977263880068	5.0
0.6258295323709798	0.7332574649549871	0.1021212771345724	6.0	0.0	1935.3548626679399	5.0
0.4958585465391916	0.5693942170500964	0.09431378678747813	7.0	0.0	1335.509338354884	5.0
0.9129835301392227	0.460396514949234	0.10438114872611728	8.0	0.0	2137.491676268873	5.0
0.2007558202841843	0.3414559859217271	0.09093992798153021	3.0	0.0	1120.329270311816	5.0
0.7132017848212463	0.22293221920367218	0.10731794853235993	5.0	0.0	2420.573461959911	5.0
0.5490981963927856	0.879759519038076	0.07174348697394789	-2.0	-1.0	317.48344195348494	5.0
0.12916859486189877	0.6857541368166175	0.1405443007645753	9.0	0.0	3559.488766578237	5.0
0.827233430845859	0.6947621201983987	0.09985688116137212	10.0	0.0	1746.0157438353438	5.0
0.20667912982488423	0.3320149619534387	0.09103086790951173	3.0	0.0	1125.8020185419196	6.0
0.8464263062697238	0.08158537195183173	0.07813123054048966	2.0	0.0	513.5178216687403	6.0
0.8460310255311956	0.688374478519513	0.09995673804253348	10.0	0.0	1754.092925245126	6.0
0.4907520506330912	0.5795502741635121	0.0944081005742656	7.0	0.0	1341.8901818914487	6.0
0.12621703567150327	0.6926786007478539	0.13468828823271797	9.0	0.0	3574.73367136674	6.0
0.715395769527708	0.2220276496466775	0.10742526648089228	5.0	0.0	2431.3656650379658	6.0
0.6322558972378461	0.7286948473458684	0.10222339841170697	6.0	0.0	1944.201912553536	6.0
0.4168336673346693	0.16833667334669336	0.008817635270541082	-2.0	-1.0	0.0	6.0
0.914616373781981	0.45903319507584683	0.10448552987484339	8.0	0.0	2147.1535084001916	6.0
0.6820306469972197	0.4594993558085667	0.11314140207027655	1.0	0.0	3053.6803336806393	6.0
0.4927071730007248	0.2797935764587286	0.09969500553297617	11.0	0.0	1732.9747582480036	6.0
0.2925961277589744	0.5258014583951869	0.09947074895220699	4.0	0.0	1715.0157793499798	6.0
0.20979996706622073	0.33276576740504854	0.09112189877742123	3.0	0.0	1131.2980599917846	7.0
0.5070106101515641	0.582817568996022	0.09450250867483986	7.0	0.0	1348.2977288428933	7.0
0.9163421129675391	0.45474231457251857	0.10459001540471821	8.0	0.0	2156.854117654295	7.0
0.7198041457535297	0.23500871325655487	0.10753269174737316	5.0	0.0	2442.2007390689946	7.0
0.6292585170340681	0.3567134268537074	0.03927855711422845	-2.0	-1.0	0.5012703017771969	7.0
0.2815236912202507	0.5266045223797832	0.09957021970115919	4.0	0.0	1722.9662335521714	7.0
0.1187006836594891	0.6824959028559856	0.1288322757008607	9.0	0.0	3590.0373524613506	7.0
0.864032082245827	0.6845915547392164	0.10005669478057601	10.0	0.0	1762.203093210708	7.0
0.6936263502842729	0.46645215915500454	0.11325454347234681	1.0	0.0	3066.9638743456703	7.0
0.7014028056112224	0.3727454909819639	0.09619238476953906	-2.0	-1.0	1466.4663774752523	7.0
0.8465092627185916	0.08817328528505282	0.07820936177103015	2.0	0.0	516.3135570817518	7.0
0.49238924441899623	0.26296267627319564	0.09979470053850913	11.0	0.0	1740.998652845451	7.0
0.6472514138496539	0.7395087284061591	0.10232562181011866	6.0	0.0	1953.0847704615337	7.0
0.8669756396420203	0.6796264071107616	0.10015675147535658	10.0	0.0	1770.3463689700434	8.0
0.929822818397265	0.4494299523888593	0.10469460542012292	8.0	0.0	2166.59364493632	8.0
0.5031143086456684	0.585211134464519	0.0945970111835147	7.0	0.0	1354.7320789382322	8.0
0.4926875087618723	0.274803998433271	0.09989449523904763	11.0	0.0	1749.0553380811023	8.0
0.655895604377938	0.7188698819242039	0.10242794743192876	6.0	0.0	1962.0035672291508	8.0
0.844782499761784	0.08631674758072515	0.07828757113280117	2.0	0.0	519.1222322441046	8.0
0.7223355613075139	0.2452117300669875	0.10764022443912052	5.0	0.0	2453.0788387897514	8.0
0.695612944783081	0.49093419389819	0.11336779801581914	1.0	0.0	3080.299222897733	8.0
0.11968783200871264	0.6807819609713895	0.1229762631690034	9.0	0.0	3605.4000179007	8.0
0.20617356355559288	0.33774388994289184	0.09121302067619864	3.0	0.0	1136.817482623452	8.0
0.28543354108413793	0.5187048840033884	0.09966978992086034	4.0	0.0	1730.9492082369256	8.0
0.48770653267171266	0.5841126541763402	0.0946916081946982	7.0	0.0	1361.1933322495104	9.0
0.4865783373097706	0.27804627505316226	0.09999438973428666	11.0	0.0	1757.1449345251065	9.0
0.7186675901651646	0.23755993029298686	0.10774786466355964	5.0	0.0	2464.0001194587467	9.0
0.8568989648379066	0.6938315348336357	0.10025690822683192	10.0	0.0	1778.522874174255	9.0
0.1644732327259917	0.7591313342441416	0.06827007407348329	12.0	9.0	235.69006564982945	9.0
0.20470460267709015	0.3398146898153377	0.09130423369687483	3.0	0.0	1142.3603747034438	9.0
0.09395980334588952	0.6057654319323117	0.06827007407348329	13.0	9.0	235.69006564982945	9.0
0.28642866424054947	0.5136710135177273	0.09976945971078119	4.0	0.0	1738.9648230532612	9.0
0.6912894015787481	0.4904283332054726	0.11348116581383495	1.0	0.0	3093.6865640981723	9.0
0.6409829487838772	0.7220618000050127	0.10253037537936067	6.0	0.0	1970.9584341379589	9.0
0.9423849331207355	0.4631078472812598	0.10479930002554302	8.0	0.0	2176.3722316284047	9.0
0.8466675667658635	0.09983949963844968	0.07836585870393396	2.0	0.0	521.9438987912177	9.0
0.9323084164738856	0.458471160392158	0.10490409932556856	8.0	0.0	2186.1900195912326	10.0
0.6966106089523557	0.47027352966333585	0.11359464697964877	1.0	0.0	3107.126083326898	10.0
0.29041589566352816	0.523361689827707	0.09986922917049196	4.0	0.0	1747.0131980581964	10.0
0.8426725377316419	0.08934629874083673	0.07844422456263789	2.0	0.0	524.7786085428241	10.0
0.2053529303989934	0.34622904290107487	0.0913955379305717	3.0	0.0	1147.9268248037636	10.0
0.17539490661550974	0.7545973557790334	0.06833834414755677	12.0	0.0	237.14395047722815	10.0
0.4842986430008298	0.27588542498270213	0.10009438412402094	11.0	0.0	1765.2675631586092	10.0
0.09818961355074525	0.6206421378414517	0.06833834414755677	13.0	0.0	237.14395047722815	10.0
0.860267992887341	0.6902093077201493	0.10035716513505874	10.0	0.0	1786.7327308889762	10.0
0.7135004056696403	0.24731182073508703	0.10785561252822319	5.0	0.0	2474.964736857926	10.0
0.647144589543757	0.7437329656278279	0.10263290575474003	6.0	0.0	1979.949502915327	10.0
0.4905337375022966	0.6026810287256363	0.09478629980289288	7.0	0.0	1367.6815891929261	10.0
0.4880551221346388	0.6017351723903439	0.09488108610269576	7.0	0.0	1374.1969505299553	11.0
0.866191859381688	0.7165405164222808	0.1004575223001938	10.0	0.0	1794.9760615957011	11.0
0.4897521773395372	0.2791417636467365	0.10019447850814495	11.0	0.0	1773.4233453750878	11.0
0.2930757269614471	0.5183116487126627	0.09996909839966243	4.0	0.0	1755.0944537180765	11.0
0.7151479308679177	0.24398308594079254	0.1079634681407514	5.0	0.0	2485.972847294364	11.0
0.6445112896232325	0.74256096797689	0.10273553866049476	6.0	0.0	1988.9769057358667	11.0
0.20627462076698658	0.33294139967240843	0.09148693346850226	3.0	0.0	1153.5169218028975	11.0
0.01002004008016032	0.8196392785571142	0.015430861723446893	-2.0	-1.0	0.0	11.0
0.9363487629051137	0.4628703746193591	0.10500900342489411	8.0	0.0	2196.0471511655805	11.0
0.835820705342338	0.08405148127957364	0.07852266878720052	2.0	0.0	527.6264135035849	11.0
0.7050518907922898	0.48071331410321144	0.1137082416266284	1.0	0.0	3120.6179665843797	11.0
0.10326604166778404	0.6149008411237993	0.06840668249170431	13.0	0.0	238.60526487127095	11.0
0.17255865206411689	0.7629490932123719	0.06840668249170431	12.0	0.0	238.60526487127095	11.0
