# x	y	r	id	split_id	s_prob	t
2.0	0.5	0.0	-1.0	0.0	0.0	0.0
0.09148806080788817	0.35715472763859846	0.06041288791970606	1.0	0.0	105.0369342059334	0.0
0.5014684109963771	0.4236704651503961	0.060013334562911407	2.0	0.0	100.16010011918412	0.0
0.7106525822058044	0.4668079725597407	0.056140750809307555	3.0	0.0	60.47017080888878	0.0
0.32819591342387816	0.7420736676658867	0.0622925926014941	4.0	0.0	130.11110088520022	0.0
0.8221693726051378	0.3462505083743693	0.06245032413369207	5.0	0.0	132.38000857788083	0.0
0.6188582035709776	0.37978920069876665	0.0598411953866482	6.0	0.0	98.10642408306254	0.0
0.5918287310230075	0.659340903530254	0.057351034932996196	7.0	0.0	71.46162472812944	0.0
0.37224824331519146	0.26828534063513104	0.0566474090651271	8.0	0.0	64.92287534448258	0.0
0.7093263872582124	0.5935165421688865	0.05945356545867357	9.0	0.0	93.5850648181312	0.0
0.291840198430416	0.7275150109598766	0.062354885194095586	4.0	0.0	131.00403224672573	1.0
0.6479872859127904	0.5771175364383125	0.05951301902413224	9.0	0.0	94.26932139388485	1.0
0.679160924785456	0.46545025902935133	0.056196891560116854	3.0	0.0	60.95319963414572	1.0
0.7611184932497292	0.3671310671359648	0.05990103658203484	6.0	0.0	98.81713378527172	1.0
0.3927808709710925	0.25619988660267784	0.05670405647419222	8.0	0.0	65.43388499637288	1.0
0.6029277968921166	0.6871000615121228	0.05740838596792919	7.0	0.0	72.01313251966573	1.0
0.8880752769253508	0.306331978938503	0.06251277445782576	5.0	0.0	133.2855713035876	1.0
0.09827039240735727	0.5366164388448954	0.06047330080762576	1.0	0.0	105.78781481106772	1.0
0.5111378036441733	0.4306678251028762	0.06007334789747431	2.0	0.0	100.88275965391686	1.0
0.4957763655450555	0.4184851491357157	0.06013342124537178	2.0	0.0	101.60961473464276	2.0
0.7111565082178575	0.4543683286250968	0.056253088451676966	3.0	0.0	61.439280767949626	2.0
0.6322708539670834	0.6820902667712372	0.057465794353897114	7.0	0.0	72.56802631507168	2.0
0.42579846320474135	0.23324384034126516	0.05676076053066641	8.0	0.0	65.94808410940578	2.0
0.6313549023950704	0.5476625412427105	0.059572532043156365	9.0	0.0	94.95759445918631	2.0
0.7490686812356538	0.3163416913633573	0.05996093761861687	6.0	0.0	99.5319834593631	2.0
0.9121213696557313	0.3179519567502565	0.06257528723228357	5.0	0.0	134.1961661362557	2.0
0.20998695948275597	0.5461344935589789	0.06053377410843338	1.0	0.0	106.54302171755428	2.0
0.2915290925876029	0.7237223480454736	0.06241724007928967	4.0	0.0	131.9019387034758	2.0
0.7500321005983009	0.39285079163575365	0.060020898556235484	6.0	0.0	100.25099237307474	3.0
0.30537919479826453	0.7140615326221548	0.062479657319368956	4.0	0.0	132.80484272277812	3.0
0.9190200809915516	0.3262675884657819	0.06263786251951585	5.0	0.0	135.11181576003568	3.0
0.4633862798563387	0.21873824748430484	0.05681752129119707	8.0	0.0	66.46548824434973	3.0
0.5562483648352488	0.32210024964900597	0.06019355466661714	2.0	0.0	102.34068484350381	3.0
0.6166842224155703	0.42758982423272746	0.056309341540128635	3.0	0.0	61.92842922900119	3.0
0.24681603218585635	0.5893798703810563	0.060594307882541804	1.0	0.0	107.30257491109643	3.0
0.6300034600560974	0.5581021241458124	0.05963210457519951	9.0	0.0	95.64990280454512	3.0
0.6124114772249871	0.7592760197705779	0.057523260148251	7.0	0.0	73.12632244844337	3.0
0.4511425660621804	0.21587409956036926	0.05687433881248826	8.0	0.0	66.98611302334501	4.0
0.24706836536130322	0.5888360110791087	0.06065490219042434	1.0	0.0	108.0664944542584	4.0
0.8622646104810844	0.31597326167795275	0.06270050038203535	5.0	0.0	136.0325429452967	4.0
0.5151065133848116	0.7020025578772585	0.05758078340839925	7.0	0.0	73.68803731797105	4.0
0.6142608079558112	0.5616803883128487	0.059691736679774704	9.0	0.0	96.34626529316725	4.0
0.7460228764672481	0.3721437682977052	0.060080919454791715	6.0	0.0	100.97417986850532	4.0
0.527237374597453	0.3129599813599456	0.06025374822128375	2.0	0.0	103.07598953774982	4.0
0.6219150009489198	0.40321596237432883	0.056365650881668755	3.0	0.0	62.42066009546091	4.0
0.24475338780988085	0.7995259688884447	0.07817767122086039	4.0	0.0	133.71276685742862	4.0
0.5577651925204592	0.33624728311962504	0.06031400196950503	2.0	0.0	103.81554844999982	5.0
0.7289808819084351	0.3514490491304418	0.0601410003742465	6.0	0.0	101.70156536237336	5.0
0.6277190926471572	0.4308051809553054	0.05642201653255042	3.0	0.0	62.91598850515898	5.0
0.6022042486353579	0.5664205837289938	0.05975142841645447	9.0	0.0	97.0467008612085	5.0
0.5167885196450458	0.7121861641315546	0.057638364191807644	7.0	0.0	74.2531873861639	5.0
0.4503293014637028	0.24816132511035488	0.056931213151300744	8.0	0.0	67.50997413012026	5.0
0.23147357953423187	0.7630986914611082	0.07505056437202597	4.0	0.0	134.62573374598813	5.0
0.24648000036792134	0.6359512931596193	0.06071555709261476	1.0	0.0	108.83480048673226	5.0
0.8338281679286551	0.2583884353031428	0.06276320088241738	5.0	0.0	136.95837054892465	5.0
0.6359565225901563	0.39123991250033663	0.060201141374620744	6.0	0.0	102.43316834627714	6.0
0.2463101016479076	0.764362737009065	0.07192345752319156	4.0	0.0	135.54376611307816	6.0
0.5101287465427802	0.3599129947504564	0.06037431597147453	2.0	0.0	104.55938128850461	6.0
0.4477023837620484	0.2424932584420675	0.056988144364452036	8.0	0.0	68.03708731020924	6.0
0.24127449123924383	0.6230698003921485	0.06077627264970737	1.0	0.0	109.60751322560644	6.0
0.4616302715671895	0.7707461637217423	0.057696002555999444	7.0	0.0	74.8217891800763	6.0
0.6296115358533181	0.5288673835961644	0.056478438549082965	3.0	0.0	63.41442965580577	6.0
0.8369068643613773	0.24045174415798456	0.0628259640832998	5.0	0.0	137.88932151462112	6.0
0.5401621780856865	0.6144952032036661	0.059811179844870915	9.0	0.0	97.75122851802928	6.0
0.24660842535616445	0.7762064160200889	0.06879635067435715	4.0	0.0	136.46688676967852	7.0
0.4005448187069291	0.2652815702788795	0.05704513250881648	8.0	0.0	68.56746837116884	7.0
0.5067170151339778	0.6101910490626341	0.059870991024715776	9.0	0.0	98.45986734644974	7.0
0.6563955352952574	0.36926480724535443	0.06026134251599536	6.0	0.0	103.16900838695555	7.0
0.2790993098781365	0.5768875598284378	0.06083704892235707	1.0	0.0	110.38465296563467	7.0
0.502909023855345	0.37263277607780654	0.060434690287446	2.0	0.0	105.30750783741001	7.0
0.48798522014837087	0.744359911748628	0.05775369855855544	7.0	0.0	75.3938592915346	7.0
0.627606441529921	0.5350252353161549	0.05653491698763204	3.0	0.0	63.91599880520333	7.0
0.886416138706986	0.3344516422781984	0.06288879004738308	5.0	0.0	138.82541887320306	7.0
0.9051438367310066	0.2597176726899567	0.06295167883743046	5.0	0.0	139.76668574290463	8.0
0.49588074258384846	0.3531533117143182	0.06049512497773343	2.0	0.0	106.05994795702118	8.0
0.335616731221148	0.7338833969786236	0.06566924382552274	4.0	0.0	137.39511861342632	8.0
0.41230880168304107	0.2371939155857218	0.05710217764132529	8.0	0.0	69.10113318279714	8.0
0.5007843208906214	0.5820476666784294	0.05993086201574049	9.0	0.0	99.17263650300609	8.0
0.7025438150699681	0.29571014790252387	0.06032160385851135	6.0	0.0	103.90910512654983	8.0
0.6470526053016588	0.5384260733020285	0.05659145190461967	3.0	0.0	64.42071127145739	8.0
0.5206798575959911	0.7837696726231502	0.05781145225711399	7.0	0.0	75.96941437736463	8.0
0.2786100963022557	0.5963097123433132	0.060897885971279424	1.0	0.0	111.16624007950612	8.0
0.43561607710501415	0.22695645285922236	0.05715927981896661	8.0	0.0	69.63809767735285	9.0
0.6575530931069243	0.500590802569335	0.056648043356524284	3.0	0.0	64.92858243319	9.0
0.518693720621195	0.31905620614026275	0.060555620102711157	2.0	0.0	106.81672158406764	9.0
0.33037419770199444	0.7709251061345951	0.03645617475103187	11.0	4.0	0.019761525327396612	9.0
0.71681075232178	0.33448571082489054	0.060381925462369854	6.0	0.0	104.65347828286617	9.0
0.8900328685086114	0.302439586696266	0.06301463051626788	5.0	0.0	140.71314532967853	9.0
0.3373641456473368	0.6779116669528628	0.03645617475103187	10.0	4.0	0.019761525327396612	9.0
0.5267476231420541	0.7975221879766999	0.057869263709371094	7.0	0.0	76.54847115961981	9.0
0.24432341507077524	0.5401010992063386	0.0609587838572507	1.0	0.0	111.95229501811622	9.0
0.5446717953920994	0.5774721516984026	0.05999079287775622	9.0	0.0	99.8895552182075	9.0
0.2959783261906193	0.73486553136828	0.0364926309257829	11.0	0.0	0.021283217366502072	10.0
0.31963726901789125	0.64425484973665	0.0364926309257829	10.0	0.0	0.021283217366502072	10.0
0.20795561590366657	0.5205054360873094	0.06101974264110794	1.0	0.0	112.74283831083847	10.0
0.5436599619144743	0.23296670826488797	0.06061617572281386	2.0	0.0	107.57784873196911	10.0
0.7116589248615417	0.3470068531980961	0.06044230738783222	6.0	0.0	105.40214764963905	10.0
0.562321929070047	0.756252960612242	0.057927132973080456	7.0	0.0	77.1310464258105	10.0
0.5395605583448877	0.5823783898239836	0.060050783670633975	9.0	0.0	100.61064279679404	10.0
0.8930501786496409	0.3172132647175657	0.06307764514678414	5.0	0.0	141.66482092749922	10.0
0.42058778396182683	0.23093573147591248	0.05721643909878557	8.0	0.0	70.17837784977496	10.0
0.6501059695256926	0.49050189115727205	0.056704691399880804	3.0	0.0	65.43962772975314	10.0
0.5490202800421055	0.5924215169720838	0.0601108344543046	9.0	0.0	101.33591861799529	11.0
0.5666611589207676	0.22939044614701823	0.06067679189853666	2.0	0.0	108.3433494911024	11.0
0.14731071123314546	0.5350952789781503	0.06108076238374904	1.0	0.0	113.53789056579721	11.0
0.7173254714070783	0.399552409643723	0.06050274969522004	6.0	0.0	106.15513309679558	11.0
0.21753085520832982	0.6659414239476005	0.036529123556708676	11.0	0.0	0.022882723371822067	11.0
0.325786063831589	0.5930974213082654	0.036529123556708676	10.0	0.0	0.022882723371822067	11.0
0.41077891150593726	0.19559248344462193	0.05727365553788435	8.0	0.0	70.72198975790354	11.0
0.5894675246600083	0.7352759481344578	0.05798506010605353	7.0	0.0	77.71715702913353	11.0
0.8298456152597646	0.31211484334018225	0.06314072279193092	5.0	0.0	142.6217359186667	11.0
0.6216764965923108	0.4977212636185063	0.056761396091280676	3.0	0.0	65.95386266144263	11.0
