# x	y	r	id	split_id	s_prob	t
2.0	0.5	0.0	-1.0	0.0	0.0	0.0
0.2669560342174916	0.2868694542205666	0.030364389599644052	1.0	0.0	0.0	0.0
0.23838192276225548	0.3893034357337314	0.035574033263887334	2.0	0.0	0.0012105734711269633	0.0
0.704291052966848	0.9062185614597144	0.03211142127354832	3.0	0.0	0.0	0.0
0.45819257931150636	0.9029873282618236	0.028502739755002025	4.0	0.0	0.0	0.0
0.9048499005012345	0.2623382360745034	0.035639304649570755	5.0	0.0	0.0016722590809621352	0.0
0.8957012395884358	0.949958147144297	0.03230211856554417	6.0	0.0	0.0	0.0
0.4664635893840977	0.33916219537424763	0.034142543909802606	7.0	0.0	0.0	0.0
0.8408206894169901	0.06625656086090273	0.03209314939683621	8.0	0.0	0.0	0.0
0.2948389375564605	0.7236114673227163	0.031237397536856153	9.0	0.0	0.0	0.0
0.9125192710564147	0.5010131273524371	0.03284070343598868	10.0	0.0	0.0	0.0
0.4092381492294282	0.27185436379260336	0.0353362920562547	11.0	0.0	0.00024340517089171954	0.0
0.5502159454013484	0.8181764129211414	0.030453377498858583	12.0	0.0	0.0	0.0
0.5701764879034265	0.7192236267141563	0.03206143675976021	13.0	0.0	0.0	0.0
0.53053565895996	0.8959631482962803	0.032096417864501195	14.0	0.0	0.0	0.0
0.5555279946813951	0.3493822877433721	0.03360700068901673	15.0	0.0	0.0	0.0
0.3313046724843626	0.33941202648696256	0.03155674808386285	16.0	0.0	0.0	0.0
0.7746268634496144	0.47285867952159605	0.03226368725211453	17.0	0.0	0.0	0.0
0.5046773196168846	0.6393841245831606	0.03300233529164326	18.0	0.0	0.0	0.0
0.29042550277970536	0.795165085552025	0.03154581727756008	19.0	0.0	0.0	0.0
0.8168447532434796	0.5330860623893311	0.029707500434244992	20.0	0.0	0.0	0.0
0.7542824096441982	0.6281977597284581	0.03380452500232515	21.0	0.0	0.0	0.0
0.8099878047060195	0.8883627157522603	0.029972555946424555	22.0	0.0	0.0	0.0
0.19285601182457884	0.5483323027078073	0.03189062231886523	23.0	0.0	0.0	0.0
0.10583333582134453	0.37686335322904946	0.03359563828542281	24.0	0.0	0.0	0.0
0.11739525533884086	0.5657942959441765	0.03184093651242475	25.0	0.0	0.0	0.0
0.3216932135313907	0.9163990941084698	0.03413340601087155	26.0	0.0	0.0	0.0
0.8440435652184621	0.3873561380814079	0.03462529666633722	27.0	0.0	0.0	0.0
0.7479953988212776	0.547494308205558	0.031843561588625016	28.0	0.0	0.0	0.0
0.6686953275156373	0.48160254284025394	0.033387986425118504	29.0	0.0	0.0	0.0
0.061267419936225836	0.25771484384537846	0.03097646985633483	30.0	0.0	0.0	0.0
0.38777519053356097	0.46797000280232504	0.03232702012988928	31.0	0.0	0.0	0.0
0.8456563666460736	0.47510543001507693	0.03353990586698805	32.0	0.0	0.0	0.0
0.15917931058300983	0.4685060479129771	0.032008774513879755	33.0	0.0	0.0	0.0
0.6526002851905068	0.7390675636016699	0.03485126897815525	34.0	0.0	0.0	0.0
0.7959184210948981	0.32007910540383955	0.033524482948236574	35.0	0.0	0.0	0.0
0.20296648325926114	0.25292281372040304	0.030625873070260413	36.0	0.0	0.0	0.0
0.13672817642196383	0.7079848122974679	0.03283227504375802	37.0	0.0	0.0	0.0
0.2626284909939534	0.8722655498220467	0.03133796907551255	38.0	0.0	0.0	0.0
0.7526129930751403	0.8278858156420915	0.032415524562133355	39.0	0.0	0.0	0.0
0.7171566640951588	0.6923431819029179	0.03485662020746827	40.0	0.0	0.0	0.0
0.49906453607662304	0.9636782846871585	0.031029545148140696	41.0	0.0	0.0	0.0
0.5285228607609043	0.28743399879995835	0.030605905080810625	42.0	0.0	0.0	0.0
0.6325240558117299	0.6300294853493914	0.031690543533173826	43.0	0.0	0.0	0.0
0.4469339084976922	0.4309015120091066	0.03244421919502393	44.0	0.0	0.0	0.0
0.831466050183221	0.7447797266169599	0.035443703091750246	45.0	0.0	0.0005590586078767501	0.0
0.7888988647344632	0.9614936796420263	0.0350750637003297	46.0	0.0	2.7068854819845e-06	0.0
0.5140908017931132	0.7611298766825179	0.031085466527124066	47.0	0.0	0.0	0.0
0.48765358698013017	0.2314506255852968	0.03233394975299439	48.0	0.0	0.0	0.0
0.4335820614402388	0.17788858905054816	0.032805089605292416	49.0	0.0	0.0	0.0
0.42921656313114653	0.06002013470505661	0.033834467207422426	50.0	0.0	0.0	0.0
0.6462160756612958	0.3201721534966542	0.03256870202787423	51.0	0.0	0.0	0.0
0.23352586999653635	0.7502509399142602	0.031018678983077284	52.0	0.0	0.0	0.0
0.15044831396482528	0.06376199039856428	0.03442675119277582	53.0	0.0	0.0	0.0
0.921047996461411	0.17672145960756616	0.032207292511556226	54.0	0.0	0.0	0.0
0.6041211550774512	0.26627602405082207	0.031805291015631246	55.0	0.0	0.0	0.0
0.05253642331804127	0.43233477620906957	0.03399305224652104	56.0	0.0	0.0	0.0
0.6107101431798599	0.793240603951307	0.031309362104300326	57.0	0.0	0.0	0.0
0.3949162192739929	0.8501753286507593	0.03250623801284253	58.0	0.0	0.0	0.0
0.365673512921673	0.7274129400577981	0.030682672003970127	59.0	0.0	0.0	0.0
0.41860030114577745	0.6791907579871025	0.032074194018984155	60.0	0.0	0.0	0.0
0.9094213771312973	0.8065203455598364	0.032678379829621206	61.0	0.0	0.0	0.0
0.3383831988144729	0.6565478278006696	0.03490033913218906	62.0	0.0	0.0	0.0
0.34093451924419654	0.2691252420907	0.03185173981277556	63.0	0.0	0.0	0.0
0.8524995448900176	0.6073174748898575	0.03199316100327871	64.0	0.0	0.0	0.0
0.9830652688743586	0.28844493872586835	0.032004327779926865	65.0	0.0	0.0	0.0
0.7248231629182523	0.1529428844271637	0.030868110963833795	66.0	0.0	0.0	0.0
0.03164258675178521	0.3590377973377116	0.03164258675178521	67.0	0.0	0.0	0.0
0.32396098319048644	0.4851777732531931	0.03325745192170136	68.0	0.0	0.0	0.0
0.7146178731543207	0.9780052175924266	0.032070985390468064	69.0	0.0	0.0	0.0
0.4454312711363464	0.5951054988766532	0.03190331011231951	70.0	0.0	0.0	0.0
0.5388683222708566	0.8237468993154381	0.030483830876357438	12.0	0.0	0.0	1.0
0.4254165806527346	0.6745778409367726	0.032106268213003136	60.0	0.0	0.0	1.0
0.38744015887297173	0.4662752316806441	0.03235934715001916	31.0	0.0	0.0	1.0
0.7238759422032399	0.15158960940680383	0.030898979074797626	66.0	0.0	0.0	1.0
0.5274357644875504	0.28888748951555043	0.030636510985891433	42.0	0.0	0.0	1.0
0.7541984838860176	0.8271072961642566	0.032447940086695486	39.0	0.0	0.0	1.0
0.8325798672009733	0.7447059895706125	0.035479146794841994	45.0	0.0	0.0007040211983024847	1.0
0.5049227269393998	0.6383497445690975	0.0330353376269349	18.0	0.0	0.0	1.0
0.43379760321789523	0.17930421356252196	0.03283789469489771	49.0	0.0	0.0	1.0
0.3041698049328804	0.7282663151661466	0.031268634934393004	9.0	0.0	0.0	1.0
0.429496511152634	0.06247988409883867	0.03386830167462985	50.0	0.0	0.0	1.0
0.5574774044186875	0.35006490774315524	0.03364060768970575	15.0	0.0	0.0	1.0
0.39215078575218165	0.8484036785218718	0.03253874425085537	58.0	0.0	0.0	1.0
0.2920847171767383	0.7947769487864553	0.03157736309483764	19.0	0.0	0.0	1.0
0.6658401944404814	0.7401881318815825	0.034886120247133404	34.0	0.0	0.0	1.0
0.514800450321123	0.763309280592749	0.031116551993651185	47.0	0.0	0.0	1.0
0.44644675831447844	0.6008062958584114	0.03193521342243183	70.0	0.0	0.0	1.0
0.5282420153606594	0.8968317422527419	0.03212851428236569	14.0	0.0	0.0	1.0
0.11113246282072511	0.5778687974153858	0.03187277744893717	25.0	0.0	0.0	1.0
0.2572082664763222	0.8763998398726984	0.031369307044588055	38.0	0.0	0.0	1.0
0.14934556528783063	0.06335230327603444	0.03446117794396859	53.0	0.0	0.0	1.0
0.7175037332704985	0.6905875185290236	0.03489147682767573	40.0	0.0	0.0	1.0
0.9069925371527181	0.2642936879926381	0.03567494395422032	5.0	0.0	0.0019678097522302096	1.0
0.3180954958177822	0.4873990106264215	0.03329070937362306	68.0	0.0	0.0	1.0
0.36795740414607214	0.72132420457744	0.030713354675974094	59.0	0.0	0.0	1.0
0.8177316060800581	0.5307217587507667	0.029737207934679235	20.0	0.0	0.0	1.0
0.1917596460918225	0.5482458432204919	0.031922512941184096	23.0	0.0	0.0	1.0
0.7514537472645314	0.5421332744425	0.031875405150213636	28.0	0.0	0.0	1.0
0.23988917860258685	0.39239761271164286	0.035609607297151215	2.0	0.0	0.0014498746109694594	1.0
0.4572670202111878	0.4336644512890537	0.032476663414218954	44.0	0.0	0.0	1.0
0.32372890426565676	0.9128646145985895	0.03416753941688242	26.0	0.0	0.0	1.0
0.7881035903172153	0.9586281534453984	0.035110138764030026	46.0	0.0	8.550678344931839e-06	1.0
0.10521101502360707	0.3751385395322289	0.03362923392370823	24.0	0.0	0.0	1.0
0.8639639018793976	0.60238807918789	0.032025154164281984	64.0	0.0	0.0	1.0
0.6155016688761024	0.7985259507822805	0.031340671466404624	57.0	0.0	0.0	1.0
0.8401644065890864	0.47084277437491684	0.03357344577285504	32.0	0.0	0.0	1.0
0.3395953776562771	0.6566051074329313	0.034935239471321246	62.0	0.0	0.0	1.0
0.031015258066822076	0.36011131585900824	0.031674229338536995	67.0	0.0	0.0	1.0
0.06599121340888732	0.24718837223760134	0.031007446326191162	30.0	0.0	0.0	1.0
0.1595688659670996	0.4675759465064729	0.03204078328839363	33.0	0.0	0.0	1.0
0.8114592767982926	0.8887961514850848	0.030002528502370975	22.0	0.0	0.0	1.0
0.8428746060668142	0.38834470023066564	0.034659921963003555	27.0	0.0	0.0	1.0
0.6566978344912715	0.31364177865657156	0.0326012707299021	51.0	0.0	0.0	1.0
0.7978183889285638	0.3179302954856104	0.033558007431184804	35.0	0.0	0.0	1.0
0.13611880407953159	0.7091243284407163	0.032865107318801774	37.0	0.0	0.0	1.0
0.7004290340114001	0.9122889131352094	0.03214353269482186	3.0	0.0	0.0	1.0
0.7741378408160777	0.47183852338307736	0.032295950939366644	17.0	0.0	0.0	1.0
0.053367325991334355	0.4290190107029712	0.03402704529876756	56.0	0.0	0.0	1.0
0.7565011607111993	0.6269291499363009	0.033838329527327474	21.0	0.0	0.0	1.0
0.4087704423702001	0.277146971223934	0.03537162834831095	11.0	0.0	0.0003284781449934826	1.0
0.2689991498681802	0.28859727062542506	0.030394753989243694	1.0	0.0	0.0	1.0
0.4523207904012004	0.9023751613867906	0.028531242494757025	4.0	0.0	0.0	1.0
0.5732493897467729	0.7203873227525226	0.032093498196519965	13.0	0.0	0.0	1.0
0.667344035948387	0.4808299182138282	0.03342137441154362	29.0	0.0	0.0	1.0
0.8972568584918089	0.9470926950397067	0.03233442068410971	6.0	0.0	0.0	1.0
0.6345497336876639	0.6299465431410152	0.031722234076707	43.0	0.0	0.0	1.0
0.4730238565699137	0.3442979922258844	0.034176686453712406	7.0	0.0	0.0	1.0
0.8379063247597144	0.06482552787374378	0.03212524254623304	8.0	0.0	0.0	1.0
0.9905643748543138	0.2937291645300701	0.03203633210770679	65.0	0.0	0.0	1.0
0.4876274172655597	0.2335288704221798	0.032366283702747384	48.0	0.0	0.0	1.0
0.9215945460361454	0.17896223576551515	0.03223949980406778	54.0	0.0	0.0	1.0
0.4983284749059205	0.9547050301844044	0.031060574693288833	41.0	0.0	0.0	1.0
0.33439732390349924	0.339050181880518	0.03158830483194671	16.0	0.0	0.0	1.0
0.9183819783344511	0.8071702419111424	0.032711058209450826	61.0	0.0	0.0	1.0
0.20607409380147068	0.25548443888762407	0.03065649894333067	36.0	0.0	0.0	1.0
0.9175250805642836	0.5059806817800374	0.032873544139424664	10.0	0.0	0.0	1.0
0.6083476000772603	0.2524120655035392	0.03183709630664688	55.0	0.0	0.0	1.0
0.33990335615002915	0.2650103257127671	0.03188359155258833	63.0	0.0	0.0	1.0
0.714682848999427	0.9797244901138069	0.03210305637585853	69.0	0.0	0.0	1.0
0.22999321363971278	0.7506868279188722	0.03104969766206036	52.0	0.0	0.0	1.0
0.8441069856111177	0.46378984973019993	0.03360701921862789	32.0	0.0	0.0	2.0
0.40818263334273674	0.2763506432000196	0.03540699997665926	11.0	0.0	0.0004314824409590301	2.0
0.751503006012024	0.6653306613226453	0.013627254509018036	-2.0	-1.0	0.0	2.0
0.6616013127045861	0.47791977617730796	0.033454795785955165	29.0	0.0	0.0	2.0
0.9081311446165367	0.2536959532566908	0.03571061889817454	5.0	0.0	0.00229662576518308	2.0
0.5291025818079629	0.8979526453344516	0.03216064279664805	14.0	0.0	0.0	2.0
0.8697394789579158	0.3166332665330661	0.08196392785571142	-2.0	-1.0	662.9384532608337	2.0
0.3156640177729302	0.48427291101875053	0.03332400008299668	68.0	0.0	0.0	2.0
0.19439758869386053	0.5472658092956513	0.031954435454125275	23.0	0.0	0.0	2.0
0.10441559619158275	0.37447441574660223	0.033662863157631936	24.0	0.0	0.0	2.0
0.1404841891448425	0.7109044199500686	0.032897972426120574	37.0	0.0	0.0	2.0
0.25840009358749744	0.8791959091063623	0.03140067635163264	38.0	0.0	0.0	2.0
0.5401907262083344	0.8246787278598908	0.030514314707233793	12.0	0.0	0.0	2.0
0.3696238196047693	0.7221555217627831	0.030744068030650065	59.0	0.0	0.0	2.0
0.5279244784573232	0.28712655938543485	0.030667147496877323	42.0	0.0	0.0	2.0
0.42909474135244235	0.06342245048854211	0.03390216997630448	50.0	0.0	0.0	2.0
0.45720609691799896	0.4352764925594702	0.03250914007763317	44.0	0.0	0.0	2.0
0.666933343205659	0.7402674160030177	0.03492100636738053	34.0	0.0	0.0	2.0
0.478675729548097	0.35185476994728215	0.034210863140166116	7.0	0.0	0.0	2.0
0.8312802656707134	0.0734560875193411	0.03215736778877927	8.0	0.0	0.0	2.0
0.5761444147215371	0.7215678393163171	0.03212559169471648	13.0	0.0	0.0	2.0
0.2695927307407634	0.29090429099224363	0.030425148743232933	1.0	0.0	0.0	2.0
0.719190338187063	0.14452306072920246	0.03092987805387242	66.0	0.0	0.0	2.0
0.5531706729255508	0.34682262196116687	0.033674248297395445	15.0	0.0	0.0	2.0
0.9171720747620414	0.8076110901020565	0.032743769267660275	61.0	0.0	0.0	2.0
0.9232377435194198	0.17755478205409372	0.032271739303871845	54.0	0.0	0.0	2.0
0.3924520381052866	0.845223173285325	0.03257128299510623	58.0	0.0	0.0	2.0
0.4230690326786555	0.6732355892566412	0.032138374481216134	60.0	0.0	0.0	2.0
0.6188166094050467	0.799686735331501	0.031372012137871025	57.0	0.0	0.0	2.0
0.29174359037290953	0.8031229934422481	0.03160894045793248	19.0	0.0	0.0	2.0
0.9161721380639635	0.5055913998976774	0.03290641768356409	10.0	0.0	0.0	2.0
0.44460344941127133	0.5956974123769627	0.03196714863585426	70.0	0.0	0.0	2.0
0.24077044564133848	0.39432878067364713	0.035645216904448364	2.0	0.0	0.0017190843460213046	2.0
0.332946036083408	0.3393993301131611	0.031619893136778654	16.0	0.0	0.0	2.0
0.7164164062651592	0.993419272470662	0.032135159432234384	69.0	0.0	0.0	2.0
0.19633392666505117	0.2563142839692957	0.030687155442274	36.0	0.0	0.0	2.0
0.3424248847649995	0.25957561903993165	0.03191547514414092	63.0	0.0	0.0	2.0
0.7939571404318709	0.3199176450246635	0.03359156543861599	35.0	0.0	0.0	2.0
0.052486171004111085	0.4263696660790464	0.03406107234406632	56.0	0.0	0.0	2.0
0.6329887855568249	0.6220504242788905	0.0317539563107837	43.0	0.0	0.0	2.0
0.5008185018549433	0.9593613391566981	0.03109163526798212	41.0	0.0	0.0	2.0
0.7908717366765494	0.9607952355099637	0.03514524890279405	46.0	0.0	1.961184965182383e-05	2.0
0.6159018479948439	0.2540293727778211	0.03186893340295352	55.0	0.0	0.0	2.0
0.43343358305571583	0.17829530149670544	0.032870732589592604	49.0	0.0	0.0	2.0
0.39021758460403905	0.46887486563021435	0.03239170649716917	31.0	0.0	0.0	2.0
0.06561017910163548	0.24822397080340755	0.03103845377251735	30.0	0.0	0.0	2.0
0.7558375724850095	0.8264025277849659	0.03248038802678218	39.0	0.0	0.0	2.0
0.7417343645485676	0.5409295333133936	0.03190728055536385	28.0	0.0	0.0	2.0
0.4856750914882744	0.23271838998478253	0.032398649986450125	48.0	0.0	0.0	2.0
0.757937719051312	0.6261782889265756	0.0338721678568548	21.0	0.0	0.0	2.0
0.9933978927260839	0.3024311905129382	0.03206836843981449	65.0	0.0	0.0	2.0
0.5125214269848689	0.7666093063780627	0.03114766854564483	47.0	0.0	0.0	2.0
0.33991793436728557	0.6602551844245889	0.03497017471079256	62.0	0.0	0.0	2.0
0.7185109906135116	0.68947684021205	0.0349263683045034	40.0	0.0	0.0	2.0
0.833281202809971	0.743031482522316	0.03551462594163683	45.0	0.0	0.0008722781583117012	2.0
0.6551585653483153	0.30881143735470157	0.032633872000631996	51.0	0.0	0.0	2.0
0.03199469625494539	0.3572857759858181	0.03170590356787553	67.0	0.0	0.0	2.0
0.3195060749776759	0.9098490442636413	0.0342017069562993	26.0	0.0	0.0	2.0
0.8632016173507997	0.6043820237106907	0.03205717931844626	64.0	0.0	0.0	2.0
0.5056603651308929	0.637323644151479	0.03306837296456183	18.0	0.0	0.0	2.0
0.7728974343841095	0.47161353803724976	0.03232824689030601	17.0	0.0	0.0	2.0
0.8209320456924849	0.8910750933130649	0.030032531030873343	22.0	0.0	0.0	2.0
0.14838731313688927	0.061587201529913135	0.03449563912191256	53.0	0.0	0.0	2.0
0.22902975907198744	0.7512138090657109	0.031080747359722417	52.0	0.0	0.0	2.0
0.8442922693884352	0.38948361673532816	0.034694581884966554	27.0	0.0	0.0	2.0
0.7024112505177681	0.908744832715623	0.03217567622751668	3.0	0.0	0.0	2.0
0.15829882930838038	0.46798507330989586	0.03207282407168202	33.0	0.0	0.0	2.0
0.8907044372618962	0.9484955188065347	0.032366755104793817	6.0	0.0	0.0	2.0
0.45608851070999606	0.89765494564207	0.02855977373725178	4.0	0.0	0.0	2.0
0.3064074508568823	0.7220505797760394	0.031299903569327395	9.0	0.0	0.0	2.0
0.10436456517943123	0.5856209065186482	0.031904650226386104	25.0	0.0	0.0	2.0
0.8247583085267438	0.5439288177042898	0.02976694514261391	20.0	0.0	0.0	2.0
0.5763376176628239	0.7225785701546236	0.032157717286411196	13.0	0.0	0.0	3.0
0.8911684945365741	0.949479438719508	0.03239912185989861	6.0	0.0	0.0	3.0
0.1997163870491815	0.2513499287699895	0.03071784259771627	36.0	0.0	0.0	3.0
0.6619665756183936	0.3093052101422485	0.032666505872632624	51.0	0.0	0.0	3.0
0.25440822625735804	0.8767088847051577	0.03143207702798427	38.0	0.0	0.0	3.0
0.7201916284935975	0.14347333873976756	0.03096080793192629	66.0	0.0	0.0	3.0
0.45549245228040885	0.8955072328429915	0.02858833351098903	4.0	0.0	0.0	3.0
0.6590809970961001	0.47521004642806075	0.03348825058174112	29.0	0.0	0.0	3.0
0.3991326146571873	0.46490788007820627	0.03242409820366634	31.0	0.0	0.0	3.0
0.47873244519687874	0.35085489441688766	0.03424507400330628	7.0	0.0	0.0	3.0
0.43872076761474194	0.585774594629714	0.031999115784490106	70.0	0.0	0.0	3.0
0.4113369150567888	0.26854509410160704	0.03544240697663592	11.0	0.0	0.0005541736540379816	3.0
0.864721040999494	0.6074039302468692	0.032089236497764705	64.0	0.0	0.0	3.0
0.9063887222028795	0.2561522529204543	0.03574632951707271	5.0	0.0	0.0026605524711129647	3.0
0.9228335972036718	0.4925480159926774	0.03293932410124765	10.0	0.0	0.0	3.0
0.796040957254152	0.9656335579738334	0.03518039415169684	46.0	0.0	3.757053119102238e-05	3.0
0.10698430436718837	0.5847220340791183	0.03193655487661249	25.0	0.0	0.0	3.0
0.387944240617082	0.8409503747430799	0.03260385427810133	58.0	0.0	0.0	3.0
0.7510442780646163	0.5496434899003019	0.03193918783591921	28.0	0.0	0.0	3.0
0.829432127707158	0.07220536018124629	0.03218952515656805	8.0	0.0	0.0	3.0
0.3328823242529787	0.33827611453489925	0.03165151302991543	16.0	0.0	0.0	3.0
0.505008475361544	0.6365673964494922	0.03310144133752639	18.0	0.0	0.0	3.0
0.3761763961659262	0.7296143491288511	0.03077481209868071	59.0	0.0	0.0	3.0
0.5535657711382674	0.8226266050558736	0.030544829021941024	12.0	0.0	0.0	3.0
0.8223582216762628	0.8911244969315137	0.030062563561904215	22.0	0.0	0.0	3.0
0.31400619443814054	0.48266140249555595	0.03335732408307967	68.0	0.0	0.0	3.0
0.3390246484512756	0.6606594328453996	0.03500514488550335	62.0	0.0	8.715801413927693e-10	3.0
0.8434242318925123	0.3782975514809051	0.03472927646685152	27.0	0.0	0.0	3.0
0.7580407271689279	0.6229070773391993	0.03390604002471165	21.0	0.0	0.0	3.0
0.6154509094318339	0.2506385279334696	0.03190080233635647	55.0	0.0	0.0	3.0
0.8022211864368138	0.3168474321113764	0.0336251570040546	35.0	0.0	0.0	3.0
0.43065801414271554	0.06339784341488741	0.03393607214628078	50.0	0.0	0.0	3.0
0.2778856906641255	0.28573758779750286	0.030455573891976163	1.0	0.0	0.0	3.0
0.4839506516472516	0.22980963121617823	0.032431048636436574	48.0	0.0	0.0	3.0
0.06656952505597401	0.24884712047717994	0.031069492226289862	30.0	0.0	0.0	3.0
0.8549648790915467	0.46677924866662174	0.03364062623784651	32.0	0.0	0.0	3.0
0.14038524059914065	0.7091599943507754	0.03293087039854669	37.0	0.0	0.0	3.0
0.6994655508808509	0.9054966809520891	0.03220785190374419	3.0	0.0	0.0	3.0
0.14856851711280772	0.05937816041003545	0.03453013476103447	53.0	0.0	0.0	3.0
0.7547902087966852	0.8262933342553792	0.03251286841480896	39.0	0.0	0.0	3.0
0.7178761045540895	0.6919443979406575	0.034961294672807904	40.0	0.0	0.0	3.0
0.050755269204128706	0.42991892170228146	0.034095133416410385	56.0	0.0	0.0	3.0
0.10374286447064457	0.3737511249209014	0.03369652602078956	24.0	0.0	0.0	3.0
0.3185231975217702	0.9098211909139743	0.0342359086632556	26.0	0.0	0.0	3.0
0.2411585710588934	0.3952720913045587	0.03568086212135281	2.0	0.0	0.002020028490349546	3.0
0.7737139224786084	0.4709490899692333	0.03236057513719631	17.0	0.0	0.0	3.0
0.9211218675426031	0.18728801177608576	0.032304011043175714	54.0	0.0	0.0	3.0
0.7145324039185323	0.9943006066543757	0.03216729459166662	69.0	0.0	0.0	3.0
0.1588212591630508	0.47211217271287564	0.0321048968957537	33.0	0.0	0.0	3.0
0.5123415079055894	0.7655610857994252	0.031178816214190472	47.0	0.0	0.0	3.0
0.2954614595774459	0.808226674934287	0.03164054939839041	19.0	0.0	0.0	3.0
0.4952447165426188	0.9678157467242927	0.031122726903250096	41.0	0.0	0.0	3.0
0.524561105536567	0.2860196696167922	0.030697814644374197	42.0	0.0	0.0	3.0
0.9198464209586223	0.8073662718883381	0.03277651303692793	61.0	0.0	0.0	3.0
0.992335509063886	0.3083952575197394	0.0321004368082543	65.0	0.0	0.0	3.0
0.45237057559156585	0.4271200090890506	0.0325416492177108	44.0	0.0	0.0	3.0
0.5539186873068556	0.34793545685676086	0.03370792254569284	15.0	0.0	0.0	3.0
0.8253982545502844	0.5431864257655705	0.02979671208775652	20.0	0.0	0.0	3.0
0.8346447464287668	0.7438691309732381	0.035550140567578464	45.0	0.0	0.0010656166251692412	3.0
0.22902975907198744	0.7545390332794787	0.031111828107082136	52.0	0.0	0.0	3.0
0.6208046154624344	0.7955395314113284	0.031403384150008894	57.0	0.0	0.0	3.0
0.18440628534313122	0.5504843856838602	0.0319863898895794	23.0	0.0	0.0	3.0
0.6659749652568319	0.7410778944218386	0.03495592737374791	34.0	0.0	0.0	3.0
0.4187875416026502	0.6765874143829106	0.032170512855697345	60.0	0.0	0.0	3.0
0.3031143377379449	0.7322858097582358	0.03133120347289672	9.0	0.0	0.0	3.0
0.43208336021177923	0.17969310676756786	0.032903603322182194	49.0	0.0	0.0	3.0
0.5316431405716555	0.8914723663046942	0.032192803439444695	14.0	0.0	0.0	3.0
0.3425853222206485	0.2584754022864932	0.03194739061928506	63.0	0.0	0.0	3.0
0.031737609471443405	0.34875229587125905	0.031737609471443405	67.0	0.0	0.0	3.0
0.6293886310080686	0.6252539137300563	0.03178571026709448	43.0	0.0	0.0	3.0
0.2955410107567157	0.7252862035063103	0.03136253467636961	9.0	0.0	0.0	4.0
0.9073902404891276	0.2562375805141605	0.03578207584658978	5.0	0.0	0.0030614459361686386	4.0
0.7567305539106421	0.8347072903726295	0.03254538128322376	39.0	0.0	0.0	4.0
0.8315750666852106	0.7462105370130044	0.03558569070814604	45.0	0.0	0.0012858342104777876	4.0
0.5427734138711917	0.8247226060736524	0.030575373850962963	12.0	0.0	0.0	4.0
0.6277639533636855	0.6350904273101253	0.03181749597736157	43.0	0.0	0.0	4.0
0.4878753077111307	0.9732913926660489	0.031153849630153344	41.0	0.0	0.0	4.0
0.18250435160575476	0.5578764700166516	0.03201837627946898	23.0	0.0	0.0	4.0
0.9227799779015515	0.18909339723139643	0.032336315054218884	54.0	0.0	0.0	4.0
0.7954875200731921	0.3135410172237237	0.03365878216105865	35.0	0.0	0.0	4.0
0.051241292423606234	0.43375841540848525	0.03412922854982679	56.0	0.0	0.0	4.0
0.14643824040207165	0.7056990856728571	0.032963801268945235	37.0	0.0	0.0	4.0
0.3385101185379322	0.2573890861944096	0.031979338009904344	63.0	0.0	0.0	4.0
0.5530172149373592	0.34599249342069616	0.033741630468238526	15.0	0.0	0.0	4.0
0.7186114919655041	0.6928952644694307	0.03499625596748071	40.0	0.0	0.0	4.0
0.2275653986034951	0.7540571106207762	0.031142939935189216	52.0	0.0	0.0	4.0
0.5035961565363556	0.6312180449843123	0.033134542778863914	18.0	0.0	0.0	4.0
0.33118225942454965	0.6611290452962834	0.03504015003038885	62.0	0.0	4.142262355344428e-07	4.0
0.16899088982343455	0.46171594630138457	0.03213700179264945	33.0	0.0	0.0	4.0
0.6226670933868212	0.7999079983722759	0.031434787534158896	57.0	0.0	0.0	4.0
0.26566617634555756	0.29195573820917037	0.030486029465868137	1.0	0.0	0.0	4.0
0.7702754122346266	0.4743339014657341	0.0323929357123335	17.0	0.0	0.0	4.0
0.31250621336861273	0.4823501311395274	0.033390681407162746	68.0	0.0	0.0	4.0
0.7176297748729221	0.9921471064713653	0.03219946188625828	69.0	0.0	0.0	4.0
0.7976950486416833	0.965376377255495	0.03521557454584853	46.0	0.0	6.411688481477995e-05	4.0
0.5317059641614212	0.8900477625284491	0.032224996242884135	14.0	0.0	0.0	4.0
0.5236726041343385	0.2854661129764793	0.03072851245901857	42.0	0.0	0.0	4.0
0.6617481895116113	0.47274490835162847	0.03352173883232285	29.0	0.0	0.0	4.0
0.31998608323385125	0.910937010715354	0.03427014457191885	26.0	0.0	0.0	4.0
0.8558756027220017	0.4676986137338564	0.033674266864084354	32.0	0.0	0.0	4.0
0.24024107842028689	0.39709684702945697	0.03571654298347416	2.0	0.0	0.0023545434922596087	4.0
0.4427906285107926	0.5835150969255054	0.03203111490027459	70.0	0.0	0.0	4.0
0.38260370610336863	0.8366043127934688	0.03263645813237943	58.0	0.0	0.0	4.0
0.14758301809701588	0.059462123190118475	0.0345646648957955	53.0	0.0	0.0	4.0
0.7621542468567362	0.6271717921555349	0.033939946064736354	21.0	0.0	0.0	4.0
0.3913697563862302	0.4726751485978762	0.03245652230187	31.0	0.0	0.0	4.0
0.028843253731412423	0.3459388000986176	0.03176934708091485	67.0	0.0	0.0	4.0
0.8703387760728433	0.5956847039235353	0.03212132573426246	64.0	0.0	0.0	4.0
0.33409289013433885	0.33703857529587133	0.03168316454294534	16.0	0.0	0.0	4.0
0.6971652418146709	0.9053152783994673	0.032240059755647935	3.0	0.0	0.0	4.0
0.821244095251517	0.8918089240821786	0.030092626125466114	22.0	0.0	0.0	4.0
0.06049012193739333	0.24547196890806322	0.031100561718516148	30.0	0.0	0.0	4.0
0.10465171181272763	0.3743253318276607	0.03373022254681035	24.0	0.0	0.0	4.0
0.6650542526408102	0.7391536808418042	0.034990883301121656	34.0	0.0	0.0	4.0
0.5780214822754076	0.7219770078525689	0.032189875003697604	13.0	0.0	0.0	4.0
0.8901644052758184	0.9486623231070205	0.0324315209817585	6.0	0.0	0.0	4.0
0.45549245228040885	0.8965398662588805	0.028616921844500015	4.0	0.0	0.0	4.0
0.4343470567285573	0.18035989954182047	0.03293650692550437	49.0	0.0	0.0	4.0
0.920531428278197	0.8084136163847618	0.03280928954996486	61.0	0.0	0.0	4.0
0.8321115798310278	0.06901664617614747	0.03222171468172461	8.0	0.0	0.0	4.0
0.4334478644474135	0.07705780815260907	0.03397000821842706	50.0	0.0	0.0	4.0
0.29547867356764396	0.8095937088067784	0.031672189947788795	19.0	0.0	0.0	4.0
0.514142081209907	0.7640188344232861	0.03120999503040466	47.0	0.0	0.0	4.0
0.9923179173941389	0.3056010928424795	0.03213253724506255	65.0	0.0	0.0	4.0
0.6608371087593136	0.31103211270948655	0.032699172378505253	51.0	0.0	0.0	4.0
0.4814789610207628	0.23773818553180096	0.03246347968507301	48.0	0.0	0.0	4.0
0.25485815971605674	0.8782188123154203	0.03146350910501225	38.0	0.0	0.0	4.0
0.19969539981289106	0.2480164308610932	0.030748560440313984	36.0	0.0	0.0	4.0
0.4743341538531373	0.3463586020577793	0.034279319077309585	7.0	0.0	0.0	4.0
0.41953543507210544	0.6772362175815259	0.03220268336855304	60.0	0.0	0.0	4.0
0.4100201294101237	0.26604500258807307	0.03547784938361255	11.0	0.0	0.0006983177230353022	4.0
0.8554945513746406	0.3848996591634905	0.034764005743318366	27.0	0.0	0.0	4.0
0.45732306140700413	0.4232681418655631	0.032574190866928504	44.0	0.0	0.0	4.0
0.10577088480416338	0.5848100412260423	0.031968491431489096	25.0	0.0	0.0	4.0
0.823460276849502	0.5431070744767026	0.029826508799844272	20.0	0.0	0.0	4.0
0.7302448619102447	0.1359048483842044	0.030991768739858212	66.0	0.0	0.0	4.0
0.381206640527123	0.7406373947259686	0.03080558691077939	59.0	0.0	0.0	4.0
0.921622387566488	0.4908631483585567	0.03297226342534889	10.0	0.0	0.0	4.0
0.7493289973703354	0.5520615277765358	0.031971127023755125	28.0	0.0	0.0	4.0
0.6207367194142692	0.24197312090814696	0.03193270313869282	55.0	0.0	0.0	4.0
0.8531787212472395	0.3858101583417971	0.03479876974906168	27.0	0.0	0.0	5.0
0.8685195327506281	0.5991921578439766	0.032153447059996725	64.0	0.0	0.0	5.0
0.5496950182265642	0.34887452400449437	0.03377537209870676	15.0	0.0	0.0	5.0
0.9331974378889157	0.4902431279436005	0.03300523568877423	10.0	0.0	0.0	5.0
0.3185849980061267	0.9132667772649116	0.03430441471649076	26.0	0.0	0.0	5.0
0.5085022046645478	0.6181387752768298	0.033167677321642774	18.0	0.0	0.0	5.0
0.48740820020262715	0.9712059912294436	0.031185003479783494	41.0	0.0	0.0	5.0
0.6591214341230454	0.3108750543599318	0.03273187155088376	51.0	0.0	0.0	5.0
0.24157263581032107	0.3917831897201509	0.03575225952645763	2.0	0.0	0.002724476478192628	5.0
0.41731586713658414	0.6763473909523499	0.03223488605192159	60.0	0.0	0.0	5.0
0.18335280721855468	0.5623151201069634	0.032050394655748445	23.0	0.0	0.0	5.0
0.476881055193433	0.3478361914311876	0.03431359839638689	7.0	0.0	0.0	5.0
0.19854850026454718	0.24713015352535955	0.030779309000754294	36.0	0.0	0.0	5.0
0.4752912295743427	0.23709307987814743	0.03249594316475808	48.0	0.0	0.0	5.0
0.5778984437916335	0.7229489891595102	0.0322220648787013	13.0	0.0	0.0	5.0
0.8977955911823646	0.6332665330661322	0.02324649298597194	-2.0	-1.0	0.0	5.0
0.42583583240404727	0.17755884615125428	0.03296944343242987	49.0	0.0	0.0	5.0
0.6251188353838393	0.6327664212778027	0.03184931347333893	43.0	0.0	0.0	5.0
0.7983671253985075	0.966953093479515	0.03525079012039438	46.0	0.0	0.00010095114421915241	5.0
0.5338210696974429	0.9003365591182025	0.03225722123912701	14.0	0.0	0.0	5.0
0.6645711384842574	0.471894031741359	0.03355526057115517	29.0	0.0	0.0	5.0
0.26698968065929457	0.29450742018444637	0.030516515495334	1.0	0.0	0.0	5.0
0.6903263880778268	0.9012899459453648	0.03227229981540358	3.0	0.0	0.0	5.0
0.1040468195205814	0.375795478599631	0.03376395276935716	24.0	0.0	0.0	5.0
0.10516220461288715	0.58685270555531	0.03200045992292058	25.0	0.0	0.0	5.0
0.33576661640345745	0.33774578502333935	0.03171484770748828	16.0	0.0	0.0	5.0
0.167186675865054	0.46150485070694663	0.032169138794442095	33.0	0.0	0.0	5.0
0.7657334346563194	0.632217387138562	0.033973886010801084	21.0	0.0	0.0	5.0
0.45844792590304173	0.42519307037495585	0.03260676505779543	44.0	0.0	0.0	5.0
0.6150146797850209	0.7981178842860458	0.03146622232169305	57.0	0.0	0.0	5.0
0.9255936885129933	0.8113504957251662	0.03284209883951482	61.0	0.0	0.0	5.0
0.14585609950793646	0.7149333956470907	0.03299676507021418	37.0	0.0	0.0	5.0
0.0516986165699493	0.4354474370128393	0.03416335777837662	56.0	0.0	0.0	5.0
0.39677458074219163	0.46607612426428796	0.03248897882417187	31.0	0.0	0.0	5.0
0.33686321286481313	0.27039933696689245	0.032011317347914243	63.0	0.0	0.0	5.0
0.8893716321321695	0.9492670128407299	0.032463952502740256	6.0	0.0	0.0	5.0
0.8209988652137499	0.901544743833633	0.030122718751591577	22.0	0.0	0.0	5.0
0.7196407560068863	0.9924727565976531	0.032231661348144536	69.0	0.0	0.0	5.0
0.30260521042084165	0.2064128256513026	0.037474949899799596	-2.0	-1.0	0.09702400773450393	5.0
0.7482681123127868	0.5519644109615619	0.032003098150778876	28.0	0.0	0.0	5.0
0.37558591581129086	0.7533766975823079	0.030836392497690164	59.0	0.0	0.0	5.0
0.43098962957594966	0.07192965411215503	0.03400397822664548	50.0	0.0	0.0	5.0
0.8570971996110953	0.4684704148257598	0.03370794113094844	32.0	0.0	0.0	5.0
0.5391882738933453	0.8191032914063933	0.03060594922481392	12.0	0.0	0.0	5.0
0.29598725600976267	0.8084603868975628	0.03170386213773658	19.0	0.0	0.0	5.0
0.5058925127971687	0.7661137275349365	0.03124120502543506	47.0	0.0	0.0	5.0
0.756423792504873	0.8332520824705969	0.032577926664506984	39.0	0.0	0.0	5.0
0.7716441687572204	0.47481319556141965	0.032425328648045836	17.0	0.0	0.0	5.0
0.6529378676180025	0.7348250902814764	0.035025874184422774	34.0	0.0	1.1086130768944713e-07	5.0
0.03640270696395037	0.3409605540714473	0.03180111642799576	67.0	0.0	0.0	5.0
0.5267283305127815	0.28163788620247676	0.030759240971477586	42.0	0.0	0.0	5.0
0.06274447237966536	0.24742763483841454	0.03113166228023466	30.0	0.0	0.0	5.0
0.14574329717179904	0.060239471647954984	0.034599229560691294	53.0	0.0	0.0	5.0
0.629076626644698	0.2458745201523349	0.03196463584183151	55.0	0.0	0.0	5.0
0.7308697367823513	0.13678573692547846	0.031022760508598066	66.0	0.0	0.0	5.0
0.7969935930558264	0.3047665353863924	0.03369244094321971	35.0	0.0	0.0	5.0
0.25378712748243454	0.8784622551761846	0.03149497261411726	38.0	0.0	0.0	5.0
0.3106311326923468	0.4847924570227486	0.03342407208856991	68.0	0.0	0.0	5.0
0.8187732048674565	0.5421958298430052	0.029856335308644115	20.0	0.0	0.0	5.0
0.33308954734186264	0.6618239968999264	0.035075190180419234	62.0	0.0	2.7205916097727822e-06	5.0
0.3846668391865975	0.8340853289148084	0.0326690945905118	58.0	0.0	0.0	5.0
0.9218353663149399	0.18883443733187374	0.032368651369273096	54.0	0.0	0.0	5.0
0.4043864984566997	0.2683422520808392	0.03551332723299616	11.0	0.0	0.0008656909732707163	5.0
0.8293300381949602	0.7467806389243266	0.03562127639885418	45.0	0.0	0.0015347390434499175	5.0
0.2961527609840447	0.728720480102458	0.031393897211045976	9.0	0.0	0.0	5.0
0.9912510500529544	0.3079389767509967	0.03216466978230761	65.0	0.0	0.0	5.0
0.7189027401302913	0.6915949870596292	0.03503125222344819	40.0	0.0	1.9535418971372565e-07	5.0
0.8444496961464879	0.06819983673609327	0.032253936396406335	8.0	0.0	0.0	5.0
0.45423110934499017	0.8993039150192104	0.02864553876634451	4.0	0.0	0.0	5.0
0.9076503188917069	0.25918064807680324	0.035817857922436365	5.0	0.0	0.00350117298566488	5.0
0.22648513584210142	0.7563475435052006	0.031174082875124402	52.0	0.0	0.0	5.0
0.4448921076089549	0.5818049388274772	0.03206314601517486	70.0	0.0	0.0	5.0
0.7635135393861051	0.8274825327984101	0.032610504591171485	39.0	0.0	0.0	6.0
0.2284569138276553	0.1442885771543086	0.06973947895791582	-2.0	-1.0	268.3180413815369	6.0
0.33509254631213364	0.27303359050202586	0.032043328665262154	63.0	0.0	0.0	6.0
0.16525372991451523	0.463098191611968	0.032201307933236535	33.0	0.0	0.0	6.0
0.5070561506179221	0.6187073105099029	0.03320084499896441	18.0	0.0	0.0	6.0
0.9287718885358466	0.8199884039735091	0.03287494093835433	61.0	0.0	0.0	6.0
0.17620570389866896	0.5597618103610359	0.03208244505040419	23.0	0.0	0.0	6.0
0.03474337619446531	0.3355174705803783	0.03183291754442375	67.0	0.0	0.0	6.0
0.4758674717782775	0.2379988218924925	0.03252843910792284	48.0	0.0	0.0	6.0
0.7300645556438254	0.13881491204256385	0.031053783269106662	66.0	0.0	0.0	6.0
0.45803563778896483	0.4281506681319285	0.03263937182285322	44.0	0.0	0.0	6.0
0.7206852365609212	0.9911298901641676	0.03226389300949268	69.0	0.0	0.0	6.0
0.5294645579744278	0.8284370134237936	0.03063655517403873	12.0	0.0	0.0	6.0
0.2974159232539999	0.8083658060991692	0.03173556599987431	19.0	0.0	0.0	6.0
0.3981877025235493	0.46689594939627505	0.03252146780299604	31.0	0.0	0.0	6.0
0.4442787710944549	0.5832956086684242	0.03209520916119003	70.0	0.0	0.0	6.0
0.6139599283867396	0.7992098055719193	0.03149768854401474	57.0	0.0	0.0	6.0
0.402931889756887	0.26909092597001044	0.03554884056022915	11.0	0.0	0.0010580801596518086	6.0
0.6991686717931942	0.9052914410593416	0.032304572115218984	3.0	0.0	0.0	6.0
0.3857511837933041	0.8315851724765599	0.03270176368510231	58.0	0.0	0.0	6.0
0.5276714912680612	0.2835740580303563	0.03079000021244906	42.0	0.0	0.0	6.0
0.0996647688818436	0.3785640444808549	0.03379771672212652	24.0	0.0	0.0	6.0
0.23867131238820344	0.39031293547076507	0.035788011785984085	2.0	0.0	0.0031316852968785724	6.0
0.7705109501384171	0.47335624048541264	0.03245775397669388	17.0	0.0	0.0	6.0
0.5788993290546495	0.723599120973077	0.03225428694358	13.0	0.0	0.0	6.0
0.2266258627735528	0.7518785018464017	0.031205256957999524	52.0	0.0	0.0	6.0
0.742438306744854	0.5572849138439673	0.03203510124892965	28.0	0.0	0.0	6.0
0.786123003909995	0.3065268744907105	0.03372613338416292	35.0	0.0	0.0	6.0
0.6515028441958772	0.7301908604025257	0.035060900058607194	34.0	0.0	1.4455499552923357e-06	6.0
0.1476730935401881	0.716677514597678	0.03302976183528439	37.0	0.0	0.0	6.0
0.1533525002938265	0.04776515978093174	0.03463382879025198	53.0	0.0	0.0	6.0
0.9048063578834282	0.2603823241971485	0.0358536757803588	5.0	0.0	0.003981611248406125	6.0
0.8122486859152044	0.8986650500953689	0.030152841470343167	22.0	0.0	0.0	6.0
0.8444492411375649	0.39087458185964596	0.03483356851881074	27.0	0.0	0.0	6.0
0.9814963162113935	0.30578624600756554	0.032196834452089915	65.0	0.0	0.0	6.0
0.3370949135723255	0.34047258588206614	0.03174656255519576	16.0	0.0	0.0	6.0
0.04766946116774786	0.4398344662121104	0.03419752113615499	56.0	0.0	0.0	6.0
0.843527521062336	0.06768786531035197	0.032286190332802736	8.0	0.0	0.0	6.0
0.8153069260920089	0.5556679211811703	0.029886191643952755	20.0	0.0	0.0	6.0
0.6601786257625697	0.3118898446895467	0.03276460342243464	51.0	0.0	0.0	6.0
0.37570707868697556	0.7506291772498215	0.03086722889018785	59.0	0.0	0.0	6.0
0.9198863655339755	0.1852443752816165	0.032401020020642365	54.0	0.0	0.0	6.0
0.42027724320758864	0.1889698211570427	0.033002412875862294	49.0	0.0	0.0	6.0
0.31797766669788374	0.9109664265468889	0.03433871913120725	26.0	0.0	0.0	6.0
0.8213880276747132	0.7360212846987062	0.03565689767525303	45.0	0.0	0.0018141498144785828	6.0
0.4292535661264654	0.07154652964961677	0.03403798220487212	50.0	0.0	0.0	6.0
0.4802743868942538	0.34803938854513505	0.03434791199478327	7.0	0.0	0.0	6.0
0.7290026134133821	0.683242574254637	0.03506628347567163	40.0	0.0	1.863784916622535e-06	6.0
0.6301237958558549	0.24771943358672896	0.03199660047767334	55.0	0.0	0.0	6.0
0.5523159432414854	0.34674164714528033	0.03380914747080547	15.0	0.0	0.0	6.0
0.6253980623016173	0.6359261749373892	0.031881162786812266	43.0	0.0	0.0	6.0
0.774054525727749	0.6303810409235544	0.03400785989681188	21.0	0.0	0.0	6.0
0.4525861069409863	0.8987162362796949	0.02867418430511085	4.0	0.0	0.0	6.0
0.8677424429659937	0.6017999863990391	0.03218560050705672	64.0	0.0	0.0	6.0
0.5041121426120694	0.7656496699421969	0.03127244623046049	47.0	0.0	0.0	6.0
0.34254662648002554	0.6521201763725066	0.03511026537059965	62.0	0.0	8.580199747143524e-06	6.0
0.4161335641109534	0.6761329444223746	0.03226712093797351	60.0	0.0	0.0	6.0
0.2641596432035334	0.2926437109600484	0.030547032010829332	1.0	0.0	0.0	6.0
0.6650721376206041	0.4681267550481302	0.03358881583172632	29.0	0.0	0.0	6.0
0.29492037479710587	0.7262359420460512	0.031425291108257015	9.0	0.0	0.0	6.0
0.20175849039592142	0.2456038187397144	0.030810088309755044	36.0	0.0	0.0	6.0
0.10120310566039459	0.5869898511925069	0.0320324603828435	25.0	0.0	0.0	6.0
0.2465785963671443	0.8911623190771798	0.031526467586731374	38.0	0.0	0.0	6.0
0.8058373402963939	0.9674948947823002	0.03528604091051477	46.0	0.0	0.00014978365686602046	6.0
0.05866833039125825	0.24736347333905254	0.03116279394251489	30.0	0.0	0.0	6.0
0.8918264329933925	0.9469401848124563	0.032496416455242996	6.0	0.0	0.0	6.0
0.8462698614162603	0.4662235596416828	0.03374164907207938	32.0	0.0	0.0	6.0
0.9344588244648173	0.49188610636157837	0.033038240924463	10.0	0.0	0.0	6.0
0.4861346100878025	0.9713144988636608	0.031216188483263272	41.0	0.0	0.0	6.0
0.31607547777899164	0.4913550114577625	0.033457496160658476	68.0	0.0	0.0	6.0
0.5327735367742421	0.9001053835305178	0.03228947846036614	14.0	0.0	0.0	6.0
0.412539286802361	0.1779437602643648	0.03303541528873815	49.0	0.0	0.0	7.0
0.2940611391979699	0.7289921511139085	0.031456716399365266	9.0	0.0	0.0	7.0
0.17636879573524936	0.5574105802589933	0.03211452749545459	23.0	0.0	0.0	7.0
0.3149782043893184	0.4898286362017491	0.03349095365681913	68.0	0.0	0.0	7.0
0.7389013401773465	0.5537274142601102	0.03206713635017858	28.0	0.0	0.0	7.0
0.5260913340187474	0.8357282571071	0.030667191729212766	12.0	0.0	0.0	7.0
0.5505943884422253	0.34597559442589065	0.03384295661827627	15.0	0.0	0.0	7.0
0.8626981671200613	0.5962377853927395	0.03221778610756377	64.0	0.0	0.0	7.0
0.9012775821055962	0.9443492059814119	0.032528912871698235	6.0	0.0	0.0	7.0
0.7752954420897874	0.4769112317385707	0.03249021173067057	17.0	0.0	0.0	7.0
0.41664059351172666	0.6738693117007319	0.03229938805891148	60.0	0.0	0.0	7.0
0.7620760869388199	0.8276598974259549	0.032643115095762655	39.0	0.0	0.0	7.0
0.8399025429488349	0.0635881175221875	0.032318476523135534	8.0	0.0	0.0	7.0
0.8295631884047936	0.7451506854020259	0.035692554572928276	45.0	0.0	0.002125895818750223	7.0
0.6148104643587374	0.8005102357189073	0.03152918623255875	57.0	0.0	0.0	7.0
0.05798110511892177	0.2484436594105076	0.0311939567364574	30.0	0.0	0.0	7.0
0.7328773198698637	0.6852989693404992	0.0351013497591473	40.0	0.0	6.662667445311854e-06	7.0
0.5072611033636517	0.6175132421176991	0.033234045843963375	18.0	0.0	0.0	7.0
0.8106654958742447	0.8925110490683481	0.030182994311813507	22.0	0.0	0.0	7.0
0.31912618028140294	0.9139706490954332	0.03437305785033845	26.0	0.0	0.0	7.0
0.40827619270499743	0.2755504946431844	0.035584389400789375	11.0	0.0	0.0012772825097329132	7.0
0.2959461286207206	0.8132982765685198	0.03176730156587418	19.0	0.0	0.0	7.0
0.34038662886735765	0.6530976636565067	0.03514537563597025	62.0	0.0	1.966322989233049e-05	7.0
0.7760402201801798	0.6306178367907339	0.03404186775670869	21.0	0.0	0.0	7.0
0.9233249406771592	0.4901549926806829	0.03307127916538746	10.0	0.0	0.0	7.0
0.45229978141186267	0.896334033228988	0.02870285848941596	4.0	0.0	0.0	7.0
0.1526652467850294	0.7194903103602756	0.03306279159711967	37.0	0.0	0.0	7.0
0.2533316728805143	0.8882586598164902	0.031557994054318105	38.0	0.0	0.0	7.0
0.48062767456970423	0.23175632904779978	0.03256096754703076	48.0	0.0	0.0	7.0
0.7210557576668564	0.9901421001241573	0.03229615690250217	69.0	0.0	0.0	7.0
0.20287895146872195	0.24660082738991207	0.030840898398064795	36.0	0.0	0.0	7.0
0.3859672076694742	0.8303266029386025	0.03273446544878741	58.0	0.0	0.0	7.0
0.6228530328183792	0.6350886029041171	0.031913043949599075	43.0	0.0	0.0	7.0
0.7843330332922367	0.306131853484369	0.033759859517547085	35.0	0.0	0.0	7.0
0.2632854364577965	0.2940177959774788	0.03057757904284016	1.0	0.0	0.0	7.0
0.09772501478732348	0.37509588422534496	0.03383151443884864	24.0	0.0	0.0	7.0
0.8463772104642061	0.38874865670085323	0.034868402087329546	27.0	0.0	0.0	7.0
0.9269419420187133	0.8211445584567579	0.03290781587929268	61.0	0.0	0.0	7.0
0.3408264602125129	0.35425419558566396	0.03177830911775095	16.0	0.0	0.0	7.0
0.4509018036072144	0.3787575150300601	0.06833667334669338	-2.0	-1.0	237.10829779526438	7.0
0.09685526571630478	0.5944301083009286	0.032064492843226336	25.0	0.0	0.0	7.0
0.22544078773935095	0.7502730340565504	0.03123646221495752	52.0	0.0	0.0	7.0
0.456397590579355	0.42484108309673346	0.032672011194676075	44.0	0.0	0.0	7.0
0.053540663042456305	0.43830412390955514	0.03423171865729114	56.0	0.0	0.0	7.0
0.9196379094845946	0.18702670426289408	0.032433421040663005	54.0	0.0	0.0	7.0
0.47355355407205324	0.34690757680995843	0.034382259906778054	7.0	0.0	0.0	7.0
0.8470733856131195	0.4725712524534379	0.03377539072115146	32.0	0.0	0.0	7.0
0.5283747484170866	0.27702840208363094	0.030820790212661504	42.0	0.0	0.0	7.0
0.03397418164736926	0.3341819522130449	0.03186475046196817	67.0	0.0	0.0	7.0
0.5804655896921731	0.7359722908527208	0.032286541230523574	13.0	0.0	0.0	7.0
0.6652860599245229	0.3163205821626334	0.03279736802585707	51.0	0.0	0.0	7.0
0.4301177725714012	0.0725116099931971	0.03407202018707699	50.0	0.0	0.0	7.0
0.6291360129595853	0.2489410774917654	0.032028597078151005	55.0	0.0	0.0	7.0
0.5310572344702453	0.9080005365452598	0.0323217679388265	14.0	0.0	0.0	7.0
0.48593379122936425	0.9729009307709463	0.031247404671746533	41.0	0.0	0.0	7.0
0.1673825846294291	0.46265641837405136	0.032233509241169765	33.0	0.0	0.0	7.0
0.6641260046998498	0.46733679465023736	0.033622404647558043	29.0	0.0	0.0	7.0
0.9807691424540931	0.30398679022642855	0.032229031286542004	65.0	0.0	0.0	7.0
0.3382778352876409	0.2722884621071848	0.03207537199392741	63.0	0.0	0.0	7.0
0.65450782550881	0.7349141135916539	0.035095960958665795	34.0	0.0	5.655404947901843e-06	7.0
0.8146366125393897	0.5545372465252547	0.029916077835596706	20.0	0.0	0.0	7.0
0.9060853741352873	0.2659285471545929	0.03588952945613916	5.0	0.0	0.004504649201209077	7.0
0.4435841438865174	0.582276121135774	0.03212730437035122	70.0	0.0	0.0	7.0
0.15249796247646674	0.04903647157189469	0.03466846261904223	53.0	0.0	0.0	7.0
0.739924476540341	0.1372818761063144	0.031084837052375764	66.0	0.0	0.0	7.0
0.3995769426871423	0.4661698206739952	0.032553989270799034	31.0	0.0	0.0	7.0
0.3805187144130723	0.753754607882503	0.030898096119078036	59.0	0.0	0.0	7.0
0.805698589633266	0.9772465529144303	0.035321326951425286	46.0	0.0	0.00021233492596195447	7.0
0.6989939118865555	0.901328540756092	0.0323368766873342	3.0	0.0	0.0	7.0
0.2372686168471322	0.3899848056574245	0.03582379979777006	2.0	0.0	0.003578038563489372	7.0
0.5036264835868337	0.7572787556396112	0.03130371867669095	47.0	0.0	0.0	7.0
0.5478168381368044	0.3436565177969024	0.03387679957489454	15.0	0.0	0.0	8.0
0.39326882691462955	0.8329870675478267	0.03276719991423619	58.0	0.0	0.0	8.0
0.6301537691577055	0.25150597308316713	0.03206062567522915	55.0	0.0	0.0	8.0
0.6648115699884355	0.4690645201994005	0.0336560270522056	29.0	0.0	0.0	8.0
0.4188502468679139	0.6766021081128019	0.03233168744697039	60.0	0.0	0.0	8.0
0.45281942291159466	0.8947716413301219	0.028731561347905374	4.0	0.0	0.0	8.0
0.34131603456202053	0.6536368600345884	0.035180521011606215	62.0	0.0	3.764984994347742e-05	8.0
0.4842150326489401	0.9722376410561397	0.03127865207641828	41.0	0.0	0.0	8.0
0.044321141284878574	0.44064532670421735	0.03426595037594843	56.0	0.0	0.0	8.0
0.43074312266821946	0.07328501388303678	0.03410609220726406	50.0	0.0	0.0	8.0
0.22450878971112864	0.7480477980251342	0.031267698677172474	52.0	0.0	0.0	8.0
0.25591727531935576	0.8784653355699311	0.03158955204837242	38.0	0.0	0.0	8.0
0.8442399514618817	0.06807837815482783	0.032350794999658664	8.0	0.0	0.0	8.0
0.7231277437258663	0.990752422807547	0.03232845305940467	69.0	0.0	0.0	8.0
0.47235818294173065	0.3439495252171057	0.03441664216668483	7.0	0.0	0.0	8.0
0.5065626714304393	0.6184229621152141	0.033267279889807336	18.0	0.0	0.0	8.0
0.3397440833795374	0.35395746812658374	0.0318100874268687	16.0	0.0	0.0	8.0
0.5279248051504911	0.27808398515673394	0.03085161100287416	42.0	0.0	0.0	8.0
0.8491668397636774	0.4777103410490424	0.03380916611187261	32.0	0.0	0.0	8.0
0.6281926440044646	0.6331810215147503	0.03194495699354867	43.0	0.0	0.0	8.0
0.9335490474295488	0.8224723120835257	0.03294072369517197	61.0	0.0	0.0	8.0
0.25795778338075	0.2922644594249164	0.030608156621882997	1.0	0.0	0.0	8.0
0.09859973279385807	0.37400003385211095	0.03386534595328748	24.0	0.0	0.0	8.0
0.7614542377216924	0.48033114979094566	0.032522701942401235	17.0	0.0	0.0	8.0
0.4494807068918399	0.42776371597752794	0.03270468320587075	44.0	0.0	0.0	8.0
0.3397000069517392	0.2743477666733158	0.03210744736592133	63.0	0.0	0.0	8.0
0.3957014668941261	0.47121769672481656	0.03258654326006983	31.0	0.0	0.0	8.0
0.9815536098701436	0.3018954408056397	0.03226126031782854	65.0	0.0	0.0	8.0
0.902044717444491	0.9459757287773491	0.032561441784569926	6.0	0.0	0.0	8.0
0.23557692014964637	0.3927978096773157	0.03585962359756783	2.0	0.0	0.004065415704076258	8.0
0.6996657060112432	0.9057407166240297	0.032369213564021525	3.0	0.0	0.0	8.0
0.8342100629023038	0.7417431436505028	0.0357282471275012	45.0	0.0	0.0024718170000710415	8.0
0.17601946443415215	0.5531519142740294	0.03214664202295004	23.0	0.0	0.0	8.0
0.6172344689378757	0.7975951903807614	0.07094188376753506	-2.0	-1.0	297.15461543365353	8.0
0.14383294030005644	0.04039868307673671	0.034703131081661266	53.0	0.0	0.0	8.0
0.33117414261549616	0.9096665026084758	0.034407430908188784	26.0	0.0	0.0	8.0
0.8608509375910419	0.5995898805723581	0.03225000389367133	64.0	0.0	0.0	8.0
0.7760206926535039	0.6321685981252532	0.0340759096244654	21.0	0.0	0.0	8.0
0.804492064049135	0.9859017075005518	0.03535664827837671	46.0	0.0	0.0002903356527355072	8.0
0.9239257143825972	0.4949009940411974	0.033104350444552844	10.0	0.0	0.0	8.0
0.4112339818176757	0.27332374853620295	0.03561997379019016	11.0	0.0	0.0015251057672003299	8.0
0.5271838313496153	0.8362905555628395	0.030697858920941977	12.0	0.0	0.0	8.0
0.17312648002608252	0.4584444338689899	0.032265742750410935	33.0	0.0	0.0	8.0
0.7834840228834213	0.30981343377205967	0.033793619377064626	35.0	0.0	0.0	8.0
0.2919149835670046	0.729339690849838	0.03148817311576463	9.0	0.0	0.0	8.0
0.44182708986826685	0.5817705643249923	0.032159431674721566	70.0	0.0	0.0	8.0
0.6164538284880656	0.804111428112261	0.0315607154187913	57.0	0.0	0.0	8.0
0.03977629332375351	0.33168718478854836	0.03189661521243013	67.0	0.0	0.0	8.0
0.5060120523845573	0.7523021911905264	0.03133502239536764	47.0	0.0	0.0	8.0
0.6574278218986587	0.743169563065829	0.035131056919624454	34.0	0.0	1.4406545062684017e-05	8.0
0.8134825380987879	0.5552663871454925	0.0299459939134323	20.0	0.0	0.0	8.0
0.1990414035258088	0.25173178077682334	0.030871739296462856	36.0	0.0	0.0	8.0
0.84415619982144	0.3896543275931615	0.034903270489416875	27.0	0.0	0.0	8.0
0.2970124817754573	0.8126151270047612	0.03179906886744005	19.0	0.0	0.0	8.0
0.09443220483728376	0.5940533670022664	0.03209655733606956	25.0	0.0	0.0	8.0
0.3158184355979997	0.48896968328839696	0.03352444461047595	68.0	0.0	0.0	8.0
0.3769646871102318	0.7430688110991993	0.03092899421519711	59.0	0.0	0.0	8.0
0.5299528543613019	0.9038175452485859	0.03235408970676532	14.0	0.0	0.0	8.0
0.04830407013707399	0.2506432244709636	0.031225150693193853	30.0	0.0	0.0	8.0
0.9184172784666216	0.19264172245578187	0.032465854461703664	54.0	0.0	0.0	8.0
0.4159986048261794	0.17977969923535836	0.033068450704026885	49.0	0.0	0.0	8.0
0.5798784290828585	0.736921372910392	0.03231882777175409	13.0	0.0	0.0	8.0
0.7483934762341641	0.5640626517696787	0.032099203486528755	28.0	0.0	0.0	8.0
0.7309340375928843	0.689557388536285	0.03513645110890644	40.0	0.0	1.6259649598282522e-05	8.0
0.14983113090273198	0.7218264919609957	0.03309585438871678	37.0	0.0	0.0	8.0
0.6611167835861663	0.31309873493945517	0.03283016539388292	51.0	0.0	0.0	8.0
0.7609469325370282	0.8285906673194215	0.03267575821085841	39.0	0.0	0.0	8.0
0.9122917360407522	0.27568375546045115	0.035925418985595294	5.0	0.0	0.005072186213581631	8.0
0.7404896690575296	0.13833877671130232	0.031115921889428137	66.0	0.0	0.0	8.0
0.47915652381003143	0.22733306025554764	0.03259352851457779	48.0	0.0	0.0	8.0
0.8127565271574531	0.89138436157184	0.030213177306125317	22.0	0.0	0.0	8.0
0.8475048025830862	0.4687085309023479	0.03384297527798448	32.0	0.0	0.0	9.0
0.3386897685387551	0.2740011384780246	0.03213955481328725	63.0	0.0	0.0	9.0
0.42274936026862325	0.6763932511453307	0.03236401913441735	60.0	0.0	0.0	9.0
0.8429996365738707	0.06791740407085253	0.03238314579465832	8.0	0.0	0.0	9.0
0.531240979728674	0.83571196508134	0.030728556779862914	12.0	0.0	0.0	9.0
0.43138944774117727	0.5769406884069948	0.032191591106396286	70.0	0.0	0.0	9.0
0.5810517157953091	0.7368436988442609	0.03235114659952584	13.0	0.0	0.0	9.0
0.04930985935416071	0.2518249893045836	0.031256375843887046	30.0	0.0	0.0	9.0
0.7365626826497226	0.13736783494188268	0.03114703781131756	66.0	0.0	0.0	9.0
0.2002802484061233	0.2520298198663084	0.030902611035759316	36.0	0.0	0.0	9.0
0.7628040943901312	0.4743047147961592	0.032555224644343635	17.0	0.0	0.0	9.0
0.9320623102981551	0.8218769477642727	0.032973664418867135	61.0	0.0	0.0	9.0
0.9131331777224259	0.2766980201244268	0.03596134440458088	5.0	0.0	0.0056861325926149675	9.0
0.4573817424416527	0.4204707056412076	0.03273738788907662	44.0	0.0	0.0	9.0
0.7243281813808742	0.9885412150383991	0.03236078151246407	69.0	0.0	0.0	9.0
0.7750985213288001	0.6301136373562904	0.03410998553408986	21.0	0.0	0.0	9.0
0.9120684036239304	0.19132422390750883	0.03249832031616536	54.0	0.0	0.0	9.0
0.5487986482638069	0.3446988786883099	0.03391067637446943	15.0	0.0	0.0	9.0
0.22351115886159914	0.75213794377842	0.03129896637584964	52.0	0.0	0.0	9.0
0.3173936192378846	0.4908204653414213	0.03355796905508642	68.0	0.0	0.0	9.0
0.3434293263650011	0.6529413733520264	0.03521570153261782	62.0	0.0	6.4230258018938e-05	9.0
0.33842608032959864	0.9034549749286914	0.03444183833909697	26.0	0.0	0.0	9.0
0.47316948432647576	0.3448555251939922	0.03445105880885151	7.0	0.0	0.0	9.0
0.8206566564253027	0.9034632936843546	0.03024339048343144	22.0	0.0	0.0	9.0
0.42013112161246186	0.07857897512330746	0.03414019829947132	50.0	0.0	0.0	9.0
0.48035551016051325	0.22552482051095812	0.03262612204309236	48.0	0.0	0.0	9.0
0.6172203928876593	0.8034029351372187	0.03159227613421009	57.0	0.0	0.0	9.0
0.6617983389474638	0.3138794044768391	0.0328629955592768	51.0	0.0	0.0	9.0
0.23613746128652416	0.39914093706163967	0.03589548322116539	2.0	0.0	0.004595707000120797	9.0
0.8411054767182308	0.3911285519158643	0.03493817375990629	27.0	0.0	0.0	9.0
0.6633221080648317	0.46879436108272504	0.0336896830792578	29.0	0.0	0.0	9.0
0.7789077567302926	0.30734765437563055	0.03382741299644169	35.0	0.0	0.0	9.0
0.45166628920068597	0.8951271466812734	0.028760292909253277	4.0	0.0	0.0	9.0
0.48003925179001766	0.9781242555988171	0.031309930728494695	41.0	0.0	0.0	9.0
0.658809440810398	0.7437533468971902	0.035166187976544076	34.0	0.0	2.9375060790926e-05	9.0
0.6976440532874152	0.9003510953771715	0.03240158277758554	3.0	0.0	0.0	9.0
0.17943694114104722	0.555560030474561	0.032178788664972986	23.0	0.0	0.0	9.0
0.835417913933073	0.7424236993335054	0.0357639753746287	45.0	0.0	0.0028537639948638116	9.0
0.1659994232689957	0.44928132858027486	0.03229800849316134	33.0	0.0	0.0	9.0
0.40980715821426605	0.18724280173446972	0.033101519154730905	49.0	0.0	0.0	9.0
0.2962489186096505	0.8133859352695244	0.03183086793630749	19.0	0.0	0.0	9.0
0.8685357323087228	0.606591817724141	0.032282253897565	64.0	0.0	0.0	9.0
0.09631378652778597	0.37648902025649333	0.03389921129924076	24.0	0.0	0.0	9.0
0.045252844531309594	0.4409981591186833	0.03430021632632437	56.0	0.0	0.0	9.0
0.2906650012431084	0.7278135239980238	0.03151966128888039	9.0	0.0	0.0	9.0
0.9804086281415032	0.29646390206619755	0.03229352157814636	65.0	0.0	0.0	9.0
0.03900855902994813	0.3289208909367205	0.03192851182764256	67.0	0.0	0.0	9.0
0.39363846288488746	0.47893025425865077	0.03261912980332989	31.0	0.0	0.0	9.0
0.5063248585230042	0.6134992981681389	0.03330054716969714	18.0	0.0	0.0	9.0
0.7355121295108112	0.5656488841989377	0.03213130269001528	28.0	0.0	0.0	9.0
0.8981044193402586	0.9467675649556945	0.032594003226354494	6.0	0.0	0.0	9.0
0.37267903401554975	0.7366054445611124	0.030959923209412304	59.0	0.0	0.0	9.0
0.14948118832362597	0.7235399184064096	0.0331289502431055	37.0	0.0	0.0	9.0
0.923582967476268	0.4982920254624448	0.03313745479499739	10.0	0.0	0.0	9.0
0.09197798258425663	0.5962931838227653	0.03212865389340563	25.0	0.0	0.0	9.0
0.14449350805593028	0.04159738954796316	0.03473783421274292	53.0	0.0	0.0	9.0
0.5329182831739687	0.2676670291533532	0.030882462613877032	42.0	0.0	0.0	9.0
0.2571256351603086	0.8792287735362406	0.03162114160042079	38.0	0.0	0.0	9.0
0.6315117646887989	0.2505101582676257	0.03209268630090438	55.0	0.0	0.0	9.0
0.8160124328754982	0.5502083091961256	0.02997593990734573	20.0	0.0	0.0	9.0
0.33501356074074934	0.35478476451634294	0.031841897514295565	16.0	0.0	0.0	9.0
0.2547891500280082	0.2962858040747374	0.030638764778504878	1.0	0.0	0.0	9.0
0.7620851964675859	0.8259661899375925	0.03270843396906927	39.0	0.0	0.0	9.0
0.5076717356466087	0.7554057712812113	0.031366357417763	47.0	0.0	0.0	9.0
0.7295261719991455	0.6904468736129105	0.035171587560015344	40.0	0.0	3.233235732125195e-05	9.0
0.8099860532497191	0.9876715290440828	0.035392004926655084	46.0	0.0	0.00038552677872871755	9.0
0.41440671456819356	0.26944999811514686	0.03565559376398035	11.0	0.0	0.0018033682352438518	9.0
0.626862538693849	0.6335910863242739	0.031976901950542216	43.0	0.0	0.0	9.0
0.39145011706773625	0.8397040542803617	0.032799967114150425	58.0	0.0	0.0	9.0
0.5290692622739267	0.9015492094756935	0.032386443796472084	14.0	0.0	0.0	9.0
0.164810882351788	0.4479707532494171	0.0323303065016545	33.0	0.0	0.0	10.0
0.7377282179587784	0.6936716162303923	0.03520675914757535	40.0	0.0	5.656843617884988e-05	10.0
0.6572358684997179	0.32581367917142856	0.03289585855483607	51.0	0.0	0.0	10.0
0.3421948512856818	0.2770418240709523	0.03217169436810054	63.0	0.0	0.0	10.0
0.03921357101467643	0.3302673584011041	0.031960440339470195	67.0	0.0	0.0	10.0
0.17731886997710616	0.5562719001054937	0.032210967453637954	23.0	0.0	0.0	10.0
0.7665628743590912	0.47182938610876946	0.032587779868987976	17.0	0.0	0.0	10.0
0.7753321432473478	0.6311266966087653	0.03414409551962395	21.0	0.0	0.0	10.0
0.7655751471903387	0.8306323920925729	0.03274114240303834	39.0	0.0	0.0	10.0
0.09350175608077903	0.3759789732055491	0.03393311051054	24.0	0.0	0.0	10.0
0.29735761667579536	0.7315844339453915	0.03155118095016927	9.0	0.0	0.0	10.0
0.828537059558301	0.7417938038925032	0.03579973935000332	45.0	0.0	0.0032735981762641586	10.0
0.7362804805561978	0.14857147353794278	0.031178184849128876	66.0	0.0	0.0	10.0
0.8481446119152279	0.46706602819474835	0.03387681825326246	32.0	0.0	0.0	10.0
0.9109712759668855	0.2758005371834001	0.03599730574898546	5.0	0.0	0.006348409627932483	10.0
0.5054679303914592	0.6124530311259981	0.03333384771686683	18.0	0.0	0.0	10.0
0.7187324805996567	0.9867774352824304	0.03239314229397653	69.0	0.0	0.0	10.0
0.20786594577252393	0.25355422981037906	0.03093351364679507	36.0	0.0	0.0	10.0
0.08255275012507753	0.5927915733053992	0.03216078254729903	25.0	0.0	0.0	10.0
0.5484951319105404	0.3430549945319097	0.0339445870508439	15.0	0.0	0.0	10.0
0.8440756533288221	0.06803643742493597	0.03241552894045298	8.0	0.0	0.0	10.0
0.7401228973715342	0.5721487016124515	0.03216343399270529	28.0	0.0	0.0	10.0
0.5283031003826514	0.9005112598077364	0.03241883024026855	14.0	0.0	0.0	10.0
0.45916745778673695	0.42179753459126706	0.03277012527696569	44.0	0.0	0.0	10.0
0.1514223524956078	0.722676144512388	0.0331620791933486	37.0	0.0	0.0	10.0
0.2584617226927144	0.8790894789290984	0.0316527627420212	38.0	0.0	0.0	10.0
0.8086779266847394	0.998005487406312	0.035427396931581735	46.0	0.0	0.0004996595283586203	10.0
0.5088703620989351	0.7454333053256627	0.03139772377518076	47.0	0.0	0.0	10.0
0.4084784461136098	0.18673003567160193	0.03313462067388563	49.0	0.0	0.0	10.0
0.3378116903861606	0.902685264640578	0.034476280177436064	26.0	0.0	0.0	10.0
0.3303065762576677	0.34684509502881394	0.031873739411809855	16.0	0.0	0.0	10.0
0.1424366177060183	0.04016730131823718	0.03477257204695566	53.0	0.0	0.0	10.0
0.9011589139838272	0.9463711378209333	0.03262659722958085	6.0	0.0	0.0	10.0
0.8979067630516104	0.19435612391440002	0.03253081863648152	54.0	0.0	0.0	10.0
0.9298878524116111	0.8221730915226503	0.033006638083286	61.0	0.0	0.0	10.0
0.3183257177671811	0.4886713403080241	0.033591527024141504	68.0	0.0	0.0	10.0
0.5841399571271422	0.7395227713806859	0.03238349774612537	13.0	0.0	0.0	10.0
0.04178013520956436	0.44477931811462407	0.03433451654265069	56.0	0.0	0.0	10.0
0.4209661881532094	0.0779666228627887	0.03417433849777079	50.0	0.0	0.0	10.0
0.22457265663694587	0.7517886036800571	0.03133026534222549	52.0	0.0	0.0	10.0
0.9841591769778705	0.3012237615444069	0.03232581509972451	65.0	0.0	0.0	10.0
0.5330998781666697	0.8278767979285088	0.030759285336642773	12.0	0.0	0.0	10.0
0.6293939052290591	0.2503967146052251	0.03212477898720528	55.0	0.0	0.0	10.0
0.6582181135021749	0.742930773981478	0.03520135416452062	34.0	0.0	5.224705589057521e-05	10.0
0.8135650737019966	0.9058467274716191	0.03027363387391487	22.0	0.0	0.0	10.0
0.6910115310964051	0.8969900450850393	0.03243398436036313	3.0	0.0	0.0	10.0
0.4743699425804437	0.34385321943001756	0.03448550986766036	7.0	0.0	0.0	10.0
0.39772524054172465	0.8399214284399006	0.03283276708126457	58.0	0.0	0.0	10.0
0.8383267490888694	0.385514284314134	0.03497311193366619	27.0	0.0	0.0	10.0
0.6129238145153666	0.8044365982909578	0.0316238684103443	57.0	0.0	0.0	10.0
0.43228155938288665	0.573380664947875	0.03222378269750268	70.0	0.0	0.0	10.0
0.41156670234401554	0.27161622466977664	0.03569124935774433	11.0	0.0	0.0021138988202835662	10.0
0.2572200675696805	0.2988023881838276	0.030669403543283378	1.0	0.0	0.0	10.0
0.5339055053414331	0.2699830878361569	0.030913345076490906	42.0	0.0	0.0	10.0
0.23636684829492277	0.40034096290881965	0.03593137870438655	2.0	0.0	0.005170813633256444	10.0
0.49084462720450844	0.9808681696306906	0.03134124065922319	41.0	0.0	0.0	10.0
0.34285981716900604	0.6515320724733086	0.035250917234150435	62.0	0.0	0.0001011047242513996	10.0
0.38968633445601386	0.4928303229388032	0.03265174893313322	31.0	0.0	0.0	10.0
0.6283835453291438	0.6338570872282462	0.032008878852492754	43.0	0.0	0.0	10.0
0.050540526614248536	0.25276368389048004	0.03128763221973093	30.0	0.0	0.0	10.0
0.36883836523114566	0.726366420895676	0.030990883132621713	59.0	0.0	0.0	10.0
0.9252160612641118	0.49649125243028575	0.03317059224979239	10.0	0.0	0.0	10.0
0.8122805554607269	0.5500555059504331	0.03000591584725307	20.0	0.0	0.0	10.0
0.4227935667889995	0.6775629636073125	0.03239638315355177	60.0	0.0	0.0	10.0
0.4835760173491867	0.23058683896147109	0.032658748165135455	48.0	0.0	0.0	10.0
0.661979130946856	0.4684979851716496	0.033723372762337056	29.0	0.0	0.0	10.0
0.779837389609805	0.3093848090113959	0.03386124040943812	35.0	0.0	0.0	10.0
0.44833380787700383	0.8942585277424365	0.028789053202162528	4.0	0.0	0.0	10.0
0.8629676574914198	0.607857426750575	0.03231453615146256	64.0	0.0	0.0	10.0
0.2942178970984747	0.8168615283065738	0.03186269880424379	19.0	0.0	0.0	10.0
0.30260521042084165	0.6492985971943888	0.09458917835671342	-2.0	-1.0	1354.1979923992708	11.0
0.09904536466672151	0.3705902370851022	0.03396704362105054	24.0	0.0	0.0	11.0
0.4138520835826351	0.08097258868131184	0.03420851283626856	50.0	0.0	0.0	11.0
0.7211407916642051	0.9846071512617889	0.032425535436270504	69.0	0.0	0.0	11.0
0.6115435521374749	0.8001052320696205	0.03165549227875464	57.0	0.0	0.0	11.0
0.47369194259705955	0.22836858304810054	0.03269140691330059	48.0	0.0	0.0	11.0
0.505780123803291	0.613666406746321	0.033367181564583695	18.0	0.0	0.0	11.0
0.43486862267423737	0.5775623748802677	0.03225600648020018	70.0	0.0	0.0	11.0
0.29383745006224593	0.8228964347986414	0.03189456150304803	19.0	0.0	0.0	11.0
0.234081875183649	0.40631787762903776	0.03596731008309093	2.0	0.0	0.005792647730103795	11.0
0.22504787035363633	0.7506539846648003	0.03136159560756771	52.0	0.0	0.0	11.0
0.6567053149126901	0.3266958995926748	0.0329287544133909	51.0	0.0	0.0	11.0
0.34374288493693567	0.6496898939269574	0.03528616815138458	62.0	0.0	0.00014998363262463954	11.0
0.5337402888815507	0.8266608935802915	0.03079004462197941	12.0	0.0	0.0	11.0
0.7352959697815602	0.699377757862167	0.035241965906722926	40.0	0.0	9.066559313453126e-05	11.0
0.6939866711191659	0.8978664001330164	0.03246641834472349	3.0	0.0	0.0	11.0
0.8125581061198861	0.5555614969674333	0.03003592176310032	20.0	0.0	0.0	11.0
0.30669521457849397	0.48819512460242914	0.03362511855116564	68.0	0.0	0.0	11.0
0.410495075891232	0.27166686271675494	0.03572694060710207	11.0	0.0	0.0024585370757534974	11.0
0.39727469022530254	0.8450198910898166	0.03286559984834583	58.0	0.0	0.0	11.0
0.6292082855511711	0.6329243293480059	0.032040887731345245	43.0	0.0	0.0	11.0
0.3336676934239166	0.9061011904032136	0.0345107564576135	26.0	0.0	0.0	11.0
0.8113144892373264	0.9067315744565279	0.03030390750778878	22.0	0.0	0.0	11.0
0.45031835983457263	0.8996522655815542	0.028817842255364687	4.0	0.0	0.0	11.0
0.8452660478645979	0.06812277460788559	0.032447944469393426	8.0	0.0	0.0	11.0
0.8469780008840441	0.38042217882983115	0.03500808504559985	27.0	0.0	3.3824250067482353e-09	11.0
0.8276919353000434	0.7388910073583066	0.03583553908935332	45.0	0.0	0.0037331916984015834	11.0
0.15218736873592228	0.7240643895632614	0.03319524127254194	37.0	0.0	0.0	11.0
0.9023682289647926	0.9452534350302981	0.03265922382681043	6.0	0.0	0.0	11.0
0.43130106600081103	0.6818070614774807	0.03242877953670532	60.0	0.0	0.0	11.0
0.0396395657513879	0.4465438045332957	0.03436885105919334	56.0	0.0	0.0	11.0
0.6628262590103244	0.46949332906475605	0.03375709613509939	29.0	0.0	0.0	11.0
0.04858752866995848	0.2544152898020994	0.031318919851950656	30.0	0.0	0.0	11.0
0.21022948183609583	0.25112357913532624	0.030964447160441864	36.0	0.0	0.0	11.0
0.039301831413587375	0.32871136080485835	0.03199240077980966	67.0	0.0	0.0	11.0
0.6560275570671354	0.7439893333680677	0.03523655551868513	34.0	0.0	8.471868906667623e-05	11.0
0.29699975327055284	0.732520514568865	0.03158273213111944	9.0	0.0	0.0	11.0
0.7627092304792619	0.4757195954392417	0.03262036764885696	17.0	0.0	0.0	11.0
0.7652829693240011	0.8316129091422866	0.032773883545441376	39.0	0.0	0.0	11.0
0.34112103361711255	0.2777984869382899	0.03220386606246863	63.0	0.0	0.0	11.0
0.16343757843773554	0.4445723912450265	0.032362636808156146	33.0	0.0	0.0	11.0
0.92483368708131	0.49745489171594753	0.03320376284204218	10.0	0.0	0.0	11.0
0.7761518080190327	0.6417067005363505	0.03417823961514357	21.0	0.0	0.0	11.0
0.8112536692981904	0.9921675987190569	0.03546282432851331	46.0	0.0	0.0006344954515071777	11.0
0.8501585906284991	0.46779985433803073	0.03391069507151572	32.0	0.0	0.0	11.0
0.8988170719829427	0.19554181746500904	0.032563349455118004	54.0	0.0	0.0	11.0
0.40690800894892337	0.18551646568784425	0.033167755294559516	49.0	0.0	0.0	11.0
0.5468472809216426	0.26673895457661906	0.030944258421567394	42.0	0.0	0.0	11.0
0.8633967282741783	0.6062322622484244	0.032346850687614025	64.0	0.0	0.0	11.0
0.7408623107360244	0.5638953641104099	0.032195597426697996	28.0	0.0	0.0	11.0
0.4894196705168413	0.9789877465570673	0.03137258189988241	41.0	0.0	0.0	11.0
0.1691667854283122	0.5633438946430207	0.03224317842109159	23.0	0.0	0.0	11.0
0.5265514624354279	0.898199736628751	0.032451249070508816	14.0	0.0	0.0	11.0
0.6217544718343327	0.24218314013566963	0.032156903766192485	55.0	0.0	0.0	11.0
0.4693248978910707	0.3501076915206254	0.034519995377528014	7.0	0.0	0.0	11.0
0.36982513802083905	0.7143367639449354	0.03102187401575433	59.0	0.0	0.0	11.0
0.5507302676140114	0.34593449967549283	0.033978531637894736	15.0	0.0	0.0	11.0
0.91884261566396	0.8249779158748519	0.033039644721369284	61.0	0.0	0.0	11.0
0.7428524434027014	0.14534445951269007	0.031209363033978	66.0	0.0	0.0	11.0
0.5096474174796006	0.746394331248718	0.031429121498955936	47.0	0.0	0.0	11.0
0.3910713045795487	0.4925970891298163	0.03268440068206635	31.0	0.0	0.0	11.0
0.9854318179483346	0.2998895638570493	0.03235814091482423	65.0	0.0	0.0	11.0
0.7828028160214466	0.30797476309190214	0.033895101649847555	35.0	0.0	0.0	11.0
0.08601247862893215	0.591936160384039	0.032192943329846326	25.0	0.0	0.0	11.0
0.26441733086459696	0.3050198804240297	0.030700072946826657	1.0	0.0	0.0	11.0
0.9118106943879302	0.275081547175102	0.03603330305473444	5.0	0.0	0.007060949636908731	11.0
0.14195555576871044	0.039281184585078364	0.03480734461900262	53.0	0.0	0.0	11.0
0.25012275566911096	0.8772491877461975	0.03168441550476322	38.0	0.0	0.0	11.0
0.45636735909736637	0.42143412419773013	0.032802895402242654	44.0	0.0	0.0	11.0
0.34297481122758156	0.3421386620576129	0.03190561315122166	16.0	0.0	0.0	11.0
0.583767038111521	0.7407190006494279	0.032415881243871486	13.0	0.0	0.0	11.0
