# x	y	r	id	split_id	s_prob	t
2.0	0.5	0.0	-1.0	0.0	0.0	0.0
0.5222256605514012	0.3641822954283137	0.10409619585765574	1.0	0.0	2111.263243706665	0.0
0.5946699276794343	0.1518810434131115	0.10712670764205995	2.0	0.0	2401.42097360718	0.0
0.08538669925328042	0.13902870110002422	0.08538669925328042	3.0	0.0	818.705489101163	0.0
0.3507300638979507	0.16023422261675443	0.12561630258368692	4.0	0.0	4762.10522028331	0.0
0.9476775110429458	0.5093818817722261	0.10695125160530003	5.0	0.0	2383.9384201822286	0.0
0.5843130072808855	0.6379444186106339	0.11945865403594039	6.0	0.0	3855.781739040554	0.0
0.11613385802381153	0.3510207138486096	0.10813428823030255	7.0	0.0	2503.4740330145123	0.0
0.7233864694535203	0.4504932467585163	0.1082059593190588	8.0	0.0	2510.841409179095	0.0
0.4721236200251476	0.8489227440885135	0.10276923532043916	9.0	0.0	1991.9467747404128	0.0
0.846829246765835	0.271246820777437	0.10148566794936006	10.0	0.0	1880.892967955585	0.0
0.31190485892657427	0.45892127698194163	0.10831681777802168	11.0	0.0	2522.2654682548646	0.0
0.4757616086626371	0.8491121242656655	0.1028720045557596	9.0	0.0	2001.0226380713816	1.0
0.08463274582188667	0.1352147973621772	0.0854720859525337	3.0	0.0	822.8747496159662	1.0
0.9564248976197322	0.4937420960123219	0.10705820285690532	5.0	0.0	2394.5849775579477	1.0
0.5994577609148365	0.646850583373784	0.11957811268997631	6.0	0.0	3872.1657896581064	1.0
0.3565850617537527	0.170549617767252	0.1257419188862706	4.0	0.0	4781.937005452997	1.0
0.8430312044786736	0.2723898117559112	0.10158715361730941	10.0	0.0	1889.5192721098408	1.0
0.5030029834085453	0.35640797683663056	0.10420029205351339	1.0	0.0	2120.8197352647458	1.0
0.5938022823513786	0.15415115875748941	0.10723383434970199	2.0	0.0	2412.1370569532637	1.0
0.31518775245316444	0.46085169925459113	0.1084251345957997	11.0	0.0	2533.461027555889	1.0
0.11499948046606037	0.33115760008580086	0.10824242251853285	7.0	0.0	2514.5951577024407	1.0
0.7199873427744139	0.4449747945419576	0.10831416527837784	8.0	0.0	2521.991722077005	1.0
0.1138799658965232	0.32509416316085316	0.10835066494105136	7.0	0.0	2525.7603396141567	2.0
0.8252383182736074	0.2678364756093127	0.10168874077092671	10.0	0.0	1898.1805769625732	2.0
0.061849360754818936	0.13137799569367323	0.08555755803848622	3.0	0.0	827.0623312780477	2.0
0.6065262141604735	0.14956583561520326	0.10734106818405167	2.0	0.0	2422.895736418024	2.0
0.47582953760891666	0.8689302450246875	0.10297487656031534	9.0	0.0	2010.135144902593	2.0
0.3510651150621957	0.1757162152602748	0.12586766080515685	4.0	0.0	4801.84368828562	2.0
0.9517320639188648	0.48426048150333056	0.1071652610597622	5.0	0.0	2405.2738799229664	2.0
0.7119831045542487	0.4562696740448569	0.10842247944365621	8.0	0.0	2533.1861973657806	2.0
0.3084443647156956	0.46413613952662536	0.10853355973039548	11.0	0.0	2544.700912241425	2.0
0.5851143098411027	0.6495696796654723	0.11969769080266628	6.0	0.0	3888.612641193274	2.0
0.508829230052688	0.3489527919278081	0.1043044923455669	1.0	0.0	2130.414620990339	2.0
0.051942549828389986	0.1324739274506991	0.0856431155965247	3.0	0.0	831.2683047399797	3.0
0.9515612989662469	0.4571371097269233	0.10727242632082196	5.0	0.0	2416.0052802400137	3.0
0.35374917525835614	0.17011696422875489	0.1574919105824525	4.0	0.0	4821.825530323638	3.0
0.11585395890728475	0.31831397668037065	0.1084590156059924	7.0	0.0	2536.9697374845246	3.0
0.4730379210373246	0.867141820960302	0.10307785143687564	9.0	0.0	2019.2844289076113	3.0
0.5112578503416287	0.3435408697797378	0.10440879683791245	1.0	0.0	2140.048040491827	3.0
0.6125339077831713	0.1442874637898727	0.10744840925223571	2.0	0.0	2433.697165811333	3.0
0.5835377876066635	0.6620239142662935	0.11981738849346893	6.0	0.0	3905.122515083464	3.0
0.709044034350125	0.4487245656421092	0.10853090192309986	8.0	0.0	2544.424994134526	3.0
0.31255072302410203	0.45857309431221405	0.10864209329012586	11.0	0.0	2555.9852819495413	3.0
0.8270864135846084	0.2670418394084935	0.10179042951169763	10.0	0.0	1906.8770106076374	3.0
0.49908496535249675	0.3663039622096567	0.10451320563475035	1.0	0.0	2149.720133850395	4.0
0.7065447065958139	0.44843214074674637	0.10863943282502295	8.0	0.0	2555.7082720081594	4.0
0.844552386743045	0.2810735807935997	0.10189221994120931	10.0	0.0	1915.6087015743367	4.0
0.3570919497719682	0.17583729941969517	0.15119223415915437	4.0	0.0	4841.882793974135	4.0
0.4693326267686045	0.8631580555636748	0.1031809292883125	9.0	0.0	2028.4706242135585	4.0
0.9529245508627959	0.4609913121470562	0.10737969874714276	5.0	0.0	2426.779331987832	4.0
0.5938488445983475	0.1430504730201999	0.10755585766148794	2.0	0.0	2444.5414994618163	4.0
0.11733007895893122	0.3230489940326372	0.10856747462159838	7.0	0.0	2548.223510583074	4.0
0.05859738501010678	0.12413672213056737	0.08572875871212121	3.0	0.0	835.4927409018146	4.0
0.3093864259799092	0.46506893582991043	0.10875073538341598	11.0	0.0	2567.3142968558914	4.0
0.6027414892923195	0.6577859309775791	0.11993720588196238	6.0	0.0	3921.695633502417	4.0
0.3598139859512471	0.17638431557646833	0.14489255773585627	4.0	0.0	4862.015742511572	5.0
0.6056230186617634	0.6758292508014236	0.12005714308784433	6.0	0.0	3938.3322193625722	5.0
0.8484879172841648	0.27811075045732536	0.10199411216115051	10.0	0.0	1924.3757788288374	5.0
0.9523311805179623	0.46770593741849414	0.1074870784458899	5.0	0.0	2437.5961891628535	5.0
0.06054384136804403	0.12311934737766143	0.08581448747083333	3.0	0.0	839.7357109119023	5.0
0.7070512897273633	0.46011468398972377	0.10874807225784795	8.0	0.0	2567.0361911491414	5.0
0.2946956827479001	0.484603665974932	0.10885948611879938	11.0	0.0	2578.688117675449	5.0
0.4632439396054902	0.8679246694038143	0.10328411021760081	9.0	0.0	2037.693865402586	5.0
0.1172344378393443	0.3408154047923973	0.10867604209621996	7.0	0.0	2559.52181871573	5.0
0.6024922170981324	0.14280553213251065	0.10766341351914942	2.0	0.0	2455.428892218534	5.0
0.49641153805496496	0.36481973387964095	0.10461771884038508	1.0	0.0	2159.431041621553	5.0
0.48931210785449475	0.3670003495734656	0.10472233655922546	1.0	0.0	2169.1809048366836	6.0
0.8460386848352505	0.28217435264042356	0.10209610627331164	10.0	0.0	1933.178371775586	6.0
0.6006863715045405	0.6791250039568281	0.12017720023093216	6.0	0.0	3955.0324963174276	6.0
0.9556490740845532	0.47846888055812825	0.10759456552433577	5.0	0.0	2448.4560062808678	6.0
0.2953157615158707	0.4944397719925103	0.10896834560491817	11.0	0.0	2590.106905664254	6.0
0.45037909065515985	0.8690207318715683	0.1033873943278184	9.0	0.0	2046.9542875133502	6.0
0.12260820482068871	0.3383426777796079	0.10878471813831617	7.0	0.0	2570.864822226548	6.0
0.06368529378911884	0.1269060200059049	0.08590030195830414	3.0	0.0	843.9972861677116	6.0
0.3454112204056302	0.182134739044495	0.1385928813125582	4.0	0.0	4882.224640080568	6.0
0.6168028633225278	0.14185813703341313	0.10777107693266856	2.0	0.0	2466.359499452661	6.0
0.7064741168377519	0.46235793284259613	0.10885682033010578	8.0	0.0	2578.4089122592145	6.0
0.4631713662213901	0.8852555382314725	0.10349078172214621	9.0	0.0	2056.2520260424913	7.0
0.06674755004277742	0.1172964316329783	0.08598620226026243	3.0	0.0	848.2775383166538	7.0
0.854603325659479	0.27502342603708446	0.10219820237958495	10.0	0.0	1942.0166102587339	7.0
0.6231085674934743	0.15296759118308406	0.10787884800960122	2.0	0.0	2477.333477059174	7.0
0.9502848355009257	0.4623403709780277	0.1077021600898601	5.0	0.0	2459.3589383787025	7.0
0.1300317400044225	0.3250698563676883	0.10889350285645447	7.0	0.0	2582.2526819994446	7.0
0.3241705535745212	0.18287052888506106	0.13229320488926008	4.0	0.0	4902.509751698665	7.0
0.29706383406013015	0.48746398670415486	0.10907731395052307	11.0	0.0	2601.5708226211527	7.0
0.4968735218398214	0.3712607783251572	0.10482705889578467	1.0	0.0	2178.9698650045743	7.0
0.6029776812828441	0.6776570969425983	0.12029737743116307	6.0	0.0	3971.79668876392	7.0
0.7101616329711993	0.4633439265541742	0.10896567715043588	8.0	0.0	2589.8265965811393	7.0
0.1090023963593109	0.3241596106897072	0.1090023963593109	7.0	0.0	2593.685559459948	8.0
0.25384827872596	0.2123885373122532	0.07344235923640226	12.0	4.0	363.58844471564043	8.0
0.6106534990002955	0.15697983943123106	0.1079867268576108	2.0	0.0	2488.350981458543	8.0
0.7129645414765228	0.4596723297374002	0.1090746428275863	8.0	0.0	2601.2894059004416	8.0
0.5986889677298254	0.6786135670101103	0.12041767480859422	6.0	0.0	3988.625021844804	8.0
0.46032475902799136	0.8789121766994276	0.10359427250386834	9.0	0.0	2065.587216946123	8.0
0.07061819840956177	0.1180236907172628	0.08607218846252268	3.0	0.0	852.5765392569073	8.0
0.8583625956873805	0.27789081882192396	0.10230040058196452	10.0	0.0	1950.890624563561	8.0
0.5102161149539391	0.3572728136993464	0.10493188595468045	1.0	0.0	2188.7980641129707	8.0
0.9502848355009257	0.47289487381259365	0.10780986224994994	5.0	0.0	2470.305141015907	8.0
0.30511196085492986	0.48312750264347626	0.10918639126447359	11.0	0.0	2613.0800308895564	8.0
0.4249864181394961	0.18059881370064726	0.07344235923640226	13.0	4.0	363.58844471564043	8.0
0.6069643033745487	0.15900545215072182	0.1080947135844684	2.0	0.0	2499.4121695984336	9.0
0.4190274239624683	0.18392311526182176	0.07351580159563866	13.0	0.0	365.67628536701295	9.0
0.07203431663844002	0.11964574583618216	0.0861582606509852	3.0	0.0	856.8943611382458	9.0
0.5968259576103513	0.6697758612347423	0.1205380924834028	6.0	0.0	4005.5177214510413	9.0
0.8518204450187863	0.26331233149699945	0.10240270098254647	10.0	0.0	1959.8005454179156	9.0
0.2989390698450604	0.48192739011508123	0.10929557765573805	11.0	0.0	2624.6346933591917	9.0
0.2535905732189372	0.21013782041380066	0.07351580159563866	12.0	0.0	365.67628536701295	9.0
0.48141264629392233	0.8695285466266628	0.10369786677637219	9.0	0.0	2074.959996641319	9.0
0.4948057416931681	0.3677137970601302	0.10503681784063512	1.0	0.0	2198.665644630123	9.0
0.9400010084324288	0.4612641560653862	0.10791767211219988	5.0	0.0	2481.294770276442	9.0
0.7113949061612483	0.45495295012275455	0.10918371747041387	8.0	0.0	2612.797502547168	9.0
0.11273004897447504	0.3267166632111734	0.1091113987556702	7.0	0.0	2605.1636165769432	9.0
0.0723719329914797	0.10892411969920261	0.08624441891163617	3.0	0.0	861.2310763628705	10.0
0.6052200992251419	0.6668490888370955	0.12065863057588619	6.0	0.0	4022.4750142241987	10.0
0.8591726252951098	0.26808799007979484	0.10250510368352901	10.0	0.0	1968.7465039936403	10.0
0.96381886309181	0.4563215497431277	0.10802558978431206	5.0	0.0	2492.3279827703723	10.0
0.6051660240256532	0.16027260508388427	0.10820280829805286	2.0	0.0	2510.5171989554065	10.0
0.1138606440667278	0.329113813488689	0.10922051015442587	7.0	0.0	2616.6870158644233	10.0
0.5013100228843342	0.37095855856561205	0.10514185465847574	1.0	0.0	2208.572749506343	10.0
0.47542897709732274	0.8728599902977509	0.10380156464314855	9.0	0.0	2084.3705020076077	10.0
0.29845248039855116	0.4773983965476909	0.10940487323339378	11.0	0.0	2636.234973467874	10.0
0.2585392083694712	0.20621321269610798	0.07358931739723429	12.0	0.0	367.77420327164896	10.0
0.41430429105048633	0.1816039274474525	0.07358931739723429	13.0	0.0	367.77420327164896	10.0
0.7121322711817722	0.4581408162407424	0.10929290118788428	8.0	0.0	2624.351049397643	10.0
0.6253970905616867	0.15867718159673017	0.1083110111063509	2.0	0.0	2521.6662275366252	11.0
0.06317610285857289	0.11041325512346152	0.0863306633305478	3.0	0.0	865.5867575862424	11.0
0.11676434918424627	0.33344148157882475	0.10932973066458028	7.0	0.0	2628.2559203832543	11.0
0.7117699553980184	0.45455373305538294	0.10940219408907215	8.0	0.0	2635.9502098762287	11.0
0.42472433386957764	0.17777777502748968	0.07366290671463152	13.0	0.0	369.8822397736615	11.0
0.6030859048236907	0.6672779732245168	0.12077928920646207	6.0	0.0	4039.497127558853	11.0
0.48152161647392683	0.8601500602585774	0.10390536620779169	9.0	0.0	2093.818870388471	11.0
0.26215561023153633	0.19966897346090381	0.07366290671463152	12.0	0.0	369.8822397736615	11.0
0.9552156815354631	0.45419442541533495	0.10813361537409637	5.0	0.0	2503.4049356355704	11.0
0.5017902891344772	0.37392747738855764	0.1052469965131342	1.0	0.0	2218.51952217557	11.0
0.8571172553164372	0.26680744770007514	0.10260760878721253	10.0	0.0	1977.7286319080217	11.0
0.2977044857752386	0.4799595853569436	0.10951427810662716	11.0	0.0	2647.8810352032683	11.0
